

1
----------------------------------------------------------------------------------
[[6.29965774e-02 4.16460754e-02 1.66020116e-01 0.00000000e+00
  1.65294425e-01 2.65516965e-02 0.00000000e+00 2.70317332e-01
  2.94400600e-02 3.94044847e-02 1.13723048e-01 6.84876664e-02
  5.64742733e-02 0.00000000e+00 2.64708941e-01]
 [1.17013531e-02 5.46722912e-02 1.45049100e-01 3.91680717e-02
  0.00000000e+00 1.52038372e-01 0.00000000e+00 1.37187365e-01
  5.96870207e-02 0.00000000e+00 6.59628837e-02 6.66031701e-02
  4.19404447e-02 0.00000000e+00 1.31506460e-01]
 [8.82121096e-02 5.99318635e-02 1.71535340e-01 0.00000000e+00
  0.00000000e+00 0.00000000e+00 0.00000000e+00 3.28062386e-01
  7.47884902e-02 0.00000000e+00 2.16487412e-01 1.58919606e-01
  0.00000000e+00 0.00000000e+00 9.15255343e-02]
 [2.36345313e-02 5.77812458e-04 7.85866899e-02 4.07763629e-02
  1.05703368e-01 1.43622793e-01 2.58222455e-03 1.14998502e-01
  0.00000000e+00 6.56874411e-02 7.71901088e-02 5.28410314e-02
  0.00000000e+00 0.00000000e+00 3.06522581e-01]
 [0.00000000e+00 0.00000000e+00 3.39151146e-02 3.11595641e-02
  1.19110847e-02 3.62462434e-02 0.00000000e+00 1.43786240e-01
  4.15761516e-02 0.00000000e+00 5.96442050e-02 1.73014035e-02
  0.00000000e+00 0.00000000e+00 1.34712733e-01]
 [0.00000000e+00 5.97833651e-02 1.28290132e-01 0.00000000e+00
  3.87763462e-02 4.65940869e-02 0.00000000e+00 2.02141169e-01
  1.10124971e-01 0.00000000e+00 1.21902588e-01 1.06630532e-01
  0.00000000e+00 0.00000000e+00 8.89715236e-02]
 [0.00000000e+00 1.68231767e-02 2.97467422e-02 6.38989752e-02
  0.00000000e+00 5.73598762e-02 0.00000000e+00 1.11239238e-01
  4.60365128e-02 0.00000000e+00 5.82692362e-02 4.20794979e-04
  0.00000000e+00 0.00000000e+00 1.20065701e-01]
 [9.97348688e-03 8.13793112e-02 1.47960312e-02 0.00000000e+00
  1.06992164e-02 3.17723829e-02 1.03132650e-01 7.92080508e-03
  3.14792876e-02 1.36334004e-01 2.69124575e-01 1.41688089e-01
  2.70619394e-01 0.00000000e+00 4.61066967e-01]
 [8.25395182e-02 0.00000000e+00 1.23415807e-01 0.00000000e+00
  7.69810242e-02 5.83558430e-02 0.00000000e+00 0.00000000e+00
  0.00000000e+00 3.59448822e-02 1.33566662e-02 1.52948824e-02
  2.82436789e-02 0.00000000e+00 2.53117564e-01]
 [0.00000000e+00 5.93817271e-02 1.23404732e-01 7.51421905e-02
  0.00000000e+00 1.71510590e-01 9.09424291e-03 2.18480865e-01
  3.01979936e-01 2.46150206e-02 1.07196320e-01 0.00000000e+00
  1.02103609e-01 0.00000000e+00 5.27853718e-02]
 [2.82527560e-02 7.87889762e-02 9.62328972e-02 0.00000000e+00
  3.38442461e-02 6.93065110e-02 0.00000000e+00 5.67811811e-02
  7.27447222e-02 0.00000000e+00 1.83614539e-01 6.43349833e-02
  0.00000000e+00 0.00000000e+00 4.21985136e-02]
 [7.87441697e-02 0.00000000e+00 1.07175026e-01 0.00000000e+00
  9.17293761e-02 3.68914464e-02 0.00000000e+00 0.00000000e+00
  0.00000000e+00 2.83139683e-02 6.36304558e-02 1.84821306e-02
  0.00000000e+00 0.00000000e+00 3.09115552e-01]
 [2.97292008e-02 3.66148374e-02 8.60859646e-02 0.00000000e+00
  2.78587103e-02 6.56437732e-02 0.00000000e+00 5.91256640e-02
  4.97256529e-02 0.00000000e+00 1.65973645e-01 7.53960446e-02
  0.00000000e+00 0.00000000e+00 4.66039774e-02]
 [0.00000000e+00 3.98282799e-02 4.81310974e-03 9.76105150e-02
  0.00000000e+00 1.23601444e-01 1.61931599e-02 0.00000000e+00
  0.00000000e+00 0.00000000e+00 1.21795761e-01 0.00000000e+00
  0.00000000e+00 3.54108907e-02 1.52438881e-01]
 [0.00000000e+00 0.00000000e+00 2.71166427e-02 8.96246014e-02
  3.45865639e-03 8.63887458e-02 0.00000000e+00 0.00000000e+00
  0.00000000e+00 1.26066353e-03 1.90818165e-01 0.00000000e+00
  8.12726524e-02 2.63876088e-02 1.94951952e-01]
 [0.00000000e+00 5.34575906e-02 0.00000000e+00 1.56653705e-01
  0.00000000e+00 1.99403589e-01 0.00000000e+00 4.85422194e-02
  1.68494384e-02 0.00000000e+00 2.01312859e-01 0.00000000e+00
  3.51293140e-02 0.00000000e+00 1.88735822e-01]
 [0.00000000e+00 4.72738920e-02 0.00000000e+00 1.78194556e-01
  0.00000000e+00 1.74026413e-01 5.44533249e-02 1.44799387e-01
  3.24229723e-02 0.00000000e+00 2.92146899e-01 0.00000000e+00
  1.86397853e-01 0.00000000e+00 5.41139104e-01]
 [5.29546797e-01 1.22029146e-01 4.67466666e-01 2.09098456e-01
  2.87807895e-01 1.74887673e-01 3.37266768e-01 1.99269183e-01
  1.88699764e-01 2.44134151e-01 1.37695360e-01 4.24724001e-01
  2.79375799e-01 3.83304263e-01 1.46428114e-01]]

2
----------------------------------------------------------------------------------
[[1.07024956e-01 0.00000000e+00 0.00000000e+00 2.65103286e-01
  6.82491953e-02 2.80311198e-01 2.89545835e-01 4.30809444e-01
  3.12880001e-01 0.00000000e+00 0.00000000e+00 9.70145092e-01
  6.14500840e-01 6.84826278e-01 4.04207845e-01]
 [2.83320432e-02 2.10983972e-02 0.00000000e+00 2.02720074e-01
  3.74933534e-02 2.44600525e-01 5.42656345e-01 6.90908272e-01
  1.25841799e-01 0.00000000e+00 2.37690329e-01 1.48395347e+00
  6.25881191e-01 8.48864408e-01 3.15222849e-01]
 [0.00000000e+00 0.00000000e+00 0.00000000e+00 1.84118817e-01
  1.09230794e-01 1.06257843e-01 2.28089616e-01 2.86383685e-01
  2.52885363e-01 0.00000000e+00 0.00000000e+00 1.13357051e+00
  5.29584283e-01 9.73753951e-01 4.61558052e-01]
 [9.40195559e-02 0.00000000e+00 3.06047576e-02 1.18303515e-01
  1.11562621e-01 5.30371851e-01 1.47124714e+00 1.11457984e+00
  3.02205281e-01 0.00000000e+00 1.61525002e-01 8.36218115e-01
  3.74898373e-01 4.61286356e-01 2.69237938e-01]
 [3.55736962e-02 6.66264186e-02 0.00000000e+00 7.94691118e-02
  1.06805286e-01 4.42301194e-01 1.37344156e+00 1.22578944e+00
  2.47390359e-01 0.00000000e+00 3.27993973e-01 1.66823613e+00
  6.07667899e-01 4.05746178e-01 1.77978532e-01]
 [0.00000000e+00 5.92877612e-02 1.10225049e-01 5.05606933e-02
  1.48652818e-01 2.84923442e-01 4.21253582e-01 6.62524190e-01
  3.21385931e-01 4.01764353e-01 2.88667591e-01 9.33860333e-01
  5.38169386e-01 1.59981659e-01 0.00000000e+00]
 [0.00000000e+00 0.00000000e+00 0.00000000e+00 2.79460527e-02
  4.62766264e-02 1.94828021e-01 2.77352891e-01 7.78324708e-01
  4.64980096e-02 0.00000000e+00 4.65370117e-01 1.79617211e+00
  5.97278471e-01 4.74488546e-01 1.66031279e-01]
 [3.98322655e-03 3.61838375e-02 0.00000000e+00 1.38554985e-01
  3.36200275e-01 0.00000000e+00 9.93202282e-02 1.36158528e-01
  1.43189912e-01 0.00000000e+00 9.38738398e-02 0.00000000e+00
  3.19788250e-02 1.54475801e-01 1.34286812e-01]
 [1.32406544e-02 3.09345234e-02 0.00000000e+00 1.75067401e-01
  8.95134078e-02 0.00000000e+00 9.63380842e-02 0.00000000e+00
  0.00000000e+00 0.00000000e+00 2.07036402e-02 5.27557650e-02
  1.88756615e-01 0.00000000e+00 8.22380963e-02]
 [0.00000000e+00 1.22600708e-01 4.22575617e-02 1.12114409e-01
  1.79203282e-01 1.54974700e-01 4.34981347e-01 2.10658130e-01
  2.28694924e-01 3.79847122e-01 2.13086226e-02 1.17035274e-01
  2.37693922e-01 1.84744089e-01 1.92257530e-01]
 [0.00000000e+00 0.00000000e+00 1.13189813e-01 1.44433531e-02
  1.32375948e-01 0.00000000e+00 3.81794417e-01 0.00000000e+00
  7.13233310e-02 2.54845245e-01 0.00000000e+00 1.43691301e-01
  5.49260320e-02 1.48347772e-01 7.01828108e-02]
 [0.00000000e+00 1.57120775e-02 0.00000000e+00 1.91089484e-01
  9.87436772e-02 0.00000000e+00 1.83582444e-01 4.15000744e-02
  0.00000000e+00 0.00000000e+00 5.04071651e-02 7.54401878e-02
  1.97888544e-01 0.00000000e+00 6.66296039e-02]
 [0.00000000e+00 0.00000000e+00 1.14896564e-01 0.00000000e+00
  1.32244143e-01 0.00000000e+00 3.75982184e-01 0.00000000e+00
  6.42028570e-02 2.31592087e-01 0.00000000e+00 1.58496599e-01
  8.34750300e-02 1.45312838e-01 5.61884773e-02]
 [0.00000000e+00 9.09708303e-03 0.00000000e+00 6.47504554e-02
  6.92463663e-02 0.00000000e+00 7.36067098e-02 0.00000000e+00
  5.83499244e-02 0.00000000e+00 0.00000000e+00 0.00000000e+00
  0.00000000e+00 3.10899496e-02 1.51775293e-02]
 [1.80874926e-02 1.18381564e-02 1.90594168e-02 1.04815618e-01
  6.61141851e-02 0.00000000e+00 1.38374326e-01 0.00000000e+00
  7.47276339e-02 0.00000000e+00 0.00000000e+00 0.00000000e+00
  1.07889723e-01 4.97111250e-02 0.00000000e+00]
 [5.73248746e-03 1.29301453e-01 1.99785621e-02 1.17940194e-01
  9.73527746e-02 0.00000000e+00 2.25260441e-01 3.25995455e-02
  2.26616311e-01 0.00000000e+00 0.00000000e+00 0.00000000e+00
  1.10233254e-01 3.98308879e-02 6.82882646e-04]
 [1.15536523e-01 2.00579624e-01 0.00000000e+00 3.71164622e-01
  2.29631389e-01 0.00000000e+00 0.00000000e+00 1.95542871e-01
  2.47283730e-01 0.00000000e+00 0.00000000e+00 0.00000000e+00
  2.47847860e-01 7.27123837e-02 4.78856428e-02]
 [1.99698086e-01 1.82527581e-01 2.70491327e-01 1.79699797e-01
  8.69199341e-02 2.54301683e-01 4.12529004e-01 3.02696623e-01
  2.31746367e-01 7.39181486e-01 3.41933276e-01 4.79973256e-01
  5.35030789e-01 2.28528625e-01 2.95633313e-01]]

3
----------------------------------------------------------------------------------
[[0.         0.22543697 0.20003828 0.23974289 0.01164521 0.0721875
  0.         0.17530607 0.10514925 0.17616217 0.         0.24586311
  0.04756529 0.04477115 0.02627865]
 [0.09452731 0.23529577 0.50059893 0.46922714 0.02924903 0.01757526
  0.02854461 0.223148   0.         0.21161329 0.         0.26158484
  0.00564225 0.03380818 0.01761554]
 [0.0329047  0.25951135 0.13225513 0.34047254 0.         0.18783321
  0.05315131 0.27472749 0.         0.0921831  0.09957032 0.19270546
  0.10594989 0.11277663 0.15276003]
 [0.24858844 0.14081499 0.51741966 0.40409175 0.         0.10805367
  0.08371575 0.15584739 0.01142135 0.23135222 0.         0.29254282
  0.18642212 0.         0.        ]
 [0.19246047 0.12041882 0.56476918 0.57839152 0.         0.
  0.18226519 0.14222691 0.         0.25088523 0.         0.19459108
  0.23895685 0.         0.        ]
 [0.41114291 0.23208123 0.5594608  0.51292742 0.1269023  0.21523026
  0.28551202 0.27202574 0.         0.11365872 0.11191658 0.11355527
  0.05160437 0.04334757 0.14055113]
 [0.21415327 0.20658585 0.61088414 0.50526258 0.10697159 0.164763
  0.2520262  0.21459009 0.         0.24924605 0.05597082 0.15243965
  0.         0.         0.        ]
 [0.06181645 0.29256942 0.17541874 0.07441107 0.00900543 0.
  0.         0.09159804 0.10615459 0.08619812 0.         0.23699815
  0.         0.         0.        ]
 [0.04762656 0.04199304 0.16738898 0.17699506 0.         0.04828203
  0.         0.18827403 0.00667582 0.09174987 0.         0.12765257
  0.         0.         0.        ]
 [0.30662242 0.08617667 0.22914543 0.26251235 0.51210124 0.11857579
  0.33371181 0.26459907 0.         0.         0.06393964 0.16915901
  0.         0.         0.05122452]
 [0.19121377 0.04247468 0.18213292 0.27449974 0.         0.08009806
  0.03835057 0.21111353 0.         0.07759942 0.         0.11207202
  0.07719783 0.07024805 0.06674302]
 [0.08908951 0.02400951 0.19365445 0.17556468 0.         0.04809283
  0.         0.17712618 0.         0.07746555 0.         0.18032851
  0.         0.         0.        ]
 [0.19003852 0.03574395 0.16330025 0.28470069 0.         0.08366438
  0.04275814 0.21097762 0.         0.05933779 0.         0.11373404
  0.07929162 0.04843788 0.08843671]
 [0.02686581 0.         0.06458035 0.01130431 0.08628139 0.
  0.         0.         0.         0.         0.         0.01983254
  0.         0.         0.        ]
 [0.         0.         0.08835606 0.         0.06429216 0.03593989
  0.04178917 0.08113105 0.         0.01734325 0.         0.02988775
  0.         0.         0.        ]
 [0.18305428 0.         0.16087877 0.         0.04131783 0.
  0.12313622 0.         0.         0.         0.         0.
  0.         0.         0.02521451]
 [0.00532369 0.         0.22205118 0.         0.39839179 0.
  0.13770815 0.         0.         0.         0.         0.
  0.         0.         0.04988292]
 [0.36008421 0.33584191 0.17809877 0.54989704 0.2318755  0.2170089
  0.39524242 0.40115926 0.31446513 0.26531939 0.43531228 0.26841764
  0.27387785 0.36745227 0.25410503]]

4
----------------------------------------------------------------------------------
[[2.02272085e-01 3.08641948e-02 7.97389147e-03 0.00000000e+00
  1.23072487e-01 1.27102926e-01 2.53360357e-01 1.03448304e-02
  1.43193927e-01 1.88260063e-02 6.14863605e-02 2.74507250e-01
  0.00000000e+00 0.00000000e+00 0.00000000e+00]
 [3.00819964e-02 8.58345763e-03 5.33525410e-02 9.73031185e-03
  1.09897246e-01 7.77791704e-02 1.66241758e-01 1.68319014e-01
  9.79538820e-02 9.92826830e-02 9.00490600e-02 4.92612053e-02
  1.72396069e-02 2.51203455e-02 0.00000000e+00]
 [3.80744536e-02 5.86383968e-03 0.00000000e+00 2.22012896e-01
  5.83456133e-02 1.17745867e-01 9.61106054e-02 1.47652458e-01
  1.13115514e-01 1.77508151e-02 1.86857269e-01 1.05920589e-01
  1.24071506e-01 1.97959507e-02 0.00000000e+00]
 [1.48192360e-01 6.99953024e-03 4.52831779e-02 6.53550674e-02
  1.78248739e-01 1.21616516e-01 1.90168012e-01 0.00000000e+00
  1.10684911e-01 1.19227541e-01 8.53318359e-02 2.63953046e-01
  6.29031634e-02 0.00000000e+00 4.61235453e-03]
 [1.35313892e-01 0.00000000e+00 1.79244891e-02 7.97699278e-04
  8.89178484e-02 1.15497629e-01 1.65987790e-01 1.62448628e-01
  9.54540476e-02 9.61063947e-02 9.28123609e-02 1.35238009e-01
  1.02326076e-01 0.00000000e+00 0.00000000e+00]
 [4.75088332e-02 2.08395692e-02 1.18754570e-01 2.20329491e-01
  1.79453700e-02 1.11009996e-01 1.71448379e-01 2.46069147e-01
  9.31746104e-02 5.19456538e-02 1.20578980e-01 1.10976490e-01
  1.02283241e-01 1.32247529e-03 0.00000000e+00]
 [0.00000000e+00 0.00000000e+00 7.53586605e-02 1.86541344e-01
  7.32800178e-02 1.63488255e-01 1.54986899e-01 1.89191330e-01
  1.19737838e-01 7.60995857e-02 6.18251440e-02 8.92625483e-02
  5.63948469e-02 0.00000000e+00 0.00000000e+00]
 [1.47618490e-01 0.00000000e+00 9.36363132e-02 5.83166396e-02
  3.49794729e-02 9.61482040e-02 1.58107868e-01 5.40283856e-03
  1.86680647e-01 1.38863487e-01 0.00000000e+00 1.86775754e-01
  2.77689824e-02 3.02678890e-04 0.00000000e+00]
 [1.49225946e-01 0.00000000e+00 8.77179340e-02 0.00000000e+00
  0.00000000e+00 6.78766847e-02 1.56546308e-01 0.00000000e+00
  1.34351126e-01 4.37268892e-02 6.84239418e-02 1.70120000e-01
  2.09102289e-02 0.00000000e+00 0.00000000e+00]
 [1.12279329e-02 7.18813317e-02 2.55128708e-02 2.57525260e-01
  0.00000000e+00 6.34801982e-02 1.66832182e-01 2.70165797e-01
  8.78346980e-02 7.39833078e-02 7.04412568e-04 5.88052539e-02
  0.00000000e+00 6.79839729e-02 0.00000000e+00]
 [1.01022910e-02 5.79082929e-02 2.67111755e-02 1.21112830e-01
  1.29478126e-02 1.27639426e-01 1.28993509e-02 9.67202607e-02
  6.41960122e-02 1.79573892e-02 1.53144562e-01 1.27490727e-01
  0.00000000e+00 0.00000000e+00 0.00000000e+00]
 [9.45038075e-02 3.66675958e-03 5.09450008e-02 0.00000000e+00
  7.27634956e-03 6.52436060e-02 1.44913727e-01 0.00000000e+00
  1.27372488e-01 4.40833859e-02 6.83463724e-02 1.81441329e-01
  3.37954564e-02 0.00000000e+00 0.00000000e+00]
 [1.57358930e-02 6.95913718e-02 2.39892917e-02 1.07338932e-01
  1.31037135e-02 9.76272202e-02 2.87209093e-02 9.18364047e-02
  6.63900404e-02 3.90201291e-03 1.37314409e-01 7.14995614e-02
  0.00000000e+00 0.00000000e+00 0.00000000e+00]
 [0.00000000e+00 0.00000000e+00 4.34100315e-04 9.64740292e-02
  0.00000000e+00 8.15947252e-02 9.36460540e-02 2.11602257e-02
  0.00000000e+00 2.77067948e-02 0.00000000e+00 0.00000000e+00
  0.00000000e+00 5.67723725e-02 0.00000000e+00]
 [0.00000000e+00 0.00000000e+00 2.58087287e-02 1.27258130e-01
  2.30183537e-02 1.10415612e-01 1.71862725e-01 5.79407277e-02
  0.00000000e+00 2.89975261e-02 0.00000000e+00 2.53118881e-02
  1.08184712e-03 7.12173071e-02 0.00000000e+00]
 [0.00000000e+00 6.76875996e-03 6.23205112e-02 1.93703536e-01
  8.94556624e-02 1.42191975e-01 1.13867056e-01 1.93885557e-01
  0.00000000e+00 6.43590169e-02 0.00000000e+00 0.00000000e+00
  0.00000000e+00 3.58225888e-02 0.00000000e+00]
 [0.00000000e+00 0.00000000e+00 3.32697288e-02 3.94462210e-01
  2.10833917e-01 2.55870124e-01 2.41390827e-01 1.09824440e-01
  0.00000000e+00 1.46652175e-01 0.00000000e+00 0.00000000e+00
  0.00000000e+00 0.00000000e+00 1.14140562e-02]
 [2.52315477e-01 2.55954580e-01 1.89258749e-01 2.14160403e-01
  3.21351959e-01 8.03881838e-02 7.40663509e-02 2.23363374e-01
  1.51235702e-01 9.81715540e-02 3.26498769e-01 2.31086102e-01
  4.57500035e-01 2.10884162e-01 2.34613726e-01]]

5
----------------------------------------------------------------------------------
[[7.95364102e-03 2.20989448e-02 0.00000000e+00 4.54900162e-03
  0.00000000e+00 2.96513422e-02 0.00000000e+00 4.39901587e-02
  2.47970181e-02 7.18416975e-02 1.20072212e-01 0.00000000e+00
  0.00000000e+00 3.47462535e-02 1.60571008e-01]
 [6.77031306e-02 0.00000000e+00 1.84733787e-02 5.31054465e-03
  0.00000000e+00 2.88969815e-02 0.00000000e+00 6.26025997e-02
  2.35770902e-02 6.03790474e-02 0.00000000e+00 0.00000000e+00
  0.00000000e+00 0.00000000e+00 1.17746242e-01]
 [1.97450574e-01 0.00000000e+00 0.00000000e+00 0.00000000e+00
  1.09980507e-01 7.33005833e-02 0.00000000e+00 4.60803322e-02
  8.58440366e-02 3.39627337e-02 6.23152401e-02 0.00000000e+00
  0.00000000e+00 8.18361620e-02 1.51273869e-01]
 [0.00000000e+00 0.00000000e+00 4.22790667e-02 8.41079704e-02
  0.00000000e+00 0.00000000e+00 0.00000000e+00 1.96643933e-02
  0.00000000e+00 4.94052522e-04 9.85064531e-02 0.00000000e+00
  1.72537435e-02 0.00000000e+00 8.25338667e-02]
 [4.81974477e-02 0.00000000e+00 5.40356586e-02 9.72819482e-02
  0.00000000e+00 0.00000000e+00 0.00000000e+00 0.00000000e+00
  3.19964400e-02 5.47059175e-02 1.43591826e-01 0.00000000e+00
  1.74546184e-02 0.00000000e+00 1.44482674e-02]
 [4.11366055e-02 0.00000000e+00 0.00000000e+00 1.57219764e-02
  6.64362719e-02 5.36560297e-02 5.74692895e-03 0.00000000e+00
  8.09149213e-02 1.09712328e-02 3.31439851e-02 3.33480114e-02
  0.00000000e+00 0.00000000e+00 7.18377748e-02]
 [7.90480854e-02 0.00000000e+00 3.62967657e-02 2.48740487e-02
  0.00000000e+00 0.00000000e+00 0.00000000e+00 0.00000000e+00
  2.79303799e-02 4.37200097e-02 3.40126518e-02 0.00000000e+00
  0.00000000e+00 3.44261819e-02 1.20507027e-02]
 [0.00000000e+00 0.00000000e+00 6.92965785e-02 0.00000000e+00
  0.00000000e+00 0.00000000e+00 0.00000000e+00 4.60099424e-02
  0.00000000e+00 8.65478838e-02 1.17099548e-01 0.00000000e+00
  3.13719891e-01 0.00000000e+00 3.58014412e-01]
 [0.00000000e+00 0.00000000e+00 2.52720865e-02 0.00000000e+00
  0.00000000e+00 2.61608143e-02 0.00000000e+00 7.91790303e-02
  0.00000000e+00 7.31974804e-02 2.95847654e-02 0.00000000e+00
  0.00000000e+00 0.00000000e+00 1.09556067e-01]
 [0.00000000e+00 0.00000000e+00 3.74514908e-02 4.89231229e-02
  0.00000000e+00 1.44857967e-02 1.22380795e-01 0.00000000e+00
  2.59136542e-01 0.00000000e+00 0.00000000e+00 2.84168593e-02
  5.22674576e-03 0.00000000e+00 0.00000000e+00]
 [4.71285790e-02 0.00000000e+00 0.00000000e+00 0.00000000e+00
  6.60554790e-02 6.71000325e-02 0.00000000e+00 0.00000000e+00
  3.73441976e-02 0.00000000e+00 5.48436289e-02 0.00000000e+00
  0.00000000e+00 0.00000000e+00 4.68024394e-02]
 [0.00000000e+00 0.00000000e+00 6.46469531e-02 0.00000000e+00
  0.00000000e+00 4.75449082e-02 0.00000000e+00 6.69716230e-02
  0.00000000e+00 5.40372450e-02 2.60315303e-02 0.00000000e+00
  0.00000000e+00 0.00000000e+00 1.12744680e-01]
 [6.73879637e-02 0.00000000e+00 0.00000000e+00 0.00000000e+00
  8.72124924e-02 7.40718346e-02 0.00000000e+00 1.10808485e-03
  2.55633316e-02 1.94113372e-02 7.86985000e-02 0.00000000e+00
  0.00000000e+00 0.00000000e+00 2.40961836e-02]
 [0.00000000e+00 0.00000000e+00 0.00000000e+00 0.00000000e+00
  0.00000000e+00 0.00000000e+00 0.00000000e+00 0.00000000e+00
  0.00000000e+00 0.00000000e+00 4.82632403e-02 3.06153395e-02
  8.30533969e-02 0.00000000e+00 0.00000000e+00]
 [0.00000000e+00 5.32975812e-02 0.00000000e+00 5.20285616e-02
  0.00000000e+00 0.00000000e+00 0.00000000e+00 0.00000000e+00
  0.00000000e+00 4.00298742e-02 4.21581642e-02 1.22221344e-01
  1.55074715e-01 0.00000000e+00 0.00000000e+00]
 [0.00000000e+00 0.00000000e+00 0.00000000e+00 1.48424628e-02
  0.00000000e+00 0.00000000e+00 0.00000000e+00 0.00000000e+00
  0.00000000e+00 0.00000000e+00 3.72745731e-02 1.48502805e-01
  1.88094977e-01 0.00000000e+00 0.00000000e+00]
 [0.00000000e+00 0.00000000e+00 0.00000000e+00 0.00000000e+00
  0.00000000e+00 0.00000000e+00 0.00000000e+00 0.00000000e+00
  0.00000000e+00 1.56101755e-02 0.00000000e+00 1.29084095e-02
  6.54534460e-01 0.00000000e+00 1.13086085e-01]
 [4.24589268e-01 2.11278838e-01 2.83246414e-01 3.79684133e-01
  5.67190433e-01 3.94194321e-01 4.19149596e-01 4.94835782e-01
  5.11159797e-01 6.21015750e-01 2.81237041e-01 2.07966439e-01
  4.45223263e-01 4.53573379e-01 3.28521246e-01]]

6
----------------------------------------------------------------------------------
[[0.12003831 0.04180593 0.         0.         0.         0.
  0.06706567 0.04291363 0.         0.         0.22070151 0.
  0.06047695 0.06856132 0.        ]
 [0.0531261  0.18503607 0.         0.05272518 0.         0.
  0.0039153  0.03549413 0.         0.00759584 0.16385562 0.
  0.17307065 0.06043301 0.        ]
 [0.         0.22115181 0.         0.17501579 0.         0.
  0.         0.         0.         0.04094076 0.20178511 0.21621978
  0.25829587 0.07845604 0.        ]
 [0.16775089 0.00096338 0.00951794 0.         0.         0.04073316
  0.02003541 0.04354781 0.         0.         0.1482602  0.
  0.04292928 0.05864607 0.09849531]
 [0.11026911 0.07580266 0.         0.         0.         0.
  0.         0.01489282 0.         0.00613482 0.119338   0.
  0.17672121 0.00382617 0.02982868]
 [0.00092134 0.1746561  0.         0.03556227 0.         0.
  0.         0.06352291 0.         0.         0.18568054 0.12204205
  0.23601217 0.11948128 0.03141612]
 [0.09795222 0.1020828  0.         0.11714344 0.         0.
  0.05326817 0.0513753  0.         0.05189766 0.18552947 0.04214079
  0.17929606 0.05977328 0.        ]
 [0.19569464 0.03334221 0.06749933 0.         0.         0.05553783
  0.         0.12415289 0.         0.00670484 0.0837496  0.
  0.0729864  0.05910501 0.        ]
 [0.08349898 0.09632285 0.         0.         0.         0.
  0.         0.03325621 0.         0.         0.10967285 0.
  0.02756515 0.04878262 0.        ]
 [0.07553879 0.16038948 0.         0.         0.         0.
  0.         0.21020016 0.04709325 0.         0.         0.
  0.24778055 0.16831958 0.14592613]
 [0.         0.19088992 0.         0.04017755 0.         0.
  0.         0.         0.         0.         0.05160386 0.0470721
  0.19412163 0.1577101  0.00167114]
 [0.07025609 0.09583858 0.         0.         0.         0.
  0.         0.04745081 0.         0.         0.11762787 0.
  0.05034783 0.06850734 0.        ]
 [0.00385975 0.20101786 0.         0.04763114 0.         0.
  0.         0.         0.         0.         0.03995702 0.06168948
  0.20406824 0.13402227 0.        ]
 [0.04200801 0.         0.05712982 0.         0.         0.00831585
  0.04052129 0.00063469 0.05010208 0.         0.         0.
  0.07378145 0.05569702 0.        ]
 [0.07328355 0.         0.07006025 0.00508111 0.         0.
  0.         0.09122454 0.04314258 0.         0.         0.
  0.07136503 0.07307967 0.        ]
 [0.12124068 0.06800027 0.06371369 0.         0.         0.
  0.         0.21854973 0.         0.         0.         0.
  0.16250158 0.16826395 0.01162297]
 [0.36790236 0.11388458 0.18286812 0.         0.         0.11316865
  0.05232409 0.24058024 0.05356283 0.         0.         0.
  0.16496268 0.2734962  0.        ]
 [0.38375317 0.37823768 0.29217925 0.60615668 0.42703145 0.2681028
  0.29351187 0.22950472 0.26758381 0.3641289  0.49300971 0.37423205
  0.29589041 0.15350015 0.18852638]]

7
----------------------------------------------------------------------------------
[[0.07792622 0.05122102 0.10030694 0.         0.00135697 0.1585299
  0.26962195 0.         0.01588889 0.49729655 0.        ]
 [0.         0.00622141 0.10073828 0.         0.         0.09115641
  0.13415369 0.         0.16622919 0.42541985 0.        ]
 [0.         0.08735725 0.22774033 0.07575319 0.         0.
  0.02018572 0.         0.39180617 0.24006192 0.00735406]
 [0.05562572 0.         0.08564923 0.         0.         0.331098
  0.16345757 0.         0.         0.28189212 0.        ]
 [0.         0.01058387 0.06044964 0.         0.         0.18030762
  0.19312433 0.         0.01993605 0.21620758 0.        ]
 [0.         0.10567362 0.19932944 0.04996302 0.         0.
  0.         0.         0.25657445 0.19807339 0.09402925]
 [0.         0.02094494 0.05030076 0.         0.         0.03976092
  0.02033105 0.         0.11075904 0.25517343 0.        ]
 [0.10357265 0.         0.05161977 0.         0.         0.72131838
  0.25707734 0.33430491 0.00404177 0.66276699 0.        ]
 [0.06434757 0.         0.05066047 0.         0.03320419 0.20714367
  0.17120166 0.         0.         0.12007875 0.        ]
 [0.03865518 0.         0.14272795 0.02640135 0.         0.02618661
  0.         0.33762458 0.34479574 0.25143223 0.36528442]
 [0.         0.01583178 0.14478196 0.05269855 0.         0.
  0.         0.         0.16005059 0.12067359 0.10034386]
 [0.05556719 0.         0.05469984 0.         0.01036402 0.22562124
  0.20065133 0.         0.         0.17730469 0.        ]
 [0.         0.02382405 0.12534764 0.05121727 0.         0.
  0.         0.         0.16537498 0.11988368 0.06904363]
 [0.024938   0.         0.         0.01843445 0.         0.16639837
  0.         0.00290673 0.06467874 0.06656945 0.04604019]
 [0.         0.03196503 0.04944074 0.00768954 0.         0.34880577
  0.06113183 0.10971473 0.09015457 0.03534627 0.04806481]
 [0.         0.         0.01140003 0.07884199 0.         0.18875693
  0.         0.4454698  0.05655707 0.20753882 0.32552447]
 [0.         0.         0.02419026 0.01319838 0.         1.01184403
  0.04901772 0.76536558 0.25216619 0.42451961 0.27992535]
 [0.21265641 0.21706847 0.15891463 0.18577189 0.32174594 0.51265671
  0.34364335 0.37248057 0.26601337 0.15427935 0.20638092]]