

1
----------------------------------------------------------------------------------
[[0.15449303 0.07292718 0.19790983 0.17224063 0.14392562 0.15336472
  0.14033068 0.18640595 0.16305569 0.049755   0.         0.03322027
  0.23671995 0.26917115 0.22989105]
 [0.         0.02401921 0.14412469 0.11089223 0.         0.09731424
  0.         0.12924028 0.11215495 0.         0.         0.
  0.17067872 0.19512245 0.09207306]
 [0.06307245 0.05971103 0.06786496 0.06613539 0.05082021 0.13504699
  0.14456964 0.06994537 0.28394377 0.         0.         0.02867437
  0.33386369 0.19716648 0.15324922]
 [0.         0.         0.16003356 0.17808889 0.05717563 0.10562783
  0.         0.19905432 0.15324868 0.         0.0946651  0.03059818
  0.15849569 0.22791675 0.19019416]
 [0.0221167  0.         0.09205188 0.14685802 0.02485632 0.09694039
  0.         0.07287539 0.06809104 0.         0.         0.04570714
  0.14115153 0.19413956 0.0536211 ]
 [0.03106273 0.06188379 0.04823818 0.         0.00479802 0.02701263
  0.16617401 0.0432753  0.24276303 0.         0.         0.09367502
  0.20222676 0.22058055 0.07315915]
 [0.06782909 0.07259404 0.05751332 0.03182296 0.01542689 0.04401342
  0.         0.03793927 0.08770638 0.         0.         0.02448064
  0.10269926 0.16325356 0.03084651]
 [0.         0.         0.1252862  0.18732408 0.23034907 0.57501373
  0.01420444 0.31085716 0.04230336 0.         0.         0.05851058
  0.16164357 0.29237018 0.29922585]
 [0.         0.07459162 0.07219291 0.18032957 0.65633356 1.06972841
  0.05293959 0.27785339 0.08649568 0.         0.         0.02002107
  0.13521643 0.18161979 0.34527746]
 [0.05200593 0.06698624 0.08627806 0.01405582 0.09556165 0.0244782
  0.25204468 0.0571501  0.39819459 0.         0.09281927 0.20823102
  0.23647155 0.40047813 0.08034006]
 [0.05638625 0.17556183 0.05375289 0.10642752 1.00434688 0.39108054
  0.07445381 0.08642615 0.26253662 0.         0.10263428 0.03827563
  0.19388533 0.13572812 0.09926175]
 [0.0088971  0.01890161 0.11456829 0.36680401 0.41270715 0.66307612
  0.18931727 0.36887447 0.11481628 0.         0.00405384 0.07257283
  0.10984245 0.18500824 0.20291776]
 [0.06228931 0.05688031 0.19792294 0.24991475 0.52407902 0.21492917
  0.12392406 0.17228514 0.20363418 0.         0.05803686 0.01145316
  0.15520704 0.12670436 0.04349445]
 [0.0358372  0.01748175 0.03837859 0.05034428 0.02298621 0.
  0.0841711  0.07447016 0.07752226 0.04787767 0.07051117 0.02189374
  0.01797248 0.07114276 0.05258436]
 [0.22917314 0.0645499  0.14040672 0.04408776 0.         0.00181046
  0.17651916 0.14014745 0.17567562 0.14809821 0.10914404 0.03881994
  0.09326198 0.17315997 0.11290892]
 [0.10145447 0.00895318 0.01208644 0.         0.         0.
  0.03663475 0.02309522 0.23819698 0.07401413 0.08003139 0.08016821
  0.06916112 0.09321528 0.01636183]
 [0.09327118 0.         0.15949985 0.12396132 0.12819126 0.29255209
  0.21094265 0.19038449 0.31484095 0.33500164 0.13332372 0.16397231
  0.21298747 0.33380692 0.14876801]
 [0.16115457 0.24186295 0.138094   0.25484269 0.25999532 0.24352625
  0.15220256 0.33361047 0.07676512 0.32810139 0.34588851 0.13743897
  0.12154594 0.15267143 0.13001098]]

2
----------------------------------------------------------------------------------
[[0.         0.         0.06409003 0.00321876 0.08006286 0.23453808
  0.25362547 0.27481064 1.2179056  0.95230086 1.57641117 0.55921101
  0.48078816 0.39914157 0.86302936]
 [0.         0.         0.         0.         0.01048049 0.0489895
  0.         0.17900004 0.86937427 0.96686291 1.8713158  1.42200226
  1.05725255 0.96010015 1.44250278]
 [0.         0.         0.         0.08089804 0.06281973 0.2799445
  0.         0.26570618 0.87342292 1.02558163 1.62653194 1.29056573
  0.86533777 0.52738332 0.99134084]
 [0.         0.         0.07870367 0.         0.11650647 0.53271191
  0.75030125 0.53536538 1.98105401 1.37472171 2.04688225 1.39110292
  0.88509342 0.22256696 0.90276968]
 [0.         0.         0.         0.         0.03793861 0.6380261
  0.18569166 0.31870729 2.23109254 1.30216479 1.72947016 1.09429297
  1.04148617 0.56642576 1.04439943]
 [0.         0.         0.         0.11434197 0.11741428 0.60992544
  0.23864201 0.53240735 1.48008209 1.96279443 2.49608125 2.15438365
  1.34097383 0.89011982 1.37456121]
 [0.         0.         0.         0.05475374 0.05737343 0.31027634
  0.06381032 0.34667781 1.29441132 1.42033932 2.46535912 2.17668706
  1.41336276 1.10292685 1.36333628]
 [0.         0.         0.08148657 0.         0.21174894 0.94246262
  0.79158756 0.28045127 0.35533383 0.         0.34261513 0.
  0.         0.         0.18962906]
 [0.         0.         0.01180312 0.06249488 0.31840875 1.48646547
  2.69707724 0.50993568 0.33452544 0.         0.269679   0.
  0.         0.         0.25474524]
 [0.02237704 0.         0.         0.23458103 0.21875696 0.46972988
  0.         0.20059946 0.20355373 0.113935   0.36494617 0.1231426
  0.         0.         0.47552838]
 [0.         0.         0.         0.19610892 0.47215612 1.5664843
  0.30578062 0.50700237 0.35824179 0.39264914 1.07036059 0.95140081
  0.         0.         0.6992229 ]
 [0.         0.         0.20484353 0.26191443 0.37628659 1.18586182
  1.52510245 0.50293863 0.38667486 0.         0.09149256 0.01493323
  0.         0.         0.25054504]
 [0.         0.         0.18585123 0.52529012 0.54868516 1.43038119
  0.57630228 0.39045996 0.20673435 0.18421229 0.21675002 0.
  0.         0.         0.34909466]
 [0.         0.         0.         0.06201996 0.0355663  0.03719727
  0.03836244 0.08191592 0.08660587 0.         0.         0.
  0.         0.         0.04733625]
 [0.12457666 0.00946232 0.         0.1295581  0.15573175 0.09167425
  0.08206921 0.17324307 0.26142593 0.         0.06123048 0.
  0.         0.         0.17387508]
 [0.12061755 0.         0.0036208  0.12775597 0.12523604 0.14841423
  0.05254751 0.0402575  0.12951616 0.         0.         0.
  0.         0.         0.10933879]
 [0.         0.08851356 0.01037558 0.03650597 0.09383374 0.07431202
  0.10379375 0.27651554 0.24927412 0.         0.14743613 0.0597066
  0.         0.05107765 0.01702682]
 [0.50750762 0.50187628 0.26719674 0.19922182 0.10593288 0.06148596
  0.38737574 0.10970242 0.08117613 0.50236686 0.24007735 0.46868782
  0.61588139 0.56527634 0.12215601]]

3
----------------------------------------------------------------------------------
[[1.51088522e-01 1.37013082e-02 0.00000000e+00 1.79378603e-01
  0.00000000e+00 0.00000000e+00 1.83664055e-02 0.00000000e+00
  1.23036065e-02 1.39413257e-01 0.00000000e+00 2.11323193e-01
  7.35938872e-02 1.06465302e-02 6.70649808e-02]
 [2.97831820e-01 1.33223608e-01 0.00000000e+00 2.03518398e-01
  0.00000000e+00 0.00000000e+00 0.00000000e+00 0.00000000e+00
  0.00000000e+00 0.00000000e+00 0.00000000e+00 1.99106652e-01
  0.00000000e+00 0.00000000e+00 3.15928447e-02]
 [9.17855026e-02 4.91111375e-02 0.00000000e+00 1.53845614e-01
  0.00000000e+00 1.33397838e-01 0.00000000e+00 0.00000000e+00
  2.90318957e-02 2.20959036e-02 0.00000000e+00 8.15108184e-02
  0.00000000e+00 0.00000000e+00 3.01174085e-02]
 [1.12502861e-01 5.04615719e-02 0.00000000e+00 2.42304490e-01
  0.00000000e+00 4.23049867e-02 6.57559494e-02 0.00000000e+00
  0.00000000e+00 2.89090145e-02 2.18765247e-02 2.14950036e-01
  5.59928280e-02 8.56910386e-03 5.68909997e-02]
 [1.38832534e-01 1.18678617e-01 0.00000000e+00 2.83741974e-01
  0.00000000e+00 0.00000000e+00 4.83036063e-02 0.00000000e+00
  0.00000000e+00 0.00000000e+00 0.00000000e+00 2.32219624e-01
  7.68469963e-02 0.00000000e+00 4.36191566e-02]
 [1.64964003e-01 5.62789683e-02 0.00000000e+00 2.16739068e-01
  0.00000000e+00 8.56775844e-02 0.00000000e+00 0.00000000e+00
  4.57924595e-02 0.00000000e+00 4.94796896e-02 1.18661991e-01
  0.00000000e+00 0.00000000e+00 4.78334565e-02]
 [2.61010787e-01 1.14061718e-01 0.00000000e+00 2.16017437e-01
  0.00000000e+00 6.14210088e-03 0.00000000e+00 0.00000000e+00
  3.22993807e-03 0.00000000e+00 2.32332543e-02 1.00145483e-01
  0.00000000e+00 0.00000000e+00 1.53818470e-02]
 [4.10120538e-04 2.04349838e-01 0.00000000e+00 5.21267458e-02
  1.16614250e-01 0.00000000e+00 2.46464100e-01 0.00000000e+00
  1.32818635e-01 1.48954561e-01 5.90650970e-02 4.10073270e-01
  1.10382645e-01 0.00000000e+00 1.28811449e-01]
 [0.00000000e+00 1.86716826e-01 0.00000000e+00 0.00000000e+00
  1.16851747e-01 0.00000000e+00 1.74498528e-01 0.00000000e+00
  0.00000000e+00 1.57698389e-01 5.13816087e-02 3.07864158e-01
  3.57374375e-02 3.88921591e-02 1.21955618e-01]
 [7.27358360e-02 1.55879743e-01 0.00000000e+00 0.00000000e+00
  0.00000000e+00 2.10778347e-01 1.30999952e-02 0.00000000e+00
  8.80099036e-02 0.00000000e+00 1.58814935e-01 8.35253042e-02
  0.00000000e+00 2.14611574e-02 1.81009503e-01]
 [0.00000000e+00 8.64163822e-02 0.00000000e+00 0.00000000e+00
  1.26246860e-01 1.30884337e-01 7.78542918e-02 0.00000000e+00
  1.24935690e-01 2.87136391e-01 3.95986589e-03 1.54636858e-01
  2.51103441e-02 1.14245512e-02 2.69130621e-02]
 [0.00000000e+00 1.56054583e-01 0.00000000e+00 0.00000000e+00
  1.22133714e-01 0.00000000e+00 2.07694702e-01 2.70526417e-02
  1.26398047e-01 1.49865687e-01 0.00000000e+00 2.28754049e-01
  6.47880223e-02 2.71040057e-02 8.86528695e-02]
 [0.00000000e+00 1.03414226e-01 0.00000000e+00 0.00000000e+00
  5.23215551e-02 4.01432114e-02 0.00000000e+00 7.92826211e-03
  6.32606364e-02 0.00000000e+00 1.24763621e-02 1.08801371e-01
  0.00000000e+00 1.10524793e-02 3.19436920e-02]
 [0.00000000e+00 0.00000000e+00 0.00000000e+00 0.00000000e+00
  1.61184225e-01 4.64054878e-02 1.94264287e-02 4.21207192e-02
  6.44853369e-02 4.82343284e-02 8.69093146e-02 9.62529015e-02
  0.00000000e+00 5.62305177e-02 4.63458861e-02]
 [0.00000000e+00 5.56653226e-02 0.00000000e+00 0.00000000e+00
  5.66743503e-02 2.10029361e-01 4.78367017e-02 1.85964372e-02
  5.04118793e-02 4.69820842e-02 2.86218927e-01 3.23372411e-01
  8.63460244e-05 1.30660070e-01 1.50770183e-01]
 [0.00000000e+00 5.95539129e-02 0.00000000e+00 0.00000000e+00
  0.00000000e+00 1.14937179e-01 0.00000000e+00 4.74822065e-02
  1.31656401e-02 0.00000000e+00 1.55607212e-01 2.57109826e-01
  0.00000000e+00 4.25793682e-02 1.45424011e-01]
 [0.00000000e+00 0.00000000e+00 0.00000000e+00 0.00000000e+00
  1.58936366e-01 1.19651099e-01 1.54641525e-01 1.32400241e-02
  1.22788418e-01 2.29565893e-01 2.32107960e-01 2.78405761e-01
  3.81202077e-02 1.13207306e-01 1.10930646e-01]
 [4.06952280e-01 2.14355725e-01 7.92805962e-01 2.83428585e-01
  3.25645345e-01 2.31019981e-01 2.28482615e-01 3.55461538e-01
  2.08690717e-01 2.53150060e-01 2.57752394e-01 2.34130875e-01
  2.39788674e-01 1.38568913e-01 8.53515075e-02]]

4
----------------------------------------------------------------------------------
[[0.10342518 0.03321691 0.10941205 0.27777465 0.         0.11068674
  0.11865435 0.03449673 0.14541004 0.18252697 0.01048897 0.05245995
  0.00865002 0.00840934 0.06995815]
 [0.07786486 0.         0.         0.12390324 0.03452879 0.01459982
  0.         0.         0.00891945 0.08989736 0.0652945  0.
  0.02327078 0.06458705 0.15942786]
 [0.05998302 0.         0.         0.02108966 0.30569001 0.03902513
  0.         0.         0.         0.09030414 0.11168661 0.
  0.         0.07220826 0.0656646 ]
 [0.15464848 0.12699793 0.17955064 0.14709161 0.         0.12319714
  0.05581443 0.05766625 0.04231421 0.11554915 0.04915145 0.
  0.0121437  0.         0.10342307]
 [0.05867528 0.         0.18573842 0.15094533 0.0216343  0.06469857
  0.03186266 0.0370981  0.02616044 0.01387221 0.         0.
  0.         0.02665626 0.18620101]
 [0.02312531 0.         0.         0.         0.26205655 0.05824763
  0.         0.         0.         0.08994    0.18519908 0.1224912
  0.         0.04777333 0.04007119]
 [0.002706   0.         0.         0.03934546 0.11384466 0.00615241
  0.010884   0.0122527  0.         0.0374939  0.10032948 0.
  0.12018999 0.05308395 0.18489207]
 [0.09786933 0.21389656 0.82705022 0.14657388 0.02953616 0.11649187
  0.13411656 0.07864697 0.         0.13907614 0.         0.
  0.04381437 0.04191923 0.01695003]
 [0.06157503 0.48256119 0.92654567 0.14773381 0.13028377 0.16028214
  0.00244905 0.01532867 0.0372661  0.05375728 0.         0.
  0.         0.07005141 0.00368732]
 [0.08053713 0.         0.         0.27558492 0.36143277 0.14569685
  0.02037666 0.         0.11806854 0.11670176 0.09602783 0.00933019
  0.14650198 0.11597285 0.        ]
 [0.00697413 1.12156829 0.5159898  0.45694031 0.32593448 0.28716509
  0.         0.08827292 0.         0.10070191 0.21763562 0.02451652
  0.         0.05873285 0.03312876]
 [0.00767702 0.29328169 0.44016631 0.10487852 0.19802133 0.17578114
  0.         0.15516181 0.01594234 0.15919071 0.01710198 0.
  0.03759173 0.05838332 0.14803178]
 [0.         0.37153553 0.11286955 0.11498777 0.20716064 0.11439997
  0.         0.05376752 0.03086328 0.06420508 0.09683563 0.06848395
  0.00395577 0.0032331  0.        ]
 [0.01187355 0.00926862 0.05017159 0.         0.         0.08318302
  0.         0.09402671 0.00606594 0.         0.08222426 0.00638888
  0.         0.         0.04450982]
 [0.05968036 0.         0.         0.01615766 0.03992187 0.22151657
  0.00248049 0.10486563 0.1740468  0.04114058 0.12611655 0.33083939
  0.         0.27336085 0.02255779]
 [0.06549324 0.         0.         0.         0.17330813 0.04512065
  0.         0.03182032 0.07449296 0.         0.07127705 0.02720554
  0.         0.09102447 0.        ]
 [0.03507484 0.01255953 0.12290977 0.1947486  0.02358787 0.24728479
  0.1346536  0.26155211 0.20237502 0.13546905 0.25552698 0.
  0.09905636 0.11854723 0.01019049]
 [0.25486292 0.3699992  0.26780327 0.25334616 0.23147411 0.09684414
  0.22118486 0.30136726 0.13333573 0.31250555 0.13725464 0.22611819
  0.23348888 0.16748277 0.34224081]]

5
----------------------------------------------------------------------------------
[[0.00000000e+00 4.43750772e-02 1.93368827e-01 1.97775740e-02
  0.00000000e+00 8.40186364e-02 8.51620918e-02 6.44131057e-03
  0.00000000e+00 0.00000000e+00 1.28926909e-01 0.00000000e+00
  1.22837692e-01 7.89135860e-02 0.00000000e+00]
 [0.00000000e+00 0.00000000e+00 1.10238564e-02 0.00000000e+00
  0.00000000e+00 2.88631063e-03 3.44296136e-02 8.18048416e-02
  0.00000000e+00 0.00000000e+00 6.75079672e-02 0.00000000e+00
  6.89484471e-02 9.12641515e-02 4.88374024e-02]
 [4.65024369e-02 0.00000000e+00 1.31535639e-01 0.00000000e+00
  0.00000000e+00 0.00000000e+00 0.00000000e+00 1.05090345e-01
  0.00000000e+00 8.46181595e-03 0.00000000e+00 0.00000000e+00
  7.14376848e-02 1.03989268e-01 6.96746210e-02]
 [0.00000000e+00 1.43624026e-01 3.61886404e-01 7.04701664e-02
  0.00000000e+00 1.46358840e-01 6.29345421e-02 3.42937520e-02
  0.00000000e+00 0.00000000e+00 1.28775578e-01 0.00000000e+00
  4.19883482e-01 2.04834959e-01 1.19522006e-01]
 [0.00000000e+00 1.19069001e-01 1.48616600e-01 1.17882598e-03
  0.00000000e+00 1.54756060e-02 1.02820400e-01 6.01927479e-02
  0.00000000e+00 0.00000000e+00 5.42942318e-02 0.00000000e+00
  3.45522141e-01 7.72428805e-02 7.50372770e-02]
 [1.11696338e-02 0.00000000e+00 2.88695843e-01 0.00000000e+00
  0.00000000e+00 0.00000000e+00 2.45274097e-02 6.17068782e-02
  0.00000000e+00 0.00000000e+00 0.00000000e+00 0.00000000e+00
  1.69816463e-01 6.37837398e-02 6.37097574e-02]
 [0.00000000e+00 8.14048362e-02 1.23235807e-01 0.00000000e+00
  0.00000000e+00 4.17658810e-02 7.92569185e-03 6.34092693e-02
  0.00000000e+00 0.00000000e+00 3.42979009e-02 0.00000000e+00
  1.66471210e-01 1.18745134e-01 0.00000000e+00]
 [5.22088383e-02 5.73876598e-01 6.27401203e-01 5.33110457e-02
  0.00000000e+00 2.12524837e-01 0.00000000e+00 0.00000000e+00
  0.00000000e+00 0.00000000e+00 1.12234641e-01 0.00000000e+00
  3.42305718e-01 3.55462634e-01 0.00000000e+00]
 [1.73647661e-01 1.27596070e+00 9.08404116e-01 1.12215424e-01
  0.00000000e+00 1.57830468e-01 0.00000000e+00 0.00000000e+00
  0.00000000e+00 0.00000000e+00 8.02858045e-02 0.00000000e+00
  8.97972896e-01 5.54645232e-01 5.05774534e-02]
 [3.85229389e-02 6.72560465e-02 3.78547087e-01 0.00000000e+00
  0.00000000e+00 2.16945329e-02 9.45143667e-02 8.83837550e-02
  0.00000000e+00 0.00000000e+00 0.00000000e+00 0.00000000e+00
  2.05930451e-01 3.70689351e-02 8.95651437e-02]
 [4.58542998e-01 1.42061190e+00 1.18117175e+00 0.00000000e+00
  1.69138377e-02 1.25635807e-01 6.29845092e-02 1.32476357e-01
  0.00000000e+00 0.00000000e+00 0.00000000e+00 0.00000000e+00
  1.37868421e+00 3.90937276e-01 1.39208151e-01]
 [1.03980848e-02 6.32961936e-01 2.93234458e-01 8.91874946e-02
  9.56931309e-03 3.14723425e-01 6.16123474e-02 0.00000000e+00
  0.00000000e+00 0.00000000e+00 5.85682356e-02 0.00000000e+00
  3.24186776e-01 2.95020366e-01 0.00000000e+00]
 [2.68558751e-01 3.86832633e-01 3.52357003e-01 0.00000000e+00
  0.00000000e+00 9.15547355e-02 2.47885365e-02 0.00000000e+00
  8.07997756e-03 1.73594819e-02 0.00000000e+00 0.00000000e+00
  4.41071938e-01 2.06579270e-01 5.45807756e-02]
 [0.00000000e+00 1.60310419e-02 1.05945826e-01 1.43339706e-02
  0.00000000e+00 1.18353783e-01 0.00000000e+00 0.00000000e+00
  1.06010685e-01 0.00000000e+00 0.00000000e+00 0.00000000e+00
  0.00000000e+00 7.96957959e-03 0.00000000e+00]
 [8.47610010e-03 1.62129165e-01 1.51038540e-01 6.17457485e-02
  1.31681468e-01 2.88502430e-01 9.11870126e-02 4.22177638e-02
  1.32562931e-01 4.33741195e-02 3.10713406e-02 0.00000000e+00
  3.67300506e-02 5.57274434e-02 0.00000000e+00]
 [1.92495341e-02 5.55320817e-02 1.71777308e-01 5.01535826e-02
  5.96792286e-02 4.95548809e-02 6.10827652e-02 3.34213994e-03
  2.10067635e-01 0.00000000e+00 0.00000000e+00 0.00000000e+00
  0.00000000e+00 3.36431664e-02 3.50707305e-02]
 [4.06960202e-02 1.19528002e-01 2.45836980e-01 1.42957345e-01
  0.00000000e+00 3.10635367e-01 8.50503829e-02 2.84361758e-02
  7.33516458e-02 0.00000000e+00 0.00000000e+00 0.00000000e+00
  2.03761355e-01 4.76191160e-03 8.39129076e-02]
 [2.54464623e-01 3.08734236e-01 9.73471171e-02 3.11820636e-01
  2.12802573e-01 1.34201577e-01 1.19913712e-01 1.96253844e-01
  4.70778195e-01 2.29317148e-01 3.38513256e-01 3.53643984e-01
  1.34480886e-01 1.50175204e-01 2.92586117e-01]]

6
----------------------------------------------------------------------------------
[[2.03521120e-01 5.27914062e-02 8.32783876e-02 0.00000000e+00
  8.79563701e-02 2.84734214e-01 0.00000000e+00 1.58902795e-01
  3.35366933e-03 0.00000000e+00 0.00000000e+00 8.37517133e-02
  7.09448753e-02 5.57401040e-02 3.36770949e-02]
 [7.27012813e-02 2.15687295e-02 7.27509524e-03 0.00000000e+00
  5.83742088e-02 4.72654924e-02 0.00000000e+00 3.73300058e-02
  6.01915476e-02 0.00000000e+00 0.00000000e+00 8.52233637e-02
  6.84316037e-02 1.66692506e-02 0.00000000e+00]
 [6.49686194e-02 1.35875565e-01 0.00000000e+00 0.00000000e+00
  6.67264255e-02 0.00000000e+00 0.00000000e+00 4.50913693e-02
  1.44284464e-01 3.93405956e-02 5.23908535e-02 1.29345243e-01
  1.09759308e-01 8.35139133e-02 8.51048774e-02]
 [2.12858958e-01 1.22480225e-01 3.94956769e-02 0.00000000e+00
  9.47837825e-02 2.73632379e-01 0.00000000e+00 1.48946891e-01
  4.28034167e-02 0.00000000e+00 0.00000000e+00 1.51080234e-01
  1.46257023e-01 2.21450634e-02 4.24588034e-02]
 [9.35857663e-02 0.00000000e+00 3.76837311e-02 0.00000000e+00
  0.00000000e+00 1.96117796e-01 0.00000000e+00 7.50279308e-02
  5.94316770e-02 9.10683312e-03 0.00000000e+00 1.19675337e-01
  3.55270287e-02 5.28695996e-03 2.99188889e-02]
 [9.11550478e-02 8.35072743e-02 3.01273816e-02 0.00000000e+00
  8.38504613e-02 0.00000000e+00 0.00000000e+00 2.59505436e-02
  1.42078650e-01 7.49582230e-02 8.47657530e-03 2.63712701e-01
  5.91847782e-02 1.72077756e-01 1.58361476e-01]
 [2.32570724e-02 1.93204288e-02 2.23558163e-02 8.34270024e-04
  9.07909723e-02 3.24593316e-02 0.00000000e+00 0.00000000e+00
  7.25121334e-02 0.00000000e+00 0.00000000e+00 1.72141974e-01
  1.56480904e-02 3.53427326e-02 2.84844180e-02]
 [2.59425595e-01 1.13974813e-01 0.00000000e+00 0.00000000e+00
  6.82230370e-02 2.93733517e-01 7.93289696e-02 1.80116877e-01
  1.13320572e-01 0.00000000e+00 0.00000000e+00 2.30702121e-01
  1.47699375e-01 2.21821154e-02 6.58572319e-02]
 [1.45263597e-01 6.86495943e-02 0.00000000e+00 6.88083259e-03
  1.64297850e-02 1.35927754e-01 4.13201823e-02 7.72844922e-02
  6.28417755e-02 0.00000000e+00 9.63397817e-03 1.43561428e-01
  1.07909208e-01 7.34553469e-02 1.36821918e-01]
 [1.40356932e-01 2.25908373e-01 0.00000000e+00 6.99486007e-02
  1.24529881e-01 1.79123780e-01 0.00000000e+00 1.35041796e-01
  2.41528565e-01 0.00000000e+00 1.70541940e-01 3.50877153e-01
  1.21976716e-01 1.41216116e-01 9.89510287e-02]
 [1.81521640e-01 1.86354812e-01 0.00000000e+00 9.88116332e-02
  2.66398570e-01 2.67230199e-02 0.00000000e+00 9.81602425e-03
  1.38904545e-01 3.83239339e-02 1.11466775e-01 3.98727802e-01
  9.98110552e-02 2.26392773e-01 1.48941723e-01]
 [3.03669460e-01 5.42295106e-02 0.00000000e+00 0.00000000e+00
  4.66130575e-02 1.82534316e-01 2.86873831e-02 1.39966960e-01
  5.88120812e-02 0.00000000e+00 2.81304883e-02 8.34924955e-02
  1.28498045e-01 4.58757748e-02 6.81545572e-02]
 [8.03070730e-02 9.37842801e-02 0.00000000e+00 0.00000000e+00
  2.01852719e-02 0.00000000e+00 0.00000000e+00 7.47864917e-02
  1.17755355e-01 3.27705893e-02 5.07940511e-02 1.70841899e-01
  7.47686669e-02 1.18100662e-01 5.20629147e-02]
 [6.90705700e-02 4.71466394e-02 0.00000000e+00 1.12085828e-02
  0.00000000e+00 8.97115654e-02 0.00000000e+00 0.00000000e+00
  6.08238064e-02 0.00000000e+00 0.00000000e+00 1.02048280e-01
  6.06244082e-03 1.07423129e-01 5.81684306e-02]
 [1.99706488e-01 2.16008791e-01 7.49277584e-04 1.06997126e-01
  7.54654685e-02 2.25695763e-01 8.23575622e-02 1.08113392e-01
  1.82914304e-01 0.00000000e+00 5.42149755e-02 2.17577021e-01
  4.38240886e-02 2.48452365e-01 2.27763240e-01]
 [9.52840744e-02 1.29014224e-01 1.14204961e-02 2.19628697e-01
  4.17302713e-02 1.56417373e-01 1.38768511e-02 1.02726494e-01
  1.44115944e-01 0.00000000e+00 1.08563868e-02 2.94107273e-01
  1.18195359e-02 3.06034071e-01 1.35691398e-01]
 [3.86055434e-01 9.72433906e-02 0.00000000e+00 1.90823733e-01
  5.22310335e-02 3.05147957e-01 1.15721064e-01 1.12050980e-01
  1.67149981e-01 4.24368948e-04 3.79697914e-02 2.00571145e-01
  1.38163717e-01 1.16945045e-01 4.63670615e-02]
 [1.02375472e-01 1.39923234e-01 2.66078294e-01 2.50902093e-01
  1.89756513e-01 1.55523841e-01 2.54633562e-01 1.00994233e-01
  9.40466513e-02 5.75252996e-01 4.52257888e-01 2.21479527e-01
  1.49638632e-01 2.08147762e-01 9.22615808e-02]]

6
----------------------------------------------------------------------------------
[[0.         0.         0.06193264 0.04394393 0.         0.
  0.36220176]
 [0.07635845 0.07393701 0.05232862 0.09312273 0.         1.07702671
  2.95468834]
 [0.11574861 0.08690441 0.1065508  0.1118065  0.         0.3224676
  2.10417042]
 [0.         0.00363479 0.05924353 0.14855185 0.         0.29930916
  1.29458723]
 [0.0225169  0.07990012 0.04830276 0.18479159 0.         0.58557741
  2.11407991]
 [0.0664228  0.11724344 0.18303254 0.07926167 0.         1.07532202
  3.25387774]
 [0.05017314 0.11271665 0.06889318 0.06548841 0.         0.89691345
  3.52448614]
 [0.         0.         0.09577212 0.05020984 0.         0.
  0.        ]
 [0.         0.0075795  0.11252541 0.08349778 0.         0.
  0.73006384]
 [0.15155634 0.0882253  0.25900996 0.17998581 0.         0.22876869
  1.42483606]
 [0.12376758 0.08639181 0.06717493 0.18981466 0.         0.41478505
  1.60443578]
 [0.         0.00477486 0.08340515 0.01531219 0.         0.
  0.73280619]
 [0.08684718 0.09676954 0.07892701 0.11245134 0.         0.26579424
  0.87291017]
 [0.0329514  0.03781237 0.08899272 0.0935721  0.         0.
  0.27941146]
 [0.09126999 0.22346262 0.16475362 0.15483102 0.         0.
  0.0043373 ]
 [0.09280504 0.1231178  0.07602849 0.15070265 0.         0.
  0.        ]
 [0.         0.13133117 0.20416858 0.15815602 0.04037911 0.
  0.35026249]
 [0.3619123  0.1964998  0.09312655 0.14650684 0.45006666 0.7924944
  0.63884657]]