

1
----------------------------------------------------------------------------------
[[0.         0.09721266 0.         0.02731255 0.         0.
  0.01961973 0.         0.         0.14805372 0.02423075 0.1324115
  0.09166299 0.01081962 0.        ]
 [0.         0.         0.         0.         0.         0.
  0.         0.         0.         0.02795489 0.00536703 0.04958859
  0.         0.08519288 0.        ]
 [0.20431565 0.         0.         0.16256537 0.00996577 0.06009169
  0.         0.         0.         0.2542847  0.01985871 0.05616623
  0.10716571 0.13969858 0.        ]
 [0.         0.         0.         0.         0.         0.
  0.         0.         0.         0.12313493 0.01874723 0.06762901
  0.11838972 0.         0.        ]
 [0.         0.         0.         0.         0.         0.
  0.         0.         0.         0.00615072 0.08465522 0.1303841
  0.00974207 0.07234116 0.01273391]
 [0.         0.         0.         0.09191312 0.00638896 0.
  0.         0.         0.         0.25509797 0.         0.00316598
  0.02507355 0.0826655  0.        ]
 [0.         0.         0.         0.         0.         0.
  0.         0.         0.         0.06010259 0.         0.04407747
  0.         0.06454199 0.        ]
 [0.         0.07409317 0.         0.         0.         0.
  0.         0.         0.         0.13329223 0.18065893 0.06103341
  0.01355245 0.12838582 0.        ]
 [0.         0.01046311 0.         0.03534828 0.         0.
  0.         0.         0.         0.17786775 0.055783   0.13162218
  0.11556807 0.01172012 0.        ]
 [0.         0.         0.01824442 0.         0.         0.
  0.         0.02701271 0.         0.07264637 0.06874678 0.11589671
  0.00694375 0.18000287 0.        ]
 [0.08201017 0.         0.         0.09526782 0.         0.
  0.         0.11109802 0.         0.30966769 0.         0.05339872
  0.08611165 0.07339431 0.        ]
 [0.         0.04225028 0.         0.         0.         0.
  0.         0.         0.         0.07592137 0.05577984 0.04973516
  0.11131446 0.01539796 0.        ]
 [0.10437138 0.         0.         0.         0.00875042 0.
  0.         0.08838406 0.         0.21200726 0.         0.04145238
  0.01740532 0.04456228 0.        ]
 [0.11977009 0.         0.03662973 0.         0.07938895 0.
  0.0246049  0.05006927 0.01648947 0.03773907 0.13488723 0.
  0.00740444 0.04708414 0.        ]
 [0.00743635 0.04000179 0.04157194 0.         0.06806884 0.
  0.         0.         0.         0.         0.21862858 0.0131368
  0.         0.09386078 0.        ]
 [0.         0.         0.02603227 0.         0.         0.03145159
  0.         0.         0.         0.         0.37445968 0.
  0.         0.07320324 0.        ]
 [0.         0.         0.16875996 0.         0.         0.
  0.         0.0076584  0.         0.         0.69070422 0.
  0.         0.         0.        ]
 [0.71613624 0.85844739 0.4230499  0.74452624 0.33473045 0.61221407
  0.44310997 0.50578767 0.35987585 0.47144296 0.3068871  0.28244963
  0.40740592 0.82895937 0.81205986]]

2
----------------------------------------------------------------------------------
[[0.02127993 0.         0.         0.00990717 0.         0.
  0.03136298 0.16903216 0.         0.         0.1671009  0.04435752
  0.11128568 0.06682503 0.        ]
 [0.10003638 0.069165   0.08070884 0.02465634 0.         0.
  0.         0.08057334 0.         0.         0.29742736 0.06535855
  0.         0.         0.        ]
 [0.07270306 0.09774739 0.01575845 0.02943692 0.03845976 0.
  0.         0.19971176 0.08004984 0.         0.16525602 0.02788624
  0.12935814 0.         0.08217497]
 [0.         0.         0.         0.02697245 0.02701708 0.
  0.02833449 0.23351304 0.01035789 0.02192584 0.07607837 0.
  0.06560279 0.06830467 0.        ]
 [0.         0.         0.         0.         0.04278529 0.
  0.         0.1088606  0.         0.         0.12280245 0.00360488
  0.         0.02311259 0.        ]
 [0.         0.06724351 0.         0.         0.02833266 0.
  0.         0.17565654 0.14263482 0.         0.02794044 0.01273138
  0.0185884  0.         0.07729501]
 [0.         0.0632051  0.07210848 0.         0.         0.
  0.         0.0240064  0.02009508 0.         0.14033206 0.01708203
  0.         0.         0.        ]
 [0.         0.         0.         0.         0.         0.
  0.09661639 0.16811876 0.         0.08566289 0.3994787  0.24850618
  0.         0.13295679 0.        ]
 [0.         0.         0.         0.01751093 0.         0.
  0.         0.2037615  0.03239358 0.09184993 0.         0.
  0.         0.04924895 0.        ]
 [0.         0.2080524  0.00667761 0.16636384 0.         0.0842783
  0.         0.05971116 0.16612082 0.14358976 0.06504888 0.
  0.         0.01258431 0.13061381]
 [0.         0.0259152  0.         0.01064432 0.         0.
  0.         0.10109808 0.14867398 0.06800243 0.         0.
  0.05989038 0.         0.18962041]
 [0.         0.         0.         0.         0.         0.
  0.         0.17219931 0.01669782 0.11352095 0.04963419 0.
  0.         0.03971206 0.        ]
 [0.         0.06630676 0.         0.         0.         0.
  0.         0.10136741 0.13306464 0.02237436 0.         0.
  0.         0.         0.11573128]
 [0.07158064 0.04268335 0.         0.         0.         0.
  0.         0.         0.06539789 0.07621714 0.         0.1036023
  0.01484039 0.01659458 0.        ]
 [0.         0.05078825 0.         0.02871045 0.         0.10275148
  0.         0.         0.05832919 0.09280233 0.         0.03395453
  0.         0.0049026  0.        ]
 [0.0134679  0.23896069 0.         0.10144261 0.         0.07602031
  0.         0.         0.05386575 0.         0.         0.09648925
  0.         0.01957537 0.        ]
 [0.         0.         0.         0.09528936 0.         0.
  0.17196021 0.         0.         0.03562796 0.22778253 0.13167231
  0.         0.11816469 0.        ]
 [0.91355416 0.4959856  0.62793237 0.29794576 0.40899467 0.47195352
  0.24527579 0.24234311 0.25926898 0.33557382 0.36002873 0.16359736
  0.39461097 0.20593067 0.48390852]]

3
----------------------------------------------------------------------------------
[[1.08454751e-01 0.00000000e+00 1.46602909e-01 1.31705383e-01
  4.76166491e-01 7.74799860e-01 8.33216383e-01 2.46887662e-01
  1.14414243e+00 4.13819108e-01 2.82829582e-01 0.00000000e+00
  7.82645674e-02 1.84803666e-01 2.12475919e-01]
 [0.00000000e+00 3.10212725e-02 0.00000000e+00 0.00000000e+00
  3.89613292e-01 7.20588957e-01 7.37513043e-01 2.50477610e-01
  1.05736221e+00 5.67190759e-01 2.63189390e-01 0.00000000e+00
  1.39375629e-01 1.80690929e-01 4.05757975e-01]
 [0.00000000e+00 1.02529178e-01 0.00000000e+00 4.82178227e-02
  3.54956955e-01 1.95358174e-01 4.08404634e-01 3.26588485e-01
  1.12138096e+00 5.85371111e-01 2.85916874e-01 0.00000000e+00
  1.28656075e-01 1.04094764e-01 3.56300030e-01]
 [4.53188144e-02 0.00000000e+00 2.94824420e-01 3.88125315e-01
  4.77912442e-01 8.00495247e-01 5.36249533e-01 1.33690971e-01
  9.00135156e-01 3.03025798e-01 8.73128637e-02 0.00000000e+00
  0.00000000e+00 2.19528284e-01 3.13414165e-01]
 [0.00000000e+00 0.00000000e+00 3.12443042e-01 3.67891408e-01
  4.99961333e-01 9.50080148e-01 8.61538439e-01 3.88378166e-01
  1.23985993e+00 5.24352785e-01 1.88570717e-01 0.00000000e+00
  0.00000000e+00 2.03096783e-01 5.24633687e-01]
 [0.00000000e+00 2.05400480e-01 0.00000000e+00 2.80932618e-01
  6.84758749e-01 1.02705177e+00 3.16529811e-01 1.14379375e-01
  2.47143607e-01 1.99045979e-02 1.64163644e-01 7.71387130e-02
  2.06495082e-01 2.06766358e-01 4.61382691e-01]
 [0.00000000e+00 7.68616783e-02 0.00000000e+00 2.81768367e-02
  3.98532193e-01 6.27786357e-01 7.07848862e-01 3.01348375e-01
  1.01905525e+00 4.37145717e-01 1.47144017e-01 0.00000000e+00
  1.21779257e-01 3.18403752e-01 7.47013814e-01]
 [2.35366646e-02 2.41161404e-01 0.00000000e+00 4.07506348e-02
  3.58367378e-01 9.87717734e-02 0.00000000e+00 3.03688817e-01
  0.00000000e+00 0.00000000e+00 8.10179179e-02 1.38592390e-01
  2.43801407e-01 1.05230909e-01 0.00000000e+00]
 [1.45763783e-01 0.00000000e+00 8.14475455e-03 0.00000000e+00
  1.50454758e-01 0.00000000e+00 0.00000000e+00 9.74562232e-03
  0.00000000e+00 0.00000000e+00 2.25862712e-02 3.94764994e-02
  7.74805233e-02 1.29475212e-01 0.00000000e+00]
 [0.00000000e+00 1.07828937e-01 0.00000000e+00 5.18507153e-02
  3.62059141e-02 3.33444053e-01 0.00000000e+00 1.03993688e-01
  0.00000000e+00 0.00000000e+00 1.62450171e-01 4.52483637e-01
  2.82055294e-01 6.38712786e-02 0.00000000e+00]
 [6.41780054e-02 1.53823467e-02 0.00000000e+00 6.50900694e-02
  1.66613755e-01 2.80900886e-01 0.00000000e+00 0.00000000e+00
  0.00000000e+00 0.00000000e+00 2.15372521e-04 6.94971997e-02
  2.33236255e-01 4.72973141e-02 0.00000000e+00]
 [1.33197422e-01 0.00000000e+00 0.00000000e+00 0.00000000e+00
  1.41656480e-01 0.00000000e+00 0.00000000e+00 2.82874575e-02
  0.00000000e+00 0.00000000e+00 4.05517508e-02 5.17042645e-02
  7.94669156e-02 1.04371488e-01 0.00000000e+00]
 [0.00000000e+00 0.00000000e+00 0.00000000e+00 0.00000000e+00
  9.22394694e-02 9.34383512e-02 0.00000000e+00 3.87041611e-02
  0.00000000e+00 0.00000000e+00 0.00000000e+00 1.20045681e-01
  1.96100348e-01 9.54499826e-02 0.00000000e+00]
 [8.99236963e-02 0.00000000e+00 0.00000000e+00 7.05424144e-03
  4.77378842e-02 0.00000000e+00 0.00000000e+00 0.00000000e+00
  5.12237889e-03 0.00000000e+00 1.18710799e-01 6.44370194e-02
  1.02391320e-01 1.57664423e-02 0.00000000e+00]
 [1.14844775e-01 2.07115202e-02 0.00000000e+00 0.00000000e+00
  3.47325139e-02 0.00000000e+00 1.06019562e-02 0.00000000e+00
  0.00000000e+00 0.00000000e+00 1.44949339e-01 1.27491776e-02
  1.41336917e-01 0.00000000e+00 0.00000000e+00]
 [3.14257167e-02 2.99864558e-02 3.60012064e-02 0.00000000e+00
  1.70096399e-03 0.00000000e+00 0.00000000e+00 2.66576653e-02
  0.00000000e+00 0.00000000e+00 3.87040516e-01 5.40310489e-01
  4.19127637e-01 1.32720774e-01 0.00000000e+00]
 [0.00000000e+00 2.89282306e-01 2.94927437e-01 0.00000000e+00
  0.00000000e+00 0.00000000e+00 3.15984633e-01 0.00000000e+00
  0.00000000e+00 0.00000000e+00 2.54600747e-01 2.53119834e-01
  2.84111019e-01 8.22766396e-02 0.00000000e+00]
 [5.45239434e-01 3.37425776e-01 4.51938411e-01 3.22736690e-01
  2.06960459e-01 2.68386867e-01 5.61553102e-01 3.77792542e-01
  7.89157141e-01 3.32550657e-01 2.24970560e-01 3.73896395e-01
  2.85518633e-01 1.57152428e-01 3.41189304e-01]]

4
----------------------------------------------------------------------------------
[[0.00000000e+00 8.79243733e-02 1.58503147e-01 1.13811151e-02
  0.00000000e+00 5.67812987e-02 7.30177299e-02 7.17003371e-02
  2.39453828e-01 0.00000000e+00 8.59189985e-02 1.86930946e-01
  2.42057445e-01 1.28754167e-01 5.09605708e-02]
 [4.46739269e-01 2.80747351e-01 9.73191420e-02 7.97416932e-02
  1.94472788e-03 0.00000000e+00 1.15863461e-01 7.17501011e-02
  2.14063550e-02 0.00000000e+00 2.36953553e-01 5.09081658e-01
  6.31426519e-01 1.88750279e-01 0.00000000e+00]
 [1.98867285e-01 3.43681125e-01 7.85260361e-02 0.00000000e+00
  9.96319330e-03 3.44932210e-02 0.00000000e+00 0.00000000e+00
  2.64262471e-01 4.83638162e-01 2.42995266e-01 8.44249113e-02
  3.05184332e-01 3.26367170e-01 9.00837621e-02]
 [6.10886901e-01 6.51123466e-01 6.18200541e-01 3.15221102e-01
  7.17604375e-02 1.47474701e-01 0.00000000e+00 3.73741592e-02
  8.23992435e-02 6.52547904e-02 3.10026856e-01 4.80161087e-01
  4.12725193e-01 9.72280688e-02 2.55610576e-02]
 [6.97701320e-01 5.10727577e-01 3.61391736e-01 1.39823681e-01
  1.10218469e-01 0.00000000e+00 0.00000000e+00 0.00000000e+00
  1.32759564e-01 0.00000000e+00 4.57176910e-01 3.06581521e-01
  3.03745674e-01 1.12857902e-01 0.00000000e+00]
 [9.14565985e-01 7.16628808e-01 6.05712153e-01 1.18765260e-01
  2.70332940e-01 9.11603049e-02 1.79936228e-03 2.50886433e-01
  4.52844536e-01 1.01035244e+00 1.30844377e+00 4.67260775e-01
  1.22695936e-02 2.34655882e-01 7.67157933e-02]
 [1.01672050e+00 5.35394328e-01 2.35576510e-01 1.82243947e-01
  2.05547184e-01 9.41752521e-03 0.00000000e+00 7.13800950e-02
  2.86053057e-01 4.39195668e-01 6.92061279e-01 5.28565923e-01
  1.57506951e-01 1.42292417e-01 3.08977939e-02]
 [0.00000000e+00 5.05756559e-01 0.00000000e+00 0.00000000e+00
  0.00000000e+00 1.85171429e-02 0.00000000e+00 1.91873335e-01
  1.56191171e-01 0.00000000e+00 3.32575483e-01 5.11549243e-01
  1.26841137e-02 0.00000000e+00 1.54456433e-01]
 [0.00000000e+00 2.95177002e-01 0.00000000e+00 0.00000000e+00
  0.00000000e+00 0.00000000e+00 0.00000000e+00 1.43837119e-02
  2.45228636e-01 0.00000000e+00 4.69647706e-01 3.82651098e-02
  0.00000000e+00 0.00000000e+00 9.37413135e-02]
 [0.00000000e+00 1.91315896e-01 9.24178357e-02 0.00000000e+00
  2.78994986e-02 1.49235200e-01 1.82067949e-01 3.13498300e-02
  1.85237063e-01 3.56792350e-02 4.30857896e-01 5.60909196e-01
  1.34377931e-01 1.58509926e-01 0.00000000e+00]
 [0.00000000e+00 2.54843090e-01 0.00000000e+00 0.00000000e+00
  0.00000000e+00 0.00000000e+00 0.00000000e+00 6.80987444e-03
  2.06736343e-01 1.84624843e-01 8.72127064e-01 0.00000000e+00
  0.00000000e+00 7.82448263e-02 4.31289890e-02]
 [0.00000000e+00 2.71506635e-01 0.00000000e+00 0.00000000e+00
  0.00000000e+00 0.00000000e+00 3.36332524e-02 3.18881890e-02
  2.07319183e-01 0.00000000e+00 6.28941792e-01 1.06953486e-01
  0.00000000e+00 0.00000000e+00 1.03693613e-01]
 [0.00000000e+00 2.72723789e-01 0.00000000e+00 0.00000000e+00
  0.00000000e+00 0.00000000e+00 5.54927975e-03 1.00403975e-02
  1.58743065e-01 2.43455953e-02 6.90166443e-01 1.12551279e-01
  0.00000000e+00 8.39698750e-02 0.00000000e+00]
 [0.00000000e+00 1.40971238e-01 0.00000000e+00 2.72373285e-02
  0.00000000e+00 0.00000000e+00 0.00000000e+00 6.56645198e-02
  2.04290229e-02 9.37324454e-02 2.58357635e-01 5.50093533e-02
  0.00000000e+00 0.00000000e+00 0.00000000e+00]
 [0.00000000e+00 3.48335296e-02 0.00000000e+00 9.06957073e-02
  0.00000000e+00 2.09090878e-02 1.00332441e-01 8.65819462e-02
  4.88012987e-02 1.14883394e-03 4.25630858e-01 2.63931339e-01
  0.00000000e+00 5.53896760e-02 0.00000000e+00]
 [0.00000000e+00 4.45394064e-01 0.00000000e+00 2.29570073e-02
  0.00000000e+00 9.22709818e-02 3.16014025e-01 1.17353077e-01
  1.68305308e-02 0.00000000e+00 5.28999113e-01 6.89417092e-01
  7.43448803e-02 1.57550562e-01 1.82142903e-02]
 [0.00000000e+00 4.09461986e-01 0.00000000e+00 1.04590892e-01
  0.00000000e+00 0.00000000e+00 4.88430388e-01 2.93427330e-01
  1.17350094e-01 0.00000000e+00 6.42623213e-01 9.30398117e-01
  3.70170140e-01 9.68369249e-03 5.24461610e-02]
 [7.78598831e-01 2.24555112e-01 3.80922351e-01 3.39006408e-01
  2.84072507e-01 1.69236457e-01 2.41651374e-01 1.22952306e-01
  2.54637871e-01 3.31217305e-01 4.15131852e-01 2.89267534e-01
  4.77280712e-01 2.37264320e-01 2.09812307e-01]]

5
----------------------------------------------------------------------------------
[[0.12155955 0.15450983 0.         0.12981063 0.25295351 0.30726822
  0.         0.02166622 0.06441818 0.14726948 0.06419991 0.03151395
  0.01437868 0.01255721 0.09816182]
 [0.         0.17854753 0.         0.         0.01986506 0.08757046
  0.0429586  0.         0.02029633 0.19018357 0.04728938 0.
  0.         0.         0.09181116]
 [0.17559911 0.         0.         0.         0.26727975 0.28747164
  0.05602071 0.18719877 0.         0.         0.         0.
  0.114501   0.23129216 0.00431396]
 [0.09353737 0.15463708 0.         0.15759124 0.32574056 0.35869511
  0.16643366 0.06361022 0.00823263 0.09348645 0.12266795 0.05830752
  0.         0.08330996 0.07292255]
 [0.04524299 0.0337666  0.         0.10807543 0.11671452 0.15099231
  0.         0.04855469 0.         0.         0.07656657 0.
  0.         0.14279099 0.1044645 ]
 [0.22496887 0.04630246 0.         0.         0.36050399 0.56067125
  0.2368441  0.         0.04900344 0.10451957 0.         0.07430619
  0.08456538 0.04617254 0.00747435]
 [0.04170527 0.         0.         0.         0.16020886 0.28696514
  0.0693018  0.02466546 0.         0.         0.003694   0.
  0.00302192 0.0523503  0.10411049]
 [0.15978522 0.26142972 0.05369079 0.         0.228388   0.42496175
  0.12105346 0.01408908 0.13072894 0.10417049 0.         0.20272135
  0.00658883 0.         0.0196346 ]
 [0.13875393 0.15599406 0.         0.         0.22074509 0.38916562
  0.         0.         0.         0.00204965 0.05703882 0.05419401
  0.03607601 0.04611388 0.04257375]
 [0.05170866 0.11254599 0.32468755 0.         0.11518252 0.17404781
  0.2004213  0.0107243  0.14505185 0.03727725 0.10231884 0.01040199
  0.08775062 0.         0.03521437]
 [0.22199168 0.         0.         0.         0.17004136 0.31581335
  0.         0.17620705 0.         0.         0.         0.
  0.13084057 0.13999808 0.00804508]
 [0.10235781 0.20863228 0.         0.         0.1585564  0.345138
  0.         0.         0.00412696 0.08292319 0.08271396 0.0990576
  0.03808454 0.         0.0276542 ]
 [0.21039561 0.         0.         0.         0.06845991 0.20777548
  0.02408122 0.11318951 0.         0.         0.         0.
  0.09590715 0.09294329 0.        ]
 [0.05299088 0.         0.06609404 0.00729581 0.         0.
  0.00898689 0.         0.07862036 0.0594705  0.06542168 0.
  0.04339166 0.0322188  0.01242284]
 [0.12688471 0.01906504 0.15070702 0.02248882 0.02062951 0.
  0.06404579 0.         0.22249121 0.19970189 0.17113795 0.05261923
  0.02432526 0.02510717 0.06380595]
 [0.         0.19092538 0.37946811 0.         0.04804822 0.
  0.21170474 0.         0.27670575 0.28819971 0.28623805 0.15185572
  0.00323406 0.         0.04002534]
 [0.         0.53037163 0.1514196  0.         0.04860153 0.
  0.31089714 0.         0.42438797 0.47164886 0.14544312 0.09484585
  0.         0.         0.        ]
 [0.48977445 0.25815148 0.20748832 0.38641343 0.15162965 0.36502426
  0.21574267 0.21766079 0.27040017 0.22760911 0.22182381 0.15486704
  0.32102737 0.68017915 0.25775522]]

6
----------------------------------------------------------------------------------
[[1.41350985e-01 6.08448015e-02 2.34675172e-01 3.97098241e-01
  1.13543249e-02 8.12771437e-02 8.17262410e-01 5.91808876e-01
  2.07209951e-01 4.15751934e-02 0.00000000e+00 1.00787262e-01
  1.88870454e-01 1.44494989e-01 1.01465396e-01]
 [1.14047081e-01 1.55803190e-01 7.11463889e-01 1.07682629e+00
  5.93723619e-01 2.60778959e-01 6.34686452e-01 2.99469293e-01
  3.56099310e-01 0.00000000e+00 0.00000000e+00 0.00000000e+00
  7.21928824e-02 3.99405305e-02 0.00000000e+00]
 [7.13430998e-02 1.96310057e-01 3.62128260e-01 5.36531838e-01
  5.10906271e-01 5.35660467e-01 6.17255448e-01 2.79703507e-01
  7.97406290e-02 0.00000000e+00 2.57139689e-02 2.39403918e-01
  2.47697557e-01 1.02559396e-01 0.00000000e+00]
 [2.00792660e-02 5.54965200e-02 2.37926949e-01 6.15650968e-01
  3.81572040e-01 5.68401039e-01 6.91053921e-01 7.20681962e-01
  3.19502587e-01 1.39897704e-02 4.87338459e-02 7.34357773e-02
  0.00000000e+00 0.00000000e+00 4.25157703e-02]
 [7.76449028e-02 1.05885842e-01 7.17681256e-01 1.36843606e+00
  7.51122197e-01 7.11836122e-01 9.26945168e-01 1.08510745e+00
  5.10518118e-01 0.00000000e+00 0.00000000e+00 1.11686599e-01
  2.36281484e-02 5.32479600e-04 5.14809359e-02]
 [7.55857434e-02 2.60170434e-01 4.36221353e-01 6.69213922e-01
  3.35175726e-01 3.79880738e-01 4.92792474e-01 9.46333171e-02
  6.71777898e-02 1.65760943e-01 0.00000000e+00 0.00000000e+00
  0.00000000e+00 0.00000000e+00 0.00000000e+00]
 [1.62797639e-02 7.61011621e-02 6.98374668e-01 1.14838095e+00
  7.09168695e-01 5.29255404e-01 6.55358994e-01 6.22301602e-01
  4.32033648e-01 0.00000000e+00 0.00000000e+00 1.05473660e-01
  0.00000000e+00 3.82322280e-03 0.00000000e+00]
 [1.46913137e-02 0.00000000e+00 1.77349407e-01 1.45072863e-01
  0.00000000e+00 1.13988529e-01 3.92596126e-01 0.00000000e+00
  0.00000000e+00 2.77973364e-01 3.06115253e-01 0.00000000e+00
  0.00000000e+00 0.00000000e+00 0.00000000e+00]
 [0.00000000e+00 2.25432064e-02 5.20235436e-02 1.31336566e-01
  0.00000000e+00 0.00000000e+00 0.00000000e+00 0.00000000e+00
  0.00000000e+00 2.30267663e-01 1.42566368e-01 0.00000000e+00
  0.00000000e+00 0.00000000e+00 0.00000000e+00]
 [2.39554924e-01 3.87293790e-02 4.01588523e-02 1.40940562e-01
  3.17985507e-02 1.23533476e-01 7.24094042e-01 0.00000000e+00
  0.00000000e+00 1.27651052e-01 5.25880316e-02 0.00000000e+00
  5.67541710e-02 0.00000000e+00 0.00000000e+00]
 [2.05952320e-02 6.14188240e-02 0.00000000e+00 4.76618509e-03
  7.46885165e-02 0.00000000e+00 0.00000000e+00 0.00000000e+00
  0.00000000e+00 1.53516280e-01 0.00000000e+00 0.00000000e+00
  0.00000000e+00 0.00000000e+00 0.00000000e+00]
 [0.00000000e+00 2.26022236e-02 3.25771072e-02 6.97221942e-02
  0.00000000e+00 2.28367723e-02 0.00000000e+00 0.00000000e+00
  0.00000000e+00 1.91739563e-01 1.10263696e-01 0.00000000e+00
  0.00000000e+00 0.00000000e+00 0.00000000e+00]
 [7.65835689e-02 2.43386061e-02 1.85529396e-02 3.55722840e-02
  1.30418557e-01 8.31809904e-02 6.49580961e-02 0.00000000e+00
  0.00000000e+00 1.56318853e-01 0.00000000e+00 0.00000000e+00
  0.00000000e+00 0.00000000e+00 0.00000000e+00]
 [1.39508416e-01 0.00000000e+00 5.54253555e-03 1.92858955e-02
  1.22902257e-01 1.30014155e-01 1.76552921e-01 0.00000000e+00
  0.00000000e+00 1.04904095e-01 1.04830230e-01 0.00000000e+00
  0.00000000e+00 0.00000000e+00 0.00000000e+00]
 [6.36838145e-02 0.00000000e+00 0.00000000e+00 4.69311730e-02
  1.02804805e-01 1.00204988e-01 1.82871743e-01 0.00000000e+00
  4.85543034e-03 5.37033222e-02 3.61133781e-02 0.00000000e+00
  2.02012100e-03 3.81586700e-02 0.00000000e+00]
 [4.61049169e-02 5.23623911e-02 0.00000000e+00 1.05894399e-01
  1.19403718e-01 3.54362808e-01 8.17725801e-01 0.00000000e+00
  3.72388025e-01 9.79727354e-02 1.14625438e-01 0.00000000e+00
  1.65048829e-01 1.10379325e-01 0.00000000e+00]
 [1.95861381e-01 7.76108122e-02 0.00000000e+00 9.34656825e-02
  0.00000000e+00 1.21739515e-01 1.07867562e+00 0.00000000e+00
  3.32993385e-01 0.00000000e+00 0.00000000e+00 0.00000000e+00
  0.00000000e+00 0.00000000e+00 0.00000000e+00]
 [1.98456500e-01 2.83087505e-01 1.63902986e-01 2.29401327e-01
  4.81933850e-01 3.24107401e-01 2.84237129e-01 6.83409988e-01
  6.80658938e-01 4.09952299e-01 3.24679591e-01 6.86087533e-01
  4.29352078e-01 4.11088811e-01 5.76764504e-01]]

7
----------------------------------------------------------------------------------
[[0.         0.         0.         0.         0.         0.09760544
  0.14568281 0.         0.        ]
 [0.         0.         0.         0.         0.         0.
  0.         0.         0.        ]
 [0.         0.10477097 0.         0.         0.02386604 0.
  0.         0.         0.        ]
 [0.         0.         0.         0.         0.         0.0060697
  0.03844131 0.         0.16505928]
 [0.         0.         0.         0.02119    0.         0.
  0.07869494 0.         0.15048405]
 [0.17882288 0.00235002 0.         0.         0.         0.
  0.         0.21282359 0.        ]
 [0.07334768 0.         0.         0.         0.         0.
  0.02997504 0.         0.        ]
 [0.         0.         0.         0.         0.         0.06102677
  0.24240035 0.         0.45279222]
 [0.         0.         0.         0.         0.         0.04760685
  0.         0.         0.19630624]
 [0.00858343 0.         0.         0.05302688 0.01373896 0.
  0.         0.         0.        ]
 [0.         0.         0.         0.         0.         0.
  0.         0.         0.02346528]
 [0.         0.         0.         0.         0.         0.04052055
  0.         0.         0.35502211]
 [0.         0.         0.         0.         0.         0.
  0.         0.         0.14212423]
 [0.04570682 0.         0.         0.         0.         0.
  0.         0.07594843 0.        ]
 [0.         0.         0.         0.02526781 0.         0.
  0.00636026 0.         0.24064524]
 [0.02528056 0.         0.         0.18786699 0.         0.
  0.         0.         0.32537795]
 [0.         0.         0.         0.24935103 0.         0.
  0.         0.         1.17356591]
 [0.79679836 0.69177033 0.74728114 0.37740821 0.4700822  0.364011
  1.07253666 1.56247514 1.32967903]]