

1
----------------------------------------------------------------------------------
[[9.88488785e-02 0.00000000e+00 6.30782563e-03 8.48716507e-02
  1.69357001e-02 1.13342804e-01 5.70524957e-02 3.29230752e-01
  1.52435710e-01 0.00000000e+00 2.21195061e-02 1.64092545e-01
  0.00000000e+00 5.52591986e-02 4.09518009e-02]
 [1.35322122e-01 0.00000000e+00 2.39894971e-01 4.04971422e-01
  8.51721580e-02 1.91033800e-01 5.46316602e-02 2.84996658e-01
  6.35444030e-02 0.00000000e+00 0.00000000e+00 0.00000000e+00
  0.00000000e+00 0.00000000e+00 0.00000000e+00]
 [2.39114127e-01 1.56849638e-01 1.28976367e-01 9.50438443e-02
  2.79639952e-01 1.93861337e-02 2.50521303e-01 2.26408129e-01
  0.00000000e+00 0.00000000e+00 0.00000000e+00 0.00000000e+00
  0.00000000e+00 0.00000000e+00 1.90976959e-01]
 [1.06498664e-01 0.00000000e+00 0.00000000e+00 0.00000000e+00
  0.00000000e+00 1.43595437e-01 3.78612755e-02 2.16811704e-01
  1.83264170e-01 1.61695486e-01 2.07642046e-01 3.80898225e-01
  1.88395819e-01 4.35766970e-02 3.43415868e-02]
 [7.17446189e-02 0.00000000e+00 3.62680273e-02 3.61349729e-03
  0.00000000e+00 1.92556136e-01 1.10750491e-01 1.06094790e-01
  4.88164770e-02 8.03581007e-03 1.51269584e-01 1.75675239e-01
  1.06094548e-01 6.71293517e-02 0.00000000e+00]
 [0.00000000e+00 0.00000000e+00 1.55471009e-02 7.51522208e-02
  1.72243623e-01 1.09647706e-01 4.52505355e-01 1.48344765e-01
  7.50673833e-02 0.00000000e+00 1.62182007e-01 2.19919503e-01
  1.02067514e-01 2.61358546e-01 1.57277235e-01]
 [7.57912975e-02 0.00000000e+00 3.00901849e-02 0.00000000e+00
  0.00000000e+00 1.99704636e-01 1.47084354e-01 5.44583900e-02
  0.00000000e+00 0.00000000e+00 3.39811198e-02 1.72665296e-01
  0.00000000e+00 8.54329815e-02 1.28610112e-01]
 [7.46972323e-02 0.00000000e+00 0.00000000e+00 0.00000000e+00
  3.65382076e-02 7.00292640e-02 1.92618327e-01 1.34264270e-01
  1.32820779e-01 6.12395674e-02 0.00000000e+00 0.00000000e+00
  0.00000000e+00 0.00000000e+00 2.33517999e-01]
 [5.50444638e-02 0.00000000e+00 0.00000000e+00 0.00000000e+00
  5.22487253e-02 8.58836976e-02 3.12207773e-02 2.32527650e-01
  4.47645695e-02 0.00000000e+00 0.00000000e+00 3.84868973e-02
  0.00000000e+00 0.00000000e+00 2.17885510e-01]
 [4.37512217e-01 4.43272028e-03 3.63601360e-01 2.48151042e-01
  5.70885716e-04 0.00000000e+00 5.70260160e-01 4.79431269e-01
  1.51797400e-01 0.00000000e+00 0.00000000e+00 0.00000000e+00
  0.00000000e+00 0.00000000e+00 1.26184235e-01]
 [0.00000000e+00 0.00000000e+00 7.43415060e-02 0.00000000e+00
  1.71429602e-01 8.23170076e-02 3.08417753e-01 1.79603837e-01
  0.00000000e+00 0.00000000e+00 5.45969231e-02 5.41577901e-02
  0.00000000e+00 0.00000000e+00 6.95892933e-04]
 [6.53781567e-02 0.00000000e+00 0.00000000e+00 4.88402810e-02
  0.00000000e+00 3.17942451e-02 6.79160453e-03 1.26344712e-01
  0.00000000e+00 0.00000000e+00 0.00000000e+00 0.00000000e+00
  0.00000000e+00 0.00000000e+00 8.32028270e-02]
 [0.00000000e+00 7.60888591e-02 1.52983673e-01 5.77839442e-02
  0.00000000e+00 1.89619526e-01 1.66487060e-01 9.75993258e-02
  0.00000000e+00 0.00000000e+00 0.00000000e+00 0.00000000e+00
  0.00000000e+00 0.00000000e+00 0.00000000e+00]
 [5.28561793e-02 0.00000000e+00 1.28761217e-01 0.00000000e+00
  0.00000000e+00 0.00000000e+00 0.00000000e+00 6.79822403e-02
  4.71398578e-02 0.00000000e+00 6.81236398e-02 0.00000000e+00
  0.00000000e+00 1.23246509e-01 3.64771185e-02]
 [1.59627107e-01 1.01711164e-02 1.71129462e-01 0.00000000e+00
  0.00000000e+00 0.00000000e+00 1.98374743e-02 3.34825760e-02
  3.42522469e-02 0.00000000e+00 5.34648378e-02 2.73122427e-02
  0.00000000e+00 1.15879127e-01 1.29815818e-01]
 [1.04516063e-01 8.41088535e-02 2.54716379e-01 1.81470681e-01
  5.71056381e-02 0.00000000e+00 3.51920907e-02 9.95857062e-02
  0.00000000e+00 0.00000000e+00 0.00000000e+00 0.00000000e+00
  0.00000000e+00 1.65156560e-01 1.37273711e-01]
 [1.48599537e-01 0.00000000e+00 0.00000000e+00 6.85392469e-02
  0.00000000e+00 1.61767800e-01 1.76268734e-02 3.94124804e-02
  1.16260738e-01 0.00000000e+00 0.00000000e+00 0.00000000e+00
  0.00000000e+00 5.75710497e-02 2.24248345e-01]
 [2.25819435e-01 5.80708815e-01 6.25642032e-01 2.28598583e-01
  4.48331246e-01 4.61722103e-01 1.72623605e-01 1.18200272e-01
  2.26899246e-01 2.73199034e-01 6.31930864e-01 7.73492892e-01
  9.35134274e-01 4.23523258e-01 2.07995219e-01]]

2
----------------------------------------------------------------------------------
[[0.00000000e+00 0.00000000e+00 3.56824861e-01 2.50999766e-01
  1.51512175e-01 1.47611097e-01 0.00000000e+00 1.65406137e-01
  1.73993593e-01 1.22243904e-01 0.00000000e+00 0.00000000e+00
  8.41145519e-01 1.40844482e+00 5.82313686e-01]
 [0.00000000e+00 0.00000000e+00 3.00206680e-02 2.07551978e-02
  3.51525424e-02 1.97875370e-01 0.00000000e+00 2.45272485e-01
  5.63095566e-02 0.00000000e+00 0.00000000e+00 0.00000000e+00
  5.17831036e-01 1.14439408e+00 0.00000000e+00]
 [0.00000000e+00 0.00000000e+00 2.21540551e-01 3.71987754e-02
  7.42187269e-02 3.19510766e-01 0.00000000e+00 1.94931392e-01
  2.40507450e-01 1.88085941e-02 0.00000000e+00 0.00000000e+00
  1.71419471e+00 1.64679539e+00 2.18413763e-01]
 [0.00000000e+00 2.14799186e-02 4.84224227e-01 2.58951989e-01
  1.67472068e-01 1.41625544e-01 0.00000000e+00 1.67545098e-01
  8.97091383e-02 8.77811187e-02 1.31303186e-01 3.46974037e-01
  1.47187852e+00 1.89750494e+00 9.84168358e-01]
 [0.00000000e+00 0.00000000e+00 3.50575897e-01 1.26975899e-01
  9.31299935e-02 9.13839420e-02 0.00000000e+00 8.76975728e-02
  4.42635262e-02 5.60162684e-02 1.77054095e-03 1.47601562e-01
  1.60867257e+00 2.67289856e+00 7.68946348e-01]
 [9.25499788e-02 1.69250285e-01 3.55276598e-01 4.37562716e-02
  3.41689902e-02 2.98499515e-01 0.00000000e+00 1.64894935e-01
  7.43296976e-02 9.92773547e-02 7.22714907e-02 5.21842725e-01
  2.12859726e+00 2.79698190e+00 6.85743740e-01]
 [1.48092722e-02 0.00000000e+00 1.60192732e-01 5.46181280e-02
  1.35567449e-04 1.10939650e-01 0.00000000e+00 8.68359293e-02
  4.94169827e-02 6.85621762e-02 1.20369921e-02 3.14424800e-01
  2.82953637e+00 2.95072574e+00 1.63534942e-01]
 [0.00000000e+00 3.54060305e-02 2.65157572e-02 4.40219520e-02
  1.74512128e-02 1.64958911e-01 0.00000000e+00 1.21833199e-02
  1.78737856e-01 1.44498911e-01 0.00000000e+00 0.00000000e+00
  2.98663855e-01 1.39172896e-01 3.22070408e-01]
 [0.00000000e+00 0.00000000e+00 1.37029153e-01 0.00000000e+00
  0.00000000e+00 7.89930768e-03 0.00000000e+00 1.84928208e-01
  6.07575831e-01 1.17124143e-01 3.33493876e-02 0.00000000e+00
  5.24412145e-01 4.25197262e-01 1.96923533e-01]
 [0.00000000e+00 7.92383379e-02 1.60886959e-02 9.68550851e-02
  1.47697386e-01 1.26122372e-01 0.00000000e+00 2.71287323e-01
  2.04485876e-01 5.38337234e-02 3.77180984e-02 0.00000000e+00
  0.00000000e+00 0.00000000e+00 3.14211553e-01]
 [0.00000000e+00 3.03325402e-03 2.23276682e-01 5.34316420e-02
  8.04957052e-02 8.76660963e-02 0.00000000e+00 2.51808814e-01
  2.53421421e-01 1.07715813e-01 0.00000000e+00 1.67972870e-01
  7.48831220e-01 7.04407521e-01 0.00000000e+00]
 [0.00000000e+00 5.00877205e-02 4.38730463e-02 2.19886159e-04
  6.32654565e-03 7.92994678e-02 0.00000000e+00 4.21877403e-02
  2.63521686e-01 7.06212070e-02 0.00000000e+00 0.00000000e+00
  5.13049530e-02 3.20951749e-01 1.20076266e-01]
 [0.00000000e+00 0.00000000e+00 2.38146069e-02 7.86660258e-02
  2.75314946e-02 0.00000000e+00 0.00000000e+00 1.85951698e-01
  2.17090744e-01 1.00301361e-01 0.00000000e+00 0.00000000e+00
  2.73434507e-02 0.00000000e+00 1.44903910e-01]
 [1.41413872e-01 1.07843075e-01 2.03877872e-02 3.16986075e-02
  2.28916762e-01 0.00000000e+00 6.24987177e-02 0.00000000e+00
  3.25988825e-02 6.69727212e-02 2.91864494e-02 7.21649892e-02
  4.18302198e-03 0.00000000e+00 0.00000000e+00]
 [1.45677469e-01 1.79840315e-01 8.79982584e-03 9.62391739e-02
  1.98589307e-01 0.00000000e+00 1.84230083e-01 6.88296233e-02
  8.03130620e-02 5.33645697e-02 0.00000000e+00 3.84532032e-03
  0.00000000e+00 0.00000000e+00 0.00000000e+00]
 [1.97398229e-02 1.32959238e-02 2.25551088e-02 1.81336493e-01
  1.75378244e-01 6.33664788e-03 1.22787503e-01 0.00000000e+00
  1.52209437e-01 0.00000000e+00 0.00000000e+00 9.63176237e-03
  0.00000000e+00 0.00000000e+00 2.29694196e-02]
 [1.64751194e-01 2.48795879e-01 0.00000000e+00 9.15092826e-02
  1.38867828e-01 0.00000000e+00 1.76394815e-01 1.58934784e-02
  2.57724096e-02 0.00000000e+00 0.00000000e+00 0.00000000e+00
  0.00000000e+00 0.00000000e+00 2.20386266e-01]
 [5.80780867e-01 3.10074880e-01 2.14902270e-01 1.02836314e-01
  1.38986030e-01 2.71626913e-01 3.23028725e-01 1.47016288e-01
  1.10116286e-01 2.65985402e-01 2.22302727e-01 6.26267714e-01
  4.21429642e-01 5.27002121e-01 1.18696792e+00]]

3
----------------------------------------------------------------------------------
[[0.37746759 0.45605992 0.44730938 0.44970536 0.37123292 0.01801698
  0.02324131 0.21370206 0.12394238 0.04954909 0.16061943 0.02159471
  0.         0.         0.01983603]
 [0.14000538 0.         0.         0.15493822 0.18340904 0.
  0.         0.15144337 0.         0.05924545 0.         0.04201927
  0.0093795  0.02648215 0.27691364]
 [0.41180186 0.         0.13312775 0.26193158 0.20265681 0.05731949
  0.         0.09662641 0.         0.03244896 0.         0.0938599
  0.03089063 0.03065101 0.08534516]
 [0.44193971 0.57796038 0.75468987 0.63356727 0.38397186 0.14905595
  0.14573985 0.12399419 0.17029378 0.10155864 0.11940225 0.00973431
  0.0318049  0.         0.13542068]
 [0.31786156 0.38468751 0.66890335 0.43464994 0.32240767 0.07364497
  0.07348563 0.17441108 0.13940838 0.07407751 0.11043822 0.04414415
  0.02537246 0.00525128 0.25543512]
 [0.91711369 0.17013372 0.1278401  0.29919706 0.16503235 0.
  0.         0.03874849 0.         0.         0.         0.211593
  0.17666899 0.22750573 0.12633442]
 [0.66557663 0.06167049 0.08600481 0.28740904 0.15736641 0.
  0.         0.07500968 0.         0.         0.         0.20073528
  0.13686089 0.21539196 0.43685931]
 [0.         0.         0.00272968 0.07700255 0.18866798 0.
  0.         0.34861504 0.03189989 0.         0.1218124  0.05869807
  0.         0.         0.        ]
 [0.         0.         0.11775106 0.07679679 0.09441746 0.
  0.         0.23975481 0.02339977 0.         0.04611493 0.16644866
  0.         0.         0.08720444]
 [0.         0.         0.         0.         0.24047715 0.16868026
  0.11816394 0.1908815  0.         0.06333677 0.         0.13621765
  0.08660276 0.         0.        ]
 [0.         0.         0.18089247 0.         0.1226428  0.05633606
  0.20221207 0.12788258 0.         0.09968966 0.         0.16534175
  0.         0.07061936 0.        ]
 [0.         0.         0.01447458 0.08814536 0.18006539 0.
  0.02646827 0.13244257 0.00344149 0.         0.03646731 0.03729973
  0.         0.         0.        ]
 [0.07994261 0.         0.         0.08027832 0.24329011 0.
  0.         0.09385285 0.         0.         0.         0.0897904
  0.         0.         0.        ]
 [0.06284387 0.         0.         0.00581121 0.04622603 0.
  0.05583531 0.09132714 0.         0.08913081 0.         0.01974095
  0.04638162 0.         0.07602953]
 [0.04193887 0.         0.         0.         0.09588852 0.
  0.16333129 0.1055024  0.         0.01700515 0.         0.03990581
  0.         0.         0.        ]
 [0.04147493 0.         0.         0.         0.125596   0.
  0.15634242 0.15583353 0.         0.03403376 0.         0.
  0.         0.         0.        ]
 [0.         0.         0.         0.08626048 0.17031149 0.
  0.1408711  0.15031981 0.02828349 0.         0.04146918 0.
  0.         0.         0.        ]
 [0.40366131 0.45582244 0.59218258 0.38375003 0.12660329 0.31387794
  0.31364304 0.10397696 0.51745286 0.36082581 0.28491724 0.14068905
  0.27471367 0.68336646 0.84962398]]

4
----------------------------------------------------------------------------------
[[0.         0.4227546  0.11734751 0.28166433 0.         0.
  0.02087579 0.37697957 0.11903124 0.24970944 0.07023896 0.26488563
  0.22577915 0.34457041 0.        ]
 [0.         0.27034071 0.25530025 0.29513277 0.         0.
  0.19832486 0.15193499 0.04814693 0.27519462 0.         0.28188942
  0.07124281 0.         0.03141782]
 [0.         0.41142374 0.20384436 0.57306781 0.         0.
  0.15709435 0.13959746 0.01954969 0.33554578 0.         0.15822659
  0.06170059 0.08766477 0.        ]
 [0.         0.19274118 0.12453252 0.288745   0.         0.
  0.08577009 0.26335383 0.         0.29796159 0.13875875 0.01144918
  0.29026288 0.30006003 0.09936583]
 [0.         0.08331681 0.15144792 0.1377514  0.         0.
  0.13067954 0.05753823 0.         0.0803771  0.         0.09680017
  0.         0.00981863 0.        ]
 [0.         0.22335861 0.20608878 0.43405282 0.         0.
  0.         0.20422188 0.         0.21703853 0.         0.10929274
  0.         0.09314581 0.        ]
 [0.         0.06002201 0.14802152 0.15824498 0.         0.
  0.08240814 0.04419664 0.         0.10773638 0.         0.05236444
  0.         0.01877236 0.        ]
 [0.         0.44120139 0.24672455 0.46666987 0.10923791 0.05304821
  0.36680082 0.32580297 0.0839982  0.22829618 0.46138659 0.42159153
  0.64952863 0.58874609 0.16519452]
 [0.         0.19753582 0.11393121 0.41953073 0.         0.
  0.14716068 0.21233509 0.01159219 0.27658413 0.1734078  0.01888756
  0.32119162 0.44857309 0.        ]
 [0.         0.78360317 0.58925367 1.02334615 0.00425715 0.14135508
  0.25705562 0.31213057 0.32081951 0.20415992 0.13862335 0.5252708
  0.27552117 0.58616454 0.23555033]
 [0.         0.3840602  0.19752818 0.2901954  0.         0.
  0.0870232  0.20105312 0.10371776 0.22307943 0.         0.1469296
  0.0975743  0.16267772 0.01336899]
 [0.         0.29227623 0.12206803 0.37361659 0.         0.
  0.11262762 0.25627349 0.04772393 0.14658187 0.11280643 0.27282859
  0.14150177 0.32953389 0.08005994]
 [0.         0.34098445 0.13641027 0.410285   0.         0.
  0.11580768 0.14690303 0.         0.22122178 0.         0.46644248
  0.04530659 0.12305272 0.        ]
 [0.         0.17279483 0.14191583 0.30906856 0.         0.
  0.09623844 0.08852711 0.09222708 0.37888553 0.16363355 0.18262562
  0.02222054 0.29110678 0.        ]
 [0.         0.31652917 0.14688478 0.39551728 0.         0.
  0.1392497  0.17580021 0.16292808 0.31190365 0.22899696 0.26928347
  0.15119591 0.34789437 0.        ]
 [0.         0.40580847 0.09048459 0.57069305 0.         0.
  0.1792444  0.10613287 0.30301464 0.30585811 0.20489131 0.6326794
  0.         0.34905407 0.00945092]
 [0.         0.2596275  0.29734603 0.6264314  0.         0.
  0.23722425 0.23033678 0.35821126 0.36392749 0.28900396 0.30909104
  0.21612794 0.57664714 0.00918181]
 [0.57840378 0.55648364 0.22315849 0.18734786 0.44335106 0.4052334
  0.33585947 0.23194178 0.2377931  0.26089069 0.55251615 0.29879727
  0.29202031 0.36382093 0.27997125]]

5
----------------------------------------------------------------------------------
[[0.00000000e+00 0.00000000e+00 1.12062782e-03 2.15330404e-02
  2.59686734e-01 3.48239177e-01 2.11326020e-01 0.00000000e+00
  0.00000000e+00 0.00000000e+00 0.00000000e+00 0.00000000e+00
  0.00000000e+00 2.50695060e-03 0.00000000e+00]
 [4.48797109e-03 0.00000000e+00 0.00000000e+00 5.56687062e-02
  2.60986966e-02 7.70051792e-02 2.58577287e-01 0.00000000e+00
  0.00000000e+00 0.00000000e+00 0.00000000e+00 0.00000000e+00
  0.00000000e+00 0.00000000e+00 3.38777178e-02]
 [0.00000000e+00 0.00000000e+00 7.17373820e-02 0.00000000e+00
  2.17190107e-01 1.40233281e-01 2.05665434e-01 1.86116874e-02
  0.00000000e+00 0.00000000e+00 0.00000000e+00 0.00000000e+00
  0.00000000e+00 0.00000000e+00 4.75984102e-02]
 [3.14447369e-02 0.00000000e+00 0.00000000e+00 0.00000000e+00
  1.89573276e-01 3.56309039e-01 1.68938030e-01 0.00000000e+00
  0.00000000e+00 0.00000000e+00 0.00000000e+00 0.00000000e+00
  0.00000000e+00 4.95695532e-02 0.00000000e+00]
 [0.00000000e+00 0.00000000e+00 0.00000000e+00 0.00000000e+00
  1.95590018e-02 8.77102663e-02 1.71284205e-01 0.00000000e+00
  0.00000000e+00 0.00000000e+00 0.00000000e+00 0.00000000e+00
  0.00000000e+00 0.00000000e+00 1.63066009e-02]
 [0.00000000e+00 2.20954302e-02 0.00000000e+00 0.00000000e+00
  1.86266190e-01 5.58579346e-02 1.85687578e-01 6.44137140e-02
  0.00000000e+00 0.00000000e+00 0.00000000e+00 0.00000000e+00
  0.00000000e+00 0.00000000e+00 1.58959977e-01]
 [0.00000000e+00 0.00000000e+00 0.00000000e+00 2.02333758e-02
  1.66882366e-01 1.22107748e-01 4.07350060e-01 0.00000000e+00
  0.00000000e+00 0.00000000e+00 0.00000000e+00 0.00000000e+00
  0.00000000e+00 0.00000000e+00 5.72338810e-02]
 [0.00000000e+00 1.08891021e-01 1.61253903e-01 1.46123544e-01
  1.29024642e-01 3.58241815e-01 1.59088586e-01 0.00000000e+00
  0.00000000e+00 0.00000000e+00 0.00000000e+00 0.00000000e+00
  0.00000000e+00 0.00000000e+00 0.00000000e+00]
 [0.00000000e+00 0.00000000e+00 0.00000000e+00 0.00000000e+00
  2.87236290e-01 4.01021392e-01 7.70985811e-02 0.00000000e+00
  0.00000000e+00 4.62353501e-02 0.00000000e+00 0.00000000e+00
  0.00000000e+00 0.00000000e+00 1.67276375e-02]
 [3.17068269e-01 3.68602650e-01 1.31534766e-02 7.17248743e-02
  5.62756835e-01 2.93100703e-01 1.90201566e-01 1.35523636e-02
  0.00000000e+00 0.00000000e+00 0.00000000e+00 0.00000000e+00
  0.00000000e+00 0.00000000e+00 1.48767896e-01]
 [0.00000000e+00 7.35099626e-02 0.00000000e+00 0.00000000e+00
  2.96066158e-01 2.66253895e-01 3.29792255e-02 4.10237262e-02
  0.00000000e+00 0.00000000e+00 0.00000000e+00 0.00000000e+00
  0.00000000e+00 0.00000000e+00 1.58395290e-01]
 [0.00000000e+00 0.00000000e+00 1.91688204e-01 0.00000000e+00
  2.54173392e-01 3.49776467e-01 1.31675555e-01 0.00000000e+00
  0.00000000e+00 4.82994489e-02 0.00000000e+00 0.00000000e+00
  0.00000000e+00 0.00000000e+00 0.00000000e+00]
 [1.60081845e-01 6.57429755e-02 0.00000000e+00 0.00000000e+00
  2.90051927e-01 1.91553088e-01 7.19104335e-02 0.00000000e+00
  0.00000000e+00 0.00000000e+00 0.00000000e+00 0.00000000e+00
  0.00000000e+00 0.00000000e+00 1.37661913e-01]
 [6.13497284e-02 0.00000000e+00 0.00000000e+00 7.28202968e-02
  1.41931221e-01 3.37163529e-01 1.99271963e-02 0.00000000e+00
  0.00000000e+00 8.39471153e-02 1.20753084e-01 1.60907789e-02
  0.00000000e+00 0.00000000e+00 3.55656970e-03]
 [3.62912838e-02 0.00000000e+00 0.00000000e+00 0.00000000e+00
  2.28022794e-01 3.79877218e-01 1.30733009e-01 0.00000000e+00
  0.00000000e+00 4.29096029e-02 7.86177970e-02 0.00000000e+00
  0.00000000e+00 0.00000000e+00 4.24911683e-04]
 [2.53016794e-02 3.11552842e-02 0.00000000e+00 1.91281247e-03
  2.48396544e-01 3.88292257e-01 1.17038845e-01 0.00000000e+00
  0.00000000e+00 0.00000000e+00 4.44651581e-02 0.00000000e+00
  0.00000000e+00 0.00000000e+00 5.25874756e-02]
 [1.08049804e-01 4.11353145e-03 2.94120861e-02 9.60285999e-02
  2.85341312e-01 4.60131482e-01 1.29477055e-01 0.00000000e+00
  0.00000000e+00 9.89656855e-02 5.62079882e-02 0.00000000e+00
  0.00000000e+00 0.00000000e+00 0.00000000e+00]
 [2.66028357e-01 2.55857038e-01 4.32341669e-01 2.61781617e-01
  3.55705146e-01 3.94343389e-01 8.76001803e-02 3.54319283e-01
  8.75091960e-01 3.83502778e-01 4.43429271e-01 5.65174213e-01
  6.81325137e-01 6.01547722e-01 2.65506134e-01]]

6
----------------------------------------------------------------------------------
[[5.40252914e-02 0.00000000e+00 2.00746290e-01 2.44508681e-01
  0.00000000e+00 0.00000000e+00 0.00000000e+00 0.00000000e+00
  4.58522869e-02 2.51066448e-01 7.35613522e-02 0.00000000e+00
  0.00000000e+00 1.05926097e-01 2.59303070e-01]
 [0.00000000e+00 0.00000000e+00 4.80269286e-01 0.00000000e+00
  0.00000000e+00 0.00000000e+00 0.00000000e+00 0.00000000e+00
  8.41989709e-02 1.34450278e-01 6.04697741e-02 7.26075975e-02
  0.00000000e+00 1.15953419e-01 1.90613890e-01]
 [1.17007006e-01 7.97336816e-03 1.16396859e-01 8.76217309e-02
  1.45661887e-01 0.00000000e+00 2.40649693e-01 7.28133398e-02
  1.19563420e-01 7.58816707e-02 1.22065970e-01 1.95761624e-02
  0.00000000e+00 9.58616454e-02 1.35910451e-01]
 [0.00000000e+00 0.00000000e+00 1.57302188e-01 1.81734524e-01
  0.00000000e+00 0.00000000e+00 3.20850882e-02 0.00000000e+00
  0.00000000e+00 2.89007032e-01 7.57248797e-02 0.00000000e+00
  0.00000000e+00 1.16563741e-01 0.00000000e+00]
 [0.00000000e+00 0.00000000e+00 4.13500197e-01 8.38370946e-02
  0.00000000e+00 0.00000000e+00 0.00000000e+00 2.36979817e-02
  3.70414926e-02 2.16713741e-01 4.10777501e-02 0.00000000e+00
  0.00000000e+00 3.77015932e-02 1.11539229e-01]
 [4.28658516e-03 0.00000000e+00 1.61021726e-02 1.20030671e-02
  2.25118118e-01 0.00000000e+00 1.96244222e-02 1.41597128e-01
  4.83669962e-03 1.47014313e-01 2.68596394e-02 6.89805699e-02
  0.00000000e+00 4.75250378e-02 1.75272579e-01]
 [0.00000000e+00 0.00000000e+00 0.00000000e+00 3.51312549e-02
  0.00000000e+00 0.00000000e+00 0.00000000e+00 6.26136962e-02
  1.08551398e-01 2.14877943e-01 7.52361686e-03 3.10467720e-02
  0.00000000e+00 4.02696420e-02 1.03484143e-01]
 [0.00000000e+00 0.00000000e+00 0.00000000e+00 1.62834296e-02
  0.00000000e+00 0.00000000e+00 0.00000000e+00 0.00000000e+00
  6.35596797e-02 2.11224590e-01 2.66089336e-02 0.00000000e+00
  9.30115565e-02 0.00000000e+00 1.08098307e-01]
 [0.00000000e+00 0.00000000e+00 2.20585343e-04 0.00000000e+00
  0.00000000e+00 0.00000000e+00 0.00000000e+00 4.03528667e-02
  0.00000000e+00 1.73395748e-01 2.21490303e-02 0.00000000e+00
  0.00000000e+00 4.63198808e-02 4.49214456e-02]
 [1.51411959e-01 8.28071886e-02 8.69885813e-02 1.46868922e-01
  2.21517673e-01 0.00000000e+00 3.00060799e-02 6.82826579e-02
  4.04224242e-02 7.81369949e-02 4.32685298e-02 0.00000000e+00
  0.00000000e+00 0.00000000e+00 3.89651228e-01]
 [1.23117439e-01 0.00000000e+00 0.00000000e+00 9.16085036e-02
  2.19121333e-01 0.00000000e+00 1.65780887e-01 7.07104223e-02
  5.84991359e-02 9.38240152e-02 0.00000000e+00 0.00000000e+00
  0.00000000e+00 3.24972401e-02 1.76159667e-01]
 [0.00000000e+00 7.59593116e-02 0.00000000e+00 2.45194066e-02
  0.00000000e+00 0.00000000e+00 0.00000000e+00 0.00000000e+00
  3.90768898e-02 1.22384623e-01 4.21241614e-03 3.72905315e-02
  0.00000000e+00 6.91157912e-02 1.36016562e-01]
 [2.00817846e-01 0.00000000e+00 1.09130153e-01 1.42173627e-01
  6.64202150e-02 5.98191502e-02 6.83979705e-02 1.17171689e-02
  1.47918940e-01 0.00000000e+00 4.41019860e-02 3.90403261e-02
  0.00000000e+00 5.96944606e-02 1.33906633e-01]
 [4.78801583e-02 8.98783576e-02 0.00000000e+00 0.00000000e+00
  6.78018172e-02 0.00000000e+00 0.00000000e+00 0.00000000e+00
  1.12937630e-01 0.00000000e+00 0.00000000e+00 1.16934366e-01
  0.00000000e+00 0.00000000e+00 1.20170700e-01]
 [9.38793759e-02 2.12719270e-01 0.00000000e+00 0.00000000e+00
  7.16800665e-02 0.00000000e+00 0.00000000e+00 0.00000000e+00
  9.70632243e-02 6.35486268e-02 5.57645783e-02 1.22555619e-01
  0.00000000e+00 1.54083957e-02 1.74905906e-01]
 [4.23891299e-01 3.72974103e-01 1.57912078e-02 0.00000000e+00
  1.15250876e-01 1.80141196e-01 1.83084188e-01 5.67881969e-02
  1.21141755e-01 0.00000000e+00 3.31155621e-02 1.20699973e-01
  0.00000000e+00 5.71270455e-02 2.80372982e-01]
 [2.44330083e-02 2.81671167e-01 0.00000000e+00 0.00000000e+00
  0.00000000e+00 0.00000000e+00 0.00000000e+00 2.81940021e-04
  0.00000000e+00 1.46030922e-01 6.85521416e-02 2.07960936e-01
  0.00000000e+00 1.39097087e-02 1.74300892e-01]
 [4.06695337e-01 6.79589605e-01 2.50384904e-01 5.53890595e-01
  7.42799022e-01 6.53392628e-01 2.16856008e-01 5.61603338e-01
  1.99208221e-01 3.72567260e-01 1.66837457e-01 2.85945551e-01
  3.16345088e-01 1.59829067e-01 1.34247455e-01]]

7
----------------------------------------------------------------------------------
[[0.1222547  0.         0.06776891 0.17475309 0.05255827 0.20316711
  0.05660263 0.         0.06408587]
 [0.10685932 0.05793302 0.16706689 0.14789186 0.00751858 0.12744897
  0.00797194 0.         0.06138052]
 [0.01683691 0.         0.26280054 0.08156208 0.00822514 0.06313482
  0.00417622 0.         0.02277436]
 [0.         0.         0.10601456 0.03769844 0.08301978 0.18336294
  0.13094883 0.         0.06319446]
 [0.03166361 0.         0.03569297 0.06826016 0.08426376 0.25670643
  0.05413387 0.         0.02290259]
 [0.09197226 0.05684693 0.19227813 0.10050907 0.16427779 0.12933073
  0.00336068 0.         0.03768438]
 [0.13132833 0.         0.05733512 0.05141502 0.14688512 0.15161712
  0.06712667 0.         0.        ]
 [0.         0.         0.09935917 0.03997372 0.00665389 0.21408424
  0.0576582  0.         0.07613456]
 [0.         0.         0.01081126 0.02371851 0.02800173 0.25798794
  0.02474473 0.         0.04555178]
 [0.11233537 0.06904575 0.18924206 0.09944281 0.00926575 0.14307193
  0.         0.         0.03568371]
 [0.07492811 0.         0.07346062 0.03555759 0.15064093 0.23242255
  0.         0.         0.        ]
 [0.0949142  0.         0.         0.00342467 0.         0.05581195
  0.05742194 0.         0.04078094]
 [0.         0.02636862 0.24776145 0.01027995 0.05994502 0.03251584
  0.         0.         0.03658963]
 [0.12824269 0.         0.         0.         0.15770058 0.02787958
  0.01435899 0.         0.30616001]
 [0.14535881 0.16125511 0.07177925 0.         0.14630742 0.07497113
  0.         0.01827455 0.28631774]
 [0.19997011 0.24463156 0.31029773 0.         0.12467037 0.09013866
  0.         0.         0.07355765]
 [0.11259904 0.         0.         0.         0.06702343 0.06765261
  0.03587242 0.00738666 0.25747696]
 [0.18199175 0.34050624 0.26300393 0.37739127 0.26773514 0.28041164
  0.24903503 0.34111542 0.12940565]]