

1
----------------------------------------------------------------------------------
[[2.42418751e-01 2.04284692e-01 2.30835154e-01 2.24664199e-01
  4.23598008e-01 1.96635897e-01 2.14501458e-01 1.13508996e-01
  6.45461564e-01 2.55758764e-01 4.83546843e-01 2.72409880e+00
  0.00000000e+00 0.00000000e+00 0.00000000e+00]
 [0.00000000e+00 0.00000000e+00 0.00000000e+00 5.50728095e-02
  1.82736038e-01 4.12955148e-02 1.28224319e-01 0.00000000e+00
  0.00000000e+00 0.00000000e+00 5.73559463e-01 3.53948312e-01
  9.65920727e-03 0.00000000e+00 0.00000000e+00]
 [2.16716585e-01 1.23946405e-01 3.32946328e-01 7.72159360e-02
  1.12035711e-01 1.86939179e-01 3.83861152e-01 8.46238481e-02
  4.71748068e-01 3.67453077e-01 2.55076883e-02 3.26554928e-01
  6.48616178e-01 3.05964895e-02 0.00000000e+00]
 [5.26715167e-01 3.78457826e-01 4.35078215e-01 3.09344002e-01
  1.17069895e-01 9.69650981e-02 2.13384194e-01 2.13175829e-01
  5.18238812e-01 2.38286114e-01 1.39988511e+00 1.01190437e+01
  9.32822981e-01 0.00000000e+00 0.00000000e+00]
 [0.00000000e+00 1.20341274e-01 5.45308280e-02 0.00000000e+00
  8.04215955e-02 0.00000000e+00 0.00000000e+00 0.00000000e+00
  0.00000000e+00 0.00000000e+00 4.00703061e-01 2.23751046e+00
  3.09997218e-01 0.00000000e+00 0.00000000e+00]
 [4.29224492e-01 3.77890353e-01 2.47331751e-01 0.00000000e+00
  1.75305154e-01 4.28437602e-02 2.90999998e-01 5.48797068e-01
  5.07481384e-01 8.40876040e-01 4.27757957e+00 2.37343953e+00
  2.89093156e+00 2.16301952e+00 0.00000000e+00]
 [0.00000000e+00 1.10771911e-01 0.00000000e+00 0.00000000e+00
  8.98326373e-02 0.00000000e+00 1.07807377e-02 1.69920588e-02
  0.00000000e+00 3.62934255e-01 3.92655614e-01 1.21959020e+00
  8.10589400e-01 1.59269175e-01 0.00000000e+00]
 [1.03575381e+00 6.76902838e-01 7.21079339e-01 6.28534764e-01
  3.13509793e-01 2.71435379e-01 3.64022818e-01 9.51274369e-01
  1.29168929e+00 1.10826372e+00 6.49907675e-01 5.16443121e-01
  0.00000000e+00 1.20710920e-01 1.29999195e-01]
 [6.60934532e-01 3.82782573e-01 3.75589850e-01 1.92302307e-01
  1.35394529e-01 8.22485525e-02 2.56745886e-01 1.37206382e+00
  1.61368100e+00 1.03669177e+00 5.15648160e-01 9.47935544e-01
  0.00000000e+00 0.00000000e+00 6.31412677e-02]
 [6.13450705e-01 5.51309257e-01 5.40545937e-01 1.26235842e-01
  3.13978353e-01 2.58898151e-01 9.65832722e-01 8.60120831e-01
  1.18255694e+00 1.20540207e+00 2.10973296e-01 0.00000000e+00
  9.98557763e-02 0.00000000e+00 0.00000000e+00]
 [5.98036968e-01 4.57347502e-01 3.95338268e-01 4.26519509e-02
  1.38123046e-01 5.25285253e-02 6.01301414e-01 1.61297740e+00
  1.52437371e+00 1.12484764e+00 7.75946983e-01 5.80960723e-01
  4.71235099e-01 2.32376132e-01 4.19162277e-01]
 [3.97703056e-01 1.10774298e-01 3.43365347e-01 1.03923040e-02
  1.57633496e-01 6.71263639e-02 1.13584708e-01 2.31270103e-01
  5.44926024e-01 5.30726180e-01 1.05833000e-01 1.54230876e+00
  1.41684638e-01 0.00000000e+00 0.00000000e+00]
 [1.70547274e-01 1.90647297e-01 2.01316290e-01 6.94804302e-02
  2.27509740e-01 1.03720202e-01 4.25207994e-01 5.52483077e-01
  9.47814439e-01 7.96151076e-01 2.30735256e-01 3.71682004e-02
  2.61688698e-01 0.00000000e+00 0.00000000e+00]
 [0.00000000e+00 0.00000000e+00 9.81933454e-02 9.10873214e-02
  1.07328817e-01 0.00000000e+00 1.26733584e-02 4.06926620e-04
  4.35810316e-01 2.92498442e-01 2.64260844e-01 1.43072713e-01
  2.91482265e-01 1.38471138e-01 2.36965377e-01]
 [9.34615624e-03 0.00000000e+00 8.42865556e-02 7.81865258e-02
  1.98180336e-01 4.61823996e-02 1.61035431e-02 5.86873514e-02
  5.30267328e-01 3.31468676e-01 2.77392728e-01 1.02764009e-01
  2.42409263e-01 1.49251501e-01 2.32205064e-01]
 [2.14658315e-01 0.00000000e+00 7.70026072e-02 9.48714061e-02
  1.36044524e-01 1.00719912e-01 2.35952436e-01 2.60003034e-01
  9.00758923e-01 7.42593688e-01 4.02632109e-01 7.54784539e-02
  2.88368417e-01 1.65285216e-01 2.74708308e-01]
 [2.91463629e-01 0.00000000e+00 1.18190755e-01 2.72497617e-01
  2.35413667e-01 7.82573124e-02 0.00000000e+00 0.00000000e+00
  6.70670491e-01 6.52849038e-01 4.22682131e-01 3.87361439e-01
  1.30171873e-01 1.87074930e-01 4.08605983e-01]
 [5.18724626e-01 2.66128038e-01 1.73379756e-01 4.84642081e-01
  1.06708758e-01 1.56744038e-01 5.44439689e-01 6.78764345e-01
  1.48658287e+00 1.48695275e+00 2.18362638e+00 9.36295960e-01
  1.33324711e+00 1.30981089e+00 1.29646229e+00]]

2
----------------------------------------------------------------------------------
[[0.         0.         0.         0.05612752 0.19270965 0.
  0.17576601 0.17353648 0.04636155 0.         0.         0.
  0.         0.10114728 0.03770071]
 [0.         0.         0.         0.11652973 0.12261593 0.01475805
  0.41126195 0.10802366 0.12949552 0.         0.         0.
  0.         0.11994346 0.15332932]
 [0.         0.         0.         0.14075076 0.         0.10719505
  0.22852913 0.25748711 0.10599048 0.         0.         0.03698843
  0.00424738 0.31029763 0.53312971]
 [0.         0.         0.         0.06334556 0.19628901 0.
  0.13121824 0.07244363 0.07453788 0.         0.         0.
  0.         0.11017711 0.037941  ]
 [0.         0.         0.         0.02888359 0.14252628 0.
  0.12125014 0.05527879 0.02399476 0.         0.         0.01339236
  0.         0.07168961 0.21200458]
 [0.         0.         0.         0.17034979 0.05232709 0.
  0.07671644 0.09285257 0.02199252 0.         0.         0.
  0.         0.08296224 0.1004291 ]
 [0.         0.         0.         0.06423868 0.09828903 0.
  0.01320193 0.12721044 0.         0.         0.         0.
  0.         0.01279264 0.26142989]
 [0.12685962 0.2498012  0.0773073  0.22023908 0.         0.
  0.27452962 0.23234671 0.25850898 0.03883459 0.11284704 0.
  0.06716392 0.32571225 0.1406992 ]
 [0.60284875 0.11505106 0.19980133 0.0256674  0.         0.
  0.08424886 0.1223447  0.15870537 0.00320869 0.         0.
  0.         0.62096522 0.        ]
 [0.         0.11574032 0.         0.12040824 0.         0.19504262
  0.26264639 0.31022916 0.12157827 0.07439714 0.10778958 0.038689
  0.         0.07823046 0.13425093]
 [0.47011367 0.13258708 0.         0.05886218 0.         0.
  0.07585025 0.05852228 0.14268258 0.         0.         0.
  0.         0.40613702 0.03924497]
 [0.05470663 0.10654404 0.10560285 0.11862952 0.         0.
  0.01189601 0.11392054 0.13693734 0.         0.         0.
  0.         0.29305591 0.09919423]
 [0.         0.09039024 0.         0.13661523 0.         0.00318229
  0.04337456 0.13045375 0.1526099  0.         0.04139379 0.
  0.09132903 0.25884168 0.10105194]
 [0.04091297 0.17326187 0.23482228 0.08150375 0.         0.
  0.         0.         0.19473933 0.01600267 0.08233025 0.
  0.         0.00224422 0.        ]
 [0.12135088 0.14796369 0.16227981 0.18936522 0.         0.
  0.03104679 0.02699254 0.20477477 0.         0.1144963  0.05470323
  0.         0.02498834 0.08811172]
 [0.09521741 0.15812579 0.12805668 0.13536023 0.         0.
  0.         0.14119423 0.24639568 0.05281949 0.04244661 0.03951355
  0.         0.06235158 0.01585387]
 [0.         0.25766701 0.19165338 0.21492246 0.         0.
  0.         0.14250766 0.12299671 0.18863024 0.17177161 0.09672187
  0.04017566 0.11931163 0.28462614]
 [0.8763125  0.51245353 0.6041552  0.17240516 0.55653175 0.31492631
  0.32876196 0.15309632 0.26989019 0.19931827 0.31236512 0.26003823
  0.3899424  0.20493223 0.2920999 ]]

3
----------------------------------------------------------------------------------
[[0.         0.04492685 0.         0.01657235 0.11157703 0.2871779
  0.05897428 0.0245654  0.         0.05172154 0.19714731 0.08237199
  0.17474719 0.         0.0962833 ]
 [0.         0.02172979 0.         0.05864097 0.16352367 0.13796439
  0.02231514 0.17278632 0.04035946 0.00567513 0.0814983  0.02317598
  0.04022498 0.         0.        ]
 [0.         0.         0.05373333 0.17995379 0.10118317 0.04950373
  0.07576787 0.         0.         0.07146059 0.05408989 0.04294118
  0.01485368 0.01970961 0.03374607]
 [0.         0.         0.         0.06009761 0.14591555 0.18940905
  0.04742905 0.10003716 0.         0.00753127 0.1708127  0.10181229
  0.22926583 0.         0.11239236]
 [0.         0.04020877 0.         0.03722474 0.04701498 0.03468111
  0.06773041 0.         0.013647   0.1011952  0.01913215 0.16816894
  0.11637544 0.         0.        ]
 [0.         0.05155746 0.00764261 0.1460314  0.12715086 0.
  0.04078922 0.06583577 0.         0.02978532 0.05947995 0.11188191
  0.         0.         0.        ]
 [0.         0.06044675 0.         0.08131061 0.06059695 0.03102928
  0.0882273  0.01565201 0.         0.00476336 0.02213872 0.10610403
  0.03102421 0.         0.        ]
 [0.         0.01839796 0.2710376  0.0572     0.12308575 0.16546161
  0.19575031 0.17187478 0.06398161 0.00998813 0.30927482 0.09969846
  0.33222951 0.0486835  0.17704202]
 [0.         0.         0.58936114 0.         0.13336928 0.07027811
  0.         0.         0.         0.         0.14911327 0.07732276
  0.19609737 0.02285416 0.11072166]
 [0.10730056 0.39990224 0.49322475 0.16376697 0.20801462 0.20968701
  0.21138526 0.19626384 0.02364087 0.16026137 0.         0.00172931
  0.02700447 0.02927629 0.06806906]
 [0.         0.         0.65904194 0.         0.14085417 0.
  0.03636613 0.         0.         0.01317077 0.03524643 0.02238091
  0.         0.         0.        ]
 [0.         0.         0.02038654 0.         0.08845663 0.11511571
  0.13479183 0.         0.         0.02226705 0.10099791 0.03907849
  0.14771814 0.         0.04219696]
 [0.         0.00612218 0.21684452 0.         0.02941011 0.01480559
  0.00726298 0.         0.         0.04097911 0.00329489 0.04153142
  0.06206229 0.         0.        ]
 [0.         0.         0.         0.07127483 0.00316839 0.01376925
  0.06172569 0.17868764 0.         0.         0.         0.
  0.0181274  0.13015601 0.        ]
 [0.03334793 0.         0.00076199 0.01208284 0.00844696 0.19724667
  0.11546697 0.09813932 0.         0.1315939  0.0069585  0.0049411
  0.01724597 0.09848954 0.        ]
 [0.         0.         0.01013817 0.05791781 0.08856491 0.09243692
  0.06491258 0.04166728 0.         0.13002501 0.08397252 0.0135174
  0.01936537 0.01825028 0.        ]
 [0.05637792 0.         0.01671499 0.         0.06858447 0.29142731
  0.20532471 0.08969704 0.02420493 0.         0.00488151 0.10639922
  0.16985368 0.04728622 0.00279325]
 [0.56189364 0.32802261 0.25751824 0.22281669 0.23508691 0.26319456
  0.14448029 0.24631964 0.40952931 0.17633773 0.70333042 0.18068583
  0.26096101 0.16864497 0.23798532]]

4
----------------------------------------------------------------------------------
[[2.43553131e-01 0.00000000e+00 0.00000000e+00 0.00000000e+00
  0.00000000e+00 5.49521909e-02 5.94407768e-02 1.31736575e-02
  1.82919245e-01 1.90038264e-01 4.55297080e-02 0.00000000e+00
  4.09424190e-02 6.64240757e-02 5.48161774e-02]
 [2.19592471e-01 7.71523519e-02 0.00000000e+00 0.00000000e+00
  0.00000000e+00 1.13148689e-01 1.51538973e-02 1.20782214e-02
  9.87346792e-02 3.10732738e-01 8.20978983e-01 8.04317015e-01
  1.23244489e-01 4.74465775e-02 0.00000000e+00]
 [2.39771039e-01 1.11125283e-01 0.00000000e+00 1.19670246e-01
  2.16227404e-01 1.05558302e-01 9.73615265e-02 2.33525169e-01
  0.00000000e+00 1.55804212e-01 3.78414221e-01 2.71311011e-01
  0.00000000e+00 0.00000000e+00 6.22009184e-02]
 [2.13705092e-01 1.84288842e-02 0.00000000e+00 0.00000000e+00
  0.00000000e+00 0.00000000e+00 0.00000000e+00 4.52575408e-02
  3.61296775e-02 7.71212784e-02 0.00000000e+00 0.00000000e+00
  9.92528773e-02 3.02381975e-02 9.89627817e-02]
 [1.83525744e-01 7.58843413e-02 0.00000000e+00 0.00000000e+00
  0.00000000e+00 0.00000000e+00 0.00000000e+00 5.01230039e-02
  1.13219614e-01 2.34640545e-01 0.00000000e+00 0.00000000e+00
  9.40132218e-02 4.60852527e-02 4.04968913e-04]
 [3.37261402e-01 2.69636442e-02 1.48805737e-02 0.00000000e+00
  0.00000000e+00 8.19666482e-02 0.00000000e+00 1.48007062e-01
  0.00000000e+00 1.28621748e-01 0.00000000e+00 0.00000000e+00
  0.00000000e+00 8.76238279e-02 0.00000000e+00]
 [2.13181194e-01 7.48333265e-02 0.00000000e+00 0.00000000e+00
  0.00000000e+00 3.12945729e-02 0.00000000e+00 5.05858493e-02
  1.10041673e-02 1.30436643e-01 0.00000000e+00 0.00000000e+00
  1.57578488e-02 4.26992448e-02 0.00000000e+00]
 [2.66382073e-01 0.00000000e+00 0.00000000e+00 1.64597606e-02
  0.00000000e+00 2.07011612e-02 1.79614940e-02 2.25587965e-01
  1.20329411e-01 0.00000000e+00 0.00000000e+00 3.72629194e-02
  1.46215599e-01 0.00000000e+00 7.66228658e-02]
 [1.77907272e-01 0.00000000e+00 0.00000000e+00 0.00000000e+00
  0.00000000e+00 0.00000000e+00 0.00000000e+00 1.50494455e-01
  0.00000000e+00 0.00000000e+00 0.00000000e+00 0.00000000e+00
  0.00000000e+00 0.00000000e+00 1.07523879e-01]
 [2.34633228e-01 0.00000000e+00 2.03287210e-01 2.53721843e-01
  0.00000000e+00 1.03743406e-01 0.00000000e+00 3.52855852e-01
  2.12553780e-01 2.67295433e-01 0.00000000e+00 0.00000000e+00
  1.30065870e-01 1.22501960e-01 2.97816817e-02]
 [2.02986127e-01 0.00000000e+00 0.00000000e+00 0.00000000e+00
  0.00000000e+00 3.41533598e-02 0.00000000e+00 0.00000000e+00
  0.00000000e+00 0.00000000e+00 0.00000000e+00 0.00000000e+00
  0.00000000e+00 0.00000000e+00 6.67609453e-02]
 [8.09680954e-02 6.36910258e-02 4.37127210e-02 0.00000000e+00
  0.00000000e+00 0.00000000e+00 0.00000000e+00 1.52208415e-01
  2.06257923e-01 0.00000000e+00 0.00000000e+00 8.29923599e-04
  1.15752100e-01 0.00000000e+00 7.00372372e-03]
 [1.46351969e-01 1.72936110e-02 1.84146568e-01 3.88907414e-02
  2.92528395e-02 0.00000000e+00 0.00000000e+00 0.00000000e+00
  1.16023758e-01 3.77510992e-02 0.00000000e+00 1.81576126e-01
  2.77246053e-04 0.00000000e+00 2.25532970e-02]
 [6.40816308e-02 1.99428035e-02 1.43594310e-01 4.12192348e-02
  0.00000000e+00 0.00000000e+00 4.61105362e-02 0.00000000e+00
  3.33436601e-02 0.00000000e+00 0.00000000e+00 0.00000000e+00
  0.00000000e+00 0.00000000e+00 0.00000000e+00]
 [4.42584080e-02 6.02401991e-02 2.10729517e-01 5.62267722e-02
  0.00000000e+00 3.10964306e-02 3.12035192e-02 0.00000000e+00
  1.78950087e-01 0.00000000e+00 0.00000000e+00 0.00000000e+00
  1.17447265e-02 0.00000000e+00 4.27306587e-02]
 [3.82141064e-02 1.22793190e-01 2.47673040e-01 2.82031435e-01
  0.00000000e+00 0.00000000e+00 0.00000000e+00 1.05983887e-01
  4.55503760e-01 0.00000000e+00 0.00000000e+00 3.05266938e-01
  0.00000000e+00 2.15988315e-02 2.25816135e-02]
 [0.00000000e+00 7.36277959e-02 1.81631389e-01 0.00000000e+00
  0.00000000e+00 0.00000000e+00 0.00000000e+00 2.68939312e-01
  3.86114275e-01 0.00000000e+00 0.00000000e+00 1.80553175e-01
  1.39637078e-01 0.00000000e+00 0.00000000e+00]
 [2.51410910e-01 1.25683972e-01 3.72265334e-01 4.61082689e-01
  2.37966430e-01 5.13218973e-01 3.07757468e-01 3.12363637e-01
  2.52017272e-01 5.18347660e-01 6.83582033e-01 4.51948213e-01
  2.43047439e-01 3.26382374e-01 3.18562130e-01]]

5
----------------------------------------------------------------------------------
[[0.00000000e+00 2.39639027e-01 0.00000000e+00 0.00000000e+00
  1.43368218e-01 7.93915299e-02 2.11579727e-02 0.00000000e+00
  7.34871197e-02 4.16947413e-02 0.00000000e+00 1.19249593e-01
  0.00000000e+00 0.00000000e+00 4.78020404e-02]
 [5.60868089e-02 1.57777258e-01 8.47569859e-02 0.00000000e+00
  5.58070621e-02 0.00000000e+00 6.59223755e-02 1.72826105e-02
  8.52912164e-03 1.32365699e-01 0.00000000e+00 7.46289582e-02
  0.00000000e+00 0.00000000e+00 0.00000000e+00]
 [1.34383611e-01 4.49167145e-01 5.71120732e-02 1.21678600e-01
  0.00000000e+00 0.00000000e+00 3.24893528e-02 7.99894418e-02
  0.00000000e+00 1.00756211e-01 0.00000000e+00 1.38220958e-01
  0.00000000e+00 0.00000000e+00 0.00000000e+00]
 [0.00000000e+00 9.69458959e-02 0.00000000e+00 0.00000000e+00
  1.03475186e-01 3.36223401e-01 5.05814727e-02 0.00000000e+00
  1.80547398e-01 0.00000000e+00 2.54589306e-02 1.96221010e-01
  2.10706992e-02 3.60493389e-02 3.29142528e-02]
 [4.96397437e-02 1.48975465e-01 0.00000000e+00 0.00000000e+00
  1.31859099e-02 2.00521933e-01 9.08448198e-02 0.00000000e+00
  6.63798204e-02 4.48812827e-02 0.00000000e+00 1.14833560e-01
  0.00000000e+00 7.42919653e-03 0.00000000e+00]
 [3.45665519e-02 3.33036242e-01 0.00000000e+00 0.00000000e+00
  0.00000000e+00 6.48727917e-02 1.38960434e-01 1.91305655e-01
  6.47536235e-02 7.74560030e-02 0.00000000e+00 1.85132086e-01
  1.02827987e-01 6.14163538e-04 0.00000000e+00]
 [7.34618795e-02 2.11861794e-01 0.00000000e+00 0.00000000e+00
  0.00000000e+00 5.62241530e-02 6.66674151e-02 2.94331576e-02
  7.27524785e-02 9.10273368e-02 0.00000000e+00 1.23195500e-01
  4.20631528e-02 3.03732566e-02 0.00000000e+00]
 [1.38779985e-01 2.05425960e-01 0.00000000e+00 0.00000000e+00
  1.23561637e-01 1.89431773e-01 1.12853243e-01 0.00000000e+00
  1.38329915e-01 1.73772508e-01 0.00000000e+00 1.62352355e-01
  8.25634491e-02 0.00000000e+00 2.70523324e-02]
 [0.00000000e+00 1.28543910e-01 0.00000000e+00 0.00000000e+00
  6.75496226e-02 1.83744329e-01 0.00000000e+00 0.00000000e+00
  1.33851585e-01 0.00000000e+00 0.00000000e+00 2.05156971e-01
  7.76700337e-01 1.11140100e-01 7.83089695e-02]
 [1.22558863e-01 3.50942202e-01 5.06010598e-01 2.94255500e-01
  8.57052834e-02 0.00000000e+00 2.61409618e-01 1.03080333e-01
  2.17895462e-01 2.06719214e-01 1.63390378e-01 1.00950366e-01
  2.07522558e-01 1.50921883e-01 1.21821196e-02]
 [0.00000000e+00 3.00828135e-01 0.00000000e+00 0.00000000e+00
  4.11619094e-02 2.64267271e-02 1.76156047e-01 3.08767956e-03
  1.47512942e-01 2.54147397e-02 0.00000000e+00 2.66700371e-01
  6.42628850e-01 3.33961330e-02 5.18195119e-03]
 [4.68684259e-02 1.07243472e-01 0.00000000e+00 0.00000000e+00
  2.67611815e-02 1.26917173e-02 5.31225058e-02 0.00000000e+00
  5.06395765e-02 5.69135657e-02 0.00000000e+00 9.12772329e-02
  2.01377300e-01 0.00000000e+00 5.46805398e-02]
 [5.17964899e-02 2.32323471e-01 4.37504377e-02 1.51037384e-01
  0.00000000e+00 0.00000000e+00 1.11095635e-01 5.07149981e-03
  3.56052410e-02 2.62509282e-02 5.45262967e-02 2.41701677e-01
  3.27827184e-01 0.00000000e+00 8.94068308e-04]
 [7.49868386e-02 9.55431875e-02 9.08941417e-02 0.00000000e+00
  4.17213272e-03 1.13464550e-01 1.41009676e-01 6.00507782e-02
  1.73450980e-01 0.00000000e+00 7.13753414e-02 8.69154555e-02
  7.21457632e-02 1.84391615e-02 5.43217446e-02]
 [1.41659511e-01 8.58653578e-02 7.78964291e-02 0.00000000e+00
  2.98633249e-04 2.37127943e-02 1.78019213e-01 5.83253254e-02
  5.46155294e-02 4.47990606e-02 0.00000000e+00 7.58521094e-02
  6.21347742e-03 5.56916346e-02 5.01276385e-02]
 [1.50129941e-01 1.81026396e-01 2.06196710e-01 0.00000000e+00
  7.97119099e-02 0.00000000e+00 1.34414459e-01 6.55340875e-02
  1.29684536e-02 1.03833409e-01 0.00000000e+00 9.25312022e-02
  0.00000000e+00 0.00000000e+00 4.60928521e-02]
 [2.57584772e-01 7.60063760e-02 1.75550700e-02 0.00000000e+00
  0.00000000e+00 4.22043242e-02 1.28458391e-01 2.04069184e-03
  2.39617719e-02 4.14366768e-02 0.00000000e+00 1.17299476e-01
  0.00000000e+00 5.24073671e-02 5.06161832e-02]
 [2.67042160e-01 3.08382372e-01 3.70495078e-01 3.29485930e-01
  3.54454624e-01 3.94711880e-01 1.75996218e-01 1.36888537e-01
  1.89328744e-01 1.53627847e-01 3.27626984e-01 6.82980490e-02
  2.28864182e-01 1.95433781e-01 2.06868951e-01]]

6
----------------------------------------------------------------------------------
[[0.         0.         0.12304606 0.         0.         0.
  0.11513772 0.05080349 0.         0.26089813 0.27166031 0.09677516
  0.         0.04940607 0.0474613 ]
 [0.         0.         0.11671933 0.09048195 0.         0.03914299
  0.28318306 0.09844714 0.03017645 0.0016023  0.10900744 0.169821
  0.         0.06821694 0.04480856]
 [0.         0.05268096 0.09333499 0.09923049 0.         0.03118789
  0.22330133 0.23297284 0.05316948 0.10320598 0.2430965  0.20541103
  0.         0.05216768 0.1130886 ]
 [0.         0.         0.18580112 0.         0.         0.
  0.00271341 0.06171904 0.         0.27372843 0.23477802 0.
  0.         0.07095933 0.08637629]
 [0.         0.         0.14700559 0.         0.         0.03787535
  0.11584915 0.04729339 0.         0.08529676 0.18422783 0.
  0.         0.11454428 0.04973762]
 [0.         0.         0.19145905 0.         0.02712151 0.1726951
  0.0956435  0.04495158 0.         0.03323697 0.37270463 0.04654843
  0.         0.00177369 0.05923999]
 [0.         0.03768905 0.14409542 0.02151775 0.         0.10949561
  0.14445554 0.04628171 0.         0.01556038 0.31697447 0.02353867
  0.         0.02452053 0.03740188]
 [0.10601517 0.         0.11243056 0.39006554 0.         0.
  0.27042183 0.0939726  0.         0.18573641 0.06505988 0.13358458
  0.         0.04370063 0.04077029]
 [0.         0.         0.08101733 0.82372776 0.00541394 0.
  0.05678156 0.         0.         0.13541012 0.2326291  0.
  0.         0.07659887 0.03397868]
 [0.         0.10906702 0.06598064 0.17568946 0.0840322  0.06380421
  0.24052236 0.21728294 0.         0.06199827 0.19744749 0.34053386
  0.         0.06933963 0.04121449]
 [0.         0.         0.31317231 0.58088132 0.         0.16832019
  0.         0.06791792 0.10554602 0.00350461 0.37754676 0.07002212
  0.         0.00302296 0.07873253]
 [0.0668384  0.         0.02620501 0.11335572 0.         0.
  0.18156135 0.02407455 0.         0.1351461  0.14560006 0.
  0.         0.         0.03995095]
 [0.         0.         0.08538111 0.22116709 0.0208816  0.00528468
  0.0996894  0.09678538 0.03470781 0.         0.0609413  0.08437814
  0.         0.02858035 0.04466647]
 [0.         0.         0.04912644 0.         0.         0.
  0.         0.         0.         0.02849725 0.1368995  0.15722279
  0.         0.         0.        ]
 [0.         0.         0.01175942 0.04694337 0.01284364 0.
  0.06002454 0.01282659 0.00847892 0.12242222 0.05913526 0.20459504
  0.         0.05645775 0.05401655]
 [0.00424821 0.13095368 0.         0.10214562 0.         0.
  0.05242259 0.06842718 0.0923772  0.00125189 0.02017393 0.17649348
  0.         0.09725957 0.0943814 ]
 [0.02404214 0.         0.10285663 0.07103452 0.02054047 0.
  0.20412674 0.04884114 0.         0.30382071 0.10547341 0.15763996
  0.         0.0247288  0.05077689]
 [0.36782725 0.35386969 0.19212584 0.24101817 0.37291745 0.30007581
  0.25802818 0.0794302  0.35750824 0.23298195 0.44645387 0.20093825
  0.66902071 0.212062   0.12203746]]

7
----------------------------------------------------------------------------------
[[0.         0.03077974 0.11398583 0.         0.0272162  0.15574626
  0.         0.00211895 0.33314834 0.13157034]
 [0.         0.0682621  0.05541815 0.         0.15363308 0.15456101
  0.         0.         0.16999883 0.42010846]
 [0.         0.06791621 0.09779591 0.         0.         0.25999642
  0.         0.14305339 0.26122051 0.18478822]
 [0.         0.         0.01212776 0.         0.09655102 0.10644131
  0.02391892 0.         0.41161909 0.01164616]
 [0.         0.00645043 0.0447571  0.         0.0110562  0.06328319
  0.02238283 0.         0.21006352 0.15722345]
 [0.         0.00402119 0.06051979 0.         0.         0.02747006
  0.         0.15379947 0.77308287 0.        ]
 [0.         0.00641313 0.11549152 0.00123679 0.         0.05054937
  0.         0.08849668 0.27288973 0.        ]
 [0.04063745 0.         0.02801967 0.         0.01978377 0.12824092
  0.096876   0.         0.16661728 0.        ]
 [0.         0.         0.         0.         0.0359008  0.05276254
  0.         0.         0.31909784 0.        ]
 [0.109487   0.0695023  0.22608006 0.         0.         0.19547799
  0.13741013 0.06243018 0.21323937 0.26560883]
 [0.         0.         0.04172179 0.         0.         0.06100317
  0.         0.0697562  0.70999669 0.        ]
 [0.         0.         0.         0.         0.         0.11999508
  0.         0.         0.00590774 0.        ]
 [0.03881977 0.         0.11009319 0.         0.         0.05568847
  0.         0.00465394 0.15862992 0.11381809]
 [0.14262998 0.         0.02340411 0.         0.         0.04901852
  0.         0.         0.29099019 0.        ]
 [0.07703216 0.         0.03338366 0.         0.         0.11389142
  0.         0.         0.18879588 0.        ]
 [0.11519525 0.         0.01825619 0.         0.         0.09781337
  0.         0.08560915 0.14046304 0.05838785]
 [0.18606035 0.         0.04333696 0.         0.         0.09072251
  0.01254733 0.         0.06974977 0.        ]
 [0.48703527 0.43689474 0.16956601 0.40753713 0.3304084  0.19919015
  0.24976546 0.39180984 0.83909693 0.38702161]]