

1
----------------------------------------------------------------------------------
[[0.11288325 0.         0.04354473 0.09084755 0.01012754 0.
  0.23987028 0.01845732 0.22843412 0.24411407 0.03984866 0.244542
  0.17508759 0.04261722 0.06639061]
 [0.         0.05222238 0.04229845 0.10838091 0.         0.
  0.         0.05046387 0.         0.13207973 0.13948554 0.05063689
  0.         0.         0.08153545]
 [0.064056   0.00960764 0.07651713 0.06111477 0.0175666  0.07452701
  0.         0.0469205  0.16822407 0.04228883 0.10353376 0.07779974
  0.03952661 0.01788788 0.02569143]
 [0.27344907 0.         0.11398647 0.0830142  0.02343352 0.
  0.29949499 0.0767896  0.34516537 0.31837404 0.06230127 0.39656152
  0.24724716 0.07175269 0.15992124]
 [0.22714345 0.         0.07421077 0.         0.         0.07226247
  0.17925337 0.001607   0.29258002 0.14257524 0.         0.25536555
  0.17920644 0.01811194 0.07491882]
 [0.29187928 0.         0.14514306 0.09085121 0.         0.11398267
  0.1064905  0.04883135 0.34339143 0.13778452 0.0637368  0.13516141
  0.1643199  0.         0.04625863]
 [0.22582289 0.         0.12157927 0.01328345 0.         0.15682862
  0.12112991 0.03987412 0.29246258 0.04996542 0.00304215 0.19067824
  0.19849689 0.         0.03216772]
 [0.21516006 0.0252579  0.04161775 0.10916177 0.06844993 0.
  0.17905033 0.08662627 0.23404645 0.09982058 0.05981521 0.33198318
  0.34750009 0.13692778 0.17292718]
 [0.30925636 0.14795431 0.01296299 0.01988617 0.12801531 0.01922662
  0.21870127 0.14360707 0.3348911  0.         0.05790753 0.36812009
  0.33370732 0.13845629 0.19195223]
 [0.14339025 0.04881098 0.09038084 0.10019425 0.         0.15783179
  0.         0.12934549 0.31344083 0.         0.06841187 0.13181012
  0.28079315 0.06075667 0.12556129]
 [0.39411208 0.30990874 0.09763806 0.04845743 0.         0.14449325
  0.         0.05736006 0.14048136 0.         0.03539872 0.10309747
  0.22000412 0.         0.08494233]
 [0.1291311  0.01514753 0.         0.         0.02888258 0.
  0.18744073 0.06523333 0.17444505 0.0328194  0.02528415 0.20742495
  0.19500762 0.07840637 0.05885656]
 [0.1330978  0.15794379 0.01900327 0.0294382  0.         0.04949552
  0.         0.01052052 0.01979645 0.         0.07296158 0.01447173
  0.         0.         0.02214273]
 [0.21112158 0.         0.         0.02633893 0.09170088 0.07318429
  0.11989238 0.10604828 0.12228077 0.         0.04816066 0.0414699
  0.16726374 0.06281997 0.03360657]
 [0.02105675 0.         0.03684372 0.02850784 0.14916372 0.00405552
  0.         0.06132733 0.12406854 0.         0.07008745 0.
  0.10320185 0.         0.0286583 ]
 [0.1744672  0.07390969 0.00576758 0.04783569 0.02562873 0.13993324
  0.01817836 0.10417402 0.15508507 0.0134502  0.0249793  0.05938792
  0.22448604 0.025112   0.09710805]
 [0.08704491 0.         0.00284749 0.05876929 0.06637821 0.
  0.16964373 0.06943962 0.06009098 0.00799799 0.         0.17715139
  0.15935079 0.05159569 0.00204864]
 [0.45292716 0.15692001 0.09861298 0.08827064 0.20772277 0.19068034
  0.40423767 0.14322939 0.23369104 0.36134795 0.09870865 0.23836273
  0.26704628 0.1898286  0.07009645]]

2
----------------------------------------------------------------------------------
[[9.21243679e-02 3.70494296e-02 2.90413053e-02 1.61108506e-01
  2.70578295e-02 1.86304057e-02 7.58967415e-02 8.22381418e-02
  0.00000000e+00 3.71942756e-02 8.46491942e-02 5.88046523e-02
  2.11765500e-01 6.49055541e-02 0.00000000e+00]
 [4.62636848e-02 0.00000000e+00 0.00000000e+00 0.00000000e+00
  1.28313275e-02 0.00000000e+00 4.33319342e-02 5.28939242e-02
  8.08827007e-02 8.85080282e-02 7.10401774e-02 2.28834700e-02
  7.45155527e-02 0.00000000e+00 0.00000000e+00]
 [1.01171985e-01 0.00000000e+00 0.00000000e+00 0.00000000e+00
  0.00000000e+00 0.00000000e+00 1.19837233e-01 3.04154472e-02
  3.58353148e-02 1.32647310e-01 8.13331571e-02 4.54934483e-02
  1.59508442e-01 2.19269789e-02 0.00000000e+00]
 [1.72390486e-01 2.60604207e-01 1.16053757e-01 1.65351940e-01
  4.18279183e-02 2.69933004e-01 2.67032672e-01 1.56391759e-01
  1.71616624e-01 1.82731373e-02 1.80745289e-01 1.14945457e-01
  4.26001760e-01 8.96965330e-02 8.65274981e-02]
 [6.99266885e-02 1.24113051e-01 6.13929609e-02 9.36373421e-02
  4.69073503e-02 1.07040814e-01 1.64228346e-01 5.68059827e-02
  3.62957525e-02 4.18143023e-02 7.06154943e-02 4.26829640e-02
  2.25822126e-01 2.22520567e-02 1.10927313e-01]
 [1.41855379e-01 4.15609289e-02 4.75118051e-02 9.62740662e-02
  0.00000000e+00 0.00000000e+00 8.17821489e-02 1.57049221e-01
  2.67746362e-01 1.66572854e-01 5.28759089e-02 1.12879423e-01
  2.18708090e-01 6.41551387e-02 0.00000000e+00]
 [8.86544122e-02 9.04539821e-02 9.97638212e-02 1.48093844e-01
  2.26403751e-02 0.00000000e+00 1.28404862e-01 9.26369622e-02
  1.54849964e-01 9.27217192e-02 5.99857277e-02 1.26983353e-01
  2.06180502e-01 7.62091089e-03 0.00000000e+00]
 [1.40397337e-01 1.50678330e-01 0.00000000e+00 1.21502885e-01
  5.50154369e-02 2.01387593e-01 6.24387452e-01 2.73589306e-02
  1.39594925e-01 0.00000000e+00 7.05346492e-02 2.49644137e-01
  2.49214040e-01 0.00000000e+00 4.61199811e-01]
 [1.65918282e-01 1.83671914e-01 8.84479305e-02 2.38241382e-01
  4.56242872e-01 3.58286427e-01 5.80163460e-01 7.71582627e-02
  2.54693002e-01 3.91989114e-02 7.79945804e-02 4.24139914e-01
  3.42072694e-01 0.00000000e+00 8.70248276e-01]
 [1.56518673e-01 1.14987353e-03 0.00000000e+00 6.79867272e-02
  0.00000000e+00 0.00000000e+00 8.72187815e-02 5.55499065e-02
  1.64978810e-01 1.66268985e-01 1.36098304e-01 4.15318369e-03
  1.11280333e-01 9.20464873e-02 0.00000000e+00]
 [9.00369147e-02 1.32297079e-01 0.00000000e+00 2.46571551e-02
  1.22759365e+00 4.41118703e-01 6.71175454e-01 5.86317135e-02
  2.27443362e-01 9.76645727e-02 9.64939759e-02 1.45932795e-01
  1.24314530e-01 8.81969555e-02 1.14602657e+00]
 [8.46793506e-02 5.87045797e-02 0.00000000e+00 2.11482401e-01
  1.87681036e-01 1.37183722e-01 2.46381042e-01 8.12565364e-02
  7.89923225e-02 1.19731712e-02 4.12718242e-02 2.15282444e-01
  1.48448940e-01 0.00000000e+00 3.38108724e-01]
 [4.34408787e-02 3.63075111e-02 0.00000000e+00 0.00000000e+00
  7.39635627e-01 6.47223999e-03 2.09189426e-01 2.14543612e-02
  5.80553235e-02 6.42847469e-02 5.31782427e-02 0.00000000e+00
  7.89931552e-02 0.00000000e+00 3.90140836e-01]
 [4.07737368e-02 1.20444445e-01 4.48104835e-02 0.00000000e+00
  6.15698819e-02 1.67837203e-02 9.20249818e-02 8.52521851e-02
  8.29195062e-02 0.00000000e+00 1.68578865e-02 5.49712568e-02
  1.03283752e-01 2.21299773e-01 1.15033035e-01]
 [7.27053467e-02 0.00000000e+00 0.00000000e+00 0.00000000e+00
  6.23405034e-02 2.73913749e-02 9.07336115e-02 8.32355925e-02
  1.08864442e-01 6.93137106e-02 3.53025952e-02 1.20495430e-02
  6.91494429e-02 1.51859998e-01 3.34933037e-02]
 [9.64089917e-02 1.72240801e-01 2.28285355e-02 0.00000000e+00
  0.00000000e+00 0.00000000e+00 1.34644057e-01 8.58714030e-02
  1.99769248e-01 9.23976387e-02 1.84859911e-02 8.98702415e-02
  8.46526732e-02 2.30450794e-01 9.08094317e-02]
 [1.35700060e-01 1.22409154e-01 0.00000000e+00 6.29705892e-03
  2.37185105e-02 1.36440839e-01 1.43935644e-01 2.58593652e-02
  9.77398003e-02 3.90116099e-02 6.83831318e-02 1.55828624e-01
  1.07795335e-01 1.47235341e-01 8.83600758e-02]
 [6.82334212e-02 3.21894060e-01 4.05110668e-01 5.80226173e-01
  3.05212316e-01 5.33881157e-01 1.20470356e-01 1.95609796e-01
  2.18260976e-01 8.02093413e-02 6.92270709e-02 3.00879886e-01
  9.97782314e-02 3.43546240e-01 3.32580748e-01]]

3
----------------------------------------------------------------------------------
[[0.00000000e+00 0.00000000e+00 0.00000000e+00 0.00000000e+00
  3.73183143e-01 5.32302727e-01 2.02494811e-01 3.29241580e-01
  4.23006623e-01 1.59239032e+00 1.14599571e+00 4.42411839e-01
  7.75629256e-01 1.00877620e-02 2.60405218e-01]
 [0.00000000e+00 0.00000000e+00 0.00000000e+00 0.00000000e+00
  4.60314545e-02 0.00000000e+00 1.08853538e-01 0.00000000e+00
  1.44777040e-01 2.07233054e+00 9.34503034e-01 2.32930619e-01
  2.89926236e-01 0.00000000e+00 1.32268191e-01]
 [0.00000000e+00 0.00000000e+00 0.00000000e+00 0.00000000e+00
  1.01559349e-01 2.01650181e-01 1.69173323e-01 1.23850761e-01
  9.78102225e-01 1.08640269e+00 4.61165651e-01 0.00000000e+00
  0.00000000e+00 0.00000000e+00 0.00000000e+00]
 [0.00000000e+00 0.00000000e+00 1.57360523e-01 0.00000000e+00
  7.32657202e-01 9.02472798e-01 3.13192061e-01 3.92419041e-01
  1.03189985e+00 2.54269034e+00 1.56101429e+00 7.47835336e-01
  5.56573241e-01 4.92638667e-02 1.20493337e-01]
 [0.00000000e+00 0.00000000e+00 1.28409829e-01 0.00000000e+00
  4.74876900e-01 6.21316597e-01 2.33416366e-01 3.42290566e-01
  8.94045984e-01 2.52415884e+00 1.51105593e+00 5.95812248e-01
  5.79190979e-01 8.37430670e-03 6.69905785e-02]
 [0.00000000e+00 0.00000000e+00 0.00000000e+00 0.00000000e+00
  5.49173169e-01 5.90170986e-01 2.02857540e-01 3.11425091e-01
  2.18244580e+00 3.68631437e+00 1.92629293e+00 3.23959089e-01
  5.04269312e-01 0.00000000e+00 1.53776104e-01]
 [0.00000000e+00 0.00000000e+00 2.56003407e-02 0.00000000e+00
  4.11270580e-01 5.49343896e-01 2.17594597e-01 1.44451023e-01
  1.52009219e+00 3.84714547e+00 2.42505883e+00 5.87438937e-01
  5.84768284e-01 0.00000000e+00 1.82992237e-01]
 [0.00000000e+00 0.00000000e+00 0.00000000e+00 0.00000000e+00
  1.50024840e-01 1.48399721e-01 1.50447998e-01 1.97217934e-01
  1.43237043e-01 3.50659945e-01 2.55524423e-01 0.00000000e+00
  3.98370166e-03 0.00000000e+00 0.00000000e+00]
 [0.00000000e+00 0.00000000e+00 2.72301608e-02 4.31908076e-02
  2.66892315e-01 1.54379583e-01 7.32604675e-02 1.71851450e-01
  1.32935715e-01 3.38065122e-01 3.88765207e-02 0.00000000e+00
  0.00000000e+00 0.00000000e+00 0.00000000e+00]
 [0.00000000e+00 0.00000000e+00 0.00000000e+00 6.27772513e-04
  0.00000000e+00 7.51230216e-02 5.44101220e-02 8.91965052e-03
  4.09375748e-01 1.16298732e-01 6.74265790e-02 0.00000000e+00
  0.00000000e+00 0.00000000e+00 0.00000000e+00]
 [0.00000000e+00 0.00000000e+00 0.00000000e+00 2.66186172e-02
  2.82892033e-01 1.43400032e-01 1.12854712e-01 0.00000000e+00
  7.11221483e-01 1.32044406e+00 5.82603403e-01 0.00000000e+00
  0.00000000e+00 0.00000000e+00 0.00000000e+00]
 [0.00000000e+00 0.00000000e+00 0.00000000e+00 0.00000000e+00
  5.35823025e-02 1.03553794e-01 1.21923285e-01 8.01941668e-02
  1.06207592e-01 0.00000000e+00 0.00000000e+00 0.00000000e+00
  0.00000000e+00 0.00000000e+00 0.00000000e+00]
 [0.00000000e+00 0.00000000e+00 0.00000000e+00 0.00000000e+00
  8.18366198e-02 6.97216694e-02 7.99153316e-02 1.13473344e-02
  2.75565905e-01 2.94969062e-01 0.00000000e+00 0.00000000e+00
  0.00000000e+00 0.00000000e+00 0.00000000e+00]
 [1.35910142e-02 0.00000000e+00 8.14343120e-02 0.00000000e+00
  0.00000000e+00 9.55695530e-02 8.67980722e-02 4.89936161e-02
  2.51005222e-01 0.00000000e+00 0.00000000e+00 9.88284471e-02
  0.00000000e+00 4.03564007e-03 0.00000000e+00]
 [8.10720605e-02 0.00000000e+00 1.00813407e-01 9.79968164e-03
  3.40726473e-04 1.10018522e-01 1.52845871e-01 5.92688478e-02
  1.99242595e-01 0.00000000e+00 0.00000000e+00 0.00000000e+00
  0.00000000e+00 0.00000000e+00 0.00000000e+00]
 [0.00000000e+00 0.00000000e+00 2.65396971e-02 0.00000000e+00
  3.87774648e-02 9.55572341e-02 1.85199339e-02 1.30626363e-01
  3.08833068e-01 0.00000000e+00 0.00000000e+00 0.00000000e+00
  0.00000000e+00 0.00000000e+00 0.00000000e+00]
 [4.88529762e-03 0.00000000e+00 5.95670430e-02 0.00000000e+00
  4.53680581e-02 1.18557920e-01 1.99257054e-01 1.29599148e-01
  2.59094229e-01 0.00000000e+00 0.00000000e+00 0.00000000e+00
  0.00000000e+00 0.00000000e+00 0.00000000e+00]
 [4.55227295e-01 4.08502203e-01 3.84966887e-01 1.99180628e-01
  1.27013439e-01 2.42167770e-01 1.06978288e-01 1.13727255e-01
  2.71637463e-01 3.25920776e-01 4.29023528e-01 5.70171061e-01
  6.47282712e-01 1.08360824e+00 6.26154918e-01]]

4
----------------------------------------------------------------------------------
[[1.87992603e-01 0.00000000e+00 1.53436561e-02 0.00000000e+00
  1.40027623e-01 8.10579814e-02 0.00000000e+00 0.00000000e+00
  7.58005022e-02 5.04248471e-02 1.12206989e-01 4.07980180e-02
  1.19866405e-01 0.00000000e+00 5.31629662e-02]
 [1.79685645e-01 4.04653363e-02 0.00000000e+00 0.00000000e+00
  1.24905963e-01 0.00000000e+00 1.28048059e-02 4.96096749e-02
  3.49698573e-02 4.87577395e-02 8.68110403e-02 1.20337751e-01
  1.80392468e-01 0.00000000e+00 6.03713724e-02]
 [2.53314479e-01 0.00000000e+00 3.63704266e-02 0.00000000e+00
  0.00000000e+00 0.00000000e+00 0.00000000e+00 7.10992934e-02
  0.00000000e+00 0.00000000e+00 2.34637005e-02 8.75233341e-02
  1.79533944e-02 0.00000000e+00 5.62826854e-02]
 [1.60458961e-01 0.00000000e+00 1.73467892e-02 0.00000000e+00
  2.01260254e-01 8.63285685e-02 0.00000000e+00 1.66336489e-01
  1.98372064e-01 1.20665227e-01 3.46329124e-01 1.34221992e-01
  1.19027001e-01 2.92895717e-02 3.38230733e-02]
 [2.39950086e-01 0.00000000e+00 2.34055904e-03 0.00000000e+00
  1.87600971e-01 3.82465706e-02 0.00000000e+00 1.12925764e-01
  1.85482616e-01 6.72459785e-02 1.63112681e-01 1.30991754e-01
  1.30694371e-01 0.00000000e+00 7.94401678e-02]
 [3.81813901e-01 3.48219108e-02 5.41861406e-02 1.12396462e-01
  2.68338815e-02 0.00000000e+00 0.00000000e+00 1.07759532e-01
  1.35921236e-01 0.00000000e+00 0.00000000e+00 1.05430297e-01
  6.93985741e-02 1.26783426e-02 9.33519382e-02]
 [2.66929431e-01 0.00000000e+00 2.40917469e-02 5.64032397e-02
  1.79443226e-01 0.00000000e+00 0.00000000e+00 7.34187381e-02
  1.99217870e-01 8.10143055e-02 9.92892108e-02 2.01057536e-01
  1.61442993e-01 0.00000000e+00 3.38613724e-02]
 [5.48136301e-02 0.00000000e+00 2.15787068e-02 0.00000000e+00
  1.56227561e-01 0.00000000e+00 0.00000000e+00 3.36301202e-02
  2.75069455e-02 3.06358406e-01 5.19991937e-01 4.21970590e-02
  6.25960537e-02 2.28170111e-02 0.00000000e+00]
 [9.51067764e-03 0.00000000e+00 6.26423765e-02 0.00000000e+00
  1.42428744e-01 3.01561687e-02 0.00000000e+00 9.48184731e-02
  2.43152492e-01 8.68595307e-01 5.98133404e-01 1.20039854e-02
  8.29088504e-02 8.86300122e-02 1.66805941e-02]
 [7.15155333e-02 7.18731216e-02 0.00000000e+00 3.23033338e-02
  0.00000000e+00 0.00000000e+00 0.00000000e+00 3.10807082e-02
  2.19351262e-01 0.00000000e+00 4.76684372e-02 0.00000000e+00
  2.47319546e-02 0.00000000e+00 1.49783481e-01]
 [1.85389498e-01 0.00000000e+00 1.24121578e-01 0.00000000e+00
  0.00000000e+00 0.00000000e+00 0.00000000e+00 1.25296657e-01
  2.33370557e-01 1.14934453e+00 3.03913809e-01 3.28905028e-02
  0.00000000e+00 0.00000000e+00 1.93490039e-01]
 [3.38667464e-02 0.00000000e+00 6.17752557e-02 0.00000000e+00
  6.99585654e-02 0.00000000e+00 0.00000000e+00 0.00000000e+00
  1.16658196e-01 3.56437823e-01 2.04758143e-01 3.85139297e-04
  2.80272927e-02 7.91868841e-02 1.08038650e-02]
 [1.20867679e-01 5.94102129e-02 0.00000000e+00 0.00000000e+00
  0.00000000e+00 0.00000000e+00 0.00000000e+00 1.52806217e-02
  1.84516234e-01 5.61180331e-01 1.76693941e-01 4.80233505e-02
  0.00000000e+00 0.00000000e+00 1.37393233e-01]
 [2.05484606e-02 0.00000000e+00 3.10303538e-03 0.00000000e+00
  0.00000000e+00 0.00000000e+00 0.00000000e+00 0.00000000e+00
  1.07039488e-01 6.29246706e-02 8.11987810e-02 3.26286821e-02
  9.91331012e-02 3.64435829e-02 4.45015784e-02]
 [8.98869237e-02 0.00000000e+00 6.93215650e-03 0.00000000e+00
  0.00000000e+00 0.00000000e+00 0.00000000e+00 1.20267256e-02
  0.00000000e+00 7.73739570e-02 1.57095101e-02 9.19554581e-02
  3.54116028e-02 9.19330116e-04 5.88562060e-02]
 [5.44811835e-02 7.24758372e-02 1.52863952e-02 0.00000000e+00
  0.00000000e+00 8.02887757e-02 0.00000000e+00 7.56847979e-02
  1.05043030e-01 1.01179709e-02 1.03498669e-02 6.58072540e-02
  1.04655359e-01 1.52077971e-02 6.13415551e-02]
 [4.99890628e-02 0.00000000e+00 0.00000000e+00 0.00000000e+00
  0.00000000e+00 0.00000000e+00 0.00000000e+00 3.58432090e-02
  3.63771999e-02 6.80438844e-02 2.10599161e-01 2.41684265e-02
  8.48175743e-02 6.12538180e-02 5.53886715e-02]
 [8.36630297e-02 2.11519158e-01 1.31480060e-01 1.61888227e-01
  2.73917846e-01 5.73500873e-01 3.51538533e-01 1.35128503e-01
  4.20333913e-01 1.70301174e-01 1.55892630e-01 1.71842135e-01
  1.45770651e-01 1.78991782e-01 9.35644661e-02]]

5
----------------------------------------------------------------------------------
[[0.00000000e+00 0.00000000e+00 2.58700351e-02 0.00000000e+00
  0.00000000e+00 1.63742474e-01 1.16051675e-01 3.96307519e-02
  2.95456961e-02 0.00000000e+00 0.00000000e+00 0.00000000e+00
  0.00000000e+00 5.82212145e-02 2.89445553e-02]
 [0.00000000e+00 0.00000000e+00 4.37217720e-02 0.00000000e+00
  0.00000000e+00 1.61990361e-01 9.59878664e-03 1.34095739e-02
  1.61155539e-03 0.00000000e+00 1.13911260e-01 0.00000000e+00
  0.00000000e+00 4.87683773e-02 5.84826574e-02]
 [0.00000000e+00 0.00000000e+00 3.50326360e-02 0.00000000e+00
  5.52354947e-02 1.20135336e-01 0.00000000e+00 0.00000000e+00
  0.00000000e+00 0.00000000e+00 2.02593311e-01 0.00000000e+00
  0.00000000e+00 1.12765564e-02 0.00000000e+00]
 [1.68454220e-01 2.03048045e-02 2.03762361e-01 1.04292032e-01
  8.98047763e-03 5.37749564e-01 3.04229487e-01 1.41928452e-01
  2.15947410e-01 0.00000000e+00 0.00000000e+00 0.00000000e+00
  0.00000000e+00 1.26897456e-01 2.51786666e-01]
 [8.04413900e-02 0.00000000e+00 1.26316955e-01 5.47202958e-02
  0.00000000e+00 5.45691714e-01 1.42191367e-01 9.94533945e-02
  2.06299188e-01 0.00000000e+00 0.00000000e+00 0.00000000e+00
  0.00000000e+00 3.64944781e-02 2.70255286e-01]
 [1.35812069e-01 0.00000000e+00 5.64592011e-02 6.91831275e-02
  5.13588578e-02 2.78418053e-01 7.19387943e-02 3.41303918e-02
  1.37030058e-01 0.00000000e+00 4.28079477e-02 0.00000000e+00
  0.00000000e+00 5.20452460e-02 3.62449262e-01]
 [9.68819828e-02 0.00000000e+00 5.86653839e-02 2.09696980e-02
  1.69590548e-02 3.13597667e-01 1.45168289e-01 8.53040968e-02
  1.43723096e-01 0.00000000e+00 4.56387610e-02 0.00000000e+00
  0.00000000e+00 5.86602602e-02 2.84515840e-01]
 [3.00154507e-01 1.07288150e-01 1.59351441e-01 1.17464801e-01
  1.44792680e-01 7.65285215e-01 2.70957136e-01 1.44167471e-01
  3.01729651e-01 0.00000000e+00 0.00000000e+00 0.00000000e+00
  0.00000000e+00 1.09742759e-01 2.54977268e-01]
 [3.98496461e-01 1.31734282e-01 1.95400500e-01 1.03711552e-01
  2.02041963e-01 1.54204550e+00 4.30898411e-01 1.75257449e-01
  2.33926493e-01 0.00000000e+00 0.00000000e+00 0.00000000e+00
  0.00000000e+00 1.38977880e-01 3.69452097e-01]
 [1.11000101e-02 0.00000000e+00 5.59829898e-02 0.00000000e+00
  3.36344298e-02 2.19430358e-01 0.00000000e+00 2.47468420e-02
  1.06402220e-01 0.00000000e+00 5.31561849e-02 0.00000000e+00
  0.00000000e+00 4.42138607e-02 3.22388362e-01]
 [5.79806750e-01 2.81205231e-02 1.06706337e-01 1.57244164e-01
  7.10350744e-01 1.61444106e+00 8.05589765e-02 1.50843317e-01
  6.31714895e-02 0.00000000e+00 0.00000000e+00 0.00000000e+00
  0.00000000e+00 0.00000000e+00 6.09080361e-02]
 [1.80065210e-01 2.48795128e-02 7.21646835e-02 3.74075777e-02
  0.00000000e+00 5.61667756e-01 1.93376902e-01 1.00040010e-01
  2.34219947e-01 0.00000000e+00 0.00000000e+00 0.00000000e+00
  0.00000000e+00 1.05181546e-01 1.16169225e-01]
 [1.40870973e-01 9.37081167e-03 6.73224808e-02 7.98403826e-02
  1.66874851e-01 6.57141182e-01 0.00000000e+00 2.60759158e-02
  0.00000000e+00 0.00000000e+00 0.00000000e+00 0.00000000e+00
  0.00000000e+00 3.85740323e-02 9.27020929e-02]
 [1.36926513e-02 0.00000000e+00 1.38179242e-01 1.06133243e-01
  0.00000000e+00 3.98422940e-02 1.06300576e-01 1.04600286e-01
  9.38896005e-02 0.00000000e+00 0.00000000e+00 0.00000000e+00
  4.29202005e-02 3.85544789e-02 1.13975673e-01]
 [3.22668263e-02 0.00000000e+00 1.31620736e-01 1.24367568e-01
  0.00000000e+00 5.23998537e-02 1.12904436e-01 8.84963143e-02
  0.00000000e+00 0.00000000e+00 4.91276422e-02 0.00000000e+00
  1.05895962e-01 2.26160787e-02 0.00000000e+00]
 [6.82215052e-02 0.00000000e+00 1.49017501e-01 1.30308999e-01
  8.10446831e-02 3.01602376e-02 1.35126745e-01 9.15148253e-02
  1.69786047e-01 2.34961487e-03 0.00000000e+00 0.00000000e+00
  1.05678570e-02 1.08236535e-01 3.27829286e-01]
 [3.43348301e-02 0.00000000e+00 1.58060498e-01 6.16031511e-02
  0.00000000e+00 6.03807910e-02 1.39089844e-01 6.29050542e-02
  2.02218563e-01 0.00000000e+00 0.00000000e+00 0.00000000e+00
  5.50232328e-02 4.90824863e-02 9.24098437e-02]
 [1.66087488e-01 1.73190615e-01 6.61901479e-02 2.57688913e-01
  1.60706927e-01 9.48840425e-02 3.49387920e-01 1.45333315e-01
  6.63389143e-01 1.23054925e+00 5.41135941e-01 4.62263196e-01
  4.65787018e-01 1.18063184e-01 6.38040055e-01]]

6
----------------------------------------------------------------------------------
[[3.62152136e-02 0.00000000e+00 1.52327369e-02 6.77018094e-02
  1.15096124e-01 4.33210927e-02 1.60053545e-01 1.70654219e-01
  0.00000000e+00 0.00000000e+00 0.00000000e+00 0.00000000e+00
  8.37590403e-02 0.00000000e+00 0.00000000e+00]
 [1.44477113e-02 0.00000000e+00 2.62056768e-02 7.07426350e-02
  2.86839137e-02 8.45662050e-03 4.71971938e-02 1.71610020e-01
  0.00000000e+00 0.00000000e+00 0.00000000e+00 0.00000000e+00
  3.39973499e-01 0.00000000e+00 5.49657687e-01]
 [1.53588196e-01 0.00000000e+00 4.02028614e-02 4.88476138e-02
  2.05386117e-02 0.00000000e+00 2.39449441e-02 7.90992411e-02
  0.00000000e+00 0.00000000e+00 0.00000000e+00 0.00000000e+00
  2.18644264e-01 0.00000000e+00 2.44455416e-01]
 [1.14362779e-01 2.03821164e-01 1.99626689e-01 1.74957419e-01
  7.35922750e-03 1.04932056e-01 1.36666731e-01 3.42140215e-01
  0.00000000e+00 0.00000000e+00 2.04648785e-02 4.08373165e-02
  5.16690325e-01 0.00000000e+00 2.31748125e-01]
 [0.00000000e+00 1.02923649e-01 1.10365602e-01 9.42874312e-02
  3.01552173e-02 1.79440626e-02 8.66753333e-02 1.82790780e-01
  0.00000000e+00 0.00000000e+00 0.00000000e+00 0.00000000e+00
  4.40388594e-01 0.00000000e+00 3.35756413e-01]
 [4.20426061e-02 6.50488709e-02 2.13846375e-01 6.73369930e-02
  2.13354537e-02 1.86228255e-01 3.47378823e-02 1.42760727e-01
  7.29102821e-02 0.00000000e+00 0.00000000e+00 0.00000000e+00
  4.88333615e-01 1.13779601e-01 9.00655485e-01]
 [0.00000000e+00 0.00000000e+00 9.59167572e-02 1.21266192e-01
  2.63184777e-02 8.54951980e-02 3.61730792e-02 1.59245103e-01
  0.00000000e+00 0.00000000e+00 0.00000000e+00 5.34026647e-03
  4.64506988e-01 3.04924222e-02 5.93451199e-01]
 [1.17854881e-01 3.49956430e-01 1.66592829e-01 1.62825522e-01
  0.00000000e+00 1.62399476e-01 2.42950484e-01 4.37251582e-01
  9.26472131e-02 0.00000000e+00 0.00000000e+00 4.42297361e-03
  3.11202390e-01 4.15756170e-02 0.00000000e+00]
 [3.06829840e-02 3.45115105e-01 2.64540798e-01 7.22343502e-02
  5.11504909e-04 1.38594335e-01 1.97356581e-01 3.47773886e-01
  1.72628913e-01 0.00000000e+00 0.00000000e+00 1.10794775e-02
  2.96792746e-01 1.63774626e-02 0.00000000e+00]
 [8.57473599e-02 0.00000000e+00 7.92177128e-02 8.83938487e-02
  0.00000000e+00 5.71347782e-02 4.11362064e-02 1.41205781e-01
  0.00000000e+00 0.00000000e+00 7.32324025e-03 0.00000000e+00
  1.49341922e-01 0.00000000e+00 0.00000000e+00]
 [1.33748892e-01 1.34991790e-01 3.07109195e-01 9.11118955e-02
  0.00000000e+00 8.13800189e-02 9.94457543e-02 1.86498304e-01
  1.36250535e-01 0.00000000e+00 0.00000000e+00 0.00000000e+00
  5.02349364e-01 0.00000000e+00 1.74464185e-01]
 [4.79880722e-03 2.09173852e-01 1.39621044e-01 3.70570425e-02
  0.00000000e+00 8.87406876e-02 1.54063767e-01 1.89492854e-01
  5.89987525e-03 0.00000000e+00 0.00000000e+00 5.20659231e-03
  1.54157952e-01 0.00000000e+00 0.00000000e+00]
 [6.59167117e-02 0.00000000e+00 0.00000000e+00 9.54471835e-02
  0.00000000e+00 2.22868846e-02 5.35138136e-02 9.44395820e-02
  0.00000000e+00 0.00000000e+00 0.00000000e+00 0.00000000e+00
  1.41661198e-01 0.00000000e+00 0.00000000e+00]
 [3.00604777e-02 2.57868288e-01 9.19520383e-02 4.01015540e-02
  4.49675982e-02 5.46279588e-02 6.73103978e-02 8.44231422e-02
  9.42597512e-02 0.00000000e+00 0.00000000e+00 3.34376877e-02
  1.65717672e-01 0.00000000e+00 0.00000000e+00]
 [0.00000000e+00 1.67153270e-01 3.59115942e-02 8.14177707e-02
  0.00000000e+00 8.44969301e-02 9.65302967e-02 7.86804756e-02
  8.86584831e-02 0.00000000e+00 0.00000000e+00 5.36472798e-03
  1.19309040e-01 0.00000000e+00 0.00000000e+00]
 [7.57667430e-02 1.82649886e-01 1.14938787e-01 5.19580268e-02
  6.83622796e-02 1.56363272e-01 1.32854417e-01 1.19245139e-01
  2.24382173e-01 0.00000000e+00 0.00000000e+00 1.12615961e-02
  2.31029493e-01 0.00000000e+00 0.00000000e+00]
 [5.66066659e-02 1.97803343e-01 6.53047352e-02 5.90072151e-02
  0.00000000e+00 1.09143362e-01 9.25717107e-02 1.49722225e-01
  0.00000000e+00 0.00000000e+00 0.00000000e+00 0.00000000e+00
  1.17480002e-01 0.00000000e+00 0.00000000e+00]
 [1.30365488e-01 6.24901438e-01 1.05281550e-01 8.16875423e-02
  1.77092470e-01 1.29346945e-01 7.05247962e-02 4.29833256e-02
  4.07089980e-01 5.39382411e-01 2.14152518e-01 2.41995848e-01
  1.25400134e-01 3.07939571e-01 4.44179003e-01]]

7
----------------------------------------------------------------------------------
[[1.40668721e+00 1.37468222e+00 1.04414227e+00 5.64597582e-01
  4.41705372e-01 5.62926895e-01 8.87096562e-02 3.97449129e-02
  0.00000000e+00 1.00629515e-02 0.00000000e+00 3.07917716e-01
  1.20526825e-01 7.33711968e-02 1.96969910e-01]
 [1.76765016e+00 8.39113048e-01 7.19730743e-01 6.04831135e-01
  3.81324275e-01 4.89689310e-01 4.40886476e-02 4.64581926e-02
  6.92974411e-02 2.56994894e-02 1.70500676e-02 1.05211536e-01
  0.00000000e+00 7.90304643e-02 1.34337124e-01]
 [1.07208521e+00 1.00255701e+00 1.28001229e+00 6.53272993e-01
  4.81639878e-01 4.68857173e-01 1.32777546e-01 0.00000000e+00
  2.84460736e-02 1.31929070e-01 1.82083263e-01 7.38505474e-02
  0.00000000e+00 1.21887035e-01 1.32480945e-01]
 [2.45455751e+00 2.23680456e+00 1.35441634e+00 9.04586235e-01
  6.12915937e-01 7.66055531e-01 1.91792114e-01 6.27069243e-02
  0.00000000e+00 1.46196354e-01 4.15499246e-02 4.98436682e-01
  4.09140441e-01 1.33565899e-01 2.50758827e-01]
 [2.30229661e+00 1.99174148e+00 1.03596559e+00 6.31843899e-01
  4.62202866e-01 5.00389997e-01 1.09178238e-01 0.00000000e+00
  0.00000000e+00 6.97128279e-02 4.15805938e-02 2.72528760e-01
  1.48682495e-01 6.26482771e-02 2.02706858e-01]
 [2.56996607e+00 1.41973153e+00 1.27646474e+00 8.42579368e-01
  7.01604529e-01 5.54914514e-01 1.78344764e-01 4.64772425e-02
  4.43470186e-02 1.56513210e-01 1.06027501e-01 1.41826402e-01
  9.73934908e-02 1.66553520e-01 2.33118895e-01]
 [2.99880526e+00 2.09389952e+00 1.33211589e+00 8.61126459e-01
  5.26387784e-01 6.38496328e-01 1.16177199e-01 6.67021045e-02
  7.14240152e-02 1.74387468e-01 8.38713556e-02 1.86627106e-01
  3.61577143e-02 1.07589854e-01 1.99732068e-01]
 [6.58269621e-01 1.73445909e-01 1.71156999e-01 1.13373405e-01
  0.00000000e+00 2.47764321e-01 6.23556092e-02 0.00000000e+00
  0.00000000e+00 1.62074061e-01 4.20744647e-02 2.63969866e-01
  3.40893634e-01 5.36412146e-02 2.25392517e-01]
 [1.35704670e-01 0.00000000e+00 8.28869683e-02 1.82143676e-01
  5.57710827e-02 3.73784363e-01 1.42452661e-01 0.00000000e+00
  0.00000000e+00 1.34886064e-01 2.68691898e-02 2.65208839e-01
  3.05017250e-01 8.94262490e-02 1.93102689e-01]
 [0.00000000e+00 0.00000000e+00 2.71961775e-01 4.55172930e-02
  1.34726630e-01 0.00000000e+00 8.87060392e-02 0.00000000e+00
  8.85143377e-02 2.02993808e-01 9.81996767e-02 3.03627446e-02
  0.00000000e+00 1.09086322e-01 5.26267559e-03]
 [1.38025173e-01 3.25183039e-02 3.48176357e-01 2.40837070e-01
  1.23968306e-01 1.57846989e-01 8.75883052e-02 0.00000000e+00
  0.00000000e+00 2.44686076e-01 2.60299431e-02 2.73443678e-01
  1.49787525e-01 9.25547039e-02 1.73462804e-01]
 [0.00000000e+00 0.00000000e+00 0.00000000e+00 6.82384045e-02
  0.00000000e+00 4.34165599e-02 2.66418079e-02 0.00000000e+00
  0.00000000e+00 8.82041591e-02 0.00000000e+00 1.51121864e-01
  2.05206187e-01 3.23937970e-02 9.23207615e-02]
 [0.00000000e+00 0.00000000e+00 0.00000000e+00 1.01675464e-01
  0.00000000e+00 0.00000000e+00 7.05620248e-03 0.00000000e+00
  0.00000000e+00 5.85608602e-02 6.05391597e-02 3.67127785e-03
  0.00000000e+00 7.77900288e-02 1.00392647e-02]
 [0.00000000e+00 0.00000000e+00 0.00000000e+00 3.35190797e-02
  0.00000000e+00 6.24254721e-02 0.00000000e+00 0.00000000e+00
  0.00000000e+00 1.55481332e-01 0.00000000e+00 7.39906779e-02
  1.47858443e-01 8.06590702e-02 7.85712823e-02]
 [0.00000000e+00 0.00000000e+00 0.00000000e+00 1.29241452e-02
  0.00000000e+00 6.75445000e-03 0.00000000e+00 0.00000000e+00
  0.00000000e+00 4.45768975e-02 2.35882000e-02 8.33053572e-04
  1.48253166e-01 9.46326669e-02 8.90205346e-02]
 [0.00000000e+00 0.00000000e+00 0.00000000e+00 1.00366493e-02
  0.00000000e+00 0.00000000e+00 5.08793025e-02 0.00000000e+00
  3.36346548e-03 2.82809809e-01 2.06332393e-03 1.21736606e-01
  9.36011620e-02 1.22607452e-01 4.90364811e-02]
 [0.00000000e+00 0.00000000e+00 0.00000000e+00 1.19715344e-01
  0.00000000e+00 8.30216831e-02 0.00000000e+00 0.00000000e+00
  0.00000000e+00 1.02902350e-01 2.51227417e-02 1.93462984e-01
  1.93622673e-01 9.07595141e-02 1.12233069e-01]
 [4.94787832e-01 3.62467323e-01 2.52835083e-01 1.12911895e-01
  1.81156593e-01 4.48828313e-01 1.81845047e-01 2.58215495e-01
  2.32953784e-01 1.68621603e-01 1.56132708e-01 2.22007312e-01
  2.32427316e-01 7.89690735e-02 1.88525276e-01]]

7
----------------------------------------------------------------------------------
[[0.0234442  0.         0.01318474 0.2846572 ]
 [0.         0.         0.         0.        ]
 [0.         0.         0.46452229 0.        ]
 [0.33982063 0.         0.15004754 0.52191922]
 [0.15804481 0.         0.2059217  0.42184743]
 [0.07546377 0.         0.81568652 0.        ]
 [0.14504815 0.         0.47373306 0.08520914]
 [0.15025025 0.         0.06753783 0.31783691]
 [0.29234406 0.         0.13677246 0.36407922]
 [0.05267526 0.04212827 0.80948353 0.        ]
 [0.10254023 0.         0.78666546 0.        ]
 [0.18049057 0.         0.         0.46577631]
 [0.         0.         0.46526705 0.        ]
 [0.11372843 0.03442852 0.20046036 0.03182388]
 [0.         0.01011759 0.05977958 0.        ]
 [0.08719717 0.04748299 0.50976887 0.        ]
 [0.11132216 0.         0.08745584 0.17650851]
 [0.45628473 0.31436665 0.50762293 1.03463919]]