

1
----------------------------------------------------------------------------------
[[1.78959317e-03 2.06178018e-01 1.40204231e-01 1.18660792e-01
  2.17635085e-03 2.92153203e-01 7.91042733e-02 0.00000000e+00
  1.11382166e-01 5.25590074e-02 2.34608154e-02 2.18818784e-02
  5.33705442e-01 4.43989549e-01 8.83741954e-01]
 [0.00000000e+00 2.19674218e-03 0.00000000e+00 4.17429041e-02
  6.52011710e-03 8.18748602e-02 0.00000000e+00 0.00000000e+00
  2.26663137e-02 0.00000000e+00 0.00000000e+00 3.97909741e-02
  1.44140139e-01 8.61990801e-02 7.37660266e-03]
 [4.20977649e-02 0.00000000e+00 0.00000000e+00 1.78339263e-01
  3.69309507e-03 3.20073316e-01 0.00000000e+00 0.00000000e+00
  2.75257553e-02 0.00000000e+00 2.33716040e-02 2.07205452e-02
  2.52403382e-01 7.73370161e-01 5.38369631e-01]
 [4.57851964e-02 3.66365677e-01 4.51346444e-01 1.83656535e-01
  1.79477465e-02 2.50110586e-01 2.27345733e-01 1.10562240e-01
  2.52236161e-01 1.56299411e-01 1.07691939e-01 8.16618223e-02
  8.67028554e-01 7.53933664e-01 1.46253523e+00]
 [9.68607475e-02 6.81533605e-02 1.02648171e-01 6.06448528e-02
  0.00000000e+00 1.18585457e-01 1.34790956e-02 0.00000000e+00
  1.14072564e-01 7.03637847e-02 6.60764623e-02 5.11825919e-02
  5.30923415e-01 4.93272236e-01 1.20015509e+00]
 [1.04284645e-01 1.35412900e-01 1.20536605e-01 1.65560220e-01
  1.23169641e-02 3.33258344e-01 7.74279788e-02 0.00000000e+00
  2.93465635e-02 2.02222144e-02 0.00000000e+00 1.05376786e-01
  5.51441146e-01 8.99665376e-01 1.13087728e+00]
 [1.40113753e-01 3.76543323e-02 1.44044662e-01 1.20782698e-01
  0.00000000e+00 2.39013698e-01 1.19147874e-01 0.00000000e+00
  8.49661750e-02 4.58330889e-02 1.00567485e-01 5.26794579e-02
  4.25216002e-01 6.36793630e-01 8.99602485e-01]
 [2.09322544e-02 4.13910738e-01 4.90753379e-01 8.20253006e-01
  3.42077105e-01 3.20311930e-01 2.46732782e-01 9.56396739e-02
  3.41611408e-01 2.35716405e-01 1.74834013e-01 7.07265542e-04
  5.67392534e-01 1.77670305e-02 2.59190798e-01]
 [7.15943839e-02 3.15288236e-01 5.92837946e-01 1.79436711e+00
  4.75033909e-01 3.80727792e-01 2.67435823e-01 7.42984709e-02
  2.78576093e-01 1.79109611e-01 2.43191815e-01 0.00000000e+00
  5.45729742e-01 3.93636698e-02 2.13632866e-01]
 [1.11463610e-01 3.84085916e-02 0.00000000e+00 1.57288075e-01
  1.12411619e-01 2.74604422e-01 0.00000000e+00 0.00000000e+00
  5.36126144e-02 3.55396083e-02 5.39448072e-02 1.27500199e-01
  2.72671789e-01 1.48959256e-01 0.00000000e+00]
 [1.82174926e-01 0.00000000e+00 6.17760876e-01 2.35434454e+00
  1.77203467e-01 4.32646262e-01 2.17305053e-01 1.36291438e-01
  6.16149322e-02 1.33343384e-02 1.28679003e-01 0.00000000e+00
  3.90731883e-01 9.97299378e-02 0.00000000e+00]
 [1.52262165e-02 1.95574428e-01 2.81781371e-01 5.75503254e-01
  1.85812303e-01 2.26991517e-01 1.20418853e-01 0.00000000e+00
  1.44964880e-01 8.85308061e-02 4.53795025e-02 0.00000000e+00
  2.79602256e-01 0.00000000e+00 0.00000000e+00]
 [3.12326481e-02 0.00000000e+00 4.48805861e-02 8.27052552e-01
  9.00433252e-02 3.07608539e-01 0.00000000e+00 2.92026759e-03
  1.84082970e-02 8.66106514e-03 0.00000000e+00 2.30550479e-02
  1.26732420e-01 8.92883327e-02 0.00000000e+00]
 [1.13646866e-01 3.06246058e-02 7.23822524e-02 2.05895705e-02
  1.00026722e-01 4.06447495e-02 2.48890322e-01 0.00000000e+00
  5.95406550e-02 3.66432141e-02 9.66151176e-02 9.77107780e-03
  5.61481493e-02 2.00336743e-01 0.00000000e+00]
 [0.00000000e+00 0.00000000e+00 6.99354748e-03 0.00000000e+00
  6.06181921e-02 4.47168613e-02 1.49340767e-01 0.00000000e+00
  2.20416905e-02 4.12898992e-02 3.54588280e-02 6.43410243e-02
  4.59639911e-02 1.79846730e-01 0.00000000e+00]
 [1.76908093e-01 0.00000000e+00 0.00000000e+00 9.57087382e-02
  7.82777899e-02 1.67487104e-01 1.79498936e-01 0.00000000e+00
  2.20840637e-02 1.41406933e-02 3.75607758e-02 7.40811563e-02
  9.71086046e-02 1.63367119e-01 1.81163782e-02]
 [1.92088293e-02 8.84311050e-02 1.98882855e-01 1.22581527e-01
  9.34379253e-02 2.65104559e-02 2.39824696e-01 3.79382128e-02
  1.49565658e-01 1.37030538e-01 9.76512650e-02 3.74333757e-02
  1.08963126e-01 1.81389950e-01 0.00000000e+00]
 [2.00276490e-01 2.48083835e-01 2.80953269e-01 1.65079899e-01
  1.29893048e-01 1.52886584e-01 4.43501225e-01 1.84495534e-01
  1.23001006e-01 1.50244672e-01 2.56416857e-01 1.06243219e-01
  1.28585798e-01 1.32910357e-01 5.83936170e-01]]

2
----------------------------------------------------------------------------------
[[1.45210724e+00 0.00000000e+00 1.32206666e-01 3.85029501e-01
  3.20445011e-01 4.69399844e-01 1.89782721e-01 4.28012071e-02
  2.59887340e-03 5.31057593e-02 1.97537302e-01 4.55819155e-03
  2.76179884e-02 5.59093184e-02 0.00000000e+00]
 [1.11850349e+00 2.02622082e-01 4.19101062e-01 6.04184012e-01
  9.52696181e-01 3.83473367e-01 2.92769414e-01 2.15214876e-01
  0.00000000e+00 1.88869227e-01 2.07617325e-01 0.00000000e+00
  4.47898440e-02 1.14956739e-01 0.00000000e+00]
 [9.67375781e-01 3.28655287e-01 9.16584077e-02 5.56388616e-01
  5.26349162e-01 4.02368678e-02 1.29666550e-01 1.03057940e-01
  0.00000000e+00 8.69311106e-02 0.00000000e+00 4.53583295e-02
  7.55571870e-02 0.00000000e+00 0.00000000e+00]
 [1.55212513e+00 2.49869667e-01 3.91368041e-01 6.33357639e-01
  5.56756941e-01 5.50044925e-01 1.13459617e-01 6.80382008e-02
  1.25715135e-01 2.17499294e-01 2.99541314e-01 0.00000000e+00
  1.78768154e-02 3.21986085e-01 9.13844073e-02]
 [1.62725499e+00 1.25584751e-01 3.93428289e-01 6.94782915e-01
  8.11718754e-01 6.62127530e-01 2.36671141e-01 3.58496714e-02
  1.41278320e-01 2.12293749e-01 3.26157140e-01 2.08942945e-02
  0.00000000e+00 3.51802224e-01 2.09944961e-01]
 [2.24300267e+00 4.05871097e-01 7.09011698e-01 8.07018575e-01
  8.21746549e-01 4.47189427e-01 2.91321328e-01 8.92689420e-02
  5.61143150e-02 1.75610672e-01 3.19223932e-01 0.00000000e+00
  6.98246576e-02 5.46958698e-02 1.07454275e-01]
 [2.45810317e+00 9.30428600e-01 6.78752282e-01 9.03088875e-01
  1.04867001e+00 6.32895660e-01 3.80001600e-01 8.54863129e-02
  6.79422475e-02 2.54039179e-01 3.36826847e-01 0.00000000e+00
  0.00000000e+00 3.43132689e-01 2.63357234e-01]
 [3.65088783e-01 0.00000000e+00 0.00000000e+00 6.37500178e-02
  1.90126056e-01 1.36463693e-01 0.00000000e+00 2.06077782e-01
  4.30912415e-02 2.73981286e-01 1.66357009e-02 0.00000000e+00
  7.64183014e-02 6.72736259e-02 0.00000000e+00]
 [3.15343161e-01 1.41008536e-01 0.00000000e+00 2.77999361e-01
  1.30582150e-01 2.31995250e-01 0.00000000e+00 1.50618056e-01
  1.09809249e-01 5.58602639e-01 9.76397320e-02 0.00000000e+00
  1.14773457e-01 2.15619666e-01 0.00000000e+00]
 [3.66755517e-01 0.00000000e+00 0.00000000e+00 1.14323998e-01
  1.84424043e-01 1.62804803e-01 0.00000000e+00 1.42092561e-01
  0.00000000e+00 0.00000000e+00 0.00000000e+00 8.90826986e-02
  1.77550366e-01 0.00000000e+00 0.00000000e+00]
 [7.27983566e-01 8.71816891e-02 2.26809451e-02 3.48986934e-01
  3.77894665e-01 6.91564863e-04 0.00000000e+00 1.99123118e-02
  0.00000000e+00 3.40531800e-01 0.00000000e+00 1.56449250e-01
  2.14230377e-01 1.80804326e-01 0.00000000e+00]
 [0.00000000e+00 1.15833675e-01 0.00000000e+00 1.66162378e-01
  5.53677051e-02 5.50405042e-02 0.00000000e+00 4.51450756e-02
  0.00000000e+00 1.42569154e-01 5.09058890e-02 0.00000000e+00
  7.61075141e-03 6.03973628e-02 6.60705574e-05]
 [1.40585721e-01 0.00000000e+00 0.00000000e+00 3.08315695e-01
  2.02533508e-01 0.00000000e+00 0.00000000e+00 7.01723510e-02
  0.00000000e+00 1.26108231e-01 0.00000000e+00 0.00000000e+00
  0.00000000e+00 0.00000000e+00 0.00000000e+00]
 [0.00000000e+00 2.63621681e-01 0.00000000e+00 0.00000000e+00
  1.48461855e-02 8.54913687e-02 0.00000000e+00 2.80063020e-02
  2.21799939e-02 8.24729233e-03 1.25623124e-01 0.00000000e+00
  4.60051102e-02 2.51947254e-01 2.21200656e-01]
 [0.00000000e+00 1.60791583e-01 0.00000000e+00 4.36123848e-02
  4.86091574e-02 5.59105535e-02 5.15510050e-03 7.51904124e-02
  0.00000000e+00 1.39838111e-01 0.00000000e+00 0.00000000e+00
  2.65536632e-02 2.59164141e-01 8.77088399e-03]
 [1.00547153e-01 1.61514001e-01 0.00000000e+00 0.00000000e+00
  2.23289010e-02 3.83965508e-02 0.00000000e+00 5.76692030e-02
  0.00000000e+00 5.26428618e-02 7.20783290e-02 0.00000000e+00
  4.87116933e-02 0.00000000e+00 1.04616165e-01]
 [0.00000000e+00 2.96648652e-01 0.00000000e+00 0.00000000e+00
  1.02714596e-01 9.65123951e-02 0.00000000e+00 1.14678804e-01
  2.07938327e-02 8.27369274e-02 1.09765490e-01 1.48677483e-03
  0.00000000e+00 1.85439800e-01 0.00000000e+00]
 [3.00173989e-01 5.77632678e-01 4.98139619e-01 1.72718369e-01
  9.87470846e-02 4.29406851e-01 1.82059867e-01 1.14830139e-01
  3.53342863e-01 1.76989751e-01 5.43113644e-01 1.92457886e-01
  1.24196497e-01 1.03015889e+00 1.08958399e+00]]

3
----------------------------------------------------------------------------------
[[0.00000000e+00 0.00000000e+00 0.00000000e+00 0.00000000e+00
  0.00000000e+00 0.00000000e+00 0.00000000e+00 0.00000000e+00
  0.00000000e+00 0.00000000e+00 1.01658896e-01 5.96795129e-02
  2.43401801e-01 4.59719910e-01 7.54154710e-01]
 [0.00000000e+00 0.00000000e+00 0.00000000e+00 0.00000000e+00
  0.00000000e+00 0.00000000e+00 0.00000000e+00 0.00000000e+00
  0.00000000e+00 4.01019460e-02 1.43720263e-02 0.00000000e+00
  5.22142927e-02 6.12088532e-02 7.45539359e-02]
 [0.00000000e+00 0.00000000e+00 0.00000000e+00 0.00000000e+00
  0.00000000e+00 0.00000000e+00 0.00000000e+00 0.00000000e+00
  0.00000000e+00 2.14664840e-01 2.91160863e-02 1.64298798e-02
  4.89219911e-02 4.39758945e-02 0.00000000e+00]
 [0.00000000e+00 0.00000000e+00 5.04287077e-02 0.00000000e+00
  1.40237596e-02 5.35947357e-02 0.00000000e+00 0.00000000e+00
  0.00000000e+00 0.00000000e+00 3.19268859e-01 2.55887271e-01
  6.57393332e-01 1.41911435e+00 2.22293779e+00]
 [0.00000000e+00 0.00000000e+00 2.45459173e-02 0.00000000e+00
  0.00000000e+00 1.61192692e-01 0.00000000e+00 0.00000000e+00
  0.00000000e+00 0.00000000e+00 8.26492269e-02 4.82390323e-02
  3.97352743e-03 3.58351357e-01 9.00307000e-01]
 [0.00000000e+00 0.00000000e+00 0.00000000e+00 0.00000000e+00
  0.00000000e+00 1.76634149e-01 0.00000000e+00 0.00000000e+00
  0.00000000e+00 2.03045617e-01 5.69491424e-02 3.81910517e-02
  2.21602387e-02 1.07487227e-01 3.41353673e-01]
 [0.00000000e+00 0.00000000e+00 8.90251983e-03 0.00000000e+00
  0.00000000e+00 1.77049151e-01 0.00000000e+00 0.00000000e+00
  0.00000000e+00 7.94004850e-02 2.43662697e-02 0.00000000e+00
  5.30393923e-02 8.73228766e-02 1.72658165e-01]
 [0.00000000e+00 0.00000000e+00 0.00000000e+00 0.00000000e+00
  1.01708315e-01 0.00000000e+00 0.00000000e+00 0.00000000e+00
  0.00000000e+00 0.00000000e+00 2.95477180e-01 2.48152800e-01
  7.37053895e-01 1.09776475e+00 1.25901148e+00]
 [0.00000000e+00 0.00000000e+00 0.00000000e+00 0.00000000e+00
  0.00000000e+00 8.52064116e-02 1.77114342e-01 8.68554139e-01
  0.00000000e+00 0.00000000e+00 2.70073631e-01 1.14917831e-01
  1.14249517e-01 2.47732541e-01 7.45468078e-01]
 [0.00000000e+00 0.00000000e+00 0.00000000e+00 0.00000000e+00
  0.00000000e+00 3.14031528e-03 0.00000000e+00 0.00000000e+00
  0.00000000e+00 2.59686623e-01 1.01188874e-01 1.04965272e-01
  1.32238534e-02 4.38379120e-02 1.84005810e-01]
 [0.00000000e+00 0.00000000e+00 0.00000000e+00 0.00000000e+00
  0.00000000e+00 1.38125537e-01 5.83529331e-01 6.80014358e-01
  0.00000000e+00 4.70585762e-02 8.71677653e-02 8.71531050e-02
  1.54629131e-01 2.30599037e-02 7.74379395e-02]
 [0.00000000e+00 0.00000000e+00 0.00000000e+00 0.00000000e+00
  0.00000000e+00 1.24275562e-02 0.00000000e+00 9.13356450e-02
  0.00000000e+00 0.00000000e+00 1.73579828e-01 0.00000000e+00
  3.29795229e-02 5.08316936e-02 4.77712493e-01]
 [0.00000000e+00 0.00000000e+00 0.00000000e+00 0.00000000e+00
  0.00000000e+00 2.10376184e-02 0.00000000e+00 1.74412680e-01
  4.86255382e-02 1.36081713e-01 4.18879331e-02 5.07615339e-03
  1.39074780e-02 0.00000000e+00 3.88185003e-02]
 [0.00000000e+00 1.10851846e-02 9.20062353e-02 0.00000000e+00
  0.00000000e+00 2.37101263e-01 0.00000000e+00 0.00000000e+00
  0.00000000e+00 1.62636064e-02 1.01069088e-01 0.00000000e+00
  1.90363632e-03 7.49479407e-02 2.21293812e-01]
 [8.38556542e-02 1.13001880e-02 0.00000000e+00 0.00000000e+00
  6.78748336e-02 2.38618396e-01 0.00000000e+00 0.00000000e+00
  7.12108151e-02 0.00000000e+00 7.17090775e-02 5.90070237e-03
  5.29903306e-02 1.16248085e-01 1.69469904e-01]
 [0.00000000e+00 0.00000000e+00 0.00000000e+00 0.00000000e+00
  0.00000000e+00 2.82575614e-01 0.00000000e+00 6.43101010e-02
  2.99095181e-03 1.71976161e-02 6.86201181e-02 5.33672327e-02
  4.72485273e-02 4.10959777e-02 5.40691111e-02]
 [0.00000000e+00 1.92931085e-02 6.50097287e-02 0.00000000e+00
  4.59579055e-02 2.19371299e-01 0.00000000e+00 0.00000000e+00
  0.00000000e+00 0.00000000e+00 1.84173900e-01 0.00000000e+00
  1.25250320e-02 5.07058681e-02 3.58719309e-01]
 [5.91471968e-01 3.74449720e-01 7.87593879e-01 7.13653068e-01
  6.76312947e-01 5.71467930e-01 1.42269895e+00 1.23824963e+00
  6.67331440e-01 2.21166519e-01 1.14334980e-01 1.18044366e-01
  1.40977181e-01 1.12089803e-01 3.29601947e-01]]

4
----------------------------------------------------------------------------------
[[2.43420075e-01 4.19113166e-01 2.02551061e-01 1.99341291e-01
  2.23295808e-01 1.69995589e-01 0.00000000e+00 0.00000000e+00
  4.15723162e-01 4.34382414e-02 2.03499505e-01 1.80878459e-01
  2.80539010e-03 0.00000000e+00 0.00000000e+00]
 [3.32147333e-01 2.75106596e-01 5.66177497e-02 9.77911925e-02
  1.54271910e-01 1.03936767e-01 0.00000000e+00 0.00000000e+00
  1.55437773e-01 0.00000000e+00 5.04171613e-02 7.85254513e-02
  1.07341090e-02 0.00000000e+00 0.00000000e+00]
 [1.28863191e-02 0.00000000e+00 5.53775768e-02 1.67598398e-01
  3.19975101e-02 1.88407029e-01 0.00000000e+00 3.33507229e-02
  1.04342281e-01 9.48547693e-02 8.85750219e-02 1.99157753e-01
  6.66836229e-02 0.00000000e+00 4.44931207e-03]
 [6.03599055e-01 1.09809731e+00 5.25738621e-01 4.04958584e-01
  3.87197219e-01 7.32162520e-02 2.25829608e-01 4.36903174e-02
  9.39746611e-01 1.79239560e-01 3.41662782e-01 2.83247319e-01
  3.54699036e-02 1.92127367e-01 1.25219389e-01]
 [4.95786098e-01 5.27607044e-01 1.06984669e-01 1.98510109e-01
  2.50650456e-01 6.72342341e-02 1.56350443e-01 0.00000000e+00
  4.03497652e-01 2.21001956e-02 1.59755030e-01 6.02434989e-02
  3.59235562e-04 6.71742028e-02 4.57433842e-02]
 [1.39473473e-01 0.00000000e+00 5.58767863e-02 2.00414728e-01
  1.12433136e-01 8.14366264e-02 1.59046965e-01 7.56433878e-02
  3.98085239e-01 7.92556509e-02 2.27572701e-01 4.72079846e-02
  2.06386325e-01 5.78481815e-02 0.00000000e+00]
 [3.29142909e-01 7.10342434e-02 7.29807405e-02 1.48578654e-01
  9.12434945e-02 4.09597786e-02 5.56258144e-02 1.44429635e-03
  1.67900479e-01 0.00000000e+00 4.82358144e-02 8.52222019e-02
  9.48363977e-02 1.63975550e-01 0.00000000e+00]
 [1.41501467e-01 4.76120553e-01 2.19820512e-01 1.95677406e-01
  2.86433737e-01 2.00174522e-01 1.55414835e-01 0.00000000e+00
  6.53714124e-01 3.46761920e-01 2.16236625e-01 9.49767635e-02
  0.00000000e+00 3.10224043e-01 5.88565255e-02]
 [3.24146079e-01 3.07317816e-01 1.59615128e-01 1.14475189e-01
  2.24002428e-01 8.99661088e-02 3.37373139e-01 0.00000000e+00
  5.90582534e-01 2.85363882e-01 1.48309694e-01 5.49171068e-02
  0.00000000e+00 2.62646200e-01 1.18044888e-01]
 [1.31467520e-01 0.00000000e+00 2.00864006e-01 1.75573022e-01
  1.91632428e-01 1.88945788e-01 2.48217685e-01 2.43966845e-01
  1.76830546e-01 1.34170025e-01 9.22249052e-02 3.25876563e-01
  1.77092763e-01 1.07989689e-01 7.96572365e-02]
 [2.69213482e-01 0.00000000e+00 7.38614092e-02 1.46198721e-01
  1.20666605e-02 1.34072147e-01 0.00000000e+00 0.00000000e+00
  3.81199998e-01 1.42972727e-01 4.70220615e-02 0.00000000e+00
  1.40173333e-01 2.55795072e-02 0.00000000e+00]
 [1.27911737e-01 1.70371103e-01 1.60341809e-01 9.42413103e-02
  1.66413553e-01 4.26660829e-02 1.22008371e-01 0.00000000e+00
  3.58631716e-01 1.96775131e-01 1.11395673e-01 1.21204300e-02
  0.00000000e+00 1.96877759e-01 0.00000000e+00]
 [2.55627068e-02 0.00000000e+00 4.81461195e-02 5.91152608e-02
  7.60681735e-02 5.58327762e-02 0.00000000e+00 5.71596592e-02
  2.39674778e-02 2.85336552e-02 1.21667078e-01 1.34691521e-02
  1.25393303e-01 0.00000000e+00 4.43942885e-02]
 [1.50825557e-01 0.00000000e+00 6.64039001e-02 6.43617242e-02
  1.54878506e-01 2.54756010e-02 2.14109571e-01 0.00000000e+00
  1.42014528e-01 1.40507149e-01 0.00000000e+00 0.00000000e+00
  0.00000000e+00 1.25687485e-01 4.40433087e-02]
 [1.76625309e-02 0.00000000e+00 5.73823489e-02 5.79681689e-02
  1.35007491e-01 4.94028416e-02 0.00000000e+00 0.00000000e+00
  6.40115820e-02 4.33692769e-02 0.00000000e+00 0.00000000e+00
  0.00000000e+00 0.00000000e+00 6.38520724e-03]
 [1.43264819e-01 0.00000000e+00 1.49995061e-01 8.18318690e-02
  2.14292944e-01 4.28913440e-02 3.63134967e-01 8.01770675e-03
  1.59786133e-01 1.32199941e-01 1.81430462e-02 0.00000000e+00
  6.56271860e-02 1.90149378e-01 5.32491226e-02]
 [5.71991669e-02 7.96551268e-02 1.65402990e-01 4.70501557e-02
  2.12268062e-01 7.88725340e-02 1.02057610e-01 0.00000000e+00
  2.84919899e-01 2.26891106e-01 6.83361935e-02 0.00000000e+00
  0.00000000e+00 1.66341255e-01 1.07630340e-01]
 [3.56103131e-01 4.13630992e-01 8.63183982e-02 8.90574204e-02
  2.36023866e-01 7.16926163e-02 6.63250304e-01 2.07988012e-01
  3.09732900e-01 1.55052047e-01 2.47354222e-01 3.16307295e-01
  1.54570960e-01 5.96048663e-01 1.67912119e-01]]

5
----------------------------------------------------------------------------------
[[0.00000000e+00 0.00000000e+00 7.99238232e-03 3.06197248e-02
  1.61172561e-02 1.27309979e-01 5.44294911e-02 5.70259775e-02
  2.25926008e-01 0.00000000e+00 0.00000000e+00 0.00000000e+00
  3.25384099e-02 2.88984676e-01 0.00000000e+00]
 [0.00000000e+00 0.00000000e+00 0.00000000e+00 6.40820741e-02
  3.71241166e-02 0.00000000e+00 0.00000000e+00 4.61747422e-02
  5.03914971e-02 0.00000000e+00 0.00000000e+00 0.00000000e+00
  1.37142409e-01 6.68353673e-02 0.00000000e+00]
 [0.00000000e+00 1.05646032e-02 5.93490495e-02 0.00000000e+00
  1.28008778e-01 2.12131366e-02 4.72393144e-02 1.41606339e-01
  3.59444566e-02 0.00000000e+00 0.00000000e+00 0.00000000e+00
  1.01801149e-01 2.26187923e-02 0.00000000e+00]
 [3.28582014e-01 0.00000000e+00 2.10151211e-03 3.37804772e-01
  8.83562499e-02 4.73760402e-01 1.80244516e-01 1.43322679e-01
  4.54289072e-01 0.00000000e+00 0.00000000e+00 0.00000000e+00
  1.56128624e-01 7.57714192e-01 0.00000000e+00]
 [1.56584649e-01 0.00000000e+00 0.00000000e+00 2.02680951e-01
  6.83283882e-02 1.96123378e-01 7.04639659e-02 6.67834582e-02
  1.54765132e-01 2.55459651e-02 0.00000000e+00 0.00000000e+00
  1.70592973e-02 3.56503692e-01 0.00000000e+00]
 [4.87027095e-02 0.00000000e+00 3.96747306e-02 1.43175638e-01
  1.17938046e-01 6.17689025e-02 1.40365495e-01 1.24578779e-01
  7.87968315e-02 2.99511749e-02 0.00000000e+00 1.02826717e-01
  9.58302462e-02 4.72897168e-02 8.38817082e-03]
 [6.03165249e-02 0.00000000e+00 0.00000000e+00 1.39821145e-01
  7.65936580e-02 8.75377106e-02 7.29200506e-02 5.41178701e-02
  6.88758272e-02 4.22972301e-05 0.00000000e+00 0.00000000e+00
  2.83616452e-02 1.64864122e-01 0.00000000e+00]
 [2.69848571e-01 0.00000000e+00 0.00000000e+00 2.30193906e-01
  6.08624605e-02 3.96870572e-01 2.17467775e-01 7.28427487e-02
  3.07157384e-01 0.00000000e+00 0.00000000e+00 0.00000000e+00
  0.00000000e+00 5.29908890e-01 4.58878764e-02]
 [3.05442226e-01 0.00000000e+00 0.00000000e+00 5.02749489e-01
  1.86151450e-01 5.12646722e-01 2.76952901e-01 3.22385101e-02
  2.28009060e-01 6.62973763e-02 0.00000000e+00 0.00000000e+00
  6.69309211e-02 6.55199100e-01 9.92456551e-02]
 [2.70200794e-02 0.00000000e+00 3.12029922e-02 3.00795702e-01
  2.21050025e-01 5.95648188e-02 9.69501869e-02 1.19039488e-01
  7.48189107e-02 0.00000000e+00 0.00000000e+00 1.83583386e-01
  1.41180561e-01 4.24166831e-02 1.20231452e-01]
 [1.05854382e-01 0.00000000e+00 0.00000000e+00 5.05070774e-02
  3.97755708e-02 5.10331309e-02 1.63942818e-01 1.40982341e-01
  5.05489218e-02 0.00000000e+00 4.15020126e-02 0.00000000e+00
  7.80801140e-02 0.00000000e+00 0.00000000e+00]
 [8.73568588e-02 0.00000000e+00 0.00000000e+00 9.13604596e-02
  7.44197218e-03 2.40392802e-01 1.49786393e-01 6.10523962e-02
  9.14751357e-02 1.88181790e-05 0.00000000e+00 0.00000000e+00
  1.05621583e-02 3.62516590e-01 5.28480288e-02]
 [0.00000000e+00 0.00000000e+00 0.00000000e+00 0.00000000e+00
  3.39068116e-02 0.00000000e+00 3.10452460e-02 5.76311388e-02
  8.18329428e-02 0.00000000e+00 0.00000000e+00 0.00000000e+00
  8.47757128e-02 0.00000000e+00 0.00000000e+00]
 [1.79130788e-01 0.00000000e+00 0.00000000e+00 3.07643725e-01
  6.83645020e-02 2.24435895e-01 1.10718803e-01 4.08952289e-02
  7.96687816e-02 0.00000000e+00 5.85895823e-02 8.53127093e-02
  0.00000000e+00 3.22416181e-01 1.41613260e-01]
 [0.00000000e+00 5.14833337e-02 1.98331712e-02 2.43661752e-02
  9.15859660e-02 1.04733815e-01 6.02068833e-02 7.76305906e-03
  1.17744711e-01 0.00000000e+00 2.82843040e-02 0.00000000e+00
  0.00000000e+00 6.04311960e-02 5.83555185e-02]
 [1.18734870e-03 3.39841260e-02 0.00000000e+00 1.88632329e-01
  2.42637093e-01 1.09454927e-01 1.75149618e-01 9.47485398e-02
  5.98625237e-02 0.00000000e+00 8.85885803e-03 1.54981866e-01
  5.49136364e-02 2.39668256e-01 5.78956394e-02]
 [4.25072808e-02 0.00000000e+00 1.02715188e-02 1.59777690e-01
  8.83168629e-02 2.80298594e-01 1.62165584e-01 3.20884837e-02
  9.38685223e-02 3.85001889e-02 0.00000000e+00 0.00000000e+00
  0.00000000e+00 3.00931110e-01 7.41182302e-02]
 [5.26267646e-01 3.05646828e-01 1.46652131e-01 6.50629649e-01
  1.03969421e-01 2.52277189e-01 1.23337940e-01 7.68402622e-02
  6.70996953e-02 3.21212164e-01 3.33609855e-01 7.60041544e-01
  1.80116980e-01 4.36671428e-01 2.11770581e-01]]

6
----------------------------------------------------------------------------------
[[4.41529851e-01 4.07320695e-01 0.00000000e+00 1.58401426e-01
  1.76394272e-02 2.60117922e-01 7.50504606e-02 4.45349350e-01
  3.05372568e-01 3.79813546e+00 5.07665543e+00 2.25807753e+00
  2.76607565e+00 1.28703595e+00 1.51200361e-01]
 [0.00000000e+00 9.17673638e-02 0.00000000e+00 7.54022344e-02
  1.64826323e-01 5.99111562e-01 1.54074460e+00 1.38285745e+00
  1.56970935e+00 2.78103931e+00 3.86683971e+00 2.76938046e+00
  3.96376128e+00 2.80856705e+00 1.87899789e-01]
 [0.00000000e+00 8.86430916e-02 0.00000000e+00 0.00000000e+00
  0.00000000e+00 1.35460984e-01 5.21077199e-01 1.00000980e+00
  6.19083007e+00 6.42342118e+00 4.66772948e+00 1.65933431e+00
  2.56058692e+00 1.31240685e+00 3.96194330e-01]
 [1.27715318e+00 1.21938028e+00 1.15109778e+00 6.09219238e-01
  4.16602104e-01 3.46676233e-01 5.95890832e-01 1.84824827e+00
  3.97180981e+00 6.74247193e+00 6.51288787e+00 2.37484684e+00
  2.77873942e+00 1.56424121e+00 3.49849459e-01]
 [2.50832799e-01 3.87131282e-01 7.71266434e-03 1.50199167e-01
  4.33002247e-02 2.82882277e-01 8.97608508e-01 1.61987180e+00
  4.60519685e+00 5.16578820e+00 5.45708450e+00 2.24157533e+00
  2.55454717e+00 1.74057934e+00 2.65591620e-01]
 [8.80750117e-02 1.75515343e-01 9.05454728e-02 5.62965011e-02
  4.85756547e-02 4.10903843e-01 1.14738689e+00 2.49950671e+00
  5.51680582e+00 6.85800264e+00 6.87114194e+00 2.24380418e+00
  2.82351275e+00 1.27160483e+00 3.97902893e-01]
 [1.43356632e-02 1.21023446e-01 0.00000000e+00 0.00000000e+00
  0.00000000e+00 3.89955181e-01 1.24705207e+00 3.30752458e+00
  5.65944743e+00 5.38176043e+00 4.98812653e+00 1.99380021e+00
  2.76468038e+00 1.71848358e+00 3.11145739e-01]
 [7.94911376e-01 4.65451473e-01 5.31494897e-01 1.71589649e-01
  1.20635796e-01 1.31405562e-01 1.92586345e-02 1.85644570e-01
  9.56001234e-01 1.53738898e+00 1.68152453e+00 2.73050316e-01
  1.14872836e-01 8.16871708e-03 4.43600746e-01]
 [6.57176354e-01 2.81516148e-01 1.39521605e-01 0.00000000e+00
  2.71976082e-02 1.93831533e-01 2.50827476e-01 4.24299961e-01
  1.20438988e+00 1.61020557e+00 1.57881859e+00 8.97248754e-02
  0.00000000e+00 0.00000000e+00 1.96061689e-01]
 [0.00000000e+00 6.59831356e-02 1.15556467e-02 5.20902844e-02
  0.00000000e+00 3.44429268e-01 0.00000000e+00 0.00000000e+00
  1.06047651e+00 9.62101656e-01 6.43050374e-01 9.70026751e-01
  1.35877827e-01 0.00000000e+00 1.71950950e-01]
 [0.00000000e+00 0.00000000e+00 0.00000000e+00 0.00000000e+00
  0.00000000e+00 4.38806008e-02 2.79555902e-01 8.51399980e-01
  2.18093448e+00 1.57133843e+00 8.10690846e-01 2.31353581e-01
  0.00000000e+00 0.00000000e+00 1.91101385e-01]
 [2.71130386e-01 4.18803794e-02 2.73172006e-01 0.00000000e+00
  9.88967276e-02 1.80425033e-01 0.00000000e+00 0.00000000e+00
  4.25257575e-01 2.30440209e-01 0.00000000e+00 0.00000000e+00
  0.00000000e+00 0.00000000e+00 0.00000000e+00]
 [0.00000000e+00 0.00000000e+00 0.00000000e+00 0.00000000e+00
  0.00000000e+00 1.95771722e-01 0.00000000e+00 0.00000000e+00
  5.01597019e-01 3.66804399e-01 6.63212166e-02 0.00000000e+00
  0.00000000e+00 0.00000000e+00 4.34445688e-02]
 [8.43990750e-02 4.69511393e-02 4.71017713e-02 0.00000000e+00
  0.00000000e+00 5.46177354e-02 0.00000000e+00 0.00000000e+00
  4.24265019e-01 0.00000000e+00 0.00000000e+00 3.66766456e-02
  0.00000000e+00 0.00000000e+00 0.00000000e+00]
 [0.00000000e+00 3.56970748e-02 0.00000000e+00 0.00000000e+00
  0.00000000e+00 4.47631936e-03 0.00000000e+00 0.00000000e+00
  3.66786747e-01 0.00000000e+00 0.00000000e+00 0.00000000e+00
  0.00000000e+00 0.00000000e+00 0.00000000e+00]
 [0.00000000e+00 0.00000000e+00 0.00000000e+00 0.00000000e+00
  0.00000000e+00 3.22392055e-02 3.47183184e-02 0.00000000e+00
  3.62177130e-01 0.00000000e+00 0.00000000e+00 1.28383757e-01
  0.00000000e+00 0.00000000e+00 1.17510831e-01]
 [6.32433064e-02 0.00000000e+00 0.00000000e+00 0.00000000e+00
  4.02059459e-02 1.21102461e-01 0.00000000e+00 0.00000000e+00
  4.80433548e-01 3.81082885e-02 0.00000000e+00 0.00000000e+00
  0.00000000e+00 0.00000000e+00 0.00000000e+00]
 [4.23037591e-01 1.92534731e-01 6.12180110e-01 3.87159583e-01
  4.68734034e-01 4.23830012e-01 4.49674579e-01 7.72344233e-01
  4.64149387e-01 3.17364225e-01 5.36062825e-01 3.60894350e-01
  5.26834083e-01 4.64898387e-01 1.18059117e-01]]

7
----------------------------------------------------------------------------------
[[6.60770910e-01 1.16695987e+00 1.47211460e+00 9.68300630e-01
  5.24475056e-01 0.00000000e+00 0.00000000e+00 8.26288797e-01
  2.91996109e-01 3.21424830e-01]
 [6.67661107e-01 1.07358137e+00 1.11905064e+00 1.19500328e-01
  1.46328488e-01 3.43754585e-02 0.00000000e+00 1.97440770e-01
  1.02537191e+00 1.06218489e+00]
 [4.06809325e-02 4.08326624e-01 4.48608564e-01 4.72386117e-01
  2.64372869e-01 2.74416520e-01 0.00000000e+00 2.12899884e-01
  7.78527264e-01 1.71968898e+00]
 [1.62134568e+00 2.03312462e+00 3.56419203e+00 2.89189476e+00
  1.17085316e+00 0.00000000e+00 6.17834819e-02 1.61174669e+00
  4.31949037e-01 9.20120737e-02]
 [2.20951448e+00 2.92505601e+00 3.30591384e+00 1.85032815e+00
  9.75427900e-01 0.00000000e+00 0.00000000e+00 7.39879918e-01
  3.73990155e-01 9.54065281e-02]
 [1.71193179e+00 2.21954044e+00 2.96936335e+00 1.86928656e+00
  9.17866650e-01 2.27743777e-02 1.11856554e-01 9.37891811e-01
  3.47015812e-01 5.09922369e-01]
 [2.12700781e+00 2.51242792e+00 2.87793931e+00 1.44975248e+00
  7.97078828e-01 0.00000000e+00 0.00000000e+00 5.61418005e-01
  3.30682652e-01 2.83165377e-01]
 [3.51862532e-01 0.00000000e+00 4.35169031e-01 8.38145104e-01
  3.06848698e-01 0.00000000e+00 0.00000000e+00 1.04483106e+00
  1.22471398e-01 9.29728242e-03]
 [2.00291032e-01 6.78874687e-02 1.83862745e-01 4.29486046e-01
  1.43998990e-01 5.75016212e-02 3.77319686e-02 9.16704465e-01
  1.11282910e-01 0.00000000e+00]
 [0.00000000e+00 3.00439800e-01 5.82054849e-02 2.14893760e-01
  2.00359565e-01 0.00000000e+00 0.00000000e+00 2.62966835e-01
  1.08089958e+00 5.05809155e-01]
 [1.88691978e-01 6.84002136e-02 2.54250978e-01 3.75178538e-01
  1.70734030e-01 4.29685412e-01 0.00000000e+00 4.40294794e-01
  1.38235587e-01 7.51058171e-02]
 [5.27053140e-02 0.00000000e+00 0.00000000e+00 1.92630108e-01
  6.56899574e-02 1.63377736e-02 0.00000000e+00 5.32961254e-01
  3.62972606e-02 0.00000000e+00]
 [0.00000000e+00 1.45675939e-01 2.58503499e-02 0.00000000e+00
  0.00000000e+00 7.43140197e-02 0.00000000e+00 1.07102851e-01
  5.13015584e-01 6.08977789e-01]
 [0.00000000e+00 5.81581840e-02 0.00000000e+00 5.28383396e-02
  0.00000000e+00 2.51637442e-01 1.35551709e-01 2.73692417e-01
  0.00000000e+00 0.00000000e+00]
 [0.00000000e+00 0.00000000e+00 0.00000000e+00 0.00000000e+00
  0.00000000e+00 1.96883315e-01 1.51972905e-01 1.64773828e-01
  4.08168850e-01 9.01241251e-01]
 [0.00000000e+00 1.38301117e-01 0.00000000e+00 7.18292925e-02
  0.00000000e+00 2.51724853e-01 3.31924081e-02 2.54251341e-02
  2.79063259e-01 0.00000000e+00]
 [0.00000000e+00 1.51489254e-02 0.00000000e+00 1.49617949e-05
  0.00000000e+00 2.61842366e-02 1.06027562e-01 3.83040926e-01
  6.30827016e-02 6.26753600e-03]
 [5.03400342e-01 5.56213757e-01 4.24465888e-01 2.69344792e-01
  3.08935430e-01 3.05446364e-01 3.37975891e-01 3.11637533e-01
  3.61688157e-01 4.08637944e-01]]