

1
----------------------------------------------------------------------------------
[[7.70569150e-02 0.00000000e+00 0.00000000e+00 1.51901921e-02
  9.28655720e-03 6.55337204e-03 7.13317089e-02 6.79365163e-02
  2.70171928e-01 2.01332212e-01 3.10058114e-01 3.83214218e-01
  3.28767806e-01 7.97588137e-02 1.45918350e-01]
 [0.00000000e+00 0.00000000e+00 1.37560744e-02 0.00000000e+00
  4.66090909e-02 8.83053305e-02 0.00000000e+00 3.25648997e-02
  0.00000000e+00 1.37723852e-02 1.18478447e-01 2.09779621e-02
  1.47255582e-02 0.00000000e+00 0.00000000e+00]
 [0.00000000e+00 2.66211949e-02 1.02581184e-01 0.00000000e+00
  4.09219527e-02 1.02923744e-01 0.00000000e+00 7.45634535e-02
  1.57270705e-02 1.84935863e-01 2.20175508e-01 4.55824617e-02
  1.40066544e-01 5.20082388e-02 0.00000000e+00]
 [1.69725992e-01 6.78224601e-02 5.00417709e-02 7.47789412e-02
  4.52509784e-02 4.66937752e-02 1.50390597e-01 5.49335728e-02
  4.79685206e-01 2.87295255e-01 6.08278681e-01 6.59343407e-01
  4.64659150e-01 1.46449147e-01 2.99842849e-01]
 [7.59871150e-02 0.00000000e+00 6.44710839e-02 9.80982239e-02
  7.40878616e-02 4.40661431e-02 4.36555066e-02 2.60949676e-02
  3.00427415e-01 1.40660312e-01 3.78584780e-01 3.86589005e-01
  3.56920151e-01 6.42838253e-02 3.46224087e-01]
 [3.74714898e-03 0.00000000e+00 1.51466255e-01 7.09611867e-02
  0.00000000e+00 2.74771268e-02 0.00000000e+00 2.64079740e-04
  0.00000000e+00 2.58938704e-01 5.17592308e-01 4.11551478e-01
  1.07958112e-01 5.81674656e-02 1.84787316e-01]
 [1.06722175e-02 0.00000000e+00 1.05963514e-01 6.75603452e-02
  0.00000000e+00 5.35943309e-02 0.00000000e+00 7.33638339e-03
  1.08808954e-02 1.95747522e-01 4.05279430e-01 3.88874326e-01
  1.18065731e-01 6.91526704e-02 1.11797797e-01]
 [1.56247911e-01 9.96492914e-02 1.30374235e-02 0.00000000e+00
  0.00000000e+00 1.42150756e-01 7.88736257e-02 8.72914516e-02
  2.21042144e-01 4.93869562e-02 1.29817168e-01 1.47702087e-01
  4.44440545e-01 2.35186669e-01 0.00000000e+00]
 [2.03365948e-01 8.58959859e-02 6.59845193e-02 3.28692549e-02
  1.70639693e-01 2.31371953e-01 6.20968947e-02 1.53818153e-01
  2.00555717e-01 5.19823280e-02 1.64685003e-01 2.21821313e-01
  1.06037722e+00 3.72790709e-01 0.00000000e+00]
 [6.29869279e-03 0.00000000e+00 3.32583398e-01 0.00000000e+00
  0.00000000e+00 8.30098739e-02 5.58503224e-02 9.04203910e-02
  9.79329732e-02 7.05040698e-02 5.53556962e-02 0.00000000e+00
  1.56006140e-01 8.53214674e-02 1.71600334e-02]
 [5.46223943e-03 0.00000000e+00 2.00945585e-01 2.87668751e-01
  3.65562374e-01 1.92906319e-01 1.11786598e-01 1.45647051e-01
  6.68656754e-02 6.89532726e-02 1.48713695e-01 2.06792409e-01
  1.59823388e+00 2.98960000e-02 0.00000000e+00]
 [1.05233353e-01 1.27861167e-03 1.43372674e-02 0.00000000e+00
  3.71191753e-02 7.87052807e-02 1.48051416e-02 5.55030432e-02
  9.49476887e-02 7.09064743e-03 6.99909106e-02 2.86219744e-02
  4.05195133e-01 1.36471685e-01 0.00000000e+00]
 [0.00000000e+00 0.00000000e+00 4.14110283e-02 1.26485630e-01
  6.01294534e-02 9.33122188e-02 0.00000000e+00 1.59181760e-02
  2.68218782e-02 3.36820853e-02 6.82188486e-02 0.00000000e+00
  7.99594681e-01 4.93303811e-02 3.74274965e-02]
 [1.31222454e-01 0.00000000e+00 8.70044441e-02 0.00000000e+00
  0.00000000e+00 3.01375632e-02 6.29047218e-02 8.29822712e-02
  6.56063103e-02 4.16757004e-02 1.66707088e-02 0.00000000e+00
  1.30488797e-01 7.90399470e-02 0.00000000e+00]
 [2.22385292e-02 1.25344689e-02 5.05214402e-02 0.00000000e+00
  0.00000000e+00 4.93359690e-02 2.42834808e-02 7.08088892e-02
  2.67977421e-02 7.65661985e-02 2.17768520e-02 0.00000000e+00
  5.37560631e-02 6.20532990e-02 3.92804446e-02]
 [2.64656439e-02 0.00000000e+00 1.15087709e-01 5.41873372e-03
  0.00000000e+00 1.46644500e-01 2.80948383e-02 6.09864056e-02
  7.68317995e-02 3.23014919e-02 4.08526179e-02 0.00000000e+00
  1.00424576e-01 1.16104002e-01 3.99148703e-02]
 [1.51954799e-01 3.38744766e-02 7.95016695e-02 0.00000000e+00
  0.00000000e+00 7.87695121e-02 2.90380296e-02 8.14286756e-02
  1.22606548e-01 6.68980747e-02 3.21574023e-02 0.00000000e+00
  9.58959475e-03 6.86035645e-02 0.00000000e+00]
 [2.82224046e-01 1.88680360e-01 2.44212370e-01 3.97566148e-01
  4.24766341e-01 9.13254407e-02 1.36938400e-01 1.19006866e-01
  2.17913974e-01 8.29466626e-02 5.37629129e-02 2.45108391e-01
  1.38637497e-01 1.49719526e-01 1.96305945e-01]]

2
----------------------------------------------------------------------------------
[[5.03728441e-01 1.16066730e+00 1.46072095e+00 5.06613539e-01
  1.92330816e-01 0.00000000e+00 2.98453308e-01 2.49010800e-01
  0.00000000e+00 1.81442409e-01 9.88394854e-03 1.11251757e-01
  1.64255084e-01 3.48470370e-02 0.00000000e+00]
 [5.57254583e-01 1.32278080e+00 1.32024789e+00 1.12946445e+00
  3.34880029e-01 0.00000000e+00 3.48293454e-01 2.27295474e-01
  1.90682509e-01 3.29389480e-01 1.25085363e-01 0.00000000e+00
  0.00000000e+00 9.13128104e-03 0.00000000e+00]
 [1.33637871e+00 1.36201928e+00 1.04531906e+00 4.09667860e-01
  2.33217696e-01 0.00000000e+00 0.00000000e+00 0.00000000e+00
  1.23198278e-01 3.33385585e-01 1.54574319e-01 0.00000000e+00
  0.00000000e+00 2.42427570e-01 4.57636929e-02]
 [9.96717549e-01 1.73878331e+00 1.67258689e+00 7.71908747e-01
  2.87506727e-01 4.61421796e-02 3.96768637e-01 3.49420962e-01
  1.58737116e-01 1.88509226e-01 2.10845772e-01 2.64028734e-01
  4.64882405e-01 1.44016583e-01 7.64793120e-02]
 [7.97392333e-01 1.80412002e+00 1.67590268e+00 9.33436222e-01
  3.59730005e-01 1.54898816e-01 4.06787321e-01 3.01428864e-01
  2.69711956e-01 2.42843581e-01 2.27824498e-01 4.35145330e-02
  3.73448113e-01 7.50100227e-02 1.31374735e-01]
 [2.55127708e+00 3.20835768e+00 1.79677457e+00 1.33398011e+00
  3.50842060e-01 0.00000000e+00 3.57955094e-01 1.47880706e-01
  5.17052281e-01 1.85856453e-01 2.14574513e-01 0.00000000e+00
  2.18446369e-01 1.01866807e-01 3.07682054e-01]
 [1.75319255e+00 3.08400015e+00 1.98212412e+00 1.53977034e+00
  2.93682383e-01 1.61386894e-02 4.22331362e-01 2.26621396e-01
  4.43183760e-01 2.94736261e-01 2.82842638e-01 0.00000000e+00
  2.65651179e-01 7.90230984e-02 2.73567784e-01]
 [2.93287753e-01 7.79315361e-01 5.51198533e-01 1.63241893e-01
  0.00000000e+00 0.00000000e+00 0.00000000e+00 0.00000000e+00
  9.47680657e-02 2.47647958e-01 4.81477629e-03 3.81844922e-01
  4.23670417e-01 1.53401994e-01 0.00000000e+00]
 [3.73551335e-01 8.00827308e-01 4.31139625e-01 1.38908196e-01
  0.00000000e+00 0.00000000e+00 0.00000000e+00 0.00000000e+00
  2.34523745e-01 2.25788510e-01 5.00276600e-02 2.49274533e-01
  4.88294444e-01 2.41517782e-01 1.42204437e-01]
 [5.95181509e-01 4.40938589e-01 3.77790777e-01 1.46861441e-01
  5.09039752e-02 0.00000000e+00 0.00000000e+00 0.00000000e+00
  2.23479210e-01 8.95860869e-02 0.00000000e+00 0.00000000e+00
  2.71996943e-02 0.00000000e+00 2.14929807e-01]
 [6.90967347e-01 1.46343967e+00 5.87387531e-01 4.75750103e-01
  4.19121171e-03 0.00000000e+00 0.00000000e+00 4.44086691e-02
  3.76621403e-01 1.39319623e-01 0.00000000e+00 0.00000000e+00
  1.54887355e-01 4.40749040e-02 2.27780276e-01]
 [2.51636155e-01 5.34951917e-01 1.15016240e-01 2.55522625e-02
  0.00000000e+00 0.00000000e+00 0.00000000e+00 0.00000000e+00
  1.18842861e-01 1.28591919e-01 0.00000000e+00 1.94071313e-01
  3.06240863e-01 1.47229807e-01 3.35018714e-02]
 [2.16543327e-01 7.13806745e-01 1.98339989e-01 9.90113632e-02
  0.00000000e+00 0.00000000e+00 0.00000000e+00 0.00000000e+00
  1.06550013e-01 9.84794258e-02 0.00000000e+00 0.00000000e+00
  1.62903522e-03 1.37084295e-01 1.18576590e-01]
 [2.35601637e-01 2.67005752e-01 1.02681824e-03 0.00000000e+00
  0.00000000e+00 0.00000000e+00 0.00000000e+00 0.00000000e+00
  1.55972516e-01 8.18415246e-02 0.00000000e+00 0.00000000e+00
  2.13742992e-01 5.14205808e-02 1.14017141e-01]
 [2.03764968e-01 1.39874223e-01 1.05565264e-01 9.09294063e-02
  0.00000000e+00 0.00000000e+00 0.00000000e+00 0.00000000e+00
  1.19579910e-01 8.20764484e-02 0.00000000e+00 0.00000000e+00
  1.24764369e-01 3.92146878e-02 0.00000000e+00]
 [3.28104642e-01 4.19799031e-01 7.31658493e-02 4.49914903e-02
  0.00000000e+00 0.00000000e+00 0.00000000e+00 0.00000000e+00
  2.96741196e-01 3.74393947e-03 0.00000000e+00 0.00000000e+00
  2.64405112e-01 1.36485528e-01 2.66082306e-01]
 [1.46733885e-01 2.74540521e-01 5.80747147e-03 0.00000000e+00
  0.00000000e+00 0.00000000e+00 0.00000000e+00 0.00000000e+00
  1.11864642e-01 6.89033131e-02 0.00000000e+00 3.37309032e-03
  2.44523108e-01 1.11413441e-01 0.00000000e+00]
 [2.39588059e-01 3.95967043e-01 2.80087988e-01 1.78986869e-01
  3.06856041e-01 7.70435211e-01 5.44682288e-01 5.22508108e-01
  3.21034100e-01 2.12826720e-01 4.53279872e-01 3.73521507e-01
  4.04739514e-01 1.30676806e-01 3.23478568e-01]]

3
----------------------------------------------------------------------------------
[[6.71409806e-02 1.58496227e-02 7.14104292e-02 0.00000000e+00
  0.00000000e+00 8.12986767e-05 0.00000000e+00 6.62923133e-02
  0.00000000e+00 0.00000000e+00 1.69328418e-01 0.00000000e+00
  6.23715271e-03 1.21878695e-01 9.87843253e-03]
 [1.71949810e-02 3.54427927e-02 1.12996304e-01 0.00000000e+00
  0.00000000e+00 0.00000000e+00 0.00000000e+00 1.14124444e-01
  1.33199548e-01 2.01268848e-02 6.26197631e-02 0.00000000e+00
  0.00000000e+00 1.60273313e-01 4.58862999e-03]
 [2.46251254e-02 0.00000000e+00 2.58929714e-02 0.00000000e+00
  0.00000000e+00 0.00000000e+00 0.00000000e+00 0.00000000e+00
  0.00000000e+00 3.66038678e-02 0.00000000e+00 0.00000000e+00
  0.00000000e+00 0.00000000e+00 0.00000000e+00]
 [2.12984203e-01 2.06392130e-01 1.43483196e-01 0.00000000e+00
  1.88877512e-02 1.17733692e-01 5.65790643e-02 1.86860908e-01
  1.68381097e-01 1.59531371e-01 4.11602273e-01 0.00000000e+00
  2.10586937e-01 1.89529563e-01 1.58163272e-01]
 [1.08231527e-01 1.71160873e-01 1.57872276e-01 0.00000000e+00
  0.00000000e+00 3.78326544e-02 2.32802107e-02 1.44799819e-01
  1.59881462e-01 5.33633202e-02 2.23112515e-01 0.00000000e+00
  1.48563569e-01 1.31151723e-01 1.54750815e-01]
 [1.03406024e-01 2.10719998e-01 8.68806840e-02 0.00000000e+00
  0.00000000e+00 1.53190427e-02 4.19455919e-04 1.21380069e-01
  1.09171442e-01 1.25269098e-02 1.53536925e-01 1.45157376e-02
  0.00000000e+00 0.00000000e+00 3.08207123e-02]
 [1.08512469e-01 1.84948775e-01 2.02999606e-01 3.06353990e-02
  0.00000000e+00 7.32627223e-02 4.24550692e-02 9.11246599e-02
  1.62610750e-01 7.18112526e-03 1.78425948e-01 2.38545743e-02
  6.69333969e-02 4.22568146e-02 1.46433489e-01]
 [2.63740680e-01 0.00000000e+00 5.68926414e-01 0.00000000e+00
  0.00000000e+00 1.04635005e-01 4.13395599e-02 0.00000000e+00
  1.45697868e-01 1.69916373e-01 4.33276187e-01 0.00000000e+00
  3.26492919e-01 2.58675826e-01 5.89299411e-02]
 [3.08756607e-01 2.36278799e-01 1.37912527e+00 1.46255065e-01
  0.00000000e+00 1.52572477e-01 2.09494310e-01 1.04203723e-01
  1.56072730e-01 2.14367999e-01 4.34850513e-01 1.36298350e-01
  1.10241130e+00 2.78554828e-01 3.69940072e-02]
 [4.89217003e-03 0.00000000e+00 1.32222713e-01 0.00000000e+00
  0.00000000e+00 1.35177425e-01 1.44509367e-02 0.00000000e+00
  1.35991702e-01 0.00000000e+00 9.80932748e-02 5.70153737e-02
  2.13351130e-02 0.00000000e+00 0.00000000e+00]
 [1.00841982e-01 4.32966339e-01 1.58795800e+00 3.04371486e-01
  0.00000000e+00 1.80670703e-01 0.00000000e+00 1.93230533e-01
  7.64462534e-02 1.43394598e-01 2.68034441e-01 7.05515639e-01
  1.32287245e+00 0.00000000e+00 0.00000000e+00]
 [1.94217885e-01 1.82571368e-01 1.12630772e+00 0.00000000e+00
  0.00000000e+00 3.74801530e-03 5.00905481e-02 5.19831366e-02
  6.06049217e-02 1.29225509e-01 2.97373351e-01 0.00000000e+00
  8.92804459e-01 1.61741964e-01 2.31352242e-02]
 [0.00000000e+00 5.66171347e-01 7.00330268e-01 3.85503810e-02
  0.00000000e+00 6.52662750e-02 0.00000000e+00 0.00000000e+00
  4.75462717e-03 0.00000000e+00 8.52410795e-02 2.41500168e-01
  7.46273493e-01 0.00000000e+00 0.00000000e+00]
 [1.73609990e-01 2.66272293e-02 8.69139086e-02 9.28922865e-02
  0.00000000e+00 4.85199336e-02 1.04198697e-01 0.00000000e+00
  1.80379557e-01 7.65168682e-03 1.92482536e-01 8.04147588e-02
  5.42586963e-03 1.23285890e-02 9.86041753e-02]
 [4.32502411e-02 6.34377176e-02 1.62995791e-01 4.86707663e-02
  0.00000000e+00 4.68025359e-02 0.00000000e+00 1.27612664e-01
  3.18019920e-02 0.00000000e+00 6.75424097e-02 0.00000000e+00
  0.00000000e+00 0.00000000e+00 2.26989497e-02]
 [1.10517754e-01 8.11031416e-02 3.35958204e-02 7.14513066e-02
  0.00000000e+00 1.03168326e-01 8.90534667e-02 2.09303055e-02
  2.10705240e-01 0.00000000e+00 1.94522489e-01 7.53207378e-02
  0.00000000e+00 0.00000000e+00 0.00000000e+00]
 [1.31363084e-01 0.00000000e+00 8.78085673e-02 0.00000000e+00
  1.00178127e-02 0.00000000e+00 5.08648161e-02 1.23566785e-01
  9.99707723e-02 6.44009466e-03 2.69231866e-01 6.81585450e-02
  0.00000000e+00 1.30644248e-01 0.00000000e+00]
 [1.67597345e-01 2.07495080e-01 1.80178955e-01 2.56414885e-01
  4.25481528e-01 1.21512858e-01 5.02161842e-01 4.09703130e-01
  2.89175970e-01 3.61881118e-01 1.85280985e-01 2.09579338e-01
  3.14022602e-01 3.48121962e-01 6.97949093e-01]]

4
----------------------------------------------------------------------------------
[[0.00000000e+00 0.00000000e+00 7.84824368e-03 0.00000000e+00
  0.00000000e+00 0.00000000e+00 0.00000000e+00 0.00000000e+00
  0.00000000e+00 0.00000000e+00 0.00000000e+00 0.00000000e+00
  0.00000000e+00 0.00000000e+00 1.01443050e-01]
 [3.05429685e-03 0.00000000e+00 0.00000000e+00 0.00000000e+00
  0.00000000e+00 1.99940929e-03 0.00000000e+00 0.00000000e+00
  0.00000000e+00 0.00000000e+00 0.00000000e+00 0.00000000e+00
  0.00000000e+00 0.00000000e+00 3.09011993e-02]
 [0.00000000e+00 0.00000000e+00 0.00000000e+00 8.05304919e-02
  0.00000000e+00 0.00000000e+00 0.00000000e+00 0.00000000e+00
  0.00000000e+00 0.00000000e+00 0.00000000e+00 0.00000000e+00
  0.00000000e+00 0.00000000e+00 6.09301304e-02]
 [2.25712062e-01 2.70592445e-01 5.36684391e-02 1.02441846e-01
  0.00000000e+00 5.00695566e-02 7.86009630e-02 0.00000000e+00
  5.16793944e-02 7.79146147e-02 2.59342816e-01 1.47356987e-01
  0.00000000e+00 0.00000000e+00 4.68435731e-01]
 [4.65196268e-02 1.33854283e-01 2.94214116e-03 2.88395485e-02
  0.00000000e+00 3.20485139e-02 1.36102385e-02 0.00000000e+00
  0.00000000e+00 2.78510841e-02 5.00439406e-01 8.28753821e-01
  9.29849103e-02 2.11602101e-01 7.81237092e-01]
 [0.00000000e+00 1.19194002e-01 4.08390437e-02 1.19698216e-01
  0.00000000e+00 3.41035748e-02 0.00000000e+00 8.38818907e-02
  4.52420760e-02 5.08206217e-02 4.56759901e-01 2.33226750e-01
  9.43270573e-02 0.00000000e+00 4.93170398e-01]
 [0.00000000e+00 7.18463754e-02 0.00000000e+00 2.26427215e-02
  0.00000000e+00 4.99333788e-02 4.38717047e-03 1.83913601e-02
  2.02208174e-02 4.98716493e-02 5.68962269e-01 4.34765650e-01
  2.64967295e-01 1.16587377e-01 3.13107673e-01]
 [1.60194260e-01 2.58243218e-01 5.77301568e-02 5.15587535e-02
  0.00000000e+00 2.52095534e-02 6.49140526e-02 2.45530991e-03
  7.89329089e-02 6.33980449e-02 4.33333095e+00 4.23235764e+00
  1.37926737e+00 2.64102633e+00 1.71207188e+00]
 [1.26782223e-01 2.89176994e-01 6.20926690e-02 4.38397837e-02
  0.00000000e+00 8.32461124e-02 9.96024778e-02 0.00000000e+00
  1.45074804e-01 8.57131075e-02 4.58441137e+00 7.25882849e+00
  1.13695575e+00 3.47407831e+00 2.19705141e+00]
 [2.90176552e-02 0.00000000e+00 0.00000000e+00 1.03442188e-01
  0.00000000e+00 0.00000000e+00 0.00000000e+00 4.34552673e-02
  6.22380911e-02 4.05396279e-01 4.48897094e+00 1.00907231e+00
  1.79652842e+00 1.18621271e+00 1.77866703e+00]
 [0.00000000e+00 1.45801856e-01 4.24043318e-02 1.09233313e-02
  0.00000000e+00 1.64876946e-01 0.00000000e+00 7.43624330e-02
  1.51647798e-01 4.64329393e-01 9.20207841e+00 3.73221712e+00
  2.32102196e+00 3.37077212e+00 4.90637782e+00]
 [1.01476822e-01 1.35375022e-01 2.94016026e-02 0.00000000e+00
  0.00000000e+00 0.00000000e+00 6.81818682e-02 0.00000000e+00
  3.76054451e-02 0.00000000e+00 1.12059474e+00 4.57291437e+00
  3.72935437e-01 4.32685015e-01 7.96298145e-01]
 [1.14433157e-02 0.00000000e+00 0.00000000e+00 8.73383012e-02
  0.00000000e+00 8.01716679e-02 0.00000000e+00 5.73987462e-02
  3.84279511e-02 1.31871527e-01 5.76551265e+00 9.49437766e-01
  1.20435811e+00 5.92414259e-01 1.51742261e+00]
 [0.00000000e+00 8.45526646e-02 5.00404234e-02 5.36122015e-02
  0.00000000e+00 9.34261238e-02 3.03418672e-04 8.33917929e-02
  1.20284568e-01 5.53963512e-02 1.05459208e-01 4.19471971e-02
  1.25906512e-01 5.96650921e-02 8.69211046e-02]
 [0.00000000e+00 5.70241322e-02 5.27599723e-02 1.22952654e-01
  0.00000000e+00 5.07241310e-02 0.00000000e+00 2.19573342e-02
  1.20429166e-01 0.00000000e+00 5.00212884e-02 5.94930402e-02
  1.05531232e-01 1.67347128e-03 6.27538384e-02]
 [2.42233310e-02 3.05338811e-02 3.08333573e-03 6.85216363e-02
  1.77285063e-03 8.11943578e-02 1.64816727e-02 1.06966389e-01
  6.69503181e-02 0.00000000e+00 5.54104133e-02 5.50550491e-02
  1.10513558e-01 0.00000000e+00 9.38917136e-02]
 [8.90031542e-02 8.29883863e-02 4.46720472e-02 1.96950085e-02
  0.00000000e+00 3.71348650e-02 8.52441886e-02 2.46042569e-02
  1.31223166e-01 0.00000000e+00 2.57311774e-02 0.00000000e+00
  3.40399604e-02 0.00000000e+00 5.36660576e-02]
 [2.15640040e-01 4.80923943e-01 1.71748398e-01 9.25033182e-02
  2.21340071e-01 2.25570480e-01 2.63807700e-01 1.07769190e-01
  2.73085580e-01 3.75602608e-01 4.26671066e-01 3.80420608e-01
  3.47708588e-01 5.39001710e-01 1.56280450e-01]]

5
----------------------------------------------------------------------------------
[[0.00000000e+00 0.00000000e+00 9.77567571e-02 0.00000000e+00
  0.00000000e+00 1.24247269e-02 0.00000000e+00 1.15415819e-01
  1.24142806e-01 4.76618025e-02 5.26536442e-02 7.73605180e-02
  9.45196912e-02 3.38341763e-02 1.22410289e-01]
 [0.00000000e+00 0.00000000e+00 0.00000000e+00 2.62351164e-02
  0.00000000e+00 1.14598227e-01 3.84339467e-02 7.94583923e-02
  4.71370748e-02 3.85955462e-02 2.82107830e-02 2.63193063e-02
  0.00000000e+00 1.22889589e-01 8.98969018e-02]
 [2.19732907e-02 0.00000000e+00 0.00000000e+00 5.81173334e-02
  0.00000000e+00 1.18079674e-01 0.00000000e+00 9.60955012e-02
  2.96696003e-03 0.00000000e+00 0.00000000e+00 0.00000000e+00
  0.00000000e+00 7.30556739e-02 8.17307279e-02]
 [6.79566983e-02 9.17963686e-02 1.15608202e-01 6.41816665e-02
  4.49566271e-02 2.00922937e-01 2.42666845e-02 4.05049997e-01
  4.05341069e-01 1.27854397e-01 2.13287537e-01 2.71992949e-02
  1.67413265e-01 1.00167835e-01 1.13269212e-01]
 [5.72877544e-02 5.08731217e-02 3.25702500e-02 1.14350996e-01
  0.00000000e+00 2.10214900e-01 0.00000000e+00 1.96892002e-01
  2.20811976e-01 8.23431460e-02 1.03469412e-01 3.17494744e-02
  4.78246235e-03 6.73269765e-02 6.47187814e-02]
 [2.26897199e-01 0.00000000e+00 5.13162056e-02 1.24770703e-01
  0.00000000e+00 3.76096772e-01 0.00000000e+00 4.20575753e-01
  1.98709968e-01 2.24223910e-01 5.70569878e-02 9.34552518e-03
  0.00000000e+00 8.01635673e-02 1.48556371e-01]
 [1.36409504e-01 0.00000000e+00 2.46888548e-02 7.38744688e-02
  0.00000000e+00 2.95223666e-01 1.10339419e-02 2.20354318e-01
  1.68241533e-01 1.03591472e-01 8.05969765e-02 4.52103362e-02
  0.00000000e+00 2.27825203e-02 1.03776987e-01]
 [2.54985841e-01 1.75946340e-01 8.96675146e-02 5.73479799e-02
  0.00000000e+00 1.23832944e-01 0.00000000e+00 4.01135118e-01
  3.67729057e-01 1.27101944e-01 9.80867377e-02 1.27110207e-02
  1.57027734e-01 6.45561813e-02 9.12408261e-02]
 [4.54583308e-01 2.69674939e-01 1.21624536e-01 9.35116892e-02
  1.23131483e-01 2.43850200e-01 4.43459103e-02 3.90138896e-01
  5.11034440e-01 1.97570918e-01 8.52796593e-02 7.18746740e-02
  1.59420136e-01 6.17822684e-02 6.48126707e-02]
 [1.92146482e-01 3.55813422e-02 3.01429260e-02 1.39699181e-01
  0.00000000e+00 5.84566675e-01 0.00000000e+00 3.06110722e-01
  0.00000000e+00 2.03852307e-01 6.39721052e-02 0.00000000e+00
  0.00000000e+00 1.27037438e-01 5.51986069e-02]
 [1.25093539e+00 4.37913822e-01 1.88852251e-01 1.35056980e-01
  0.00000000e+00 1.62744955e-01 1.19551734e-01 2.11463499e-01
  2.87654583e-01 1.44757256e-01 2.31822009e-02 6.82441383e-02
  0.00000000e+00 0.00000000e+00 1.00151752e-01]
 [2.15767415e-01 7.44370720e-02 3.97373028e-02 6.02185810e-02
  4.10195726e-02 4.39231654e-02 0.00000000e+00 2.43385037e-01
  2.42555019e-01 1.05565039e-01 8.32951696e-02 1.93119689e-02
  7.76816953e-02 4.25693670e-02 7.30448555e-02]
 [3.20092701e-01 1.01627958e-01 1.33068609e-02 1.12827855e-01
  0.00000000e+00 2.25523407e-01 0.00000000e+00 1.00207750e-01
  1.21366635e-01 1.84628994e-02 0.00000000e+00 0.00000000e+00
  0.00000000e+00 1.59762181e-02 8.83281559e-02]
 [8.26622424e-02 8.12809008e-02 0.00000000e+00 8.30297401e-02
  0.00000000e+00 1.20063821e-01 0.00000000e+00 2.76994361e-01
  9.60776678e-02 6.77127465e-02 0.00000000e+00 0.00000000e+00
  0.00000000e+00 4.39582348e-02 1.92119786e-03]
 [7.48922035e-02 7.50320062e-02 3.45846696e-02 8.16062223e-02
  1.05770044e-02 3.33408257e-02 0.00000000e+00 1.23244640e-01
  5.66444215e-02 9.56454241e-02 6.17692907e-04 0.00000000e+00
  0.00000000e+00 9.10987764e-02 1.64903027e-02]
 [1.64122109e-01 4.93868892e-02 0.00000000e+00 2.02436053e-01
  0.00000000e+00 3.88998592e-01 0.00000000e+00 3.76621708e-01
  1.90232492e-01 1.30247172e-01 6.06849062e-02 0.00000000e+00
  0.00000000e+00 1.19943396e-01 0.00000000e+00]
 [8.03673858e-02 4.59144696e-02 5.39867870e-02 0.00000000e+00
  2.71222628e-02 0.00000000e+00 1.13151215e-03 2.42653431e-01
  1.75202784e-01 4.92885944e-02 0.00000000e+00 0.00000000e+00
  4.90151507e-02 5.63007249e-02 1.30352952e-02]
 [1.51712733e-01 1.71837393e-01 1.01958217e-01 1.27189705e-01
  2.75960171e-01 3.18058994e-01 2.55386074e-01 1.64820989e-01
  3.49680064e-01 1.81118625e-01 1.38829937e-01 2.06468061e-01
  3.37927912e-01 6.63686288e-02 8.28616201e-02]]

6
----------------------------------------------------------------------------------
[[7.71399445e-02 0.00000000e+00 1.45431139e-02 3.22529370e-01
  9.68749275e-01 7.73590314e-01 7.32904627e-01 0.00000000e+00
  5.08855132e-01 1.46598729e+00 1.26255278e+00 1.43727104e+00
  5.28575336e-02 1.35517194e-01 0.00000000e+00]
 [2.30850991e-02 5.82664270e-02 1.02158316e-01 7.89614861e-01
  2.76047136e+00 1.11619817e+00 6.86958598e-01 3.63248523e-01
  1.31139469e+00 7.70097888e-01 7.33733195e-01 7.36539307e-01
  2.44934359e-02 1.95243325e-01 8.86675542e-02]
 [6.13539691e-02 0.00000000e+00 0.00000000e+00 5.37771201e-01
  8.26844715e-01 4.85671889e-01 4.21260191e-01 2.80117138e-01
  9.69765477e-01 8.33530876e-01 1.11366621e+00 1.17327771e+00
  3.55740355e-01 1.92553826e-01 2.73158601e-01]
 [3.90124084e-02 2.23984979e-02 1.12663726e-01 8.92574406e-01
  1.68379793e+00 1.03448072e+00 1.04088207e+00 4.59984803e-02
  1.37245990e+00 2.19943962e+00 2.20126685e+00 1.73264002e+00
  2.27983077e-01 2.58304185e-01 0.00000000e+00]
 [0.00000000e+00 4.76934840e-02 9.63540196e-02 1.11728664e+00
  2.39364869e+00 1.25178712e+00 9.60402859e-01 9.45139343e-02
  1.01069065e+00 1.98611181e+00 1.66710499e+00 1.25383457e+00
  1.49760208e-01 1.42545524e-01 0.00000000e+00]
 [0.00000000e+00 8.72770177e-02 0.00000000e+00 9.02867034e-01
  1.56152025e+00 8.47656496e-01 6.04613573e-01 7.19203043e-01
  2.17812652e+00 1.90281333e+00 1.95916210e+00 1.53446570e+00
  2.17385275e-01 1.44477828e-01 1.80622439e-01]
 [0.00000000e+00 8.15484241e-02 7.42780164e-02 1.04960474e+00
  1.87518643e+00 1.06395922e+00 8.72151128e-01 5.79778817e-01
  1.59116590e+00 1.49990020e+00 1.74307215e+00 1.52590350e+00
  4.92576289e-01 2.60494527e-01 1.94918142e-01]
 [9.21115392e-02 0.00000000e+00 9.32913225e-02 3.57222868e-01
  4.25162218e-01 2.29108079e-01 5.98347282e-01 9.99373408e-02
  4.65541333e-01 7.28852794e-01 5.99433551e-01 3.42201512e-01
  3.43942975e-02 0.00000000e+00 7.62618312e-02]
 [2.98257290e-02 0.00000000e+00 4.73041708e-02 4.44583050e-01
  3.17261782e-01 1.12238080e-01 5.43932608e-01 1.24958597e-01
  2.56250961e-01 1.34892003e-01 4.44874752e-01 2.93285996e-01
  5.29351227e-02 0.00000000e+00 2.53577196e-02]
 [5.68839541e-02 7.48360808e-02 0.00000000e+00 2.46482199e-01
  1.55283554e-01 6.06520871e-02 2.86053071e-01 4.53604461e-02
  4.01801214e-01 2.35309117e-02 1.14758641e-01 7.75417711e-02
  0.00000000e+00 0.00000000e+00 1.85915018e-01]
 [3.09793116e-02 1.04380668e-01 0.00000000e+00 6.25993667e-01
  5.34690776e-01 2.79642491e-01 2.71895753e-01 1.05375260e-01
  7.02792107e-01 3.12820222e-01 8.33299700e-01 3.98292013e-01
  0.00000000e+00 0.00000000e+00 2.03825892e-01]
 [3.89161552e-02 3.67970148e-03 5.61085362e-03 2.22727751e-01
  1.30040296e-01 8.94477901e-03 2.68158184e-01 1.14412629e-01
  1.38835482e-01 0.00000000e+00 6.02168219e-02 0.00000000e+00
  5.75902138e-02 0.00000000e+00 0.00000000e+00]
 [0.00000000e+00 3.84893090e-02 0.00000000e+00 2.49528815e-01
  1.06677352e-01 3.49918924e-02 5.25117282e-02 1.32651043e-02
  2.01128560e-01 4.50602157e-02 1.30587777e-01 5.12565052e-02
  0.00000000e+00 0.00000000e+00 1.85290223e-01]
 [0.00000000e+00 0.00000000e+00 0.00000000e+00 1.43103865e-01
  1.03089076e-01 0.00000000e+00 1.50372925e-01 0.00000000e+00
  0.00000000e+00 0.00000000e+00 7.28039618e-02 1.36812905e-01
  0.00000000e+00 0.00000000e+00 7.61146031e-02]
 [5.58498426e-02 0.00000000e+00 0.00000000e+00 7.97642235e-02
  3.23567575e-02 1.21142087e-02 1.59966986e-01 0.00000000e+00
  1.86659355e-03 0.00000000e+00 7.70747846e-02 0.00000000e+00
  0.00000000e+00 8.60088099e-02 2.93710639e-02]
 [0.00000000e+00 4.33624111e-02 0.00000000e+00 2.89397702e-01
  1.04550925e-01 6.53508111e-02 2.22244979e-01 0.00000000e+00
  7.25761739e-02 0.00000000e+00 4.53122842e-02 8.29177540e-02
  0.00000000e+00 4.83240561e-02 1.36515775e-01]
 [3.21489649e-02 0.00000000e+00 0.00000000e+00 1.68338368e-01
  8.17959527e-02 0.00000000e+00 2.80671558e-01 2.60260588e-02
  7.93182829e-02 0.00000000e+00 8.36292340e-02 0.00000000e+00
  5.65527502e-02 0.00000000e+00 4.22749344e-02]
 [1.37294549e-01 1.80362643e-01 2.99687476e-01 1.11674455e-01
  1.53249614e-01 1.22779385e-01 1.93971837e-01 2.60305826e-01
  1.52513341e-01 3.35327646e-01 2.75326106e-01 9.15780135e-01
  5.16034903e-01 1.56384305e-01 3.27787985e-01]]

7
----------------------------------------------------------------------------------
[[0.1584999  0.14373431 0.17124997 0.0009602  0.00208725 0.10883268
  0.02819533 0.         0.29119076]
 [0.26274228 0.25175753 0.25748184 0.04293454 0.         0.01547395
  0.07409957 0.00584066 0.06309809]
 [0.24567692 0.29733588 0.17351339 0.02425757 0.         0.04605522
  0.06589317 0.26991933 0.07141525]
 [0.1462168  0.26017513 0.07222997 0.         0.         0.24735704
  0.02371694 0.16562564 0.4129906 ]
 [0.14967313 0.07017565 0.00871346 0.02015757 0.         0.04845504
  0.01442139 0.10309794 0.30264934]
 [0.24121676 0.16004908 0.10827221 0.1025996  0.         0.05263935
  0.0822792  0.36795032 0.34997436]
 [0.21727502 0.06212817 0.096317   0.06823975 0.         0.02658838
  0.11645835 0.1627719  0.27190128]
 [0.09231201 0.21602746 0.05990576 0.         0.         0.19169861
  0.         0.16739026 0.24791303]
 [0.21883144 0.15421727 0.06705386 0.         0.         0.201344
  0.         0.17175668 0.35666698]
 [0.2093848  0.13931678 0.06090135 0.         0.         0.10460027
  0.0856005  0.39483207 0.21512974]
 [0.15338953 0.11084792 0.         0.00238172 0.         0.04811909
  0.         0.28588735 0.31352896]
 [0.14742597 0.07384934 0.01617144 0.         0.         0.07035676
  0.         0.06557153 0.24698212]
 [0.04782548 0.10604644 0.04468184 0.03108766 0.         0.01638139
  0.04411921 0.16602403 0.10648151]
 [0.         0.05060257 0.01058202 0.1048679  0.06999217 0.03822714
  0.04585219 0.08926176 0.08915322]
 [0.         0.05630536 0.03026316 0.12599661 0.         0.01963111
  0.04395569 0.04936031 0.1277976 ]
 [0.         0.0464156  0.03891956 0.1048902  0.         0.0037899
  0.0309645  0.19648694 0.16535595]
 [0.08303407 0.1129203  0.03935589 0.03428442 0.05976718 0.05120801
  0.09981022 0.09874512 0.12305603]
 [0.31374956 0.0938511  0.10306264 0.17357131 0.32167048 0.09911824
  0.07276553 0.3209405  0.45895209]]