

1
----------------------------------------------------------------------------------
[[2.09244016e-01 5.45754722e-03 2.71389528e-02 0.00000000e+00
  0.00000000e+00 4.61456968e-02 1.73942994e-01 1.73065232e-01
  1.46565267e-01 2.16786895e-01 2.92395976e-01 1.35192001e+00
  6.76909418e-01 1.84756940e+00 5.28481888e-01]
 [0.00000000e+00 4.42447345e-02 0.00000000e+00 0.00000000e+00
  0.00000000e+00 0.00000000e+00 0.00000000e+00 0.00000000e+00
  0.00000000e+00 9.17770245e-02 0.00000000e+00 6.36323236e-01
  7.80394814e-01 7.88252502e-01 5.29814975e-01]
 [0.00000000e+00 1.20525059e-01 8.73092264e-03 0.00000000e+00
  0.00000000e+00 1.62617016e-01 1.21945704e-01 2.62636163e-02
  1.82133073e-01 1.23108064e-01 0.00000000e+00 9.27017979e-01
  5.29008223e-01 3.05861131e-01 2.38744196e-01]
 [3.96118374e-01 5.26200068e-02 1.63029273e-03 1.31401422e-01
  0.00000000e+00 2.33834070e-01 3.60763256e-01 4.06093812e-01
  2.92904630e-01 3.48314676e-01 5.08517028e-01 2.13743155e+00
  1.40842064e+00 1.98948442e+00 7.70143150e-01]
 [1.64155638e-01 0.00000000e+00 1.71193433e-02 7.48074571e-02
  0.00000000e+00 1.74487148e-01 1.79428312e-01 2.35490639e-01
  1.75889332e-01 1.47557676e-01 4.42779979e-01 1.69759769e+00
  1.27026216e+00 1.94649894e+00 1.01708145e+00]
 [1.43640249e-01 7.74771115e-02 5.19403054e-02 7.43279526e-02
  0.00000000e+00 3.05111283e-01 2.49093728e-01 1.00606900e-01
  4.06511421e-01 1.47591236e-01 1.59479999e-01 2.04309977e+00
  1.63654750e+00 1.67598539e+00 1.15305592e+00]
 [1.32874199e-01 4.62738894e-02 1.10423908e-01 1.02376429e-01
  0.00000000e+00 2.41986233e-01 1.49557401e-01 3.80190248e-02
  2.74950402e-01 9.64457388e-02 1.02625308e-01 1.71077715e+00
  1.70790457e+00 2.20292018e+00 1.42239039e+00]
 [5.44789466e-01 0.00000000e+00 5.16456743e-02 5.76238483e-02
  0.00000000e+00 1.62730646e-01 5.67720645e-02 6.37060718e-02
  1.62003148e-02 1.57986367e-01 3.82259000e-01 4.04869905e-01
  0.00000000e+00 4.56786801e-01 0.00000000e+00]
 [6.24480969e-01 3.79963416e-02 7.85078842e-02 2.16561011e-01
  0.00000000e+00 1.72277773e-01 4.14078714e-02 1.25213331e-01
  0.00000000e+00 1.98196698e-01 5.43480656e-01 3.95617094e-01
  0.00000000e+00 3.68729408e-01 0.00000000e+00]
 [1.63272577e-01 2.50263839e-02 4.36346091e-02 0.00000000e+00
  0.00000000e+00 5.95101159e-02 4.39718105e-02 5.90388387e-02
  1.92433788e-02 7.19262805e-02 0.00000000e+00 2.43009571e-01
  0.00000000e+00 0.00000000e+00 0.00000000e+00]
 [4.22620801e-01 9.73765001e-02 2.79842451e-02 2.98988028e-01
  0.00000000e+00 1.36213387e-01 1.92506371e-03 1.46928945e-01
  9.69097926e-02 1.93154103e-01 2.38177268e-01 7.28111806e-01
  1.24429277e-01 5.82676133e-01 0.00000000e+00]
 [3.48744405e-01 0.00000000e+00 2.61605229e-02 7.56154495e-02
  0.00000000e+00 9.10821857e-02 0.00000000e+00 1.51613607e-02
  1.30316095e-02 4.24505937e-02 1.74888645e-01 1.59664776e-01
  0.00000000e+00 7.96950470e-02 0.00000000e+00]
 [1.70706546e-01 4.31839499e-02 2.25288719e-02 0.00000000e+00
  0.00000000e+00 6.74669438e-02 0.00000000e+00 2.95845471e-02
  5.67366900e-03 1.01536292e-01 0.00000000e+00 1.10724869e-01
  0.00000000e+00 0.00000000e+00 0.00000000e+00]
 [6.56805265e-02 1.49786417e-01 1.23647119e-02 2.82335606e-01
  0.00000000e+00 6.26166950e-02 1.48974903e-02 1.02053757e-01
  4.12042249e-02 4.62688698e-02 0.00000000e+00 0.00000000e+00
  5.42394518e-03 0.00000000e+00 0.00000000e+00]
 [0.00000000e+00 5.65252123e-02 5.29591112e-02 1.55404009e-01
  0.00000000e+00 0.00000000e+00 4.84305423e-02 6.94924885e-02
  0.00000000e+00 3.51220342e-02 0.00000000e+00 9.60964244e-03
  0.00000000e+00 0.00000000e+00 0.00000000e+00]
 [1.26857163e-01 1.05247264e-01 4.10730914e-02 1.39421188e-01
  0.00000000e+00 9.18187458e-02 7.58022173e-02 3.08864460e-02
  8.10605948e-03 4.19166462e-02 3.49768892e-02 2.35839488e-01
  0.00000000e+00 0.00000000e+00 0.00000000e+00]
 [1.05667140e-01 3.13394839e-02 6.69521800e-02 8.01460272e-02
  0.00000000e+00 9.36205410e-02 0.00000000e+00 6.39206774e-02
  3.04428358e-02 0.00000000e+00 5.52205071e-02 2.67256868e-02
  0.00000000e+00 0.00000000e+00 0.00000000e+00]
 [3.55828868e-01 1.18836994e-01 1.90053484e-01 4.67879277e-01
  4.84609646e-01 3.79982475e-01 1.72624983e-01 2.79765750e-01
  1.34884141e-01 8.31345454e-02 4.06511292e-01 1.06740880e-01
  5.19434087e-01 6.74004898e-01 4.23753992e-01]]

2
----------------------------------------------------------------------------------
[[4.20295258e-01 2.87132798e-01 9.78003067e-02 2.09763192e-01
  3.43003604e-02 1.28705938e-01 2.16682247e-01 1.27777273e-01
  1.57299720e-01 6.81821457e-02 1.09934944e-03 1.72862229e-01
  5.35565499e-02 4.07742020e-02 3.27382641e-02]
 [5.07476700e-01 2.05387094e-01 0.00000000e+00 4.55036532e-01
  2.09572275e-01 2.77763391e-01 4.47267021e-02 0.00000000e+00
  5.31010621e-02 2.13262083e-02 0.00000000e+00 1.42645630e-01
  1.43751391e-01 7.41751694e-02 6.92689471e-02]
 [1.18367286e-01 0.00000000e+00 0.00000000e+00 1.90120002e-01
  1.10729208e-01 1.45608439e-01 0.00000000e+00 0.00000000e+00
  8.22966198e-02 2.25355846e-02 0.00000000e+00 6.95216738e-02
  8.65605452e-02 6.69079040e-02 7.97892286e-03]
 [4.33568279e-01 9.95993803e-02 1.89793725e-01 2.90492385e-01
  2.16748833e-01 2.57573563e-01 3.48959048e-01 3.29037511e-01
  3.04831465e-01 1.08120935e-01 1.03172324e-01 1.11067134e-01
  1.05938968e-01 5.97573214e-02 1.23560345e-01]
 [5.78468418e-01 7.66867107e-02 1.62522573e-01 3.60138575e-01
  2.12225370e-01 2.93285050e-01 2.03649564e-01 6.69494476e-02
  2.86687091e-01 1.07100071e-01 1.50823566e-01 6.75145871e-02
  1.27373563e-01 1.84700395e-02 6.28466298e-02]
 [4.74344032e-01 1.05291423e-01 0.00000000e+00 4.09298568e-01
  2.82681613e-01 3.55508889e-01 3.41546601e-02 0.00000000e+00
  1.93105723e-01 3.91312993e-02 1.91269410e-01 9.72743991e-02
  6.00293550e-02 2.82438790e-02 1.09360471e-01]
 [6.62994467e-01 2.87202575e-01 0.00000000e+00 4.35390584e-01
  3.24726867e-01 2.49437068e-01 9.80960854e-02 4.88103392e-02
  2.86859886e-01 6.85434737e-02 1.80479835e-01 7.74928032e-02
  1.31592017e-01 0.00000000e+00 5.45832367e-02]
 [1.42293661e-02 0.00000000e+00 0.00000000e+00 8.57207428e-02
  2.10710453e-01 1.47162394e-01 1.33778172e-01 7.39609119e-01
  4.82077081e-01 2.00536187e-01 2.83188804e-02 9.69082864e-02
  1.57469610e-01 4.41210449e-02 1.81467659e-01]
 [0.00000000e+00 0.00000000e+00 0.00000000e+00 1.24938756e-01
  3.26504448e-01 1.98829805e-01 2.24743985e-01 1.37793411e+00
  8.20430874e-01 3.92672180e-01 1.90596305e-01 4.50281110e-02
  1.28165785e-01 5.12775169e-03 2.27258956e-01]
 [0.00000000e+00 0.00000000e+00 0.00000000e+00 1.57319198e-01
  1.26915276e-03 1.13833856e-01 9.59686205e-03 0.00000000e+00
  6.46234751e-02 5.31766413e-02 4.53955458e-02 7.95381761e-02
  7.67225809e-02 7.69350747e-02 1.02101049e-01]
 [4.36179145e-02 0.00000000e+00 0.00000000e+00 2.42907413e-01
  1.93503592e-01 1.63345717e-01 0.00000000e+00 1.57248017e+00
  1.66870232e+00 3.80406992e-01 5.82565973e-02 9.75905545e-02
  3.56000680e-02 1.46891574e-01 9.10031270e-02]
 [0.00000000e+00 0.00000000e+00 0.00000000e+00 0.00000000e+00
  1.01288112e-01 1.40620263e-01 8.92248262e-02 6.87137282e-01
  3.86241532e-01 1.03951998e-01 6.35909720e-02 5.86022736e-02
  4.71507794e-02 0.00000000e+00 9.73131382e-02]
 [0.00000000e+00 0.00000000e+00 0.00000000e+00 1.08719872e-01
  0.00000000e+00 7.54698692e-02 1.48922799e-02 1.15065925e+00
  2.09490469e-01 1.40555160e-01 7.03951892e-03 3.45172407e-03
  5.27641946e-02 0.00000000e+00 9.52598148e-02]
 [0.00000000e+00 2.11793946e-02 0.00000000e+00 2.66168202e-02
  7.15409983e-02 1.53040552e-01 0.00000000e+00 1.84847690e-01
  6.67479122e-02 3.39654097e-02 3.71064623e-02 4.00715980e-02
  2.05056459e-02 2.05522439e-02 1.40265378e-01]
 [0.00000000e+00 0.00000000e+00 0.00000000e+00 3.35444798e-02
  6.25887482e-02 1.62522405e-01 0.00000000e+00 3.45759490e-02
  7.33083908e-03 1.38716186e-02 0.00000000e+00 3.70133721e-02
  3.30060762e-02 2.93658332e-02 6.48455286e-02]
 [0.00000000e+00 0.00000000e+00 0.00000000e+00 0.00000000e+00
  2.35789944e-01 3.00653163e-01 0.00000000e+00 6.88207366e-02
  4.12335345e-03 4.31659455e-02 1.53017284e-01 7.53328004e-02
  4.46125743e-02 9.94514704e-02 1.64834775e-01]
 [0.00000000e+00 0.00000000e+00 0.00000000e+00 0.00000000e+00
  1.58043963e-01 1.30965897e-01 7.92104792e-02 1.77317827e-01
  6.41505138e-02 8.65578517e-03 0.00000000e+00 4.08173393e-02
  5.31900346e-02 0.00000000e+00 1.42361605e-01]
 [4.27466645e-01 4.32620866e-01 1.05937883e+00 3.11382932e-01
  3.11987761e-01 8.38804428e-02 3.04893335e-01 1.90020808e-01
  1.28988183e-01 6.43130170e-02 4.94976063e-01 8.98231760e-02
  1.06469457e-01 1.93110953e-01 9.26715441e-02]]

3
----------------------------------------------------------------------------------
[[6.19168627e-02 1.64641387e-02 8.14668311e-02 0.00000000e+00
  0.00000000e+00 6.00031249e-02 2.74400489e-02 0.00000000e+00
  1.31593683e-01 7.10149623e-02 7.28758009e-02 1.20698208e-01
  1.23899136e-01 0.00000000e+00 1.07063058e-01]
 [6.22938186e-02 0.00000000e+00 4.44679896e-02 0.00000000e+00
  0.00000000e+00 7.25671543e-02 1.56619919e-02 3.35937237e-02
  1.21768599e-01 1.63740934e-02 3.08090585e-02 0.00000000e+00
  3.36795356e-02 1.88051339e-02 5.12438262e-02]
 [1.85470646e-02 3.47423572e-02 1.73878001e-02 1.31842716e-02
  3.27542464e-02 5.73815082e-02 7.28667995e-02 4.47403482e-02
  6.05939257e-02 9.06005516e-02 9.15630048e-04 0.00000000e+00
  6.71570305e-02 1.18612505e-01 0.00000000e+00]
 [8.94270939e-02 2.89097193e-01 1.55329729e-01 0.00000000e+00
  4.08141411e-02 6.16641108e-02 1.03024517e-01 0.00000000e+00
  2.07428914e-01 9.13032761e-02 1.61559645e-01 1.32555808e-01
  2.22654142e-01 1.43958141e-01 2.71034582e-01]
 [5.88413445e-02 2.41298325e-01 1.12974525e-01 0.00000000e+00
  8.37868243e-03 8.35483433e-02 4.64975595e-02 0.00000000e+00
  1.59577255e-01 7.83908783e-02 1.69921567e-01 1.71409171e-02
  1.24945307e-01 1.09859114e-01 4.40430526e-02]
 [7.97874338e-02 2.45845139e-01 1.33139342e-01 5.53925118e-03
  8.70689429e-02 1.24919318e-01 4.49375567e-02 7.79197771e-02
  9.13588797e-02 1.56044753e-01 6.85368379e-02 0.00000000e+00
  1.36985288e-01 2.11188384e-01 0.00000000e+00]
 [5.34178938e-02 3.20727679e-01 6.06008899e-02 5.17660925e-02
  2.34888999e-02 8.29484507e-02 4.12071863e-02 1.90927125e-02
  1.34032324e-01 8.23055653e-02 1.41657507e-01 0.00000000e+00
  1.46632472e-01 1.58639027e-01 0.00000000e+00]
 [1.15425341e-01 6.02560675e-01 5.86949399e-02 0.00000000e+00
  9.31412516e-03 1.15809697e-01 1.38618210e-01 0.00000000e+00
  1.74102271e-01 1.05784528e-01 1.40048639e-01 1.79058882e-01
  1.91862793e-01 9.68993842e-02 1.82576365e-01]
 [1.91945053e-01 1.53602031e+00 1.66586015e-01 3.06190309e-03
  5.70090681e-02 4.42150247e-02 1.56312597e-01 3.28065942e-02
  2.64456133e-01 1.57753172e-01 1.69744234e-01 1.48244938e-01
  3.29765566e-01 2.75321087e-01 1.33054274e-01]
 [6.15278869e-02 3.60839168e-02 9.23768267e-02 5.96404906e-02
  7.11581207e-02 1.47310684e-02 4.31276275e-02 1.14677983e-01
  6.22746070e-03 1.16931156e-01 0.00000000e+00 0.00000000e+00
  3.53043230e-02 1.68435985e-01 1.54731611e-01]
 [7.63461190e-01 1.60936484e+00 1.17305731e-01 2.89731573e-02
  3.54639933e-02 1.03351012e-01 4.46559458e-02 5.72226567e-02
  1.51348788e-01 1.60203444e-01 4.84718517e-02 0.00000000e+00
  1.84527470e-01 2.05503010e-01 3.48319369e-01]
 [7.32334506e-02 5.46454591e-01 6.89904908e-02 0.00000000e+00
  2.12749452e-02 2.26286927e-02 7.35605628e-02 1.64569676e-02
  1.63142715e-01 8.35208959e-02 9.37486543e-02 1.35272455e-01
  1.51944089e-01 7.57909930e-02 1.68510465e-01]
 [1.71138055e-01 7.96552397e-01 1.62370223e-01 7.42018280e-02
  2.54445205e-02 9.74904935e-02 3.96444987e-02 2.49596390e-02
  9.29190677e-02 3.84616298e-02 0.00000000e+00 0.00000000e+00
  1.02671617e-01 1.01109212e-03 7.03013479e-02]
 [0.00000000e+00 7.71155813e-02 8.83464212e-03 2.89373008e-02
  2.82194074e-02 2.44820782e-02 4.45586625e-02 0.00000000e+00
  8.01564245e-02 7.64458197e-02 1.10197588e-01 1.30946779e-02
  9.95027116e-02 1.00456929e-01 7.04391941e-02]
 [2.12890928e-02 7.18435434e-02 4.76298135e-02 1.44731551e-02
  3.52588435e-02 4.70754457e-02 7.97619767e-02 0.00000000e+00
  3.84495974e-02 9.33359538e-02 1.08873914e-01 0.00000000e+00
  9.94500176e-02 3.24257558e-02 6.24454791e-02]
 [0.00000000e+00 1.42907351e-01 5.03217456e-02 4.23534719e-02
  5.91129629e-02 4.54884567e-02 5.73275925e-02 4.83098327e-02
  3.38416507e-02 9.46189542e-02 1.47759022e-01 1.11986519e-02
  2.18227478e-01 3.60003403e-01 0.00000000e+00]
 [0.00000000e+00 7.78316909e-02 1.55091154e-02 0.00000000e+00
  0.00000000e+00 5.65905387e-02 4.50774936e-02 4.32560202e-02
  1.41639332e-01 1.14952977e-01 1.49219926e-01 1.55724365e-01
  1.72542601e-01 5.28218001e-02 1.90981626e-01]
 [2.01996839e-01 1.35229596e-01 9.85514426e-02 1.46196944e-01
  9.38884022e-02 5.96612924e-02 7.44111885e-02 8.52941445e-02
  1.28235439e-01 8.08786684e-02 2.08640274e-01 3.65273600e-01
  1.83034761e-01 3.92642896e-01 2.49674649e-01]]

4
----------------------------------------------------------------------------------
[[0.00000000e+00 0.00000000e+00 0.00000000e+00 1.11134771e-01
  1.36585418e-01 1.76193114e-01 5.94088538e-02 1.07276579e-01
  9.43083578e-02 3.47665046e-02 1.25175021e-02 1.03715214e-01
  2.19069279e-02 0.00000000e+00 4.28410328e-02]
 [1.21489092e-02 0.00000000e+00 4.47813463e-02 1.34915408e-02
  1.01827735e-01 1.02621526e-01 1.05199777e-01 0.00000000e+00
  1.87626330e-02 2.83059816e-02 6.14794865e-02 1.11006141e-01
  0.00000000e+00 1.24920268e-02 1.82391056e-02]
 [0.00000000e+00 0.00000000e+00 0.00000000e+00 2.09028092e-01
  0.00000000e+00 8.87447898e-02 1.06265359e-01 1.46164250e-01
  0.00000000e+00 7.41173174e-03 9.74501075e-02 6.57603291e-02
  0.00000000e+00 7.82723425e-03 0.00000000e+00]
 [1.84611271e-02 0.00000000e+00 9.77524967e-02 1.14279334e-01
  2.18921864e-01 3.00619844e-01 2.16143592e-01 3.31946668e-01
  2.28724394e-01 1.64267146e-01 8.43369090e-02 2.59727613e-01
  6.92959337e-02 5.72211189e-02 2.67560993e-01]
 [3.89502339e-01 0.00000000e+00 3.84762195e-01 2.06608247e-01
  2.35804569e-01 1.90439154e-01 1.44959757e-01 8.93069822e-02
  1.30208544e-01 1.07901932e-01 1.87517745e-02 1.61075291e-01
  0.00000000e+00 1.12864230e-01 1.18622568e-01]
 [1.83466983e-01 0.00000000e+00 0.00000000e+00 8.65481361e-02
  2.44351060e-01 3.81003895e-01 1.25877770e-01 9.56303515e-02
  9.14069112e-02 8.75332317e-02 6.32578767e-02 2.44680334e-01
  1.21612526e-01 9.91092924e-02 1.07952333e-01]
 [3.09168379e-01 0.00000000e+00 1.38376766e-01 1.38220457e-01
  2.10280882e-01 2.96811706e-01 2.15761915e-01 1.90093567e-02
  1.24063493e-01 2.67198125e-02 2.18151834e-02 1.54305882e-01
  7.17696825e-02 1.22102102e-01 2.70101999e-02]
 [1.83802596e+00 6.38021030e-01 2.78568907e+00 8.17838047e-01
  2.29920267e-01 3.39876563e-01 2.88827894e-01 3.54038140e-01
  2.21480337e-01 9.56379341e-02 3.78350658e-02 2.49685587e-01
  8.57612480e-02 1.89851994e-02 2.18865377e-01]
 [4.79006945e+00 7.05587412e-01 3.29897140e+00 1.53856450e+00
  6.17584984e-01 5.62830428e-01 2.92337118e-01 4.61751772e-01
  3.32613637e-01 1.64595281e-01 7.71973401e-02 3.79041227e-01
  7.74176112e-02 7.50595767e-02 4.29664972e-01]
 [9.66138098e-01 6.26557962e-02 6.36581079e-01 5.23326900e-01
  2.61727257e-01 1.83892385e-01 0.00000000e+00 1.87759003e-01
  0.00000000e+00 1.32146073e-01 9.03960344e-02 9.87979369e-02
  4.79311698e-02 2.58663888e-02 8.40371358e-02]
 [3.99782280e+00 1.56434250e+00 3.00191710e+00 5.08104951e+00
  2.11347041e+00 1.14080385e+00 5.99319862e-02 2.63957980e-01
  6.35663093e-02 0.00000000e+00 9.44563939e-02 2.80693270e-01
  7.54882879e-02 3.47317833e-02 0.00000000e+00]
 [9.02462455e-01 1.67117805e-01 1.11889798e+00 6.29324276e-01
  9.67296357e-02 1.56525476e-01 1.87566888e-01 2.41357015e-01
  1.71522447e-01 1.24246930e-01 3.06024129e-02 2.11667255e-01
  4.25165289e-02 0.00000000e+00 2.02712483e-01]
 [3.08667082e+00 1.95686200e-01 1.44441102e+00 9.57397109e-01
  6.01422864e-01 2.71142065e-01 0.00000000e+00 1.59406860e-01
  0.00000000e+00 5.68376895e-03 6.27413348e-02 1.69353059e-01
  7.25471370e-03 2.80069213e-02 0.00000000e+00]
 [1.05560297e-01 0.00000000e+00 0.00000000e+00 7.41418007e-02
  2.58685810e-01 5.13881439e-03 9.11478040e-02 9.91751773e-02
  1.56831751e-01 6.17336331e-02 2.20918056e-02 1.75604581e-01
  8.85192415e-02 2.67132483e-02 1.86360219e-01]
 [0.00000000e+00 0.00000000e+00 0.00000000e+00 8.14411540e-02
  1.20756222e-01 0.00000000e+00 9.62273263e-02 1.31434748e-01
  6.93227607e-02 5.27113763e-03 5.14674878e-02 1.30724080e-01
  2.33766256e-02 0.00000000e+00 3.92313938e-03]
 [1.42260051e-01 0.00000000e+00 0.00000000e+00 1.11303871e-01
  2.26689958e-01 0.00000000e+00 1.60802639e-01 2.84463482e-01
  2.02709110e-01 6.99152351e-02 1.08140070e-01 1.77284941e-01
  1.10353412e-01 1.18732245e-01 2.79153981e-01]
 [3.92551073e-03 0.00000000e+00 0.00000000e+00 8.87189262e-02
  1.70569955e-01 0.00000000e+00 1.34220274e-01 1.30686909e-01
  1.43261885e-01 7.09734892e-02 1.21654181e-02 9.19840850e-02
  5.05596919e-02 0.00000000e+00 2.47890716e-01]
 [6.40308572e-01 9.01719733e-01 2.46997514e-01 1.31442861e-01
  3.30470481e-01 2.34139048e-01 1.38893991e-01 2.22505493e-01
  2.62076141e-01 3.46795378e-01 7.01285910e-02 1.82627268e-01
  9.31743258e-02 1.79456505e-01 7.72040253e-01]]

5
----------------------------------------------------------------------------------
[[0.00000000e+00 8.11528916e-04 4.38373285e-02 0.00000000e+00
  1.42112152e-01 9.82376339e-02 0.00000000e+00 3.49071567e-03
  6.59274218e-02 1.05600954e-01 8.81059821e-02 0.00000000e+00
  0.00000000e+00 0.00000000e+00 0.00000000e+00]
 [2.73381121e-01 0.00000000e+00 4.89045086e-02 7.77598368e-02
  2.87550147e-01 2.08059613e-01 1.65290268e-02 0.00000000e+00
  4.20393846e-01 2.63953925e-01 1.96486636e-01 1.08106938e-02
  4.48141931e-03 0.00000000e+00 0.00000000e+00]
 [0.00000000e+00 0.00000000e+00 0.00000000e+00 7.19590454e-02
  1.48333585e-01 0.00000000e+00 0.00000000e+00 0.00000000e+00
  3.32849096e-01 1.40504700e-01 1.13520825e-02 0.00000000e+00
  0.00000000e+00 4.10286845e-02 0.00000000e+00]
 [2.47184071e-01 4.25480054e-01 3.17420270e-01 0.00000000e+00
  2.48638030e-01 2.16637291e-01 0.00000000e+00 1.00002141e-02
  4.53647400e-01 2.93129677e-01 2.01967994e-01 0.00000000e+00
  1.72549036e-02 0.00000000e+00 1.12071218e-01]
 [4.23804553e-01 4.06694489e-01 2.65650494e-01 0.00000000e+00
  2.52456792e-01 1.74916936e-01 0.00000000e+00 0.00000000e+00
  3.75937323e-01 2.19317594e-01 1.20501457e-01 0.00000000e+00
  3.46441883e-02 0.00000000e+00 6.67345200e-02]
 [6.02999263e-02 0.00000000e+00 1.79913814e-01 0.00000000e+00
  1.83221498e-01 1.52890723e-01 0.00000000e+00 4.51005770e-02
  5.54422186e-01 2.31773908e-01 7.30073170e-02 0.00000000e+00
  0.00000000e+00 2.52829641e-02 0.00000000e+00]
 [3.24891084e-01 5.90648813e-03 1.85628015e-01 1.14359977e-02
  2.18296679e-01 2.68591536e-01 0.00000000e+00 0.00000000e+00
  4.08322012e-01 2.12021054e-01 1.49931052e-01 0.00000000e+00
  0.00000000e+00 7.52086592e-03 4.23082420e-02]
 [0.00000000e+00 0.00000000e+00 2.83433016e-01 0.00000000e+00
  1.10597809e-01 2.47734681e-01 0.00000000e+00 0.00000000e+00
  4.16396293e-01 2.20044348e-01 1.39601549e-01 0.00000000e+00
  0.00000000e+00 0.00000000e+00 1.32037561e-01]
 [0.00000000e+00 0.00000000e+00 3.11263869e-01 0.00000000e+00
  1.29645588e-01 3.08259566e-01 0.00000000e+00 0.00000000e+00
  4.06140589e-01 2.49585609e-01 6.58185882e-02 0.00000000e+00
  5.12553486e-03 0.00000000e+00 1.05348947e-01]
 [0.00000000e+00 0.00000000e+00 8.65810775e-02 2.32237564e-02
  6.74041515e-02 1.00863293e-01 0.00000000e+00 3.62182504e-02
  2.84063321e-01 6.08818535e-02 2.08684906e-03 0.00000000e+00
  6.80451855e-02 4.59460094e-02 0.00000000e+00]
 [0.00000000e+00 0.00000000e+00 1.09804938e-01 0.00000000e+00
  1.31454191e-01 9.91984424e-02 0.00000000e+00 0.00000000e+00
  3.43785574e-01 1.49789634e-01 3.73412936e-02 0.00000000e+00
  0.00000000e+00 3.82365431e-02 0.00000000e+00]
 [0.00000000e+00 0.00000000e+00 1.57028006e-01 0.00000000e+00
  8.89457278e-03 1.67021246e-01 0.00000000e+00 3.03615019e-02
  3.19906713e-01 9.03966034e-02 5.79793960e-02 0.00000000e+00
  0.00000000e+00 0.00000000e+00 0.00000000e+00]
 [0.00000000e+00 0.00000000e+00 3.02783175e-02 0.00000000e+00
  1.09192625e-01 7.19480249e-02 0.00000000e+00 0.00000000e+00
  1.61777494e-01 1.57503665e-02 6.87764816e-03 0.00000000e+00
  0.00000000e+00 0.00000000e+00 0.00000000e+00]
 [0.00000000e+00 0.00000000e+00 6.90942163e-02 0.00000000e+00
  1.00344461e-01 6.32368007e-02 0.00000000e+00 0.00000000e+00
  2.33614234e-01 9.60263607e-02 7.10058662e-02 0.00000000e+00
  4.04705019e-02 4.63482712e-02 0.00000000e+00]
 [0.00000000e+00 0.00000000e+00 0.00000000e+00 0.00000000e+00
  5.33460714e-02 0.00000000e+00 0.00000000e+00 0.00000000e+00
  7.88512323e-02 2.15827530e-02 6.57174979e-02 0.00000000e+00
  2.65414488e-02 6.76345790e-02 0.00000000e+00]
 [0.00000000e+00 0.00000000e+00 1.90739910e-01 0.00000000e+00
  7.43040982e-02 3.96706991e-02 0.00000000e+00 0.00000000e+00
  2.07211445e-01 9.65809132e-02 8.15277577e-02 4.00953225e-02
  5.95736292e-02 6.51875171e-02 0.00000000e+00]
 [0.00000000e+00 0.00000000e+00 1.65629570e-01 0.00000000e+00
  1.03030888e-01 0.00000000e+00 0.00000000e+00 0.00000000e+00
  1.79220514e-01 2.96065430e-02 9.46816309e-02 0.00000000e+00
  6.35159771e-02 6.81249187e-03 0.00000000e+00]
 [7.86429355e-01 8.18172586e-01 2.46873883e-01 1.65432959e-01
  1.07539616e-01 5.49292936e-01 5.75506971e-01 2.13733429e-01
  3.18446691e-01 1.25753328e-01 1.34202420e-01 1.55760824e-01
  1.58888731e-01 1.74535838e-01 3.74916248e-01]]

6
----------------------------------------------------------------------------------
[[5.05314620e-02 1.17786492e-01 0.00000000e+00 0.00000000e+00
  2.86270192e-02 0.00000000e+00 1.52489003e-01 6.25789873e-02
  0.00000000e+00 3.26684299e-02 1.57346640e-02 3.48119727e-01
  0.00000000e+00 9.61091478e-01 1.69107306e+00]
 [1.57451052e-01 8.33339763e-02 0.00000000e+00 6.70393418e-02
  1.10431643e-01 0.00000000e+00 8.63843722e-02 9.54250327e-02
  0.00000000e+00 8.43176987e-02 1.95563142e-01 7.16090790e-01
  8.46755239e-01 1.18237739e+00 1.25274553e+00]
 [4.73961057e-02 0.00000000e+00 2.56943543e-02 3.65375068e-02
  0.00000000e+00 0.00000000e+00 5.59815599e-02 2.29695514e-02
  0.00000000e+00 9.99748113e-02 1.03320187e-01 3.97944239e-01
  4.67672889e-01 2.14468414e+00 1.08423254e+00]
 [9.77662776e-02 1.99677551e-01 0.00000000e+00 0.00000000e+00
  1.27694857e-01 1.22692635e-01 2.13770987e-01 5.76852549e-02
  4.19852703e-03 9.65649228e-02 2.27445430e-01 7.43462266e-01
  4.13251046e-01 1.88512609e+00 2.33680398e+00]
 [1.72230393e-01 1.23930078e-01 5.23137396e-03 0.00000000e+00
  7.81721907e-02 7.97356875e-02 1.58547129e-01 2.59466607e-02
  1.89923653e-02 5.49256803e-02 2.86416444e-01 8.29207604e-01
  4.32930125e-01 1.81566844e+00 2.07421194e+00]
 [1.95725794e-01 1.29068905e-01 7.37299310e-02 1.21210387e-02
  5.50162565e-02 1.11433039e-01 0.00000000e+00 2.62297873e-02
  1.31443155e-02 1.63668848e-01 5.25614567e-01 1.36019879e+00
  1.54602359e+00 3.09047366e+00 1.76326771e+00]
 [2.63459280e-01 2.19428559e-01 6.03302371e-02 3.67925261e-02
  1.00568215e-01 1.31770864e-01 9.59783020e-02 3.69204563e-02
  4.71433768e-02 9.33763736e-02 4.66172614e-01 1.15499756e+00
  1.57866464e+00 3.52907151e+00 2.81598628e+00]
 [4.24384764e-02 1.04834117e-01 0.00000000e+00 0.00000000e+00
  1.06607833e-01 1.01465310e-01 1.31083771e-01 6.61339098e-02
  8.53577874e-04 3.33475183e-02 1.41316697e-01 2.03550081e-01
  0.00000000e+00 9.00312325e-01 7.13410414e-01]
 [2.21607211e-02 1.44940800e-01 0.00000000e+00 0.00000000e+00
  1.48772151e-01 1.99081443e-01 1.49666992e-01 3.71493237e-02
  8.00108781e-02 3.76092823e-02 1.48935271e-01 2.38020095e-01
  0.00000000e+00 5.80306132e-01 3.93131898e-01]
 [2.66315821e-02 0.00000000e+00 7.67397319e-02 6.23575508e-03
  7.25470411e-02 1.11158002e-01 0.00000000e+00 2.10429827e-02
  1.55781074e-01 8.23708297e-02 4.23766745e-04 9.03457562e-02
  0.00000000e+00 8.89433382e-01 1.61097855e-01]
 [1.73556429e-01 2.18520812e-01 0.00000000e+00 2.24377757e-03
  2.98640576e-02 0.00000000e+00 0.00000000e+00 3.48160796e-02
  1.18107043e-02 9.07176892e-02 1.66094416e-01 4.72482099e-01
  3.84358159e-01 1.36561058e+00 2.68879742e-01]
 [0.00000000e+00 6.72641427e-02 0.00000000e+00 0.00000000e+00
  1.09150594e-01 6.57332322e-02 1.55620164e-01 0.00000000e+00
  7.66843436e-03 0.00000000e+00 6.78636953e-02 5.61196140e-02
  0.00000000e+00 3.28412976e-01 1.37087598e-01]
 [3.02881277e-02 0.00000000e+00 0.00000000e+00 1.23626887e-02
  1.38770927e-02 0.00000000e+00 4.40731306e-02 3.65709692e-02
  0.00000000e+00 3.95237680e-02 0.00000000e+00 0.00000000e+00
  0.00000000e+00 4.44706971e-01 1.92689997e-01]
 [0.00000000e+00 8.55251795e-02 1.59554102e-03 1.04244638e-02
  1.17610533e-01 7.77953810e-02 5.68188716e-02 0.00000000e+00
  8.53572694e-03 1.18330906e-02 5.42665097e-02 0.00000000e+00
  0.00000000e+00 2.19871280e-01 2.11552294e-02]
 [3.66805311e-02 8.93398580e-02 0.00000000e+00 4.34805751e-02
  3.42797594e-02 0.00000000e+00 0.00000000e+00 0.00000000e+00
  0.00000000e+00 6.28820023e-02 0.00000000e+00 0.00000000e+00
  0.00000000e+00 1.49559456e-01 1.85582669e-01]
 [8.99913828e-02 6.21988787e-02 2.02986436e-02 2.98047236e-03
  1.28793074e-01 1.10897405e-01 0.00000000e+00 1.13068503e-02
  6.70712886e-02 5.24498297e-02 5.74090011e-04 0.00000000e+00
  0.00000000e+00 3.58772056e-01 1.71345165e-02]
 [4.51381913e-03 8.10307870e-02 6.90291798e-03 1.61824993e-02
  6.85800925e-02 8.14605982e-02 7.31589549e-02 1.66111032e-02
  3.66955957e-02 2.41901210e-02 1.06652770e-01 0.00000000e+00
  0.00000000e+00 3.41982426e-01 2.11306956e-02]
 [1.15937017e-01 2.60291776e-01 2.06266429e-01 9.87032906e-02
  1.66971651e-01 3.67628055e-01 3.01664925e-01 1.16835341e-01
  1.93313874e-01 8.32021793e-02 2.29729036e-01 2.30366791e-01
  5.96633116e-01 2.23119874e-01 2.41216823e-01]]

7
----------------------------------------------------------------------------------
[[0.56672426 0.24097232 0.4809294  0.44456899 0.26634232 0.17087353
  0.28527013 0.05718275 0.28962026]
 [0.36194632 0.17142681 0.34159211 0.59355729 0.44587463 0.17990283
  0.34668138 0.03930959 0.31678437]
 [0.64713853 0.41871997 0.18200891 0.28107876 0.25230173 0.16922527
  0.2239555  0.30087717 0.11962823]
 [0.92297014 0.48215608 0.62729072 0.45269078 0.21361238 0.11691229
  0.29692628 0.27075984 0.41793753]
 [0.95894608 0.24963308 0.41943674 0.38640913 0.2918262  0.04766594
  0.28508149 0.41459497 0.24750073]
 [0.89781714 0.40446902 0.44399469 0.32889916 0.32174616 0.16629861
  0.22794619 0.6357698  0.05498869]
 [0.87907476 0.30575019 0.45935965 0.31369773 0.29952647 0.1246117
  0.27163045 0.42071558 0.08990486]
 [0.08634143 0.3752358  0.11786845 0.05495391 0.         0.10200972
  0.10900952 0.09577784 0.48177584]
 [0.1215723  0.27500346 0.11472214 0.05644254 0.03319932 0.1015129
  0.14378348 0.14880097 0.4452513 ]
 [0.02110507 0.06606427 0.04124379 0.04693209 0.00582469 0.03190275
  0.06126813 0.44853365 0.08111982]
 [0.06033123 0.23232313 0.0275415  0.085866   0.1099471  0.05489977
  0.14032728 0.3785337  0.08214751]
 [0.09919279 0.248635   0.03081539 0.00902734 0.         0.0469183
  0.08357167 0.05737173 0.36997502]
 [0.15161398 0.08658689 0.         0.00952388 0.         0.
  0.04590535 0.15976476 0.08056783]
 [0.         0.24566709 0.         0.         0.         0.05643403
  0.02144129 0.17251057 0.16974917]
 [0.01035079 0.21602488 0.00135641 0.         0.         0.04495447
  0.06093323 0.14642194 0.        ]
 [0.06999755 0.17248893 0.         0.         0.         0.03444272
  0.00213804 0.39475704 0.        ]
 [0.1363375  0.30955199 0.05187424 0.         0.         0.02988027
  0.04301092 0.04951668 0.2216216 ]
 [0.15563369 0.18758598 0.15992105 0.15397503 0.20672503 0.1009136
  0.10387027 0.35834092 0.58573006]]