

1
----------------------------------------------------------------------------------
[[1.06730943e-01 0.00000000e+00 4.32112889e-02 4.65928631e-02
  2.71708828e-01 0.00000000e+00 1.37768329e-01 4.43496580e-04
  5.88314061e-02 0.00000000e+00 0.00000000e+00 0.00000000e+00
  1.04937398e-01 0.00000000e+00 1.14755045e-01]
 [0.00000000e+00 0.00000000e+00 6.78089104e-02 0.00000000e+00
  1.97762898e-01 0.00000000e+00 8.06684113e-04 0.00000000e+00
  8.14414315e-02 6.13483172e-02 0.00000000e+00 0.00000000e+00
  9.96746426e-03 0.00000000e+00 6.66858493e-02]
 [1.58511127e-02 1.49161706e-01 0.00000000e+00 2.33793681e-02
  2.59631064e-01 0.00000000e+00 0.00000000e+00 0.00000000e+00
  1.26760609e-01 5.78883583e-03 6.10936798e-02 6.02696219e-02
  4.98201571e-02 2.34104431e-03 1.78547599e-01]
 [6.45170259e-02 0.00000000e+00 0.00000000e+00 0.00000000e+00
  1.85882202e-01 0.00000000e+00 1.01235267e-01 0.00000000e+00
  3.86277642e-02 6.75442337e-02 0.00000000e+00 0.00000000e+00
  4.96057623e-02 0.00000000e+00 5.82235807e-02]
 [3.24163980e-02 0.00000000e+00 5.31271124e-03 0.00000000e+00
  1.03578598e-01 0.00000000e+00 0.00000000e+00 0.00000000e+00
  6.16876399e-02 1.79184678e-02 1.58899306e-03 0.00000000e+00
  3.01287627e-02 0.00000000e+00 4.64357592e-02]
 [0.00000000e+00 1.13106998e-01 0.00000000e+00 0.00000000e+00
  1.28858905e-01 0.00000000e+00 0.00000000e+00 0.00000000e+00
  9.24297159e-02 4.33003054e-02 0.00000000e+00 2.59673948e-02
  0.00000000e+00 5.30693176e-02 0.00000000e+00]
 [0.00000000e+00 4.18775893e-02 1.06209318e-02 0.00000000e+00
  9.45404763e-02 0.00000000e+00 0.00000000e+00 0.00000000e+00
  8.42201376e-02 0.00000000e+00 4.13439112e-02 0.00000000e+00
  0.00000000e+00 0.00000000e+00 4.42482204e-02]
 [2.35271827e-01 0.00000000e+00 0.00000000e+00 2.05399717e-02
  2.12138353e-01 0.00000000e+00 1.07260932e-01 6.64744665e-02
  4.30238434e-02 1.68808390e-02 0.00000000e+00 0.00000000e+00
  8.70792113e-02 0.00000000e+00 5.32490341e-02]
 [2.87454170e-01 0.00000000e+00 0.00000000e+00 5.33585057e-03
  1.44443252e-01 0.00000000e+00 1.58163075e-02 1.12172873e-03
  5.62864593e-02 0.00000000e+00 0.00000000e+00 0.00000000e+00
  5.54576120e-02 0.00000000e+00 7.61417234e-02]
 [0.00000000e+00 1.38518587e-01 0.00000000e+00 1.13928223e-03
  2.04287352e-01 0.00000000e+00 0.00000000e+00 0.00000000e+00
  8.71786326e-02 0.00000000e+00 6.46213429e-02 0.00000000e+00
  0.00000000e+00 0.00000000e+00 7.25037718e-02]
 [1.34926561e-02 0.00000000e+00 0.00000000e+00 0.00000000e+00
  1.25083611e-01 0.00000000e+00 0.00000000e+00 0.00000000e+00
  9.09196594e-02 6.18527793e-02 0.00000000e+00 0.00000000e+00
  0.00000000e+00 0.00000000e+00 0.00000000e+00]
 [1.77188814e-01 0.00000000e+00 0.00000000e+00 0.00000000e+00
  1.13789690e-01 0.00000000e+00 2.52895096e-02 0.00000000e+00
  0.00000000e+00 0.00000000e+00 0.00000000e+00 0.00000000e+00
  5.26456490e-02 0.00000000e+00 8.04081567e-02]
 [0.00000000e+00 0.00000000e+00 0.00000000e+00 0.00000000e+00
  1.05520752e-01 0.00000000e+00 0.00000000e+00 0.00000000e+00
  2.51035327e-02 4.04586155e-02 0.00000000e+00 0.00000000e+00
  0.00000000e+00 0.00000000e+00 0.00000000e+00]
 [0.00000000e+00 0.00000000e+00 0.00000000e+00 2.57434878e-02
  0.00000000e+00 5.53145820e-02 2.41289907e-02 3.88980234e-02
  0.00000000e+00 0.00000000e+00 0.00000000e+00 0.00000000e+00
  0.00000000e+00 0.00000000e+00 2.99954051e-02]
 [0.00000000e+00 0.00000000e+00 1.43017300e-02 1.09680330e-01
  3.09986570e-02 1.18311067e-01 8.44594817e-02 6.59250283e-02
  1.26855626e-01 1.60007376e-02 0.00000000e+00 0.00000000e+00
  5.74951894e-03 3.78028703e-02 3.30723715e-02]
 [0.00000000e+00 0.00000000e+00 0.00000000e+00 0.00000000e+00
  1.07986389e-01 0.00000000e+00 7.08022213e-02 3.76266681e-02
  4.05290298e-02 0.00000000e+00 0.00000000e+00 0.00000000e+00
  0.00000000e+00 0.00000000e+00 8.02894865e-03]
 [0.00000000e+00 0.00000000e+00 0.00000000e+00 3.46795535e-02
  2.05737053e-03 1.37989335e-01 0.00000000e+00 1.88790541e-01
  0.00000000e+00 1.03935673e-02 0.00000000e+00 0.00000000e+00
  6.27895709e-02 0.00000000e+00 3.14932514e-02]
 [4.24643794e-01 3.09138623e-01 6.24407795e-01 2.20890745e-01
  2.29749196e-01 3.65821785e-01 2.41832963e-01 4.89166057e-01
  2.38150456e-01 2.83074479e-01 3.30395451e-01 6.07603562e-01
  2.48581175e-01 3.24514347e-01 3.01505516e-01]]

2
----------------------------------------------------------------------------------
[[1.51085561e-01 0.00000000e+00 0.00000000e+00 0.00000000e+00
  1.10540841e-01 0.00000000e+00 0.00000000e+00 1.55449421e+00
  2.55214636e+00 1.10114068e+00 8.01108384e-01 6.54589228e-01
  3.80233930e-02 3.42136479e-01 2.32394943e-01]
 [1.26875810e-01 0.00000000e+00 1.65194267e-03 0.00000000e+00
  2.14648861e-01 0.00000000e+00 0.00000000e+00 1.07308187e+00
  1.56563374e+00 1.36712560e+00 1.02260190e+00 8.47640125e-01
  5.84848030e-01 6.55902366e-01 8.02437247e-01]
 [1.01953280e-01 9.80071775e-02 6.61757539e-02 0.00000000e+00
  2.29905292e-01 4.80608060e-02 2.62474499e-03 1.22458378e+00
  2.08636389e+00 1.01341918e+00 7.99984994e-01 3.59070797e-01
  3.23350891e-01 2.38317101e-01 6.54182598e-01]
 [8.95557665e-02 0.00000000e+00 5.81937085e-03 9.41842600e-02
  1.16189260e-01 0.00000000e+00 0.00000000e+00 2.20330539e+00
  2.64290785e+00 1.61487948e+00 1.02674055e+00 7.48345997e-01
  3.28468052e-01 1.42633268e-01 2.58484388e-01]
 [5.62551741e-02 0.00000000e+00 0.00000000e+00 2.73805345e-03
  5.69692179e-02 0.00000000e+00 0.00000000e+00 1.68887103e+00
  2.34915689e+00 1.67633348e+00 1.10165154e+00 7.04989478e-01
  4.09978185e-01 3.74502242e-01 4.15104808e-01]
 [1.23252816e-01 1.55830668e-02 6.78894511e-02 0.00000000e+00
  1.47404893e-01 0.00000000e+00 0.00000000e+00 2.01080244e+00
  3.08916816e+00 2.49471247e+00 1.30908994e+00 9.17180622e-01
  5.24789006e-01 5.94691611e-01 7.19281044e-01]
 [6.24978115e-02 0.00000000e+00 0.00000000e+00 0.00000000e+00
  8.26523263e-02 0.00000000e+00 0.00000000e+00 1.64984230e+00
  2.66233580e+00 2.34972911e+00 1.56101861e+00 1.14656903e+00
  6.69107075e-01 6.23359631e-01 6.45782488e-01]
 [1.64063396e-01 2.82561736e-01 4.72770972e-01 1.19075344e-01
  1.41926787e-01 0.00000000e+00 0.00000000e+00 1.27905085e+00
  7.53581467e-01 2.05017233e-02 0.00000000e+00 7.76327099e-02
  2.89205849e-01 0.00000000e+00 1.40304298e-01]
 [1.27062641e-01 1.20784264e+00 8.58380345e-01 1.04705743e-01
  1.21496423e-01 0.00000000e+00 0.00000000e+00 1.43574101e+00
  8.36783108e-01 1.32422023e-01 4.30867612e-02 0.00000000e+00
  2.60540826e-01 0.00000000e+00 2.63802949e-02]
 [9.74824721e-02 0.00000000e+00 6.05040840e-02 0.00000000e+00
  2.09559220e-01 0.00000000e+00 5.76663542e-02 7.82092747e-01
  6.40329633e-01 0.00000000e+00 1.39884299e-02 1.19989307e-01
  3.85496080e-03 8.62908194e-02 5.50140214e-01]
 [2.40666686e-01 1.61563421e+00 1.03350202e+00 0.00000000e+00
  1.86048995e-01 7.62937552e-03 1.45012532e-01 1.67954477e+00
  1.96561961e+00 9.73141370e-01 6.21367483e-01 9.55867818e-03
  7.24046021e-02 0.00000000e+00 4.67098884e-01]
 [7.40343203e-02 1.32689373e+00 3.87403417e-01 2.31067468e-03
  9.73727476e-02 0.00000000e+00 1.01286852e-01 9.67163247e-01
  4.68541001e-01 1.94542022e-01 3.28677444e-02 0.00000000e+00
  2.03731481e-01 0.00000000e+00 1.04667225e-01]
 [1.75400083e-01 1.03330120e+00 8.69225320e-02 0.00000000e+00
  1.28328052e-01 0.00000000e+00 2.64389470e-01 1.09051994e+00
  1.23265441e+00 4.46427120e-01 0.00000000e+00 1.80760052e-01
  0.00000000e+00 5.81041295e-02 3.37923041e-01]
 [1.45370502e-02 0.00000000e+00 0.00000000e+00 0.00000000e+00
  0.00000000e+00 3.79890476e-02 1.70056426e-02 7.02445375e-02
  7.79693945e-02 3.15289507e-01 0.00000000e+00 0.00000000e+00
  3.44650848e-02 0.00000000e+00 8.45519910e-02]
 [2.67754219e-02 1.09528984e-01 3.34815098e-02 0.00000000e+00
  3.68418492e-02 5.14740530e-02 3.02723107e-02 1.66448465e-01
  1.20855211e-01 2.79778990e-01 0.00000000e+00 4.12664498e-02
  2.50200635e-02 2.24780243e-01 2.25812792e-01]
 [6.90035296e-02 0.00000000e+00 0.00000000e+00 0.00000000e+00
  4.94635427e-02 8.26945976e-02 5.76981846e-02 6.35272905e-02
  2.40989034e-01 3.13899379e-01 3.14814647e-02 1.87304203e-02
  0.00000000e+00 3.43365656e-02 2.40306257e-01]
 [4.95510002e-02 4.39708775e-03 0.00000000e+00 0.00000000e+00
  1.74288949e-02 0.00000000e+00 3.45825282e-02 8.60045033e-02
  0.00000000e+00 3.50332794e-01 0.00000000e+00 1.61827598e-04
  9.81265576e-02 0.00000000e+00 4.92888394e-02]
 [2.00189068e-01 2.61658942e-01 4.56910165e-01 2.61022364e-01
  1.36892184e-01 4.46984446e-01 5.68047325e-01 1.52386279e-01
  3.47777251e-01 3.16197719e-01 3.84186610e-01 2.84660731e-01
  2.64209975e-01 3.22876745e-01 1.76305786e-01]]

3
----------------------------------------------------------------------------------
[[0.01712559 0.12509318 0.00896036 0.         0.08971375 0.29954605
  0.         0.         0.         0.03193476 0.         0.02890507
  0.0210833  0.18052748 0.        ]
 [0.45984966 0.07937269 0.05671539 0.         0.         0.0423301
  0.         0.         0.         0.1166962  0.12309189 0.02011096
  0.02365426 0.13893375 0.        ]
 [0.59111268 0.         0.08089386 0.00932884 0.13719934 0.16463563
  0.21228598 0.         0.         0.07262854 0.03726348 0.06062334
  0.22160693 0.15547519 0.        ]
 [0.04617835 0.20670918 0.         0.         0.03186435 0.25999656
  0.         0.         0.         0.         0.         0.03369045
  0.         0.13704746 0.        ]
 [0.18518052 0.02703078 0.05540933 0.         0.02870876 0.05717819
  0.         0.         0.         0.07174816 0.08482007 0.
  0.         0.08637289 0.        ]
 [0.62993982 0.         0.13463928 0.02203435 0.23489766 0.08143185
  0.10508122 0.         0.         0.16238197 0.0420195  0.04824772
  0.02327248 0.0128935  0.        ]
 [0.37259524 0.         0.08947662 0.         0.01533489 0.06886528
  0.04047954 0.         0.         0.19531703 0.18809966 0.
  0.03563946 0.06988769 0.        ]
 [0.         0.0329938  0.         0.         0.03274442 0.31415331
  0.         0.         0.         0.         0.         0.07777375
  0.         0.10196485 0.        ]
 [0.         0.         0.         0.         0.02732826 0.25353491
  0.         0.         0.         0.         0.         0.04914424
  0.         0.08421837 0.        ]
 [0.24594399 0.         0.11744416 0.         0.12715866 0.1116129
  0.15113922 0.00585699 0.03435815 0.10189062 0.         0.
  0.14496684 0.14472934 0.        ]
 [0.42058848 0.         0.18515316 0.         0.1385049  0.05103375
  0.05726704 0.00218199 0.04364122 0.         0.         0.03301231
  0.02719412 0.         0.        ]
 [0.         0.         0.         0.         0.06030664 0.26990228
  0.03002375 0.         0.         0.         0.         0.09117463
  0.         0.09085314 0.        ]
 [0.14466537 0.         0.14172454 0.         0.11548125 0.11801022
  0.0872966  0.01359054 0.0292326  0.0187223  0.         0.
  0.08007851 0.         0.        ]
 [0.         0.         0.         0.         0.05055414 0.09144778
  0.086069   0.         0.01087696 0.03710577 0.         0.
  0.         0.00891514 0.07503075]
 [0.         0.         0.1304596  0.         0.15795533 0.05134056
  0.14511711 0.06447807 0.11318743 0.08471402 0.         0.14316917
  0.05990138 0.02616417 0.        ]
 [0.         0.         0.05299778 0.         0.15096561 0.1209823
  0.12336495 0.01729907 0.01165039 0.00365885 0.02402049 0.02006796
  0.11015981 0.00064171 0.        ]
 [0.         0.         0.         0.         0.00220071 0.1903453
  0.         0.         0.         0.         0.         0.03455016
  0.0062789  0.07712673 0.00843291]
 [0.36586245 0.44634635 0.2715911  0.26736989 0.13873971 0.16407881
  0.22995487 0.18113726 0.19262118 0.14246052 0.35108356 0.20802224
  0.26363292 0.2044342  0.33864645]]

4
----------------------------------------------------------------------------------
[[4.58173267e-02 2.78755350e-02 0.00000000e+00 3.42013093e-01
  4.67856707e-01 8.44626491e-01 1.49384176e+00 1.04333936e+00
  7.45452854e-01 5.41025537e-01 5.15745245e-02 9.96871005e-02
  8.51838668e-02 2.80885580e-02 0.00000000e+00]
 [1.12702478e-02 3.32188162e-02 0.00000000e+00 1.72184558e+00
  1.81744768e+00 1.34753692e+00 9.39937220e-01 4.14828273e-01
  1.86043038e-01 1.16311022e-01 1.52484923e-01 0.00000000e+00
  0.00000000e+00 0.00000000e+00 0.00000000e+00]
 [7.62952301e-02 5.05581835e-02 0.00000000e+00 7.76079580e-01
  1.15756723e+00 2.23469865e+00 1.27564736e+00 6.02649735e-01
  3.04519601e-01 5.21189592e-02 2.48916942e-01 1.40226962e-01
  3.14349718e-01 1.06956094e-01 0.00000000e+00]
 [7.74165947e-02 0.00000000e+00 0.00000000e+00 6.42425597e-01
  7.13326741e-01 1.31903402e+00 1.64877147e+00 1.05354053e+00
  6.49524077e-01 5.63503200e-01 3.06239287e-03 1.48651234e-01
  1.31473636e-01 6.59195883e-02 0.00000000e+00]
 [1.54545673e-02 0.00000000e+00 0.00000000e+00 1.04926455e+00
  1.24411271e+00 1.52471070e+00 1.39065985e+00 7.94441268e-01
  4.84373699e-01 1.95037790e-01 4.31201276e-02 2.77969857e-01
  1.62293736e-01 1.65168451e-02 0.00000000e+00]
 [4.68825410e-02 6.02991229e-02 2.44071671e-01 1.21197351e+00
  2.97673895e+00 3.57329757e+00 1.90314887e+00 6.63747916e-01
  4.03573551e-01 1.14855303e-01 2.59294792e-01 1.36624049e-01
  1.75204444e-01 4.15391680e-02 0.00000000e+00]
 [2.01217075e-02 1.42984317e-03 4.58336879e-02 1.30268338e+00
  2.12692199e+00 3.54260766e+00 1.86281622e+00 5.12982272e-01
  3.48545058e-01 7.15116954e-02 2.65209726e-01 1.19061612e-01
  2.02066967e-01 9.41926023e-02 0.00000000e+00]
 [5.04530659e-02 0.00000000e+00 0.00000000e+00 3.19009446e-01
  1.18062311e-01 8.39006901e-02 3.79140244e-01 0.00000000e+00
  2.27782847e-01 2.60401763e-01 1.08066149e-01 0.00000000e+00
  3.95036981e-02 0.00000000e+00 0.00000000e+00]
 [1.81082459e-02 0.00000000e+00 0.00000000e+00 4.15437911e-01
  1.24125298e-01 1.31910684e-01 2.87650153e-02 0.00000000e+00
  7.12995547e-02 7.16908066e-02 0.00000000e+00 5.25209940e-02
  2.81286812e-02 5.07149597e-02 0.00000000e+00]
 [9.91617347e-02 9.56481944e-02 0.00000000e+00 5.36457488e-01
  0.00000000e+00 2.97731609e-01 0.00000000e+00 0.00000000e+00
  0.00000000e+00 0.00000000e+00 0.00000000e+00 3.58296140e-01
  4.10916637e-02 2.41954618e-01 0.00000000e+00]
 [1.94857716e-03 0.00000000e+00 2.63109390e-01 1.07475863e+00
  7.25294716e-01 7.38285074e-01 1.04925565e-01 0.00000000e+00
  0.00000000e+00 0.00000000e+00 3.39055871e-02 2.05844479e-01
  6.96361944e-02 2.38188616e-02 0.00000000e+00]
 [3.29500167e-02 0.00000000e+00 0.00000000e+00 1.02086893e-01
  0.00000000e+00 3.35142886e-01 7.17417904e-02 0.00000000e+00
  1.42238258e-01 5.28924229e-02 1.24734093e-02 6.93122345e-02
  2.05069737e-02 3.82917800e-02 0.00000000e+00]
 [0.00000000e+00 1.45235892e-04 2.30378720e-02 6.07808830e-01
  1.71091860e-01 2.06366543e-01 1.91973523e-02 0.00000000e+00
  0.00000000e+00 0.00000000e+00 0.00000000e+00 1.78441679e-01
  7.03038674e-02 6.87374483e-02 0.00000000e+00]
 [1.06677055e-02 1.02727038e-02 0.00000000e+00 0.00000000e+00
  0.00000000e+00 6.08244616e-03 0.00000000e+00 0.00000000e+00
  1.92481327e-02 0.00000000e+00 0.00000000e+00 1.42747000e-01
  5.88612611e-02 0.00000000e+00 0.00000000e+00]
 [0.00000000e+00 0.00000000e+00 6.38038118e-03 0.00000000e+00
  0.00000000e+00 0.00000000e+00 0.00000000e+00 0.00000000e+00
  6.62416623e-02 8.54548732e-02 0.00000000e+00 3.51157602e-01
  2.57119086e-01 6.14900785e-02 0.00000000e+00]
 [0.00000000e+00 0.00000000e+00 0.00000000e+00 0.00000000e+00
  0.00000000e+00 0.00000000e+00 0.00000000e+00 0.00000000e+00
  0.00000000e+00 1.98019457e-02 0.00000000e+00 3.23949633e-01
  1.96606007e-01 2.07020590e-01 0.00000000e+00]
 [6.63111491e-02 0.00000000e+00 0.00000000e+00 0.00000000e+00
  0.00000000e+00 4.29705754e-02 0.00000000e+00 0.00000000e+00
  8.52196080e-02 3.94947887e-02 0.00000000e+00 0.00000000e+00
  1.95564820e-02 3.72987450e-02 0.00000000e+00]
 [2.17505398e-01 4.62377390e-01 3.85119900e-01 3.80768395e-01
  7.05184444e-01 5.70978241e-01 4.64493115e-01 4.67945719e-01
  3.64847405e-01 5.17175187e-01 3.86596621e-01 1.96241035e-01
  1.57537209e-01 1.61349624e-01 7.44421511e-01]]

5
----------------------------------------------------------------------------------
[[2.78762355e-01 1.76679848e-01 5.17033700e-02 1.02852949e-01
  5.06011577e-02 8.60445220e-02 4.65670323e-01 7.42081793e-01
  2.52593489e+00 2.71519092e+00 1.06319248e+00 2.44667276e-01
  3.82255803e-01 3.99038009e-01 2.78275897e-01]
 [2.46070933e-01 1.85501551e-01 1.11113242e-01 3.16977484e-02
  1.50433146e-01 0.00000000e+00 4.33237853e-01 6.66501819e-01
  7.07654138e+00 2.87053177e+00 9.72763888e-01 6.61641866e-02
  1.70543415e-01 1.84963707e-01 5.05595930e-01]
 [2.64024130e-01 2.18105057e-01 2.02338480e-01 1.65241448e-01
  1.26985670e-01 1.41483356e-01 3.32473857e-01 3.94551158e-01
  4.72633032e+00 1.43592754e+00 8.34333073e-01 2.51162066e-01
  8.86552835e-02 1.20197074e-01 2.27867571e-01]
 [2.77413476e-01 8.00245609e-02 7.31897538e-02 1.04554584e-01
  1.15758154e-02 1.29833918e-01 1.26775648e+00 1.89639980e+00
  4.34226731e+00 3.68749079e+00 2.17844577e+00 5.87447036e-01
  6.38402666e-01 4.58866412e-01 4.22658948e-01]
 [2.32068799e-01 8.53448285e-02 2.39304995e-02 0.00000000e+00
  6.49682547e-02 0.00000000e+00 1.07745808e+00 1.77856504e+00
  4.22654543e+00 2.99964836e+00 1.86072905e+00 3.04244995e-01
  5.03930843e-01 3.13484432e-01 7.49301583e-01]
 [1.43569654e-01 1.69945769e-01 1.63602170e-01 2.04468412e-01
  2.20876887e-01 1.18579709e-01 7.78022196e-01 1.54237903e+00
  5.16749079e+00 3.31808884e+00 1.95789949e+00 5.87572875e-01
  4.56062930e-01 1.32619394e-01 3.36749888e-01]
 [1.32302371e-01 1.28751879e-01 5.89069355e-02 6.22808308e-02
  1.25760776e-01 3.81222046e-02 7.22201581e-01 1.60608419e+00
  6.41046381e+00 3.03644799e+00 1.75780636e+00 3.51401843e-01
  2.75175014e-01 2.14802934e-01 6.84059513e-01]
 [1.94904596e-01 1.07679582e-01 5.63292209e-02 1.86106771e-01
  0.00000000e+00 6.31898022e-02 3.20158207e-01 8.17979762e-01
  9.02281358e-01 6.67564420e-01 3.93607180e-01 8.14019323e-02
  2.62875028e-02 2.14416206e-01 6.32327405e-02]
 [1.61968841e-01 1.00799615e-01 5.96958379e-03 8.97699790e-02
  0.00000000e+00 5.53249591e-02 6.34855513e-01 1.07011462e+00
  2.60187272e-01 6.57411085e-02 0.00000000e+00 2.35938105e-02
  0.00000000e+00 8.48095596e-02 0.00000000e+00]
 [9.15777131e-02 9.88817141e-02 1.00356310e-01 1.85731344e-01
  3.22970294e-01 3.85645921e-02 0.00000000e+00 1.62310803e-01
  3.71244513e-01 5.57194803e-01 2.69416113e-01 7.87979032e-02
  1.19808338e-01 1.04790838e-01 0.00000000e+00]
 [4.98886282e-02 1.27625746e-01 1.03185835e-01 1.04882957e-01
  1.45801854e-01 0.00000000e+00 1.35885800e+00 6.06012547e-01
  3.12545983e-01 0.00000000e+00 0.00000000e+00 0.00000000e+00
  2.47135810e-02 1.95071191e-02 0.00000000e+00]
 [1.20358302e-01 7.78629731e-02 6.48699064e-02 2.26949727e-02
  0.00000000e+00 6.29694027e-02 3.71869532e-01 5.54768661e-01
  1.13566370e-01 2.29670367e-02 0.00000000e+00 4.45047432e-02
  0.00000000e+00 6.39472595e-02 6.84431898e-03]
 [5.87281304e-03 8.78553088e-02 6.02160632e-02 1.08639229e-01
  1.48436980e-01 0.00000000e+00 6.35093682e-01 3.23223156e-01
  6.37933289e-01 0.00000000e+00 0.00000000e+00 0.00000000e+00
  2.21524577e-02 4.68842600e-02 0.00000000e+00]
 [3.15239240e-03 5.25823506e-02 0.00000000e+00 4.77112831e-02
  4.19363506e-02 4.53216467e-02 1.27770320e-01 1.89040721e-02
  5.67971990e-01 0.00000000e+00 0.00000000e+00 0.00000000e+00
  1.24508758e-02 5.88399345e-02 0.00000000e+00]
 [1.37404873e-01 2.55967724e-01 9.57802574e-02 2.13944095e-01
  7.69761001e-02 8.62030234e-02 1.13369419e-01 7.39424861e-02
  6.35921905e-01 0.00000000e+00 0.00000000e+00 4.64906284e-02
  3.97689751e-02 4.96525078e-02 1.86856162e-02]
 [1.77346915e-02 7.56666039e-02 1.34231033e-01 2.23272751e-01
  1.74186459e-01 8.26042992e-02 1.43476704e-01 6.94041107e-03
  6.48444896e-01 0.00000000e+00 0.00000000e+00 0.00000000e+00
  0.00000000e+00 0.00000000e+00 0.00000000e+00]
 [2.83425091e-02 1.14960084e-01 1.02416938e-01 1.00338608e-02
  0.00000000e+00 8.94784442e-02 9.06123718e-02 7.08128343e-02
  5.21408986e-01 0.00000000e+00 0.00000000e+00 2.45647024e-02
  0.00000000e+00 1.08443322e-02 1.86689874e-02]
 [2.40650125e-01 2.64590369e-01 1.44485074e-01 1.13466694e-01
  1.48598736e-01 1.77843879e-01 3.04817815e-01 1.55330165e-01
  3.80131856e-01 3.29512530e-01 4.40825582e-01 2.63665545e-01
  3.65842582e-01 1.38769844e-01 1.75305691e-01]]

6
----------------------------------------------------------------------------------
[[2.99700588e-01 3.19137945e-01 1.95366778e-01 3.10567300e-02
  6.42987847e-01 9.39150306e-01 8.63453907e-01 4.78359933e-01
  2.40462334e-01 3.83056742e-01 1.10610158e-01 5.78857939e-02
  1.63349887e-01 1.19923617e-01 1.91386701e-01]
 [5.47980293e-02 2.51505277e-01 1.64688689e-01 1.47987594e-01
  6.40507620e-01 1.93159795e+00 5.68024230e-01 3.07451021e-01
  1.39924324e-01 2.77525247e-02 0.00000000e+00 1.51029582e-01
  8.11569081e-02 2.58824641e-02 2.32460794e-01]
 [6.02529407e-02 0.00000000e+00 8.30269414e-02 0.00000000e+00
  7.89632532e-01 1.12330513e+00 9.13110982e-01 4.47013164e-01
  6.43271444e-02 4.62189302e-02 1.10789687e-01 1.33588991e-01
  1.24637799e-01 2.84627518e-01 3.85930895e-01]
 [1.42482959e-01 8.52114597e-01 3.20215436e-01 4.95196213e-01
  1.14279482e+00 2.27407717e+00 2.09248280e+00 1.00011420e+00
  5.83005071e-01 7.38890284e-01 4.03412097e-01 9.77614636e-02
  0.00000000e+00 1.28844952e-01 5.47544702e-02]
 [4.54593020e-01 1.15931686e+00 2.24376534e-01 6.54179141e-01
  1.34985062e+00 1.81227214e+00 1.43103333e+00 4.16565351e-01
  2.40536873e-01 4.20388041e-01 1.47249743e-01 4.32660642e-02
  1.10604501e-02 3.06586677e-02 4.25315644e-02]
 [1.17326587e-01 1.27221658e-01 1.90401984e-01 3.41649778e-01
  1.33061808e+00 2.60056116e+00 2.55990461e+00 1.27366035e+00
  4.46942849e-01 3.78162655e-01 2.26385157e-01 3.34756177e-02
  4.33044907e-02 0.00000000e+00 3.11270685e-01]
 [3.23059531e-01 6.92980287e-01 2.24491931e-01 5.65595467e-01
  1.46639192e+00 2.13564876e+00 1.47106306e+00 4.18560549e-01
  6.39820343e-02 2.21673133e-01 1.87844474e-02 3.70567874e-02
  1.31267079e-02 0.00000000e+00 1.54248505e-01]
 [0.00000000e+00 1.68121111e-01 7.55377455e-01 0.00000000e+00
  1.08753025e-01 2.48188764e-01 1.29377130e-01 0.00000000e+00
  0.00000000e+00 4.66816955e-01 9.18921706e-01 3.79521176e-01
  7.84734829e-02 4.63111478e-02 1.15959772e-01]
 [0.00000000e+00 1.47073766e-01 1.51452400e+00 0.00000000e+00
  8.62848105e-02 8.61779167e-02 0.00000000e+00 0.00000000e+00
  0.00000000e+00 3.68777428e-01 1.67594334e+00 2.90887569e-01
  9.54762049e-02 4.82235901e-02 8.89187525e-03]
 [1.55653129e-01 0.00000000e+00 2.23331134e-01 0.00000000e+00
  3.10536095e-01 3.99119243e-01 5.63139092e-01 1.19864456e-01
  0.00000000e+00 1.55661917e-01 2.34182869e-01 5.25908750e-02
  1.22476696e-01 1.32178133e-01 2.70088487e-01]
 [0.00000000e+00 2.77697174e-01 1.44095635e+00 0.00000000e+00
  2.17779657e-01 9.79158484e-02 0.00000000e+00 0.00000000e+00
  0.00000000e+00 5.84838197e-01 1.78028333e+00 3.45060329e-02
  5.20733470e-02 4.89247859e-02 1.91087846e-01]
 [2.75845368e-02 1.22113429e-01 1.08818799e+00 0.00000000e+00
  7.93839088e-02 5.61714519e-02 0.00000000e+00 0.00000000e+00
  0.00000000e+00 1.64701741e-01 6.14087175e-01 1.90789823e-01
  1.05463199e-01 2.90723841e-02 2.18799378e-03]
 [6.38480345e-03 2.66168834e-01 9.16040138e-01 0.00000000e+00
  1.92044351e-01 8.21072021e-02 1.25180240e-01 0.00000000e+00
  0.00000000e+00 2.53080237e-01 7.46873789e-01 9.84901378e-02
  5.25006912e-02 7.55502971e-03 1.53037593e-01]
 [1.76074246e-01 0.00000000e+00 2.43921110e-03 0.00000000e+00
  1.11905809e-01 1.56141560e-01 0.00000000e+00 6.77783504e-02
  0.00000000e+00 0.00000000e+00 0.00000000e+00 0.00000000e+00
  1.18752718e-02 3.91378846e-02 3.65082471e-02]
 [1.89850868e-01 0.00000000e+00 1.04987015e-01 0.00000000e+00
  1.88135747e-01 2.01350307e-01 0.00000000e+00 0.00000000e+00
  5.58724859e-02 6.09474004e-03 0.00000000e+00 1.78584332e-02
  4.40881154e-02 1.62605846e-01 1.12161430e-01]
 [3.13256423e-01 0.00000000e+00 4.67685798e-02 0.00000000e+00
  1.99265707e-01 3.19283464e-01 0.00000000e+00 0.00000000e+00
  0.00000000e+00 0.00000000e+00 7.79587673e-02 1.96185262e-02
  2.47332593e-02 9.70918978e-02 9.34211956e-02]
 [1.46212347e-01 1.35861770e-01 2.05070318e-02 0.00000000e+00
  7.12560914e-02 8.83217120e-02 0.00000000e+00 0.00000000e+00
  9.12067476e-02 3.83886926e-02 0.00000000e+00 0.00000000e+00
  1.77995929e-02 7.91702496e-02 1.79080940e-01]
 [3.76112172e-01 5.43553314e-01 1.35846706e-01 4.03015612e-01
  1.40738999e-01 1.42827005e-01 4.12539147e-01 3.35408616e-01
  5.32400905e-01 4.03666384e-01 3.13208873e-01 2.52350372e-01
  1.98948725e-01 1.85729974e-01 1.24164286e-01]]

6
----------------------------------------------------------------------------------
[[0.25947932 0.         0.         0.09178442]
 [0.1233535  0.         0.         0.        ]
 [0.17586299 0.02675341 0.         0.34956878]
 [0.32996884 0.         0.1892914  0.        ]
 [0.2009849  0.         0.0811384  0.        ]
 [0.12623409 0.         0.         0.3352213 ]
 [0.10694675 0.         0.00714302 0.01990195]
 [0.35542105 0.         0.23234246 0.10722169]
 [0.26722496 0.         0.10911811 0.        ]
 [0.         0.         0.         0.79334159]
 [0.04048738 0.         0.         0.29911894]
 [0.16575405 0.         0.13963279 0.        ]
 [0.00527469 0.         0.         0.28231851]
 [0.04759587 0.         0.         0.02291057]
 [0.04706782 0.         0.         0.21369912]
 [0.         0.         0.         0.5673961 ]
 [0.1429567  0.02549352 0.17196676 0.07741001]
 [0.2872342  0.26447619 0.58997653 0.47566194]]