

1
----------------------------------------------------------------------------------
[[0.00000000e+00 4.52427499e-02 2.70630113e-02 1.66280165e-01
  3.02051929e-01 0.00000000e+00 0.00000000e+00 5.59625972e-02
  6.75712477e-02 0.00000000e+00 1.31756710e-01 1.67766824e-01
  1.20732490e-01 3.64048418e-01 5.18710966e-01]
 [0.00000000e+00 1.13334941e-02 0.00000000e+00 4.64669968e-02
  3.72206218e-01 0.00000000e+00 0.00000000e+00 0.00000000e+00
  7.62610177e-01 4.61319483e-02 1.01143767e-01 0.00000000e+00
  0.00000000e+00 1.52305624e-01 2.95779402e-01]
 [0.00000000e+00 0.00000000e+00 3.25247728e-03 4.73514603e-02
  2.09589642e-01 0.00000000e+00 0.00000000e+00 0.00000000e+00
  7.75813088e-01 0.00000000e+00 3.57129271e-04 0.00000000e+00
  1.38096977e-01 1.37389487e-02 2.89391078e-01]
 [0.00000000e+00 8.68771486e-02 0.00000000e+00 2.94383513e-01
  1.00403980e-01 0.00000000e+00 0.00000000e+00 2.04166029e-01
  0.00000000e+00 4.28872057e-02 0.00000000e+00 1.93072473e-01
  2.06648445e-01 2.75140489e-01 5.84057851e-01]
 [0.00000000e+00 1.35985187e-02 0.00000000e+00 2.24706219e-01
  1.09453759e-01 0.00000000e+00 4.89465212e-03 1.97981431e-01
  0.00000000e+00 0.00000000e+00 0.00000000e+00 0.00000000e+00
  9.85632508e-02 2.24565761e-01 3.59158806e-01]
 [0.00000000e+00 0.00000000e+00 2.68662179e-02 1.18051320e-01
  7.44055170e-02 0.00000000e+00 0.00000000e+00 1.95340577e-01
  2.76695445e-01 4.87889085e-02 0.00000000e+00 0.00000000e+00
  1.50964248e-01 1.46900038e-01 3.72264622e-01]
 [0.00000000e+00 0.00000000e+00 3.10842152e-02 1.48579727e-01
  1.09528534e-01 0.00000000e+00 0.00000000e+00 1.70965751e-01
  0.00000000e+00 0.00000000e+00 0.00000000e+00 0.00000000e+00
  1.05152448e-01 2.24039094e-01 2.96289040e-01]
 [0.00000000e+00 3.81750615e-02 0.00000000e+00 1.87963540e-01
  0.00000000e+00 0.00000000e+00 0.00000000e+00 1.25546899e-01
  0.00000000e+00 3.42887965e-02 1.89327996e-02 1.34475433e-01
  6.66456484e-02 1.42831521e-01 3.22394403e-01]
 [0.00000000e+00 8.40018932e-02 0.00000000e+00 3.38005168e-01
  0.00000000e+00 0.00000000e+00 0.00000000e+00 3.02368796e-01
  0.00000000e+00 2.13144722e-01 3.84413164e-02 1.34152574e-01
  1.32440369e-01 1.76230808e-01 3.79286743e-01]
 [0.00000000e+00 7.03487694e-02 0.00000000e+00 1.48604210e-01
  1.98050116e-01 0.00000000e+00 1.29642665e-02 1.69749215e-01
  6.08669283e-01 0.00000000e+00 6.28504105e-02 0.00000000e+00
  2.02034905e-02 0.00000000e+00 1.14502104e-01]
 [0.00000000e+00 9.24800001e-03 2.69139008e-03 1.19688060e-01
  1.89402267e-02 0.00000000e+00 0.00000000e+00 1.73668911e-01
  1.50245708e-01 1.88771808e-02 0.00000000e+00 0.00000000e+00
  1.72248540e-01 8.30658152e-02 2.57722026e-01]
 [0.00000000e+00 7.68185700e-02 1.48743890e-03 1.97356725e-01
  0.00000000e+00 0.00000000e+00 0.00000000e+00 1.93820502e-01
  0.00000000e+00 8.37688387e-02 1.88827994e-02 7.40995701e-02
  8.48164894e-02 1.16136966e-01 2.91208528e-01]
 [0.00000000e+00 3.99092719e-03 0.00000000e+00 1.26812356e-01
  8.18037781e-02 0.00000000e+00 0.00000000e+00 1.36588343e-01
  3.03685267e-01 8.99845685e-03 0.00000000e+00 0.00000000e+00
  7.66221210e-02 9.83131877e-02 1.24666682e-01]
 [0.00000000e+00 9.62669828e-03 0.00000000e+00 2.01626501e-01
  0.00000000e+00 0.00000000e+00 7.50906867e-02 5.88339055e-02
  0.00000000e+00 2.85050121e-02 4.08942150e-02 0.00000000e+00
  0.00000000e+00 0.00000000e+00 3.57622710e-02]
 [0.00000000e+00 2.44484856e-03 0.00000000e+00 1.30822681e-01
  1.24613080e-01 0.00000000e+00 9.48173971e-02 0.00000000e+00
  6.65880588e-02 8.04720094e-03 2.19484925e-02 0.00000000e+00
  0.00000000e+00 0.00000000e+00 0.00000000e+00]
 [0.00000000e+00 1.53683094e-02 0.00000000e+00 1.51266161e-01
  0.00000000e+00 0.00000000e+00 0.00000000e+00 1.99806671e-01
  9.23084987e-02 4.09299910e-02 0.00000000e+00 0.00000000e+00
  0.00000000e+00 0.00000000e+00 0.00000000e+00]
 [2.56746133e-02 6.21083141e-02 0.00000000e+00 1.71511587e-01
  0.00000000e+00 0.00000000e+00 0.00000000e+00 0.00000000e+00
  4.00993514e-04 0.00000000e+00 2.72411888e-02 0.00000000e+00
  0.00000000e+00 0.00000000e+00 4.83195414e-02]
 [5.13448145e-01 2.18348833e-01 1.59337672e-01 2.19325551e-01
  2.15698208e-01 5.25447452e-01 4.28984087e-01 4.03437726e-01
  3.70210213e-01 2.92165426e-01 2.24333748e-01 2.35656150e-01
  1.74558996e-01 2.40931688e-01 2.21133088e-01]]

2
----------------------------------------------------------------------------------
[[2.63745955e-01 7.63628510e-02 1.03105930e-01 0.00000000e+00
  4.27467224e-01 2.26917847e-01 0.00000000e+00 4.80085484e-01
  2.34407678e-01 4.22902045e-01 0.00000000e+00 1.77280015e-01
  1.06297121e-01 1.40930727e-01 4.01470084e-01]
 [0.00000000e+00 1.17728661e-02 7.47447105e-02 6.56073182e-01
  1.21634371e+00 3.01112894e-01 5.20092121e-01 4.15814528e-01
  2.31031668e-01 5.19404096e-01 2.39170685e-01 3.13003504e-01
  3.13240072e-01 2.91262166e-01 1.40234020e-01]
 [4.73995045e-02 3.12642380e-02 9.67465977e-02 4.78074684e-01
  1.10900512e+00 7.89618265e-01 9.36348427e-01 4.66852372e-01
  5.02975666e-01 1.36446564e-01 7.41322651e-02 2.80102798e-01
  6.83294894e-02 3.89161756e-01 6.83906662e-02]
 [5.61473782e-01 1.47793264e-01 3.96476831e-01 0.00000000e+00
  5.33338498e-01 1.09262722e+00 3.34531891e-01 5.49569847e-01
  2.39665509e-01 6.89961741e-01 0.00000000e+00 2.23940098e-01
  1.74204763e-01 5.02125737e-02 6.20192609e-01]
 [3.18061468e-01 4.76436977e-02 3.26714034e-01 0.00000000e+00
  6.55893642e-01 8.25527391e-01 3.07845090e-01 4.63746071e-01
  2.00651500e-01 8.58850401e-01 0.00000000e+00 2.12021929e-01
  2.30741660e-01 0.00000000e+00 4.88057428e-01]
 [2.60758198e-01 8.82097893e-02 3.26969857e-01 7.70566577e-02
  1.26263444e+00 1.32397100e+00 9.34884133e-01 1.77020975e+00
  3.48556286e-01 1.02605158e+00 1.68001394e-01 4.10907742e-01
  4.75582270e-01 2.14874273e-01 3.67204069e-01]
 [2.05999529e-01 0.00000000e+00 2.40575482e-01 0.00000000e+00
  5.54829541e-01 7.31794229e-01 8.21777769e-01 1.10151775e+00
  5.28014113e-01 9.70992905e-01 1.70336830e-01 3.33405512e-01
  3.89614137e-01 7.86278639e-02 4.65284339e-01]
 [1.49915569e-01 5.94947659e-02 2.60818526e-01 8.65797840e-03
  1.64634464e-01 0.00000000e+00 0.00000000e+00 4.48661056e-02
  2.15882573e-01 2.16293723e-01 0.00000000e+00 2.56037815e-01
  1.15339517e-01 1.43201554e-01 5.22762158e-01]
 [1.66653618e-01 1.52324562e-01 3.12671552e-01 0.00000000e+00
  0.00000000e+00 0.00000000e+00 0.00000000e+00 0.00000000e+00
  3.00145433e-01 2.80471291e-01 0.00000000e+00 1.95871635e-01
  2.07644345e-01 2.33598669e-01 1.41500862e+00]
 [0.00000000e+00 6.60056629e-02 3.22507892e-01 0.00000000e+00
  6.98190790e-01 4.03395840e-01 3.55639290e-01 3.04687972e-01
  0.00000000e+00 2.27884427e-03 9.04003217e-02 8.45434169e-02
  1.40643083e-01 1.94966690e-01 1.77508914e-01]
 [3.76360034e-02 1.31591219e-01 4.19827051e-01 0.00000000e+00
  1.87274861e-01 0.00000000e+00 0.00000000e+00 7.52798517e-01
  1.12407949e-01 3.75121401e-01 8.92445405e-02 8.61365505e-02
  1.40878688e-01 2.42572521e-01 1.29350462e+00]
 [9.79771013e-02 6.30075494e-02 2.35841332e-01 0.00000000e+00
  0.00000000e+00 0.00000000e+00 0.00000000e+00 1.29611477e-03
  2.37789843e-01 1.49353494e-01 3.68219806e-02 1.98314314e-01
  1.17958525e-01 1.98408316e-01 1.16614222e+00]
 [0.00000000e+00 8.61023600e-02 2.62424240e-01 0.00000000e+00
  1.77249290e-01 0.00000000e+00 0.00000000e+00 2.45855724e-01
  0.00000000e+00 1.46996538e-01 6.88194830e-02 2.54417976e-02
  8.84735090e-02 1.15691090e-01 1.17908787e+00]
 [8.37765280e-03 0.00000000e+00 1.28271085e-01 0.00000000e+00
  0.00000000e+00 0.00000000e+00 5.09467764e-02 1.92223699e-01
  1.80963004e-01 1.58988363e-01 2.01439265e-02 1.34711374e-01
  1.60473264e-01 3.25232866e-02 1.35743297e-01]
 [4.91141508e-03 0.00000000e+00 5.93647025e-02 0.00000000e+00
  8.07401426e-02 7.83024362e-02 2.00429706e-01 1.52716615e-01
  1.85278921e-01 8.26608553e-02 0.00000000e+00 1.19042579e-01
  9.56622986e-02 1.24978693e-01 1.44758169e-01]
 [1.01274727e-02 0.00000000e+00 2.01102222e-01 0.00000000e+00
  6.22765263e-02 1.60494693e-01 1.82005952e-01 2.32368932e-01
  7.68933180e-02 1.82357233e-01 6.24321249e-02 2.81570372e-02
  2.13485308e-01 3.51385128e-02 2.40127947e-01]
 [3.78850836e-02 2.99847585e-02 1.18653837e-01 0.00000000e+00
  0.00000000e+00 0.00000000e+00 0.00000000e+00 2.06887768e-01
  2.57382917e-01 3.58513797e-02 5.81928654e-02 1.43335313e-01
  8.56923727e-02 2.82717314e-01 2.93216452e-01]
 [4.29392921e-01 1.46127201e-01 3.23429780e-01 6.64948259e-01
  4.04367553e-01 1.17098125e+00 1.51831355e+00 4.72517705e-01
  1.89409294e-01 3.21813116e-01 4.46800415e-01 1.03955776e-01
  3.51489815e-01 2.12199601e-01 1.19102052e-01]]

3
----------------------------------------------------------------------------------
[[0.         0.06794472 0.09073802 0.09606412 0.17554666 0.0690849
  0.0249037  0.         0.16318914 0.         0.         0.10896086
  0.         0.         0.        ]
 [0.00220452 0.03171814 0.         0.02269935 0.07660356 0.01920376
  0.         0.         0.         0.01125933 0.00664575 0.02977139
  0.         0.         0.        ]
 [0.03577065 0.1506956  0.         0.03517216 0.01710324 0.01139295
  0.         0.04075478 0.0342066  0.02672212 0.         0.09540011
  0.00768532 0.         0.        ]
 [0.09617392 0.         0.17923139 0.14918638 0.36925889 0.276315
  0.17968178 0.         0.31340463 0.00792688 0.04161152 0.20998849
  0.04735344 0.0166864  0.03744329]
 [0.         0.01250785 0.12603856 0.16520345 0.15198734 0.20174654
  0.14883349 0.         0.16480732 0.         0.02798214 0.15765066
  0.         0.04508918 0.        ]
 [0.15584378 0.03286937 0.04252751 0.09084128 0.04933821 0.08733063
  0.02401401 0.         0.18261547 0.08678799 0.         0.15736997
  0.03534418 0.0406007  0.        ]
 [0.1311453  0.         0.14206368 0.13767242 0.11144975 0.09486024
  0.05274434 0.         0.15231731 0.02404253 0.01329957 0.09946919
  0.         0.07167864 0.        ]
 [0.25872646 0.         0.18696584 0.17148484 0.34561012 0.29827439
  0.10415137 0.         0.24470441 0.         0.01874564 0.17460583
  0.22387267 0.18032175 0.00936004]
 [0.28917227 0.         0.12933745 0.19889022 0.36002973 0.30837522
  0.1835011  0.         0.25051705 0.03421138 0.05900883 0.18414336
  0.68135207 0.29655456 0.06565014]
 [0.2111439  0.04739345 0.06176794 0.10217731 0.02205601 0.111415
  0.14657271 0.         0.         0.02505811 0.01295864 0.14365297
  0.14339644 0.05591599 0.        ]
 [0.08718941 0.00082654 0.0706762  0.14415281 0.10060759 0.05111667
  0.04551674 0.         0.21209968 0.08123623 0.01463404 0.08357302
  0.78167634 0.15413054 0.        ]
 [0.16117206 0.         0.07227299 0.1441102  0.28657692 0.21227936
  0.13527408 0.         0.15845403 0.01602348 0.02076106 0.11564473
  0.39622651 0.18708189 0.02965153]
 [0.04529519 0.0212873  0.0512045  0.04881331 0.05260983 0.04735827
  0.11005311 0.         0.06492805 0.06150517 0.         0.08056719
  0.45833821 0.14823324 0.        ]
 [0.         0.         0.06161604 0.15732152 0.07715981 0.20804204
  0.27485773 0.         0.         0.05825326 0.0464536  0.01472809
  0.01553441 0.08746934 0.        ]
 [0.03791898 0.022142   0.07745834 0.13189395 0.11517301 0.19750866
  0.28025407 0.0351604  0.05362275 0.02757236 0.00929542 0.01034758
  0.0169952  0.09866293 0.        ]
 [0.05463161 0.0504998  0.04005804 0.17927009 0.03511527 0.23564237
  0.22492468 0.         0.00721419 0.05914879 0.03287801 0.06106709
  0.06606713 0.09871585 0.        ]
 [0.10140882 0.         0.05618267 0.13631153 0.08823799 0.20512311
  0.09420676 0.         0.0202457  0.08998242 0.03756456 0.00760802
  0.04399762 0.02644733 0.00470013]
 [0.16585544 0.1201731  0.29755413 0.14425358 0.33753302 0.16406648
  0.51122223 0.44756246 0.24438503 0.17423004 0.15114432 0.11527718
  0.11308215 0.14037592 0.41788126]]

4
----------------------------------------------------------------------------------
[[0.09715655 0.         0.01836036 0.0790129  0.06308715 0.
  0.         0.20780107 0.16475778 0.01706566 0.07495855 0.
  0.20394955 0.         0.        ]
 [0.00431201 0.         0.06586306 0.0281489  0.01092037 0.
  0.01174838 0.01849077 0.         0.         0.10130587 0.00302827
  0.15818667 0.         0.        ]
 [0.09664462 0.01749828 0.30750225 0.16196286 0.06252605 0.
  0.         0.09457799 0.08344397 0.05271172 0.06158169 0.
  0.10207159 0.         0.        ]
 [0.07713024 0.         0.         0.05653458 0.0583987  0.04857229
  0.02795464 0.35221544 0.33932645 0.1911206  0.10344733 0.04394898
  0.24890124 0.06702615 0.        ]
 [0.05156598 0.         0.         0.         0.02337535 0.06973054
  0.01927808 0.19146    0.10239399 0.16359179 0.11592058 0.07580697
  0.23977888 0.         0.        ]
 [0.2319766  0.03980614 0.04099736 0.06295058 0.10852277 0.11446536
  0.         0.24825335 0.07803644 0.24388008 0.08995021 0.15990537
  0.22253883 0.04515221 0.        ]
 [0.10080795 0.         0.         0.04085836 0.0847991  0.10053551
  0.0168498  0.15023286 0.02108211 0.19742973 0.11267474 0.14432054
  0.23499986 0.         0.        ]
 [0.06590855 0.         0.         0.03959016 0.00876952 0.01079951
  0.         0.30053763 0.35018168 0.11520947 0.03879581 0.
  0.2583063  0.13565601 0.        ]
 [0.12185746 0.16795619 0.00787737 0.         0.01480231 0.10095446
  0.04638256 0.24062836 0.35356224 0.25586044 0.01343714 0.
  0.25837992 0.21951984 0.        ]
 [0.09880199 0.         0.06329848 0.         0.04301945 0.05457466
  0.         0.14250486 0.08408483 0.28800995 0.14623105 0.
  0.16472357 0.         0.        ]
 [0.37103718 0.13674842 0.         0.00159917 0.06708148 0.04997397
  0.16156069 0.11032224 0.08684237 0.18147334 0.         0.05427848
  0.12892268 0.         0.        ]
 [0.07459448 0.00843961 0.         0.         0.         0.03650684
  0.02424619 0.20385837 0.24548602 0.17195518 0.01014619 0.
  0.20968845 0.11912048 0.        ]
 [0.22170218 0.03884862 0.10252745 0.04010797 0.06447604 0.0300698
  0.07940284 0.05199596 0.06079847 0.11675194 0.07541254 0.03731117
  0.09141047 0.         0.        ]
 [0.         0.         0.         0.         0.1110062  0.04505318
  0.         0.02867716 0.         0.16797575 0.12993854 0.
  0.11744012 0.06637932 0.        ]
 [0.         0.         0.04365922 0.02809125 0.08820239 0.
  0.03119087 0.02920289 0.00289401 0.12599848 0.11598187 0.
  0.1118867  0.10167075 0.        ]
 [0.         0.05116112 0.         0.02860482 0.18853274 0.06998557
  0.05233687 0.02372943 0.         0.24614382 0.19132527 0.
  0.1817823  0.10401964 0.        ]
 [0.         0.         0.         0.         0.04811948 0.045356
  0.03098018 0.03764412 0.03851062 0.11949396 0.         0.
  0.18372683 0.04085516 0.        ]
 [0.24461478 0.37607031 0.47872362 0.22168969 0.09622462 0.2834451
  0.09966551 0.1971477  0.09799116 0.25448074 0.21055539 0.26245442
  0.066524   0.203536   0.21582138]]

5
----------------------------------------------------------------------------------
[[1.95269203e-03 0.00000000e+00 2.07743249e-02 0.00000000e+00
  7.49098397e-01 0.00000000e+00 0.00000000e+00 5.17000200e-01
  6.97201489e-02 6.41332462e-02 5.64472034e-01 3.09252307e-01
  1.04869049e-01 2.21883320e-01 1.04605403e-01]
 [2.41036979e-02 0.00000000e+00 2.09850802e-01 1.22817462e-01
  1.03886328e+00 4.68590561e-01 0.00000000e+00 5.45701271e-01
  9.04333003e-02 0.00000000e+00 0.00000000e+00 1.51840890e-01
  2.38969356e-01 1.01760724e-01 0.00000000e+00]
 [0.00000000e+00 0.00000000e+00 5.75670756e-02 0.00000000e+00
  9.91039185e-01 9.70295769e-01 4.36232185e-01 6.97789758e-01
  3.98553168e-01 2.83491896e-01 2.30767834e-03 3.04820682e-01
  2.59227348e-01 0.00000000e+00 1.24702833e-02]
 [0.00000000e+00 4.59383258e-02 3.18732706e-02 0.00000000e+00
  1.05182914e+00 3.30835182e-01 4.75491388e-01 9.90569083e-01
  4.74981972e-01 2.73523548e-01 7.61216085e-01 6.77785230e-01
  1.67245247e-01 2.70715688e-01 2.42701811e-01]
 [3.58757085e-02 4.09925181e-02 1.43309848e-01 0.00000000e+00
  9.79835584e-01 2.17478133e-01 5.85623158e-01 7.66935608e-01
  2.25619279e-01 2.00739075e-01 5.35471476e-01 5.26451156e-01
  1.35516081e-01 2.23595009e-01 2.57003231e-01]
 [6.10414226e-02 5.31056293e-02 3.41253846e-01 3.90602300e-01
  1.90448788e+00 2.01551167e+00 3.94701214e-01 5.68611022e-01
  6.94480424e-01 1.41189807e-01 1.77421560e-01 5.58344939e-01
  1.48015357e-01 8.45014657e-02 2.41329995e-01]
 [4.55679361e-02 1.12881922e-01 2.77861506e-01 7.76221043e-02
  1.85138658e+00 1.65587771e+00 3.50449478e-01 3.56102048e-01
  5.50830986e-01 1.06176265e-01 2.58960606e-01 5.52701635e-01
  1.49013624e-01 1.92503204e-01 2.01800488e-01]
 [0.00000000e+00 3.90662083e+00 1.01354833e+00 1.63279076e+00
  1.54867253e+00 1.58979437e-01 0.00000000e+00 1.24318291e-01
  3.41331931e-01 1.70109105e-01 2.23517303e-01 4.00851503e-01
  1.19954293e-01 1.19865499e-01 1.53920146e-01]
 [0.00000000e+00 3.57437323e+00 9.58325230e-01 1.76533584e+00
  1.83130420e+00 6.41007779e-01 0.00000000e+00 0.00000000e+00
  4.72583833e-01 1.81722133e-01 2.90800007e-01 4.24421081e-01
  8.88170804e-02 1.55945814e-01 2.58777253e-01]
 [7.39732465e-01 3.88625518e+00 2.72992411e-01 1.52328376e+00
  9.61193083e-01 6.88897656e-01 2.23756917e-01 2.43515752e-01
  6.68530316e-01 5.57050509e-02 1.21956449e-01 9.16149897e-02
  2.05676715e-01 4.10299324e-02 2.60202940e-01]
 [1.01253221e+00 6.99877916e+00 1.24294675e+00 3.19735173e+00
  4.51290099e+00 1.73219431e+00 1.32112142e-01 1.59419576e-01
  5.36639973e-01 3.92301692e-01 1.00630467e-01 2.41294039e-01
  2.43522100e-02 0.00000000e+00 3.26449650e-01]
 [0.00000000e+00 1.22487679e+00 7.51086957e-01 1.03755819e+00
  1.33093726e+00 4.16925006e-01 0.00000000e+00 0.00000000e+00
  3.97295960e-01 1.70646455e-01 1.96744068e-01 2.74756710e-01
  5.06321651e-02 8.80712390e-02 1.57104257e-01]
 [5.89650333e-01 5.23540581e+00 7.84463731e-01 2.16232464e+00
  2.89165112e+00 1.38941087e+00 3.62487285e-02 1.48415257e-01
  3.10737234e-01 3.02415803e-01 5.05112401e-02 1.15739019e-01
  6.86891931e-02 0.00000000e+00 2.26368758e-01]
 [0.00000000e+00 0.00000000e+00 0.00000000e+00 0.00000000e+00
  3.30578790e-02 3.47949808e-01 0.00000000e+00 2.46360620e-02
  2.37381203e-01 2.33823617e-01 1.01399898e-01 2.20137271e-01
  0.00000000e+00 1.30466473e-02 1.64565284e-01]
 [0.00000000e+00 0.00000000e+00 0.00000000e+00 0.00000000e+00
  1.03548007e-01 2.41749782e-01 0.00000000e+00 1.27580361e-01
  1.34639739e-01 1.49794691e-01 0.00000000e+00 0.00000000e+00
  0.00000000e+00 0.00000000e+00 6.58107496e-02]
 [1.47298928e-02 0.00000000e+00 3.61541516e-02 0.00000000e+00
  6.38930386e-02 3.19483468e-01 0.00000000e+00 8.99672878e-02
  3.34432567e-01 1.87265777e-01 1.88038253e-01 1.91272112e-01
  0.00000000e+00 9.42644909e-02 1.83010921e-01]
 [0.00000000e+00 0.00000000e+00 0.00000000e+00 0.00000000e+00
  1.52316438e-01 2.85641836e-01 0.00000000e+00 9.05740832e-02
  3.08714061e-01 1.89398679e-01 1.35411379e-01 2.23282983e-01
  0.00000000e+00 5.80130748e-02 1.49893496e-02]
 [3.18365490e-01 5.17989444e-01 1.63469182e-01 8.11370850e-01
  1.68771569e-01 5.00048172e-01 9.21797500e-01 5.98772753e-01
  2.71382371e-01 2.56974182e-01 3.31299193e-01 4.51570944e-01
  1.09725135e-01 3.17657672e-01 4.71245344e-01]]

6
----------------------------------------------------------------------------------
[[0.16440903 0.01504076 0.05262335 0.         0.         0.14049604
  0.         0.14097881 0.         0.11684487 0.         0.22281994
  0.08416289 0.07302586 0.0385348 ]
 [0.12643902 0.         0.         0.         0.05298445 0.
  0.         0.39493246 0.         0.353684   0.         0.0368544
  0.         0.         0.03112434]
 [0.20807869 0.         0.         0.01192545 0.03176868 0.
  0.         0.30774345 0.         0.17409525 0.         0.08934974
  0.         0.         0.00935119]
 [0.14555918 0.12142257 0.33972553 0.         0.         0.3444406
  0.         0.         0.         0.         0.00846178 0.44881863
  0.34017026 0.342247   0.20841511]
 [0.12413537 0.08055722 0.25544896 0.         0.         0.18735681
  0.         0.04628804 0.         0.         0.0240512  0.30315748
  0.24432777 0.21989546 0.18175926]
 [0.22443606 0.06855224 0.         0.         0.01223696 0.13742894
  0.0482224  0.14281502 0.         0.09107497 0.         0.19144921
  0.12025273 0.05965603 0.09057559]
 [0.18561506 0.07046529 0.12896237 0.         0.00308504 0.17168419
  0.         0.15490649 0.         0.         0.01699672 0.21331638
  0.09321676 0.13313117 0.0715636 ]
 [0.24416041 0.         0.13559889 0.         0.         0.37075044
  0.01433954 0.03493887 0.         0.         0.01012577 0.26892648
  0.153272   0.22888076 0.02973523]
 [0.23708841 0.         0.16245429 0.         0.         0.52733496
  0.10784727 0.         0.         0.         0.01325252 0.37065889
  0.30776325 0.38562704 0.17747145]
 [0.09683677 0.         0.         0.         0.03186284 0.
  0.         0.30339823 0.05617559 0.10955927 0.0962907  0.01977098
  0.20375643 0.         0.10806724]
 [0.22160899 0.         0.         0.         0.08280153 0.23841771
  0.12327185 0.08973068 0.         0.         0.         0.10055102
  0.28932298 0.25528955 0.22282889]
 [0.18560682 0.         0.13102811 0.         0.         0.39916835
  0.03703989 0.         0.         0.         0.02603585 0.30702216
  0.22132277 0.28817673 0.09393015]
 [0.13643142 0.         0.         0.         0.01112145 0.10236507
  0.01706884 0.10547906 0.         0.0548308  0.         0.08297829
  0.20291216 0.14739866 0.1963269 ]
 [0.13042755 0.         0.10614382 0.         0.         0.27092776
  0.07297282 0.         0.         0.         0.10437244 0.29191984
  0.33109463 0.20990185 0.09477778]
 [0.08444673 0.         0.         0.         0.         0.18296826
  0.04830444 0.23079068 0.         0.02966388 0.00594023 0.19297723
  0.10135759 0.10568825 0.0963894 ]
 [0.26787092 0.         0.1663348  0.         0.01379979 0.1870713
  0.12668024 0.10330595 0.         0.         0.05173151 0.23286313
  0.3511233  0.21296274 0.15872089]
 [0.16586468 0.         0.05091567 0.         0.         0.30760793
  0.0414334  0.08908016 0.         0.         0.02913586 0.25728412
  0.09488176 0.21197337 0.09125321]
 [0.09579453 0.2842235  0.61680307 0.70119204 0.18195339 0.25366673
  0.46243847 0.15739528 0.73817933 0.29527871 0.43105235 0.13420325
  0.46980967 0.29292467 0.32016395]]

6
----------------------------------------------------------------------------------
[[0.00369903 0.09509424 0.         0.08327608 0.21970869]
 [0.00952472 0.         0.         0.0126421  0.        ]
 [0.05625494 0.         0.00043301 0.25495377 0.01720473]
 [0.         0.28960452 0.         0.23036972 0.38108149]
 [0.01501462 0.19810014 0.         0.1364258  0.23511225]
 [0.01920161 0.05305782 0.         0.23953856 0.17385551]
 [0.03672799 0.10813331 0.         0.14723528 0.14122203]
 [0.         0.22038743 0.         0.12174194 0.32681663]
 [0.         0.26141435 0.         0.19697092 0.32333616]
 [0.         0.         0.01368364 0.32521683 0.17418635]
 [0.         0.21675643 0.         0.34658461 0.13679319]
 [0.         0.17468031 0.         0.12222403 0.23944166]
 [0.02181925 0.06358233 0.00318437 0.25534629 0.02997154]
 [0.         0.16720125 0.03473797 0.14077114 0.13686371]
 [0.01465544 0.0452018  0.02466875 0.05947171 0.05525176]
 [0.06385491 0.0732133  0.         0.18433364 0.12228391]
 [0.         0.06765026 0.01866141 0.13326506 0.21505058]
 [0.19133207 0.41289762 0.19383897 0.10507989 0.22985101]]