

1
----------------------------------------------------------------------------------
[[0.00585962 0.         0.14566977 0.19254741 0.00142608 0.
  0.         0.00528388 0.05785046 0.29057018 0.         0.17193517
  0.1482239  0.         0.18317476]
 [0.         0.         0.02128324 0.03211647 0.         0.
  0.         0.         0.         0.01444652 0.         0.13546593
  0.07716236 0.         0.27071884]
 [0.29616615 0.00928768 0.05858258 0.35799481 0.         0.41936703
  0.12534006 0.04365199 0.08337861 0.04199672 0.         0.17592081
  0.1344422  0.04280753 0.1778305 ]
 [0.32630793 0.03022454 0.19759166 0.16197242 0.00084644 0.02833021
  0.         0.11040716 0.04378748 0.15244222 0.         0.01959332
  0.06776664 0.         0.07863035]
 [0.         0.         0.         0.02459726 0.         0.
  0.05275909 0.03105074 0.00097906 0.0091103  0.         0.07404653
  0.05093678 0.         0.12839111]
 [0.38203575 0.         0.09381419 0.32828812 0.02394018 0.49182384
  0.16483266 0.         0.09519033 0.07250392 0.         0.1344295
  0.09801773 0.05259863 0.16237748]
 [0.16719036 0.         0.03598779 0.24884747 0.         0.20056412
  0.11295479 0.         0.         0.05415972 0.         0.0949801
  0.09087409 0.         0.12962525]
 [0.20901628 0.         0.14194963 0.13425285 0.         0.
  0.         0.         0.04807657 0.         0.         0.
  0.         0.         0.18204429]
 [0.64640668 0.         0.21243069 0.30256108 0.         0.11744266
  0.         0.06657475 0.15189077 0.10745625 0.         0.00552766
  0.17248501 0.29488025 0.1819361 ]
 [0.02845061 0.         0.06943658 0.12673865 0.         0.27100056
  0.08687626 0.         0.09840315 0.09081167 0.         0.
  0.09042752 0.1422865  0.09924923]
 [0.4098448  0.         0.03300215 0.24465763 0.         0.11557106
  0.0693124  0.05574493 0.04389864 0.         0.         0.04844397
  0.23996676 0.34376655 0.05225081]
 [0.12832229 0.         0.0998675  0.02264409 0.         0.
  0.         0.08254091 0.03665066 0.05452642 0.         0.01424714
  0.079982   0.         0.09894288]
 [0.02862274 0.         0.01594784 0.05737412 0.02544696 0.0294499
  0.08622643 0.         0.01642366 0.02600536 0.         0.
  0.16151767 0.02441627 0.11693622]
 [0.34956453 0.         0.08701344 0.15750192 0.06678099 0.19014786
  0.06778883 0.00781701 0.11266925 0.10951489 0.09385102 0.
  0.         0.21117099 0.06471627]
 [0.01643624 0.01769147 0.         0.0867504  0.         0.
  0.         0.09759259 0.05961455 0.0609925  0.01225038 0.
  0.         0.02694606 0.1119215 ]
 [0.21503841 0.05696786 0.081491   0.27790668 0.04666193 0.38721001
  0.13255938 0.0185763  0.1154588  0.20302948 0.         0.
  0.01894523 0.18155668 0.04575484]
 [0.03359123 0.00255133 0.13741785 0.1305991  0.         0.0258939
  0.         0.11945256 0.06147606 0.         0.04314359 0.
  0.         0.         0.08984406]
 [0.50496071 0.18997938 0.20388949 0.33635557 0.43787586 0.50596367
  0.67608905 0.31216575 0.18232494 0.23796741 0.68339372 0.34460234
  0.38595234 0.72527638 0.08950315]]

2
----------------------------------------------------------------------------------
[[0.         0.         0.12672789 0.02092203 0.18220009 0.42272376
  1.07588926 1.31517423 1.0557064  0.6517956  0.70420786 0.1117965
  0.16687865 0.         0.        ]
 [0.         0.02398771 0.         0.1304879  0.         0.
  0.1323949  0.59540008 0.71921827 1.18275354 0.62584605 0.21199096
  0.32094598 0.05184228 0.        ]
 [0.04147454 0.10272784 0.26692385 0.15084782 0.07284625 0.24293959
  1.81641843 1.35824691 1.90216555 1.49114337 1.08637121 0.00830126
  0.41929002 0.08196018 0.        ]
 [0.         0.         0.3491534  0.05425746 0.68068101 0.72065037
  2.13731213 2.69829382 1.9441048  1.24725942 0.87889567 0.37744082
  0.34886354 0.03808152 0.        ]
 [0.         0.02085855 0.13269933 0.         0.22518403 0.54545189
  2.12445807 2.66713569 1.94650549 1.03175121 0.97642528 0.21748352
  0.77682059 0.38794497 0.13142368]
 [0.09458408 0.00550981 0.24485416 0.1528937  0.10312223 0.95670728
  2.24783585 2.45185257 2.58153688 2.08730518 1.24722062 0.43926939
  0.77921825 0.39337621 0.        ]
 [0.         0.         0.17851191 0.07512799 0.20368866 0.30496082
  1.33741783 1.86696128 2.80755777 2.21090191 1.35881453 0.607458
  1.01752161 0.48675811 0.32403048]
 [0.         0.03379953 0.4131861  0.         0.19948302 0.18989298
  0.         0.19583563 0.08750038 0.25096607 0.         0.
  0.         0.         0.        ]
 [0.         0.0676572  0.5731207  0.04423769 0.43110939 0.94820481
  0.50834107 0.07283704 0.         0.09351522 0.         0.
  0.         0.         0.        ]
 [0.15473231 0.02369427 0.18888556 0.01823414 0.         0.
  0.         0.         0.         0.27027124 0.         0.
  0.         0.         0.        ]
 [0.14120054 0.02480586 0.22235276 0.07944937 0.03146247 0.98560402
  0.25851561 0.         0.         0.39324554 0.         0.
  0.01990545 0.         0.        ]
 [0.         0.         0.13604953 0.02105027 0.16461989 0.28962811
  0.16913199 0.         0.         0.04170575 0.         0.
  0.         0.         0.        ]
 [0.03029521 0.         0.12981086 0.05068697 0.         0.41201614
  0.         0.         0.         0.0519232  0.         0.
  0.         0.         0.        ]
 [0.20156817 0.01159475 0.42450732 0.14834488 0.2829658  0.08367341
  0.         0.         0.         0.13092827 0.         0.
  0.         0.         0.        ]
 [0.03898387 0.         0.19777297 0.11862976 0.05431214 0.
  0.         0.         0.         0.         0.         0.
  0.         0.         0.        ]
 [0.35016016 0.08730257 0.43319445 0.21799889 0.06486924 0.17092691
  0.         0.         0.         0.01161312 0.         0.
  0.         0.         0.        ]
 [0.09008675 0.07009243 0.39685235 0.14131847 0.28264872 0.01867677
  0.         0.         0.         0.13455282 0.         0.
  0.         0.         0.        ]
 [0.63046941 0.20716578 0.52701895 0.14428043 0.55291213 0.33970715
  0.43171596 0.72064407 0.44733608 0.20632049 0.4584184  0.64265393
  0.839269   1.61200376 1.75817677]]

3
----------------------------------------------------------------------------------
[[0.00000000e+00 0.00000000e+00 1.53864336e-01 0.00000000e+00
  0.00000000e+00 0.00000000e+00 0.00000000e+00 0.00000000e+00
  6.75386738e-02 0.00000000e+00 0.00000000e+00 4.30954464e-02
  0.00000000e+00 0.00000000e+00 0.00000000e+00]
 [0.00000000e+00 0.00000000e+00 0.00000000e+00 0.00000000e+00
  0.00000000e+00 1.67587352e-01 0.00000000e+00 0.00000000e+00
  0.00000000e+00 0.00000000e+00 0.00000000e+00 1.09135448e-02
  1.74249844e-02 0.00000000e+00 3.67153003e-03]
 [0.00000000e+00 0.00000000e+00 0.00000000e+00 5.02172537e-02
  1.93527547e-01 0.00000000e+00 3.39374260e-01 0.00000000e+00
  4.12868080e-02 1.09201503e-01 3.25199084e-02 4.64624281e-02
  1.11699582e-01 1.22884728e-01 0.00000000e+00]
 [0.00000000e+00 0.00000000e+00 0.00000000e+00 7.04148596e-02
  0.00000000e+00 0.00000000e+00 2.35437302e-01 0.00000000e+00
  3.97578444e-01 1.63563471e-01 0.00000000e+00 5.06030569e-02
  9.92835929e-02 0.00000000e+00 1.41296384e-01]
 [0.00000000e+00 0.00000000e+00 0.00000000e+00 1.12477971e-01
  0.00000000e+00 5.85164024e-02 1.23753107e-01 0.00000000e+00
  7.36498228e-01 1.13222518e-01 2.41521268e-03 9.56432232e-02
  1.37353205e-01 0.00000000e+00 0.00000000e+00]
 [1.98186213e-02 0.00000000e+00 0.00000000e+00 1.99895615e-01
  2.97343236e-01 0.00000000e+00 3.29317147e-01 0.00000000e+00
  2.34271232e-01 1.13989283e-01 9.33170721e-03 6.16030595e-02
  1.01075429e-01 2.96096705e-01 0.00000000e+00]
 [8.05165018e-02 0.00000000e+00 0.00000000e+00 1.98219557e-01
  0.00000000e+00 7.12083861e-03 2.65025755e-01 0.00000000e+00
  2.17072880e-01 1.15225055e-01 7.16171030e-02 5.26315254e-02
  8.61385377e-02 0.00000000e+00 6.07040547e-02]
 [0.00000000e+00 0.00000000e+00 0.00000000e+00 0.00000000e+00
  0.00000000e+00 0.00000000e+00 0.00000000e+00 2.88201116e-01
  9.65363855e-01 2.12037431e-01 0.00000000e+00 6.31220646e-02
  7.84389926e-02 0.00000000e+00 4.28403176e-02]
 [0.00000000e+00 0.00000000e+00 0.00000000e+00 0.00000000e+00
  0.00000000e+00 0.00000000e+00 2.08554269e-01 7.19768896e-01
  2.03243760e+00 2.71976200e-01 0.00000000e+00 1.61116568e-01
  1.72382434e-01 5.84141459e-02 1.55469556e-01]
 [0.00000000e+00 0.00000000e+00 6.93642099e-02 0.00000000e+00
  1.28165559e-01 0.00000000e+00 2.76261660e-01 2.16729139e-01
  2.39189563e-01 1.59860561e-01 8.27771540e-03 6.91968056e-02
  8.31259226e-02 3.20236010e-01 0.00000000e+00]
 [0.00000000e+00 0.00000000e+00 0.00000000e+00 0.00000000e+00
  0.00000000e+00 0.00000000e+00 3.24270587e-01 1.60935209e+00
  1.43372247e+00 1.23658858e-01 6.94298695e-02 4.90609125e-02
  1.17131879e-01 2.67978505e-01 0.00000000e+00]
 [0.00000000e+00 0.00000000e+00 0.00000000e+00 0.00000000e+00
  0.00000000e+00 0.00000000e+00 0.00000000e+00 1.61602589e-01
  7.17898827e-01 1.45026658e-01 0.00000000e+00 1.75463440e-02
  2.39175842e-02 0.00000000e+00 0.00000000e+00]
 [0.00000000e+00 0.00000000e+00 0.00000000e+00 0.00000000e+00
  0.00000000e+00 0.00000000e+00 2.09680230e-01 3.02260181e-01
  3.55878698e-01 4.70986862e-02 0.00000000e+00 3.81897783e-02
  0.00000000e+00 2.28042592e-01 0.00000000e+00]
 [6.47932190e-02 0.00000000e+00 0.00000000e+00 0.00000000e+00
  0.00000000e+00 0.00000000e+00 2.95087381e-01 0.00000000e+00
  1.15777275e-01 1.78892995e-01 0.00000000e+00 2.75251141e-02
  1.22875218e-01 3.00985512e-01 0.00000000e+00]
 [0.00000000e+00 0.00000000e+00 9.01394384e-02 0.00000000e+00
  0.00000000e+00 4.72024845e-04 2.10012244e-05 0.00000000e+00
  7.41358582e-02 1.42306695e-01 0.00000000e+00 9.24769942e-02
  6.49490532e-02 8.22336822e-03 0.00000000e+00]
 [9.52428052e-02 0.00000000e+00 0.00000000e+00 0.00000000e+00
  0.00000000e+00 0.00000000e+00 4.77314372e-01 0.00000000e+00
  2.46867006e-02 2.06771478e-01 1.11843603e-02 4.18398254e-02
  7.03311229e-02 4.06511109e-01 0.00000000e+00]
 [0.00000000e+00 0.00000000e+00 4.52024611e-02 0.00000000e+00
  0.00000000e+00 0.00000000e+00 7.00625191e-02 0.00000000e+00
  1.51276590e-01 3.24051106e-01 0.00000000e+00 0.00000000e+00
  1.35640193e-01 1.69126959e-01 2.74868294e-02]
 [1.66804653e+00 1.42709746e+00 3.97374586e-01 6.22214629e-01
  1.10979793e+00 4.40102961e-01 9.56145783e-01 3.19362998e-01
  4.65606826e-01 3.34238203e-01 4.04724006e-01 2.44158184e-01
  1.47926819e-01 7.35939762e-01 3.10194685e-01]]

4
----------------------------------------------------------------------------------
[[0.00000000e+00 0.00000000e+00 4.27291187e-02 8.32881808e-02
  0.00000000e+00 8.51219584e-03 6.08368584e-02 0.00000000e+00
  0.00000000e+00 1.99373167e-02 0.00000000e+00 3.19417726e-03
  0.00000000e+00 7.29466046e-02 8.13498216e-02]
 [0.00000000e+00 0.00000000e+00 0.00000000e+00 3.77059595e-02
  0.00000000e+00 0.00000000e+00 0.00000000e+00 0.00000000e+00
  0.00000000e+00 0.00000000e+00 0.00000000e+00 0.00000000e+00
  0.00000000e+00 1.30979532e-02 3.38548233e-02]
 [0.00000000e+00 2.33599497e-02 7.81993738e-02 2.70563871e-02
  9.68349074e-02 1.13601104e-01 0.00000000e+00 0.00000000e+00
  1.02621018e-01 0.00000000e+00 4.77533285e-02 6.80109190e-02
  1.29587694e-02 7.29366501e-02 0.00000000e+00]
 [8.56837591e-03 9.89468318e-02 1.25231176e-01 1.32824661e-01
  1.23867765e-01 1.04850566e-01 1.55310978e-01 0.00000000e+00
  0.00000000e+00 4.37293442e-02 7.52104944e-02 9.01748681e-02
  1.22292880e-01 1.55742571e-01 9.01331618e-02]
 [0.00000000e+00 5.46444816e-02 8.58954339e-02 3.54021124e-02
  8.54625978e-03 6.72119846e-03 1.23280550e-02 0.00000000e+00
  0.00000000e+00 0.00000000e+00 0.00000000e+00 8.01566361e-02
  7.46719634e-02 1.04341997e-01 1.56502960e-02]
 [7.34803322e-03 2.37698686e-02 1.35659024e-01 2.86051995e-02
  7.98629615e-02 2.51272561e-01 1.85724839e-02 0.00000000e+00
  2.41782744e-01 0.00000000e+00 1.33262579e-01 3.18220214e-02
  1.04665184e-01 1.13060463e-01 0.00000000e+00]
 [8.24382232e-04 3.91189483e-02 5.79667091e-02 1.96745888e-02
  2.64595139e-02 8.04533830e-02 0.00000000e+00 0.00000000e+00
  0.00000000e+00 0.00000000e+00 7.98853462e-03 0.00000000e+00
  6.45360366e-02 1.39984928e-01 0.00000000e+00]
 [0.00000000e+00 5.32392336e-02 1.03838260e-01 1.36210197e-01
  0.00000000e+00 5.77746428e-02 1.43676677e-01 0.00000000e+00
  0.00000000e+00 0.00000000e+00 0.00000000e+00 0.00000000e+00
  5.29111347e-02 1.77149464e-01 0.00000000e+00]
 [1.03912151e-01 2.51094584e-01 1.40863987e-01 1.05164166e-01
  7.28366551e-02 1.72018838e-01 7.30467074e-02 0.00000000e+00
  2.84689368e-02 0.00000000e+00 2.63013977e-01 5.26908605e-02
  7.13225234e-02 1.83975885e-01 0.00000000e+00]
 [1.03302185e-02 3.67207410e-02 2.00927382e-01 3.11175935e-02
  9.73984799e-02 6.49843923e-02 2.68636405e-02 0.00000000e+00
  0.00000000e+00 0.00000000e+00 0.00000000e+00 6.90097556e-02
  7.77834173e-02 0.00000000e+00 1.01930663e-02]
 [0.00000000e+00 0.00000000e+00 1.03168526e-01 2.07384301e-02
  5.82475414e-02 2.15646216e-01 4.87553079e-02 2.11104001e-02
  4.74305891e-02 0.00000000e+00 6.19018823e-02 5.60270349e-02
  3.02793847e-02 1.42836870e-01 2.38858004e-02]
 [0.00000000e+00 1.64660341e-02 6.78709929e-02 5.58372940e-02
  0.00000000e+00 6.10295058e-02 5.61321339e-02 0.00000000e+00
  0.00000000e+00 0.00000000e+00 0.00000000e+00 6.08751731e-02
  0.00000000e+00 1.01558182e-01 0.00000000e+00]
 [2.40099964e-02 0.00000000e+00 1.12275156e-01 1.24469112e-02
  0.00000000e+00 0.00000000e+00 0.00000000e+00 0.00000000e+00
  0.00000000e+00 0.00000000e+00 0.00000000e+00 3.95981082e-02
  0.00000000e+00 4.83857804e-02 9.43073736e-03]
 [8.95467581e-02 1.37070495e-01 8.03111755e-02 7.33330646e-02
  4.90660909e-03 7.65991701e-02 1.56216706e-01 5.13195665e-02
  0.00000000e+00 1.92871270e-03 3.67840115e-02 6.01897532e-02
  1.06861982e-01 1.24660727e-01 0.00000000e+00]
 [0.00000000e+00 0.00000000e+00 4.23596938e-02 9.80962947e-02
  0.00000000e+00 2.64822423e-02 1.19593078e-01 5.55231923e-02
  0.00000000e+00 0.00000000e+00 0.00000000e+00 1.41824218e-02
  3.74949658e-02 1.02597264e-01 5.77351306e-03]
 [4.87640883e-02 2.31030546e-01 2.89458859e-01 5.36922594e-02
  1.73388277e-01 2.18314566e-01 1.05305347e-01 1.04602711e-01
  3.70792348e-02 0.00000000e+00 8.77346093e-02 9.41238244e-02
  7.48889871e-02 8.79697058e-02 2.92234907e-02]
 [1.93810359e-02 9.22388162e-02 7.17628157e-02 2.07941559e-01
  0.00000000e+00 0.00000000e+00 2.28649301e-01 0.00000000e+00
  0.00000000e+00 0.00000000e+00 0.00000000e+00 0.00000000e+00
  2.63012620e-02 1.19277221e-01 5.52025817e-02]
 [4.11699743e-01 4.17981222e-01 1.32573708e-01 7.80014180e-02
  4.27109039e-01 2.40388550e-01 2.51747471e-01 4.70867067e-01
  1.09430658e+00 3.68360430e-01 9.26282330e-01 3.76909861e-01
  1.64905824e-01 9.50798355e-02 1.38130821e-01]]

5
----------------------------------------------------------------------------------
[[0.00000000e+00 0.00000000e+00 0.00000000e+00 0.00000000e+00
  0.00000000e+00 9.32071162e-02 4.41995894e-02 1.15805350e-02
  0.00000000e+00 1.99034571e-02 0.00000000e+00 0.00000000e+00
  0.00000000e+00 0.00000000e+00 0.00000000e+00]
 [4.01445832e-02 0.00000000e+00 1.12090922e-02 0.00000000e+00
  0.00000000e+00 8.05473524e-02 1.56229868e-01 9.47074914e-02
  0.00000000e+00 0.00000000e+00 0.00000000e+00 0.00000000e+00
  1.65920841e-01 0.00000000e+00 0.00000000e+00]
 [9.64986327e-03 1.77005629e-01 1.34397226e-01 1.28817483e-01
  0.00000000e+00 5.35003570e-02 3.06074745e-02 4.52861793e-02
  3.27184760e-02 0.00000000e+00 4.31631277e-02 1.91344882e-01
  4.18253157e-01 0.00000000e+00 1.91478702e-01]
 [2.39307165e-02 4.17624421e-02 0.00000000e+00 8.60972194e-02
  1.13828047e-01 3.15640296e-02 1.28460874e-01 0.00000000e+00
  2.41404801e-01 1.21740260e+00 0.00000000e+00 1.05886419e-01
  1.86381820e-01 0.00000000e+00 1.78944305e-01]
 [7.14156284e-02 0.00000000e+00 1.30071807e-01 0.00000000e+00
  2.55856385e-02 3.14575398e-02 1.14175911e-01 1.17302449e-02
  9.85085421e-01 2.96285274e-01 3.23290341e-02 2.10631889e-01
  1.78983170e-01 4.60747866e-03 1.53806925e-01]
 [1.24516674e-02 4.17809581e-02 1.25570869e-01 7.29338674e-02
  5.59097782e-02 1.17316148e-01 8.47332419e-02 3.70634372e-02
  2.24338044e-01 1.36675295e+00 1.50777605e-01 6.58118502e-01
  7.16396479e-01 0.00000000e+00 3.60082567e-01]
 [1.10551938e-01 4.23656307e-02 2.04502722e-01 7.37752070e-02
  8.45109228e-02 1.11501970e-01 1.45737475e-01 3.50574053e-02
  5.61984025e-01 1.18785681e+00 0.00000000e+00 6.18726498e-01
  6.38370111e-01 7.91507015e-02 2.60588561e-01]
 [0.00000000e+00 4.88558406e-02 0.00000000e+00 1.26101365e-01
  1.77562068e-02 0.00000000e+00 1.94422246e-01 0.00000000e+00
  1.54638135e+00 9.71417555e+00 8.38639972e-01 4.00155980e+00
  2.94278926e+00 7.59140551e-01 8.64086839e-01]
 [0.00000000e+00 4.84713682e-02 0.00000000e+00 1.27829330e-01
  1.43530717e-01 5.97705973e-03 1.66558511e-01 0.00000000e+00
  1.30646123e+00 9.04603757e+00 1.20880941e+00 3.30654736e+00
  5.01198661e+00 1.48621205e+00 1.05255909e+00]
 [0.00000000e+00 1.61450649e-01 1.66890597e-01 1.61694865e-01
  0.00000000e+00 1.98593873e-02 3.28537807e-02 2.39221752e-02
  4.20985332e+00 2.77890848e+00 6.46709172e-01 2.47570937e+00
  1.54362387e+00 4.05108673e-01 3.08005684e-01]
 [0.00000000e+00 1.72057061e-01 2.14543423e-01 3.16608321e-02
  5.16574131e-02 4.99882357e-02 4.32744598e-02 1.40578590e-02
  5.56149552e+00 6.42710314e+00 6.34803357e-01 3.66771656e+00
  4.46087846e+00 3.93185862e+00 1.20897181e+00]
 [1.91885163e-02 0.00000000e+00 0.00000000e+00 5.54447146e-02
  0.00000000e+00 2.05026876e-02 2.49990951e-02 2.07204393e-02
  7.03463467e-01 3.06508315e+00 4.75875377e-01 1.38246384e+00
  2.97189085e+00 3.78777129e-01 3.79067346e-01]
 [0.00000000e+00 0.00000000e+00 1.08267868e-01 0.00000000e+00
  4.28749893e-03 3.36915174e-02 1.75423989e-02 4.28804436e-02
  1.92997689e+00 1.19735996e+00 2.33236823e-01 8.77517988e-01
  2.55738075e+00 1.87485903e+00 6.64768356e-01]
 [0.00000000e+00 7.31130245e-02 7.25178208e-02 1.66871205e-01
  0.00000000e+00 2.79615378e-02 3.80704535e-02 8.85374101e-02
  2.29596891e-02 0.00000000e+00 8.58061871e-02 0.00000000e+00
  0.00000000e+00 0.00000000e+00 1.87570632e-01]
 [0.00000000e+00 0.00000000e+00 4.56106481e-02 1.13986288e-01
  0.00000000e+00 1.19724596e-01 8.41248400e-02 4.34520719e-02
  0.00000000e+00 0.00000000e+00 0.00000000e+00 0.00000000e+00
  0.00000000e+00 0.00000000e+00 0.00000000e+00]
 [0.00000000e+00 1.59190091e-01 1.22896734e-01 2.08294766e-01
  3.44692674e-02 1.16610126e-02 4.60525631e-02 1.13934011e-01
  7.64544176e-02 0.00000000e+00 1.20680660e-01 0.00000000e+00
  7.93031644e-02 3.61156844e-03 2.34872404e-01]
 [0.00000000e+00 0.00000000e+00 0.00000000e+00 1.41583934e-01
  1.01589215e-02 2.02184916e-02 1.07764723e-01 2.02729118e-02
  1.37837618e-03 5.69963776e-02 0.00000000e+00 0.00000000e+00
  0.00000000e+00 0.00000000e+00 1.98991870e-01]
 [3.87574278e-01 5.13005733e-01 3.89222951e-01 1.43248002e-01
  1.99869858e-01 8.53970753e-02 1.56534163e-01 1.32655759e-01
  2.16588203e-01 2.48020184e-01 3.46026302e-01 2.68238930e-01
  2.90154304e-01 5.43877945e-01 4.04964937e-01]]

6
----------------------------------------------------------------------------------
[[6.79594207e-02 1.19737775e-01 4.97262718e-02 0.00000000e+00
  0.00000000e+00 0.00000000e+00 9.47260752e-02 5.16467729e-02
  8.42967041e-03 7.12184152e-02 0.00000000e+00 0.00000000e+00
  0.00000000e+00 5.28506915e-03 2.02584884e-01]
 [4.60796558e-03 6.75840650e-02 2.89815851e-03 0.00000000e+00
  1.71790595e-02 0.00000000e+00 9.87504504e-02 3.72501895e-02
  0.00000000e+00 3.40260691e-02 0.00000000e+00 0.00000000e+00
  0.00000000e+00 0.00000000e+00 1.51493984e-02]
 [2.94342754e-01 8.44877548e-02 8.20307498e-02 4.80265822e-02
  4.67842473e-02 1.92208596e-01 8.47980294e-02 5.18546580e-02
  8.58309411e-02 0.00000000e+00 0.00000000e+00 0.00000000e+00
  0.00000000e+00 0.00000000e+00 1.76127896e-02]
 [2.93511942e-01 1.53421177e-01 2.43223535e-01 8.71834759e-03
  0.00000000e+00 1.29397688e-01 5.32949085e-02 1.64656905e-02
  1.23865109e-01 6.72673886e-02 2.16089554e-02 0.00000000e+00
  0.00000000e+00 3.20514385e-02 6.35014873e-02]
 [1.30119593e-01 7.12124408e-02 1.42647073e-01 2.32764333e-02
  0.00000000e+00 9.29299575e-02 5.91785016e-02 5.75463226e-02
  9.98608070e-02 3.47744623e-02 4.70573389e-02 0.00000000e+00
  3.05086036e-02 0.00000000e+00 0.00000000e+00]
 [3.51871632e-01 5.33731114e-02 1.09043616e-01 9.67024106e-02
  2.31161981e-03 1.87540738e-01 9.04956671e-02 9.65969488e-02
  5.08122751e-02 1.22759137e-01 0.00000000e+00 7.85481601e-04
  0.00000000e+00 4.25779894e-02 1.42132238e-01]
 [3.34790583e-01 9.17849302e-02 7.60415229e-02 1.37402308e-02
  2.72906920e-04 1.53796359e-01 6.55225525e-02 4.78624978e-02
  5.82896589e-02 8.08505119e-02 1.46849551e-03 0.00000000e+00
  0.00000000e+00 0.00000000e+00 9.27330838e-02]
 [1.25986519e-02 8.39576254e-02 3.05697119e-01 3.20592845e-02
  0.00000000e+00 1.71417708e-01 1.77356646e-01 3.22754939e-02
  1.13982049e-01 2.27076016e-02 1.43685750e-03 1.07769900e-02
  0.00000000e+00 0.00000000e+00 0.00000000e+00]
 [2.15611392e-01 1.68358677e-01 3.36468269e-01 1.69572388e-01
  0.00000000e+00 1.97548138e-01 1.17858493e-01 4.49941546e-02
  1.21451659e-01 5.28707151e-02 0.00000000e+00 2.85632176e-02
  0.00000000e+00 4.88705441e-02 0.00000000e+00]
 [2.58631890e-01 9.44348252e-02 9.73124332e-02 4.24284101e-02
  8.63859979e-02 1.98022293e-01 2.07191567e-03 1.05647345e-01
  7.25457304e-03 1.20944067e-02 0.00000000e+00 0.00000000e+00
  0.00000000e+00 9.40128707e-02 0.00000000e+00]
 [3.81880829e-01 2.33115183e-01 0.00000000e+00 1.90884590e-01
  9.36912736e-02 1.74402776e-01 7.04822382e-02 6.91303682e-02
  1.03743224e-01 2.19607719e-01 0.00000000e+00 4.87333785e-02
  0.00000000e+00 1.74329113e-01 0.00000000e+00]
 [1.04944987e-02 1.02889135e-01 2.01212701e-01 0.00000000e+00
  0.00000000e+00 4.06342469e-02 8.78311614e-02 2.01973828e-02
  1.50033811e-02 4.48161732e-02 0.00000000e+00 0.00000000e+00
  0.00000000e+00 0.00000000e+00 2.73752626e-02]
 [2.05270402e-01 5.48540725e-02 0.00000000e+00 5.96952787e-03
  0.00000000e+00 1.00270007e-01 2.12161817e-02 2.57652001e-03
  3.57250524e-02 6.45987900e-02 0.00000000e+00 0.00000000e+00
  0.00000000e+00 0.00000000e+00 0.00000000e+00]
 [1.32712767e-01 3.17857802e-02 1.40515620e-01 7.72421719e-02
  1.31455861e-01 1.25207708e-01 1.33208452e-01 5.47923019e-02
  1.01811759e-01 7.38444444e-02 7.34211036e-03 0.00000000e+00
  0.00000000e+00 5.73265881e-02 0.00000000e+00]
 [9.40836349e-02 5.75423104e-02 8.23847303e-02 6.46322198e-02
  1.25640159e-01 0.00000000e+00 7.66322825e-02 6.17887127e-02
  9.76465139e-02 2.02563646e-01 0.00000000e+00 0.00000000e+00
  0.00000000e+00 0.00000000e+00 0.00000000e+00]
 [2.86971784e-01 7.11691511e-02 1.18511394e-01 1.80695062e-01
  2.17958492e-01 1.38477837e-01 2.78680416e-02 1.12685010e-01
  8.13685695e-02 1.45357552e-01 0.00000000e+00 0.00000000e+00
  0.00000000e+00 8.53979498e-02 0.00000000e+00]
 [6.41608785e-02 6.43429888e-02 1.59205357e-01 0.00000000e+00
  1.06405713e-01 6.27438181e-03 7.26791491e-02 6.74628133e-02
  6.89029980e-02 8.35868006e-02 8.28285801e-03 7.81602868e-03
  0.00000000e+00 0.00000000e+00 0.00000000e+00]
 [2.43252603e-01 1.13455372e-01 3.08746763e-01 2.54127386e-01
  1.47894996e-01 4.28160354e-01 1.43978302e-01 9.70939096e-02
  1.37715940e-01 1.51669447e-01 2.01954251e-01 1.63094311e-01
  2.54703328e-01 4.77489896e-01 2.39106695e-01]]

7
----------------------------------------------------------------------------------
[[4.97008530e-02 2.46563568e-01 0.00000000e+00 1.87540780e-01
  1.41625555e+00 1.48668984e+00 4.50739609e-01 6.25366881e-01
  1.02195753e-01 0.00000000e+00 0.00000000e+00 0.00000000e+00]
 [2.91414061e-01 8.70067729e-01 4.22366128e-01 1.01262983e+00
  2.56470526e-01 6.61968097e-01 4.18001933e-01 6.84517789e-02
  1.71198665e-01 3.37432778e-03 0.00000000e+00 2.86171654e-02]
 [3.16537647e-01 6.78358940e-01 5.28176342e-01 2.00870275e+00
  1.73780976e+00 2.13230542e+00 1.10200184e+00 1.75194950e-01
  3.28404513e-01 2.38721318e-01 2.62926096e-01 1.52847424e-02]
 [1.26916069e-01 3.99854120e-01 0.00000000e+00 1.45716881e+00
  1.70941980e+00 2.58249644e+00 1.09593906e+00 8.60718443e-01
  4.05522511e-02 0.00000000e+00 0.00000000e+00 6.26210228e-02]
 [1.22257237e-01 5.14402363e-01 1.71689604e-01 9.43456533e-01
  1.84898627e+00 2.26872593e+00 1.12650770e+00 5.00981502e-01
  1.28177622e-01 3.29627334e-02 7.00704336e-02 8.06243913e-02]
 [3.82198319e-01 9.31948398e-01 7.39506658e-01 2.18099678e+00
  2.08544901e+00 2.05054148e+00 1.11744723e+00 2.41192704e-02
  1.54612450e-01 0.00000000e+00 0.00000000e+00 0.00000000e+00]
 [3.32257226e-01 8.97539781e-01 6.38829412e-01 1.67068231e+00
  1.46793185e+00 1.91461003e+00 1.52806404e+00 1.10467634e-01
  2.61309643e-01 8.96261191e-02 1.60546576e-01 1.21408832e-02]
 [0.00000000e+00 2.71995422e-01 0.00000000e+00 1.88609463e-01
  4.32154922e-01 7.64896224e-01 5.41143134e-02 0.00000000e+00
  0.00000000e+00 0.00000000e+00 0.00000000e+00 0.00000000e+00]
 [0.00000000e+00 2.41683773e-01 0.00000000e+00 1.88023354e-02
  2.45235958e-01 1.24108558e-01 0.00000000e+00 7.57244700e-02
  0.00000000e+00 0.00000000e+00 0.00000000e+00 1.01019061e-02]
 [4.96830192e-02 2.46784034e-01 1.01701539e-01 1.41151717e-01
  0.00000000e+00 1.79213249e-01 8.43034688e-02 0.00000000e+00
  0.00000000e+00 4.37652924e-02 2.89023465e-01 3.18945908e-01]
 [6.55999773e-02 3.59489089e-01 2.07733241e-01 2.34316091e-01
  0.00000000e+00 2.34192357e-01 0.00000000e+00 0.00000000e+00
  1.45439291e-02 0.00000000e+00 0.00000000e+00 7.45653526e-02]
 [1.36986751e-02 4.79728394e-02 0.00000000e+00 0.00000000e+00
  0.00000000e+00 0.00000000e+00 0.00000000e+00 0.00000000e+00
  0.00000000e+00 0.00000000e+00 0.00000000e+00 0.00000000e+00]
 [4.07643775e-02 8.29924962e-02 0.00000000e+00 0.00000000e+00
  0.00000000e+00 0.00000000e+00 0.00000000e+00 0.00000000e+00
  0.00000000e+00 0.00000000e+00 1.02488788e-01 0.00000000e+00]
 [0.00000000e+00 1.84998829e-01 5.50848888e-02 0.00000000e+00
  0.00000000e+00 0.00000000e+00 0.00000000e+00 0.00000000e+00
  0.00000000e+00 1.11095126e-01 1.10191826e-03 0.00000000e+00]
 [0.00000000e+00 1.62605347e-01 0.00000000e+00 0.00000000e+00
  0.00000000e+00 0.00000000e+00 0.00000000e+00 0.00000000e+00
  6.08422387e-02 0.00000000e+00 0.00000000e+00 0.00000000e+00]
 [1.07380481e-01 2.17037760e-01 9.25012553e-02 0.00000000e+00
  0.00000000e+00 0.00000000e+00 0.00000000e+00 3.76869915e-02
  1.34984924e-02 1.07427469e-01 6.59863462e-02 0.00000000e+00]
 [2.71193885e-02 2.36898281e-01 4.05104168e-02 0.00000000e+00
  0.00000000e+00 0.00000000e+00 0.00000000e+00 0.00000000e+00
  0.00000000e+00 0.00000000e+00 0.00000000e+00 0.00000000e+00]
 [1.42782328e-01 1.90046316e-01 2.81962710e-01 3.06624014e-01
  1.88798660e+00 7.33769859e-01 5.77111479e-01 7.43666579e-01
  2.80304786e-01 6.24255069e-01 1.08606811e+00 1.19671416e+00]]