

1
----------------------------------------------------------------------------------
[[0.35646759 0.37049658 0.89767416 0.45812324 0.44383596 0.23728399
  0.40954914 0.         0.         0.00634594 0.         0.
  0.         0.13274618 0.17689182]
 [0.12974433 0.35441159 1.08809495 0.         0.63385888 0.05109747
  0.19574716 0.         0.         0.         0.         0.
  0.         0.20260741 0.02598308]
 [0.01083087 0.16834574 0.58727429 0.01642744 0.37816988 0.05124016
  0.18611192 0.         0.         0.         0.         0.
  0.         0.13055969 0.        ]
 [1.01171501 0.89179208 0.93965567 1.03641921 0.42127518 0.44571308
  0.3716052  0.         0.         0.01165967 0.         0.0826174
  0.         0.16462933 0.06946424]
 [0.21972861 0.13052611 0.65432658 0.26854235 0.41426389 0.20118263
  0.1971499  0.         0.         0.         0.         0.
  0.         0.15928986 0.        ]
 [0.         0.21633068 0.57988617 0.27301113 0.26323264 0.11604259
  0.11604964 0.04229636 0.         0.02994739 0.         0.
  0.0028257  0.08213461 0.03649131]
 [0.05261776 0.33387084 0.54680018 0.         0.38841533 0.
  0.08984186 0.         0.         0.         0.         0.
  0.06211067 0.19409545 0.        ]
 [1.12865163 0.62050865 0.49216651 1.01134642 0.09348528 0.22967691
  0.300564   0.         0.         0.         0.         0.
  0.         0.02858565 0.03607445]
 [1.10525398 0.3186477  0.4610656  0.38110966 0.21891321 0.11701721
  0.13061506 0.07148217 0.         0.         0.         0.
  0.         0.09474299 0.01352073]
 [0.00361704 0.         0.31437214 0.         0.12586762 0.250519
  0.14125856 0.19395333 0.         0.14185079 0.         0.
  0.         0.         0.12456728]
 [0.31781545 0.10941722 0.21385511 0.0204739  0.12455646 0.13199156
  0.06173555 0.15588136 0.03562056 0.07788356 0.         0.
  0.         0.00569398 0.05547562]
 [0.56573911 0.20367311 0.19300182 0.37875126 0.06805475 0.08772331
  0.13588504 0.         0.         0.         0.         0.
  0.         0.02817458 0.        ]
 [0.172915   0.         0.15228839 0.         0.14011481 0.07159017
  0.14564878 0.03014279 0.         0.         0.         0.
  0.         0.04907637 0.06255239]
 [0.16442474 0.01058281 0.14088889 0.11669851 0.03631587 0.08926897
  0.         0.0289783  0.05786179 0.         0.0410049  0.
  0.         0.06132648 0.02546893]
 [0.08442972 0.03874737 0.05029406 0.15383471 0.10117536 0.062806
  0.0012901  0.         0.         0.0530193  0.         0.
  0.03969666 0.08403012 0.05715871]
 [0.00331468 0.079392   0.1635934  0.         0.05004049 0.03677884
  0.01042487 0.20095504 0.         0.0217786  0.06811185 0.
  0.03633226 0.03678577 0.14568193]
 [0.25644652 0.05052481 0.13789515 0.32656742 0.06728411 0.08412837
  0.         0.         0.         0.         0.         0.
  0.         0.05691654 0.02880445]
 [0.27645956 0.17351417 0.26917645 0.44691666 0.07454043 0.22658189
  0.14153962 0.23144097 0.24764085 0.19969759 0.5884626  0.44332095
  0.52343071 0.44352497 0.13291647]]

2
----------------------------------------------------------------------------------
[[0.00000000e+00 0.00000000e+00 0.00000000e+00 1.00138549e-01
  0.00000000e+00 6.99573963e-02 0.00000000e+00 0.00000000e+00
  6.66045323e-03 0.00000000e+00 3.42031416e-02 1.37703913e-01
  9.89282177e-02 0.00000000e+00 6.49990026e-02]
 [0.00000000e+00 0.00000000e+00 0.00000000e+00 0.00000000e+00
  0.00000000e+00 0.00000000e+00 0.00000000e+00 0.00000000e+00
  0.00000000e+00 0.00000000e+00 3.86411624e-02 1.53138066e-01
  6.03645679e-02 0.00000000e+00 0.00000000e+00]
 [0.00000000e+00 0.00000000e+00 0.00000000e+00 0.00000000e+00
  0.00000000e+00 0.00000000e+00 9.55941736e-04 0.00000000e+00
  0.00000000e+00 8.42623439e-02 9.85555434e-03 8.73381689e-02
  0.00000000e+00 0.00000000e+00 0.00000000e+00]
 [0.00000000e+00 2.44607554e-02 1.35536121e-01 1.18797481e-01
  5.40531103e-02 3.01380550e-01 7.79107629e-02 1.17803412e-01
  1.20072512e-02 0.00000000e+00 7.57260617e-02 3.81315585e-01
  2.54187140e-01 4.75188075e-02 4.62277480e-01]
 [0.00000000e+00 2.70432959e-02 6.99368664e-02 4.98124800e-02
  1.76806026e-01 3.72092680e-01 4.92813877e-02 1.04490451e-01
  1.11682358e-01 0.00000000e+00 0.00000000e+00 2.24037987e-01
  9.92929892e-02 0.00000000e+00 1.38397482e-01]
 [4.27671692e-03 0.00000000e+00 5.02871572e-02 0.00000000e+00
  0.00000000e+00 0.00000000e+00 4.35121342e-02 6.91687050e-02
  6.06494503e-02 2.09656403e-02 0.00000000e+00 1.58173402e-01
  0.00000000e+00 0.00000000e+00 1.63474027e-01]
 [0.00000000e+00 0.00000000e+00 0.00000000e+00 0.00000000e+00
  4.62657070e-03 6.55035541e-04 6.38375109e-02 9.00927492e-03
  4.06630166e-02 4.97679667e-02 0.00000000e+00 1.36626385e-01
  5.75825335e-02 0.00000000e+00 7.65675016e-02]
 [0.00000000e+00 0.00000000e+00 1.69458464e-02 2.37062070e-01
  5.48532731e-01 5.37151983e-01 0.00000000e+00 0.00000000e+00
  0.00000000e+00 0.00000000e+00 4.95846290e-02 2.73269669e-01
  4.29216829e-02 0.00000000e+00 1.50818859e-01]
 [0.00000000e+00 0.00000000e+00 1.74499161e-02 2.44717715e-01
  9.15689145e-01 9.27241165e-01 0.00000000e+00 0.00000000e+00
  0.00000000e+00 0.00000000e+00 2.76391722e-02 3.12499517e-01
  2.36439601e-02 0.00000000e+00 1.09973901e-01]
 [0.00000000e+00 0.00000000e+00 0.00000000e+00 4.24337935e-02
  1.97011442e-01 2.07612386e-02 2.87751869e-02 2.73433922e-01
  0.00000000e+00 6.80042423e-02 0.00000000e+00 1.00359089e-01
  0.00000000e+00 0.00000000e+00 7.50279843e-02]
 [9.43469885e-03 0.00000000e+00 4.21788153e-03 5.87282827e-01
  1.16004257e+00 5.16981709e-01 4.48111569e-02 1.95694263e-01
  0.00000000e+00 4.94818354e-02 2.38105480e-02 1.79223220e-01
  0.00000000e+00 0.00000000e+00 5.34823464e-02]
 [0.00000000e+00 0.00000000e+00 0.00000000e+00 0.00000000e+00
  1.57076413e-01 1.49729056e-01 0.00000000e+00 0.00000000e+00
  0.00000000e+00 0.00000000e+00 2.51944464e-02 2.01749691e-01
  0.00000000e+00 0.00000000e+00 0.00000000e+00]
 [0.00000000e+00 0.00000000e+00 0.00000000e+00 0.00000000e+00
  3.38297655e-01 1.86204241e-01 0.00000000e+00 1.26191210e-02
  0.00000000e+00 0.00000000e+00 0.00000000e+00 3.37152844e-03
  0.00000000e+00 0.00000000e+00 0.00000000e+00]
 [0.00000000e+00 0.00000000e+00 0.00000000e+00 3.56793160e-02
  0.00000000e+00 1.94372929e-02 6.76086146e-03 0.00000000e+00
  3.08958031e-03 0.00000000e+00 0.00000000e+00 1.66862358e-01
  1.54334612e-02 0.00000000e+00 0.00000000e+00]
 [0.00000000e+00 0.00000000e+00 0.00000000e+00 0.00000000e+00
  1.42742767e-02 0.00000000e+00 6.34161409e-02 0.00000000e+00
  0.00000000e+00 0.00000000e+00 0.00000000e+00 2.17938606e-02
  0.00000000e+00 0.00000000e+00 0.00000000e+00]
 [0.00000000e+00 0.00000000e+00 0.00000000e+00 0.00000000e+00
  0.00000000e+00 0.00000000e+00 6.13079250e-02 1.40258260e-01
  0.00000000e+00 5.01739835e-02 0.00000000e+00 1.47783625e-01
  0.00000000e+00 0.00000000e+00 3.00322105e-02]
 [0.00000000e+00 0.00000000e+00 0.00000000e+00 0.00000000e+00
  0.00000000e+00 0.00000000e+00 4.82220989e-02 0.00000000e+00
  0.00000000e+00 0.00000000e+00 0.00000000e+00 1.19034821e-01
  1.44042415e-03 0.00000000e+00 0.00000000e+00]
 [2.28454291e-01 4.85537645e-01 4.76625513e-01 4.42007944e-01
  2.46989453e-01 3.18686672e-01 2.91484578e-01 3.90220160e-01
  2.82240959e-01 3.19544604e-01 2.23499321e-01 3.77732147e-01
  3.09452511e-01 5.46976703e-01 1.77034252e-01]]

3
----------------------------------------------------------------------------------
[[0.27282562 0.24570233 0.3157303  0.37927276 0.         0.13117501
  0.         0.0390089  0.04461979 0.18584656 0.03052605 0.
  0.22262797 0.09245998 0.21917802]
 [0.19378504 0.         0.         0.14554468 0.         0.
  0.         0.00330206 0.         0.17264733 0.         0.
  0.01045375 0.         0.        ]
 [0.02140081 0.         0.1094824  0.08775331 0.         0.02301073
  0.         0.         0.04922354 0.23981436 0.         0.03076267
  0.         0.         0.06853447]
 [0.56432025 1.03825697 0.8684032  1.02414323 0.         0.08799606
  0.03255777 0.01127317 0.01121532 0.33897342 0.03267713 0.
  0.41113354 0.31061035 0.52134853]
 [0.29742763 0.3097624  0.04289858 0.5073765  0.         0.05784395
  0.         0.         0.         0.14562525 0.         0.0044078
  0.05262286 0.         0.06423389]
 [0.03123083 0.         0.20404859 0.18789662 0.         0.07207958
  0.18728808 0.         0.09822772 0.18838195 0.         0.05689135
  0.         0.03306604 0.10571891]
 [0.12783171 0.00622712 0.         0.13208232 0.         0.03300212
  0.         0.         0.07024317 0.16302193 0.02806931 0.05142998
  0.         0.         0.        ]
 [0.07496723 0.33655506 0.27563762 0.31970091 0.00698711 0.0213271
  0.13660516 0.00604601 0.         0.22410185 0.44087899 0.06743931
  0.10492851 0.12658393 0.17233234]
 [0.1362578  0.12316464 0.0654385  0.16189438 0.05150496 0.03572614
  0.19182794 0.05923589 0.02131734 0.26158097 0.81465731 0.2126067
  0.         0.         0.12739007]
 [0.         0.         0.04095266 0.         0.         0.04991738
  0.16016067 0.0486945  0.1133782  0.16649016 0.11373807 0.06776181
  0.         0.         0.11758405]
 [0.02972606 0.05123892 0.11748462 0.         0.08031058 0.06314966
  0.01952181 0.         0.0613572  0.21619468 0.80565039 0.29638716
  0.         0.         0.12790446]
 [0.03901177 0.         0.02235833 0.13411135 0.11624734 0.01556772
  0.09003755 0.00618449 0.         0.16886593 0.35018785 0.
  0.01814938 0.         0.07209537]
 [0.         0.0211414  0.09456927 0.         0.00481563 0.11663837
  0.         0.12419231 0.003786   0.14533811 0.3447658  0.
  0.         0.         0.05879045]
 [0.04389036 0.10941152 0.         0.         0.20364783 0.07815165
  0.10242225 0.06823836 0.03810246 0.08687496 0.         0.
  0.         0.         0.        ]
 [0.01858175 0.07175461 0.         0.         0.10300278 0.12700128
  0.         0.07312466 0.02045326 0.07239874 0.         0.
  0.         0.         0.        ]
 [0.07760733 0.17430465 0.         0.         0.06472132 0.10833723
  0.12299231 0.         0.11743311 0.10611221 0.         0.03350782
  0.         0.         0.01395764]
 [0.         0.         0.         0.         0.12067608 0.09742882
  0.01908611 0.05826961 0.         0.03348359 0.         0.
  0.         0.         0.01212695]
 [0.31122343 0.28497769 0.34097041 0.3695252  0.29468996 0.08883581
  0.42019608 0.20436898 0.14148711 0.3401911  0.30430009 0.48616962
  0.77505432 0.42815131 0.16162837]]

4
----------------------------------------------------------------------------------
[[1.84913004e-01 2.04754274e-01 0.00000000e+00 0.00000000e+00
  0.00000000e+00 0.00000000e+00 0.00000000e+00 1.43003559e-02
  0.00000000e+00 1.05089491e-01 0.00000000e+00 1.24044532e-01
  0.00000000e+00 1.62914960e-03 0.00000000e+00]
 [1.13884789e-02 0.00000000e+00 0.00000000e+00 0.00000000e+00
  0.00000000e+00 5.63642610e-02 0.00000000e+00 5.48320145e-02
  2.86885318e-02 9.60511304e-03 1.96377187e-02 0.00000000e+00
  2.77441741e-03 0.00000000e+00 8.25077650e-02]
 [0.00000000e+00 0.00000000e+00 0.00000000e+00 0.00000000e+00
  0.00000000e+00 0.00000000e+00 0.00000000e+00 3.31844974e-02
  9.79602734e-02 1.19772020e-01 6.28331890e-02 1.09208387e-01
  4.96536807e-02 0.00000000e+00 2.68873842e-02]
 [6.93522835e-01 4.96631519e-01 1.24066123e-01 0.00000000e+00
  6.96410091e-02 0.00000000e+00 0.00000000e+00 0.00000000e+00
  5.26562597e-02 1.60552589e-01 4.31895257e-02 9.78557877e-02
  2.61733615e-02 1.29757418e-01 1.75147626e-01]
 [2.71798155e-01 3.10875282e-01 1.33258031e-02 1.54925133e-02
  0.00000000e+00 0.00000000e+00 0.00000000e+00 1.29297157e-02
  0.00000000e+00 1.02122908e-01 4.66862549e-03 6.37304451e-02
  4.55513071e-02 4.69053029e-01 1.87645407e-01]
 [1.36841260e-01 2.37063678e-02 0.00000000e+00 1.26293345e-02
  0.00000000e+00 9.34953428e-02 0.00000000e+00 5.85596944e-02
  0.00000000e+00 1.07579903e-01 0.00000000e+00 8.55255457e-02
  1.02347320e-01 0.00000000e+00 1.62223772e-01]
 [9.22409565e-02 2.70844663e-02 0.00000000e+00 2.81681434e-02
  0.00000000e+00 1.31412070e-02 0.00000000e+00 0.00000000e+00
  2.34859915e-02 1.15833753e-01 5.22581706e-02 5.83061389e-02
  0.00000000e+00 0.00000000e+00 1.68759871e-01]
 [3.94422721e-01 7.43371547e-01 1.86331256e-01 0.00000000e+00
  7.32151019e-03 0.00000000e+00 0.00000000e+00 0.00000000e+00
  0.00000000e+00 8.48280916e-02 1.11704585e-01 1.50876762e-01
  2.96566025e-01 5.82727853e-01 2.08957956e-01]
 [4.56964601e-01 6.64835659e-01 1.48567125e-01 0.00000000e+00
  0.00000000e+00 0.00000000e+00 0.00000000e+00 5.14352218e-03
  0.00000000e+00 1.54119110e-02 1.04196153e-01 1.80636519e-01
  6.11221023e-01 9.90959062e-01 2.62536099e-01]
 [9.57426674e-02 2.39951981e-01 0.00000000e+00 0.00000000e+00
  0.00000000e+00 1.48532375e-01 0.00000000e+00 6.66882527e-02
  1.38834710e-02 2.14751168e-02 1.74755414e-03 3.59179500e-01
  2.59719999e-01 1.68289590e-01 1.83426831e-01]
 [5.75544066e-01 3.68596725e-01 0.00000000e+00 0.00000000e+00
  0.00000000e+00 8.56516463e-02 0.00000000e+00 2.65142752e-02
  0.00000000e+00 6.16523682e-02 9.94877162e-02 1.24465202e-01
  1.21473197e+00 6.70652547e-01 3.51967675e-01]
 [1.92010749e-01 2.42372977e-01 7.87487214e-02 0.00000000e+00
  6.40469594e-02 0.00000000e+00 0.00000000e+00 4.45369573e-02
  0.00000000e+00 5.41726858e-02 8.90285276e-02 0.00000000e+00
  1.31838310e-01 3.75878876e-01 1.34752714e-01]
 [1.65050921e-01 3.65459624e-02 0.00000000e+00 0.00000000e+00
  0.00000000e+00 0.00000000e+00 0.00000000e+00 1.23217192e-01
  0.00000000e+00 6.22976173e-02 6.12298333e-02 5.65660121e-02
  3.67892699e-01 3.10956054e-01 1.26081525e-02]
 [9.57421451e-02 1.02015600e-02 5.87777514e-02 1.44646122e-01
  1.07910517e-01 0.00000000e+00 0.00000000e+00 1.13310579e-02
  6.45049472e-03 8.02232147e-02 5.77091609e-02 5.56881721e-02
  0.00000000e+00 0.00000000e+00 1.56056523e-01]
 [0.00000000e+00 5.14471525e-02 0.00000000e+00 1.78002886e-01
  1.24338798e-01 0.00000000e+00 0.00000000e+00 1.23050608e-01
  0.00000000e+00 6.02873913e-02 4.67215125e-02 1.78898204e-01
  0.00000000e+00 0.00000000e+00 8.57563414e-04]
 [0.00000000e+00 0.00000000e+00 0.00000000e+00 2.17218858e-01
  0.00000000e+00 1.53395841e-01 0.00000000e+00 0.00000000e+00
  2.39756406e-02 8.74472071e-02 6.12045673e-02 0.00000000e+00
  0.00000000e+00 0.00000000e+00 1.90708547e-01]
 [7.76949372e-02 3.78136910e-02 1.75237382e-02 1.59055497e-02
  1.72315079e-01 0.00000000e+00 0.00000000e+00 1.51613607e-01
  0.00000000e+00 5.45003909e-02 0.00000000e+00 1.49517749e-01
  0.00000000e+00 0.00000000e+00 1.22359053e-02]
 [3.57207794e-01 2.22231816e-01 5.29858463e-01 4.26936053e-01
  3.41771613e-01 4.62107449e-01 3.53734406e-01 8.09002494e-01
  4.06991560e-01 1.76555860e-01 1.64612145e-01 2.66061149e-01
  2.35206205e-01 2.65706297e-01 2.60274193e-01]]

5
----------------------------------------------------------------------------------
[[0.00000000e+00 0.00000000e+00 1.08280432e-01 3.90775210e-02
  1.14021443e-01 1.16633141e-01 2.53607611e-02 1.13859292e-01
  4.26095361e-01 0.00000000e+00 5.49542121e-01 6.19943642e-01
  1.28386513e-01 6.59011325e-01 4.85651288e-01]
 [0.00000000e+00 0.00000000e+00 0.00000000e+00 9.76866116e-02
  2.06856427e-01 6.79981366e-01 3.63792946e-01 1.19188090e+00
  2.23327029e+00 1.30284621e+00 1.27238798e+00 5.77647965e-01
  1.18139486e-01 6.93081540e-01 5.15267123e-01]
 [0.00000000e+00 0.00000000e+00 0.00000000e+00 0.00000000e+00
  1.28112637e-01 7.08406596e-02 0.00000000e+00 5.94333094e-01
  1.16047863e+00 9.97799114e-01 1.28625955e+00 3.57282146e-01
  2.71211559e-01 8.13825460e-01 5.51266937e-01]
 [4.30022791e-02 1.57076779e-01 3.32350183e-01 9.21294993e-02
  3.45408784e-01 2.35407046e-01 1.99563804e-01 3.24244460e-01
  5.33716656e-01 2.44641605e-01 7.88721860e-01 5.08557678e-01
  5.06581275e-01 1.14139172e+00 9.72455583e-01]
 [5.15866889e-02 3.00672411e-02 0.00000000e+00 7.34357464e-02
  1.44711636e-01 3.27036984e-01 2.28829252e-01 5.57375804e-01
  8.82504840e-01 5.35564117e-01 1.28477706e+00 4.86524533e-01
  1.65103705e-01 7.91455495e-01 6.94266153e-01]
 [4.71014529e-03 0.00000000e+00 0.00000000e+00 1.83790729e-02
  1.71955729e-01 2.94303397e-01 1.96965744e-01 7.02937811e-01
  1.55025321e+00 1.46957676e+00 1.37007065e+00 3.04516389e-01
  5.52688522e-01 1.28826945e+00 8.81950227e-01]
 [1.60977356e-02 1.44023743e-02 0.00000000e+00 1.05794656e-01
  2.91714029e-01 5.55805230e-01 3.40260613e-01 9.48836628e-01
  1.66178298e+00 1.60049482e+00 2.04993928e+00 4.24303705e-01
  3.56041011e-01 8.87546634e-01 6.71034019e-01]
 [4.25144367e-02 6.63439878e-03 1.48522174e-01 0.00000000e+00
  4.94710149e-02 0.00000000e+00 0.00000000e+00 0.00000000e+00
  3.30677562e-01 4.66595966e-02 0.00000000e+00 5.29176253e-02
  3.22738745e-01 2.16359873e-01 0.00000000e+00]
 [3.42358756e-02 2.82837744e-02 0.00000000e+00 0.00000000e+00
  0.00000000e+00 0.00000000e+00 0.00000000e+00 0.00000000e+00
  2.59637518e-01 0.00000000e+00 0.00000000e+00 0.00000000e+00
  9.30621803e-02 2.46991629e-01 7.98527527e-02]
 [0.00000000e+00 5.03629141e-02 0.00000000e+00 5.76399036e-02
  1.05505445e-02 0.00000000e+00 1.83461803e-02 0.00000000e+00
  8.21206449e-02 0.00000000e+00 2.18495286e-01 6.25422438e-02
  0.00000000e+00 1.25877888e-01 0.00000000e+00]
 [1.04814806e-01 4.59376389e-04 0.00000000e+00 1.28477937e-01
  2.41006112e-02 1.21310881e-01 0.00000000e+00 0.00000000e+00
  5.02126315e-01 8.76763144e-03 0.00000000e+00 0.00000000e+00
  2.46959226e-01 2.12004927e-01 0.00000000e+00]
 [7.47981997e-03 5.94735270e-02 1.14708599e-02 1.16949487e-03
  6.23142968e-02 7.50711413e-02 0.00000000e+00 3.48012088e-02
  2.17764537e-01 2.56034472e-01 2.29764037e-02 4.42885639e-02
  6.25532974e-02 2.49391709e-01 7.40559682e-02]
 [1.97541885e-02 0.00000000e+00 0.00000000e+00 0.00000000e+00
  0.00000000e+00 0.00000000e+00 0.00000000e+00 0.00000000e+00
  1.09426097e-01 1.51373743e-02 0.00000000e+00 0.00000000e+00
  1.76926622e-01 2.05383449e-01 0.00000000e+00]
 [3.58747678e-02 8.10343636e-02 0.00000000e+00 4.42112540e-03
  0.00000000e+00 1.34756118e-02 0.00000000e+00 0.00000000e+00
  1.20269911e-01 0.00000000e+00 0.00000000e+00 0.00000000e+00
  7.06787188e-02 0.00000000e+00 0.00000000e+00]
 [1.50240227e-03 0.00000000e+00 0.00000000e+00 0.00000000e+00
  0.00000000e+00 0.00000000e+00 0.00000000e+00 0.00000000e+00
  1.89300860e-01 0.00000000e+00 0.00000000e+00 0.00000000e+00
  1.19798669e-01 0.00000000e+00 0.00000000e+00]
 [5.24727109e-02 6.75370654e-02 0.00000000e+00 0.00000000e+00
  0.00000000e+00 3.04498593e-03 4.19502338e-02 0.00000000e+00
  1.48129209e-01 0.00000000e+00 0.00000000e+00 0.00000000e+00
  7.06921030e-02 0.00000000e+00 0.00000000e+00]
 [2.47877352e-02 2.78866839e-02 0.00000000e+00 0.00000000e+00
  0.00000000e+00 0.00000000e+00 0.00000000e+00 0.00000000e+00
  1.61177885e-01 0.00000000e+00 0.00000000e+00 0.00000000e+00
  1.05934692e-01 0.00000000e+00 0.00000000e+00]
 [1.65961332e-01 3.10541002e-01 2.90670473e-01 2.75745113e-01
  2.09209907e-01 5.13923076e-01 3.51830223e-01 2.67064607e-01
  2.18453026e-01 6.79630828e-01 4.49632884e-01 1.74557587e-01
  1.89267083e-01 2.38550688e-01 6.17536435e-01]]

6
----------------------------------------------------------------------------------
[[0.         0.         0.         0.         0.13396065 0.26356121
  0.33361934 0.         0.         0.02391442 0.06416633 0.
  0.         0.02379569 0.        ]
 [0.         0.         0.         0.01421285 0.22871139 0.35518454
  0.38867064 0.06093597 0.         0.02028992 0.         0.
  0.         0.0481519  0.00474641]
 [0.         0.         0.         0.02546369 0.2233953  0.24694273
  0.08560048 0.05041133 0.         0.14013876 0.         0.05123898
  0.         0.         0.        ]
 [0.0546939  0.         0.         0.05301952 0.20138719 0.31491687
  0.36960694 0.         0.         0.11774264 0.10649361 0.08715107
  0.08391622 0.09233612 0.08304323]
 [0.0323857  0.         0.         0.         0.15494539 0.25139517
  0.35720008 0.         0.         0.05673765 0.00362123 0.03723822
  0.01651877 0.03737863 0.        ]
 [0.         0.         0.         0.14597952 0.33401954 0.36311287
  0.1571847  0.01528344 0.00781089 0.04395846 0.         0.12269199
  0.04574722 0.         0.01286057]
 [0.123867   0.         0.         0.05497758 0.28156364 0.34052262
  0.24360125 0.05046854 0.         0.10588444 0.02878167 0.08208859
  0.07677099 0.         0.        ]
 [0.         0.         0.         0.         0.01461534 0.10515339
  0.18713929 0.         0.         0.07005461 0.21515728 0.17267383
  0.14344129 0.09770441 0.04134591]
 [0.         0.         0.         0.         0.02107519 0.10054351
  0.12444753 0.         0.         0.08033192 0.1220111  0.13992179
  0.14121887 0.16748366 0.05876523]
 [0.         0.         0.         0.04784684 0.17506836 0.11493251
  0.         0.         0.         0.13153839 0.         0.21527858
  0.01769418 0.         0.        ]
 [0.         0.         0.         0.02657539 0.03189506 0.15049346
  0.         0.         0.         0.         0.         0.17488746
  0.01818568 0.         0.        ]
 [0.         0.         0.         0.         0.02541017 0.0167734
  0.06277622 0.         0.         0.05306408 0.08288771 0.06913087
  0.05564437 0.11419665 0.01887811]
 [0.         0.         0.         0.         0.         0.
  0.         0.         0.         0.06583978 0.         0.08333355
  0.         0.         0.        ]
 [0.         0.         0.         0.         0.         0.
  0.         0.         0.         0.         0.0446016  0.14837791
  0.09820775 0.         0.05574865]
 [0.         0.         0.         0.         0.01446371 0.
  0.         0.         0.         0.02842122 0.03823126 0.14766165
  0.03578577 0.         0.00107954]
 [0.         0.         0.         0.         0.04559466 0.
  0.         0.         0.01195833 0.         0.02376947 0.2106171
  0.12822083 0.         0.01991466]
 [0.         0.         0.         0.         0.01996791 0.
  0.04055866 0.         0.         0.00696094 0.05645943 0.12788465
  0.01841466 0.         0.05575393]
 [0.73508758 0.55881713 0.39387984 0.21302142 0.08948962 0.1722457
  0.30539212 0.20888528 0.32261614 0.35409761 0.13870788 0.36555881
  0.24147268 0.35434933 0.22112139]]

7
----------------------------------------------------------------------------------
[[0.06360673 0.         0.13894606 0.         0.         0.09585743
  0.08378272 0.19364956 0.98975495 0.36613783 0.93244992 0.66611587
  0.80923388 0.77133789 0.15755293]
 [0.08239715 0.         0.06901026 0.03749775 0.         0.
  0.03416925 1.09772903 2.34211989 0.90364403 1.22775245 0.48168371
  0.33882772 0.78284438 0.        ]
 [0.0343272  0.         0.         0.         0.         0.
  0.03322334 0.64252696 1.00917641 1.71996405 1.75817048 0.9484719
  0.49275255 0.99019612 0.        ]
 [0.15308922 0.03121204 0.15226407 0.14677801 0.02612892 0.0641654
  0.16303667 0.63829363 1.65186996 1.06424176 1.83964972 0.94354157
  1.08428127 1.01927042 0.10386746]
 [0.04894458 0.         0.03446364 0.03364492 0.         0.
  0.0716682  0.64952501 1.52575145 1.15093091 1.22831815 0.81579595
  0.75924776 0.77879196 0.        ]
 [0.13839472 0.09075144 0.         0.09279892 0.         0.
  0.18974553 1.17144527 1.90945796 2.30249667 1.6396342  1.1529207
  0.62255215 1.14612535 0.        ]
 [0.07233976 0.01535323 0.         0.14106959 0.         0.
  0.19020337 0.9743317  1.82527713 1.64766476 1.96494621 1.05281066
  0.58270853 0.88010522 0.        ]
 [0.18308923 0.         0.1357334  0.13011004 0.03912745 0.10625056
  0.17383718 0.27547864 0.66549978 0.         0.62867223 0.02133119
  0.1336249  0.3034996  0.        ]
 [0.09268035 0.10283856 0.05582839 0.10706968 0.05531262 0.04837351
  0.16619546 0.1934405  0.46800193 0.         0.46432914 0.12833069
  0.13553845 0.32625551 0.02376932]
 [0.05205204 0.12976208 0.         0.         0.04852794 0.03526643
  0.03989071 0.28794444 0.40504455 0.10750078 0.27652436 0.
  0.         0.35344094 0.        ]
 [0.04851089 0.11137781 0.         0.05196072 0.         0.01556484
  0.19170563 0.90778122 1.08413976 0.63040847 0.75625324 0.28013005
  0.17946331 0.404669   0.        ]
 [0.06650821 0.         0.01790048 0.03920958 0.         0.05618441
  0.20454041 0.08643281 0.18299571 0.06403101 0.19936791 0.16512528
  0.03971283 0.07304161 0.        ]
 [0.         0.         0.         0.         0.         0.00901597
  0.10988972 0.37301657 0.4204421  0.35021142 0.36528411 0.10009098
  0.         0.2514919  0.        ]
 [0.         0.02926379 0.         0.         0.         0.
  0.04046482 0.         0.         0.         0.07187043 0.06924448
  0.         0.01847422 0.15112489]
 [0.         0.         0.         0.         0.         0.
  0.0030177  0.03071324 0.         0.         0.17171385 0.06990445
  0.         0.05971294 0.        ]
 [0.06545503 0.14531263 0.         0.03409816 0.04852103 0.
  0.02549202 0.04374991 0.         0.         0.         0.
  0.         0.13114575 0.07921947]
 [0.02112175 0.         0.         0.03747666 0.         0.05209254
  0.06894476 0.00720817 0.00280862 0.         0.27788571 0.04898702
  0.         0.03103248 0.        ]
 [0.12446236 0.52486782 0.47487125 0.16830783 0.42928612 0.27823108
  0.13085182 0.12595842 0.22995109 0.7876449  0.12274545 0.20910854
  0.31601869 0.10848964 0.63987478]]

7
----------------------------------------------------------------------------------
[[0.10247893 0.         0.         0.43904764 0.        ]
 [0.         0.00458117 0.         0.11869665 0.26035474]
 [0.10493041 0.1275968  0.         0.13949704 0.22196261]
 [0.28374219 0.01906041 0.         0.52255997 0.        ]
 [0.1709074  0.         0.         0.26967754 0.        ]
 [0.14535108 0.0164634  0.         0.1713971  0.        ]
 [0.21731877 0.00442917 0.         0.10980688 0.        ]
 [0.50564471 0.12270353 0.05254168 0.608902   0.        ]
 [0.36958889 0.17997697 0.02390311 0.4507939  0.        ]
 [0.20300275 0.         0.11674049 0.33956455 0.28328141]
 [0.19649223 0.01425261 0.18305437 0.15714313 0.05288006]
 [0.24066172 0.1238857  0.         0.34800545 0.        ]
 [0.0259725  0.15445421 0.0026016  0.09306018 0.        ]
 [0.11672746 0.01813512 0.         0.10471869 0.11497222]
 [0.         0.         0.02742184 0.09824455 0.26482589]
 [0.20153758 0.         0.         0.05966891 0.08020213]
 [0.11633126 0.         0.         0.26912456 0.41069845]
 [0.59922657 0.29385354 0.45465855 0.17060952 0.79736426]]