

1
----------------------------------------------------------------------------------
[[0.08984931 0.13129575 0.         0.07442771 0.02861712 0.08578106
  0.         0.         0.02373373 0.16476173 0.07033384 0.
  0.         0.         0.02753569]
 [0.26352427 0.03315774 0.         0.         0.         0.02615953
  0.         0.         0.04988955 0.23816006 0.         0.
  0.         0.         0.10108647]
 [0.54923008 0.14759436 0.         0.07915648 0.         0.09810057
  0.         0.         0.05810465 0.27688528 0.         0.11945144
  0.         0.02332901 0.08526188]
 [0.13164751 0.04858776 0.         0.06869751 0.         0.07949608
  0.         0.         0.07256234 0.14959859 0.         0.
  0.         0.02907092 0.10528657]
 [0.17453575 0.0216267  0.         0.         0.         0.01208768
  0.         0.         0.02299203 0.11425464 0.         0.
  0.         0.         0.09814446]
 [0.37928873 0.04042501 0.         0.06135185 0.         0.0292363
  0.         0.         0.14463698 0.2434999  0.         0.01983718
  0.         0.         0.12285498]
 [0.29497056 0.         0.         0.         0.         0.
  0.         0.         0.04055302 0.1682088  0.         0.
  0.         0.         0.07850117]
 [0.18577522 0.         0.         0.26291822 0.0435806  0.15934863
  0.         0.         0.0799314  0.09633128 0.03030616 0.
  0.         0.03171712 0.12241002]
 [0.11864584 0.         0.         0.50947915 0.         0.06638327
  0.         0.         0.06822055 0.19455127 0.         0.
  0.         0.04905135 0.04354517]
 [0.51747647 0.05680527 0.         0.18438701 0.         0.17767478
  0.         0.00623491 0.07575427 0.19330908 0.         0.09757938
  0.04862018 0.09310753 0.20954939]
 [0.28669581 0.         0.         0.58257329 0.         0.07261726
  0.         0.         0.         0.31511143 0.         0.
  0.         0.11036289 0.07869785]
 [0.06836641 0.         0.         0.25733164 0.         0.09346248
  0.         0.         0.02805537 0.07580306 0.         0.
  0.         0.00128296 0.03951303]
 [0.27943148 0.         0.         0.27508023 0.         0.
  0.         0.         0.01029717 0.25399585 0.         0.
  0.         0.05617569 0.09669748]
 [0.1213123  0.03135372 0.06969407 0.05026674 0.         0.02365025
  0.06338563 0.15584823 0.         0.         0.00309963 0.
  0.         0.05385969 0.04489242]
 [0.27059149 0.07254527 0.15747544 0.         0.         0.08654394
  0.05625169 0.24745953 0.06346784 0.05897031 0.08871786 0.
  0.01488159 0.03470831 0.01919274]
 [0.26959986 0.         0.04213469 0.16721047 0.         0.10387168
  0.         0.27055511 0.07281431 0.05875149 0.058814   0.02567607
  0.         0.19124078 0.03652187]
 [0.12964676 0.06254933 0.11556535 0.07511016 0.         0.21281938
  0.23466939 0.16424261 0.05299012 0.00290974 0.0011207  0.
  0.         0.         0.04867832]
 [0.32637212 0.31413904 0.41855015 0.14954822 0.31770863 0.14963595
  0.4586131  0.43039    0.22477137 0.11368934 0.27702283 0.22060405
  0.29247724 0.47700161 0.24139494]]

2
----------------------------------------------------------------------------------
[[0.         0.04002775 0.1899723  0.18365216 0.         0.
  0.19355494 0.         0.08870953 0.         0.23565174 0.
  0.         0.02481205 0.17965405]
 [0.         0.06967963 0.         0.17031849 0.         0.
  0.00432447 0.         0.03454342 0.         0.15685025 0.
  0.         0.08737639 0.06587595]
 [0.1726723  0.05675195 0.         0.12991858 0.05759129 0.
  0.         0.         0.04142504 0.00239891 0.24371688 0.
  0.         0.04180587 0.01058946]
 [0.         0.05078516 0.13964301 0.11159043 0.         0.
  0.17684821 0.         0.05356633 0.01040087 0.15139733 0.
  0.         0.11983388 0.13296897]
 [0.         0.02135972 0.08728522 0.06230881 0.         0.
  0.01276283 0.         0.03671017 0.         0.07381624 0.
  0.         0.07118246 0.04635069]
 [0.         0.01999322 0.         0.03903948 0.12920842 0.
  0.04554992 0.         0.07929592 0.00203368 0.07850573 0.
  0.         0.         0.        ]
 [0.         0.04404543 0.00483838 0.0189049  0.00846314 0.
  0.         0.         0.03455691 0.         0.0892991  0.
  0.         0.02029065 0.        ]
 [0.         0.         0.14457133 0.10789162 0.         0.
  0.21882853 0.         0.00170453 0.         0.13228525 0.04834774
  0.         0.04052856 0.06790812]
 [0.         0.         0.09150137 0.14975667 0.         0.
  0.12447301 0.         0.01535765 0.         0.06468016 0.
  0.         0.04476703 0.05001681]
 [0.04336344 0.0364083  0.09295305 0.         0.06151461 0.
  0.08704945 0.         0.04977035 0.10188339 0.28196848 0.
  0.         0.         0.        ]
 [0.         0.         0.         0.02711842 0.02130892 0.
  0.         0.         0.0836061  0.         0.13179984 0.
  0.         0.         0.        ]
 [0.         0.         0.1429828  0.07724975 0.         0.
  0.11446335 0.         0.         0.         0.06572929 0.
  0.         0.01264346 0.05518265]
 [0.         0.00995195 0.         0.05031116 0.06520604 0.
  0.         0.         0.04852797 0.00749247 0.10173433 0.
  0.         0.         0.        ]
 [0.02219006 0.04493017 0.00630532 0.         0.06412109 0.09906377
  0.0028815  0.         0.09393355 0.01291361 0.         0.00545291
  0.01634479 0.05103613 0.        ]
 [0.12634976 0.0908962  0.215809   0.         0.08990725 0.12402684
  0.08562212 0.         0.17033807 0.06060789 0.04817046 0.05697716
  0.         0.03942722 0.13475704]
 [0.         0.         0.00792365 0.         0.12408241 0.06224453
  0.04417838 0.         0.10195516 0.0383872  0.0457368  0.
  0.         0.04527945 0.        ]
 [0.         0.         0.04412507 0.04500321 0.         0.11223217
  0.09820959 0.04785731 0.03431383 0.         0.07864052 0.05893747
  0.         0.04689879 0.07388751]
 [0.2748162  0.25260337 0.21113185 0.36679232 0.25122354 0.37981952
  0.19432522 0.48104586 0.07360835 0.15647526 0.16606738 0.33027501
  0.36609392 0.33237033 0.3415608 ]]

3
----------------------------------------------------------------------------------
[[0.         0.19799434 0.04731275 0.         0.         0.09213624
  0.00169675 0.19590406 0.38725114 0.05562927 0.16874895 0.
  0.06548721 0.         0.09340301]
 [0.         0.         0.0588872  0.         0.         0.0319362
  0.         0.23197066 0.22416239 0.         0.         0.
  0.         0.01263851 0.        ]
 [0.05526746 0.00138678 0.1461828  0.         0.04362088 0.04021957
  0.         0.51378532 0.15796425 0.10609254 0.         0.07262622
  0.         0.12328555 0.        ]
 [0.         0.15682468 0.05486182 0.         0.         0.0852801
  0.         0.         0.39019605 0.0360279  0.19961323 0.
  0.01672418 0.         0.01376893]
 [0.         0.00492356 0.01495025 0.         0.         0.01762251
  0.         0.04443914 0.20324966 0.         0.02802888 0.
  0.         0.         0.00358679]
 [0.01764463 0.04811046 0.08236411 0.         0.02495512 0.
  0.         0.41944344 0.05234355 0.         0.         0.10050517
  0.         0.11146401 0.        ]
 [0.         0.         0.         0.         0.         0.
  0.         0.1915858  0.14420836 0.         0.         0.
  0.         0.02220654 0.        ]
 [0.         0.19583509 0.13755076 0.         0.         0.15177905
  0.02711277 0.00537824 0.42366594 0.01482935 0.22452199 0.12500018
  0.6049052  0.10893187 0.20756119]
 [0.         0.08992079 0.12662651 0.         0.         0.07285222
  0.01147579 0.         0.24463806 0.         0.16635542 0.73988035
  1.07514653 0.26827039 0.15531667]
 [0.16079715 0.17164913 0.17718559 0.10966239 0.11898846 0.05089677
  0.05287027 0.42038553 0.07821205 0.         0.         0.05711539
  0.         0.22541196 0.        ]
 [0.         0.05354906 0.0441325  0.         0.00690077 0.05779869
  0.         0.29109025 0.         0.         0.         0.93954206
  0.9929197  0.26961045 0.19170904]
 [0.         0.09145926 0.14288777 0.         0.         0.08128958
  0.0264102  0.         0.22968921 0.01474425 0.16430217 0.87955459
  0.82157898 0.03617825 0.10897365]
 [0.         0.07054242 0.05276692 0.         0.03704771 0.01968809
  0.         0.25057164 0.         0.         0.         0.60995562
  0.26050547 0.09910994 0.07374947]
 [0.0063961  0.08927133 0.1236314  0.017288   0.06930617 0.
  0.         0.15907253 0.         0.29919931 0.48240011 0.15043303
  0.06806708 0.0631562  0.45118493]
 [0.13873447 0.22137715 0.34687918 0.08848201 0.05558495 0.09735555
  0.0494113  0.18024274 0.09813219 0.39535923 0.82191434 0.16172153
  0.40678033 0.11972473 0.68563671]
 [0.01240607 0.22298059 0.23861802 0.05680955 0.26341259 0.02612283
  0.08122466 0.06876712 0.07468177 0.32577901 0.37636316 0.34164687
  0.         0.30016507 0.8262094 ]
 [0.10823221 0.16176365 0.29362836 0.00974736 0.05116866 0.11926253
  0.08735394 0.17998279 0.         0.47985023 0.59972788 0.
  0.15601544 0.         0.19123578]
 [0.19405115 0.15069869 0.30826613 0.38813918 0.20917026 0.14741629
  0.37391323 0.14774228 0.32209289 0.22299807 0.26956951 0.42472688
  0.24502092 0.22640227 0.23312143]]

4
----------------------------------------------------------------------------------
[[8.18528383e-02 1.91296683e-02 4.63994359e-02 3.15403029e-02
  0.00000000e+00 0.00000000e+00 1.70694116e-02 1.13692990e-02
  1.21474652e-01 2.59437699e-01 0.00000000e+00 1.09617460e-01
  1.14743556e-01 0.00000000e+00 1.06621832e-01]
 [0.00000000e+00 4.49357030e-02 6.23652632e-02 1.03901405e-01
  0.00000000e+00 0.00000000e+00 8.90300090e-02 0.00000000e+00
  0.00000000e+00 3.00731016e-01 4.51053367e-02 4.39988603e-02
  0.00000000e+00 0.00000000e+00 5.41600630e-02]
 [0.00000000e+00 7.68433081e-02 6.61693899e-02 9.66102215e-02
  0.00000000e+00 0.00000000e+00 2.87934515e-02 3.96963126e-02
  9.14396623e-02 2.06567978e-01 1.04865759e-01 4.30830346e-01
  0.00000000e+00 0.00000000e+00 8.46984313e-02]
 [3.67630964e-02 6.31375126e-02 9.13499985e-02 3.16618456e-02
  0.00000000e+00 0.00000000e+00 4.01106208e-02 0.00000000e+00
  1.47821573e-02 2.14203725e-01 0.00000000e+00 1.75369137e-02
  1.14184108e-02 0.00000000e+00 1.00293737e-01]
 [0.00000000e+00 0.00000000e+00 8.02584932e-02 9.20788349e-02
  0.00000000e+00 0.00000000e+00 3.08914315e-02 0.00000000e+00
  0.00000000e+00 1.79387065e-01 0.00000000e+00 0.00000000e+00
  5.91800431e-02 0.00000000e+00 5.21577021e-02]
 [0.00000000e+00 3.93255458e-02 1.18979097e-01 1.21417620e-01
  0.00000000e+00 0.00000000e+00 3.30115137e-02 0.00000000e+00
  8.56680101e-02 1.42864063e-01 2.95272609e-02 2.13491265e-01
  0.00000000e+00 0.00000000e+00 1.27289499e-02]
 [0.00000000e+00 0.00000000e+00 3.19695798e-02 7.54874988e-02
  0.00000000e+00 0.00000000e+00 0.00000000e+00 0.00000000e+00
  0.00000000e+00 1.58239247e-01 5.24044656e-02 7.04663917e-03
  0.00000000e+00 0.00000000e+00 2.13763965e-02]
 [5.13011711e-01 5.08234659e-01 9.17283965e-01 6.71338480e-01
  2.86431472e-01 1.82330130e-01 4.82345766e-01 1.57567213e-01
  1.45761063e-01 5.12040926e-01 1.51642701e-01 0.00000000e+00
  2.24220413e-02 4.60320561e-02 0.00000000e+00]
 [3.45318442e-01 6.60999541e-01 7.98117936e-01 4.82854463e-01
  1.55817387e-01 1.77440618e-02 2.59357254e-01 3.39316771e-02
  0.00000000e+00 2.72393890e-01 9.04974924e-02 0.00000000e+00
  0.00000000e+00 6.18105405e-02 3.23544800e-02]
 [4.56540586e-01 1.33878717e+00 6.93201719e-01 7.22720586e-01
  1.83609053e-02 0.00000000e+00 8.54935411e-02 1.99259360e-01
  3.01898544e-01 3.15300904e-01 1.99430328e-01 0.00000000e+00
  1.11170463e-02 0.00000000e+00 0.00000000e+00]
 [2.39698709e-01 6.26488597e-01 5.18944187e-01 4.67385953e-01
  1.23509613e-01 0.00000000e+00 1.79669312e-01 3.72597705e-02
  1.19025984e-01 2.99291440e-01 3.83056765e-01 9.56754340e-02
  0.00000000e+00 0.00000000e+00 0.00000000e+00]
 [1.22731826e+00 1.66201663e+00 1.95120494e+00 1.10290564e+00
  4.47422060e-01 1.45627762e-01 5.25848835e-01 2.60795684e-01
  9.59923278e-02 5.06071354e-01 2.71412387e-01 4.04604736e-02
  4.30078016e-02 1.94946113e-01 7.00707303e-02]
 [1.64182439e+00 2.65122503e+00 1.84165650e+00 1.18419635e+00
  4.00169780e-01 0.00000000e+00 3.33574412e-01 2.33869436e-01
  2.96938328e-01 5.00048496e-01 5.06630318e-01 0.00000000e+00
  1.50323227e-01 5.04012884e-02 0.00000000e+00]
 [3.26309072e+00 5.36249323e+00 4.98190204e+00 3.70342075e+00
  1.55412911e+00 3.46373004e-01 6.65388346e-01 7.61274745e-01
  8.59024518e-01 1.15173835e+00 1.05124684e+00 6.03186040e-01
  4.62567807e-01 1.35579200e-01 6.80622452e-02]
 [4.67608912e+00 6.75744319e+00 6.06296568e+00 4.27016199e+00
  1.97990063e+00 5.93701199e-01 4.85390582e-01 5.43245754e-01
  7.69069674e-01 1.00326914e+00 9.73532703e-01 6.06443250e-01
  4.69082568e-01 2.87906907e-01 1.33458729e-02]
 [8.49212230e+00 1.21016384e+01 7.47711017e+00 4.60740815e+00
  1.77793886e+00 2.98120362e-01 8.66296125e-01 9.83512705e-01
  1.27426622e+00 1.43921621e+00 1.15214110e+00 4.88634614e-01
  4.85064801e-01 9.61468224e-02 1.58316211e-01]
 [4.80358727e+00 6.74439458e+00 8.35499007e+00 4.36403102e+00
  2.15647338e+00 8.50669249e-01 6.99219683e-01 5.87516192e-01
  6.04982807e-01 1.18754110e+00 1.01853435e+00 9.14626007e-01
  3.30943205e-01 4.34192936e-01 0.00000000e+00]
 [3.84204158e-01 2.71704040e-01 1.64350350e-01 2.22841302e-01
  3.44553839e-01 5.11786720e-01 1.68895116e-01 2.46272852e-01
  2.27501771e-01 9.27356090e-02 3.10519535e-01 1.85767427e-01
  3.20207103e-01 2.91680261e-01 3.29869201e-01]]

5
----------------------------------------------------------------------------------
[[0.00000000e+00 0.00000000e+00 1.20087175e-01 1.39678312e-01
  6.52703770e-02 1.89311717e-01 1.28615564e-01 0.00000000e+00
  1.13441607e-01 6.36458807e-02 2.04387309e-01 0.00000000e+00
  1.75512499e-01 0.00000000e+00 7.38509962e-02]
 [3.77528261e-02 0.00000000e+00 0.00000000e+00 7.98611985e-02
  0.00000000e+00 0.00000000e+00 0.00000000e+00 4.14123314e-03
  8.74594122e-02 1.71819637e-02 1.73933571e-01 0.00000000e+00
  7.91393429e-02 0.00000000e+00 0.00000000e+00]
 [7.02968804e-02 0.00000000e+00 0.00000000e+00 1.69238352e-01
  0.00000000e+00 5.55245767e-02 1.06925597e-02 1.00017082e-01
  4.46302401e-02 2.32500693e-01 2.15585576e-01 0.00000000e+00
  6.28992772e-02 0.00000000e+00 0.00000000e+00]
 [0.00000000e+00 0.00000000e+00 7.56796121e-02 3.91094182e-02
  0.00000000e+00 7.69790989e-02 9.00771670e-02 0.00000000e+00
  3.31062957e-02 2.25470441e-02 2.07796647e-01 0.00000000e+00
  7.26371692e-02 0.00000000e+00 1.04317423e-02]
 [0.00000000e+00 0.00000000e+00 9.21638782e-03 3.63854994e-02
  0.00000000e+00 5.89982803e-02 1.16600279e-01 0.00000000e+00
  1.85297439e-02 3.56532864e-02 1.25350462e-01 0.00000000e+00
  1.00373052e-01 0.00000000e+00 3.70749329e-03]
 [6.48767791e-02 0.00000000e+00 0.00000000e+00 1.00375467e-01
  1.17617369e-02 7.79188797e-02 0.00000000e+00 1.97985054e-02
  8.25195357e-02 1.69858448e-01 1.34208807e-01 3.22599509e-02
  3.14819794e-02 6.02551535e-03 0.00000000e+00]
 [3.33606308e-04 0.00000000e+00 0.00000000e+00 6.89486868e-02
  0.00000000e+00 5.02367455e-02 0.00000000e+00 0.00000000e+00
  4.46264854e-02 1.80087000e-02 1.63814668e-01 0.00000000e+00
  7.15827353e-02 0.00000000e+00 0.00000000e+00]
 [0.00000000e+00 0.00000000e+00 1.11630987e-02 2.76120005e-02
  1.21619388e-02 1.30790791e-01 1.50072935e-01 0.00000000e+00
  1.39531989e-01 0.00000000e+00 1.06313499e-01 0.00000000e+00
  3.84951548e-04 0.00000000e+00 0.00000000e+00]
 [9.40485471e-02 0.00000000e+00 2.25033987e-02 7.69952270e-02
  0.00000000e+00 5.36593234e-02 4.35969108e-02 0.00000000e+00
  1.68022508e-01 0.00000000e+00 5.86645037e-02 6.98663207e-04
  1.50291341e-02 0.00000000e+00 0.00000000e+00]
 [9.08200694e-02 0.00000000e+00 0.00000000e+00 9.18871882e-02
  3.15725619e-02 1.14352260e-01 0.00000000e+00 0.00000000e+00
  1.09097949e-01 1.23988302e-01 3.22274470e-03 8.97105734e-03
  6.33491397e-02 0.00000000e+00 0.00000000e+00]
 [1.20038813e-01 0.00000000e+00 0.00000000e+00 3.77309544e-02
  0.00000000e+00 1.70784871e-01 0.00000000e+00 0.00000000e+00
  1.18356034e-01 1.19239448e-01 1.06104785e-02 3.78693880e-02
  7.98375032e-02 0.00000000e+00 0.00000000e+00]
 [1.13355299e-01 0.00000000e+00 4.83439202e-02 4.74102234e-02
  1.17578043e-01 0.00000000e+00 7.13820422e-02 0.00000000e+00
  1.44090788e-01 5.12275219e-02 6.95959991e-02 0.00000000e+00
  0.00000000e+00 0.00000000e+00 0.00000000e+00]
 [6.45241225e-02 0.00000000e+00 0.00000000e+00 2.90160581e-02
  0.00000000e+00 8.27621778e-02 0.00000000e+00 9.80816840e-03
  1.35497676e-01 1.10292355e-01 9.31890255e-02 2.38757417e-02
  5.75059144e-02 0.00000000e+00 0.00000000e+00]
 [1.87198958e-02 0.00000000e+00 1.26906985e-01 5.03219595e-02
  1.61743381e-01 0.00000000e+00 0.00000000e+00 0.00000000e+00
  4.95808106e-02 1.02532940e-01 3.94907745e-02 5.00414220e-02
  4.94358526e-02 0.00000000e+00 0.00000000e+00]
 [1.54081084e-01 6.73659291e-02 9.88656057e-02 1.02446603e-01
  1.23493451e-01 4.13514430e-02 0.00000000e+00 0.00000000e+00
  1.61685836e-01 1.81056300e-01 1.15300083e-01 0.00000000e+00
  5.47726369e-02 0.00000000e+00 5.78836141e-02]
 [1.19974317e-01 4.40703659e-02 0.00000000e+00 1.29320263e-01
  3.23336277e-01 2.13621397e-01 0.00000000e+00 6.86177033e-02
  1.48720020e-01 9.51141447e-02 3.14219479e-02 0.00000000e+00
  1.16133866e-01 0.00000000e+00 1.37633128e-02]
 [1.35965444e-01 0.00000000e+00 2.58731467e-01 5.41700320e-02
  1.63086178e-01 3.90336000e-02 1.36060782e-01 0.00000000e+00
  3.15028992e-01 2.22285091e-01 2.50608532e-01 0.00000000e+00
  4.74562783e-02 0.00000000e+00 0.00000000e+00]
 [1.42621893e-01 4.00631728e-01 3.58036926e-01 7.92168941e-02
  3.05718953e-01 2.25017874e-01 2.65116891e-01 3.11675859e-01
  1.00389432e-01 9.46806855e-02 1.30259024e-01 3.19011879e-01
  8.65782582e-02 3.35517090e-01 3.18129172e-01]]

6
----------------------------------------------------------------------------------
[[0.00000000e+00 0.00000000e+00 2.02550920e-01 0.00000000e+00
  0.00000000e+00 0.00000000e+00 7.46694416e-03 0.00000000e+00
  0.00000000e+00 6.98282265e-02 1.49628735e-01 0.00000000e+00
  0.00000000e+00 1.34953639e-01 2.01935239e-01]
 [0.00000000e+00 5.96660370e-02 0.00000000e+00 0.00000000e+00
  0.00000000e+00 0.00000000e+00 0.00000000e+00 0.00000000e+00
  0.00000000e+00 0.00000000e+00 1.22042147e-01 4.26141302e-02
  0.00000000e+00 3.73864727e-02 1.55042253e-02]
 [0.00000000e+00 1.37775162e-01 2.01375868e-01 0.00000000e+00
  1.75930859e-02 1.57274997e-02 2.96715721e-02 0.00000000e+00
  0.00000000e+00 0.00000000e+00 5.93546619e-02 7.19299808e-02
  0.00000000e+00 2.06906598e-01 0.00000000e+00]
 [0.00000000e+00 0.00000000e+00 2.15840372e-01 0.00000000e+00
  0.00000000e+00 0.00000000e+00 1.01995706e-02 0.00000000e+00
  0.00000000e+00 9.28644985e-02 1.72728667e-01 0.00000000e+00
  0.00000000e+00 1.69350168e-01 1.47423403e-01]
 [0.00000000e+00 0.00000000e+00 7.87822701e-02 0.00000000e+00
  0.00000000e+00 0.00000000e+00 0.00000000e+00 0.00000000e+00
  0.00000000e+00 0.00000000e+00 8.01886027e-02 1.98496035e-03
  0.00000000e+00 3.44999209e-02 4.37097907e-02]
 [0.00000000e+00 1.44018900e-01 3.06469559e-01 2.35712040e-01
  3.40084526e-02 3.80794373e-03 6.72326692e-02 1.55549860e-03
  0.00000000e+00 0.00000000e+00 1.76256154e-02 1.53550033e-01
  4.93420410e-02 7.79766887e-02 2.39022862e-02]
 [0.00000000e+00 0.00000000e+00 0.00000000e+00 0.00000000e+00
  0.00000000e+00 0.00000000e+00 3.37056232e-02 0.00000000e+00
  0.00000000e+00 0.00000000e+00 1.76929079e-02 1.24177730e-02
  0.00000000e+00 1.28936866e-02 3.22005916e-02]
 [0.00000000e+00 0.00000000e+00 1.42574987e+00 1.75715563e+00
  1.34059041e+00 8.35401464e-02 2.25688183e-01 0.00000000e+00
  0.00000000e+00 2.24158896e-01 2.97455714e-01 2.71118062e-02
  8.04038056e-02 2.61923004e-01 8.60668145e-03]
 [0.00000000e+00 1.75017347e-01 1.78478935e+00 8.88940773e-01
  6.93530293e-01 0.00000000e+00 7.88121457e-02 0.00000000e+00
  0.00000000e+00 5.56869364e-02 1.57648218e-01 4.23844024e-02
  3.90319072e-02 2.17491324e-01 8.66502685e-02]
 [0.00000000e+00 6.75380298e-02 3.44630060e-01 8.18788694e-01
  5.44477589e-01 2.93540053e-02 2.26261373e-01 0.00000000e+00
  0.00000000e+00 0.00000000e+00 0.00000000e+00 3.37953532e-01
  2.27491821e-01 1.39035141e-01 9.20031464e-02]
 [0.00000000e+00 7.63655335e-01 1.48111561e+00 6.70278436e-01
  3.03118624e-01 0.00000000e+00 2.21106176e-01 0.00000000e+00
  0.00000000e+00 0.00000000e+00 5.95935964e-02 1.02686642e-01
  0.00000000e+00 6.04435927e-02 0.00000000e+00]
 [0.00000000e+00 0.00000000e+00 1.33208095e+00 2.91178191e+00
  1.77851363e+00 2.88283015e-01 2.65343192e-01 1.42120860e-02
  0.00000000e+00 1.24592731e-01 2.36939925e-01 3.23808515e-02
  8.37297800e-02 1.93530728e-01 2.84559907e-01]
 [0.00000000e+00 3.34820699e-01 1.54895072e+00 2.29618126e+00
  1.07044572e+00 1.65158815e-01 2.86578869e-01 0.00000000e+00
  0.00000000e+00 0.00000000e+00 1.32089515e-01 1.51226862e-01
  0.00000000e+00 4.08035234e-02 6.21472951e-02]
 [0.00000000e+00 0.00000000e+00 2.22567891e+00 5.83121308e+00
  3.95422540e+00 1.39750541e+00 6.02663317e-01 2.05807400e-01
  1.13911376e-01 2.42463017e-01 4.96955376e-01 5.09680421e-01
  1.24214418e-01 4.93634469e-01 7.17409204e-01]
 [0.00000000e+00 0.00000000e+00 2.12923861e+00 6.06759847e+00
  4.61648699e+00 1.69500425e+00 7.77303068e-01 3.35839368e-01
  3.34137033e-01 7.56109811e-01 6.95071995e-01 8.55755184e-01
  1.53714747e-01 7.03207226e-01 8.05608384e-01]
 [0.00000000e+00 1.06805392e-01 3.13457573e+00 7.99193960e+00
  4.78672857e+00 2.81258308e+00 9.11733156e-01 6.04370637e-01
  9.05625254e-01 1.12449424e+00 6.66620689e-01 9.53656024e-01
  2.48289070e-01 7.98434981e-01 6.67194167e-01]
 [0.00000000e+00 0.00000000e+00 2.16895453e+00 5.93791614e+00
  4.50483155e+00 1.79824006e+00 9.03305539e-01 4.85761353e-01
  2.86630664e-01 5.31486345e-01 1.09164761e+00 7.00922638e-01
  2.95108140e-01 8.51588421e-01 1.24934116e+00]
 [4.34627907e-01 4.25920027e-01 2.04019962e-01 4.58334079e-01
  2.74809603e-01 3.97859401e-01 1.89941840e-01 3.47218965e-01
  3.78971071e-01 5.09953289e-01 4.13052773e-01 1.49150478e-01
  3.17749355e-01 1.95011201e-01 1.51362486e-01]]

7
----------------------------------------------------------------------------------
[[2.23941071e-02 1.06279229e-01 1.01738080e-01 0.00000000e+00
  1.12861647e-01 3.14395070e-01 1.85180027e-01 1.43657213e-01
  2.05043954e-01]
 [4.20705022e-02 0.00000000e+00 3.79613282e-02 0.00000000e+00
  0.00000000e+00 2.75886843e-01 4.11155300e-02 9.35482134e-04
  7.93539149e-02]
 [2.48787051e-02 0.00000000e+00 0.00000000e+00 0.00000000e+00
  0.00000000e+00 1.87983626e-01 1.02301908e-01 0.00000000e+00
  2.46189152e-01]
 [9.96140798e-02 6.79504792e-02 1.34968114e-02 0.00000000e+00
  8.50332272e-02 2.41027262e-01 1.50623723e-01 8.96454775e-02
  2.46636102e-01]
 [3.16067498e-02 0.00000000e+00 1.29345800e-02 0.00000000e+00
  0.00000000e+00 2.04566256e-01 5.76266351e-02 2.73426314e-02
  1.22543085e-01]
 [9.22750765e-02 3.46416827e-02 0.00000000e+00 0.00000000e+00
  0.00000000e+00 1.75423649e-01 9.78910283e-02 4.87430212e-02
  2.78932540e-01]
 [2.29373665e-02 1.77607188e-02 0.00000000e+00 0.00000000e+00
  0.00000000e+00 2.33202393e-01 5.37859883e-02 2.71296235e-03
  8.05054556e-02]
 [1.53363488e-01 1.91167959e-02 1.98424202e-01 0.00000000e+00
  1.38464283e-01 3.02730496e-01 2.13072242e-01 6.21656974e-02
  1.68886777e-01]
 [1.15459107e-01 5.69749607e-04 1.55137680e-01 0.00000000e+00
  7.83678893e-02 2.62538677e-01 1.33813521e-01 2.25353641e-02
  1.20105722e-01]
 [1.03169363e-01 1.40946716e-01 9.47117496e-02 1.09329212e-01
  0.00000000e+00 2.29136566e-01 1.12896475e-01 9.40334551e-02
  4.51256685e-01]
 [7.85749800e-02 0.00000000e+00 0.00000000e+00 0.00000000e+00
  0.00000000e+00 8.30250743e-02 6.37160667e-02 0.00000000e+00
  1.46193103e-01]
 [2.46059831e-01 2.90716816e-03 2.81125912e-01 0.00000000e+00
  3.48611821e-02 3.98501222e-01 1.44535715e-01 0.00000000e+00
  1.26909710e-01]
 [1.28087098e-01 0.00000000e+00 0.00000000e+00 0.00000000e+00
  0.00000000e+00 1.29095711e-01 1.23800620e-01 9.62085452e-03
  1.70083122e-01]
 [6.82839083e-01 1.71741303e-01 2.09521898e-01 0.00000000e+00
  3.05680239e-02 1.89601222e-01 1.57745597e-01 2.77115755e-02
  1.09830690e-01]
 [6.62970789e-01 1.74105268e-01 2.83213030e-01 0.00000000e+00
  2.84647509e-02 2.32891040e-01 1.42856628e-01 1.16733337e-01
  2.60005976e-01]
 [5.80695624e-01 1.32315639e-01 2.70727086e-02 0.00000000e+00
  0.00000000e+00 1.31044128e-01 2.02037373e-01 1.48588621e-01
  1.14203879e-01]
 [1.11798920e+00 3.59714673e-01 5.10471797e-01 0.00000000e+00
  9.80849479e-02 3.41807551e-01 2.95239653e-01 5.96085316e-02
  2.76709180e-01]
 [1.72639663e-01 2.59105905e-01 2.85909138e-01 4.04852025e-01
  3.09016840e-01 1.27042013e-01 7.77442608e-02 1.57479620e-01
  1.27930488e-01]]