

1
----------------------------------------------------------------------------------
[[6.93725512e-02 1.46264250e-01 2.53754711e-02 4.30197450e-02
  0.00000000e+00 0.00000000e+00 7.81618425e-02 7.68108807e-02
  2.57979460e-01 1.15602611e-03 0.00000000e+00 2.19745997e-01
  1.25198151e-02 0.00000000e+00 0.00000000e+00]
 [1.03165006e-01 1.18526953e-01 0.00000000e+00 5.77162078e-02
  0.00000000e+00 0.00000000e+00 0.00000000e+00 0.00000000e+00
  2.37770335e-01 1.23608170e-02 2.17165054e-02 1.51452240e-01
  3.39481920e-02 0.00000000e+00 1.21435045e-02]
 [8.85628149e-02 5.93217422e-02 1.63048397e-02 1.46045438e-01
  5.85988517e-03 0.00000000e+00 0.00000000e+00 0.00000000e+00
  2.33721878e-01 0.00000000e+00 8.16895679e-02 1.20960758e-01
  0.00000000e+00 5.51190987e-03 9.34648831e-03]
 [2.44364046e-02 0.00000000e+00 3.35386832e-02 9.76282241e-02
  2.05659287e-04 8.67067692e-03 1.24785172e-01 1.53746596e-01
  2.68049453e-01 8.85561698e-03 0.00000000e+00 1.49077320e-01
  7.11986131e-02 0.00000000e+00 6.82220625e-02]
 [0.00000000e+00 0.00000000e+00 1.52985270e-03 7.41603916e-02
  0.00000000e+00 0.00000000e+00 4.15920420e-02 1.44004291e-01
  1.56967897e-01 0.00000000e+00 0.00000000e+00 1.25108543e-01
  4.52649728e-02 0.00000000e+00 4.43686493e-02]
 [9.40297503e-03 0.00000000e+00 0.00000000e+00 1.48695215e-01
  4.30745045e-02 1.17826677e-02 3.56122018e-02 9.34171326e-02
  3.66301075e-01 0.00000000e+00 4.05371486e-02 2.19836667e-03
  0.00000000e+00 0.00000000e+00 3.96408274e-02]
 [2.05946119e-02 0.00000000e+00 0.00000000e+00 9.68172519e-02
  0.00000000e+00 0.00000000e+00 1.60444628e-02 7.47455536e-02
  1.76220537e-01 0.00000000e+00 0.00000000e+00 3.13722666e-02
  3.62739094e-02 0.00000000e+00 1.65213160e-02]
 [0.00000000e+00 2.85680781e-02 0.00000000e+00 0.00000000e+00
  5.96622453e-02 1.26084644e-01 1.72543662e-01 3.39684487e-01
  2.98557906e-01 0.00000000e+00 0.00000000e+00 0.00000000e+00
  7.84211849e-02 4.39164108e-02 4.13406460e-02]
 [1.71181888e-02 1.12427414e-01 0.00000000e+00 0.00000000e+00
  9.45215097e-02 8.35330086e-02 1.23325388e-01 1.11086224e-01
  9.17490587e-02 3.69385175e-02 3.02674220e-02 7.42942097e-02
  0.00000000e+00 0.00000000e+00 3.51113562e-02]
 [0.00000000e+00 0.00000000e+00 9.23250069e-02 1.66228014e-01
  5.61766770e-02 1.33806424e-01 5.12187968e-03 1.89052234e-01
  2.72335771e-01 0.00000000e+00 6.07336532e-02 0.00000000e+00
  0.00000000e+00 5.36156033e-02 6.15197759e-02]
 [5.74306628e-02 0.00000000e+00 0.00000000e+00 1.10283401e-01
  0.00000000e+00 1.06045379e-01 3.48413918e-02 0.00000000e+00
  1.97917566e-01 0.00000000e+00 1.16940000e-01 4.76381937e-02
  0.00000000e+00 2.36463961e-02 3.04031222e-02]
 [3.62521509e-02 3.05941841e-02 0.00000000e+00 2.43042019e-02
  6.72410957e-02 6.17448991e-02 7.21763693e-02 2.04122596e-01
  1.11172845e-01 0.00000000e+00 0.00000000e+00 3.36039579e-02
  6.27426682e-02 6.11723394e-03 4.13114186e-02]
 [2.28265778e-02 0.00000000e+00 0.00000000e+00 9.96120691e-02
  0.00000000e+00 1.23819311e-01 1.83464334e-02 6.58525769e-02
  1.83167784e-01 0.00000000e+00 1.24193066e-01 7.33866499e-03
  0.00000000e+00 3.36066436e-02 0.00000000e+00]
 [1.30508703e-02 0.00000000e+00 6.76147060e-02 1.35179047e-02
  0.00000000e+00 0.00000000e+00 0.00000000e+00 2.59572027e-01
  0.00000000e+00 0.00000000e+00 0.00000000e+00 0.00000000e+00
  5.17730818e-02 8.21404628e-05 4.29618032e-02]
 [0.00000000e+00 0.00000000e+00 1.77331135e-02 4.54633009e-02
  0.00000000e+00 0.00000000e+00 5.59281330e-02 2.92533116e-01
  0.00000000e+00 0.00000000e+00 0.00000000e+00 0.00000000e+00
  5.28548739e-02 2.52339520e-02 5.68580329e-02]
 [0.00000000e+00 0.00000000e+00 2.06734423e-01 1.42210569e-01
  2.37536966e-02 0.00000000e+00 2.98641758e-02 5.78578034e-01
  0.00000000e+00 0.00000000e+00 0.00000000e+00 0.00000000e+00
  3.19615882e-02 8.10781530e-03 1.30152946e-01]
 [0.00000000e+00 0.00000000e+00 1.59050000e-01 3.19150866e-02
  0.00000000e+00 0.00000000e+00 0.00000000e+00 7.18735363e-01
  6.93428937e-02 2.55381129e-02 0.00000000e+00 0.00000000e+00
  4.23784935e-02 3.83554002e-03 2.31507550e-01]
 [4.38940704e-01 5.30938718e-01 2.03110419e-01 1.43990422e-01
  5.62373437e-01 6.29970097e-01 4.24873005e-01 2.39416215e-01
  4.17675325e-01 2.04097760e-01 4.47229498e-01 4.50822737e-01
  3.83314188e-01 1.12801062e-01 8.69780132e-02]]

2
----------------------------------------------------------------------------------
[[6.27317328e-02 1.65047562e-01 2.44011981e-01 0.00000000e+00
  0.00000000e+00 5.52815162e-02 0.00000000e+00 1.24061994e-01
  0.00000000e+00 1.34635115e-01 2.24978249e-01 0.00000000e+00
  0.00000000e+00 4.02786904e-02 0.00000000e+00]
 [7.17826921e-02 1.97236358e-01 1.08551285e-01 0.00000000e+00
  5.57156996e-03 1.12313610e-02 0.00000000e+00 1.32080020e-01
  0.00000000e+00 0.00000000e+00 8.55119281e-02 0.00000000e+00
  0.00000000e+00 0.00000000e+00 0.00000000e+00]
 [1.19041601e-01 2.42999435e-01 1.08901977e-01 0.00000000e+00
  0.00000000e+00 0.00000000e+00 0.00000000e+00 1.56114542e-01
  0.00000000e+00 3.26024659e-03 1.47166831e-02 0.00000000e+00
  0.00000000e+00 0.00000000e+00 0.00000000e+00]
 [5.85090399e-02 1.25061574e-01 3.42857358e-01 2.43175570e-04
  0.00000000e+00 2.64356485e-02 0.00000000e+00 6.53170944e-02
  0.00000000e+00 6.57849845e-02 1.02019909e-01 0.00000000e+00
  5.43414805e-02 4.17838928e-02 0.00000000e+00]
 [4.63504805e-02 5.11463106e-02 1.86970573e-01 0.00000000e+00
  0.00000000e+00 0.00000000e+00 0.00000000e+00 0.00000000e+00
  0.00000000e+00 3.69047488e-02 0.00000000e+00 0.00000000e+00
  0.00000000e+00 1.13376350e-01 5.75202973e-02]
 [9.38148189e-02 2.09463731e-01 1.79970114e-01 0.00000000e+00
  0.00000000e+00 0.00000000e+00 0.00000000e+00 8.27264395e-02
  0.00000000e+00 1.11025514e-01 7.48567254e-03 0.00000000e+00
  0.00000000e+00 0.00000000e+00 6.09233240e-02]
 [6.03547976e-02 1.30761685e-01 1.83864466e-01 0.00000000e+00
  0.00000000e+00 0.00000000e+00 0.00000000e+00 2.82221055e-02
  0.00000000e+00 3.07973041e-02 0.00000000e+00 0.00000000e+00
  1.18077779e-02 1.28243694e-02 2.86214192e-02]
 [0.00000000e+00 2.14316654e-01 2.40963531e-01 0.00000000e+00
  0.00000000e+00 1.09763679e-01 0.00000000e+00 0.00000000e+00
  2.08521830e-02 3.69110822e-02 3.16888242e-02 0.00000000e+00
  1.46136671e-01 1.33537406e-01 5.26470600e-02]
 [0.00000000e+00 3.20801055e-01 1.48230175e-01 0.00000000e+00
  4.92082448e-02 1.46066481e-02 0.00000000e+00 6.02367819e-02
  0.00000000e+00 4.03283179e-02 1.25509618e-01 0.00000000e+00
  1.04724930e-01 7.10341068e-03 0.00000000e+00]
 [1.89090572e-01 3.78941753e-01 2.13092992e-01 2.37797842e-02
  0.00000000e+00 0.00000000e+00 0.00000000e+00 1.41973259e-02
  8.10653212e-02 1.56326668e-01 0.00000000e+00 5.34745571e-03
  0.00000000e+00 0.00000000e+00 1.39145699e-01]
 [1.27782630e-01 3.69224851e-01 0.00000000e+00 0.00000000e+00
  2.77902916e-02 0.00000000e+00 0.00000000e+00 1.98993771e-01
  2.40859665e-02 0.00000000e+00 1.29536510e-01 3.44489446e-02
  0.00000000e+00 0.00000000e+00 0.00000000e+00]
 [6.92683915e-02 4.93348979e-01 2.27778988e-01 0.00000000e+00
  6.68390787e-02 3.78574205e-02 0.00000000e+00 1.94976504e-02
  0.00000000e+00 3.71508707e-02 1.09777798e-01 0.00000000e+00
  3.55183389e-02 5.48624829e-02 0.00000000e+00]
 [1.69716464e-01 4.73844613e-01 0.00000000e+00 0.00000000e+00
  0.00000000e+00 0.00000000e+00 0.00000000e+00 1.49184496e-01
  4.26351565e-02 0.00000000e+00 1.19237016e-01 0.00000000e+00
  0.00000000e+00 0.00000000e+00 0.00000000e+00]
 [7.28966072e-01 1.79758775e+00 7.84253367e-01 3.37800574e-01
  4.29268273e-01 2.84586351e-01 4.22799386e-01 0.00000000e+00
  0.00000000e+00 8.93292217e-02 0.00000000e+00 0.00000000e+00
  1.67569677e-02 1.87078549e-01 2.37292623e-01]
 [5.65164697e-01 1.54002506e+00 7.76763766e-01 3.27830122e-01
  2.42550472e-01 0.00000000e+00 2.93423408e-01 0.00000000e+00
  0.00000000e+00 2.39754182e-02 0.00000000e+00 0.00000000e+00
  7.54511846e-02 1.52096576e-01 2.08481301e-01]
 [1.18703042e+00 2.06409810e+00 6.20672582e-01 3.87009257e-01
  4.78164272e-01 0.00000000e+00 2.30674798e-02 0.00000000e+00
  5.67268893e-02 1.74573705e-01 0.00000000e+00 0.00000000e+00
  1.32620078e-01 1.88346850e-01 2.48904233e-01]
 [3.52333849e-01 1.51352197e+00 1.39602263e+00 2.03958661e-01
  3.63735386e-01 4.39193694e-01 5.01856037e-01 0.00000000e+00
  0.00000000e+00 0.00000000e+00 0.00000000e+00 0.00000000e+00
  7.39162435e-02 3.64896342e-01 3.78735267e-01]
 [1.91209633e-01 2.58538776e-01 2.59403788e-01 1.93474646e-01
  4.12881863e-01 5.00484065e-01 4.56914286e-01 6.29501620e-01
  5.78434339e-01 2.58988065e-01 3.24674664e-01 6.08767424e-01
  3.13992499e-01 2.30226892e-01 3.01277703e-01]]

3
----------------------------------------------------------------------------------
[[6.95972164e-02 5.11353068e-02 0.00000000e+00 0.00000000e+00
  7.75839981e-02 0.00000000e+00 1.99145146e-01 0.00000000e+00
  0.00000000e+00 0.00000000e+00 0.00000000e+00 0.00000000e+00
  0.00000000e+00 4.61253161e-02 1.45855466e-01]
 [1.29476861e-01 0.00000000e+00 0.00000000e+00 0.00000000e+00
  5.26752926e-02 0.00000000e+00 1.59310383e-01 0.00000000e+00
  0.00000000e+00 0.00000000e+00 5.05735429e-02 0.00000000e+00
  0.00000000e+00 1.00186514e-01 5.43213633e-02]
 [1.31838666e-01 0.00000000e+00 0.00000000e+00 0.00000000e+00
  1.33304006e-01 4.46963307e-02 1.38973500e-01 4.16256458e-02
  2.11529073e-02 0.00000000e+00 5.22683197e-02 0.00000000e+00
  0.00000000e+00 1.22790450e-01 1.25970509e-01]
 [3.97858690e-02 7.54625787e-02 0.00000000e+00 0.00000000e+00
  6.48733808e-02 0.00000000e+00 2.33834643e-01 0.00000000e+00
  0.00000000e+00 0.00000000e+00 8.54758941e-02 1.39824558e-02
  0.00000000e+00 0.00000000e+00 1.35172562e-01]
 [4.77573419e-02 9.86699653e-02 0.00000000e+00 0.00000000e+00
  8.56415724e-02 0.00000000e+00 1.04365630e-01 0.00000000e+00
  0.00000000e+00 5.38288844e-02 3.09234809e-02 0.00000000e+00
  0.00000000e+00 0.00000000e+00 1.70803740e-01]
 [5.05925780e-03 4.31622339e-02 0.00000000e+00 0.00000000e+00
  1.19748309e-01 7.60948533e-02 1.38086130e-01 8.73121070e-02
  2.62992220e-02 1.11506553e-01 1.59572478e-01 0.00000000e+00
  0.00000000e+00 7.73442456e-02 1.86595673e-01]
 [0.00000000e+00 4.62951257e-02 0.00000000e+00 0.00000000e+00
  6.30433893e-02 1.27886178e-02 4.70222335e-02 8.81390234e-03
  2.62652497e-02 6.95999934e-02 4.12136530e-02 0.00000000e+00
  0.00000000e+00 0.00000000e+00 1.35672233e-01]
 [0.00000000e+00 2.42205181e-01 0.00000000e+00 0.00000000e+00
  0.00000000e+00 9.50434484e-02 1.34348936e-01 0.00000000e+00
  8.35810640e-02 1.14543746e-01 0.00000000e+00 4.94760971e-03
  3.91448098e-03 1.17115029e-01 1.58159629e-01]
 [0.00000000e+00 2.84499481e-02 0.00000000e+00 0.00000000e+00
  0.00000000e+00 0.00000000e+00 1.05240306e-01 0.00000000e+00
  0.00000000e+00 0.00000000e+00 2.47071791e-03 9.24223782e-03
  0.00000000e+00 6.80312892e-02 3.50961381e-02]
 [1.63811458e-01 0.00000000e+00 0.00000000e+00 1.03774525e-01
  1.57011537e-02 1.88756492e-01 3.08949845e-01 1.80953111e-01
  1.91507252e-01 3.36160052e-01 1.76370428e-01 4.81095458e-02
  0.00000000e+00 3.95749303e-02 5.71075404e-02]
 [0.00000000e+00 1.71575944e-02 0.00000000e+00 0.00000000e+00
  1.00044151e-02 0.00000000e+00 0.00000000e+00 2.04956941e-02
  0.00000000e+00 0.00000000e+00 2.09538428e-01 1.81924044e-02
  0.00000000e+00 1.70301900e-01 3.78087866e-02]
 [0.00000000e+00 1.21199729e-02 0.00000000e+00 0.00000000e+00
  0.00000000e+00 2.69064624e-02 8.56843775e-02 0.00000000e+00
  1.71551401e-04 1.61249335e-02 2.02879160e-02 9.73159323e-03
  0.00000000e+00 4.22138533e-02 1.00445020e-01]
 [4.73926969e-02 8.15886028e-03 0.00000000e+00 0.00000000e+00
  0.00000000e+00 0.00000000e+00 1.01021008e-01 7.49389936e-02
  0.00000000e+00 9.16653990e-02 1.96218038e-01 3.86760247e-02
  0.00000000e+00 1.56425776e-01 9.03011139e-02]
 [1.50400957e-01 2.11137599e-01 2.39236036e-01 1.23498267e-01
  0.00000000e+00 4.10043127e-01 3.28586302e-01 2.16524582e-01
  1.86214760e-01 3.58615952e-01 3.31083789e-01 2.14056527e-01
  3.93033918e-03 0.00000000e+00 5.09317279e-02]
 [1.25961832e-03 1.24795136e-01 1.24245198e-01 1.41941616e-01
  0.00000000e+00 4.87255606e-01 2.31324181e-01 1.60529878e-01
  1.52964868e-01 3.78739621e-01 1.65404433e-01 9.29178718e-02
  0.00000000e+00 0.00000000e+00 1.00730431e-01]
 [0.00000000e+00 3.65867457e-01 3.06531298e-02 0.00000000e+00
  0.00000000e+00 4.80561280e-01 4.02478280e-01 2.99222864e-01
  1.24865408e-01 5.82391567e-01 2.55490434e-01 0.00000000e+00
  0.00000000e+00 0.00000000e+00 2.83799638e-01]
 [3.48098338e-01 2.90476997e-01 3.73563675e-01 2.43523950e-01
  1.17074636e-01 5.25790358e-01 4.11428036e-01 2.47647333e-02
  2.27988287e-01 5.48072429e-01 2.03427152e-01 3.72302523e-01
  8.33305246e-03 0.00000000e+00 1.55111566e-01]
 [2.87002312e-01 2.59334506e-01 2.59601990e-01 4.49994110e-01
  4.71608178e-01 2.11123999e-01 8.07572991e-02 2.61488628e-01
  1.77811131e-01 2.48984336e-01 4.16596934e-01 2.64641464e-01
  6.27749841e-01 1.82448453e-01 2.27773732e-01]]

4
----------------------------------------------------------------------------------
[[2.63514070e-01 0.00000000e+00 8.36289943e-02 0.00000000e+00
  1.42301823e-01 0.00000000e+00 1.99265370e-02 1.28436354e-01
  1.97280924e-01 8.97196301e-02 0.00000000e+00 0.00000000e+00
  1.00249970e-01 1.18209712e-01 0.00000000e+00]
 [2.85699326e-01 0.00000000e+00 0.00000000e+00 0.00000000e+00
  1.43294547e-01 0.00000000e+00 3.15708961e-02 1.26539555e-01
  5.71235312e-02 4.63677020e-02 8.91859011e-02 0.00000000e+00
  0.00000000e+00 5.31573477e-04 5.86540395e-02]
 [1.65684522e-01 0.00000000e+00 0.00000000e+00 9.67032491e-03
  2.62515356e-01 9.36409228e-02 9.11638931e-02 1.10584245e-01
  0.00000000e+00 7.91444703e-02 9.36877604e-02 0.00000000e+00
  0.00000000e+00 0.00000000e+00 6.30036312e-02]
 [9.39379492e-02 0.00000000e+00 1.08813052e-01 0.00000000e+00
  6.53337125e-02 0.00000000e+00 0.00000000e+00 2.77109254e-02
  1.12643363e-01 6.78583632e-02 0.00000000e+00 0.00000000e+00
  1.11273588e-01 1.16384857e-01 3.30551065e-03]
 [6.99441417e-02 0.00000000e+00 1.92187860e-03 0.00000000e+00
  1.06830884e-01 0.00000000e+00 3.63693833e-02 5.65660639e-02
  2.42788228e-03 1.17477088e-02 0.00000000e+00 0.00000000e+00
  0.00000000e+00 0.00000000e+00 5.31446503e-03]
 [3.96200362e-02 3.51262391e-04 0.00000000e+00 0.00000000e+00
  1.64547509e-01 3.24580048e-02 1.29683266e-01 1.13858393e-01
  0.00000000e+00 1.00375382e-01 8.05824515e-02 0.00000000e+00
  0.00000000e+00 0.00000000e+00 4.56303532e-02]
 [5.90999674e-02 0.00000000e+00 0.00000000e+00 0.00000000e+00
  1.01015373e-01 0.00000000e+00 3.43400815e-02 7.71498252e-02
  0.00000000e+00 9.52090221e-03 4.40108292e-03 0.00000000e+00
  0.00000000e+00 2.24015137e-02 0.00000000e+00]
 [1.90901233e-01 3.46022139e-01 5.56265682e-01 0.00000000e+00
  8.53262739e-02 0.00000000e+00 3.28165605e-02 7.31813389e-02
  2.91229821e-02 1.53397193e-01 3.11126153e-01 3.16163491e-01
  4.25457109e-01 1.04636302e-01 7.92430428e-02]
 [7.56803250e-02 2.87193306e-01 4.00195183e-01 0.00000000e+00
  0.00000000e+00 0.00000000e+00 0.00000000e+00 8.81770362e-02
  3.88461699e-02 8.07625935e-02 2.95082508e-01 2.98490531e-01
  3.85531949e-01 0.00000000e+00 1.73586712e-01]
 [0.00000000e+00 6.64896000e-01 3.94438344e-01 1.41382976e-01
  0.00000000e+00 0.00000000e+00 1.20811348e-01 8.29795020e-02
  2.46857212e-02 2.00122014e-02 0.00000000e+00 1.61473761e-01
  3.10185339e-03 2.80774039e-02 1.98447854e-01]
 [0.00000000e+00 5.16815050e-01 1.27460725e-01 6.24171962e-02
  1.39647616e-01 5.73739946e-03 6.04392960e-02 1.41951836e-01
  0.00000000e+00 3.13379775e-02 0.00000000e+00 2.45549516e-01
  1.45005259e-01 0.00000000e+00 2.92454021e-01]
 [1.84532009e-01 5.80084075e-01 5.96174463e-01 0.00000000e+00
  0.00000000e+00 0.00000000e+00 0.00000000e+00 9.21008052e-02
  1.84478188e-02 2.02493191e-01 3.60283803e-01 5.56939914e-01
  6.52000425e-01 5.81924927e-02 3.05702832e-01]
 [1.11579911e-01 9.95762954e-01 4.03060451e-01 0.00000000e+00
  1.45329069e-01 0.00000000e+00 5.05059254e-02 1.57964403e-01
  6.99241146e-02 6.05769206e-04 0.00000000e+00 3.53375689e-01
  2.42370969e-01 7.17404331e-02 5.78893500e-01]
 [0.00000000e+00 6.93082407e-01 6.29451294e-01 4.00970675e-01
  0.00000000e+00 5.49717045e-02 7.78481064e-02 3.98596429e-02
  7.83273513e-02 1.45564113e-01 5.41273129e-01 9.67270890e-01
  6.71820912e-01 2.16210759e-01 4.78282170e-01]
 [0.00000000e+00 3.89257105e-01 2.59448473e-01 0.00000000e+00
  0.00000000e+00 0.00000000e+00 4.48984332e-02 3.03678129e-02
  4.61127048e-02 0.00000000e+00 1.94248805e-01 4.00419455e-01
  3.16061886e-01 1.02897384e-01 3.37049809e-01]
 [0.00000000e+00 5.32249519e-01 5.23445436e-01 0.00000000e+00
  0.00000000e+00 0.00000000e+00 0.00000000e+00 4.25056208e-02
  0.00000000e+00 4.68639299e-02 9.12716983e-02 9.53100649e-02
  1.84100641e-01 3.04513138e-01 3.95747566e-01]
 [0.00000000e+00 1.99554876e-01 4.05676349e-01 2.95069581e-01
  0.00000000e+00 0.00000000e+00 6.05997816e-02 0.00000000e+00
  0.00000000e+00 1.24570641e-01 3.73631577e-01 7.81965580e-01
  4.00227687e-01 2.69563084e-01 1.26655330e-01]
 [3.63534603e-01 3.08712250e-01 3.53060550e-01 6.89030603e-01
  3.10229894e-01 2.26083420e-01 4.37083807e-01 2.13537331e-01
  2.60231691e-01 1.37904022e-01 3.49338757e-01 4.34671443e-01
  3.61945199e-01 4.67519437e-01 2.13981334e-01]]

5
----------------------------------------------------------------------------------
[[3.65742506e-02 1.19401484e-01 1.21882598e-01 2.51970984e-01
  8.43016989e-02 0.00000000e+00 5.32853617e-02 0.00000000e+00
  8.80135552e-02 0.00000000e+00 5.40584308e-02 0.00000000e+00
  3.16204420e-02 1.21770090e-01 7.30249570e-02]
 [2.94426321e-02 1.93168931e-01 1.41629946e-01 1.82981623e-01
  6.78608368e-02 0.00000000e+00 5.17381069e-02 0.00000000e+00
  1.34457532e-01 0.00000000e+00 4.29871770e-02 0.00000000e+00
  8.94237967e-02 1.23969321e-01 5.14812791e-02]
 [8.84571380e-02 1.65396839e-01 1.22104302e-01 1.76079227e-01
  1.67781039e-01 8.24510014e-02 1.04664872e-01 0.00000000e+00
  8.73969607e-02 0.00000000e+00 1.09934073e-01 0.00000000e+00
  1.18786986e-01 9.51144041e-02 1.18286350e-01]
 [9.28966190e-02 9.84943098e-02 1.46951765e-01 2.46376348e-01
  7.59086162e-02 0.00000000e+00 6.28867089e-02 0.00000000e+00
  1.26742650e-01 0.00000000e+00 1.44573543e-02 0.00000000e+00
  0.00000000e+00 1.21191271e-01 1.20070220e-01]
 [1.10297123e-01 1.02811212e-01 9.10776563e-02 9.15023912e-02
  6.95875519e-02 0.00000000e+00 6.71149500e-02 0.00000000e+00
  5.18715911e-03 0.00000000e+00 5.99506605e-02 0.00000000e+00
  0.00000000e+00 9.43114057e-02 1.87908490e-01]
 [3.50159724e-02 2.81958313e-02 1.37004859e-01 1.99629570e-01
  3.40315396e-01 1.29746801e-01 1.60188229e-01 0.00000000e+00
  1.54845592e-01 0.00000000e+00 1.39961146e-01 6.51297338e-03
  0.00000000e+00 8.49810730e-02 2.04936400e-01]
 [4.09769257e-02 4.65213035e-02 9.57280366e-02 4.59094655e-02
  1.29015812e-01 0.00000000e+00 1.23829844e-01 0.00000000e+00
  7.00084182e-02 1.79125400e-02 5.67137298e-02 0.00000000e+00
  2.86506327e-02 2.41306952e-02 1.90097091e-01]
 [9.83415505e-02 5.57938887e-02 1.17863573e-01 1.01007874e-01
  6.10115820e-02 5.32095592e-03 2.35942299e-01 0.00000000e+00
  6.26033677e-02 0.00000000e+00 0.00000000e+00 0.00000000e+00
  2.29077918e-02 2.60122959e-01 2.11970300e-01]
 [4.56273197e-02 1.48858253e-01 6.12889154e-02 2.05178869e-01
  6.13603148e-02 0.00000000e+00 5.08080162e-02 0.00000000e+00
  0.00000000e+00 0.00000000e+00 0.00000000e+00 0.00000000e+00
  0.00000000e+00 1.31931726e-02 0.00000000e+00]
 [1.33180872e-01 3.83654862e-02 1.17297655e-01 2.90781078e-01
  2.76815434e-01 1.61249748e-01 3.05658899e-01 8.73701648e-02
  2.17385866e-01 2.17555322e-02 2.19944746e-01 1.39665933e-01
  0.00000000e+00 1.40133100e-01 1.85986517e-01]
 [3.87652080e-02 1.82977402e-01 1.24374631e-01 4.30440278e-02
  8.72687247e-02 4.71945733e-03 0.00000000e+00 9.36538597e-02
  4.16228495e-02 0.00000000e+00 0.00000000e+00 2.73469149e-02
  1.22021067e-01 7.41932825e-03 6.40155008e-02]
 [5.15522564e-02 1.15642860e-01 4.53420566e-02 1.50524097e-01
  6.11756371e-02 0.00000000e+00 5.66514108e-02 0.00000000e+00
  1.72330798e-02 0.00000000e+00 4.37470488e-03 0.00000000e+00
  2.41672104e-02 3.47140041e-02 5.68616719e-02]
 [1.05724063e-02 1.12340929e-01 1.43443831e-01 5.45173390e-02
  8.40678383e-02 4.25104021e-03 1.06132353e-02 1.17277572e-01
  5.87825214e-02 0.00000000e+00 0.00000000e+00 4.78191473e-04
  1.33118992e-01 7.12415446e-02 4.78675946e-02]
 [1.41947999e-01 0.00000000e+00 0.00000000e+00 0.00000000e+00
  8.56386282e-02 9.45074283e-03 9.06039818e-02 6.82877500e-03
  2.28627541e-01 1.16184368e-01 1.01364950e-02 1.10202435e-02
  0.00000000e+00 2.20354442e-01 9.59455536e-02]
 [7.74513269e-02 0.00000000e+00 8.78282650e-03 1.30892573e-01
  7.10879181e-02 2.20322541e-02 9.05944834e-02 0.00000000e+00
  1.22906529e-01 7.56486117e-02 2.86057822e-02 0.00000000e+00
  0.00000000e+00 1.49264958e-01 1.95671003e-01]
 [2.35785809e-01 0.00000000e+00 3.91185191e-02 3.49628672e-01
  2.61387679e-01 1.33346245e-01 3.24078692e-01 0.00000000e+00
  5.99025515e-01 2.27062513e-01 1.07399723e-01 0.00000000e+00
  2.83449445e-02 2.00183091e-01 4.62937576e-01]
 [1.33069731e-01 0.00000000e+00 0.00000000e+00 3.60403285e-01
  3.63243092e-01 8.52693763e-02 7.44302658e-02 0.00000000e+00
  5.63856460e-01 1.67343702e-01 6.17227854e-02 0.00000000e+00
  0.00000000e+00 3.12357854e-01 4.08272031e-01]
 [1.03234814e-01 3.68816651e-01 1.26627263e-01 2.14553539e-01
  8.42329736e-02 1.55586778e-01 1.03943137e-01 7.49343239e-01
  1.23207690e-01 3.32030883e-01 2.27578427e-01 2.29065494e-01
  3.12187293e-01 7.01557056e-02 1.27625530e-01]]

6
----------------------------------------------------------------------------------
[[0.         0.14201106 0.18178111 0.         0.24624655 0.
  0.08806656 0.21919787 0.         0.18244858 0.         0.
  0.03167771 0.08436342 0.        ]
 [0.         0.18494545 0.24239851 0.         0.14386409 0.
  0.0851313  0.07448599 0.         0.07742721 0.         0.
  0.         0.10963267 0.        ]
 [0.         0.17577403 0.1684854  0.02880776 0.0834916  0.
  0.06709509 0.13099701 0.         0.00428585 0.         0.
  0.         0.08291067 0.        ]
 [0.         0.16668177 0.23447225 0.         0.20657613 0.
  0.12564916 0.24876494 0.         0.1401382  0.         0.
  0.         0.07072001 0.        ]
 [0.         0.16082033 0.22640852 0.         0.08110903 0.
  0.05077095 0.17210119 0.         0.         0.         0.
  0.         0.11057308 0.        ]
 [0.         0.13979629 0.11086565 0.04138965 0.03181313 0.
  0.02850323 0.15781737 0.         0.         0.         0.
  0.         0.04047921 0.        ]
 [0.         0.15728914 0.16954321 0.03031893 0.02253687 0.
  0.00387216 0.13284099 0.         0.         0.         0.
  0.         0.0433606  0.        ]
 [0.         0.23754774 0.24744224 0.01804041 0.28855182 0.
  0.07179469 0.47303905 0.         0.21110879 0.         0.0432705
  0.00266297 0.23476969 0.        ]
 [0.         0.12689704 0.10072146 0.         0.15131734 0.
  0.05264188 0.14370017 0.         0.21249502 0.         0.01787513
  0.         0.152303   0.02717417]
 [0.         0.30334178 0.02338876 0.18224988 0.         0.
  0.         0.1586813  0.         0.         0.         0.
  0.         0.149757   0.01257059]
 [0.         0.0961043  0.03195622 0.         0.04464591 0.
  0.         0.02031155 0.         0.12495677 0.         0.
  0.         0.         0.        ]
 [0.         0.13697835 0.15017506 0.         0.13614561 0.
  0.05609173 0.17673617 0.         0.20426064 0.         0.00575683
  0.         0.1803722  0.00527421]
 [0.         0.11407266 0.         0.04977983 0.03540426 0.
  0.         0.03882149 0.         0.08100279 0.         0.
  0.         0.         0.        ]
 [0.         0.14753742 0.04580936 0.06779177 0.         0.
  0.         0.14943827 0.         0.         0.         0.
  0.         0.0668943  0.01246354]
 [0.         0.17064416 0.03918405 0.08177184 0.         0.00483854
  0.         0.1473312  0.         0.02058431 0.         0.
  0.         0.06967049 0.08768552]
 [0.07022904 0.22171757 0.2130383  0.10918252 0.         0.
  0.02515868 0.44926604 0.         0.         0.         0.
  0.         0.1836252  0.22251866]
 [0.18247161 0.27357505 0.2904264  0.26578021 0.04348857 0.
  0.01806661 0.53662083 0.         0.         0.         0.03558351
  0.         0.20171351 0.00636103]
 [0.49539633 0.10126844 0.19587246 0.16897673 0.20991005 0.35905001
  0.12183527 0.24616132 0.458044   0.25783509 0.48420889 0.23813757
  0.47780676 0.1219093  0.4182137 ]]

7
----------------------------------------------------------------------------------
[[4.61954876e-02 6.35437406e-02 5.14426185e-02 0.00000000e+00
  7.90152166e-02 1.15842308e-01 7.42396184e-02 3.18421356e-02
  5.45854553e-02 0.00000000e+00]
 [5.32311639e-02 7.62841546e-02 7.36101710e-02 0.00000000e+00
  4.60783350e-02 9.38215386e-02 0.00000000e+00 0.00000000e+00
  7.45381928e-02 0.00000000e+00]
 [3.43013264e-02 5.31913453e-02 9.15839575e-02 0.00000000e+00
  8.51172398e-02 1.18834120e-01 0.00000000e+00 0.00000000e+00
  1.31592820e-01 3.26324376e-01]
 [1.05159490e-01 3.38166238e-02 5.60366867e-02 0.00000000e+00
  6.89332013e-02 1.34935406e-01 3.59865849e-02 0.00000000e+00
  1.89322969e-01 7.39357938e-02]
 [8.92597247e-02 2.64456717e-02 0.00000000e+00 5.07533098e-03
  5.41760262e-02 1.47957690e-02 3.70594910e-02 0.00000000e+00
  1.30205889e-01 0.00000000e+00]
 [6.99222097e-02 6.87620858e-02 3.72543143e-02 2.20989708e-02
  1.09437077e-01 6.97477025e-02 0.00000000e+00 0.00000000e+00
  6.51094989e-02 5.58603761e-01]
 [5.85053886e-02 1.42668473e-02 0.00000000e+00 0.00000000e+00
  1.37058158e-01 1.37233773e-02 2.41671314e-02 0.00000000e+00
  1.58655575e-01 1.12562830e-01]
 [5.41069993e-02 8.78753171e-02 0.00000000e+00 0.00000000e+00
  1.16027600e-01 2.12620802e-01 0.00000000e+00 1.14102371e-01
  7.64193387e-02 1.91305502e-01]
 [6.46378393e-02 4.27029125e-02 1.10434210e-02 0.00000000e+00
  4.32999749e-02 1.43443462e-01 0.00000000e+00 0.00000000e+00
  1.12882336e-02 0.00000000e+00]
 [1.11221594e-01 1.61038944e-01 2.09991644e-01 3.66992377e-02
  1.70210923e-01 1.54267467e-01 0.00000000e+00 0.00000000e+00
  2.66484207e-01 9.45133129e-01]
 [4.71207282e-03 1.54736974e-01 2.15798622e-01 9.91562901e-03
  9.35533367e-02 2.01179330e-01 0.00000000e+00 0.00000000e+00
  1.57013304e-01 4.17578494e-01]
 [8.25043952e-02 2.40439687e-02 0.00000000e+00 6.60505367e-03
  7.64865748e-02 1.25629414e-01 0.00000000e+00 0.00000000e+00
  5.92951341e-02 0.00000000e+00]
 [4.26437375e-02 1.25586683e-01 1.83817929e-01 4.12858336e-02
  9.22154741e-02 1.89994439e-01 0.00000000e+00 0.00000000e+00
  1.48975352e-01 3.84165650e-01]
 [6.21581854e-02 1.03742340e-01 7.25246507e-03 1.18239186e-01
  2.45470456e-02 1.26993078e-04 0.00000000e+00 0.00000000e+00
  3.24595691e-01 1.07136694e-01]
 [3.20521554e-02 4.50872450e-02 0.00000000e+00 9.72574248e-02
  4.19548292e-02 0.00000000e+00 1.88038104e-02 1.05619641e-02
  2.77025545e-01 1.42660035e-01]
 [4.78998880e-02 4.93048631e-02 0.00000000e+00 2.49423631e-01
  5.82435619e-02 0.00000000e+00 0.00000000e+00 0.00000000e+00
  4.40172357e-01 6.68336387e-01]
 [8.62305053e-02 1.67182390e-01 0.00000000e+00 2.07759678e-01
  4.51092680e-02 0.00000000e+00 7.31570773e-02 0.00000000e+00
  6.44057769e-01 2.81897511e-01]
 [6.03685730e-02 2.00614958e-01 4.79698554e-01 3.26290489e-01
  6.51830126e-02 2.50966073e-01 3.42527497e-01 3.18865574e-01
  2.15770669e-01 3.64672694e-01]]