

1
----------------------------------------------------------------------------------
[[1.51335755e-01 0.00000000e+00 0.00000000e+00 2.51302363e-01
  1.00645381e-01 1.43151765e-01 5.43403893e-02 0.00000000e+00
  0.00000000e+00 2.13646221e-02 2.03950986e-01 8.08999120e-02
  0.00000000e+00 7.34488116e-02 0.00000000e+00]
 [2.43332170e-02 9.11713024e-03 0.00000000e+00 7.53979361e-02
  1.19160643e-01 8.17320611e-02 5.29469501e-02 0.00000000e+00
  0.00000000e+00 5.30590883e-02 7.34808920e-02 0.00000000e+00
  4.15620291e-02 1.64410616e-01 5.02920880e-02]
 [0.00000000e+00 0.00000000e+00 0.00000000e+00 9.32146117e-02
  1.92425045e-02 8.32576558e-02 7.23060128e-02 0.00000000e+00
  3.73824592e-02 0.00000000e+00 9.31714845e-02 0.00000000e+00
  3.83434705e-02 1.26902618e-01 5.99959527e-02]
 [1.02620503e-01 0.00000000e+00 0.00000000e+00 1.47797811e-01
  8.84054046e-02 2.91637480e-02 1.19158964e-01 2.35685516e-02
  0.00000000e+00 9.73906958e-02 5.16246100e-02 1.03512124e-01
  0.00000000e+00 5.28093747e-02 0.00000000e+00]
 [9.97557148e-02 0.00000000e+00 0.00000000e+00 1.75483006e-01
  7.84312312e-02 3.57905068e-03 4.14865539e-02 0.00000000e+00
  2.27456574e-03 1.01102874e-01 8.89861684e-02 0.00000000e+00
  0.00000000e+00 0.00000000e+00 0.00000000e+00]
 [0.00000000e+00 1.48692017e-02 0.00000000e+00 8.31274553e-02
  2.23855895e-02 7.72346802e-02 0.00000000e+00 0.00000000e+00
  0.00000000e+00 0.00000000e+00 6.35126832e-02 0.00000000e+00
  1.20265518e-01 4.83433290e-02 8.02876807e-02]
 [4.50303085e-02 0.00000000e+00 0.00000000e+00 1.37212039e-01
  0.00000000e+00 5.44262541e-02 5.69059002e-02 0.00000000e+00
  2.85180618e-04 1.11668971e-01 5.47141045e-02 0.00000000e+00
  7.21809313e-02 0.00000000e+00 0.00000000e+00]
 [4.85835633e-01 0.00000000e+00 0.00000000e+00 4.32383667e-01
  2.74130270e-01 6.86082718e-02 0.00000000e+00 1.21686684e-01
  0.00000000e+00 2.42771642e-02 1.15975389e-01 4.46440890e-02
  6.26113704e-02 0.00000000e+00 2.04797788e-02]
 [3.68288111e-01 0.00000000e+00 2.37729006e-02 3.72538288e-01
  8.65831627e-02 2.72687785e-02 0.00000000e+00 0.00000000e+00
  0.00000000e+00 0.00000000e+00 6.77620139e-02 0.00000000e+00
  0.00000000e+00 0.00000000e+00 0.00000000e+00]
 [3.15896704e-01 0.00000000e+00 0.00000000e+00 1.72931896e-01
  1.32043104e-01 7.49991371e-02 2.06232819e-01 9.91941898e-02
  0.00000000e+00 5.39922050e-02 0.00000000e+00 0.00000000e+00
  7.38557643e-02 1.59657896e-01 6.04831647e-02]
 [2.96614040e-01 0.00000000e+00 0.00000000e+00 7.87239996e-02
  0.00000000e+00 0.00000000e+00 0.00000000e+00 0.00000000e+00
  0.00000000e+00 0.00000000e+00 2.09837622e-05 0.00000000e+00
  1.28595561e-02 0.00000000e+00 1.46559950e-02]
 [2.89495499e-01 0.00000000e+00 5.29347700e-02 2.69423636e-01
  5.56113737e-02 3.83415371e-02 0.00000000e+00 3.47578534e-02
  0.00000000e+00 1.12922649e-01 5.36108924e-02 0.00000000e+00
  0.00000000e+00 0.00000000e+00 0.00000000e+00]
 [6.21566728e-02 0.00000000e+00 0.00000000e+00 6.39539331e-02
  0.00000000e+00 0.00000000e+00 0.00000000e+00 0.00000000e+00
  0.00000000e+00 0.00000000e+00 0.00000000e+00 0.00000000e+00
  4.55346923e-02 0.00000000e+00 0.00000000e+00]
 [3.54642787e-02 0.00000000e+00 6.80942647e-02 7.67994298e-02
  0.00000000e+00 0.00000000e+00 0.00000000e+00 7.13976512e-02
  0.00000000e+00 0.00000000e+00 1.13854070e-03 0.00000000e+00
  9.91049751e-02 1.10422645e-02 2.34930091e-01]
 [7.33922131e-02 3.89240527e-02 8.16352195e-02 6.13621895e-02
  0.00000000e+00 9.90959312e-04 0.00000000e+00 1.97002905e-02
  0.00000000e+00 2.36352616e-02 0.00000000e+00 0.00000000e+00
  1.19377878e-01 3.08418776e-02 1.61546247e-01]
 [2.67868175e-01 1.34412790e-01 1.40146726e-01 2.26151721e-01
  1.49411320e-01 4.36132914e-02 0.00000000e+00 9.73670978e-02
  2.64264538e-02 1.05637802e-01 6.11892679e-02 0.00000000e+00
  2.39405834e-01 1.68385957e-01 2.10579002e-01]
 [3.43627122e-01 0.00000000e+00 2.19056171e-01 8.05128709e-02
  4.08563845e-02 9.27944950e-02 0.00000000e+00 9.55571134e-02
  0.00000000e+00 1.21631339e-01 7.24681153e-04 1.36412518e-01
  1.68064713e-01 3.25082771e-02 2.04916910e-01]
 [4.01971698e-01 4.79701292e-01 3.79708785e-01 1.60320423e-01
  1.68382506e-01 1.52166436e-01 2.60640315e-01 2.95031260e-01
  3.76291833e-01 2.50806123e-01 1.83106914e-01 2.93646910e-01
  1.42972424e-01 1.97528946e-01 2.36971687e-01]]

2
----------------------------------------------------------------------------------
[[0.00000000e+00 7.92215657e-02 0.00000000e+00 3.26052441e-02
  2.86088567e-02 4.63161423e-02 2.73102637e-02 1.56923344e-01
  1.58145947e-01 3.46241046e-02 1.15600595e-01 0.00000000e+00
  3.64089469e-02 2.18446137e-02 0.00000000e+00]
 [0.00000000e+00 0.00000000e+00 0.00000000e+00 5.34730044e-03
  5.78411462e-02 0.00000000e+00 9.63040093e-02 6.77284910e-02
  1.31890473e-01 3.11613597e-02 1.46266601e-01 4.77513900e-02
  1.23034381e-01 0.00000000e+00 0.00000000e+00]
 [0.00000000e+00 0.00000000e+00 0.00000000e+00 0.00000000e+00
  8.52262680e-02 8.77784808e-05 5.80082439e-02 2.92548325e-03
  1.47017494e-01 4.32842690e-02 1.49341087e-01 8.64911344e-02
  7.03023399e-02 0.00000000e+00 4.21500936e-02]
 [0.00000000e+00 8.89956359e-02 0.00000000e+00 3.74674822e-02
  8.04016120e-02 5.99914084e-02 0.00000000e+00 1.25149184e-01
  7.86561627e-02 6.08062749e-02 5.22965495e-02 0.00000000e+00
  0.00000000e+00 8.65548801e-02 0.00000000e+00]
 [0.00000000e+00 0.00000000e+00 0.00000000e+00 4.75711418e-02
  4.68368945e-02 5.83787886e-02 0.00000000e+00 6.99211547e-02
  1.25413644e-01 1.09080266e-02 8.40763058e-02 0.00000000e+00
  9.96412372e-02 3.95574148e-02 0.00000000e+00]
 [0.00000000e+00 0.00000000e+00 0.00000000e+00 0.00000000e+00
  7.67621068e-02 2.66035831e-02 2.99093777e-02 1.20711887e-03
  1.15782433e-01 2.80595236e-02 1.07266565e-01 7.70778750e-02
  3.88390150e-02 0.00000000e+00 0.00000000e+00]
 [0.00000000e+00 0.00000000e+00 0.00000000e+00 0.00000000e+00
  2.66356777e-02 1.31114345e-02 0.00000000e+00 5.47303179e-02
  1.18406121e-01 0.00000000e+00 1.18066574e-01 1.82828969e-02
  7.80982660e-02 5.58234171e-02 0.00000000e+00]
 [0.00000000e+00 0.00000000e+00 0.00000000e+00 0.00000000e+00
  1.02586228e-01 1.30048544e-01 0.00000000e+00 9.14002973e-02
  8.74283026e-02 2.70746704e-02 1.43455412e-01 0.00000000e+00
  1.15327808e-01 0.00000000e+00 0.00000000e+00]
 [0.00000000e+00 2.68469800e-03 0.00000000e+00 2.16902882e-03
  2.11908326e-02 3.23742593e-02 6.10689496e-02 7.64921082e-02
  8.78901890e-02 9.22297465e-02 1.27472821e-01 0.00000000e+00
  0.00000000e+00 2.52665251e-02 0.00000000e+00]
 [0.00000000e+00 0.00000000e+00 0.00000000e+00 0.00000000e+00
  5.87801933e-02 8.49085645e-02 0.00000000e+00 0.00000000e+00
  1.72952482e-01 2.02638385e-02 1.01456624e-01 4.13484712e-02
  1.53506549e-01 2.60293267e-02 0.00000000e+00]
 [0.00000000e+00 0.00000000e+00 0.00000000e+00 0.00000000e+00
  6.99182361e-02 1.87638794e-02 9.10347264e-02 0.00000000e+00
  1.43687175e-01 4.07791444e-02 1.33223565e-01 7.77220688e-02
  0.00000000e+00 0.00000000e+00 7.53593183e-02]
 [0.00000000e+00 5.76074127e-03 0.00000000e+00 2.43845582e-02
  5.35144735e-02 1.57620073e-02 3.71761140e-03 1.10478096e-01
  6.93832356e-02 6.68039751e-03 8.20279713e-02 0.00000000e+00
  0.00000000e+00 7.65545928e-02 2.72520624e-01]
 [0.00000000e+00 0.00000000e+00 0.00000000e+00 0.00000000e+00
  4.17158693e-02 0.00000000e+00 1.11250520e-01 0.00000000e+00
  1.29259279e-01 3.11785933e-02 1.47115523e-01 7.38635449e-02
  0.00000000e+00 0.00000000e+00 2.24361868e-01]
 [3.35674460e-01 0.00000000e+00 1.23457642e-01 4.44096725e-02
  1.68997856e-01 3.82393716e-03 0.00000000e+00 0.00000000e+00
  6.62696992e-02 4.41013145e-02 7.68926074e-02 4.54764198e-02
  1.33609902e-01 9.63215782e-01 2.59900827e+00]
 [1.55224856e-01 0.00000000e+00 0.00000000e+00 0.00000000e+00
  1.06937718e-01 0.00000000e+00 0.00000000e+00 0.00000000e+00
  5.08942422e-02 1.25063150e-02 4.62359611e-02 1.68746786e-02
  1.08207072e-01 8.83718430e-01 1.50619270e+00]
 [3.72337171e-02 0.00000000e+00 0.00000000e+00 0.00000000e+00
  1.05687995e-01 1.43087263e-02 0.00000000e+00 0.00000000e+00
  5.49507478e-02 1.63910117e-03 2.50436498e-02 0.00000000e+00
  5.58991172e-02 1.05377275e+00 4.16540698e+00]
 [4.88880502e-01 0.00000000e+00 4.69639400e-02 1.28039706e-01
  1.63242560e-01 3.82506839e-02 0.00000000e+00 0.00000000e+00
  0.00000000e+00 0.00000000e+00 8.97463377e-02 0.00000000e+00
  2.05308450e-01 6.10893091e-01 2.46068609e+00]
 [2.18775197e-01 5.91467076e-01 4.65311236e-01 5.17754746e-01
  1.01063117e-01 1.07541468e-01 3.64534784e-01 2.91004480e-01
  1.48416773e-01 1.54029948e-01 1.63416002e-01 1.83030406e-01
  2.31476741e-01 2.99030279e-01 7.18726129e-01]]

3
----------------------------------------------------------------------------------
[[0.00000000e+00 2.33622775e-01 3.17118671e-02 0.00000000e+00
  0.00000000e+00 0.00000000e+00 3.21137179e-02 0.00000000e+00
  0.00000000e+00 0.00000000e+00 0.00000000e+00 1.06533950e-01
  0.00000000e+00 0.00000000e+00 3.68070549e-01]
 [0.00000000e+00 2.91869608e-01 6.21218521e-02 0.00000000e+00
  0.00000000e+00 0.00000000e+00 1.33245743e-01 0.00000000e+00
  0.00000000e+00 0.00000000e+00 0.00000000e+00 4.61862391e-02
  0.00000000e+00 8.32507781e-02 5.42808167e-01]
 [0.00000000e+00 4.54182566e-01 2.78067087e-01 0.00000000e+00
  0.00000000e+00 0.00000000e+00 3.78211082e-02 0.00000000e+00
  0.00000000e+00 0.00000000e+00 0.00000000e+00 2.26927309e-01
  1.11928143e-01 0.00000000e+00 3.33051033e+00]
 [0.00000000e+00 3.07464875e-01 7.11342298e-02 0.00000000e+00
  0.00000000e+00 0.00000000e+00 0.00000000e+00 0.00000000e+00
  0.00000000e+00 0.00000000e+00 0.00000000e+00 1.13328785e-01
  1.39075654e-01 1.07339590e+00 1.05676953e+00]
 [0.00000000e+00 1.89268591e-01 3.68279839e-02 0.00000000e+00
  0.00000000e+00 1.45573576e-01 1.28523626e-01 5.01625553e-03
  0.00000000e+00 0.00000000e+00 0.00000000e+00 0.00000000e+00
  0.00000000e+00 6.05830768e-01 7.02270524e-01]
 [0.00000000e+00 4.34417621e-01 3.08117215e-01 0.00000000e+00
  0.00000000e+00 0.00000000e+00 5.99085177e-02 0.00000000e+00
  0.00000000e+00 0.00000000e+00 0.00000000e+00 4.69158700e-02
  1.26735187e+00 3.31756979e+00 1.98345218e+00]
 [0.00000000e+00 1.96183276e-01 1.70549391e-01 0.00000000e+00
  1.45881672e-02 1.12906264e-01 1.76294494e-01 0.00000000e+00
  0.00000000e+00 0.00000000e+00 0.00000000e+00 0.00000000e+00
  3.61333646e-01 1.31139572e+00 1.04033628e+00]
 [2.04498320e-03 9.80251968e-02 9.26911675e-03 0.00000000e+00
  0.00000000e+00 0.00000000e+00 0.00000000e+00 0.00000000e+00
  1.22363381e-01 0.00000000e+00 0.00000000e+00 2.36283656e-01
  5.28868005e-01 7.84830880e-01 8.31164355e-01]
 [0.00000000e+00 0.00000000e+00 6.64968909e-02 0.00000000e+00
  0.00000000e+00 0.00000000e+00 0.00000000e+00 0.00000000e+00
  0.00000000e+00 0.00000000e+00 0.00000000e+00 8.68373920e-02
  4.17093237e-01 6.64025052e-01 5.85579708e-01]
 [2.32625215e-01 4.26706110e-01 2.76757014e-01 0.00000000e+00
  0.00000000e+00 0.00000000e+00 1.34908593e-01 0.00000000e+00
  0.00000000e+00 0.00000000e+00 0.00000000e+00 1.98390437e-01
  2.93566038e-01 2.95869768e-01 4.56134093e-01]
 [0.00000000e+00 2.67664246e-01 1.66989532e-01 0.00000000e+00
  0.00000000e+00 0.00000000e+00 1.93074790e-02 0.00000000e+00
  0.00000000e+00 0.00000000e+00 0.00000000e+00 3.17084151e-01
  5.84030281e-01 6.83503407e-01 4.66514638e-01]
 [2.80067251e-01 4.12161854e-02 1.71643659e-03 0.00000000e+00
  0.00000000e+00 0.00000000e+00 0.00000000e+00 0.00000000e+00
  0.00000000e+00 0.00000000e+00 0.00000000e+00 1.35875588e-01
  2.74239880e-01 3.05080334e-01 4.00383536e-01]
 [2.26478785e-01 2.08322946e-01 5.49819258e-02 0.00000000e+00
  0.00000000e+00 0.00000000e+00 0.00000000e+00 0.00000000e+00
  0.00000000e+00 0.00000000e+00 0.00000000e+00 2.24175106e-01
  1.66247707e-01 1.17372677e-02 1.35919422e-01]
 [2.34439133e+00 2.69799358e+00 1.28222891e+00 3.62388663e-01
  3.45794564e-02 0.00000000e+00 1.86989323e-01 0.00000000e+00
  0.00000000e+00 0.00000000e+00 2.20582439e-01 4.11567642e-01
  3.83254540e-01 0.00000000e+00 2.94166526e-01]
 [1.47240991e+00 2.76481447e+00 1.40146682e+00 4.75530512e-01
  4.04949753e-01 7.58986576e-01 6.83736353e-01 2.06063830e-01
  2.46460818e-01 0.00000000e+00 7.06459054e-01 1.29255760e+00
  1.39289379e+00 6.57171239e-01 7.71844626e-01]
 [2.81597406e+00 2.57921792e+00 8.82824785e-01 4.53427526e-01
  0.00000000e+00 2.39217329e-01 5.21711732e-01 4.70864257e-02
  1.52326795e-01 0.00000000e+00 5.01316915e-01 9.69269091e-01
  1.05395103e+00 4.59482059e-01 4.76868184e-01]
 [1.59605957e+00 1.27946343e+00 1.22181868e+00 0.00000000e+00
  1.21821128e-01 3.16046176e-01 4.74967625e-01 1.27415278e-01
  1.35407410e-01 0.00000000e+00 3.87696503e-01 8.83057937e-01
  1.15295488e+00 3.17702422e-01 5.11201671e-01]
 [4.44043822e-01 2.71467847e-01 2.74575151e-01 5.14886082e-01
  4.64098533e-01 4.79559336e-01 2.71022865e-01 4.25239953e-01
  3.25341743e-01 6.59737902e-01 2.05319238e-01 3.15662161e-01
  4.08057644e-01 3.66496617e-01 2.28346678e-01]]

4
----------------------------------------------------------------------------------
[[2.12916950e-01 0.00000000e+00 1.41704239e-01 2.11168078e-01
  1.12930642e-01 0.00000000e+00 1.28587224e-02 0.00000000e+00
  0.00000000e+00 0.00000000e+00 0.00000000e+00 0.00000000e+00
  0.00000000e+00 0.00000000e+00 0.00000000e+00]
 [1.51255621e-01 0.00000000e+00 1.64953291e-01 2.96669449e-02
  8.20785919e-02 2.11434476e-02 0.00000000e+00 1.58437022e-02
  6.92670346e-02 0.00000000e+00 0.00000000e+00 0.00000000e+00
  0.00000000e+00 0.00000000e+00 0.00000000e+00]
 [2.22772386e-01 2.97425393e-02 8.98781442e-02 0.00000000e+00
  0.00000000e+00 0.00000000e+00 1.51863499e-04 2.50354436e-01
  3.42175575e-02 0.00000000e+00 1.85605242e-02 0.00000000e+00
  0.00000000e+00 0.00000000e+00 0.00000000e+00]
 [1.59983200e-01 0.00000000e+00 1.43780779e-01 3.42994392e-01
  1.45798934e-01 1.07550006e-01 0.00000000e+00 0.00000000e+00
  0.00000000e+00 0.00000000e+00 0.00000000e+00 2.76462889e-02
  1.51466781e-01 0.00000000e+00 0.00000000e+00]
 [7.67753605e-02 0.00000000e+00 1.04299778e-01 1.39982592e-01
  1.25611086e-01 4.48481688e-02 7.46962686e-02 0.00000000e+00
  0.00000000e+00 0.00000000e+00 0.00000000e+00 0.00000000e+00
  5.14633377e-02 0.00000000e+00 0.00000000e+00]
 [5.06980500e-01 1.14017698e-01 0.00000000e+00 0.00000000e+00
  0.00000000e+00 0.00000000e+00 0.00000000e+00 1.55560243e-01
  5.25922672e-03 0.00000000e+00 2.51638542e-02 0.00000000e+00
  6.67679762e-02 0.00000000e+00 0.00000000e+00]
 [2.66813734e-01 0.00000000e+00 2.96317097e-02 1.66483506e-02
  1.19763973e-02 0.00000000e+00 1.04781335e-01 1.32101732e-01
  8.21116533e-02 0.00000000e+00 0.00000000e+00 0.00000000e+00
  0.00000000e+00 0.00000000e+00 0.00000000e+00]
 [3.89130344e-01 8.76700084e-02 9.37218366e-02 2.02820350e-01
  5.19554025e-02 0.00000000e+00 0.00000000e+00 1.41764348e-02
  9.85013514e-01 2.52448810e-01 0.00000000e+00 9.24473017e-02
  1.79151210e-01 0.00000000e+00 0.00000000e+00]
 [1.87959393e-01 8.74236189e-02 8.37410553e-02 1.35191531e-01
  1.40275068e-02 0.00000000e+00 3.64225515e-03 0.00000000e+00
  6.43903715e-01 9.49753813e-02 0.00000000e+00 1.02699422e-01
  1.41438929e-01 0.00000000e+00 0.00000000e+00]
 [3.18411090e-01 1.74167742e-01 1.10287186e-01 0.00000000e+00
  1.89040594e-02 0.00000000e+00 0.00000000e+00 8.96995115e-02
  4.75565935e-01 3.20145043e-02 0.00000000e+00 1.39412860e-01
  0.00000000e+00 0.00000000e+00 0.00000000e+00]
 [3.15876231e-01 7.26329675e-02 7.23615862e-02 4.74665543e-02
  1.20666351e-02 0.00000000e+00 0.00000000e+00 6.00999419e-02
  1.07908536e+00 0.00000000e+00 0.00000000e+00 1.10186380e-01
  3.89965555e-02 0.00000000e+00 0.00000000e+00]
 [1.89414317e-02 1.73149842e-02 4.18006799e-02 9.16460247e-02
  9.01101268e-02 0.00000000e+00 0.00000000e+00 0.00000000e+00
  1.65467421e-01 0.00000000e+00 0.00000000e+00 0.00000000e+00
  1.67196836e-01 0.00000000e+00 0.00000000e+00]
 [2.68988439e-02 8.90152195e-02 2.97229441e-02 0.00000000e+00
  7.22594904e-03 0.00000000e+00 2.09732796e-03 3.32629786e-02
  2.62879660e-01 0.00000000e+00 0.00000000e+00 6.63741627e-02
  1.05447845e-01 0.00000000e+00 0.00000000e+00]
 [1.16776931e-01 1.46178942e-01 7.60165612e-02 1.71883340e-01
  7.46984216e-02 8.97526650e-02 0.00000000e+00 9.13206657e-02
  1.19155170e-01 0.00000000e+00 0.00000000e+00 1.41132404e-01
  8.66264356e-02 0.00000000e+00 1.05049762e-01]
 [8.94716429e-01 1.05813992e+00 2.60838871e-01 9.66535981e-02
  2.29743271e-01 2.59271559e-01 1.15571187e-01 2.27472857e-01
  4.45470496e-01 0.00000000e+00 6.87845080e-02 2.68981598e-02
  3.94705865e-01 0.00000000e+00 1.60652670e-02]
 [5.43899138e-01 7.14469144e-01 1.00923372e-01 7.80818015e-02
  2.43024014e-01 1.09381060e-01 9.57659004e-02 2.20405551e-01
  4.14703717e-01 0.00000000e+00 7.58204613e-03 1.61521393e-01
  3.77550484e-01 0.00000000e+00 8.00618417e-02]
 [3.96118474e-01 4.38995743e-01 2.27708061e-01 0.00000000e+00
  2.17913161e-01 2.60356489e-01 3.58267753e-02 9.35062492e-02
  3.67203924e-01 4.10719453e-02 4.64022222e-02 0.00000000e+00
  5.17116618e-01 0.00000000e+00 0.00000000e+00]
 [2.30663678e-01 4.46971386e-01 1.68239182e-01 3.41865985e-01
  1.55102620e-01 2.09158072e-01 2.01695556e-01 3.70324923e-01
  2.35255089e-01 2.63651230e-01 2.30912063e-01 4.66563169e-01
  2.76466881e-01 3.53389682e-01 3.39707324e-01]]

5
----------------------------------------------------------------------------------
[[0.16952707 0.19723909 0.         0.         0.         0.
  0.00848689 0.00342611 0.         0.07397279 0.         0.08026372
  0.12496706 0.         0.        ]
 [0.14208067 0.21023939 0.03751912 0.         0.         0.
  0.         0.01990611 0.02274827 0.08120251 0.         0.05315432
  0.01375414 0.         0.        ]
 [0.18001292 0.30620308 0.11181189 0.         0.         0.
  0.         0.01353524 0.         0.08090423 0.         0.20631985
  0.05278491 0.         0.        ]
 [0.15007126 0.10149805 0.00133764 0.         0.         0.
  0.         0.         0.         0.04487891 0.         0.
  0.10487598 0.02521176 0.        ]
 [0.03881251 0.06545115 0.0221026  0.         0.         0.
  0.01547038 0.         0.         0.         0.         0.07147958
  0.         0.04057729 0.        ]
 [0.08780111 0.17147401 0.14610178 0.         0.         0.
  0.         0.         0.         0.04961594 0.         0.24992485
  0.08109721 0.         0.        ]
 [0.09912722 0.07148404 0.04522736 0.         0.         0.
  0.         0.00525652 0.         0.         0.         0.14290949
  0.03465691 0.         0.        ]
 [0.         0.15695083 0.02390388 0.         0.         0.
  0.04714279 0.         0.         0.         0.         0.
  0.0941893  0.13389976 0.        ]
 [0.         0.24835713 0.00821905 0.         0.         0.
  0.01360192 0.         0.         0.         0.         0.
  0.0154772  0.05156139 0.        ]
 [0.00508289 0.21361836 0.13078899 0.         0.         0.
  0.         0.         0.         0.01094074 0.17584961 0.5442022
  0.29539826 0.1269415  0.00735948]
 [0.01495757 0.29585115 0.11119458 0.         0.         0.
  0.01269181 0.00143975 0.         0.         0.         0.09431771
  0.00353885 0.         0.        ]
 [0.023956   0.16775627 0.         0.         0.         0.
  0.         0.         0.         0.         0.         0.
  0.15740835 0.05503876 0.        ]
 [0.03516518 0.19262133 0.02525444 0.         0.         0.
  0.03465081 0.         0.         0.         0.         0.14325597
  0.11853232 0.         0.        ]
 [0.01706574 0.         0.         0.1241104  0.07814374 0.
  0.03289686 0.02630596 0.         0.         0.         0.18469709
  0.04852748 0.0086559  0.        ]
 [0.40316419 0.21793663 0.8597569  1.14916064 0.493814   0.21776994
  0.46848435 0.19413052 0.         0.         0.         0.20268602
  0.1503812  0.         0.0200885 ]
 [0.30123347 0.1211315  0.55891058 0.73221862 0.10049105 0.1060046
  0.39054052 0.15052117 0.         0.         0.11815484 0.40140708
  0.22510643 0.         0.19725825]
 [0.29417457 0.05944596 0.47153536 0.6746226  0.27088683 0.04851336
  0.26301666 0.1310301  0.         0.         0.02655003 0.07037913
  0.34488511 0.03844264 0.30007339]
 [0.18450781 0.24643197 0.23096666 0.3419619  0.31214045 0.30509571
  0.22912014 0.35661371 0.66760546 0.31903643 0.32588471 0.25033294
  0.35955089 0.44694951 0.52935146]]

6
----------------------------------------------------------------------------------
[[0.         0.07644838 0.         0.17386334 0.         0.
  0.         0.14153683 0.0796167  0.13176048 0.14240048 0.
  0.         0.10900378 0.18293315]
 [0.         0.00804376 0.         0.05553901 0.         0.
  0.         0.10347106 0.06846718 0.12496947 0.07086828 0.
  0.         0.10389468 0.25778297]
 [0.         0.         0.         0.         0.01524227 0.
  0.         0.10751964 0.14575323 0.13620856 0.         0.
  0.0338889  0.         0.23559637]
 [0.         0.         0.         0.09718992 0.         0.
  0.         0.08098643 0.10021761 0.18484996 0.18779191 0.
  0.00063445 0.         0.10521909]
 [0.         0.         0.         0.         0.         0.
  0.         0.         0.1776015  0.15767868 0.10662689 0.
  0.         0.         0.08778856]
 [0.         0.         0.         0.         0.05365023 0.
  0.         0.         0.22829157 0.06736545 0.00899469 0.0008631
  0.07075805 0.         0.11979104]
 [0.         0.         0.         0.         0.         0.
  0.         0.         0.10444804 0.12935732 0.04343197 0.
  0.         0.01282018 0.14145247]
 [0.         0.09953485 0.         0.         0.05694037 0.
  0.09269203 0.08019037 0.11990049 0.10110537 0.206651   0.086462
  0.13201152 0.13582844 0.12142334]
 [0.         0.         0.         0.         0.         0.
  0.         0.17088819 0.08089383 0.07629173 0.11140991 0.
  0.01138389 0.         0.09367687]
 [0.         0.         0.         0.         0.02726273 0.14533181
  0.         0.         0.32581328 0.16702264 0.         0.12068919
  0.16469705 0.         0.14458565]
 [0.         0.         0.         0.         0.00733296 0.07221021
  0.         0.         0.04129865 0.06541831 0.         0.
  0.09841097 0.         0.20730417]
 [0.         0.         0.         0.         0.         0.
  0.         0.03921896 0.13384999 0.07268099 0.09186477 0.
  0.12025863 0.02552057 0.05322498]
 [0.         0.         0.         0.         0.         0.01140829
  0.         0.         0.05969054 0.13117281 0.         0.
  0.12607019 0.         0.14084733]
 [0.         0.         0.         0.         0.         0.005501
  0.06504183 0.01802054 0.0028929  0.02523314 0.09207359 0.03029449
  0.2801324  0.         0.        ]
 [0.         0.         0.         0.         0.         0.06397568
  0.11840813 0.         0.05837796 0.06436736 0.01517963 0.20190641
  0.14801141 0.         0.04454932]
 [0.03788808 0.         0.         0.         0.00553109 0.19579384
  0.1447831  0.         0.1632862  0.04604027 0.05908958 0.3857568
  0.16832905 0.         0.12772054]
 [0.         0.         0.         0.         0.03110444 0.
  0.02140712 0.         0.20017827 0.10827982 0.10277689 0.06301157
  0.26655536 0.         0.11261396]
 [0.44909308 0.39952961 0.59731377 0.2659551  0.12990943 0.24231974
  0.54843793 0.44493777 0.18967238 0.37623459 0.38040764 0.40839949
  0.27357312 0.51149444 0.16048836]]

7
----------------------------------------------------------------------------------
[[0.         0.         0.10040413 0.00390059 0.13320699 0.
  0.         0.02384393 0.13082875 0.        ]
 [0.         0.         0.07236648 0.         0.09079947 0.
  0.         0.03949209 0.09347931 0.        ]
 [0.         0.         0.         0.         0.04056405 0.
  0.         0.         0.06298358 0.        ]
 [0.         0.03056667 0.22333547 0.00556596 0.02015318 0.01217094
  0.08422271 0.73699002 0.49404624 0.29246904]
 [0.         0.         0.11200594 0.02618437 0.03492511 0.
  0.         0.33862564 0.18412208 0.01415002]
 [0.         0.         0.02115625 0.04328041 0.08246546 0.40149909
  0.77579233 1.16037141 0.82298359 0.64518263]
 [0.         0.         0.106668   0.03680713 0.0186543  0.24016061
  0.45362478 0.50676159 0.33505731 0.15823197]
 [0.         0.04062093 0.22697238 0.         0.07110541 0.02217222
  0.         0.34720136 0.25846282 0.38912462]
 [0.         0.         0.05290133 0.         0.         0.
  0.         0.03395832 0.12805392 0.07743636]
 [0.00520239 0.04352767 0.         0.14382319 0.09718967 0.
  0.         0.01294915 0.13900897 0.08323   ]
 [0.         0.         0.         0.         0.         0.
  0.         0.09500778 0.03923156 0.10546071]
 [0.         0.00623737 0.10298763 0.02179546 0.         0.
  0.         0.13559913 0.08711497 0.        ]
 [0.03593191 0.         0.03361179 0.00258404 0.         0.
  0.         0.         0.03818161 0.01539988]
 [0.01558779 0.06670424 0.         0.01733299 0.         0.
  0.         0.01241577 0.11233389 0.        ]
 [0.02112639 0.09739139 0.11190896 0.01423309 0.         0.
  0.         0.33087832 0.22717167 0.02079773]
 [0.0177605  0.12254916 0.17974586 0.03333159 0.         0.
  0.07256389 0.46631861 0.30854919 0.21152974]
 [0.04230098 0.10643978 0.14993599 0.04673601 0.         0.03427907
  0.00178051 0.2488643  0.17318907 0.        ]
 [0.29966341 0.18652571 0.29199344 0.14969968 0.33949097 0.33223685
  0.38925476 0.24815393 0.19626346 0.37177394]]