

1
----------------------------------------------------------------------------------
[[1.50026877e-01 2.16672071e-02 7.53551317e-02 4.76264620e-02
  4.46258506e-02 8.07614297e-02 0.00000000e+00 6.05743305e-02
  1.99277240e-02 0.00000000e+00 2.32242120e-02 0.00000000e+00
  0.00000000e+00 0.00000000e+00 8.56763836e-03]
 [2.62293027e-02 5.87119128e-02 3.80114051e-02 0.00000000e+00
  6.81576640e-02 1.43261395e-01 1.21201864e-02 9.62053048e-02
  1.83352314e-01 3.20768817e-02 1.90171698e-02 0.00000000e+00
  0.00000000e+00 0.00000000e+00 0.00000000e+00]
 [0.00000000e+00 1.27970082e-01 8.67196492e-03 0.00000000e+00
  1.45605160e-01 1.68725183e-01 3.55561622e-02 1.61556627e-01
  1.73823444e-01 1.90967754e-02 5.70056120e-02 8.13752699e-02
  0.00000000e+00 0.00000000e+00 0.00000000e+00]
 [1.15690196e-01 0.00000000e+00 8.57361218e-02 9.34373790e-02
  1.67289727e-02 4.24926050e-02 0.00000000e+00 9.58837071e-02
  5.71676488e-02 0.00000000e+00 0.00000000e+00 0.00000000e+00
  0.00000000e+00 0.00000000e+00 6.95799304e-03]
 [2.74863318e-02 2.00919955e-03 1.18870162e-02 0.00000000e+00
  1.54359328e-02 4.06288920e-02 0.00000000e+00 1.10168988e-01
  1.71242609e-01 5.25608734e-02 1.84145966e-02 0.00000000e+00
  0.00000000e+00 0.00000000e+00 2.32016897e-02]
 [0.00000000e+00 7.80916523e-03 1.37499815e-02 0.00000000e+00
  0.00000000e+00 1.07750166e-01 0.00000000e+00 1.19873824e-01
  1.01609505e-01 5.10603457e-02 2.06675561e-02 3.45803028e-02
  0.00000000e+00 2.19058554e-02 4.27699226e-02]
 [0.00000000e+00 5.26460679e-02 4.15927463e-04 0.00000000e+00
  4.32950421e-02 3.01918039e-02 0.00000000e+00 1.30662647e-01
  9.75458626e-02 8.03204058e-02 2.17584997e-04 1.31637646e-02
  0.00000000e+00 0.00000000e+00 0.00000000e+00]
 [6.76845876e-02 1.91549018e-02 8.50716677e-02 1.40729574e-01
  0.00000000e+00 0.00000000e+00 0.00000000e+00 7.67206772e-02
  6.33719032e-02 0.00000000e+00 0.00000000e+00 0.00000000e+00
  0.00000000e+00 0.00000000e+00 2.12382339e-02]
 [0.00000000e+00 0.00000000e+00 9.01406439e-02 7.53056871e-02
  0.00000000e+00 0.00000000e+00 0.00000000e+00 7.30060154e-02
  1.22830686e-01 0.00000000e+00 0.00000000e+00 0.00000000e+00
  0.00000000e+00 0.00000000e+00 0.00000000e+00]
 [0.00000000e+00 1.48615001e-01 0.00000000e+00 0.00000000e+00
  0.00000000e+00 8.09566243e-02 0.00000000e+00 6.46434701e-02
  2.79729590e-02 1.56391843e-01 7.72132550e-02 4.59344998e-02
  6.12492996e-02 6.16880488e-02 0.00000000e+00]
 [0.00000000e+00 3.58567033e-02 1.32161162e-02 0.00000000e+00
  3.16924640e-02 8.28666524e-02 0.00000000e+00 6.39387379e-02
  2.99785632e-02 0.00000000e+00 5.30777578e-02 4.78947993e-02
  0.00000000e+00 0.00000000e+00 0.00000000e+00]
 [0.00000000e+00 0.00000000e+00 7.83350506e-02 7.00029335e-02
  0.00000000e+00 0.00000000e+00 0.00000000e+00 6.97341366e-02
  1.16718279e-01 0.00000000e+00 1.98739319e-03 0.00000000e+00
  0.00000000e+00 0.00000000e+00 0.00000000e+00]
 [0.00000000e+00 4.88755974e-02 1.73629949e-02 0.00000000e+00
  0.00000000e+00 5.78106528e-02 0.00000000e+00 8.47397759e-02
  2.49207906e-03 2.53433001e-02 2.54081912e-02 3.25714875e-02
  0.00000000e+00 2.88582971e-02 0.00000000e+00]
 [2.83451132e-02 1.79406059e-02 4.91014856e-02 0.00000000e+00
  0.00000000e+00 0.00000000e+00 0.00000000e+00 9.48602699e-02
  6.05222907e-02 7.91358578e-02 2.26006907e-02 0.00000000e+00
  0.00000000e+00 9.35918404e-02 0.00000000e+00]
 [5.00856913e-02 7.68741503e-03 5.02926612e-02 0.00000000e+00
  0.00000000e+00 0.00000000e+00 0.00000000e+00 6.64306034e-02
  1.27406851e-02 1.19605451e-01 3.17081166e-02 0.00000000e+00
  3.15505110e-03 7.03922411e-02 5.79762731e-03]
 [0.00000000e+00 4.49513754e-02 3.72044960e-02 5.29938508e-02
  0.00000000e+00 0.00000000e+00 0.00000000e+00 2.30762774e-01
  4.04585612e-02 2.30834834e-01 4.66542635e-02 3.76555838e-02
  0.00000000e+00 1.15165515e-01 1.72249732e-01]
 [0.00000000e+00 3.30326729e-02 3.70153057e-03 8.80486359e-03
  0.00000000e+00 0.00000000e+00 0.00000000e+00 1.78803962e-01
  2.54566352e-01 1.41302302e-01 8.15161379e-02 0.00000000e+00
  0.00000000e+00 1.24525254e-03 1.23419181e-01]
 [3.66955330e-01 1.12614423e-01 1.69674108e-01 1.73648059e-01
  3.33960826e-01 2.30179575e-01 3.57966981e-01 1.80007951e-01
  2.08575523e-01 1.96490916e-01 1.19963872e-01 3.01173809e-01
  2.92196975e-01 2.04060198e-01 1.81463162e-01]]

2
----------------------------------------------------------------------------------
[[0.00000000e+00 0.00000000e+00 7.86291215e-02 2.42527089e-02
  2.39221682e-02 0.00000000e+00 1.13734945e-01 0.00000000e+00
  3.12045308e-02 0.00000000e+00 0.00000000e+00 0.00000000e+00
  0.00000000e+00 7.78269319e-03 0.00000000e+00]
 [0.00000000e+00 0.00000000e+00 1.19507835e-01 0.00000000e+00
  2.54699953e-03 0.00000000e+00 4.34216354e-02 0.00000000e+00
  4.66009904e-02 0.00000000e+00 0.00000000e+00 0.00000000e+00
  0.00000000e+00 0.00000000e+00 9.10309549e-02]
 [6.65944501e-02 0.00000000e+00 1.08224869e-01 4.14498852e-02
  6.91166611e-03 0.00000000e+00 1.13489319e-01 0.00000000e+00
  5.37689240e-02 0.00000000e+00 0.00000000e+00 0.00000000e+00
  0.00000000e+00 0.00000000e+00 3.28717605e-02]
 [0.00000000e+00 0.00000000e+00 1.11631353e-01 0.00000000e+00
  2.60249866e-02 0.00000000e+00 6.68897085e-02 0.00000000e+00
  0.00000000e+00 6.11583817e-02 0.00000000e+00 0.00000000e+00
  0.00000000e+00 1.25479135e-01 0.00000000e+00]
 [0.00000000e+00 0.00000000e+00 8.39872809e-02 0.00000000e+00
  2.80956094e-02 0.00000000e+00 1.12443019e-02 0.00000000e+00
  5.78724098e-02 0.00000000e+00 0.00000000e+00 0.00000000e+00
  0.00000000e+00 5.71406527e-02 3.64611262e-02]
 [7.14337090e-03 4.15629258e-03 1.12667020e-01 0.00000000e+00
  8.56227232e-02 0.00000000e+00 7.33469420e-02 0.00000000e+00
  6.69074944e-02 0.00000000e+00 0.00000000e+00 0.00000000e+00
  0.00000000e+00 0.00000000e+00 0.00000000e+00]
 [0.00000000e+00 0.00000000e+00 6.61915370e-02 0.00000000e+00
  2.18480608e-02 0.00000000e+00 4.89922393e-02 0.00000000e+00
  2.80387691e-02 0.00000000e+00 0.00000000e+00 0.00000000e+00
  0.00000000e+00 0.00000000e+00 6.94830359e-03]
 [0.00000000e+00 0.00000000e+00 5.45090070e-02 0.00000000e+00
  1.80401322e-01 0.00000000e+00 3.16329086e-02 0.00000000e+00
  2.35390346e-03 2.50983936e-01 0.00000000e+00 0.00000000e+00
  0.00000000e+00 5.88282329e-01 0.00000000e+00]
 [0.00000000e+00 0.00000000e+00 6.43953931e-02 8.33321369e-04
  1.80516484e-02 0.00000000e+00 2.69206930e-02 0.00000000e+00
  4.95061727e-02 2.51564338e-02 0.00000000e+00 0.00000000e+00
  0.00000000e+00 1.25601361e-01 0.00000000e+00]
 [7.90147582e-03 9.57144611e-04 6.85209457e-02 2.92967608e-02
  2.64483812e-01 0.00000000e+00 2.20619326e-01 0.00000000e+00
  4.98476083e-02 1.08622148e-01 0.00000000e+00 0.00000000e+00
  0.00000000e+00 1.12582195e-01 0.00000000e+00]
 [0.00000000e+00 0.00000000e+00 1.01472667e-01 6.62520137e-02
  3.42719905e-02 0.00000000e+00 8.77430726e-02 0.00000000e+00
  0.00000000e+00 0.00000000e+00 0.00000000e+00 0.00000000e+00
  0.00000000e+00 0.00000000e+00 0.00000000e+00]
 [0.00000000e+00 0.00000000e+00 8.43700646e-02 4.61560908e-03
  1.65420720e-02 0.00000000e+00 4.25990420e-02 0.00000000e+00
  2.73377507e-02 1.23039822e-01 0.00000000e+00 0.00000000e+00
  0.00000000e+00 1.00922025e-01 0.00000000e+00]
 [2.67904683e-02 0.00000000e+00 9.51992477e-02 3.38799509e-02
  4.47661736e-02 0.00000000e+00 1.28673355e-01 0.00000000e+00
  0.00000000e+00 0.00000000e+00 0.00000000e+00 0.00000000e+00
  0.00000000e+00 0.00000000e+00 0.00000000e+00]
 [1.62859924e-02 2.00471667e-02 6.17956811e-02 0.00000000e+00
  7.33516262e-02 0.00000000e+00 0.00000000e+00 0.00000000e+00
  0.00000000e+00 4.27149930e-01 0.00000000e+00 1.12585353e-01
  7.44299163e-01 1.79312406e+00 1.59247339e+00]
 [0.00000000e+00 5.12860689e-02 3.65616724e-02 0.00000000e+00
  7.60833626e-02 0.00000000e+00 0.00000000e+00 0.00000000e+00
  0.00000000e+00 7.06225839e-01 2.77818526e-01 1.05315159e-01
  2.44868742e-01 1.05031796e+00 1.07622625e+00]
 [4.36887235e-02 6.00951099e-02 1.01260133e-01 0.00000000e+00
  1.74100594e-01 0.00000000e+00 0.00000000e+00 0.00000000e+00
  0.00000000e+00 4.84330784e-01 2.77374055e-01 2.92029228e-01
  1.48824436e+00 4.51022291e+00 2.80953445e+00]
 [1.20615953e-01 2.79055808e-03 1.84176065e-01 0.00000000e+00
  1.11676261e-01 0.00000000e+00 5.86451275e-02 0.00000000e+00
  0.00000000e+00 6.90907427e-01 0.00000000e+00 5.81459265e-02
  7.69980593e-01 1.92830790e+00 2.11826346e+00]
 [3.58880374e-01 2.81539160e-01 1.70537593e-01 2.30897257e-01
  1.16956063e-01 5.30913840e-01 1.28019411e-01 3.85565810e-01
  3.67211614e-01 3.96851837e-01 8.65180129e-01 5.43382422e-01
  8.73288153e-01 3.08010117e-01 2.40280488e-01]]

3
----------------------------------------------------------------------------------
[[1.74839867e-01 0.00000000e+00 1.76248850e-02 0.00000000e+00
  0.00000000e+00 0.00000000e+00 0.00000000e+00 1.48263138e-01
  9.59724457e-02 5.12443872e-02 1.74766962e-01 0.00000000e+00
  0.00000000e+00 0.00000000e+00 0.00000000e+00]
 [1.97463672e-01 0.00000000e+00 0.00000000e+00 0.00000000e+00
  0.00000000e+00 0.00000000e+00 0.00000000e+00 1.87291698e-01
  9.91496548e-02 1.61277027e-01 1.56954686e-01 0.00000000e+00
  0.00000000e+00 0.00000000e+00 0.00000000e+00]
 [3.11383683e-01 0.00000000e+00 0.00000000e+00 0.00000000e+00
  0.00000000e+00 0.00000000e+00 0.00000000e+00 1.21577978e-01
  6.77588288e-02 5.72573824e-02 1.00304065e-01 0.00000000e+00
  4.78570920e-02 0.00000000e+00 0.00000000e+00]
 [1.31663631e-01 0.00000000e+00 1.24598837e-02 0.00000000e+00
  0.00000000e+00 0.00000000e+00 0.00000000e+00 0.00000000e+00
  8.72985747e-03 0.00000000e+00 9.15399533e-02 2.69547302e-02
  0.00000000e+00 0.00000000e+00 0.00000000e+00]
 [1.41901335e-01 0.00000000e+00 0.00000000e+00 0.00000000e+00
  0.00000000e+00 0.00000000e+00 0.00000000e+00 3.79213230e-02
  4.69387525e-03 0.00000000e+00 5.49037678e-02 0.00000000e+00
  3.65436701e-02 0.00000000e+00 0.00000000e+00]
 [3.29521402e-01 0.00000000e+00 1.00908113e-01 0.00000000e+00
  0.00000000e+00 0.00000000e+00 0.00000000e+00 1.01513751e-01
  0.00000000e+00 0.00000000e+00 6.46866015e-02 0.00000000e+00
  1.20039340e-02 0.00000000e+00 0.00000000e+00]
 [2.46150050e-01 0.00000000e+00 0.00000000e+00 0.00000000e+00
  0.00000000e+00 0.00000000e+00 0.00000000e+00 0.00000000e+00
  0.00000000e+00 0.00000000e+00 8.28088201e-02 0.00000000e+00
  1.21707575e-02 0.00000000e+00 0.00000000e+00]
 [0.00000000e+00 0.00000000e+00 0.00000000e+00 0.00000000e+00
  0.00000000e+00 8.19743458e-02 1.77236750e-02 0.00000000e+00
  5.84143420e-05 0.00000000e+00 1.90147574e-01 0.00000000e+00
  0.00000000e+00 0.00000000e+00 1.57096624e-01]
 [1.00964527e-01 0.00000000e+00 0.00000000e+00 0.00000000e+00
  0.00000000e+00 0.00000000e+00 0.00000000e+00 0.00000000e+00
  5.86479840e-02 0.00000000e+00 1.36471851e-01 0.00000000e+00
  0.00000000e+00 0.00000000e+00 0.00000000e+00]
 [4.01362416e-01 2.12082532e-01 2.81323389e-01 0.00000000e+00
  0.00000000e+00 0.00000000e+00 0.00000000e+00 0.00000000e+00
  2.20415823e-03 0.00000000e+00 0.00000000e+00 3.52004922e-02
  2.73809780e-02 0.00000000e+00 0.00000000e+00]
 [2.96110875e-01 0.00000000e+00 0.00000000e+00 0.00000000e+00
  0.00000000e+00 0.00000000e+00 0.00000000e+00 0.00000000e+00
  0.00000000e+00 0.00000000e+00 5.52436652e-02 0.00000000e+00
  4.12765764e-02 0.00000000e+00 0.00000000e+00]
 [7.24325041e-03 1.77426755e-01 0.00000000e+00 0.00000000e+00
  0.00000000e+00 0.00000000e+00 0.00000000e+00 0.00000000e+00
  7.90118258e-02 0.00000000e+00 1.50278485e-01 1.17332034e-02
  0.00000000e+00 0.00000000e+00 2.86519674e-02]
 [1.93755988e-01 5.79545889e-02 0.00000000e+00 0.00000000e+00
  0.00000000e+00 0.00000000e+00 0.00000000e+00 0.00000000e+00
  0.00000000e+00 0.00000000e+00 7.51754766e-02 0.00000000e+00
  7.23230624e-02 0.00000000e+00 0.00000000e+00]
 [1.35502939e+00 2.34664529e+00 1.02064973e+00 4.29753917e-01
  1.46033496e-03 0.00000000e+00 0.00000000e+00 0.00000000e+00
  0.00000000e+00 0.00000000e+00 2.10016691e-02 0.00000000e+00
  0.00000000e+00 0.00000000e+00 0.00000000e+00]
 [9.62524478e-01 1.65821801e+00 2.42654728e+00 1.91943639e+00
  7.14661240e-02 5.89763481e-02 3.14928049e-01 6.12383732e-01
  4.31164890e-02 1.67420791e-01 5.58067951e-02 0.00000000e+00
  0.00000000e+00 0.00000000e+00 1.19834445e-01]
 [7.19627121e-01 1.45944262e+00 1.26657032e+00 3.77368823e-01
  0.00000000e+00 2.15930966e-02 2.28605274e-01 4.56418365e-01
  0.00000000e+00 1.70389670e-02 2.51202557e-02 1.05425389e-01
  1.24696862e-02 0.00000000e+00 8.48651311e-02]
 [1.09477871e+00 1.27320795e+00 8.55668962e-01 3.14267867e-01
  0.00000000e+00 1.06054088e-01 0.00000000e+00 0.00000000e+00
  0.00000000e+00 0.00000000e+00 0.00000000e+00 0.00000000e+00
  0.00000000e+00 9.11594805e-03 1.07331508e-01]
 [4.30438956e-01 2.77083035e-01 4.72153666e-01 7.06533849e-01
  8.67041406e-01 5.52632777e-01 6.96184803e-01 6.74655880e-01
  3.40918427e-01 3.09431916e-01 1.76021328e-01 2.32491410e-01
  2.13704272e-01 2.56164549e-01 2.96172212e-01]]

4
----------------------------------------------------------------------------------
[[0.11944283 0.         0.         0.14868846 0.         0.17648571
  0.09821684 0.         0.2769613  0.09550666 0.06618133 0.01381009
  0.         0.0064785  0.03745987]
 [0.01610252 0.         0.         0.15879965 0.         0.15277447
  0.         0.         0.18666194 0.05470974 0.0005335  0.
  0.         0.         0.        ]
 [0.         0.         0.         0.10194486 0.         0.07361387
  0.         0.04616713 0.07562944 0.         0.         0.
  0.01384039 0.08232133 0.        ]
 [0.16173636 0.         0.         0.22183842 0.         0.19699532
  0.02152868 0.         0.21880559 0.08903204 0.10630194 0.01805103
  0.         0.         0.03531038]
 [0.02550116 0.         0.         0.08997612 0.         0.09937225
  0.0098208  0.         0.10468862 0.10731312 0.02283664 0.
  0.         0.         0.05503685]
 [0.15661351 0.         0.         0.04540068 0.         0.03859441
  0.         0.06655308 0.         0.02515793 0.         0.
  0.03507401 0.01980652 0.0468894 ]
 [0.01035029 0.         0.         0.0772458  0.         0.0453068
  0.         0.01092833 0.01559897 0.07215115 0.         0.
  0.01092322 0.         0.00465569]
 [0.170301   0.         0.         0.2533101  0.         0.2701895
  0.09612911 0.         0.10691159 0.09106298 0.16196996 0.18372604
  0.         0.         0.14880834]
 [0.12845069 0.         0.         0.19641661 0.         0.14374311
  0.02071702 0.         0.16472042 0.07503961 0.10796527 0.06345927
  0.03687628 0.         0.04046779]
 [0.         0.         0.         0.02976386 0.         0.
  0.         0.15989888 0.         0.         0.         0.
  0.05802568 0.13179323 0.14380468]
 [0.03857007 0.         0.         0.04096479 0.         0.
  0.         0.         0.02191505 0.         0.         0.
  0.10848202 0.04023806 0.04689272]
 [0.10210495 0.         0.         0.22960136 0.         0.18460802
  0.         0.         0.08787173 0.15601752 0.05556495 0.09774593
  0.0658309  0.05663382 0.08532198]
 [0.         0.         0.         0.         0.         0.
  0.         0.0263502  0.         0.01658166 0.         0.
  0.04979114 0.05078578 0.03311098]
 [0.02094067 0.         0.         0.07215355 0.         0.16423392
  0.         0.07122255 0.08215242 0.07531853 0.01127187 0.08432389
  0.0253603  0.03907307 0.06383056]
 [0.04606592 0.         0.         0.12414316 0.12745191 0.05950821
  0.02616425 0.12719711 0.07786401 0.09159812 0.         0.05456219
  0.09001452 0.01008788 0.10147369]
 [0.         0.         0.         0.03540542 0.07771768 0.12412608
  0.10324042 0.16167169 0.         0.07981786 0.         0.12998371
  0.2093027  0.18160133 0.04304754]
 [0.074544   0.         0.06984806 0.13138786 0.32352497 0.
  0.04629488 0.24754038 0.25591129 0.09033537 0.         0.1174613
  0.13716339 0.01200056 0.20974765]
 [0.15533975 0.45156884 0.33321871 0.36354318 0.36276859 0.28465019
  0.2396981  0.22481911 0.30868683 0.11618489 0.37093246 0.28808135
  0.26991749 0.198894   0.20713525]]

5
----------------------------------------------------------------------------------
[[3.14928325e-02 6.92475801e-02 2.64587557e-02 4.20011382e-02
  1.27513455e-02 4.14426586e-02 0.00000000e+00 2.25215767e-02
  0.00000000e+00 0.00000000e+00 0.00000000e+00 3.65047919e-03
  0.00000000e+00 6.17716109e-02 0.00000000e+00]
 [0.00000000e+00 4.15937769e-02 9.65895676e-02 5.38224761e-02
  3.92193260e-02 0.00000000e+00 0.00000000e+00 0.00000000e+00
  7.01835977e-02 0.00000000e+00 0.00000000e+00 0.00000000e+00
  0.00000000e+00 0.00000000e+00 1.66174365e-02]
 [0.00000000e+00 8.34878636e-02 4.57943358e-02 1.35688315e-02
  2.15978780e-02 0.00000000e+00 0.00000000e+00 0.00000000e+00
  6.92004221e-02 0.00000000e+00 5.83272600e-02 0.00000000e+00
  0.00000000e+00 0.00000000e+00 5.15093565e-02]
 [0.00000000e+00 1.39806247e-01 1.05378644e-02 5.09038848e-02
  1.59413608e-03 0.00000000e+00 0.00000000e+00 0.00000000e+00
  0.00000000e+00 0.00000000e+00 0.00000000e+00 0.00000000e+00
  0.00000000e+00 6.27170469e-02 0.00000000e+00]
 [0.00000000e+00 3.49758495e-02 5.49891536e-02 4.00643432e-02
  2.74037933e-02 0.00000000e+00 0.00000000e+00 0.00000000e+00
  0.00000000e+00 0.00000000e+00 0.00000000e+00 0.00000000e+00
  0.00000000e+00 0.00000000e+00 0.00000000e+00]
 [0.00000000e+00 5.26980925e-02 8.03376188e-02 3.34610672e-02
  6.68459266e-02 0.00000000e+00 0.00000000e+00 0.00000000e+00
  2.63943075e-02 0.00000000e+00 1.55555354e-01 4.04210483e-01
  0.00000000e+00 0.00000000e+00 7.37405048e-02]
 [0.00000000e+00 7.42093206e-02 3.49749936e-02 6.03669337e-02
  1.17325441e-02 0.00000000e+00 0.00000000e+00 0.00000000e+00
  0.00000000e+00 0.00000000e+00 5.68353079e-02 1.68217153e-01
  0.00000000e+00 0.00000000e+00 0.00000000e+00]
 [1.99092699e-02 1.18810918e-02 0.00000000e+00 1.48393799e-01
  4.73775308e-02 4.41505131e-02 9.88706879e-03 3.49227977e-02
  0.00000000e+00 0.00000000e+00 7.34276630e-02 0.00000000e+00
  0.00000000e+00 0.00000000e+00 0.00000000e+00]
 [0.00000000e+00 2.68164058e-03 0.00000000e+00 6.09607295e-02
  2.66707516e-02 0.00000000e+00 0.00000000e+00 0.00000000e+00
  0.00000000e+00 0.00000000e+00 0.00000000e+00 0.00000000e+00
  0.00000000e+00 0.00000000e+00 0.00000000e+00]
 [0.00000000e+00 6.93887523e-02 3.31105024e-02 3.47243133e-02
  6.24925009e-02 0.00000000e+00 1.67135582e-02 0.00000000e+00
  3.30614619e-02 0.00000000e+00 0.00000000e+00 1.57171752e-01
  1.51110666e-01 0.00000000e+00 7.76177299e-02]
 [0.00000000e+00 1.03590534e-01 0.00000000e+00 0.00000000e+00
  9.91630965e-03 0.00000000e+00 0.00000000e+00 0.00000000e+00
  0.00000000e+00 0.00000000e+00 2.21707956e-02 0.00000000e+00
  0.00000000e+00 0.00000000e+00 0.00000000e+00]
 [0.00000000e+00 1.33581791e-02 4.58476446e-02 1.23160055e-02
  4.63560303e-04 0.00000000e+00 0.00000000e+00 2.03202723e-04
  0.00000000e+00 0.00000000e+00 0.00000000e+00 0.00000000e+00
  0.00000000e+00 0.00000000e+00 0.00000000e+00]
 [0.00000000e+00 8.18564192e-02 0.00000000e+00 7.03812095e-03
  1.42394841e-02 0.00000000e+00 0.00000000e+00 0.00000000e+00
  0.00000000e+00 0.00000000e+00 0.00000000e+00 0.00000000e+00
  0.00000000e+00 0.00000000e+00 8.04752225e-03]
 [0.00000000e+00 1.15483682e-02 0.00000000e+00 3.50909433e-02
  0.00000000e+00 7.58430222e-02 6.20828224e-02 0.00000000e+00
  0.00000000e+00 0.00000000e+00 6.13062878e-02 0.00000000e+00
  0.00000000e+00 0.00000000e+00 0.00000000e+00]
 [0.00000000e+00 4.51109589e-02 0.00000000e+00 0.00000000e+00
  0.00000000e+00 6.36147301e-02 4.41309894e-02 9.46308817e-02
  1.38350467e-02 0.00000000e+00 3.27021219e-02 1.29808317e-01
  1.13984539e-01 1.31458559e-02 4.37270403e-02]
 [0.00000000e+00 1.43298048e-01 6.78105453e-03 1.19692051e-02
  0.00000000e+00 3.36408366e-02 8.43717375e-03 1.41739764e-01
  6.41647979e-02 0.00000000e+00 0.00000000e+00 1.56767930e-01
  4.51847285e-01 0.00000000e+00 1.81487634e-01]
 [0.00000000e+00 3.50351809e-02 3.86744143e-04 2.23130929e-02
  0.00000000e+00 2.21686803e-02 2.15213087e-02 1.40463279e-01
  0.00000000e+00 0.00000000e+00 2.21059352e-02 2.03200531e-01
  9.08513976e-02 1.88363111e-01 6.75207474e-03]
 [2.34536571e-01 1.34719410e-01 1.46843918e-01 1.19967407e-01
  1.00939368e-01 2.79366646e-01 3.28483781e-01 4.32361275e-01
  1.40637211e-01 3.21862536e-01 3.02061124e-01 2.17998035e-01
  1.97128680e-01 4.16312201e-01 2.12112500e-01]]

6
----------------------------------------------------------------------------------
[[0.         0.         0.         0.         0.041544   0.
  0.00513577 0.09076644 0.         0.0618717  0.13266458 0.12802297
  0.         0.         0.        ]
 [0.         0.         0.         0.         0.00362573 0.
  0.         0.03426601 0.         0.         0.01349626 0.00529379
  0.         0.         0.        ]
 [0.         0.         0.         0.15302696 0.         0.
  0.         0.04557513 0.         0.         0.01014849 0.
  0.         0.         0.        ]
 [0.         0.         0.0149858  0.         0.02813805 0.
  0.         0.105067   0.00990416 0.12734056 0.10238816 0.08492526
  0.         0.         0.        ]
 [0.         0.         0.         0.         0.         0.
  0.         0.01859127 0.         0.         0.07673533 0.01770509
  0.         0.         0.        ]
 [0.01845704 0.15641381 0.         0.20547058 0.         0.
  0.         0.09027441 0.         0.         0.14517154 0.
  0.         0.         0.        ]
 [0.02608535 0.03303273 0.         0.0668408  0.         0.
  0.         0.03826337 0.         0.         0.12425282 0.
  0.         0.         0.        ]
 [0.         0.         0.04242245 0.         0.         0.
  0.         0.08690957 0.         0.18692864 0.         0.11562657
  0.         0.         0.        ]
 [0.         0.         0.         0.         0.         0.
  0.         0.02249417 0.         0.14199604 0.01325899 0.14413291
  0.         0.         0.        ]
 [0.1928845  0.         0.00443686 0.26858996 0.         0.
  0.         0.         0.08530024 0.01894885 0.06905672 0.0885133
  0.         0.         0.        ]
 [0.         0.         0.         0.06577793 0.         0.
  0.         0.         0.         0.         0.         0.
  0.         0.         0.        ]
 [0.         0.         0.         0.         0.         0.
  0.         0.04319878 0.         0.15707901 0.06670539 0.18715807
  0.         0.         0.        ]
 [0.         0.         0.04801936 0.05594371 0.         0.
  0.         0.         0.         0.         0.         0.01175692
  0.04902099 0.         0.        ]
 [0.02346253 0.01250242 0.0541332  0.03295552 0.         0.
  0.         0.03005999 0.00233817 0.0832857  0.03420054 0.00751592
  0.         0.01297447 0.        ]
 [0.13477987 0.17985793 0.08790979 0.00579937 0.         0.
  0.         0.         0.01984983 0.13993094 0.         0.06169227
  0.         0.         0.08419274]
 [0.2252883  0.18115886 0.05786706 0.03254768 0.         0.
  0.02016676 0.         0.25505978 0.27620901 0.11094428 0.38111131
  0.20654238 0.         0.30087681]
 [0.20667204 0.06558075 0.22260599 0.         0.         0.
  0.         0.04057699 0.         0.27465383 0.01992037 0.
  0.         0.00134494 0.02649946]
 [0.63854111 0.58143433 0.53670762 0.64525491 0.30362676 0.70668395
  0.41154614 0.11924286 0.38914134 0.42030788 0.27799593 0.22687098
  0.52817009 0.43970843 0.75821042]]

7
----------------------------------------------------------------------------------
[[0.00000000e+00 0.00000000e+00 0.00000000e+00 8.18623094e-02
  0.00000000e+00 0.00000000e+00 0.00000000e+00 0.00000000e+00
  2.72880697e-01 0.00000000e+00 1.19987308e-02 1.05231029e-02
  9.27708309e-02]
 [0.00000000e+00 0.00000000e+00 0.00000000e+00 0.00000000e+00
  0.00000000e+00 0.00000000e+00 0.00000000e+00 0.00000000e+00
  2.16942993e-01 0.00000000e+00 3.83913033e-02 5.62729129e-02
  6.18214951e-04]
 [0.00000000e+00 2.62512553e-02 0.00000000e+00 0.00000000e+00
  0.00000000e+00 0.00000000e+00 0.00000000e+00 0.00000000e+00
  1.32794836e-01 0.00000000e+00 0.00000000e+00 1.22141918e-02
  3.62251211e-03]
 [0.00000000e+00 0.00000000e+00 0.00000000e+00 1.28184722e-01
  0.00000000e+00 0.00000000e+00 2.35833230e-02 0.00000000e+00
  1.85848356e-01 0.00000000e+00 5.55162468e-02 2.34082336e-02
  1.13712529e-01]
 [0.00000000e+00 0.00000000e+00 0.00000000e+00 5.11407163e-02
  7.18640005e-02 0.00000000e+00 0.00000000e+00 0.00000000e+00
  1.23049338e-01 0.00000000e+00 6.03997758e-02 6.44027703e-02
  6.17938946e-02]
 [0.00000000e+00 4.26218441e-01 2.03911440e-01 0.00000000e+00
  0.00000000e+00 0.00000000e+00 0.00000000e+00 0.00000000e+00
  4.18633655e-02 0.00000000e+00 0.00000000e+00 0.00000000e+00
  7.21273405e-02]
 [0.00000000e+00 1.46147758e-01 9.35901809e-02 0.00000000e+00
  0.00000000e+00 0.00000000e+00 0.00000000e+00 0.00000000e+00
  9.75825108e-02 0.00000000e+00 2.13584009e-02 4.56001509e-02
  3.76998846e-02]
 [0.00000000e+00 7.70740623e-02 3.28346541e-02 1.23848724e-01
  5.33606407e-02 6.02350947e-02 6.27343254e-02 7.74539032e-02
  9.53473731e-02 0.00000000e+00 7.33631189e-02 1.01255844e-01
  4.96989776e-02]
 [0.00000000e+00 0.00000000e+00 0.00000000e+00 3.00806400e-02
  3.01935629e-02 0.00000000e+00 0.00000000e+00 0.00000000e+00
  1.95819324e-01 0.00000000e+00 0.00000000e+00 7.24092167e-02
  7.24605351e-02]
 [0.00000000e+00 0.00000000e+00 5.87495700e-03 1.05768103e-02
  0.00000000e+00 0.00000000e+00 1.46531932e-01 1.17426139e-01
  0.00000000e+00 0.00000000e+00 0.00000000e+00 6.64194988e-03
  0.00000000e+00]
 [0.00000000e+00 3.40301550e-02 0.00000000e+00 0.00000000e+00
  0.00000000e+00 0.00000000e+00 0.00000000e+00 0.00000000e+00
  2.60667131e-02 0.00000000e+00 0.00000000e+00 0.00000000e+00
  1.81083149e-02]
 [0.00000000e+00 7.90268746e-02 0.00000000e+00 5.78579991e-02
  7.20039731e-02 0.00000000e+00 3.51416363e-03 4.36364802e-02
  1.26884164e-01 0.00000000e+00 0.00000000e+00 1.08850356e-01
  7.40400168e-02]
 [0.00000000e+00 2.75834525e-02 0.00000000e+00 4.23578282e-03
  0.00000000e+00 0.00000000e+00 0.00000000e+00 0.00000000e+00
  0.00000000e+00 0.00000000e+00 0.00000000e+00 0.00000000e+00
  0.00000000e+00]
 [0.00000000e+00 2.47021752e-02 0.00000000e+00 1.18849159e-01
  4.23182304e-02 0.00000000e+00 4.84921266e-02 9.29821071e-02
  1.55922544e-02 0.00000000e+00 0.00000000e+00 8.75953465e-02
  4.85272947e-02]
 [0.00000000e+00 1.20444554e-01 1.36167236e-01 1.80888696e-01
  2.71790471e-01 6.43660755e-03 2.47262444e-01 3.48896029e-01
  0.00000000e+00 0.00000000e+00 9.60967102e-02 1.16871493e-01
  9.45320878e-02]
 [0.00000000e+00 1.61373793e-01 8.69843601e-02 3.45514731e-01
  5.44707773e-01 9.67027329e-02 4.65465406e-01 5.34039854e-01
  1.03981061e-01 0.00000000e+00 0.00000000e+00 1.83401226e-01
  2.49217944e-01]
 [7.46277330e-02 1.06743410e-01 5.41477187e-02 1.03027406e-01
  2.18579431e-01 1.25408325e-01 6.21545363e-02 3.96371668e-01
  0.00000000e+00 0.00000000e+00 1.59222307e-01 1.62104774e-01
  2.07072590e-01]
 [7.33667878e-01 1.41334621e-01 4.64680346e-01 2.86240008e-01
  4.62135923e-01 4.51848006e-01 3.04410973e-01 4.80567195e-01
  2.23778722e-01 2.80261988e-01 1.71308032e-01 1.39465231e-01
  2.84527224e-01]]