

1
----------------------------------------------------------------------------------
[[0.         0.         0.05117874 0.10474055 0.         0.06969482
  0.         0.         0.07249356 0.01435405 0.1338188  0.02815002
  0.09720891 0.05148593 0.        ]
 [0.         0.05374113 0.         0.         0.         0.
  0.         0.         0.         0.         0.0669867  0.008851
  0.02264402 0.02606126 0.        ]
 [0.         0.         0.07049514 0.121496   0.00580497 0.03443014
  0.         0.         0.         0.03767758 0.         0.06860981
  0.07125293 0.07385643 0.        ]
 [0.         0.13720197 0.08291553 0.03407859 0.0099947  0.07195264
  0.         0.         0.02581414 0.19006133 0.09203162 0.12984528
  0.         0.02075712 0.04563664]
 [0.         0.06657988 0.07631602 0.03745004 0.01117036 0.
  0.         0.         0.         0.11114298 0.0233779  0.15867332
  0.09877457 0.         0.        ]
 [0.27355189 0.         0.13435474 0.04507948 0.         0.02859285
  0.         0.         0.         0.08324263 0.12257369 0.07196502
  0.04492757 0.         0.02768024]
 [0.04441336 0.0020863  0.04951764 0.07129556 0.         0.07471432
  0.         0.         0.         0.01518846 0.06517546 0.22644979
  0.0274395  0.0069953  0.06275902]
 [0.12250745 0.         0.07518062 0.44674332 0.06203985 0.09523107
  0.         0.         0.01983056 0.05098267 0.23625459 0.13323552
  0.         0.25007836 0.        ]
 [0.09089032 0.         0.17332096 0.94606049 0.         0.00986259
  0.         0.         0.00526235 0.22602983 0.12490048 0.1586038
  0.14063583 0.74988875 0.02040084]
 [0.15595997 0.03477552 0.15978202 0.         0.         0.
  0.         0.         0.07485564 0.11749435 0.18558974 0.
  0.         0.         0.        ]
 [0.27439364 0.         0.31027688 0.66238873 0.         0.
  0.         0.         0.03122376 0.09908445 0.09234714 0.04246217
  0.24999107 0.29860564 0.00626305]
 [0.         0.00688763 0.02013782 0.34078898 0.01479742 0.02803286
  0.         0.         0.         0.         0.05775881 0.1762846
  0.         0.21331624 0.        ]
 [0.08576207 0.04746753 0.1231799  0.31602039 0.         0.
  0.         0.         0.         0.         0.11340528 0.
  0.         0.03858085 0.        ]
 [0.08482113 0.         0.02297965 0.09342241 0.         0.09212179
  0.         0.         0.03154517 0.05850962 0.20618593 0.0057932
  0.00371837 0.         0.05284425]
 [0.01609559 0.         0.02804244 0.10648521 0.         0.04485169
  0.00201551 0.         0.0016119  0.01338631 0.00607152 0.05718508
  0.         0.         0.03181848]
 [0.16672213 0.00366412 0.07699778 0.05811217 0.         0.
  0.         0.         0.02171156 0.         0.         0.
  0.         0.         0.        ]
 [0.10813916 0.04682267 0.         0.15845111 0.04515796 0.03940073
  0.         0.         0.         0.00108892 0.0512434  0.01434301
  0.         0.         0.        ]
 [0.40446426 0.3118949  0.17604325 0.16343428 0.22560158 0.20922697
  0.31034468 0.3342746  0.2090806  0.31317953 0.39651824 0.38695435
  0.28068262 0.36091406 0.56380386]]

2
----------------------------------------------------------------------------------
[[0.         0.04368673 0.06082565 0.         0.         0.01775697
  0.06266173 0.         0.07702758 0.10767308 0.07488529 0.07493319
  0.         0.06943795 0.        ]
 [0.         0.10689863 0.         0.         0.00378278 0.
  0.12250725 0.         0.         0.03274195 0.14027052 0.12856616
  0.         0.         0.02691704]
 [0.         0.03346581 0.         0.         0.         0.02471527
  0.15163564 0.02657266 0.         0.         0.23494672 0.20982504
  0.         0.07142046 0.09164992]
 [0.14745286 0.08613216 0.04521253 0.         0.         0.
  0.15145708 0.17411465 0.05511673 0.21545242 0.23076246 0.00743966
  0.         0.04333963 0.04234188]
 [0.13246278 0.04397327 0.0158918  0.         0.00379804 0.
  0.20205822 0.06595136 0.         0.04078102 0.15730505 0.09219815
  0.         0.         0.        ]
 [0.         0.08633721 0.16248083 0.07266732 0.03632907 0.
  0.31278787 0.09694273 0.         0.00523989 0.20579852 0.11245512
  0.         0.02077036 0.        ]
 [0.         0.10199942 0.11510962 0.         0.         0.
  0.17133269 0.05834522 0.         0.05463334 0.11404589 0.12312373
  0.         0.         0.03283689]
 [0.         0.03154343 0.01889031 0.08155846 0.         0.
  0.11816991 0.         0.         0.08483098 0.16866682 0.02117861
  0.         0.         0.        ]
 [0.17597428 0.10209395 0.08818008 0.06111082 0.01562575 0.
  0.22952826 0.23849429 0.         0.07883035 0.15223763 0.04831672
  0.         0.00960881 0.        ]
 [0.         0.06044861 0.08146861 0.01844078 0.         0.0628238
  0.22495458 0.         0.         0.00580569 0.04128738 0.001579
  0.         0.         0.00202145]
 [0.02266678 0.04956178 0.17419888 0.02984363 0.         0.
  0.24627763 0.08320953 0.         0.01417774 0.13341728 0.10524133
  0.         0.         0.        ]
 [0.         0.00945335 0.         0.         0.         0.
  0.05937884 0.00086058 0.         0.14574096 0.         0.
  0.         0.         0.        ]
 [0.         0.03821056 0.03875683 0.         0.         0.00705689
  0.12262592 0.04771171 0.         0.06336892 0.         0.01066739
  0.         0.         0.        ]
 [0.17482378 0.04214289 0.07667167 0.018344   0.         0.05357013
  0.21381696 0.29773085 0.         0.0119349  0.         0.
  0.         0.         0.        ]
 [0.         0.03276188 0.         0.         0.05847388 0.
  0.16286909 0.03530139 0.         0.00461538 0.         0.
  0.         0.         0.        ]
 [0.         0.01696676 0.0391731  0.06123826 0.         0.
  0.07878859 0.01879224 0.         0.         0.         0.
  0.         0.         0.        ]
 [0.05230659 0.13415339 0.         0.         0.         0.
  0.11436426 0.03565516 0.01363514 0.         0.         0.0134182
  0.         0.         0.        ]
 [0.39574293 0.12318212 0.21914295 0.31957934 0.35546078 0.29644226
  0.27071826 0.31758802 0.441919   0.27611353 0.35936473 0.21292411
  0.56333952 0.72898032 0.18025561]]

3
----------------------------------------------------------------------------------
[[3.09781375e-02 7.10663212e-02 3.16049072e-02 1.07132159e-01
  1.37437491e-01 0.00000000e+00 5.92678772e-02 1.08782798e-01
  5.59958994e-02 1.88723676e-01 4.21552501e-02 1.65841437e-01
  2.16252334e-01 4.02610753e-03 0.00000000e+00]
 [1.84883655e-02 0.00000000e+00 1.19213378e-02 8.69348905e-02
  2.01426435e-01 0.00000000e+00 3.12615968e-02 0.00000000e+00
  1.20147035e-02 1.64464396e-01 0.00000000e+00 0.00000000e+00
  1.15362567e-01 7.13708604e-02 0.00000000e+00]
 [3.25786815e-02 5.96254666e-02 2.54702185e-02 2.38760520e-02
  9.51118807e-02 0.00000000e+00 5.37250663e-02 0.00000000e+00
  2.94914954e-02 0.00000000e+00 3.12187323e-02 0.00000000e+00
  1.20476093e-01 3.55151526e-02 0.00000000e+00]
 [5.82753477e-02 2.53611677e-02 8.83568359e-03 1.59792072e-02
  1.28213635e-01 1.62114998e-01 1.95372811e-01 3.36581448e-01
  1.31536907e-01 1.23497194e-01 1.50786229e-01 2.47516166e-01
  2.99704522e-01 9.21776895e-03 1.97877414e-01]
 [0.00000000e+00 0.00000000e+00 0.00000000e+00 3.59334757e-02
  6.62960787e-02 1.17773540e-01 5.15945674e-02 1.84033675e-01
  4.16241207e-02 0.00000000e+00 1.50740378e-01 7.28432071e-02
  2.12610134e-01 0.00000000e+00 6.04697256e-02]
 [1.13092370e-01 0.00000000e+00 9.60716642e-02 1.20393127e-01
  5.95615165e-02 6.75269118e-02 1.82665382e-01 3.40386132e-01
  1.16390488e-01 0.00000000e+00 1.68942473e-01 3.67747336e-02
  1.10710660e-01 1.03585952e-01 1.28573694e-01]
 [3.68274440e-02 0.00000000e+00 6.80410056e-02 8.37126248e-02
  5.16831107e-03 0.00000000e+00 1.21100160e-01 2.35618509e-01
  0.00000000e+00 0.00000000e+00 1.22122290e-01 0.00000000e+00
  1.02280854e-01 5.95936362e-02 0.00000000e+00]
 [2.56861304e-02 0.00000000e+00 0.00000000e+00 5.88137623e-02
  1.02046025e-01 0.00000000e+00 3.78758117e-02 0.00000000e+00
  0.00000000e+00 1.42510836e-01 3.47876135e-01 9.12900645e-02
  1.82822589e-01 1.30256713e-01 4.07854205e-01]
 [1.15371562e-01 0.00000000e+00 3.36871489e-02 1.19664445e-02
  1.20755199e-01 3.63715254e-01 8.37144896e-02 5.76186624e-02
  0.00000000e+00 4.90015630e-02 4.87545861e-01 9.18947754e-02
  3.80522313e-01 1.57781045e-01 3.08455256e-01]
 [0.00000000e+00 0.00000000e+00 2.11048153e-04 2.48492484e-01
  3.97056080e-02 0.00000000e+00 3.72861538e-02 0.00000000e+00
  0.00000000e+00 1.23717783e-01 3.48756754e-01 6.47653819e-03
  0.00000000e+00 1.18219631e-01 2.86742469e-01]
 [7.15184006e-02 0.00000000e+00 1.62734622e-02 4.82190138e-02
  2.04697283e-02 3.55853454e-01 0.00000000e+00 1.73554617e-01
  0.00000000e+00 1.91598761e-01 3.38996206e-01 1.27915060e-02
  2.49041067e-01 7.36141665e-02 3.59251923e-01]
 [0.00000000e+00 0.00000000e+00 0.00000000e+00 4.37332430e-02
  3.80825059e-02 7.98749980e-02 6.14120951e-02 7.73590762e-02
  3.58642951e-01 6.11414666e-01 7.31393511e-01 1.69321358e-01
  1.68228779e-01 3.96005153e-01 6.35285513e-01]
 [0.00000000e+00 0.00000000e+00 2.64878865e-02 5.10314226e-02
  1.47056003e-02 1.14320958e-01 9.38108861e-02 2.25618768e-01
  6.78245329e-01 1.41671391e+00 9.09007122e-01 3.16687393e-01
  3.88604355e-01 3.37009316e-01 6.75053053e-01]
 [0.00000000e+00 0.00000000e+00 2.15239916e-01 1.27062613e-01
  1.06949934e-04 6.10015799e-02 4.33614320e-01 5.64672282e-01
  1.39882331e+00 3.14494266e+00 2.87888559e+00 1.62805105e+00
  1.60753290e+00 2.05365458e+00 2.74435496e+00]
 [0.00000000e+00 3.31013910e-02 1.74960163e-01 2.04373953e-01
  8.34603317e-02 1.45733215e-01 2.20049801e-01 2.94221061e-01
  8.38052630e-01 2.39896784e+00 1.98731969e+00 1.48970225e+00
  1.62322578e+00 1.82106467e+00 1.80089065e+00]
 [0.00000000e+00 0.00000000e+00 1.10000492e-01 7.90571150e-02
  4.10137575e-02 8.07388074e-03 2.79762190e-01 5.35697073e-01
  1.40889168e+00 4.08373176e+00 2.91796937e+00 1.57833702e+00
  1.24729593e+00 1.52630629e+00 2.09545261e+00]
 [0.00000000e+00 5.82721017e-02 1.88462315e-01 1.82590145e-01
  5.40254605e-02 2.76441094e-01 4.98196486e-01 4.51641096e-01
  7.51315498e-01 1.74537061e+00 1.89593543e+00 9.22577092e-01
  5.42487130e-01 1.39340400e+00 1.93916123e+00]
 [3.68456108e-01 2.33381448e-01 1.81460782e-01 1.53899512e-01
  1.28888007e-01 2.17019104e-01 2.40882598e-01 5.38556124e-01
  5.70990071e-01 2.16214307e-01 2.31837477e-01 2.27953595e-01
  2.21086607e-01 1.69889641e-01 2.88360330e-01]]

4
----------------------------------------------------------------------------------
[[2.29636252e-01 1.18128090e-01 8.43986971e-02 0.00000000e+00
  3.54628210e-02 0.00000000e+00 0.00000000e+00 1.93952760e-01
  8.10543776e-02 7.46955595e-02 0.00000000e+00 2.57199868e-01
  0.00000000e+00 0.00000000e+00 9.41233976e-02]
 [3.64498545e-02 6.09293841e-02 1.09859110e-01 0.00000000e+00
  0.00000000e+00 0.00000000e+00 0.00000000e+00 1.44654025e-01
  0.00000000e+00 1.15115902e-01 0.00000000e+00 0.00000000e+00
  0.00000000e+00 0.00000000e+00 4.93958384e-02]
 [2.18936771e-02 4.08899244e-02 4.88648669e-02 0.00000000e+00
  5.90022465e-02 1.83309187e-01 1.51980887e-02 3.54839432e-02
  0.00000000e+00 1.72366617e-01 1.32973299e-02 0.00000000e+00
  0.00000000e+00 6.26807309e-02 9.73573149e-02]
 [1.80965654e-01 1.02456974e-01 9.69410916e-02 0.00000000e+00
  7.63722588e-02 0.00000000e+00 0.00000000e+00 9.72223631e-02
  3.97873876e-01 6.64089117e-02 2.46585046e-02 5.93741003e-02
  1.02597473e-01 0.00000000e+00 1.60861077e-01]
 [8.61442168e-02 8.75581924e-02 6.53347258e-02 0.00000000e+00
  1.06742807e-03 0.00000000e+00 0.00000000e+00 5.05373640e-02
  8.54756084e-02 4.89575590e-02 1.13061025e-01 0.00000000e+00
  1.52628705e-01 0.00000000e+00 1.57053395e-01]
 [1.20534258e-01 7.07646431e-02 3.24416012e-02 0.00000000e+00
  4.33000464e-02 7.00002705e-02 3.50508391e-02 9.39792036e-02
  1.86977974e-01 9.48546519e-02 9.43854168e-02 4.09733519e-02
  7.33651708e-02 9.98402488e-03 2.13467456e-01]
 [4.17034871e-02 1.14902151e-01 7.97725737e-03 0.00000000e+00
  2.14572550e-02 0.00000000e+00 0.00000000e+00 5.05803089e-02
  1.25136160e-01 6.90246243e-02 1.10268588e-01 0.00000000e+00
  9.32348259e-02 4.68005831e-03 2.54929325e-01]
 [8.50482272e-02 2.07205826e-01 2.32912050e-01 1.22100171e-01
  3.32972718e-01 0.00000000e+00 3.27296694e-02 1.43327484e-01
  5.37831145e-01 1.92697761e-01 1.62697875e-01 0.00000000e+00
  9.82881263e-02 1.99992053e-02 2.25646752e-01]
 [4.14493307e-02 1.14336656e-01 1.08958208e-03 4.04478846e-01
  2.55255553e-01 0.00000000e+00 5.69877214e-02 1.84259340e-01
  5.12399883e-01 8.90122646e-02 9.40388511e-02 6.52227058e-02
  1.61137212e-01 3.80100756e-01 7.27808410e-02]
 [1.62064311e-01 2.43137023e-01 6.45825021e-03 1.13304970e-02
  1.43561536e-01 2.37798336e-01 1.62065152e-01 9.03810117e-02
  2.63692045e-01 1.08831151e-01 0.00000000e+00 0.00000000e+00
  0.00000000e+00 2.42350642e-02 2.94579383e-01]
 [1.69165809e-01 6.42950933e-02 0.00000000e+00 5.69503740e-01
  5.73346447e-02 3.87893333e-02 1.06949779e-01 2.31951302e-01
  4.95326480e-01 1.36112613e-01 1.43885560e-01 6.84039361e-02
  5.50068144e-02 2.53477947e-01 1.97991919e-01]
 [3.06048969e-01 3.83035307e-01 2.49405319e-01 2.08917085e-01
  2.44999649e-01 5.53544080e-02 9.70046242e-02 3.01262171e-01
  3.04617641e-01 3.09390047e-01 2.52030670e-01 2.39017990e-02
  2.64384289e-03 0.00000000e+00 5.14259525e-03]
 [4.48931244e-01 2.90823078e-01 2.22454339e-01 2.59385234e-01
  6.95346095e-02 1.53004147e-01 1.45880697e-01 3.78884843e-01
  3.24472596e-01 3.12367678e-01 9.31953388e-02 0.00000000e+00
  5.29476731e-02 1.94141019e-01 1.54717386e-01]
 [1.98972588e+00 1.61433138e+00 1.04233768e+00 7.68055301e-01
  6.19116236e-01 5.33383226e-01 6.50605099e-01 5.11286793e-01
  9.16045831e-01 6.57753781e-01 3.61378601e-01 1.72104205e-02
  1.41161159e-01 1.40045500e-01 8.63252084e-02]
 [1.10158318e+00 7.96910375e-01 7.20909170e-01 4.97796311e-01
  4.72444811e-01 2.31642979e-01 3.67113400e-01 4.01104602e-01
  3.99004717e-01 4.82961475e-01 4.20294079e-01 0.00000000e+00
  5.63855285e-02 1.94506862e-02 0.00000000e+00]
 [1.06442462e+00 5.73747816e-01 3.91610483e-01 3.25002151e-01
  1.88868276e-01 2.93226101e-01 3.45322524e-01 3.18512487e-01
  2.42539354e-02 4.68759076e-01 1.95636674e-01 0.00000000e+00
  0.00000000e+00 8.60904549e-02 1.31217699e-02]
 [1.07511820e+00 1.11542727e+00 1.01548798e+00 8.16926492e-01
  7.69555936e-01 1.22089422e-01 1.32728666e-01 3.74478664e-01
  8.24765439e-01 8.88855105e-01 6.05178630e-01 8.10145121e-02
  4.96810641e-02 0.00000000e+00 1.45334079e-02]
 [1.59712585e-01 9.78721248e-02 1.30318348e-01 2.59189465e-01
  1.53405247e-01 2.16453389e-01 2.21971266e-01 1.54189918e-01
  4.63578349e-01 2.06466262e-01 2.70231228e-01 7.80453544e-01
  4.35515783e-01 2.71764880e-01 2.77904419e-01]]

5
----------------------------------------------------------------------------------
[[0.00000000e+00 9.36689957e-02 0.00000000e+00 5.01389215e-02
  0.00000000e+00 0.00000000e+00 0.00000000e+00 0.00000000e+00
  0.00000000e+00 0.00000000e+00 0.00000000e+00 1.02030753e-01
  0.00000000e+00 0.00000000e+00 2.63589514e-01]
 [0.00000000e+00 3.20015160e-01 8.27237964e-02 8.46050776e-02
  0.00000000e+00 0.00000000e+00 2.41187808e-01 0.00000000e+00
  0.00000000e+00 0.00000000e+00 0.00000000e+00 0.00000000e+00
  0.00000000e+00 0.00000000e+00 0.00000000e+00]
 [0.00000000e+00 5.75924883e-01 0.00000000e+00 1.21699454e-01
  0.00000000e+00 0.00000000e+00 1.96439559e-01 0.00000000e+00
  0.00000000e+00 0.00000000e+00 0.00000000e+00 0.00000000e+00
  0.00000000e+00 0.00000000e+00 1.74682757e-01]
 [0.00000000e+00 1.81706902e-01 0.00000000e+00 5.56486739e-02
  0.00000000e+00 2.22237157e-01 1.83101720e-02 0.00000000e+00
  0.00000000e+00 0.00000000e+00 0.00000000e+00 0.00000000e+00
  0.00000000e+00 0.00000000e+00 3.60521413e-01]
 [1.07905639e-01 1.11173982e-01 5.53007701e-02 8.35374668e-02
  0.00000000e+00 1.46240181e-01 5.64834107e-02 0.00000000e+00
  0.00000000e+00 0.00000000e+00 0.00000000e+00 0.00000000e+00
  0.00000000e+00 0.00000000e+00 8.87772274e-02]
 [1.43579163e-01 6.96812507e-02 1.79840591e-02 3.83413728e-02
  0.00000000e+00 1.03983847e-01 1.38322771e-01 0.00000000e+00
  0.00000000e+00 0.00000000e+00 0.00000000e+00 0.00000000e+00
  1.05472972e-01 0.00000000e+00 2.20274694e-01]
 [4.23870609e-02 2.05003181e-01 0.00000000e+00 5.96736851e-03
  0.00000000e+00 6.85989013e-02 1.37361491e-01 0.00000000e+00
  0.00000000e+00 0.00000000e+00 0.00000000e+00 0.00000000e+00
  7.11217558e-02 0.00000000e+00 1.24964548e-01]
 [0.00000000e+00 4.46315680e-01 0.00000000e+00 1.57678967e-01
  0.00000000e+00 8.96813422e-02 5.92403730e-02 0.00000000e+00
  3.85673812e-01 4.25802127e-01 0.00000000e+00 4.35469485e-01
  2.31452952e-01 1.35450757e-01 3.25273437e-01]
 [4.84955494e-02 1.85972231e-01 2.89335868e-02 1.00080149e-01
  5.39536795e-02 6.38445024e-02 7.39300597e-02 0.00000000e+00
  0.00000000e+00 2.81898599e-01 0.00000000e+00 1.63911750e-01
  3.80565968e-01 0.00000000e+00 2.32581905e-01]
 [6.01505831e-02 2.16944929e-01 1.36213156e-01 1.18958069e-01
  0.00000000e+00 7.84908642e-02 3.24080800e-01 0.00000000e+00
  0.00000000e+00 6.24824538e-01 1.23106493e-01 2.63285469e-01
  4.45504396e-01 7.06642534e-02 0.00000000e+00]
 [6.30497808e-02 1.83420837e-01 1.58437617e-01 1.40971281e-01
  3.99736703e-02 1.76935735e-01 1.68224572e-01 0.00000000e+00
  0.00000000e+00 4.43629420e-01 0.00000000e+00 2.92492140e-01
  5.75451236e-01 2.23594055e-01 0.00000000e+00]
 [0.00000000e+00 2.87064040e-02 1.97438226e-02 1.28916959e-01
  0.00000000e+00 0.00000000e+00 3.24830340e-02 0.00000000e+00
  9.46114688e-01 4.76579265e+00 6.36553119e+00 3.20710716e+00
  1.13653810e+00 1.02178435e-01 2.22414923e-03]
 [9.87811783e-02 1.29952101e-01 7.48377832e-02 8.91473617e-02
  7.83644641e-03 6.02876101e-04 1.87407429e-01 0.00000000e+00
  0.00000000e+00 2.60686051e+00 4.25171073e+00 3.89454431e+00
  1.44347473e+00 5.98011901e-01 9.34145975e-02]
 [4.68687620e-02 1.33194506e-01 0.00000000e+00 1.82896241e-02
  0.00000000e+00 1.12508675e-01 1.58647137e-01 0.00000000e+00
  2.11302185e+00 7.20003772e+00 1.38915910e+01 1.01312590e+01
  4.17333237e+00 1.60169144e+00 2.72389886e-01]
 [4.40859614e-03 0.00000000e+00 0.00000000e+00 0.00000000e+00
  0.00000000e+00 0.00000000e+00 4.32255070e-02 0.00000000e+00
  2.54305951e+00 4.42844285e+00 1.03067327e+01 4.80080419e+00
  1.45108422e+00 6.31812561e-01 1.17567429e-01]
 [0.00000000e+00 0.00000000e+00 2.37292149e-02 8.19801452e-02
  0.00000000e+00 5.65664484e-02 0.00000000e+00 0.00000000e+00
  0.00000000e+00 2.91919784e+00 1.56361294e+01 3.66962014e+00
  1.03184948e+00 7.64143479e-01 1.12468183e-01]
 [0.00000000e+00 5.40727929e-02 0.00000000e+00 0.00000000e+00
  0.00000000e+00 0.00000000e+00 0.00000000e+00 0.00000000e+00
  1.82992872e+00 5.92076512e+00 5.62554660e+00 2.58057982e+00
  1.18672555e+00 4.04269720e-01 0.00000000e+00]
 [7.22107188e-01 4.77631040e-01 3.81487193e-01 3.74761227e-01
  6.44512278e-01 5.36814245e-01 3.33681240e-01 6.55133855e-01
  6.95949170e-01 7.49525625e-01 2.07802302e+00 3.52447986e-01
  5.46316773e-01 3.55177002e-01 3.54049244e-01]]

6
----------------------------------------------------------------------------------
[[5.72186435e-02 0.00000000e+00 0.00000000e+00 0.00000000e+00
  0.00000000e+00 8.81781980e-02 6.76048360e-02 0.00000000e+00
  0.00000000e+00 0.00000000e+00 5.55186773e-02 0.00000000e+00
  2.44446663e-01 9.42777627e-03 0.00000000e+00]
 [8.78944688e-02 0.00000000e+00 0.00000000e+00 0.00000000e+00
  0.00000000e+00 0.00000000e+00 0.00000000e+00 0.00000000e+00
  0.00000000e+00 0.00000000e+00 0.00000000e+00 2.40115264e-01
  2.32160304e-02 0.00000000e+00 3.41235246e-02]
 [3.21400547e-02 1.11820012e-01 9.79673071e-02 0.00000000e+00
  0.00000000e+00 0.00000000e+00 1.29899283e-01 0.00000000e+00
  0.00000000e+00 0.00000000e+00 0.00000000e+00 7.85621497e-02
  2.39139754e-01 0.00000000e+00 0.00000000e+00]
 [1.36390931e-01 8.52797234e-02 0.00000000e+00 0.00000000e+00
  0.00000000e+00 1.62596858e-01 1.70285603e-01 1.89600104e-01
  1.08073651e-02 0.00000000e+00 8.99934860e-02 0.00000000e+00
  6.99606852e-02 1.79639843e-02 6.03412742e-02]
 [8.04419314e-02 1.24364982e-01 7.48844999e-02 0.00000000e+00
  0.00000000e+00 1.06279206e-01 1.82199365e-01 5.95784594e-02
  0.00000000e+00 0.00000000e+00 0.00000000e+00 1.03161753e-01
  0.00000000e+00 0.00000000e+00 0.00000000e+00]
 [7.10382931e-02 1.96568315e-01 4.25681506e-03 0.00000000e+00
  0.00000000e+00 4.02960791e-01 2.62016487e-01 2.08141378e-01
  7.45753391e-03 0.00000000e+00 1.44996610e-01 1.03987655e-01
  2.40356315e-01 0.00000000e+00 6.49118667e-02]
 [1.07664576e-01 1.55679259e-01 3.63102947e-02 1.60494348e-03
  0.00000000e+00 3.31686175e-02 6.05400642e-02 0.00000000e+00
  0.00000000e+00 0.00000000e+00 4.83936606e-03 3.25798224e-02
  1.11447440e-02 0.00000000e+00 8.39746356e-03]
 [1.64244516e-01 2.18679226e-04 0.00000000e+00 0.00000000e+00
  0.00000000e+00 0.00000000e+00 0.00000000e+00 5.08616239e-02
  0.00000000e+00 0.00000000e+00 0.00000000e+00 0.00000000e+00
  2.82929466e-02 4.65253992e-02 4.96932362e-03]
 [1.09888765e-01 5.20707418e-02 0.00000000e+00 0.00000000e+00
  0.00000000e+00 2.27157864e-01 1.13188902e-01 2.79324367e-01
  0.00000000e+00 0.00000000e+00 9.86055567e-02 0.00000000e+00
  7.33944477e-02 0.00000000e+00 5.29861177e-02]
 [4.73721878e-02 7.66935120e-02 0.00000000e+00 0.00000000e+00
  0.00000000e+00 4.68629925e-01 1.81820533e-01 0.00000000e+00
  0.00000000e+00 1.15136754e-02 0.00000000e+00 7.39972933e-02
  5.95050271e-02 0.00000000e+00 0.00000000e+00]
 [5.11793172e-02 1.76153078e-01 0.00000000e+00 0.00000000e+00
  8.98048937e-02 3.99182283e-01 2.43488430e-01 1.19041172e-01
  1.56218375e-02 1.51282267e-02 9.94286072e-02 2.56066343e-03
  1.45355241e-01 0.00000000e+00 8.53711146e-04]
 [5.43156042e-02 0.00000000e+00 0.00000000e+00 0.00000000e+00
  0.00000000e+00 0.00000000e+00 0.00000000e+00 0.00000000e+00
  2.93442611e-02 0.00000000e+00 0.00000000e+00 7.93293774e-02
  0.00000000e+00 6.77610591e-02 2.43505361e-03]
 [9.08630061e-02 0.00000000e+00 0.00000000e+00 0.00000000e+00
  0.00000000e+00 5.37854020e-02 3.19559332e-02 0.00000000e+00
  0.00000000e+00 0.00000000e+00 0.00000000e+00 0.00000000e+00
  0.00000000e+00 0.00000000e+00 0.00000000e+00]
 [1.32734332e-01 0.00000000e+00 0.00000000e+00 0.00000000e+00
  0.00000000e+00 1.24556841e-01 1.61532800e-01 5.19456084e-02
  0.00000000e+00 0.00000000e+00 1.18394371e-01 0.00000000e+00
  0.00000000e+00 0.00000000e+00 0.00000000e+00]
 [2.57855977e-01 0.00000000e+00 0.00000000e+00 0.00000000e+00
  0.00000000e+00 1.21200301e-01 1.62959711e-01 0.00000000e+00
  0.00000000e+00 0.00000000e+00 0.00000000e+00 2.02239173e-02
  0.00000000e+00 0.00000000e+00 0.00000000e+00]
 [2.54757956e-01 4.77689400e-02 0.00000000e+00 0.00000000e+00
  0.00000000e+00 7.75350185e-02 0.00000000e+00 0.00000000e+00
  3.34190124e-02 0.00000000e+00 0.00000000e+00 1.42228977e-02
  3.15470312e-02 0.00000000e+00 0.00000000e+00]
 [2.62782407e-01 0.00000000e+00 0.00000000e+00 0.00000000e+00
  0.00000000e+00 6.10410193e-02 0.00000000e+00 0.00000000e+00
  0.00000000e+00 0.00000000e+00 0.00000000e+00 1.20895679e-02
  0.00000000e+00 0.00000000e+00 1.15476501e-02]
 [1.23165207e-01 4.09603191e-01 4.02227814e-01 4.53873919e-01
  5.01831254e-01 2.99533440e-01 4.08778921e-01 7.32970759e-01
  4.99271381e-01 8.37996375e-01 6.12091570e-01 3.71717903e-01
  6.46006745e-01 3.16562229e-01 1.84433049e-01]]

7
----------------------------------------------------------------------------------
[[4.03394786e-02 4.33808899e-02 7.44809452e-02 2.35019602e-03
  2.32035145e-02 3.81093857e-02 0.00000000e+00 1.09696281e-01
  9.43414524e-02 0.00000000e+00 0.00000000e+00 1.27255070e-01
  7.67874466e-03 1.25508490e-01 1.47199409e-01]
 [0.00000000e+00 0.00000000e+00 0.00000000e+00 0.00000000e+00
  0.00000000e+00 2.12153112e-02 2.15675334e-02 8.75741378e-02
  8.47603875e-02 0.00000000e+00 0.00000000e+00 1.04069527e-01
  0.00000000e+00 9.61827259e-02 1.91715891e-01]
 [2.48471499e-02 1.25535932e-01 1.24389116e-02 5.76022680e-03
  0.00000000e+00 2.73300980e-02 2.92009072e-02 7.93872610e-02
  1.56382286e-01 8.15314718e-02 4.07868968e-02 1.50953418e-01
  0.00000000e+00 8.62839692e-02 1.38774854e-01]
 [1.19802347e-01 8.59940515e-02 8.77956493e-02 8.00793444e-02
  8.82618891e-02 5.21093172e-02 1.78373123e-01 0.00000000e+00
  1.90290366e-01 0.00000000e+00 0.00000000e+00 3.82439190e-01
  6.39829593e-02 1.07454152e-01 1.80307064e-01]
 [9.55217387e-03 3.14254266e-02 7.44174916e-02 4.13043576e-02
  0.00000000e+00 1.59600022e-02 4.41213576e-02 7.70665338e-03
  1.79282139e-01 4.11374449e-02 4.61172160e-02 1.42504137e-01
  2.26575201e-02 7.28069524e-02 1.38846181e-01]
 [2.72905737e-02 2.25642157e-01 0.00000000e+00 6.26338045e-02
  0.00000000e+00 1.19225400e-01 8.45491772e-02 1.09978391e-02
  7.07820719e-02 2.21789204e-01 2.34981490e-02 4.30964826e-01
  5.86610919e-03 2.56654182e-02 1.23295693e-01]
 [4.00790559e-02 1.85308875e-01 0.00000000e+00 1.06731365e-02
  0.00000000e+00 1.26542779e-01 7.31859033e-03 2.87070466e-02
  6.51033399e-02 7.25324531e-02 6.63954422e-02 2.27502814e-01
  0.00000000e+00 6.62919840e-02 4.97921040e-02]
 [1.34179664e-01 8.93014868e-02 0.00000000e+00 9.37521112e-02
  1.87523474e-02 6.19677268e-02 2.28343724e-01 6.50762926e-02
  3.23215354e-01 2.52767607e-04 3.18487869e-05 1.50431597e-01
  0.00000000e+00 3.34445837e-02 1.67899065e-01]
 [7.40623873e-02 1.64936450e-01 0.00000000e+00 9.59934972e-02
  0.00000000e+00 1.21889751e-01 1.66620891e-01 2.18825364e-02
  2.32428741e-01 9.60483196e-03 0.00000000e+00 3.35258075e-01
  3.00843868e-02 1.38899827e-01 4.92759008e-02]
 [1.65936671e-02 9.21621916e-02 0.00000000e+00 4.69674746e-02
  0.00000000e+00 1.20368698e-01 0.00000000e+00 3.03088760e-02
  6.25077744e-02 9.02807111e-02 0.00000000e+00 2.73149779e-01
  0.00000000e+00 8.22926488e-02 4.54492300e-02]
 [1.04944957e-02 1.21053110e-01 0.00000000e+00 7.45405321e-02
  0.00000000e+00 1.48473261e-01 2.00142160e-02 0.00000000e+00
  7.11815895e-02 1.06643624e-01 0.00000000e+00 4.26168833e-01
  0.00000000e+00 4.56416148e-02 1.33944470e-01]
 [6.91604333e-02 2.02639287e-02 4.52938533e-02 1.57119629e-03
  0.00000000e+00 2.92992933e-02 3.63093338e-02 0.00000000e+00
  1.16718279e-01 0.00000000e+00 0.00000000e+00 1.73248740e-01
  0.00000000e+00 7.81996030e-02 1.09546513e-01]
 [0.00000000e+00 6.05097153e-02 0.00000000e+00 2.30659088e-02
  3.26355854e-04 8.50854255e-02 1.08056974e-01 1.60822393e-03
  6.60174267e-02 0.00000000e+00 0.00000000e+00 1.70653099e-01
  0.00000000e+00 1.28966118e-02 4.45152947e-02]
 [6.11435465e-03 0.00000000e+00 0.00000000e+00 7.61620720e-02
  2.22202732e-02 8.01792300e-02 1.68579304e-03 0.00000000e+00
  1.24281044e-01 0.00000000e+00 0.00000000e+00 1.65860238e-01
  1.00801312e-02 6.99488732e-02 6.96835266e-02]
 [2.51340252e-03 3.15507756e-05 0.00000000e+00 1.11088958e-01
  6.94031935e-03 4.50293625e-02 3.52844323e-02 2.64494484e-02
  1.09222058e-01 0.00000000e+00 0.00000000e+00 1.26207057e-01
  1.39682421e-02 8.27982528e-02 8.97200669e-02]
 [1.89664749e-02 1.07971520e-02 2.61078594e-02 1.38684860e-01
  0.00000000e+00 7.47505983e-02 0.00000000e+00 4.37542985e-02
  9.52360954e-02 0.00000000e+00 0.00000000e+00 7.33788025e-03
  9.48459795e-02 5.72242448e-02 0.00000000e+00]
 [4.24925597e-02 7.10121102e-02 0.00000000e+00 1.10416227e-01
  0.00000000e+00 0.00000000e+00 9.53999362e-03 6.30216151e-02
  8.54589193e-02 0.00000000e+00 0.00000000e+00 0.00000000e+00
  0.00000000e+00 5.18091618e-02 1.21781842e-01]
 [1.38081280e-01 2.47671212e-01 2.54463457e-01 1.79288190e-01
  2.59166057e-01 1.81616168e-01 2.81804295e-01 1.39618965e-01
  1.03539248e-01 4.24657815e-01 3.90905063e-01 3.14717987e-01
  2.80442082e-01 1.54013392e-01 1.01491491e-01]]

7
----------------------------------------------------------------------------------
[[0.23865013 0.31153958 0.         0.        ]
 [0.11782874 0.         0.02127097 0.        ]
 [0.15202703 0.         0.         0.        ]
 [0.45548235 0.3087996  0.         0.        ]
 [0.23607691 0.03381521 0.         0.        ]
 [0.28138358 0.05033161 0.         0.25070879]
 [0.15177601 0.         0.00327632 0.        ]
 [0.33071963 0.39231602 0.         0.        ]
 [0.35369303 0.20744644 0.         0.        ]
 [0.25909571 0.14423089 0.00937736 0.18786204]
 [0.22799328 0.01270795 0.03053886 0.23765743]
 [0.16611543 0.05527257 0.         0.        ]
 [0.1066729  0.         0.         0.        ]
 [0.12389186 0.         0.11944206 0.19987194]
 [0.11256177 0.         0.06621656 0.02353978]
 [0.12337216 0.0687072  0.00551957 0.08779414]
 [0.15352219 0.16620737 0.03803702 0.        ]
 [0.16175082 0.31975173 0.23524422 0.58315554]]