

1
----------------------------------------------------------------------------------
[[1.23079595e-01 0.00000000e+00 0.00000000e+00 0.00000000e+00
  0.00000000e+00 1.67847359e-02 2.54992467e-02 3.20156608e-02
  0.00000000e+00 2.60702484e-02 2.39671451e-02 0.00000000e+00
  1.50096931e-01 0.00000000e+00 1.68931296e-01]
 [0.00000000e+00 4.07623971e-02 0.00000000e+00 0.00000000e+00
  1.84561156e-03 1.81971677e-02 4.88717873e-02 0.00000000e+00
  0.00000000e+00 0.00000000e+00 5.17278740e-02 0.00000000e+00
  0.00000000e+00 0.00000000e+00 1.22259115e-01]
 [0.00000000e+00 6.44097378e-02 0.00000000e+00 6.55564961e-02
  0.00000000e+00 3.41199312e-02 1.21536568e-01 2.12993776e-02
  1.73226100e-03 0.00000000e+00 0.00000000e+00 0.00000000e+00
  0.00000000e+00 0.00000000e+00 2.10224020e-01]
 [7.00244762e-02 0.00000000e+00 9.47253334e-02 0.00000000e+00
  4.99731959e-02 0.00000000e+00 0.00000000e+00 6.14852899e-02
  0.00000000e+00 2.93411589e-02 1.18459876e-01 0.00000000e+00
  0.00000000e+00 5.05963513e-02 2.66088531e-01]
 [5.23151274e-02 5.00223414e-03 0.00000000e+00 0.00000000e+00
  0.00000000e+00 0.00000000e+00 6.44584018e-02 7.31740825e-03
  0.00000000e+00 0.00000000e+00 5.13440883e-03 0.00000000e+00
  0.00000000e+00 0.00000000e+00 3.29903667e-01]
 [6.11798259e-02 0.00000000e+00 0.00000000e+00 5.49342629e-02
  0.00000000e+00 0.00000000e+00 5.29150865e-02 3.52923865e-02
  0.00000000e+00 0.00000000e+00 1.37519391e-01 4.15667394e-02
  0.00000000e+00 0.00000000e+00 1.66054779e-01]
 [8.50917976e-02 0.00000000e+00 3.32116408e-02 6.78470717e-02
  0.00000000e+00 6.31983636e-03 7.80095256e-02 0.00000000e+00
  0.00000000e+00 2.24534567e-04 3.50574551e-02 1.63160091e-02
  0.00000000e+00 0.00000000e+00 2.22201903e-01]
 [5.44691051e-02 0.00000000e+00 0.00000000e+00 0.00000000e+00
  0.00000000e+00 0.00000000e+00 0.00000000e+00 7.31321836e-02
  0.00000000e+00 0.00000000e+00 0.00000000e+00 0.00000000e+00
  5.78320257e-01 1.01351100e-01 9.92907367e-01]
 [1.23704796e-01 3.47706703e-03 6.42613160e-02 0.00000000e+00
  4.24220632e-02 0.00000000e+00 0.00000000e+00 1.45565837e-02
  0.00000000e+00 4.93339072e-02 9.27954913e-02 4.57073590e-02
  3.37715813e-01 0.00000000e+00 7.45039558e-01]
 [0.00000000e+00 0.00000000e+00 0.00000000e+00 1.13846108e-01
  0.00000000e+00 0.00000000e+00 1.16137695e-01 0.00000000e+00
  2.44261068e-02 0.00000000e+00 2.14734297e-02 8.17124794e-02
  0.00000000e+00 0.00000000e+00 1.03578622e+00]
 [6.77302513e-02 0.00000000e+00 4.52023086e-02 1.24117979e-02
  0.00000000e+00 0.00000000e+00 1.23277185e-01 0.00000000e+00
  1.29898291e-02 0.00000000e+00 1.65661116e-01 1.40309314e-01
  0.00000000e+00 0.00000000e+00 8.16305823e-01]
 [8.74147562e-02 0.00000000e+00 9.21409493e-03 0.00000000e+00
  1.39037775e-02 0.00000000e+00 0.00000000e+00 3.10677993e-02
  0.00000000e+00 4.56694130e-02 4.03941366e-03 2.08458330e-01
  1.68571686e+00 1.31282305e+00 1.81793398e+00]
 [0.00000000e+00 0.00000000e+00 0.00000000e+00 1.92753442e-02
  0.00000000e+00 0.00000000e+00 1.06257929e-01 0.00000000e+00
  0.00000000e+00 0.00000000e+00 2.90857521e-02 2.62121076e-01
  4.06326720e-01 3.03660146e-01 1.72420799e+00]
 [7.30818083e-02 0.00000000e+00 2.65070037e-01 1.63547519e-01
  1.91785476e-01 1.23841270e-01 6.39808000e-02 3.02577650e-02
  1.01213970e-01 6.28488391e-02 4.69655232e-02 6.70483457e-01
  4.04925065e+00 4.24406705e+00 4.91828059e+00]
 [0.00000000e+00 0.00000000e+00 2.45397497e-01 1.82578832e-01
  2.71103344e-01 1.99420693e-01 2.17887301e-01 5.98708792e-02
  1.20578352e-01 1.41957591e-01 1.97077890e-01 1.15194263e+00
  5.22512360e+00 5.21926335e+00 5.70253234e+00]
 [0.00000000e+00 2.50615875e-02 2.19140693e-01 2.48724021e-01
  3.41630275e-01 2.24678148e-01 1.68860619e-01 0.00000000e+00
  7.48405138e-02 1.57042828e-01 2.00824947e-01 3.04660277e+00
  9.99690921e+00 7.57911172e+00 7.41411828e+00]
 [2.76694337e-02 0.00000000e+00 2.40483262e-01 3.02129085e-02
  0.00000000e+00 0.00000000e+00 4.82838402e-02 6.02212934e-02
  5.55792481e-02 2.71561533e-01 1.66930838e-01 1.02012123e+00
  6.38429432e+00 6.34242430e+00 5.82204158e+00]
 [3.18536173e-01 1.82328349e-01 2.09385449e-01 1.74798571e-01
  2.74273715e-01 1.89329425e-01 1.79613268e-01 1.63993938e-01
  1.90939063e-01 3.72607133e-01 1.59721165e-01 2.96050849e-01
  4.54943314e-01 3.79554545e-01 1.30409557e-01]]

2
----------------------------------------------------------------------------------
[[0.00000000e+00 2.96940049e-01 1.18295217e-01 0.00000000e+00
  8.88806766e-02 0.00000000e+00 0.00000000e+00 0.00000000e+00
  0.00000000e+00 1.61506007e-01 2.05369178e-01 0.00000000e+00
  2.11716253e-01 1.26596726e-01 2.32271626e-01]
 [0.00000000e+00 0.00000000e+00 3.52513979e-02 0.00000000e+00
  2.21333860e-02 0.00000000e+00 5.62364624e-02 0.00000000e+00
  0.00000000e+00 6.98506645e-02 3.83288945e-02 0.00000000e+00
  0.00000000e+00 5.91739176e-02 0.00000000e+00]
 [0.00000000e+00 0.00000000e+00 6.80829239e-02 0.00000000e+00
  0.00000000e+00 2.20649073e-02 0.00000000e+00 4.44924960e-02
  0.00000000e+00 1.34284118e-01 1.76135271e-01 0.00000000e+00
  0.00000000e+00 4.38232866e-02 0.00000000e+00]
 [0.00000000e+00 3.03008321e-01 1.61560283e-01 0.00000000e+00
  1.40202748e-02 0.00000000e+00 0.00000000e+00 0.00000000e+00
  0.00000000e+00 2.12473100e-01 7.38011129e-02 0.00000000e+00
  1.98196711e-01 1.07577290e-02 2.01519756e-01]
 [0.00000000e+00 1.74133055e-01 0.00000000e+00 0.00000000e+00
  0.00000000e+00 0.00000000e+00 0.00000000e+00 0.00000000e+00
  1.59675652e-02 1.28950728e-01 2.81317849e-02 0.00000000e+00
  5.62674655e-02 1.30583925e-02 8.57579924e-02]
 [8.78981064e-02 2.20009575e-02 0.00000000e+00 0.00000000e+00
  0.00000000e+00 0.00000000e+00 0.00000000e+00 8.12601641e-03
  0.00000000e+00 3.14758536e-01 9.15795821e-02 0.00000000e+00
  0.00000000e+00 1.67733383e-01 3.62107393e-02]
 [5.43968981e-04 1.05362742e-01 0.00000000e+00 0.00000000e+00
  0.00000000e+00 0.00000000e+00 0.00000000e+00 3.53536906e-02
  0.00000000e+00 1.53319115e-01 2.69277132e-02 0.00000000e+00
  0.00000000e+00 3.47240701e-02 8.54016276e-02]
 [2.83043881e-01 5.07011511e-01 3.42820156e-01 5.66136546e-01
  8.88546832e-02 2.77043190e-01 2.19525124e-01 3.29036091e-01
  3.20374837e-01 3.43083918e-02 7.94809716e-02 5.99690526e-02
  2.55653976e-01 0.00000000e+00 7.96919891e-02]
 [7.03402686e-02 4.98144023e-01 2.60052365e-01 4.05697088e-01
  5.69714912e-02 2.04808265e-01 7.32017424e-02 2.52796757e-01
  2.38758869e-01 9.96635925e-02 7.72828367e-02 1.12583499e-01
  2.15406762e-01 0.00000000e+00 1.05516499e-01]
 [1.76517116e-01 4.17384666e-01 1.78904853e-01 2.81873518e-02
  3.62216422e-01 3.01181092e-01 2.04291884e-01 4.02751765e-01
  1.30914553e-01 1.85000294e-01 1.93402492e-01 0.00000000e+00
  0.00000000e+00 7.50236401e-02 3.68455593e-02]
 [6.00453043e-02 3.32779366e-01 2.21388667e-01 1.26612465e-01
  1.39516731e-01 1.38557103e-01 1.35850623e-01 1.43654103e-01
  0.00000000e+00 1.66714214e-01 1.96866098e-01 3.94765512e-02
  0.00000000e+00 3.07971028e-02 1.22176675e-01]
 [3.53959548e-01 5.78012492e-01 5.21639563e-01 6.70482465e-01
  2.67750835e-01 4.91500563e-01 2.92672344e-01 4.39335453e-01
  4.81503789e-01 3.09941918e-01 1.17453880e-01 1.38375353e-01
  1.75354578e-01 8.30005782e-02 4.47227509e-02]
 [6.02152486e-02 4.59822777e-01 3.59881234e-01 3.62067514e-01
  3.38129903e-01 3.19186935e-01 2.82777928e-01 2.95352548e-01
  3.48326003e-01 2.19794600e-01 2.75270266e-01 2.11398767e-01
  0.00000000e+00 5.96835145e-02 3.18005092e-03]
 [1.16247742e+00 1.64465388e+00 1.18856284e+00 1.39184730e+00
  9.52493696e-01 8.36761471e-01 8.26448397e-01 8.52427545e-01
  1.00153328e+00 5.01596850e-01 4.90985277e-01 5.21846286e-01
  2.46180160e-02 1.44502965e-01 1.00523726e-01]
 [1.62027094e+00 1.65812676e+00 1.34452575e+00 1.46114117e+00
  1.10737857e+00 7.76658530e-01 6.95138910e-01 9.61192495e-01
  1.19720455e+00 6.60148171e-01 6.64403262e-01 5.35323138e-01
  1.81659765e-01 1.22671680e-01 0.00000000e+00]
 [1.49699470e+00 1.75373975e+00 1.07518226e+00 1.35297321e+00
  1.07520888e+00 1.00074189e+00 8.25972730e-01 1.05726824e+00
  1.17854965e+00 4.54000437e-01 6.47456186e-01 3.60888306e-01
  1.93760438e-01 2.35003818e-01 8.74585491e-02]
 [2.21938202e+00 1.50515669e+00 1.51611583e+00 1.60302021e+00
  9.66508412e-01 8.51447164e-01 7.51483190e-01 1.05797250e+00
  1.08952971e+00 8.31436035e-01 7.94264056e-01 7.16582082e-01
  2.57192285e-01 1.51084745e-01 4.53456411e-02]
 [3.84812838e-01 2.02653988e-01 1.64206879e-01 4.87104723e-01
  2.67665388e-01 2.14935088e-01 2.14769512e-01 2.17601864e-01
  2.23215424e-01 8.57131797e-02 1.12634945e-01 4.08519653e-01
  3.49732061e-01 1.91034877e-01 3.51976551e-01]]

3
----------------------------------------------------------------------------------
[[6.89358481e-02 4.81608291e-02 7.65319221e-02 0.00000000e+00
  0.00000000e+00 0.00000000e+00 0.00000000e+00 6.32083530e-02
  3.95302309e-02 4.39480037e-02 1.42603844e-01 1.75338240e-01
  1.04741100e-01 0.00000000e+00 0.00000000e+00]
 [0.00000000e+00 6.19326426e-02 0.00000000e+00 0.00000000e+00
  0.00000000e+00 0.00000000e+00 0.00000000e+00 0.00000000e+00
  4.93057475e-02 8.60941445e-02 0.00000000e+00 1.27999495e-01
  5.55596057e-02 0.00000000e+00 0.00000000e+00]
 [7.17440594e-02 8.41743006e-02 5.95494849e-02 0.00000000e+00
  0.00000000e+00 0.00000000e+00 0.00000000e+00 2.13823334e-01
  3.33717286e-02 3.70296889e-02 0.00000000e+00 6.76550322e-02
  9.34835668e-02 0.00000000e+00 0.00000000e+00]
 [2.12106385e-01 3.74845232e-02 2.35199201e-01 8.29523703e-03
  5.35595866e-02 1.31726663e-02 0.00000000e+00 1.68836194e-01
  1.66221505e-01 1.07666824e-02 1.01618393e-01 8.26424861e-02
  2.77731265e-01 0.00000000e+00 0.00000000e+00]
 [1.57750667e-01 3.73297000e-02 1.44320439e-01 4.13908978e-02
  3.60621462e-02 4.37236610e-02 0.00000000e+00 1.57586597e-01
  1.47997930e-01 2.36279678e-02 1.05481981e-01 3.02084482e-02
  1.36140733e-01 0.00000000e+00 0.00000000e+00]
 [6.61838790e-02 5.52953617e-02 4.60263221e-02 0.00000000e+00
  0.00000000e+00 0.00000000e+00 0.00000000e+00 1.31499912e-01
  8.94108960e-02 0.00000000e+00 8.20033589e-02 8.46839200e-02
  6.45817371e-02 5.95704223e-02 8.96736506e-03]
 [1.40499438e-01 5.43699993e-02 0.00000000e+00 2.73095947e-02
  0.00000000e+00 0.00000000e+00 0.00000000e+00 9.89843581e-02
  1.12166744e-01 4.82016206e-03 1.29148524e-01 4.50599784e-02
  8.10807359e-02 2.58286927e-02 0.00000000e+00]
 [2.60915340e-01 1.39454545e-02 3.01561047e-01 0.00000000e+00
  0.00000000e+00 0.00000000e+00 0.00000000e+00 1.54763123e-01
  9.76788190e-02 0.00000000e+00 1.43969691e-01 7.42288039e-02
  1.61020133e-01 7.95785273e-01 1.32882766e-01]
 [3.69424463e-01 1.20147041e-02 2.31510215e-01 0.00000000e+00
  5.34612385e-02 0.00000000e+00 0.00000000e+00 1.55184316e-01
  1.05107379e-01 0.00000000e+00 2.25563661e-01 1.12782087e-02
  1.68513939e-01 1.83879943e+00 3.39860417e-01]
 [1.12103568e-01 5.78465865e-02 5.54811955e-03 0.00000000e+00
  0.00000000e+00 0.00000000e+00 0.00000000e+00 1.29669772e-01
  0.00000000e+00 0.00000000e+00 6.33121640e-02 0.00000000e+00
  0.00000000e+00 2.45098291e-02 0.00000000e+00]
 [1.42268223e-01 9.36466166e-02 8.90570702e-02 0.00000000e+00
  0.00000000e+00 0.00000000e+00 0.00000000e+00 1.63686016e-01
  1.84912989e-01 3.41340310e-02 2.16222143e-01 6.37846309e-02
  5.73451258e-01 1.47519491e+00 1.77670085e-01]
 [1.34186313e-01 7.76292338e-02 1.09050425e-01 9.92309438e-03
  0.00000000e+00 0.00000000e+00 0.00000000e+00 0.00000000e+00
  0.00000000e+00 0.00000000e+00 1.78571542e-02 4.87297691e-02
  2.88297955e-02 5.15774190e-01 7.60188863e-02]
 [0.00000000e+00 1.01595663e-01 0.00000000e+00 0.00000000e+00
  0.00000000e+00 0.00000000e+00 0.00000000e+00 0.00000000e+00
  0.00000000e+00 0.00000000e+00 9.15356765e-04 4.60689472e-02
  3.47220501e-01 4.73293621e-01 2.20518695e-02]
 [2.19366022e-01 0.00000000e+00 1.10172851e-01 0.00000000e+00
  4.74719811e-02 0.00000000e+00 5.71271751e-02 1.25400940e-01
  4.99924410e-02 0.00000000e+00 2.18558382e-02 9.54576065e-02
  9.31524733e-02 1.73715033e-01 2.28445106e-03]
 [1.95841021e-01 8.41331061e-02 1.04317823e-01 0.00000000e+00
  3.33131251e-02 0.00000000e+00 0.00000000e+00 0.00000000e+00
  0.00000000e+00 0.00000000e+00 0.00000000e+00 9.01825723e-02
  6.08710145e-02 1.08945850e-01 2.56787569e-02]
 [6.27540727e-02 5.98676059e-02 1.40137948e-02 7.16364644e-02
  0.00000000e+00 0.00000000e+00 0.00000000e+00 9.74931909e-02
  0.00000000e+00 0.00000000e+00 4.18392998e-02 1.15175819e-01
  3.18090777e-02 1.11495133e-01 0.00000000e+00]
 [3.36581493e-01 6.41549882e-02 1.05079359e-01 0.00000000e+00
  3.33895587e-03 0.00000000e+00 0.00000000e+00 0.00000000e+00
  4.05627232e-02 0.00000000e+00 1.74239294e-02 1.10266225e-01
  5.37139254e-02 8.89181435e-02 1.04993435e-01]
 [1.79963088e-01 8.21272699e-02 3.03953630e-01 2.57166032e-01
  4.18214479e-01 5.45783722e-01 3.66019637e-01 2.13482253e-01
  1.95984973e-01 1.68952208e-01 3.59122442e-01 7.21023274e-02
  1.11889623e-01 1.93908194e-01 2.34445898e-01]]

4
----------------------------------------------------------------------------------
[[0.10052658 0.23448216 0.12806974 0.         0.         0.
  0.01663851 0.         0.0400375  0.01174099 0.         0.12129074
  0.16906611 0.         0.11830185]
 [0.08228814 0.02000319 0.         0.         0.         0.
  0.         0.00701529 0.05078528 0.01782073 0.04546442 0.
  0.         0.         0.0688923 ]
 [0.14058951 0.04394361 0.         0.         0.         0.
  0.03287683 0.         0.01383206 0.         0.         0.
  0.         0.         0.08085032]
 [0.07472984 0.31666408 0.22757706 0.         0.         0.0746973
  0.16900531 0.07136189 0.05368321 0.         0.07691097 0.13285855
  0.24494759 0.         0.20215653]
 [0.02906132 0.1424448  0.08096681 0.         0.         0.06133037
  0.10589605 0.03107595 0.         0.         0.07221612 0.07535775
  0.15676873 0.         0.08457463]
 [0.10085398 0.15518722 0.         0.         0.         0.00531982
  0.10583663 0.07196668 0.01338014 0.         0.         0.
  0.11067917 0.         0.12649429]
 [0.08723624 0.11206512 0.03049679 0.         0.         0.05170921
  0.02141994 0.05763762 0.01786997 0.         0.         0.00270448
  0.19762913 0.         0.07788326]
 [0.0027698  0.35283177 0.29569801 0.         0.         0.23579127
  0.07460428 0.07451989 0.15297746 0.10485773 0.1495741  0.08244306
  0.32686885 0.         0.23845077]
 [0.09279089 0.26977756 0.31335679 0.         0.         0.40232854
  0.10551888 0.02496589 0.04602179 0.40158966 0.32494874 0.
  0.35349128 0.04895895 0.21776404]
 [0.09495808 0.         0.09581077 0.         0.         0.0263882
  0.05586374 0.03535663 0.04082896 0.         0.         0.
  0.06658067 0.         0.06258489]
 [0.23382053 0.12470071 0.18019833 0.         0.         0.40218024
  0.19712912 0.14620646 0.00802671 0.91513105 0.01762752 0.
  0.19509565 0.0128993  0.23713726]
 [0.01857527 0.14235963 0.01740267 0.         0.         0.
  0.         0.         0.17038192 0.         0.         0.
  0.06246538 0.         0.07570809]
 [0.08308847 0.         0.03897172 0.         0.         0.
  0.04042208 0.0682965  0.         0.18783732 0.         0.
  0.         0.         0.01245501]
 [0.07151762 0.15517484 0.21585314 0.00691732 0.0317168  0.12129208
  0.05133743 0.12418685 0.01818435 0.         0.         0.
  0.24384672 0.         0.16878775]
 [0.09268897 0.028527   0.05739546 0.00293377 0.21240695 0.
  0.01889929 0.04148667 0.08021285 0.         0.00853048 0.
  0.06966127 0.         0.0733289 ]
 [0.12921765 0.         0.07779016 0.         0.         0.14406813
  0.09733499 0.         0.04023438 0.         0.         0.
  0.0552434  0.00862008 0.13060426]
 [0.04564644 0.0844733  0.15748486 0.         0.28922349 0.
  0.         0.         0.06928616 0.         0.         0.
  0.25906094 0.         0.011472  ]
 [0.06962795 0.21023218 0.31903264 0.26072688 0.28028149 0.30345358
  0.20523677 0.25586678 0.1385963  0.19929828 0.23855186 0.38926438
  0.40171796 0.31084553 0.1220659 ]]

5
----------------------------------------------------------------------------------
[[0.06657756 0.08115956 0.00269462 0.         0.         0.
  0.08309656 0.07561941 0.         0.         0.         0.
  0.         0.         0.04584357]
 [0.04010562 0.1175883  0.         0.         0.         0.
  0.03238922 0.08635283 0.0034989  0.         0.         0.
  0.         0.         0.        ]
 [0.06640969 0.13827002 0.01791038 0.         0.         0.
  0.10205055 0.08439681 0.00487387 0.04444454 0.         0.
  0.07257508 0.         0.        ]
 [0.11629385 0.04399009 0.09991256 0.         0.         0.
  0.14558912 0.07576199 0.10368773 0.         0.         0.
  0.         0.03625206 0.        ]
 [0.13327846 0.         0.05145512 0.         0.         0.
  0.09524608 0.04033406 0.04790035 0.         0.01112684 0.
  0.         0.         0.        ]
 [0.1289993  0.         0.01133059 0.         0.         0.
  0.10931513 0.04970305 0.05835117 0.         0.01754582 0.
  0.         0.         0.        ]
 [0.14254458 0.         0.01592776 0.         0.         0.
  0.05737283 0.04962228 0.04631854 0.         0.06200849 0.
  0.         0.         0.        ]
 [0.12538496 0.0936931  0.11619468 0.         0.08661457 0.
  0.14587642 0.02473324 0.10708784 0.06070338 0.         0.09884752
  0.00343775 0.12743585 0.        ]
 [0.21898682 0.06619751 0.11062544 0.         0.129692   0.
  0.12922276 0.00874041 0.11667033 0.05376054 0.02429097 0.13191459
  0.03627449 0.13966124 0.        ]
 [0.1553254  0.         0.05051917 0.04891902 0.         0.
  0.04633893 0.01344518 0.01168999 0.         0.02473618 0.
  0.04592583 0.08912098 0.        ]
 [0.06513201 0.033283   0.00857721 0.         0.09000037 0.
  0.05396566 0.03711617 0.08322464 0.00385855 0.06953737 0.07947022
  0.03115967 0.08603006 0.        ]
 [0.05334852 0.02285167 0.10243318 0.         0.00065789 0.
  0.04073333 0.         0.01640524 0.04351218 0.         0.08010222
  0.         0.0107844  0.        ]
 [0.07670376 0.02787466 0.01866511 0.         0.00456151 0.
  0.04336206 0.04324614 0.03181188 0.01672493 0.0054007  0.
  0.01069533 0.02988798 0.        ]
 [0.03805205 0.11152479 0.14134415 0.1111285  0.         0.02003677
  0.06412913 0.03811969 0.1282238  0.03095649 0.11928325 0.10740907
  0.04585838 0.30191662 0.0888708 ]
 [0.04918725 0.13372528 0.14260302 0.03499392 0.05554847 0.
  0.06893882 0.09284186 0.07202126 0.04567274 0.03892406 0.06357818
  0.         0.09559487 0.02398043]
 [0.09972266 0.06037983 0.12492297 0.03316586 0.00540195 0.03201953
  0.12668714 0.13468449 0.08394169 0.01096359 0.14112972 0.00555749
  0.0484983  0.23032535 0.        ]
 [0.         0.06311981 0.14545681 0.         0.0265512  0.
  0.05981574 0.06831739 0.0473049  0.05637484 0.         0.06851697
  0.         0.07091796 0.00701909]
 [0.19121411 0.15123496 0.12238366 0.19914441 0.35586949 0.14281862
  0.09776292 0.06607099 0.12182337 0.12911757 0.22180418 0.25690114
  0.16426736 0.36208771 0.18627633]]

6
----------------------------------------------------------------------------------
[[0.26382713 0.24157154 0.04389449 0.09119105 0.07678972 0.20500967
  0.00382542 0.         0.08642276 0.05880952 0.         0.00193581
  0.         0.         0.16485822]
 [0.         0.         0.         0.02551864 0.         0.03115782
  0.03305859 0.         0.0751061  0.04337532 0.         0.08851417
  0.         0.         0.05526403]
 [0.08315611 0.         0.         0.         0.         0.13364213
  0.         0.         0.         0.1116912  0.         0.15186659
  0.         0.08405349 0.09337336]
 [0.31233279 0.31622157 0.09394148 0.14344607 0.30246129 0.40376491
  0.1048241  0.0353336  0.15913996 0.058864   0.03855155 0.18635988
  0.         0.00862123 0.2136405 ]
 [0.16525906 0.10739367 0.02384704 0.10904071 0.09954194 0.20049189
  0.01390916 0.00868145 0.12881737 0.01231606 0.00448954 0.13880553
  0.0256034  0.07532144 0.19861455]
 [0.08958863 0.02099206 0.09129608 0.13907956 0.08576385 0.2350477
  0.3070929  0.09261507 0.         0.13489017 0.07052696 0.24960209
  0.08620006 0.20536501 0.34178349]
 [0.05282622 0.05626143 0.0823127  0.15546944 0.05316425 0.19073219
  0.11013978 0.06800908 0.02860837 0.06882129 0.05507073 0.15451894
  0.07376833 0.13563456 0.20347264]
 [0.31861797 0.41147573 0.29824276 0.19363221 0.27930106 0.46111531
  0.19168527 0.10622246 0.10699224 0.12626381 0.06579709 0.13598377
  0.         0.         0.34093337]
 [0.30172171 0.36666165 0.31411043 0.21140086 0.25516945 0.37026522
  0.16599779 0.12031569 0.11911614 0.10527802 0.06039989 0.1079431
  0.         0.         0.1794983 ]
 [0.13149777 0.         0.05101901 0.12136411 0.18796098 0.14307223
  0.09605105 0.         0.10184507 0.05691562 0.00573432 0.15108404
  0.09174821 0.11587446 0.30126606]
 [0.22998266 0.03580947 0.18506945 0.10564893 0.14659659 0.28068122
  0.25187038 0.01058595 0.         0.25828483 0.08917102 0.21660308
  0.01058775 0.02009551 0.3535281 ]
 [0.15933708 0.06787389 0.02597519 0.04619709 0.01194044 0.13583716
  0.04125224 0.         0.01912428 0.06037652 0.00495662 0.
  0.         0.         0.07110365]
 [0.1425482  0.         0.03129397 0.         0.00883785 0.0912325
  0.13453664 0.         0.         0.12141196 0.01504813 0.
  0.         0.15137696 0.08418834]
 [0.13651659 0.14038671 0.16466052 0.09496105 0.0768619  0.19512278
  0.09710185 0.12258452 0.12436051 0.08204204 0.14392417 0.10620542
  0.         0.01299294 0.11157021]
 [0.07419035 0.00700111 0.11207037 0.07463025 0.02450317 0.11998199
  0.02483282 0.01992245 0.03024534 0.01400972 0.04724304 0.04819802
  0.         0.02074799 0.03508616]
 [0.07195924 0.         0.16667953 0.17148705 0.04382601 0.0978264
  0.04537181 0.10968805 0.04465795 0.12267631 0.12835891 0.08073146
  0.         0.12984807 0.01453125]
 [0.08257413 0.09216636 0.08632493 0.07234144 0.03149608 0.21962757
  0.         0.         0.10981483 0.03027788 0.01896072 0.03453419
  0.         0.         0.04979377]
 [0.31018669 0.31348768 0.23064651 0.2038436  0.33704638 0.25975673
  0.24906996 0.37338686 0.3539086  0.21102416 0.09426686 0.1703621
  0.24722032 0.18277105 0.30218515]]

7
----------------------------------------------------------------------------------
[[2.39897106e-02 0.00000000e+00 1.53558983e-01 1.45876711e-01
  2.11340119e-03 4.32611284e-02 1.19332029e-01 7.90519278e-02
  1.79021921e-01 0.00000000e+00 0.00000000e+00 0.00000000e+00
  1.35333055e-01 0.00000000e+00 8.52792099e-02]
 [6.89423504e-02 0.00000000e+00 1.19978652e-01 0.00000000e+00
  3.60264751e-03 0.00000000e+00 4.68805830e-02 0.00000000e+00
  0.00000000e+00 0.00000000e+00 0.00000000e+00 0.00000000e+00
  0.00000000e+00 0.00000000e+00 0.00000000e+00]
 [1.07278874e-01 0.00000000e+00 9.04839299e-02 0.00000000e+00
  0.00000000e+00 7.43762280e-02 7.35266897e-02 8.44224651e-03
  0.00000000e+00 0.00000000e+00 0.00000000e+00 0.00000000e+00
  1.52840272e-01 0.00000000e+00 0.00000000e+00]
 [9.06840712e-02 0.00000000e+00 1.34574625e-01 2.14271699e-01
  5.26288307e-02 8.22854513e-02 1.31797922e-01 2.79625110e-01
  4.94197485e-01 8.85985199e-02 4.02991154e-01 0.00000000e+00
  1.57645455e-01 0.00000000e+00 5.29975606e-02]
 [3.50558467e-02 0.00000000e+00 4.45031778e-02 7.59001014e-02
  6.29802967e-02 3.93139989e-02 4.21465889e-02 3.12926706e-01
  1.59076104e-01 0.00000000e+00 0.00000000e+00 0.00000000e+00
  0.00000000e+00 0.00000000e+00 0.00000000e+00]
 [1.00296813e-01 0.00000000e+00 1.50485728e-01 1.43768809e-02
  0.00000000e+00 5.64916928e-02 9.95274646e-02 2.66004313e-01
  1.24567891e-01 6.96844556e-02 2.62620285e-01 0.00000000e+00
  1.69100552e-01 0.00000000e+00 0.00000000e+00]
 [4.26161462e-02 0.00000000e+00 5.27440211e-02 4.96379972e-02
  4.28606752e-02 6.77230516e-02 7.52084373e-02 3.35641457e-01
  5.10962498e-02 0.00000000e+00 0.00000000e+00 0.00000000e+00
  0.00000000e+00 0.00000000e+00 0.00000000e+00]
 [7.76904014e-02 0.00000000e+00 6.39586014e-02 1.40284064e-01
  2.37512396e-02 5.44206341e-01 1.76025566e-01 2.26358074e-01
  0.00000000e+00 1.42134470e+00 6.25902515e-01 1.14068584e+00
  1.21003679e+00 0.00000000e+00 2.17898026e-01]
 [1.28117344e-01 0.00000000e+00 1.00227491e-01 1.85737201e-01
  2.40666397e-01 1.30693702e+00 2.95869025e-01 4.01274188e-01
  0.00000000e+00 1.00631277e+00 3.53654427e-01 8.06471316e-01
  1.21228327e+00 0.00000000e+00 1.89346032e-01]
 [9.02510318e-02 0.00000000e+00 1.04709591e-01 0.00000000e+00
  3.60263894e-02 8.69186623e-02 5.17648792e-02 3.63730367e-01
  0.00000000e+00 0.00000000e+00 6.69932299e-01 5.64395766e-01
  5.39857763e-01 0.00000000e+00 3.58217742e-02]
 [1.98208374e-01 0.00000000e+00 1.01910414e-01 0.00000000e+00
  5.97037398e-01 8.49687531e-01 2.79139332e-01 2.07224207e-01
  0.00000000e+00 5.68539002e-02 0.00000000e+00 8.07180129e-01
  4.34778207e-01 0.00000000e+00 2.10084043e-02]
 [6.30379526e-02 0.00000000e+00 2.02535054e-02 5.00482370e-02
  1.27973905e-02 4.22632580e-01 8.75521222e-02 7.26971723e-02
  0.00000000e+00 1.46493517e+00 4.03549533e+00 3.26632946e+00
  1.79376469e+00 1.05040838e+00 5.05093455e-01]
 [1.00370858e-01 0.00000000e+00 8.75293382e-02 0.00000000e+00
  2.76572330e-01 3.72440755e-01 8.27916258e-02 0.00000000e+00
  0.00000000e+00 8.51121038e-01 1.35828393e+00 1.59607286e+00
  1.43103855e+00 0.00000000e+00 3.57463586e-01]
 [7.70826263e-02 1.10862161e-02 5.08322745e-02 6.11910323e-02
  0.00000000e+00 7.87933106e-02 6.65233445e-02 1.80777019e-01
  0.00000000e+00 3.43719850e+00 7.97202561e+00 6.16034687e+00
  3.80349216e+00 1.17547440e+00 1.67454189e+00]
 [5.38885279e-02 0.00000000e+00 7.29502744e-02 0.00000000e+00
  0.00000000e+00 7.19393723e-02 3.07843482e-02 0.00000000e+00
  0.00000000e+00 3.89873545e+00 9.82196952e+00 6.23956113e+00
  3.97522589e+00 1.45541004e+00 1.80114973e+00]
 [8.40565980e-02 0.00000000e+00 9.54408188e-02 2.40736842e-02
  0.00000000e+00 6.53550335e-02 2.63787752e-02 3.35439927e-01
  0.00000000e+00 6.83832750e+00 1.46033646e+01 9.00618043e+00
  5.56199117e+00 1.74514637e+00 1.78290908e+00]
 [3.34110847e-02 0.00000000e+00 2.40325651e-02 3.62346626e-03
  0.00000000e+00 3.84067386e-02 3.64157392e-02 0.00000000e+00
  0.00000000e+00 3.48456367e+00 9.48953068e+00 7.30778030e+00
  5.00937600e+00 2.95580408e+00 2.28204792e+00]
 [9.85275413e-02 2.39173240e-01 6.14528268e-02 2.05099554e-01
  2.06254181e-01 1.66075929e-01 1.31493560e-01 6.93699070e-01
  5.10833335e-01 5.10257734e-01 7.78389001e-01 4.14157901e-01
  2.66724767e-01 6.51397279e-01 2.40493896e-01]]

8
----------------------------------------------------------------------------------
[[0.11159975 0.         0.04748976 0.         0.06180539 0.01656585
  0.21793151]
 [0.         0.1044997  0.07331083 0.         0.0568448  0.
  0.        ]
 [0.         0.15170791 0.         0.         0.12645106 0.03158217
  0.03826701]
 [0.32933731 0.         0.06115262 0.12400452 0.17318077 0.23978794
  0.30115517]
 [0.13816834 0.         0.         0.02946245 0.         0.05270277
  0.14995278]
 [0.19737914 0.01508161 0.12353398 0.         0.06198399 0.23300472
  0.05410955]
 [0.18890598 0.         0.00331726 0.         0.02936212 0.04058838
  0.13027228]
 [0.6168746  0.         0.         0.20832983 0.15348492 0.20494407
  0.18995839]
 [0.89783484 0.         0.         0.21688287 0.1006888  0.22694456
  0.36812572]
 [0.04309632 0.10733106 0.12820775 0.         0.07288533 0.21751428
  0.09434987]
 [0.7364839  0.         0.09203994 0.         0.00923789 0.28005735
  0.19663059]
 [0.6187474  0.01325195 0.         0.20798895 0.03948186 0.10145313
  0.15996745]
 [0.37038464 0.07441805 0.0930235  0.         0.0433872  0.00589838
  0.06472553]
 [0.97598328 0.12341143 0.26071855 0.15737327 0.16698677 0.23115969
  0.10665746]
 [1.14698961 0.4492404  0.23538337 0.26797722 0.18057078 0.24350268
  0.        ]
 [0.81861328 0.18494366 0.41957852 0.24082636 0.14836686 0.14577446
  0.        ]
 [1.26747727 0.39941892 0.05899374 0.39378386 0.06671217 0.41563587
  0.19390678]
 [0.72844007 0.28481199 0.17896733 0.28892586 0.07427449 0.47345461
  0.69167603]]