

1
----------------------------------------------------------------------------------
[[0.00000000e+00 0.00000000e+00 0.00000000e+00 0.00000000e+00
  9.99680252e-02 5.68011926e-02 0.00000000e+00 5.00702868e-02
  0.00000000e+00 0.00000000e+00 2.34965179e-03 8.40200558e-02
  3.24108518e-02 1.95637330e-01 0.00000000e+00]
 [0.00000000e+00 0.00000000e+00 0.00000000e+00 2.15170030e-01
  0.00000000e+00 0.00000000e+00 0.00000000e+00 1.22265310e-01
  0.00000000e+00 0.00000000e+00 7.30706544e-02 0.00000000e+00
  2.23461331e-02 1.88128526e-01 2.70612065e-03]
 [0.00000000e+00 0.00000000e+00 0.00000000e+00 1.49626830e-02
  1.78129728e-02 1.28872009e-01 4.87040953e-02 0.00000000e+00
  0.00000000e+00 0.00000000e+00 3.30852365e-02 0.00000000e+00
  1.26967780e-01 2.47344246e-01 1.09465783e-01]
 [0.00000000e+00 0.00000000e+00 0.00000000e+00 0.00000000e+00
  1.59538028e-01 1.64148256e-01 0.00000000e+00 5.39941612e-02
  0.00000000e+00 1.09110216e-01 8.18495005e-02 2.14372741e-01
  7.82414898e-02 1.76401156e-01 1.11327256e-02]
 [3.26853151e-02 4.60090487e-03 0.00000000e+00 0.00000000e+00
  2.06327847e-02 1.85158294e-01 4.13713054e-02 0.00000000e+00
  0.00000000e+00 6.13063207e-02 0.00000000e+00 1.30391635e-01
  0.00000000e+00 2.65744885e-01 0.00000000e+00]
 [5.72035147e-03 1.64827161e-02 0.00000000e+00 2.15765886e-02
  0.00000000e+00 1.72079937e-01 2.68120336e-02 0.00000000e+00
  3.44667707e-02 0.00000000e+00 1.18531394e-02 6.96198311e-02
  3.42826223e-02 2.86417375e-01 0.00000000e+00]
 [1.15035758e-01 3.05485831e-02 0.00000000e+00 0.00000000e+00
  1.73138893e-02 1.27060219e-01 1.54326227e-02 0.00000000e+00
  0.00000000e+00 0.00000000e+00 0.00000000e+00 1.40613037e-01
  0.00000000e+00 3.01377912e-01 0.00000000e+00]
 [0.00000000e+00 0.00000000e+00 0.00000000e+00 0.00000000e+00
  1.31440017e-01 1.00690556e-01 0.00000000e+00 2.00674191e-01
  1.46846766e-01 4.59188603e-01 1.20108320e+00 7.90406767e-01
  8.66799653e-01 8.12138161e-01 1.92866739e-01]
 [7.86473268e-02 0.00000000e+00 0.00000000e+00 4.81409459e-03
  1.83938225e-01 1.16391594e-01 3.39669415e-02 2.92944985e-01
  2.64826435e-01 5.88364391e-01 6.50017212e-01 5.06213508e-01
  6.02659190e-01 5.26665139e-01 9.20234984e-02]
 [0.00000000e+00 0.00000000e+00 0.00000000e+00 4.92876239e-02
  0.00000000e+00 2.77824105e-01 0.00000000e+00 2.14390334e-02
  7.03846557e-02 2.76251082e-01 3.10858175e-01 7.22570887e-01
  2.25716062e-01 6.91794425e-01 1.50792029e-01]
 [1.02518849e-02 0.00000000e+00 1.08573299e-01 1.71375143e-01
  4.52437767e-02 1.23183734e-01 0.00000000e+00 7.36205082e-02
  2.70291192e-01 9.40110994e-02 2.47485439e-01 2.01196277e-01
  1.23198970e-01 3.28320745e-01 0.00000000e+00]
 [2.85432579e-02 0.00000000e+00 0.00000000e+00 0.00000000e+00
  1.54279047e-01 8.35999728e-02 3.13317914e-01 1.07989059e+00
  1.21531746e+00 1.13183726e+00 1.25423508e+00 1.07663584e+00
  7.59351415e-01 6.72728931e-01 1.92877792e-01]
 [0.00000000e+00 0.00000000e+00 0.00000000e+00 1.77463703e-01
  0.00000000e+00 2.53361223e-01 2.12888739e-01 1.18697519e+00
  1.56355410e+00 1.24965493e+00 1.29517644e+00 1.22785741e+00
  6.29078361e-01 5.19627200e-01 2.39940676e-01]
 [1.17315493e-01 0.00000000e+00 3.71038369e-02 2.90453584e-02
  9.12827085e-02 1.24688601e-01 7.18843114e-01 4.16270810e+00
  3.90141435e+00 4.00509864e+00 4.34645087e+00 3.42785597e+00
  3.09566968e+00 2.12019930e+00 1.09659735e+00]
 [5.85181712e-02 0.00000000e+00 1.03309358e-01 0.00000000e+00
  1.38780371e-01 8.78873208e-02 7.78483345e-01 4.23628078e+00
  5.15103089e+00 4.95783050e+00 5.22371906e+00 3.89032466e+00
  3.36465292e+00 2.46721795e+00 1.54426921e+00]
 [8.25301775e-02 0.00000000e+00 8.89144144e-02 2.54375739e-02
  6.40105104e-02 2.45669147e-01 1.25448832e+00 6.95515924e+00
  8.37016629e+00 8.58861907e+00 6.35539023e+00 4.38350879e+00
  3.21488925e+00 2.27815599e+00 1.10495580e+00]
 [4.14906887e-02 0.00000000e+00 2.81327840e-02 0.00000000e+00
  1.80894467e-01 0.00000000e+00 3.31595056e-01 3.93058208e+00
  4.41712208e+00 4.09369849e+00 5.14436127e+00 4.19509945e+00
  4.06934289e+00 3.26893300e+00 1.81492939e+00]
 [5.26302903e-01 6.24926222e-01 4.08681188e-01 3.30135683e-01
  2.50693917e-01 2.95198790e-01 4.20995410e-01 2.07441586e-01
  4.97510306e-01 5.17705892e-01 1.63359409e-01 3.08625835e-01
  1.50800156e-01 1.39640033e-01 2.10874850e-01]]

2
----------------------------------------------------------------------------------
[[0.05762033 0.11751184 0.         0.         0.         0.10273552
  0.         0.06847251 0.         0.         0.29082894 0.01183143
  0.         0.05333161 0.        ]
 [0.         0.         0.10945045 0.         0.         0.
  0.         0.         0.         0.         0.08504374 0.04488961
  0.         0.         0.        ]
 [0.         0.         0.         0.         0.         0.
  0.         0.         0.07048214 0.         0.03636237 0.03261946
  0.         0.         0.        ]
 [0.10707559 0.25452693 0.         0.         0.04546728 0.32129959
  0.         0.21211491 0.16039815 0.12767973 0.53576597 0.
  0.10712775 0.10294995 0.        ]
 [0.05691846 0.1564822  0.         0.         0.         0.13905707
  0.         0.07765961 0.17421017 0.06137879 0.25308754 0.
  0.16678378 0.03877107 0.        ]
 [0.04008944 0.02347432 0.         0.         0.         0.0877783
  0.         0.19576051 0.11437195 0.         0.17117755 0.00949863
  0.08097856 0.         0.        ]
 [0.09351117 0.19529648 0.         0.         0.         0.05067854
  0.         0.05284399 0.09815844 0.03612593 0.10072532 0.
  0.12859091 0.         0.        ]
 [0.42467469 0.61507415 0.11536888 0.         0.48829162 0.07023378
  0.         0.08680378 0.07216921 0.62283455 0.46107652 0.118123
  0.12789434 0.09637169 0.13637826]
 [0.38606555 0.83266817 0.0861997  0.         0.30573383 0.25296875
  0.         0.14311403 0.24148729 0.70436551 0.39070375 0.1477319
  0.21054179 0.09591618 0.06238032]
 [0.10903641 0.1200604  0.09738626 0.05742688 0.         0.23622228
  0.23692434 0.10646427 0.19066879 0.         0.         0.
  0.12516313 0.         0.        ]
 [0.39069275 0.6541068  0.         0.09633112 0.0953559  0.10436586
  0.0108366  0.15418467 0.48504728 0.48445202 0.17795481 0.03480435
  0.18324469 0.         0.0042816 ]
 [0.3301225  0.50638437 0.46765347 0.17183257 0.48270686 0.09641467
  0.04354416 0.         0.06465092 0.32612235 0.21555716 0.13376577
  0.09577389 0.05771749 0.00912184]
 [0.45500402 0.50503683 0.15290766 0.1604427  0.18526106 0.03739406
  0.20046702 0.04548485 0.04628928 0.06670618 0.03086225 0.
  0.06878449 0.         0.        ]
 [0.50440786 0.74524059 0.70341964 0.59606804 0.59410944 0.24526012
  0.32843867 0.         0.1437235  0.2430895  0.12208852 0.07649866
  0.15473018 0.05900657 0.16906149]
 [0.54432933 0.81162655 0.69754979 0.57290663 0.78182655 0.19101771
  0.25235936 0.         0.12362023 0.17259725 0.11280396 0.0464843
  0.09641393 0.02674394 0.09883216]
 [0.88083631 0.70496359 0.57419206 0.279834   0.36359541 0.29272989
  0.22203888 0.         0.31989497 0.         0.13110115 0.03101198
  0.12743213 0.         0.01307512]
 [0.82150777 0.96065451 1.00348206 0.82094018 1.03584364 0.30695606
  0.35109826 0.         0.13616732 0.3098844  0.10309927 0.11221668
  0.06811758 0.0291805  0.1031152 ]
 [0.354515   0.83096386 0.29778307 0.28340336 0.45034907 0.31156792
  0.55802164 0.35220808 0.41904583 0.73473643 0.17466896 0.14812584
  0.23140782 0.29725679 0.36643653]]

3
----------------------------------------------------------------------------------
[[0.00000000e+00 0.00000000e+00 1.75625653e-01 2.22187337e-02
  1.43599849e-01 1.53131005e-03 1.25100864e-01 2.04334034e-01
  0.00000000e+00 0.00000000e+00 0.00000000e+00 0.00000000e+00
  0.00000000e+00 0.00000000e+00 0.00000000e+00]
 [0.00000000e+00 0.00000000e+00 0.00000000e+00 2.19098018e-02
  1.06404549e-02 1.36042042e-02 0.00000000e+00 0.00000000e+00
  0.00000000e+00 0.00000000e+00 0.00000000e+00 0.00000000e+00
  0.00000000e+00 0.00000000e+00 0.00000000e+00]
 [0.00000000e+00 0.00000000e+00 0.00000000e+00 4.05837499e-02
  3.43980199e-03 0.00000000e+00 0.00000000e+00 0.00000000e+00
  0.00000000e+00 0.00000000e+00 0.00000000e+00 0.00000000e+00
  0.00000000e+00 0.00000000e+00 0.00000000e+00]
 [0.00000000e+00 0.00000000e+00 3.05786795e-01 6.70094721e-02
  1.90741574e-01 3.38729673e-02 5.14809110e-02 4.36135368e-01
  1.34795290e-01 0.00000000e+00 0.00000000e+00 0.00000000e+00
  0.00000000e+00 0.00000000e+00 0.00000000e+00]
 [0.00000000e+00 0.00000000e+00 8.31065878e-02 4.86606648e-02
  1.96846917e-01 1.44867504e-02 3.72379038e-02 1.54858752e-01
  1.51309096e-01 0.00000000e+00 0.00000000e+00 0.00000000e+00
  0.00000000e+00 0.00000000e+00 0.00000000e+00]
 [0.00000000e+00 1.31045944e-03 0.00000000e+00 0.00000000e+00
  5.73120885e-02 8.79693604e-02 0.00000000e+00 0.00000000e+00
  1.03436704e-01 0.00000000e+00 0.00000000e+00 0.00000000e+00
  0.00000000e+00 0.00000000e+00 0.00000000e+00]
 [0.00000000e+00 0.00000000e+00 1.07429757e-02 0.00000000e+00
  7.11110143e-02 5.37867874e-02 1.59794650e-02 5.14265567e-02
  2.46116770e-01 0.00000000e+00 0.00000000e+00 0.00000000e+00
  0.00000000e+00 0.00000000e+00 4.25052908e-02]
 [2.14400508e-02 0.00000000e+00 3.13003316e-01 2.66453273e-02
  3.79294310e-02 3.31622752e-03 9.87513714e-02 4.65184210e-01
  1.35031881e-01 0.00000000e+00 0.00000000e+00 0.00000000e+00
  0.00000000e+00 3.28526859e-02 6.34529271e-02]
 [5.23581033e-01 0.00000000e+00 3.53592115e-01 6.05013283e-02
  1.07454936e-01 9.08249825e-02 0.00000000e+00 3.76690206e-01
  2.60211678e-01 0.00000000e+00 0.00000000e+00 0.00000000e+00
  1.16722383e-01 4.60988082e-01 1.61037356e-01]
 [0.00000000e+00 0.00000000e+00 7.16491665e-02 1.27653150e-02
  1.74004598e-02 1.91375297e-02 0.00000000e+00 3.86300811e-02
  0.00000000e+00 0.00000000e+00 0.00000000e+00 0.00000000e+00
  0.00000000e+00 0.00000000e+00 0.00000000e+00]
 [6.52172513e-01 0.00000000e+00 6.32180933e-02 0.00000000e+00
  1.76586731e-02 3.42139762e-01 0.00000000e+00 1.03529280e-01
  3.00289458e-01 0.00000000e+00 0.00000000e+00 0.00000000e+00
  1.31726674e-01 5.38462892e-01 2.85304357e-01]
 [3.85887678e-02 0.00000000e+00 8.25530451e-02 0.00000000e+00
  3.96540337e-02 0.00000000e+00 0.00000000e+00 1.91427391e-01
  0.00000000e+00 0.00000000e+00 0.00000000e+00 0.00000000e+00
  6.30579175e-02 2.40012295e-03 3.16542919e-02]
 [2.01660027e-01 0.00000000e+00 0.00000000e+00 0.00000000e+00
  1.35416168e-02 6.93679515e-02 0.00000000e+00 0.00000000e+00
  0.00000000e+00 0.00000000e+00 0.00000000e+00 0.00000000e+00
  0.00000000e+00 0.00000000e+00 8.72092509e-02]
 [2.37602793e-01 0.00000000e+00 2.15165368e-01 1.02081422e-01
  3.84510207e-02 0.00000000e+00 0.00000000e+00 1.15384147e-01
  0.00000000e+00 0.00000000e+00 0.00000000e+00 0.00000000e+00
  0.00000000e+00 0.00000000e+00 3.40154143e-01]
 [8.41075293e-02 0.00000000e+00 1.54825771e-01 4.35230946e-02
  4.78917181e-02 3.24378954e-02 0.00000000e+00 9.71910219e-02
  0.00000000e+00 0.00000000e+00 0.00000000e+00 0.00000000e+00
  0.00000000e+00 0.00000000e+00 3.77101041e-01]
 [1.21291871e-01 0.00000000e+00 1.74536846e-01 1.15590759e-02
  0.00000000e+00 1.59835463e-02 0.00000000e+00 0.00000000e+00
  7.01517606e-02 0.00000000e+00 0.00000000e+00 0.00000000e+00
  0.00000000e+00 0.00000000e+00 1.17907805e-01]
 [0.00000000e+00 0.00000000e+00 1.71932370e-01 3.68341553e-02
  4.40701742e-02 4.64219001e-02 0.00000000e+00 1.61457350e-01
  0.00000000e+00 0.00000000e+00 0.00000000e+00 0.00000000e+00
  0.00000000e+00 0.00000000e+00 2.02577871e-01]
 [4.45277146e-01 2.92834183e-01 2.02774946e-01 1.27298076e-01
  1.61057706e-01 2.04109230e-01 2.45910196e-01 3.23801583e-01
  7.58649109e-01 6.60072966e-01 8.00677280e-01 1.47186311e+00
  9.00901017e-01 8.18563652e-01 4.59140883e-01]]

4
----------------------------------------------------------------------------------
[[0.00000000e+00 8.40843002e-02 0.00000000e+00 6.34286753e-02
  0.00000000e+00 8.77003311e-02 2.29030641e-03 1.32712821e-01
  0.00000000e+00 0.00000000e+00 0.00000000e+00 7.99270244e-02
  0.00000000e+00 3.20239684e-01 0.00000000e+00]
 [0.00000000e+00 3.26741312e-01 0.00000000e+00 4.16789742e-02
  0.00000000e+00 0.00000000e+00 5.30430533e-02 0.00000000e+00
  0.00000000e+00 0.00000000e+00 0.00000000e+00 0.00000000e+00
  0.00000000e+00 0.00000000e+00 0.00000000e+00]
 [0.00000000e+00 1.04033921e-01 1.24997412e-02 1.29326465e-01
  0.00000000e+00 0.00000000e+00 1.09984689e-01 1.52180124e-02
  1.20738934e-01 8.81776924e-02 2.12840057e-02 0.00000000e+00
  0.00000000e+00 2.37499558e-01 0.00000000e+00]
 [0.00000000e+00 4.12581003e-02 0.00000000e+00 4.34910783e-02
  1.80224487e-01 9.11861891e-02 1.00571852e-01 1.56067579e-01
  1.88360730e-01 0.00000000e+00 3.41104837e-02 2.14293305e-01
  2.29440480e-03 5.83195064e-01 1.75678243e-01]
 [0.00000000e+00 0.00000000e+00 0.00000000e+00 2.78150847e-02
  1.84281773e-01 4.36891404e-02 0.00000000e+00 1.55964790e-01
  1.18358539e-01 0.00000000e+00 0.00000000e+00 2.05850500e-01
  0.00000000e+00 3.34504516e-01 0.00000000e+00]
 [0.00000000e+00 0.00000000e+00 1.20462663e-01 8.84974163e-02
  7.27966636e-02 8.40016197e-02 0.00000000e+00 1.39078770e-01
  2.23335406e-01 5.84133474e-02 3.26901430e-02 2.11812094e-01
  0.00000000e+00 4.20208780e-01 1.19741839e-02]
 [0.00000000e+00 0.00000000e+00 1.06899232e-02 5.82458893e-02
  1.85012308e-01 1.08348919e-01 0.00000000e+00 1.55481799e-01
  1.12006466e-01 0.00000000e+00 4.02934777e-02 2.53674759e-01
  0.00000000e+00 3.18635161e-01 2.13373032e-02]
 [0.00000000e+00 3.28722696e-02 0.00000000e+00 1.26602800e-02
  5.98284713e-02 2.46471148e-01 9.29434358e-02 1.08136637e-01
  1.70035275e-01 0.00000000e+00 4.61967594e-02 1.05931458e-01
  0.00000000e+00 5.04168326e-01 3.29943876e-01]
 [0.00000000e+00 0.00000000e+00 0.00000000e+00 4.89608848e-03
  2.10032869e-01 4.67158991e-01 1.83616720e-01 2.00305837e-01
  1.80520806e-01 0.00000000e+00 7.27985638e-02 3.05743063e-01
  0.00000000e+00 4.42692551e-01 4.10914003e-01]
 [0.00000000e+00 0.00000000e+00 1.13791845e-01 1.32208222e-01
  2.66092570e-01 2.73988466e-02 8.86331170e-02 3.55594392e-01
  2.45889087e-01 6.46058559e-02 0.00000000e+00 1.86845934e-01
  0.00000000e+00 3.80733525e-01 0.00000000e+00]
 [0.00000000e+00 0.00000000e+00 6.65289932e-02 4.31560022e-02
  2.24586699e-01 5.90373409e-01 9.27503537e-02 4.03057003e-01
  2.46222502e-01 0.00000000e+00 7.88862248e-02 4.90448555e-01
  0.00000000e+00 4.20068988e-01 2.63141158e-01]
 [0.00000000e+00 0.00000000e+00 0.00000000e+00 2.57899917e-04
  0.00000000e+00 9.05173860e-02 3.30142912e-02 4.92788540e-02
  1.65295902e-02 0.00000000e+00 0.00000000e+00 0.00000000e+00
  0.00000000e+00 1.27424869e-01 7.06959483e-02]
 [0.00000000e+00 2.06034491e-01 8.01297557e-02 0.00000000e+00
  0.00000000e+00 2.34932230e-01 8.47588262e-02 9.85473859e-02
  4.37507376e-02 0.00000000e+00 3.46388339e-02 0.00000000e+00
  0.00000000e+00 1.56585365e-01 1.02566297e-01]
 [0.00000000e+00 8.60437101e-03 0.00000000e+00 1.22595100e-02
  0.00000000e+00 0.00000000e+00 1.29871604e-01 1.15370661e-01
  1.06607646e-01 2.39224151e-02 0.00000000e+00 3.61524337e-02
  8.63261179e-03 2.51942278e-01 2.37015275e-01]
 [0.00000000e+00 1.20910941e-02 3.94251701e-02 5.24472485e-02
  0.00000000e+00 0.00000000e+00 3.50533321e-02 5.58358787e-02
  4.18999111e-02 3.52311584e-02 0.00000000e+00 0.00000000e+00
  2.34711267e-02 1.04949889e-01 4.54528078e-02]
 [0.00000000e+00 4.06378249e-02 7.73427218e-02 3.86322677e-02
  6.35134727e-02 0.00000000e+00 1.49708283e-01 2.99695240e-01
  6.70276994e-02 3.97887480e-02 1.06185737e-01 2.28392603e-01
  0.00000000e+00 1.62543976e-01 6.17165504e-02]
 [4.92166220e-02 0.00000000e+00 0.00000000e+00 7.11299296e-02
  0.00000000e+00 0.00000000e+00 9.24913946e-02 1.03066765e-01
  6.79188564e-02 0.00000000e+00 0.00000000e+00 0.00000000e+00
  0.00000000e+00 1.04221839e-01 6.89013871e-02]
 [1.33421842e+00 1.98085514e-01 1.83669492e-01 1.05238372e-01
  5.73539792e-01 3.71870078e-01 3.33900819e-01 2.59222311e-01
  3.24262072e-01 2.47154614e-01 1.48309539e-01 5.89008893e-01
  2.93822341e-01 2.03074155e-01 4.19862994e-01]]

5
----------------------------------------------------------------------------------
[[0.03723436 0.0516373  0.02029659 0.07475739 0.         0.12680259
  0.         0.1171524  0.         0.         0.         0.
  0.31953769 0.24398191 0.12069392]
 [0.         0.         0.         0.         0.         0.
  0.05569947 0.         0.         0.02831472 0.         0.
  0.         0.         0.09373454]
 [0.         0.0021975  0.03207108 0.         0.         0.14363635
  0.0667825  0.         0.         0.14254985 0.         0.03202672
  0.         0.         0.13134561]
 [0.03807164 0.13337668 0.20470076 0.2397489  0.15405848 0.23516473
  0.02967493 0.32105918 0.09387147 0.08208876 0.         0.07106834
  0.43442919 0.51988174 0.13808755]
 [0.00735688 0.03516714 0.03976137 0.13028439 0.19346724 0.03136144
  0.03566729 0.2778329  0.10403112 0.04738425 0.         0.08444568
  0.28895712 0.21752208 0.12458681]
 [0.1107966  0.         0.05925457 0.27258246 0.         0.03505202
  0.0544877  0.         0.04465241 0.15123558 0.         0.09399755
  0.20314285 0.14316106 0.15202838]
 [0.05041768 0.         0.02595799 0.15908402 0.06111671 0.
  0.04240268 0.0668423  0.06052294 0.0304872  0.         0.0472259
  0.23960906 0.1621196  0.11152829]
 [0.0291097  0.17302934 0.3441344  0.32453348 0.10560024 0.25570082
  0.11610329 0.33512604 0.09902705 0.24939869 0.         0.06698061
  0.23606439 0.66007794 0.10597715]
 [0.16852667 0.0991042  0.31475596 0.35067795 0.08385738 0.23285467
  0.04174756 0.24348655 0.16963227 0.46096455 0.         0.09293473
  0.32134344 0.53595958 0.05930476]
 [0.09988303 0.         0.07730705 0.22675519 0.         0.
  0.         0.         0.         0.08020538 0.         0.18211779
  0.         0.2901712  0.01073266]
 [0.29604414 0.         0.15938336 0.12331727 0.         0.
  0.         0.13868115 0.         0.44414127 0.         0.07567754
  0.17291282 0.33238909 0.09412816]
 [0.03162159 0.03088018 0.10696027 0.00256799 0.         0.
  0.02349313 0.11685076 0.         0.10725104 0.         0.
  0.02447274 0.23511628 0.07614856]
 [0.11721644 0.         0.0068625  0.         0.         0.02889093
  0.02237556 0.         0.         0.19129938 0.         0.02358322
  0.         0.10320973 0.14435639]
 [0.07536092 0.         0.14435474 0.16968213 0.         0.01398469
  0.04954283 0.02431554 0.         0.00581115 0.         0.12515604
  0.         0.30177824 0.05165854]
 [0.02559931 0.02459062 0.05702223 0.04206008 0.         0.
  0.0295589  0.         0.         0.         0.         0.09482088
  0.         0.44761886 0.31105151]
 [0.15412321 0.         0.06785203 0.10845362 0.         0.
  0.09498484 0.         0.         0.         0.         0.32318913
  0.         0.82008344 0.46112238]
 [0.         0.07308403 0.09879622 0.07697238 0.         0.
  0.05324103 0.06999816 0.         0.         0.         0.12138714
  0.         0.72602226 0.49300113]
 [0.22745265 0.15241579 0.16472128 0.52104932 0.94655612 0.1847123
  0.10888274 0.34235291 0.59132406 0.48104725 0.41105131 0.15538229
  0.53840938 0.20040111 0.08000254]]

6
----------------------------------------------------------------------------------
[[1.55959559e-01 3.56861264e-02 0.00000000e+00 8.84915023e-03
  0.00000000e+00 2.49826206e-02 0.00000000e+00 0.00000000e+00
  0.00000000e+00 5.51245088e-02 0.00000000e+00 1.22914809e-01
  3.88280605e-02 9.62678177e-02 0.00000000e+00]
 [5.67821844e-02 0.00000000e+00 0.00000000e+00 0.00000000e+00
  0.00000000e+00 0.00000000e+00 0.00000000e+00 0.00000000e+00
  0.00000000e+00 3.59224749e-02 0.00000000e+00 8.41187733e-02
  0.00000000e+00 0.00000000e+00 0.00000000e+00]
 [2.46859975e-02 0.00000000e+00 0.00000000e+00 5.06696530e-02
  0.00000000e+00 0.00000000e+00 0.00000000e+00 0.00000000e+00
  0.00000000e+00 5.29236692e-02 0.00000000e+00 6.51839574e-02
  0.00000000e+00 2.13350332e-02 0.00000000e+00]
 [1.98598264e-01 4.12573639e-02 0.00000000e+00 3.24290434e-01
  4.77914650e-02 1.88877193e-01 0.00000000e+00 0.00000000e+00
  0.00000000e+00 0.00000000e+00 1.11576973e-01 1.48521911e-01
  3.35102566e-02 2.32947613e-01 1.00763676e-01]
 [1.76113191e-01 3.35829703e-02 0.00000000e+00 1.35762805e-02
  0.00000000e+00 5.10567392e-03 0.00000000e+00 0.00000000e+00
  0.00000000e+00 0.00000000e+00 9.48603703e-02 1.38708934e-01
  4.42284270e-02 5.73176725e-02 1.37465246e-02]
 [3.19406278e-02 2.81026757e-02 7.39713232e-02 3.07359336e-01
  0.00000000e+00 9.93053887e-02 0.00000000e+00 0.00000000e+00
  0.00000000e+00 0.00000000e+00 8.37364765e-02 2.16713472e-01
  5.43753942e-02 7.46393545e-02 5.35490819e-02]
 [1.13111318e-01 5.07426923e-02 0.00000000e+00 5.55089465e-03
  0.00000000e+00 0.00000000e+00 0.00000000e+00 0.00000000e+00
  0.00000000e+00 0.00000000e+00 7.70781223e-02 1.47562351e-01
  3.18323692e-02 0.00000000e+00 2.19108939e-02]
 [3.44829608e-01 4.63097219e-01 3.48143671e-01 6.22663573e-01
  2.08674035e+00 9.54135892e-01 1.20711368e-01 2.54211512e-01
  0.00000000e+00 1.22716558e-01 8.25238864e-02 2.77375019e-01
  2.22478421e-01 3.61648921e-02 1.67455797e-01]
 [2.79215882e-01 4.35028125e-01 2.51719753e-01 4.78543477e-01
  1.62871906e+00 9.19109059e-01 0.00000000e+00 1.07890780e-02
  0.00000000e+00 1.29995333e-02 3.06032741e-01 2.96008555e-01
  6.18627559e-01 5.24957994e-02 2.70754734e-01]
 [1.62099222e-01 3.82683846e-01 4.06775661e-01 2.37904952e-01
  4.33590052e-01 2.71981652e-01 0.00000000e+00 0.00000000e+00
  0.00000000e+00 0.00000000e+00 1.81083656e-01 2.11747527e-01
  1.53675233e-01 1.05195878e-01 0.00000000e+00]
 [3.20548160e-01 4.38791158e-01 6.57576073e-03 2.83233249e-01
  5.15716066e-01 1.19118986e-01 0.00000000e+00 0.00000000e+00
  0.00000000e+00 1.26410552e-02 2.59542145e-01 3.52168476e-01
  6.96788177e-01 7.85896535e-03 1.51373957e-01]
 [6.62015924e-02 4.25500091e-01 4.89440385e-01 1.09590776e+00
  5.17341862e+00 2.74571529e+00 5.77908498e-01 4.39771746e-01
  0.00000000e+00 2.42659293e-01 2.49041670e-01 2.32332328e-01
  2.11350795e-01 1.28183535e-01 2.39035167e-01]
 [3.60571767e-01 9.19650561e-01 5.45194100e-01 1.12061406e+00
  1.75843972e+00 9.84076921e-01 3.91657651e-03 0.00000000e+00
  0.00000000e+00 7.97876087e-02 1.70236937e-01 4.33129244e-01
  3.06322769e-01 9.70305246e-02 1.46280069e-01]
 [8.72363857e-02 5.16885614e-01 1.09247499e+00 3.46088591e+00
  8.83810674e+00 5.49850327e+00 2.08235627e+00 1.11737944e+00
  4.37003658e-01 5.17639331e-01 6.41815483e-01 4.96929805e-01
  1.69815698e-01 3.73664894e-01 4.88261075e-01]
 [1.66876325e-01 8.33891142e-01 8.18696460e-01 3.34751110e+00
  9.88064056e+00 5.91174885e+00 2.07452055e+00 1.21953578e+00
  5.25848235e-01 6.10171939e-01 6.41656801e-01 5.83778047e-01
  2.17693843e-01 4.00341675e-01 4.98184535e-01]
 [4.97861811e-01 1.18302231e+00 1.99001377e+00 6.46338001e+00
  1.21294436e+01 5.77744250e+00 1.53948156e+00 2.28281113e-01
  1.15678180e-01 5.10560188e-01 7.09667875e-01 5.81430280e-01
  2.31659163e-01 2.27614653e-01 2.09296295e-01]
 [3.13218009e-01 7.75895186e-01 5.07783763e-01 2.25260479e+00
  9.32499240e+00 6.34915258e+00 2.77051472e+00 2.38144298e+00
  8.77010544e-01 7.67223050e-01 4.19877581e-01 7.12721427e-01
  3.11501008e-01 5.64135522e-01 9.50206657e-01]
 [2.98540138e-01 1.36888528e-01 2.72735090e-01 2.82428088e-01
  4.13541525e-01 2.30332657e-01 4.76378723e-01 6.44918113e-01
  6.16996849e-01 3.58149055e-01 1.82057313e-01 1.33626412e-01
  1.08671301e-01 1.00507908e-01 2.55066499e-01]]

7
----------------------------------------------------------------------------------
[[2.39361475e-02 6.46091088e-02 6.12593298e-02 2.46760907e-01
  2.26032363e-01 0.00000000e+00 2.75447930e-02 1.49205014e-01
  5.84735455e-04 9.72103800e-02 5.81602605e-02 0.00000000e+00]
 [0.00000000e+00 0.00000000e+00 8.00422082e-02 0.00000000e+00
  1.98580697e-03 0.00000000e+00 0.00000000e+00 6.64742577e-02
  4.93799539e-02 1.08947832e-01 0.00000000e+00 0.00000000e+00]
 [0.00000000e+00 1.78021837e-01 7.88960034e-02 0.00000000e+00
  9.07407256e-02 0.00000000e+00 0.00000000e+00 8.60303258e-02
  7.53001895e-02 9.32494710e-02 3.66080561e-02 0.00000000e+00]
 [1.18227444e-01 2.10871622e-01 1.03334113e-01 4.57151545e-01
  3.66407630e-01 1.03055750e-02 7.41672490e-02 2.91106288e-01
  0.00000000e+00 1.71007385e-01 1.35619597e-01 3.78403536e-01]
 [3.92521192e-02 2.13223532e-01 1.16315493e-01 2.55227014e-01
  1.16843988e-01 5.77104951e-03 3.85905672e-02 2.82885787e-01
  0.00000000e+00 1.33722083e-01 8.16487688e-02 4.21071037e-01]
 [0.00000000e+00 2.27330290e-01 1.40181623e-01 1.55091548e-01
  2.84155812e-01 0.00000000e+00 0.00000000e+00 1.74389457e-01
  1.06552831e-02 1.39334561e-01 2.81157733e-01 2.02245259e-01]
 [3.30322185e-02 2.39318249e-01 1.11453112e-01 1.92455781e-01
  1.71249626e-01 5.40307737e-02 5.11326893e-02 1.94598771e-01
  0.00000000e+00 1.29131501e-01 1.20551232e-01 2.37766074e-01]
 [8.75441580e-02 1.96654777e-01 9.23193643e-02 3.71670355e-01
  2.68886060e-01 0.00000000e+00 1.91810770e-01 2.03938710e-01
  0.00000000e+00 2.02322924e-01 1.89683523e-01 0.00000000e+00]
 [1.14719455e-01 2.70899356e-01 1.35428451e-01 4.28792492e-01
  3.31045753e-01 1.01420199e-01 1.68149102e-01 2.20302399e-01
  0.00000000e+00 1.97833498e-01 1.19440664e-01 4.51310435e-01]
 [0.00000000e+00 2.71737654e-01 1.61529325e-02 1.51070221e-01
  3.11833414e-02 0.00000000e+00 0.00000000e+00 6.27592369e-02
  6.56243766e-03 1.17193322e-01 2.94756678e-01 0.00000000e+00]
 [1.01278346e-02 4.17371332e-01 2.98141058e-01 1.47909054e-01
  3.13716404e-01 4.35489202e-02 0.00000000e+00 2.40624592e-01
  5.51102795e-02 1.51011939e-01 3.25165500e-01 3.16242113e-01]
 [7.49181869e-02 2.32052097e-01 1.83974431e-01 3.80030416e-01
  1.66462471e-01 8.44206855e-02 1.88892952e-01 8.34175035e-02
  0.00000000e+00 1.63842540e-01 5.39280135e-02 1.85551900e-01]
 [0.00000000e+00 1.72660390e-01 2.43750293e-01 3.32483857e-02
  8.28457211e-02 0.00000000e+00 0.00000000e+00 3.70896108e-02
  1.49433651e-03 1.21161731e-01 3.60099181e-02 0.00000000e+00]
 [1.88618390e-01 1.63147382e-01 2.37605482e-01 4.20915777e-01
  4.43497001e-02 2.35320404e-01 1.79964475e-01 1.95368395e-02
  0.00000000e+00 1.55099380e-01 1.07935258e-01 4.41455349e-02]
 [1.34194352e-01 1.73923432e-01 3.48558937e-01 4.63183821e-01
  6.81153101e-02 2.46305981e-01 8.61742564e-02 3.76584369e-04
  7.29041767e-02 1.78349622e-01 5.61740844e-02 0.00000000e+00]
 [0.00000000e+00 4.41128516e-01 2.07964922e-01 2.63421526e-01
  0.00000000e+00 9.63200064e-02 0.00000000e+00 1.21512385e-01
  1.13501957e-01 2.68190616e-01 1.98990310e-01 0.00000000e+00]
 [3.10033317e-01 2.63816374e-01 3.62065537e-01 6.21623165e-01
  0.00000000e+00 2.22998540e-01 3.00975739e-01 2.26101400e-02
  0.00000000e+00 1.70883061e-01 9.16322307e-02 0.00000000e+00]
 [3.27503038e-01 2.15844021e-01 2.28595677e-01 4.41407143e-01
  1.94955986e-01 3.56632933e-01 4.11135615e-01 3.04841578e-01
  1.58974438e-01 8.61306604e-02 2.90135864e-01 2.00319671e+00]]