

1
----------------------------------------------------------------------------------
[[0.02612098 0.21959757 0.         0.07545557 0.         0.00661002
  0.09756961 0.09044544 0.0553835  0.20349171 0.0996843  0.0035894
  0.         0.04362028 0.        ]
 [0.         0.03901119 0.         0.01198935 0.         0.
  0.         0.         0.         0.         0.05170793 0.06409939
  0.00704547 0.         0.        ]
 [0.         0.05036759 0.02926196 0.07355103 0.         0.059157
  0.         0.         0.         0.0289416  0.1054326  0.
  0.         0.         0.        ]
 [0.09688114 0.44282656 0.08383365 0.0769466  0.         0.03351066
  0.10999536 0.26219746 0.18639937 0.32326192 0.18655383 0.00851403
  0.01587291 0.18662787 0.        ]
 [0.03713397 0.23738307 0.         0.02228967 0.         0.
  0.01695448 0.09924641 0.17076755 0.14456314 0.09412089 0.00193886
  0.04807829 0.15500793 0.        ]
 [0.07106539 0.07725548 0.06356722 0.         0.06434271 0.08115989
  0.         0.07781742 0.14613035 0.17320865 0.09589616 0.06848167
  0.05024139 0.18458727 0.        ]
 [0.02753715 0.08263964 0.01429755 0.         0.02356499 0.03572629
  0.         0.05111464 0.18799466 0.08861897 0.0836413  0.03652238
  0.02855969 0.14903081 0.        ]
 [0.         0.13311489 0.0733407  0.01126759 0.         0.
  0.         0.08748416 0.05388753 0.14052087 0.1734024  0.
  0.         0.02628653 0.        ]
 [0.08426808 0.17220494 0.14970732 0.05052302 0.00558828 0.
  0.01899175 0.30584824 0.27269435 0.27440384 0.19703378 0.01385581
  0.0712737  0.1944075  0.        ]
 [0.         0.07107575 0.03323093 0.10142689 0.         0.
  0.10433712 0.         0.06566562 0.13697761 0.03973033 0.
  0.         0.02537218 0.        ]
 [0.02359223 0.         0.06544238 0.         0.03008402 0.00620657
  0.02940952 0.17074175 0.14501208 0.25989462 0.08230312 0.04473565
  0.         0.13705161 0.        ]
 [0.02513006 0.0834798  0.10726322 0.0008461  0.         0.
  0.         0.20026978 0.13386617 0.16748378 0.15574877 0.
  0.0115021  0.10413599 0.        ]
 [0.02476801 0.00528185 0.00763973 0.         0.00246302 0.
  0.04401666 0.13008704 0.06120015 0.10018759 0.04007015 0.02020517
  0.         0.08843306 0.        ]
 [0.         0.08697076 0.         0.         0.00890003 0.
  0.01738365 0.10270416 0.18640896 0.13983518 0.10779017 0.01868924
  0.         0.17407435 0.        ]
 [0.         0.12170348 0.         0.04511277 0.         0.01008081
  0.04852607 0.0428112  0.18225164 0.10346227 0.10184058 0.08479137
  0.0634829  0.0565715  0.        ]
 [0.         0.04966139 0.         0.01852538 0.09157532 0.
  0.0414194  0.02817853 0.155021   0.13315316 0.05577427 0.0036608
  0.         0.15636957 0.        ]
 [0.         0.07263533 0.         0.         0.         0.
  0.         0.04811805 0.11159924 0.15177944 0.11727599 0.01550142
  0.02008685 0.06089696 0.        ]
 [0.19701575 0.17499621 0.25609863 0.12356056 0.33263992 0.17298675
  0.14213628 0.48025899 0.29443245 0.17288146 0.09186999 0.08079523
  0.17639545 0.50893917 0.34505902]]

2
----------------------------------------------------------------------------------
[[1.79428886e-02 8.50880428e-03 8.76093513e-02 3.68485632e-02
  5.58913394e-02 8.30208987e-02 0.00000000e+00 0.00000000e+00
  0.00000000e+00 1.13350388e-01 9.41015162e-02 7.04010866e-02
  3.09035300e-02 0.00000000e+00 0.00000000e+00]
 [4.64599380e-02 1.84317041e-02 7.42018734e-03 0.00000000e+00
  0.00000000e+00 5.14336585e-02 0.00000000e+00 0.00000000e+00
  0.00000000e+00 1.13503681e-01 0.00000000e+00 0.00000000e+00
  0.00000000e+00 0.00000000e+00 0.00000000e+00]
 [1.35910465e-01 3.59300686e-02 1.30001990e-02 2.41606150e-02
  0.00000000e+00 4.16553188e-03 0.00000000e+00 0.00000000e+00
  0.00000000e+00 3.90995329e-02 0.00000000e+00 1.19606820e-02
  0.00000000e+00 0.00000000e+00 0.00000000e+00]
 [7.62927764e-02 8.01810772e-02 1.78090700e-01 9.27467843e-02
  6.25364974e-02 6.84133818e-02 0.00000000e+00 0.00000000e+00
  1.28342425e-01 2.50361427e-01 2.09479601e-01 2.16105238e-01
  1.76369259e-01 0.00000000e+00 2.30519427e-01]
 [8.15509962e-03 2.65086684e-03 1.07492612e-01 9.93802362e-02
  0.00000000e+00 0.00000000e+00 1.02079660e-02 0.00000000e+00
  2.49530009e-02 2.36402962e-01 5.11124232e-02 1.42667966e-01
  2.61909177e-01 0.00000000e+00 8.53281971e-02]
 [7.69589526e-02 4.98503584e-03 9.88358317e-02 0.00000000e+00
  0.00000000e+00 7.62197532e-03 0.00000000e+00 0.00000000e+00
  0.00000000e+00 2.81728830e-02 0.00000000e+00 1.70701271e-02
  2.63603111e-01 0.00000000e+00 9.25781357e-02]
 [6.26405542e-02 0.00000000e+00 1.24393939e-01 5.99572080e-02
  0.00000000e+00 0.00000000e+00 1.85590005e-02 0.00000000e+00
  0.00000000e+00 1.03890524e-01 1.88537410e-02 5.27147696e-03
  2.95755621e-01 0.00000000e+00 1.52857180e-01]
 [5.08910583e-02 2.31216819e-02 4.88024246e-02 4.91503023e-02
  0.00000000e+00 5.46650580e-02 1.82627601e-01 6.72221259e-01
  7.15494199e-01 1.24229125e+00 1.62550616e-01 1.30841682e+00
  0.00000000e+00 5.80691520e-02 1.19753842e+00]
 [1.07178421e-01 5.53606292e-02 1.27734319e-01 8.28270938e-02
  1.63047755e-02 5.12983745e-02 3.46994722e-01 2.63544166e-01
  5.68963906e-01 6.81407149e-01 2.51421921e-01 9.70818532e-01
  1.07237040e-01 0.00000000e+00 8.32795076e-01]
 [1.10461053e-01 4.23444381e-02 0.00000000e+00 6.69810574e-02
  0.00000000e+00 4.07479448e-02 1.57298100e-01 2.45487151e-01
  3.51638756e-01 5.14217015e-01 1.33260542e-01 2.47563218e-01
  6.27767603e-01 5.24775350e-03 2.73701911e-01]
 [1.24534465e-01 1.64029671e-02 6.12637664e-02 3.15180362e-02
  0.00000000e+00 0.00000000e+00 8.50944910e-02 7.34046860e-02
  1.61137729e-01 2.18925386e-01 4.89577014e-02 3.95746076e-01
  3.34539958e-01 0.00000000e+00 6.97626920e-01]
 [3.53575283e-02 3.98850057e-02 9.17380111e-02 5.31450707e-02
  6.14476970e-04 9.76350145e-02 5.47808253e-01 9.14497773e-01
  9.94942024e-01 7.87192225e-01 2.95890063e-01 9.90461007e-01
  1.91185813e-01 0.00000000e+00 8.50533399e-01]
 [7.25586803e-02 2.04153235e-02 2.52536881e-02 9.62565670e-03
  0.00000000e+00 2.71160567e-02 3.63516934e-01 5.73343437e-01
  5.33299310e-01 4.25335511e-01 2.12242976e-01 6.34578855e-01
  3.11685072e-01 2.69490551e-02 6.35537542e-01]
 [7.20128419e-02 1.19840039e-01 2.66332177e-02 0.00000000e+00
  1.18910388e-02 5.94864186e-01 3.47938411e+00 5.64316867e+00
  4.77356595e+00 2.71369380e+00 1.07423296e+00 1.93829769e+00
  1.73946511e+00 1.99339846e+00 2.37641197e+00]
 [1.28513785e-01 1.38503733e-01 4.94715818e-02 0.00000000e+00
  9.05178679e-02 9.18464758e-01 4.06766483e+00 6.70229151e+00
  5.62462584e+00 3.33132340e+00 1.22258054e+00 1.76138386e+00
  1.72680677e+00 1.85847666e+00 2.30180486e+00]
 [1.21378012e-01 1.82139781e-01 9.91092977e-02 0.00000000e+00
  1.17698227e-01 1.61310075e+00 7.71541456e+00 9.88987991e+00
  6.45367502e+00 3.37475461e+00 1.84641195e+00 2.29614603e+00
  2.79609332e+00 2.29005486e+00 2.25011272e+00]
 [1.00267159e-01 1.11092074e-01 0.00000000e+00 0.00000000e+00
  0.00000000e+00 7.50539132e-01 4.82841649e+00 7.58613974e+00
  6.11742623e+00 3.46904117e+00 1.36682823e+00 2.16137606e+00
  1.19331032e+00 1.73578829e+00 2.69776554e+00]
 [9.57085697e-02 1.00009600e-01 1.96132304e-01 3.37775154e-01
  2.93132746e-01 1.16329939e-01 5.52183712e-01 2.74287442e-01
  2.98309673e-01 1.37022760e-01 3.34939163e-01 2.58034181e-01
  7.62294577e-01 9.67234060e-01 7.76984364e-01]]

3
----------------------------------------------------------------------------------
[[0.00000000e+00 0.00000000e+00 0.00000000e+00 0.00000000e+00
  0.00000000e+00 0.00000000e+00 4.28648005e-02 0.00000000e+00
  0.00000000e+00 0.00000000e+00 0.00000000e+00 0.00000000e+00
  0.00000000e+00 1.64441216e-01 1.01782772e-01]
 [0.00000000e+00 0.00000000e+00 0.00000000e+00 0.00000000e+00
  0.00000000e+00 0.00000000e+00 0.00000000e+00 0.00000000e+00
  0.00000000e+00 0.00000000e+00 0.00000000e+00 0.00000000e+00
  0.00000000e+00 5.11067274e-02 1.28173315e-01]
 [0.00000000e+00 0.00000000e+00 0.00000000e+00 0.00000000e+00
  0.00000000e+00 0.00000000e+00 1.46950560e-01 0.00000000e+00
  0.00000000e+00 0.00000000e+00 0.00000000e+00 0.00000000e+00
  0.00000000e+00 1.53237343e-01 1.06226953e-01]
 [0.00000000e+00 0.00000000e+00 0.00000000e+00 0.00000000e+00
  0.00000000e+00 0.00000000e+00 1.43010337e-01 1.18390323e-01
  0.00000000e+00 0.00000000e+00 0.00000000e+00 0.00000000e+00
  0.00000000e+00 2.23469408e-01 5.55160843e-02]
 [0.00000000e+00 0.00000000e+00 0.00000000e+00 0.00000000e+00
  0.00000000e+00 0.00000000e+00 1.43171872e-01 3.83936492e-02
  0.00000000e+00 0.00000000e+00 0.00000000e+00 0.00000000e+00
  0.00000000e+00 9.49481496e-02 2.11079295e-02]
 [0.00000000e+00 0.00000000e+00 0.00000000e+00 0.00000000e+00
  0.00000000e+00 3.90735205e-03 9.64779567e-02 0.00000000e+00
  0.00000000e+00 0.00000000e+00 0.00000000e+00 0.00000000e+00
  0.00000000e+00 1.03558874e-01 9.81006936e-02]
 [0.00000000e+00 0.00000000e+00 0.00000000e+00 0.00000000e+00
  0.00000000e+00 0.00000000e+00 8.97591789e-02 0.00000000e+00
  0.00000000e+00 0.00000000e+00 0.00000000e+00 0.00000000e+00
  0.00000000e+00 6.93409273e-02 3.73508871e-02]
 [0.00000000e+00 2.46227289e-01 0.00000000e+00 0.00000000e+00
  3.88693916e-03 0.00000000e+00 1.10633542e-01 0.00000000e+00
  0.00000000e+00 8.95568670e-02 0.00000000e+00 0.00000000e+00
  2.16914122e-02 1.89301202e-01 3.24327247e-02]
 [0.00000000e+00 4.66789594e-01 0.00000000e+00 0.00000000e+00
  2.58919942e-03 0.00000000e+00 6.27359150e-02 0.00000000e+00
  0.00000000e+00 8.77577457e-02 0.00000000e+00 0.00000000e+00
  1.20788312e-02 2.11585990e-01 1.76562286e-02]
 [0.00000000e+00 0.00000000e+00 0.00000000e+00 0.00000000e+00
  0.00000000e+00 4.17503600e-02 7.95099584e-03 0.00000000e+00
  0.00000000e+00 0.00000000e+00 0.00000000e+00 0.00000000e+00
  0.00000000e+00 1.05163570e-01 8.53957511e-02]
 [0.00000000e+00 4.72317541e-01 8.65553820e-02 0.00000000e+00
  0.00000000e+00 1.31071499e-01 0.00000000e+00 0.00000000e+00
  0.00000000e+00 0.00000000e+00 0.00000000e+00 0.00000000e+00
  0.00000000e+00 1.77527439e-01 1.23847303e-02]
 [0.00000000e+00 3.06404894e-01 0.00000000e+00 0.00000000e+00
  6.54813094e-02 0.00000000e+00 2.80100217e-02 0.00000000e+00
  0.00000000e+00 0.00000000e+00 0.00000000e+00 0.00000000e+00
  0.00000000e+00 1.30561443e-01 4.87296457e-02]
 [0.00000000e+00 4.52541906e-01 1.99426055e-01 0.00000000e+00
  0.00000000e+00 2.95893856e-01 3.05259059e-02 0.00000000e+00
  0.00000000e+00 0.00000000e+00 0.00000000e+00 0.00000000e+00
  0.00000000e+00 7.33442408e-02 5.21850288e-03]
 [8.38240342e-01 7.77062393e-01 5.90539211e-01 2.16533373e-01
  2.30159768e-01 0.00000000e+00 2.36748091e-01 1.42966772e-02
  0.00000000e+00 5.14486203e-02 0.00000000e+00 6.42058660e-02
  1.43122062e-01 2.61242125e-02 1.62452526e-01]
 [5.76225117e-01 8.56581357e-01 4.14974326e-01 0.00000000e+00
  2.15966891e-01 7.80517650e-02 3.27892140e+00 2.38525960e+00
  2.76632463e+00 1.75382734e+00 1.00648976e+00 1.05787384e+00
  7.80879308e-01 4.18192697e-01 3.64071807e-01]
 [4.96587458e-01 3.42513876e-01 3.35018648e-01 0.00000000e+00
  2.78016105e-02 0.00000000e+00 2.78984319e-01 1.12082085e+00
  7.71695947e-01 6.51882443e-01 3.21484356e-01 4.79872333e-01
  4.06616643e-01 1.63350366e-01 1.33515559e-01]
 [8.25338641e-01 1.07161534e+00 1.99169464e-01 0.00000000e+00
  5.45245692e-01 0.00000000e+00 1.04161376e+00 1.57798986e+00
  2.34143935e+00 1.94446115e+00 1.49729718e+00 1.06162695e+00
  6.40537230e-01 7.04201712e-01 4.57245040e-01]
 [1.65646971e+00 1.01435847e+00 8.88142509e-01 1.56669152e+00
  7.24742937e-01 3.19223501e-01 1.72645415e-01 6.87871549e-01
  8.58906768e-01 4.44481117e-01 4.28484079e-01 2.79029382e-01
  2.32754384e-01 1.17534497e-01 9.92596372e-02]]

4
----------------------------------------------------------------------------------
[[0.20315777 0.         0.0194632  0.08183119 0.         0.
  0.         0.         0.         0.         0.11770546 0.05607557
  0.08758596 0.08451177 0.27992938]
 [0.03602989 0.         0.02699247 0.06408126 0.         0.
  0.         0.01621886 0.         0.         0.09505951 0.05814977
  0.         0.         0.        ]
 [0.0621347  0.         0.06207455 0.05543265 0.         0.
  0.         0.         0.00238873 0.         0.12076545 0.10458796
  0.         0.         0.        ]
 [0.18273034 0.03992942 0.04630202 0.05470367 0.0609998  0.00938098
  0.         0.         0.         0.         0.16262155 0.12124184
  0.28167117 0.22367215 0.37692822]
 [0.10096684 0.0310459  0.04575645 0.03527496 0.08536007 0.
  0.         0.         0.         0.03720297 0.15765973 0.08545668
  0.21536706 0.16789414 0.13715304]
 [0.099859   0.04328737 0.01725306 0.01039099 0.         0.
  0.         0.         0.         0.01529123 0.13795027 0.10029764
  0.11367189 0.0488817  0.04864016]
 [0.03637782 0.03367728 0.         0.02764998 0.         0.
  0.         0.         0.         0.00491375 0.08934215 0.0892469
  0.12408343 0.12907681 0.14167246]
 [0.20987222 0.10330038 0.01170115 0.00804189 0.08587983 0.12045166
  0.05293445 0.         0.         0.         0.29919262 0.11188606
  0.38623087 0.30661356 0.50198787]
 [0.30192568 0.07542968 0.         0.         0.08900622 0.06050656
  0.         0.         0.         0.01111154 0.21941755 0.1290592
  0.39483858 0.23881748 0.49566395]
 [0.13619228 0.11362253 0.0074019  0.         0.         0.
  0.         0.         0.         0.0092942  0.17921987 0.19155524
  0.25084063 0.11384537 0.09003009]
 [0.15103488 0.16196387 0.01900633 0.         0.         0.
  0.         0.         0.         0.00832009 0.16091087 0.16580267
  0.18787094 0.11119552 0.20705449]
 [0.13772492 0.0325728  0.         0.04414779 0.00476694 0.
  0.02211801 0.         0.         0.00662364 0.14576732 0.01435683
  0.15248896 0.1271318  0.2276735 ]
 [0.12468357 0.08859014 0.00479828 0.         0.         0.
  0.         0.         0.01268383 0.01553541 0.10868567 0.17637724
  0.02158985 0.00331129 0.01563128]
 [0.10103814 0.06226292 0.09437956 0.02182317 0.06088949 0.
  0.0924195  0.         0.0412548  0.11603469 0.082258   0.0842324
  0.21501206 0.24401627 0.11614751]
 [0.13527896 0.09085974 0.14063525 0.11634677 0.09412902 0.09121737
  0.12157342 0.04230471 0.12071142 0.10642845 0.03563149 0.12170291
  0.19745422 0.25700303 0.06512515]
 [0.26461765 0.11986387 0.03671166 0.08418722 0.         0.
  0.         0.         0.0904889  0.07610456 0.02739718 0.22136486
  0.1599456  0.13489109 0.        ]
 [0.16611628 0.         0.19521865 0.17174975 0.22666896 0.14418033
  0.17831205 0.0017814  0.13983311 0.15831389 0.12277626 0.
  0.22261908 0.25819204 0.02480297]
 [0.11315739 0.21971707 0.09526455 0.08497251 0.30756466 0.37266562
  0.35889709 0.18689955 0.17397224 0.15746903 0.08587818 0.18076986
  0.22037177 0.59998454 0.44023314]]

5
----------------------------------------------------------------------------------
[[8.94869851e-02 0.00000000e+00 0.00000000e+00 1.46037039e-02
  1.69089782e-01 0.00000000e+00 1.66622609e-02 0.00000000e+00
  1.55034119e-01 0.00000000e+00 0.00000000e+00 0.00000000e+00
  1.35684941e-01 4.64062711e-03 0.00000000e+00]
 [2.27338752e-02 0.00000000e+00 0.00000000e+00 6.34496543e-02
  1.26756186e-02 0.00000000e+00 0.00000000e+00 0.00000000e+00
  0.00000000e+00 3.38683955e-02 0.00000000e+00 0.00000000e+00
  0.00000000e+00 0.00000000e+00 0.00000000e+00]
 [1.34328354e-02 0.00000000e+00 2.43735924e-03 0.00000000e+00
  0.00000000e+00 0.00000000e+00 0.00000000e+00 0.00000000e+00
  1.35787826e-01 0.00000000e+00 0.00000000e+00 0.00000000e+00
  0.00000000e+00 1.24685625e-01 3.37247150e-02]
 [1.65993940e-01 0.00000000e+00 0.00000000e+00 4.62272335e-02
  3.51076507e-01 2.38885664e-01 4.68273053e-02 0.00000000e+00
  2.67933805e-01 0.00000000e+00 0.00000000e+00 0.00000000e+00
  3.60610204e-01 2.53502101e-01 2.51141810e-02]
 [4.71156430e-02 0.00000000e+00 3.99162836e-02 0.00000000e+00
  1.67913251e-01 4.59595922e-02 2.24135569e-03 0.00000000e+00
  2.17674881e-01 0.00000000e+00 0.00000000e+00 0.00000000e+00
  8.15260992e-02 0.00000000e+00 4.87831147e-02]
 [0.00000000e+00 3.59980287e-02 2.65898336e-02 0.00000000e+00
  5.80336586e-02 3.31100375e-02 0.00000000e+00 4.69693723e-02
  2.48685748e-01 6.86570124e-02 2.32484321e-02 0.00000000e+00
  2.05917040e-01 3.34983285e-01 1.51642556e-01]
 [0.00000000e+00 4.33400133e-03 3.12970603e-02 0.00000000e+00
  1.05737249e-01 1.65013670e-02 0.00000000e+00 3.95718716e-02
  1.42393709e-01 4.06974758e-02 8.45911411e-02 0.00000000e+00
  0.00000000e+00 0.00000000e+00 2.10115752e-01]
 [2.76690675e-01 0.00000000e+00 0.00000000e+00 3.00087159e-02
  4.62150509e-01 2.65729794e-01 1.03612192e-01 0.00000000e+00
  2.70516390e-01 0.00000000e+00 5.45362989e-01 9.61502585e-01
  9.23909165e-01 2.13814485e+00 1.71197771e+00]
 [1.93144437e-01 0.00000000e+00 0.00000000e+00 1.89225940e-02
  4.49628779e-01 2.83364686e-01 1.30317571e-01 0.00000000e+00
  3.45627368e-01 0.00000000e+00 4.53737555e-01 5.90386113e-01
  4.88461868e-01 9.77292418e-01 8.59834726e-01]
 [1.10449689e-01 0.00000000e+00 9.92955546e-02 0.00000000e+00
  8.12391384e-02 0.00000000e+00 0.00000000e+00 4.47323467e-02
  3.98632758e-01 0.00000000e+00 6.37629123e-02 2.49098624e-01
  9.22401523e-01 8.44030007e-01 8.76796083e-01]
 [7.37106139e-02 0.00000000e+00 1.17491511e-01 0.00000000e+00
  6.21312073e-02 2.36174281e-01 0.00000000e+00 0.00000000e+00
  3.24103004e-01 1.43645679e-01 3.06180577e-01 1.01366732e-01
  4.45985900e-01 4.53701420e-01 6.42280863e-01]
 [9.07422213e-02 0.00000000e+00 0.00000000e+00 1.44334394e-02
  3.06079540e-01 1.61067560e-01 1.89971084e-02 0.00000000e+00
  1.23143704e-01 0.00000000e+00 2.89851328e-01 9.20787614e-01
  1.11612711e+00 3.38285184e+00 2.35872623e+00]
 [3.92869971e-02 0.00000000e+00 1.02328233e-01 0.00000000e+00
  0.00000000e+00 6.02951726e-02 0.00000000e+00 0.00000000e+00
  1.81682662e-01 1.40777717e-01 2.16724526e-01 6.74527811e-01
  1.71471451e+00 2.70388935e+00 2.63004889e+00]
 [1.98761691e-01 2.39656446e-02 1.82750512e-01 3.72408065e-02
  1.45765498e-01 6.22192707e-02 2.46965969e-02 3.78625914e-02
  1.19429409e-01 8.84097947e-02 3.46928604e-01 1.67235029e+00
  4.94410774e+00 1.23308921e+01 1.12009416e+01]
 [1.64634231e-01 4.80230999e-02 1.68917501e-01 1.80633057e-01
  1.69366709e-01 1.05229094e-01 3.11269042e-02 5.49957120e-02
  7.97619905e-02 3.27278702e-02 3.01979705e-02 7.40843002e-01
  3.45825319e+00 1.16142338e+01 2.40799411e+01]
 [8.72162795e-02 2.54857177e-02 2.83449373e-01 3.30407692e-01
  1.85873488e-02 2.01668532e-01 0.00000000e+00 1.59173837e-01
  3.24861540e-01 6.83123799e-02 0.00000000e+00 9.49017906e-01
  7.38686463e+00 1.46509538e+01 8.13664279e+00]
 [1.87509535e-01 7.64021550e-02 1.00129875e-01 5.88953793e-02
  3.44926765e-01 5.71016773e-02 2.50050869e-01 0.00000000e+00
  0.00000000e+00 0.00000000e+00 7.27019596e-02 1.29366997e+00
  3.55346115e+00 1.07059214e+01 7.97105969e+00]
 [1.47930060e-01 2.66936201e-01 2.39050617e-01 2.40381013e-01
  2.66972744e-01 4.07934222e-01 2.86196835e-01 3.10861738e-01
  3.71824766e-01 3.02945354e-01 6.20040598e-01 4.15912760e-01
  2.93086314e-01 3.44021573e-01 2.89926818e-01]]

6
----------------------------------------------------------------------------------
[[5.93062912e-01 2.42637320e-01 1.83582517e-01 1.62220798e-01
  3.13280715e-02 0.00000000e+00 3.46853583e-01 4.55861745e-01
  0.00000000e+00 3.71281968e-02 0.00000000e+00 0.00000000e+00
  0.00000000e+00 0.00000000e+00 0.00000000e+00]
 [1.78899686e-01 8.12996382e-02 1.00485816e-01 0.00000000e+00
  0.00000000e+00 6.74240874e-02 0.00000000e+00 4.60972925e-01
  0.00000000e+00 9.25730753e-02 0.00000000e+00 0.00000000e+00
  0.00000000e+00 0.00000000e+00 0.00000000e+00]
 [0.00000000e+00 2.60916821e-01 0.00000000e+00 0.00000000e+00
  0.00000000e+00 1.24464449e-01 0.00000000e+00 3.37949527e-01
  0.00000000e+00 4.97517711e-01 1.24549103e-01 0.00000000e+00
  0.00000000e+00 0.00000000e+00 0.00000000e+00]
 [7.06180468e-01 2.64383521e-01 1.41882417e-01 3.87101876e-01
  1.52814846e-01 1.58008080e-01 3.46128882e-01 3.74073167e-01
  6.14610424e-02 3.05734549e-01 0.00000000e+00 0.00000000e+00
  0.00000000e+00 0.00000000e+00 0.00000000e+00]
 [4.07750135e-01 1.39976817e-01 6.36042982e-02 2.85945953e-01
  1.19700022e-01 1.65602861e-01 2.07945779e-01 2.78519979e-01
  1.70829174e-02 1.87597641e-01 0.00000000e+00 0.00000000e+00
  0.00000000e+00 6.73342937e-02 0.00000000e+00]
 [2.15457123e-01 1.51485074e-01 0.00000000e+00 3.02684738e-01
  0.00000000e+00 2.11366732e-01 2.11294089e-01 0.00000000e+00
  0.00000000e+00 4.88036330e-01 1.61565530e-01 0.00000000e+00
  1.34258660e-01 7.29834690e-02 0.00000000e+00]
 [3.11044656e-01 1.33041579e-01 2.30341337e-03 2.33202210e-01
  1.90569565e-02 2.47668113e-01 2.93894759e-01 1.43014206e-01
  0.00000000e+00 3.50054635e-01 4.19905127e-02 0.00000000e+00
  0.00000000e+00 0.00000000e+00 0.00000000e+00]
 [5.03788185e-01 4.58999211e-02 0.00000000e+00 2.05806835e-01
  0.00000000e+00 1.93901922e-01 1.73922825e-01 0.00000000e+00
  5.35088693e-02 2.16811302e-01 0.00000000e+00 0.00000000e+00
  0.00000000e+00 0.00000000e+00 3.40302176e+00]
 [5.93006819e-01 8.69086704e-02 2.87416542e-02 3.11811664e-01
  0.00000000e+00 3.12520184e-01 1.34749745e-01 0.00000000e+00
  2.31623573e-03 4.51239832e-01 0.00000000e+00 0.00000000e+00
  0.00000000e+00 0.00000000e+00 2.06842312e+00]
 [5.20858929e-02 0.00000000e+00 1.09503479e-01 0.00000000e+00
  2.23041925e-01 2.77640064e-01 0.00000000e+00 3.01023031e-01
  0.00000000e+00 6.61650596e-01 1.24228037e-01 0.00000000e+00
  0.00000000e+00 0.00000000e+00 7.01753480e-01]
 [1.77215456e-03 0.00000000e+00 7.42509090e-02 1.76821855e-01
  5.25486951e-03 2.95472669e-01 2.68290360e-01 0.00000000e+00
  0.00000000e+00 7.08284980e-01 1.10386400e-01 0.00000000e+00
  4.49160853e-02 0.00000000e+00 6.52629768e+00]
 [2.62263343e-01 9.56199031e-02 6.23108720e-02 1.92532866e-01
  0.00000000e+00 3.86972090e-01 1.52685376e-01 0.00000000e+00
  1.89825000e-02 3.13243341e-01 0.00000000e+00 0.00000000e+00
  0.00000000e+00 0.00000000e+00 7.30093349e-01]
 [7.21220721e-02 0.00000000e+00 1.32829012e-01 3.41477878e-02
  8.44297485e-02 4.22150273e-01 1.50902064e-01 0.00000000e+00
  0.00000000e+00 4.45415783e-01 5.59299659e-03 0.00000000e+00
  0.00000000e+00 0.00000000e+00 2.90516864e+00]
 [5.05242228e-01 4.95243924e-01 9.26266133e-02 1.88123504e-01
  0.00000000e+00 4.19785784e-01 0.00000000e+00 0.00000000e+00
  0.00000000e+00 4.49318101e-01 6.56379161e-02 3.98142819e-01
  2.55869345e-01 1.48976810e-01 9.83103604e-02]
 [4.71790333e-01 2.77959970e-01 1.18125665e-01 4.92765364e-02
  0.00000000e+00 3.09618798e-01 0.00000000e+00 3.84718342e-01
  0.00000000e+00 3.52904784e-01 0.00000000e+00 2.32860611e-01
  1.54624521e-02 0.00000000e+00 3.46001980e-01]
 [3.43604292e-01 1.01054347e-01 1.97242114e-01 3.00432095e-01
  2.82536959e-01 3.59024589e-01 3.26777663e-02 1.82315044e-01
  0.00000000e+00 2.95784807e-01 9.64762140e-02 4.74410886e-01
  2.37739382e-01 0.00000000e+00 9.87689822e-02]
 [2.54017411e-01 6.96065412e-01 7.47269740e-02 0.00000000e+00
  0.00000000e+00 3.80430946e-01 0.00000000e+00 0.00000000e+00
  0.00000000e+00 2.13755422e-01 0.00000000e+00 0.00000000e+00
  1.81923510e-01 1.58906570e-01 1.88924641e-01]
 [6.00337182e-01 2.32982944e-01 1.98543446e-01 6.99497221e-01
  8.80261415e-01 3.51845348e-01 5.95888822e-01 7.49721190e-01
  1.41091737e+00 4.92819402e-01 3.77810349e-01 5.20200522e-01
  1.40865697e+00 1.67509448e+00 8.85727334e-01]]

7
----------------------------------------------------------------------------------
[[0.57786115 0.08142124 0.         0.         0.         0.
  0.         0.         0.        ]
 [0.22588875 0.04045528 0.         0.         0.         0.
  0.         0.         0.1420426 ]
 [0.         0.02300437 0.         0.         0.         0.
  0.         0.         0.14096367]
 [0.72828124 0.1969357  0.         0.         0.         0.11023269
  0.         0.00841682 0.        ]
 [0.54253079 0.07060064 0.         0.         0.         0.
  0.         0.         0.        ]
 [0.1872153  0.10389762 0.         0.30435205 0.         0.
  0.         0.52560135 0.01705572]
 [0.189586   0.03972373 0.07689742 0.17007886 0.         0.
  0.         0.14012215 0.        ]
 [1.78091938 2.26740534 0.08096975 0.         0.         0.043526
  0.         0.00519167 0.        ]
 [1.2270313  2.40807704 0.38940876 0.03062275 0.         0.12389704
  0.         0.27029599 0.        ]
 [0.47816884 0.41578395 0.         0.28653357 0.         0.
  0.         0.13483518 0.1445544 ]
 [3.72412266 2.96336666 0.90706107 0.56199158 0.         0.
  0.         0.03613029 0.18400113]
 [1.0288207  1.94554947 0.63568197 0.         0.         0.10980649
  0.         0.08876472 0.        ]
 [1.97336629 2.0017688  0.60714583 0.31157113 0.         0.
  0.         0.         0.14198887]
 [0.0358378  0.115857   0.19434025 0.12319058 0.11497737 0.42290361
  0.04286071 0.62759061 0.        ]
 [0.30223482 0.15796371 0.35962758 0.         0.12492808 0.323597
  0.38722447 0.13299936 0.07090203]
 [0.20409528 0.20242202 0.25958308 0.0174149  0.2236756  0.22593835
  0.24333739 0.39477893 0.        ]
 [0.12001377 0.13572765 0.28583326 0.25176787 0.05072325 0.46536409
  0.28467238 0.29315483 0.        ]
 [0.53435815 0.12477481 0.47512941 0.89932182 0.83571133 0.74830166
  0.47794447 1.55516378 0.4890076 ]]