

1
----------------------------------------------------------------------------------
[[5.78756692e-02 3.59647136e-02 4.86901328e-02 1.73907761e-01
  1.04441404e-01 0.00000000e+00 2.14887905e-01 0.00000000e+00
  0.00000000e+00 0.00000000e+00 0.00000000e+00 2.65053061e-01
  7.03358920e-02 3.17516755e-01 0.00000000e+00]
 [0.00000000e+00 0.00000000e+00 7.51257093e-03 0.00000000e+00
  6.24711680e-02 0.00000000e+00 3.05592631e-03 0.00000000e+00
  0.00000000e+00 0.00000000e+00 0.00000000e+00 2.27861649e-01
  0.00000000e+00 5.18207896e-02 0.00000000e+00]
 [1.23781633e-02 1.06423011e-01 0.00000000e+00 0.00000000e+00
  0.00000000e+00 0.00000000e+00 0.00000000e+00 0.00000000e+00
  0.00000000e+00 0.00000000e+00 0.00000000e+00 2.38858530e-01
  0.00000000e+00 2.76172018e-01 4.02735361e-02]
 [3.20841609e-01 1.26336952e-01 0.00000000e+00 2.26681811e-01
  2.66880727e-01 0.00000000e+00 2.22811566e-01 4.54008012e-02
  0.00000000e+00 0.00000000e+00 7.02566437e-04 4.04703593e-01
  4.28668606e-01 3.36588432e-01 0.00000000e+00]
 [3.11427869e-01 1.07812440e-01 3.51861387e-02 1.01961779e-01
  2.13469764e-01 0.00000000e+00 3.96654048e-02 0.00000000e+00
  0.00000000e+00 0.00000000e+00 0.00000000e+00 3.78504368e-01
  3.46267449e-02 6.73087483e-02 0.00000000e+00]
 [3.88264258e-01 0.00000000e+00 2.17079294e-02 0.00000000e+00
  1.91000507e-01 0.00000000e+00 0.00000000e+00 0.00000000e+00
  0.00000000e+00 0.00000000e+00 7.72177256e-02 3.19164380e-01
  1.08476154e-01 2.59145668e-01 4.99781191e-03]
 [2.38594658e-01 6.99566815e-02 5.18733192e-02 6.04916203e-02
  2.45911174e-01 0.00000000e+00 1.96327223e-02 0.00000000e+00
  0.00000000e+00 0.00000000e+00 2.12174430e-02 3.00171335e-01
  8.91266905e-02 1.33343688e-01 0.00000000e+00]
 [1.66372647e-01 1.42429695e-02 0.00000000e+00 1.65781913e-01
  1.88363875e-01 3.26917156e-02 2.15164423e-01 0.00000000e+00
  4.25775223e-02 0.00000000e+00 9.00266096e-01 1.44057656e+00
  0.00000000e+00 5.06801918e-01 6.37836888e-01]
 [2.83541155e-01 6.21962574e-03 3.07724381e-02 1.87899150e-01
  3.28379987e-01 0.00000000e+00 2.44336064e-01 0.00000000e+00
  6.20252499e-02 0.00000000e+00 6.09770441e-01 1.04314055e+00
  9.41852612e-02 3.28049191e-01 3.54731792e-01]
 [1.84504615e-01 3.45742678e-02 4.18244739e-03 0.00000000e+00
  2.45615220e-01 0.00000000e+00 1.47888732e-02 0.00000000e+00
  5.05600258e-02 0.00000000e+00 0.00000000e+00 8.13185329e-01
  0.00000000e+00 2.70003123e-01 2.48137761e-01]
 [3.24117319e-01 0.00000000e+00 0.00000000e+00 0.00000000e+00
  2.06227754e-01 0.00000000e+00 0.00000000e+00 0.00000000e+00
  2.13822125e-01 0.00000000e+00 3.39275851e-01 5.98336519e-01
  8.11367163e-02 3.45534778e-01 3.17921005e-01]
 [1.78559023e-01 6.45345191e-03 3.55479604e-02 2.38995583e-01
  2.27058267e-01 0.00000000e+00 1.97378053e-01 0.00000000e+00
  5.67936982e-01 6.05093783e-01 9.53502683e-01 1.19016591e+00
  3.20882120e-02 3.15927126e-01 3.76951695e-01]
 [2.31773042e-01 2.17990511e-02 0.00000000e+00 0.00000000e+00
  1.09368674e-01 0.00000000e+00 6.91875701e-03 0.00000000e+00
  6.78398543e-01 0.00000000e+00 6.30189718e-01 8.77788622e-01
  0.00000000e+00 4.34179792e-01 1.93179295e-01]
 [0.00000000e+00 0.00000000e+00 0.00000000e+00 7.49636579e-02
  1.62222133e-01 1.19334710e-01 5.80810098e-02 8.21943631e-01
  5.65575652e+00 5.34805877e+00 4.52286672e+00 3.43154810e+00
  7.95986696e-01 1.75548024e+00 1.43654345e+00]
 [7.62271621e-03 0.00000000e+00 0.00000000e+00 9.41740483e-02
  2.05430111e-01 1.21383979e-01 1.14881384e-01 1.35993062e+00
  6.69092221e+00 5.69030354e+00 5.24166007e+00 4.32808808e+00
  1.31843073e+00 1.77093004e+00 1.22534140e+00]
 [1.63717403e-01 0.00000000e+00 0.00000000e+00 1.20619212e-01
  2.55852950e-01 8.39013439e-02 2.16298827e-01 4.84202653e+00
  1.11328090e+01 7.89600758e+00 5.71814106e+00 3.70507077e+00
  1.71935236e+00 1.81618297e+00 9.10270090e-01]
 [9.72459304e-02 0.00000000e+00 0.00000000e+00 9.50120164e-02
  2.22890801e-01 1.14235336e-01 6.95533259e-02 4.57519376e-01
  6.33448119e+00 7.01772731e+00 6.21477110e+00 3.69409470e+00
  1.19991132e+00 2.08416762e+00 1.68456275e+00]
 [4.94870688e-01 2.66519187e-01 3.72025080e-01 6.04175115e-01
  1.87009800e-01 2.30469070e-01 1.26564202e-01 4.63512523e-01
  3.71794037e-01 7.35948229e-01 3.77796761e-01 1.57929492e-01
  6.37665358e-01 2.13339325e-01 3.74139512e-01]]

2
----------------------------------------------------------------------------------
[[0.17255202 0.         0.         0.28938224 0.         0.
  0.         0.         0.         0.         0.23167553 0.
  0.01493825 0.03561148 0.        ]
 [0.03412314 0.         0.         0.00616723 0.         0.
  0.         0.         0.         0.         0.11528599 0.
  0.15319183 0.12836601 0.        ]
 [0.08428466 0.         0.         0.01774702 0.         0.
  0.         0.         0.         0.         0.1681306  0.04554781
  0.15909898 0.15704983 0.        ]
 [0.29541276 0.         0.0774969  0.38651148 0.05946196 0.
  0.         0.01111375 0.         0.         0.27434833 0.
  0.03445995 0.04191619 0.        ]
 [0.19795469 0.         0.         0.21423102 0.03446732 0.
  0.         0.         0.         0.         0.12777594 0.01265317
  0.01044012 0.07323296 0.        ]
 [0.22540982 0.         0.01435527 0.10835613 0.         0.
  0.         0.         0.         0.         0.25677501 0.02375137
  0.04967666 0.0912445  0.        ]
 [0.18395895 0.         0.         0.1641884  0.         0.
  0.         0.         0.         0.         0.10564059 0.03692278
  0.03593124 0.05748005 0.        ]
 [0.31082089 0.25940068 0.45616956 0.2418787  0.05038122 0.29547091
  0.0817029  0.         0.03285315 0.04171085 0.15733036 0.07160597
  0.03135954 0.01551687 0.        ]
 [0.34726247 0.16581062 0.3294558  0.32909829 0.13952929 0.20189824
  0.0745179  0.04209055 0.06220494 0.03808494 0.16500267 0.1456996
  0.00742444 0.02015716 0.        ]
 [0.31646424 0.10391708 0.         0.14956637 0.10240093 0.
  0.         0.         0.         0.         0.01437862 0.03672307
  0.         0.         0.        ]
 [0.29686317 0.10088544 0.10242042 0.0843442  0.21712866 0.10358221
  0.02071145 0.         0.         0.         0.04784297 0.22102882
  0.1255582  0.02760508 0.        ]
 [0.50093357 0.34922611 0.27043392 0.24225319 0.18328671 0.25680478
  0.01747386 0.0077832  0.11246396 0.1231208  0.08535895 0.00571771
  0.02681513 0.0107338  0.        ]
 [0.31322858 0.08763988 0.         0.12824514 0.28113988 0.14440035
  0.02415087 0.         0.         0.03070713 0.03032558 0.05383536
  0.09227307 0.0277759  0.        ]
 [0.78946288 0.49287896 0.44259522 0.24093225 0.27858205 0.15132683
  0.10881012 0.04098982 0.19131799 0.16967188 0.         0.04796494
  0.12170218 0.04659535 0.00751809]
 [0.7437403  0.6182888  0.4101852  0.32122119 0.38387003 0.05518246
  0.14578318 0.17205765 0.16517044 0.16061999 0.05712013 0.00576156
  0.09155025 0.11644176 0.00531001]
 [0.83348498 0.48200322 0.46452733 0.45743194 0.52869613 0.
  0.04281499 0.25021542 0.13623356 0.11327281 0.02004848 0.0884744
  0.09444374 0.07313904 0.        ]
 [0.924571   0.52270924 0.57793599 0.30126996 0.43714941 0.09462634
  0.18159479 0.15344908 0.27170487 0.26916875 0.05341654 0.03354546
  0.10914642 0.02931857 0.        ]
 [0.17822769 0.37460421 0.53168052 0.15896585 0.759716   0.76544509
  0.52079988 0.30495124 0.35944961 0.21388661 0.11078276 0.29263287
  0.09186174 0.14092114 0.26617328]]

3
----------------------------------------------------------------------------------
[[1.76483897e-02 2.90051122e-02 7.66516298e-02 5.07670561e-02
  5.07671210e-02 8.70492667e-02 1.78986919e-02 5.19245498e-02
  0.00000000e+00 6.52314342e-03 0.00000000e+00 7.88096458e-02
  0.00000000e+00 0.00000000e+00 8.06360705e-02]
 [0.00000000e+00 8.12811265e-03 4.25801969e-02 0.00000000e+00
  0.00000000e+00 0.00000000e+00 0.00000000e+00 9.44089617e-02
  0.00000000e+00 6.10757674e-03 0.00000000e+00 3.69398241e-02
  1.19754643e-02 0.00000000e+00 1.32138812e-02]
 [9.57340031e-02 4.58117789e-02 0.00000000e+00 0.00000000e+00
  0.00000000e+00 4.58338295e-02 0.00000000e+00 3.49846861e-02
  0.00000000e+00 0.00000000e+00 0.00000000e+00 5.28635943e-03
  0.00000000e+00 0.00000000e+00 6.81742400e-02]
 [4.17524174e-02 4.09008178e-03 1.95150921e-01 5.85935710e-03
  0.00000000e+00 1.16732209e-01 3.67947554e-01 1.68830176e-02
  0.00000000e+00 2.87324429e-02 3.15816418e-02 2.14462977e-01
  2.62156151e-04 1.32645153e-01 2.22676255e-01]
 [6.47146598e-02 1.41431988e-02 1.97887679e-01 0.00000000e+00
  0.00000000e+00 4.84189522e-02 3.04608885e-01 1.67238592e-02
  0.00000000e+00 2.55842677e-02 0.00000000e+00 1.46080079e-01
  0.00000000e+00 1.32832891e-01 1.03775771e-01]
 [3.16777222e-02 2.47478488e-02 1.84679218e-01 0.00000000e+00
  0.00000000e+00 6.70958862e-02 4.24308273e-02 2.79454862e-03
  1.80197282e-02 7.67157605e-02 4.89475768e-02 1.18272728e-01
  4.33093911e-02 1.54752662e-01 1.59496872e-01]
 [6.13097605e-03 6.48968614e-03 1.88009323e-01 0.00000000e+00
  0.00000000e+00 3.47106561e-02 1.14504892e-01 1.75417983e-02
  0.00000000e+00 0.00000000e+00 0.00000000e+00 5.72544402e-02
  3.81023729e-03 1.33546791e-01 7.89238515e-02]
 [4.62166498e-01 9.46426197e-02 1.47574344e-01 2.01145127e-03
  0.00000000e+00 1.72264834e-01 4.45863323e-01 1.60530294e-01
  0.00000000e+00 0.00000000e+00 1.48829113e-01 2.53962586e-01
  0.00000000e+00 2.49164564e-01 3.64049516e-01]
 [9.20099590e-01 1.84549407e-01 2.45320596e-01 3.62518125e-02
  0.00000000e+00 1.79817582e-01 6.92051755e-01 3.77921353e-01
  0.00000000e+00 1.97532399e-02 1.07272252e-01 2.60420221e-01
  0.00000000e+00 1.90469284e-01 2.66789763e-01]
 [2.31659948e-01 1.07053610e-02 4.50507300e-02 0.00000000e+00
  4.63333592e-02 1.37448614e-01 0.00000000e+00 5.62864556e-02
  0.00000000e+00 0.00000000e+00 6.53541003e-02 7.13268691e-02
  3.49619685e-03 2.59664680e-02 1.17266827e-01]
 [8.41147022e-01 8.36476111e-02 2.45109067e-01 0.00000000e+00
  0.00000000e+00 1.38985334e-01 7.89262097e-01 1.01804665e-01
  0.00000000e+00 0.00000000e+00 0.00000000e+00 7.58457493e-02
  6.75130261e-02 8.45710862e-02 1.29834505e-01]
 [3.47665767e-01 5.56074196e-02 9.80593036e-02 0.00000000e+00
  0.00000000e+00 8.07171848e-02 2.78060682e-01 1.13198210e-01
  0.00000000e+00 0.00000000e+00 5.55729684e-02 1.00454011e-01
  0.00000000e+00 4.11539813e-03 1.57972717e-01]
 [3.62551750e-01 3.16722465e-02 1.30665650e-01 0.00000000e+00
  0.00000000e+00 2.48702916e-02 2.56752793e-01 7.51098093e-02
  4.73081576e-02 4.10604402e-03 9.42502183e-03 4.22551301e-02
  0.00000000e+00 0.00000000e+00 5.58084493e-03]
 [0.00000000e+00 2.95123456e-02 3.13700723e-02 8.74337192e-02
  0.00000000e+00 1.03604932e-01 3.82242546e-02 4.20229017e-02
  0.00000000e+00 8.26947549e-02 3.37156355e-02 8.29448554e-02
  2.34725367e-02 8.94054885e-02 7.06443186e-02]
 [0.00000000e+00 5.19888333e-02 1.07016661e-02 0.00000000e+00
  3.55770271e-03 3.86752180e-02 3.09121985e-03 8.22922912e-02
  0.00000000e+00 6.61392395e-02 0.00000000e+00 8.36726350e-02
  6.66109693e-02 0.00000000e+00 8.62269659e-03]
 [3.78511280e-02 1.88369901e-02 1.61036307e-02 1.26508092e-03
  9.07378302e-02 1.72637090e-01 0.00000000e+00 8.41977330e-02
  1.91028089e-02 6.18046525e-02 2.25176611e-02 5.63425721e-02
  7.91751477e-02 1.14322833e-01 8.21812167e-02]
 [0.00000000e+00 2.26432878e-02 6.45554007e-02 2.15970871e-03
  0.00000000e+00 4.22888892e-03 0.00000000e+00 0.00000000e+00
  0.00000000e+00 2.93542909e-03 2.28099968e-02 1.07612028e-02
  0.00000000e+00 0.00000000e+00 0.00000000e+00]
 [2.44122218e-01 2.15688147e-01 2.90427793e-01 5.30127526e-01
  3.14526439e-01 1.63874711e-01 4.47766055e-01 1.03245153e-01
  2.49019956e-01 9.93043100e-02 1.67568999e-01 1.29899541e-01
  1.48499142e-01 5.26687967e-01 1.91865976e-01]]

4
----------------------------------------------------------------------------------
[[9.76305783e-02 1.07610936e-01 1.30239556e-02 7.45359755e-02
  0.00000000e+00 0.00000000e+00 0.00000000e+00 0.00000000e+00
  9.50263500e-02 3.76224398e-02 7.78850176e-02 1.09809210e-01
  1.27494372e-01 2.38792654e-02 0.00000000e+00]
 [3.75984591e-02 3.24146632e-02 0.00000000e+00 0.00000000e+00
  0.00000000e+00 5.76139668e-02 0.00000000e+00 0.00000000e+00
  0.00000000e+00 1.18802031e-02 4.02255086e-02 0.00000000e+00
  3.92079255e-02 0.00000000e+00 0.00000000e+00]
 [0.00000000e+00 4.17487092e-02 1.03465880e-01 0.00000000e+00
  3.70126740e-02 0.00000000e+00 0.00000000e+00 2.90921592e-02
  1.21358952e-02 7.48694914e-03 2.88202471e-02 0.00000000e+00
  1.43465604e-01 0.00000000e+00 1.41769027e-01]
 [1.97425283e-01 2.83379913e-01 2.09281576e-01 1.73760902e-01
  8.90677725e-02 0.00000000e+00 0.00000000e+00 0.00000000e+00
  1.19504612e-01 4.53551127e-02 7.50442361e-02 2.37314162e-01
  1.61962453e-01 3.52219090e-01 2.10988716e-03]
 [1.14064701e-01 2.16511548e-01 2.38591054e-01 1.23016825e-01
  1.26253929e-01 0.00000000e+00 0.00000000e+00 0.00000000e+00
  1.20197263e-01 0.00000000e+00 2.96590017e-02 1.05246213e-01
  6.29074995e-02 2.95327568e-01 0.00000000e+00]
 [0.00000000e+00 2.18320443e-01 2.00589537e-01 0.00000000e+00
  3.60565097e-02 2.33225255e-02 0.00000000e+00 6.13622526e-02
  1.90577435e-01 2.45788070e-02 2.59672874e-02 8.67573740e-02
  8.35497014e-02 1.88522702e-01 7.72802760e-02]
 [6.73652341e-02 1.69125025e-01 1.71786230e-01 6.57832140e-02
  7.36948413e-02 0.00000000e+00 0.00000000e+00 5.19742928e-02
  1.57856933e-01 0.00000000e+00 4.22543500e-02 9.74061940e-02
  7.94687817e-02 2.68385482e-01 2.32046159e-02]
 [1.97452658e-01 3.20799637e-01 2.31286283e-01 1.58825012e-01
  5.76739606e-02 0.00000000e+00 0.00000000e+00 0.00000000e+00
  5.90155298e-02 8.83221091e-03 4.75527267e-02 3.02691059e-01
  1.64180328e-01 3.91285751e-01 2.23746958e-02]
 [1.81062116e-01 3.58725939e-01 2.63212922e-01 6.38720529e-02
  1.77242700e-01 0.00000000e+00 6.61968228e-03 0.00000000e+00
  6.82010053e-02 3.85956233e-02 6.53260336e-02 3.77761832e-01
  2.00695999e-01 5.03562009e-01 3.44671812e-02]
 [3.87737514e-02 2.43557567e-01 9.14381500e-02 0.00000000e+00
  0.00000000e+00 0.00000000e+00 0.00000000e+00 5.12309721e-03
  4.61624257e-02 1.98961639e-02 1.35222439e-01 2.10716223e-01
  2.08759531e-01 3.48201857e-01 8.07174174e-02]
 [0.00000000e+00 1.61415975e-01 3.83811519e-01 0.00000000e+00
  0.00000000e+00 0.00000000e+00 0.00000000e+00 1.50001811e-01
  9.30449647e-02 1.91806293e-02 1.03699083e-01 1.67297155e-01
  2.92140668e-02 2.85449667e-01 3.37035862e-02]
 [6.34322015e-02 1.77553619e-01 1.32584829e-01 2.71473104e-02
  1.07381225e-01 0.00000000e+00 1.82744407e-02 0.00000000e+00
  5.50468234e-04 9.72708690e-03 1.49511891e-02 1.27951191e-01
  9.66672866e-02 1.50260032e-01 0.00000000e+00]
 [0.00000000e+00 0.00000000e+00 2.03466725e-01 0.00000000e+00
  0.00000000e+00 0.00000000e+00 2.14215425e-02 4.06757971e-02
  4.31840305e-02 5.89838719e-03 1.09712572e-02 1.33510197e-01
  1.34707785e-02 0.00000000e+00 1.12508202e-01]
 [1.25843894e-02 4.34444381e-02 6.94492502e-02 0.00000000e+00
  0.00000000e+00 0.00000000e+00 4.84588786e-02 1.90373336e-02
  1.26016229e-03 3.63390369e-02 5.42948521e-02 1.53227466e-01
  6.84984582e-02 1.28943998e-01 0.00000000e+00]
 [0.00000000e+00 0.00000000e+00 6.35222879e-02 0.00000000e+00
  0.00000000e+00 0.00000000e+00 0.00000000e+00 2.20601070e-02
  0.00000000e+00 4.22917222e-02 0.00000000e+00 3.65538166e-02
  7.15502302e-02 0.00000000e+00 0.00000000e+00]
 [9.12910719e-03 6.67486493e-02 5.69513532e-02 0.00000000e+00
  0.00000000e+00 0.00000000e+00 0.00000000e+00 5.26486074e-02
  7.87832581e-02 4.34668875e-02 7.04998251e-02 9.28547483e-02
  1.05888293e-01 1.40827389e-01 0.00000000e+00]
 [7.34759137e-02 2.69848899e-02 2.40588738e-02 2.18122559e-02
  0.00000000e+00 0.00000000e+00 0.00000000e+00 1.58629304e-02
  0.00000000e+00 3.10727360e-03 2.54185483e-02 1.13490820e-01
  7.27649325e-02 2.18659745e-01 0.00000000e+00]
 [2.08155848e-01 2.84825440e-01 4.97564621e-01 1.01212397e+00
  9.21272539e-01 8.19783972e-01 4.53225935e-01 2.56947794e-01
  1.74247983e-01 1.10559823e-01 1.18950967e-01 2.64758762e-01
  5.84649580e-02 8.18030358e-01 2.93754687e-01]]

5
----------------------------------------------------------------------------------
[[0.01994401 0.07930696 0.06401604 0.0470387  0.         0.
  0.41330423 0.0748788  0.         0.         0.         0.02348716
  0.12816724 0.06922988 0.04862604]
 [0.05981976 0.05735304 0.         0.02056849 0.         0.
  0.01673839 0.02076984 0.         0.         0.0821718  0.049126
  0.00714296 0.         0.02237498]
 [0.02795398 0.04966571 0.         0.06753822 0.         0.03393973
  0.03468673 0.04829024 0.09161367 0.07206032 0.         0.08644044
  0.01965812 0.         0.03083222]
 [0.09677698 0.14625244 0.03471685 0.11028276 0.13025467 0.
  0.50167162 0.01582224 0.13018075 0.00983391 0.         0.03855537
  0.20998199 0.16827297 0.        ]
 [0.07622404 0.05893248 0.08793886 0.05561689 0.06403539 0.
  0.23903878 0.07017093 0.10308932 0.03202504 0.00435581 0.
  0.08663092 0.05281981 0.        ]
 [0.00585874 0.0768691  0.18143904 0.03892403 0.07458635 0.01324571
  0.17439642 0.011458   0.09247677 0.07843641 0.05803213 0.12348339
  0.04014058 0.03841892 0.01476295]
 [0.0386766  0.03828676 0.13695509 0.0615228  0.13643107 0.
  0.17054994 0.03221047 0.1116438  0.0549382  0.01357067 0.04864008
  0.02741888 0.0766089  0.        ]
 [0.09469443 0.11490758 0.03161093 0.11727671 0.08375573 0.
  0.4998281  0.03932299 0.05424466 0.00893207 0.         0.
  0.20448598 0.23976024 0.        ]
 [0.08394939 0.08718146 0.08978662 0.12409853 0.18950508 0.
  0.59047066 0.00750651 0.10449218 0.08975447 0.         0.
  0.1885741  0.35353724 0.02376787]
 [0.         0.02893947 0.11875728 0.         0.04377943 0.03291217
  0.03476423 0.04352324 0.16531876 0.07246729 0.05655532 0.01291838
  0.10550004 0.08599857 0.        ]
 [0.03456932 0.01526877 0.13957331 0.         0.04899575 0.
  0.10136217 0.02021898 0.25229452 0.         0.         0.08248428
  0.13997271 0.21804312 0.05397746]
 [0.         0.028854   0.00674233 0.07468962 0.         0.
  0.28998313 0.         0.01033402 0.07646408 0.         0.01174811
  0.10617587 0.14002167 0.        ]
 [0.         0.02644792 0.05184737 0.03321497 0.         0.00959816
  0.         0.03642203 0.05412097 0.         0.         0.04358558
  0.07296876 0.         0.        ]
 [0.         0.02200812 0.07889727 0.00888002 0.10233064 0.
  0.1906747  0.01636403 0.01601305 0.05857911 0.         0.
  0.07788102 0.14653395 0.03907118]
 [0.         0.06481359 0.         0.09898081 0.         0.02313706
  0.13098846 0.08800349 0.         0.02067373 0.         0.01547225
  0.05515101 0.01481489 0.03778226]
 [0.         0.05065103 0.114895   0.00241482 0.13813749 0.
  0.04481532 0.10857934 0.14993835 0.02005419 0.04865839 0.07669329
  0.03725923 0.07552896 0.10965989]
 [0.         0.06406503 0.         0.03657798 0.         0.01644462
  0.16963067 0.08619199 0.         0.         0.         0.
  0.01650267 0.00114239 0.        ]
 [0.1766454  0.07739583 0.21463809 0.13111448 0.37623595 0.17932957
  0.2712018  0.1317606  0.32970585 0.29939691 0.22370097 0.12565706
  0.17316285 0.33098826 0.11901775]]

6
----------------------------------------------------------------------------------
[[2.66870558e-02 4.02595760e-02 4.93036919e-02 1.25115973e-01
  0.00000000e+00 8.55295266e-02 3.29749056e-01 1.83438698e-01
  0.00000000e+00 9.91135646e-02 4.28018811e-02 0.00000000e+00
  3.84944749e-02 3.33594255e-01 0.00000000e+00]
 [4.88915511e-02 0.00000000e+00 7.62867917e-02 0.00000000e+00
  0.00000000e+00 0.00000000e+00 1.88813913e-01 0.00000000e+00
  3.49031800e-02 2.02792858e-01 0.00000000e+00 0.00000000e+00
  0.00000000e+00 0.00000000e+00 1.01633095e-04]
 [3.98822305e-02 7.78756391e-02 8.02977949e-02 0.00000000e+00
  0.00000000e+00 0.00000000e+00 1.34066215e-01 0.00000000e+00
  0.00000000e+00 4.20472103e-02 0.00000000e+00 0.00000000e+00
  1.16714975e-03 0.00000000e+00 0.00000000e+00]
 [7.35003751e-02 5.28451174e-02 6.20366293e-02 3.15115029e-01
  0.00000000e+00 1.67307022e-01 2.47663527e-01 1.44828263e-01
  1.12712032e-01 2.19370859e-01 2.91090873e-01 1.72562754e-01
  1.63272871e-01 5.40034565e-01 0.00000000e+00]
 [9.86339026e-03 7.42750085e-02 3.70980735e-02 2.32265520e-01
  1.17939672e-01 2.33880745e-02 9.27260332e-02 9.37088666e-02
  1.24493059e-01 3.59781610e-02 4.47033352e-02 0.00000000e+00
  1.21731286e-01 3.34989532e-01 0.00000000e+00]
 [7.75702491e-03 8.78799869e-02 7.47510101e-02 6.69903554e-03
  1.39934253e-01 3.31370743e-01 1.26220285e-01 2.54721159e-02
  3.25315673e-02 1.64446140e-01 8.72706017e-02 1.20222911e-01
  0.00000000e+00 2.63049321e-01 5.93241365e-04]
 [0.00000000e+00 1.08783528e-01 3.46619029e-02 1.77876823e-01
  1.47825819e-01 0.00000000e+00 1.05789102e-01 1.31767683e-01
  6.45429660e-02 8.23385953e-02 0.00000000e+00 0.00000000e+00
  4.84948049e-03 2.87036249e-01 7.25883619e-02]
 [5.08162020e-02 4.82973907e-02 4.13961646e-02 4.36817201e-01
  0.00000000e+00 1.40624817e-01 1.88148539e-01 2.13148407e-01
  0.00000000e+00 1.11739035e-01 1.34237797e+00 2.13637712e+00
  1.64124600e+00 2.37641680e-01 8.28768203e-02]
 [4.00781451e-02 1.87247888e-01 6.68560888e-02 5.33768897e-01
  7.83224458e-03 8.01114589e-02 1.53970669e-01 1.53294948e-01
  0.00000000e+00 1.33685461e-01 7.98897028e-01 1.19287876e+00
  1.12643249e+00 3.59562282e-01 2.97371545e-02]
 [3.68458976e-02 2.14738137e-01 0.00000000e+00 1.04187058e-01
  1.53881030e-01 0.00000000e+00 0.00000000e+00 1.17050913e-01
  0.00000000e+00 2.18578166e-01 4.37066338e-01 6.23241920e-01
  5.46066881e-01 4.68571408e-01 7.79531061e-03]
 [8.22667132e-03 2.38285181e-02 5.67813277e-05 2.43062293e-01
  0.00000000e+00 4.45856257e-02 1.49316654e-01 0.00000000e+00
  0.00000000e+00 7.77553497e-02 3.93930214e-01 5.60688203e-01
  3.91752906e-01 1.28556144e-01 7.55151952e-02]
 [1.09628575e-02 1.72081191e-02 2.83056413e-02 1.70586275e-01
  0.00000000e+00 1.23542698e-01 1.31011512e-01 1.27208208e-01
  0.00000000e+00 2.77279077e-01 1.93463558e+00 3.33763409e+00
  2.81348298e+00 4.68899102e-01 2.72319774e-01]
 [3.86638709e-02 0.00000000e+00 5.86152910e-02 1.41672313e-02
  0.00000000e+00 0.00000000e+00 2.55498301e-01 1.58825914e-03
  0.00000000e+00 3.03923905e-01 1.41720024e+00 2.23676226e+00
  1.74477617e+00 5.74149706e-01 1.82887068e-01]
 [3.32742917e-02 1.81163916e-01 9.76605969e-02 1.35703597e-01
  1.48226997e-01 0.00000000e+00 9.41083626e-03 2.67359256e-03
  0.00000000e+00 2.75534782e-01 3.73824983e+00 9.45029561e+00
  6.48229483e+00 1.76035651e+00 1.03664293e+00]
 [1.71194828e-02 1.14023558e-01 4.09061343e-02 2.91847537e-02
  0.00000000e+00 0.00000000e+00 1.20454657e-01 0.00000000e+00
  0.00000000e+00 4.02534386e-01 4.64613653e+00 1.09397786e+01
  6.48594623e+00 1.78458847e+00 1.08029915e+00]
 [8.39755214e-02 1.94150762e-01 6.25370588e-02 1.27993215e-01
  3.57711146e-02 0.00000000e+00 0.00000000e+00 0.00000000e+00
  0.00000000e+00 1.26853450e+00 9.73002980e+00 1.50135763e+01
  7.98438938e+00 2.32674026e+00 9.52190327e-01]
 [0.00000000e+00 7.92132691e-02 7.09747304e-02 7.61697375e-02
  0.00000000e+00 1.56054858e-01 5.09647928e-02 1.46939748e-01
  6.04830509e-02 4.59438883e-01 4.01622073e+00 8.83370573e+00
  8.16360797e+00 2.30109203e+00 1.21978182e+00]
 [9.59987117e-02 2.09402184e-01 7.55533596e-02 4.52378511e-01
  7.36308906e-01 8.02174039e-01 3.20806322e-01 5.90917861e-01
  4.00209699e-01 2.31372680e-01 2.11452479e-01 2.45986504e-01
  2.05890052e-01 3.52170629e-01 1.61481368e-01]]

7
----------------------------------------------------------------------------------
[[0.00000000e+00 8.25172325e-02 1.05295095e-01 3.59196768e-02
  6.42249915e-02 1.47084017e-03 0.00000000e+00 0.00000000e+00
  1.28372491e-01 2.04211469e-01 6.20758318e-02]
 [8.51042749e-02 2.70254286e-02 1.46037710e-01 6.91193025e-02
  4.86517500e-02 1.56097837e-02 0.00000000e+00 0.00000000e+00
  5.91484189e-03 0.00000000e+00 5.00380634e-01]
 [0.00000000e+00 1.71182340e-02 1.78417262e-01 6.46434354e-02
  8.10742896e-02 0.00000000e+00 0.00000000e+00 0.00000000e+00
  3.69470054e-02 2.63545652e-01 5.36907546e-01]
 [9.41957416e-02 8.20733010e-02 1.41547345e-01 1.80628628e-01
  7.53898960e-02 5.06310558e-02 6.16319017e-02 4.42804161e-02
  1.52571695e-01 6.69117968e-01 0.00000000e+00]
 [7.91558357e-02 5.69923628e-02 2.22360738e-01 1.53583652e-01
  5.28228738e-02 0.00000000e+00 1.31170114e-02 0.00000000e+00
  4.92337516e-02 5.36685323e-01 0.00000000e+00]
 [2.25608663e-02 0.00000000e+00 2.34251895e-01 1.19754476e-01
  0.00000000e+00 1.03392293e-02 1.98202951e-02 0.00000000e+00
  1.23093083e-01 6.93250888e-01 0.00000000e+00]
 [8.19726569e-02 7.47681494e-04 2.73252516e-01 1.53417224e-01
  6.14840261e-02 0.00000000e+00 4.47810538e-02 0.00000000e+00
  4.04977419e-02 4.18553636e-01 0.00000000e+00]
 [1.02329176e-01 3.04735029e-01 1.55193786e-01 2.72237090e-01
  2.78468766e-01 0.00000000e+00 1.23763915e-01 8.01572288e-02
  1.12140009e-01 4.78877574e-01 0.00000000e+00]
 [4.53264110e-02 2.51190774e-01 2.34494408e-01 3.04419777e-01
  1.62575046e-01 1.38684642e-02 1.80606754e-01 1.51850742e-01
  1.51909878e-01 5.88089687e-01 0.00000000e+00]
 [9.29689721e-02 9.54708486e-02 2.30639516e-01 7.83796696e-02
  1.33160201e-01 0.00000000e+00 0.00000000e+00 0.00000000e+00
  1.60276756e-01 4.24827293e-01 0.00000000e+00]
 [1.11675662e-01 1.08790881e-01 2.26814126e-01 3.05230406e-01
  4.23247479e-03 0.00000000e+00 1.42128133e-01 0.00000000e+00
  1.53159671e-01 6.14291513e-01 0.00000000e+00]
 [1.41019075e-01 3.00012268e-01 2.22051426e-01 3.43607865e-01
  1.89144008e-01 3.06124410e-02 1.68753922e-01 1.37252075e-01
  7.19659531e-02 3.38293890e-01 0.00000000e+00]
 [2.85658601e-01 2.02057321e-01 2.64110126e-01 3.40663735e-01
  8.45011241e-02 9.47496101e-02 5.59209364e-02 0.00000000e+00
  5.26799434e-02 2.65913000e-01 0.00000000e+00]
 [4.60536839e-01 6.58989878e-01 4.53568425e-01 5.90063882e-01
  3.16757192e-01 4.61136444e-02 3.26853930e-01 2.12673703e-01
  7.87175862e-02 4.50629881e-01 0.00000000e+00]
 [5.05095605e-01 6.10389136e-01 4.50080796e-01 6.66705594e-01
  4.39326075e-01 9.58191523e-02 1.73101333e-01 3.35583021e-01
  1.76838487e-01 1.94717348e-01 0.00000000e+00]
 [4.44190774e-01 4.23581180e-01 5.73300339e-01 5.07864077e-01
  1.65507421e-01 3.24466843e-02 1.07801611e-01 5.56168862e-02
  7.85769997e-02 3.32110250e-01 0.00000000e+00]
 [5.46191987e-01 1.09672080e+00 5.75680643e-01 8.76643315e-01
  6.60042391e-01 1.31430282e-01 4.18688767e-01 5.75392136e-01
  8.95200774e-02 3.35039411e-01 0.00000000e+00]
 [1.34370947e-01 1.82328743e-01 1.32174982e-01 2.25432023e-01
  1.79499564e-01 1.18529697e-01 4.77464757e-01 5.91137025e-01
  1.29351286e-01 7.02794325e-01 9.61741820e-01]]