

1
----------------------------------------------------------------------------------
[[nan nan nan nan nan nan nan nan nan nan nan nan nan nan nan]
 [nan nan nan nan nan nan nan nan nan nan nan nan nan nan nan]
 [nan nan nan nan nan nan nan nan nan nan nan nan nan nan nan]
 [nan nan nan nan nan nan nan nan nan nan nan nan nan nan nan]
 [nan nan nan nan nan nan nan nan nan nan nan nan nan nan nan]
 [nan nan nan nan nan nan nan nan nan nan nan nan nan nan nan]
 [nan nan nan nan nan nan nan nan nan nan nan nan nan nan nan]
 [nan nan nan nan nan nan nan nan nan nan nan nan nan nan nan]
 [nan nan nan nan nan nan nan nan nan nan nan nan nan nan nan]
 [nan nan nan nan nan nan nan nan nan nan nan nan nan nan nan]
 [nan nan nan nan nan nan nan nan nan nan nan nan nan nan nan]
 [nan nan nan nan nan nan nan nan nan nan nan nan nan nan nan]
 [nan nan nan nan nan nan nan nan nan nan nan nan nan nan nan]
 [nan nan nan nan nan nan nan nan nan nan nan nan nan nan nan]
 [nan nan nan nan nan nan nan nan nan nan nan nan nan nan nan]
 [nan nan nan nan nan nan nan nan nan nan nan nan nan nan nan]
 [nan nan nan nan nan nan nan nan nan nan nan nan nan nan nan]
 [nan nan nan nan nan nan nan nan nan nan nan nan nan nan nan]]

2
----------------------------------------------------------------------------------
[[4.21872940e-01 0.00000000e+00 0.00000000e+00 0.00000000e+00
  0.00000000e+00 0.00000000e+00 0.00000000e+00 0.00000000e+00
  0.00000000e+00 0.00000000e+00 0.00000000e+00 0.00000000e+00
  0.00000000e+00 0.00000000e+00 0.00000000e+00]
 [3.84866023e-01 0.00000000e+00 0.00000000e+00 0.00000000e+00
  0.00000000e+00 0.00000000e+00 0.00000000e+00 0.00000000e+00
  0.00000000e+00 0.00000000e+00 0.00000000e+00 0.00000000e+00
  1.28475975e-01 8.01476766e-02 1.10362525e-01]
 [0.00000000e+00 0.00000000e+00 0.00000000e+00 0.00000000e+00
  0.00000000e+00 0.00000000e+00 0.00000000e+00 0.00000000e+00
  0.00000000e+00 0.00000000e+00 2.94660027e-01 0.00000000e+00
  0.00000000e+00 6.08298581e-01 2.88009695e-01]
 [8.80699463e-01 0.00000000e+00 1.55106342e-01 0.00000000e+00
  0.00000000e+00 0.00000000e+00 0.00000000e+00 0.00000000e+00
  0.00000000e+00 0.00000000e+00 0.00000000e+00 0.00000000e+00
  0.00000000e+00 0.00000000e+00 1.70112910e-01]
 [1.01713830e+00 5.26539424e-01 5.33612909e-03 2.80538404e-01
  0.00000000e+00 0.00000000e+00 0.00000000e+00 0.00000000e+00
  0.00000000e+00 0.00000000e+00 0.00000000e+00 0.00000000e+00
  1.88302210e-01 0.00000000e+00 3.62531478e-01]
 [2.94874888e-01 0.00000000e+00 0.00000000e+00 0.00000000e+00
  0.00000000e+00 0.00000000e+00 0.00000000e+00 0.00000000e+00
  0.00000000e+00 0.00000000e+00 3.35671870e-01 0.00000000e+00
  0.00000000e+00 6.00865594e-01 3.44984793e-01]
 [9.63173088e-01 2.25071317e-02 1.40182963e-01 8.30650606e-02
  0.00000000e+00 0.00000000e+00 8.90556108e-02 0.00000000e+00
  0.00000000e+00 0.00000000e+00 0.00000000e+00 0.00000000e+00
  0.00000000e+00 3.15630706e-01 9.24704174e-02]
 [0.00000000e+00 0.00000000e+00 9.67412724e-02 0.00000000e+00
  0.00000000e+00 0.00000000e+00 0.00000000e+00 0.00000000e+00
  0.00000000e+00 0.00000000e+00 0.00000000e+00 0.00000000e+00
  0.00000000e+00 0.00000000e+00 0.00000000e+00]
 [0.00000000e+00 0.00000000e+00 0.00000000e+00 0.00000000e+00
  3.57336339e-01 0.00000000e+00 0.00000000e+00 0.00000000e+00
  0.00000000e+00 1.84873108e-01 0.00000000e+00 0.00000000e+00
  0.00000000e+00 0.00000000e+00 3.63518237e-02]
 [0.00000000e+00 0.00000000e+00 0.00000000e+00 0.00000000e+00
  0.00000000e+00 0.00000000e+00 0.00000000e+00 0.00000000e+00
  0.00000000e+00 0.00000000e+00 1.61799898e-01 0.00000000e+00
  0.00000000e+00 1.41698478e-02 5.26046319e-01]
 [0.00000000e+00 0.00000000e+00 0.00000000e+00 0.00000000e+00
  0.00000000e+00 0.00000000e+00 0.00000000e+00 0.00000000e+00
  0.00000000e+00 3.58153196e-01 1.86313238e-01 0.00000000e+00
  0.00000000e+00 2.81834241e-01 5.34406644e-02]
 [0.00000000e+00 0.00000000e+00 1.96079792e-01 0.00000000e+00
  0.00000000e+00 0.00000000e+00 0.00000000e+00 0.00000000e+00
  0.00000000e+00 0.00000000e+00 0.00000000e+00 0.00000000e+00
  8.11341713e-02 0.00000000e+00 2.44770202e-01]
 [0.00000000e+00 0.00000000e+00 0.00000000e+00 0.00000000e+00
  0.00000000e+00 0.00000000e+00 0.00000000e+00 0.00000000e+00
  0.00000000e+00 0.00000000e+00 0.00000000e+00 0.00000000e+00
  1.62199746e-01 0.00000000e+00 0.00000000e+00]
 [0.00000000e+00 0.00000000e+00 0.00000000e+00 0.00000000e+00
  0.00000000e+00 0.00000000e+00 0.00000000e+00 0.00000000e+00
  0.00000000e+00 0.00000000e+00 0.00000000e+00 0.00000000e+00
  0.00000000e+00 4.55984269e-01 6.79040262e-01]
 [0.00000000e+00 0.00000000e+00 0.00000000e+00 5.83543348e-03
  4.07279171e-01 0.00000000e+00 0.00000000e+00 0.00000000e+00
  0.00000000e+00 0.00000000e+00 0.00000000e+00 4.44395361e-01
  0.00000000e+00 8.41279527e-01 1.57985731e+00]
 [0.00000000e+00 0.00000000e+00 2.70619916e-01 0.00000000e+00
  0.00000000e+00 0.00000000e+00 1.67284234e-01 0.00000000e+00
  0.00000000e+00 0.00000000e+00 8.95095998e-01 1.69961143e-02
  5.71617689e-02 2.82173445e-01 1.94861328e+00]
 [0.00000000e+00 0.00000000e+00 0.00000000e+00 0.00000000e+00
  0.00000000e+00 0.00000000e+00 0.00000000e+00 0.00000000e+00
  0.00000000e+00 0.00000000e+00 0.00000000e+00 0.00000000e+00
  2.14838948e-02 3.38610185e-01 9.31443345e-01]
 [1.79933955e+00 2.38020517e+00 1.56536955e-01 2.69225328e+00
  4.79021813e+00 5.45693126e+00 5.58925722e+00 1.31974547e-01
  6.23582864e+00 5.35086967e+00 3.77306881e+00 3.02956710e+00
  3.09723789e-01 1.52981777e+00 4.43997388e-01]]

3
----------------------------------------------------------------------------------
[[nan nan nan nan nan nan nan nan nan nan nan nan nan nan nan]
 [nan nan nan nan nan nan nan nan nan nan nan nan nan nan nan]
 [nan nan nan nan nan nan nan nan nan nan nan nan nan nan nan]
 [nan nan nan nan nan nan nan nan nan nan nan nan nan nan nan]
 [nan nan nan nan nan nan nan nan nan nan nan nan nan nan nan]
 [nan nan nan nan nan nan nan nan nan nan nan nan nan nan nan]
 [nan nan nan nan nan nan nan nan nan nan nan nan nan nan nan]
 [nan nan nan nan nan nan nan nan nan nan nan nan nan nan nan]
 [nan nan nan nan nan nan nan nan nan nan nan nan nan nan nan]
 [nan nan nan nan nan nan nan nan nan nan nan nan nan nan nan]
 [nan nan nan nan nan nan nan nan nan nan nan nan nan nan nan]
 [nan nan nan nan nan nan nan nan nan nan nan nan nan nan nan]
 [nan nan nan nan nan nan nan nan nan nan nan nan nan nan nan]
 [nan nan nan nan nan nan nan nan nan nan nan nan nan nan nan]
 [nan nan nan nan nan nan nan nan nan nan nan nan nan nan nan]
 [nan nan nan nan nan nan nan nan nan nan nan nan nan nan nan]
 [nan nan nan nan nan nan nan nan nan nan nan nan nan nan nan]
 [nan nan nan nan nan nan nan nan nan nan nan nan nan nan nan]]

4
----------------------------------------------------------------------------------
[[1.65532246e-03 0.00000000e+00 0.00000000e+00 3.59441483e+00
  0.00000000e+00 0.00000000e+00 0.00000000e+00 8.30498284e-01
  0.00000000e+00 0.00000000e+00 0.00000000e+00 0.00000000e+00
  0.00000000e+00 0.00000000e+00 1.09831858e-01]
 [0.00000000e+00 0.00000000e+00 1.69209871e+00 3.78968367e+00
  0.00000000e+00 9.37131899e-03 0.00000000e+00 7.82416730e-01
  2.40480255e-01 0.00000000e+00 0.00000000e+00 7.38719846e-02
  7.44680273e-02 0.00000000e+00 1.49876272e-01]
 [0.00000000e+00 0.00000000e+00 1.09225798e+01 7.70809107e+00
  0.00000000e+00 1.45501389e-04 2.39110756e+00 1.52455674e+00
  0.00000000e+00 5.93753935e-01 0.00000000e+00 1.23027065e-01
  0.00000000e+00 0.00000000e+00 2.39307026e-01]
 [7.13547308e-04 0.00000000e+00 2.24892183e-01 2.97708225e+00
  0.00000000e+00 0.00000000e+00 0.00000000e+00 2.69449136e-01
  0.00000000e+00 0.00000000e+00 0.00000000e+00 0.00000000e+00
  0.00000000e+00 0.00000000e+00 1.72452981e-01]
 [1.00729184e-03 4.95743697e-01 1.54021383e+00 2.31442224e+00
  0.00000000e+00 9.42860323e-03 0.00000000e+00 6.24697758e-01
  0.00000000e+00 0.00000000e+00 0.00000000e+00 0.00000000e+00
  8.10333583e-02 0.00000000e+00 1.11623526e-01]
 [9.09185660e-05 0.00000000e+00 3.38517982e+00 1.37933252e+01
  0.00000000e+00 0.00000000e+00 1.82198865e+00 1.05029180e+00
  0.00000000e+00 6.01957663e-01 0.00000000e+00 0.00000000e+00
  3.81786830e-02 3.85728848e-04 1.71314593e-01]
 [0.00000000e+00 0.00000000e+00 1.85241615e+00 3.01489226e+00
  0.00000000e+00 1.18007126e-02 0.00000000e+00 4.74389954e-01
  0.00000000e+00 5.82699512e-03 0.00000000e+00 2.15097566e-01
  6.36513175e-02 0.00000000e+00 1.88377411e-01]
 [1.86000935e-04 2.13357973e+00 1.91799684e+01 2.57173153e+00
  0.00000000e+00 0.00000000e+00 0.00000000e+00 4.68454059e-01
  1.33509743e-01 0.00000000e+00 0.00000000e+00 0.00000000e+00
  0.00000000e+00 0.00000000e+00 2.00480838e-01]
 [9.19395712e-03 0.00000000e+00 0.00000000e+00 1.84103395e+00
  0.00000000e+00 1.16163546e-05 0.00000000e+00 6.01742284e-02
  0.00000000e+00 0.00000000e+00 0.00000000e+00 0.00000000e+00
  0.00000000e+00 0.00000000e+00 1.17314285e-03]
 [3.80634749e-01 0.00000000e+00 4.83478916e-01 3.71770033e+00
  0.00000000e+00 0.00000000e+00 0.00000000e+00 0.00000000e+00
  0.00000000e+00 0.00000000e+00 0.00000000e+00 0.00000000e+00
  7.53021753e-03 0.00000000e+00 0.00000000e+00]
 [1.10496678e-01 0.00000000e+00 7.47822923e-01 4.28625336e+00
  0.00000000e+00 0.00000000e+00 0.00000000e+00 0.00000000e+00
  0.00000000e+00 0.00000000e+00 0.00000000e+00 0.00000000e+00
  0.00000000e+00 0.00000000e+00 0.00000000e+00]
 [1.96004352e-02 0.00000000e+00 0.00000000e+00 2.55960842e+00
  0.00000000e+00 1.62706122e-03 0.00000000e+00 0.00000000e+00
  0.00000000e+00 0.00000000e+00 0.00000000e+00 0.00000000e+00
  0.00000000e+00 0.00000000e+00 9.98280589e-03]
 [1.62073965e-03 0.00000000e+00 0.00000000e+00 8.54693391e-01
  0.00000000e+00 3.44071461e-02 0.00000000e+00 0.00000000e+00
  0.00000000e+00 1.49317050e-01 2.75098998e-01 0.00000000e+00
  0.00000000e+00 0.00000000e+00 0.00000000e+00]
 [3.00037714e-02 0.00000000e+00 0.00000000e+00 0.00000000e+00
  0.00000000e+00 6.92484203e-02 0.00000000e+00 0.00000000e+00
  0.00000000e+00 3.06632378e+00 0.00000000e+00 3.47330444e+00
  2.28025661e-01 1.99226320e-01 3.26047903e-01]
 [4.07316974e-02 0.00000000e+00 0.00000000e+00 0.00000000e+00
  0.00000000e+00 1.64625617e-01 0.00000000e+00 0.00000000e+00
  0.00000000e+00 4.56785975e+00 0.00000000e+00 5.11596865e+00
  6.64823184e-02 2.85336134e-01 3.08021886e-01]
 [1.23272770e-03 0.00000000e+00 0.00000000e+00 0.00000000e+00
  0.00000000e+00 9.87969288e-02 0.00000000e+00 0.00000000e+00
  0.00000000e+00 5.02422104e+00 0.00000000e+00 5.38290149e+00
  1.83099884e-01 3.55335022e-01 6.20068212e-01]
 [1.25871712e-02 0.00000000e+00 0.00000000e+00 7.19431067e-01
  0.00000000e+00 2.77226915e-03 0.00000000e+00 0.00000000e+00
  0.00000000e+00 0.00000000e+00 3.97440814e-02 9.29472283e-01
  0.00000000e+00 0.00000000e+00 2.13294081e-01]
 [0.00000000e+00 1.36102266e+01 1.25352298e+01 2.00042613e+00
  4.76171207e+00 3.90737244e-04 6.22544188e+00 5.88710371e+00
  5.08416444e+00 1.88524064e+00 3.52892208e-01 2.11397300e+00
  1.79878407e+00 8.32139088e-01 4.90268454e-01]]

5
----------------------------------------------------------------------------------
[[1.21181814e-01 0.00000000e+00 0.00000000e+00 8.78825459e-01
  5.85161313e-03 0.00000000e+00 0.00000000e+00 0.00000000e+00
  5.09467448e-01 0.00000000e+00 8.78329592e-01 1.06787372e+00
  8.30204102e-01 0.00000000e+00 7.16565185e-02]
 [0.00000000e+00 0.00000000e+00 9.54434715e-02 1.07191126e+00
  0.00000000e+00 0.00000000e+00 0.00000000e+00 0.00000000e+00
  4.85979154e-01 0.00000000e+00 1.59065809e+00 1.01525372e+00
  8.28484144e-01 0.00000000e+00 2.44899709e-02]
 [3.05220386e-02 0.00000000e+00 2.02868199e-01 7.20829242e-01
  3.79886305e-03 0.00000000e+00 0.00000000e+00 0.00000000e+00
  8.87122459e-01 0.00000000e+00 1.35015695e+00 1.58728525e+00
  1.03335618e+00 0.00000000e+00 0.00000000e+00]
 [2.08244425e-01 0.00000000e+00 0.00000000e+00 4.19122077e+00
  2.85419075e-02 4.53454248e-01 0.00000000e+00 0.00000000e+00
  6.45669017e-01 0.00000000e+00 6.16270025e-01 6.74995066e-01
  5.88911172e-01 0.00000000e+00 1.06727866e-01]
 [3.14960139e-02 0.00000000e+00 6.47670188e-02 8.45904624e-01
  0.00000000e+00 0.00000000e+00 0.00000000e+00 0.00000000e+00
  6.65615744e-01 0.00000000e+00 9.93948563e-01 9.16178034e-01
  9.30610906e-01 0.00000000e+00 1.10708660e-01]
 [0.00000000e+00 0.00000000e+00 2.67739679e-01 8.53207908e-01
  6.60075768e-03 4.04081045e-02 0.00000000e+00 0.00000000e+00
  6.54148047e-01 1.89268457e-02 1.26749733e+00 1.05121700e+00
  6.37313008e-01 0.00000000e+00 0.00000000e+00]
 [5.82451023e-02 0.00000000e+00 2.17858729e-01 7.57273126e-01
  0.00000000e+00 0.00000000e+00 0.00000000e+00 0.00000000e+00
  4.68399420e-01 0.00000000e+00 1.05467226e+00 9.42842655e-01
  8.40259378e-01 0.00000000e+00 5.13595613e-02]
 [3.11404288e-01 0.00000000e+00 0.00000000e+00 8.96835347e-01
  1.48898373e-01 3.64228127e+00 0.00000000e+00 4.99444897e-01
  2.23474249e-01 0.00000000e+00 0.00000000e+00 1.89787799e-01
  6.48955867e-02 0.00000000e+00 1.65991601e-01]
 [2.00171014e-01 0.00000000e+00 0.00000000e+00 7.25410465e-01
  0.00000000e+00 5.49266640e+00 0.00000000e+00 8.68135679e-01
  1.05911388e-01 0.00000000e+00 0.00000000e+00 3.52306041e-01
  0.00000000e+00 0.00000000e+00 0.00000000e+00]
 [9.06376307e-03 0.00000000e+00 0.00000000e+00 0.00000000e+00
  0.00000000e+00 7.48975285e+00 0.00000000e+00 2.06752570e+00
  1.54224574e+00 0.00000000e+00 1.30735800e+00 7.53679728e-01
  3.41378165e-01 5.78616888e-02 0.00000000e+00]
 [1.23181478e-01 0.00000000e+00 0.00000000e+00 0.00000000e+00
  0.00000000e+00 5.36794921e+00 0.00000000e+00 1.57760952e+00
  1.97281912e+00 0.00000000e+00 1.21327485e+00 8.18408357e-01
  3.80195216e-01 0.00000000e+00 0.00000000e+00]
 [2.01354206e-01 0.00000000e+00 1.43376811e-02 6.61991951e-01
  0.00000000e+00 6.90793886e+00 0.00000000e+00 8.23077796e-01
  3.17777481e-01 0.00000000e+00 0.00000000e+00 3.28868983e-01
  0.00000000e+00 0.00000000e+00 2.76932873e-02]
 [0.00000000e+00 0.00000000e+00 0.00000000e+00 0.00000000e+00
  6.23019028e-02 0.00000000e+00 0.00000000e+00 0.00000000e+00
  5.59605298e-02 8.59022249e-02 1.57107819e-01 6.42137108e-02
  7.55125010e-02 0.00000000e+00 1.07537655e-01]
 [5.70695870e-01 6.07225768e-01 2.56196437e+00 1.78208117e+01
  2.65554460e-02 0.00000000e+00 1.53944546e+00 2.77157599e+00
  2.31011437e+00 2.02330156e-02 0.00000000e+00 2.04580424e+00
  1.66141420e-01 6.33915459e-01 0.00000000e+00]
 [1.18387970e+00 1.19957384e+00 5.11638093e+00 1.65355042e+01
  2.14436273e-02 2.53890421e-01 3.35909063e+00 2.53582653e+00
  3.66746677e+00 1.26759298e-02 1.18381737e+00 4.57532663e+00
  1.44597858e+00 1.12960601e+00 0.00000000e+00]
 [1.16101493e+00 9.54325597e-01 2.68275787e+00 1.96758248e+00
  1.32713909e-01 0.00000000e+00 1.82059869e+00 5.20572103e-01
  1.64774884e+00 0.00000000e+00 0.00000000e+00 1.20858826e+00
  3.26570683e-01 2.20918820e+00 0.00000000e+00]
 [4.43511992e-01 0.00000000e+00 0.00000000e+00 0.00000000e+00
  3.36369465e-01 2.76282629e-01 9.76825349e-01 9.75667546e-01
  0.00000000e+00 1.07040666e-02 4.24094681e+00 3.26571397e+00
  0.00000000e+00 1.65414632e+00 1.24093621e-01]
 [4.88946600e-01 2.62826345e+00 4.30598817e+00 3.73907835e+00
  2.86151458e-02 2.53658460e+00 1.23931547e+00 1.33555717e+00
  2.25734256e+00 2.16258412e-02 3.81551414e+00 3.46428354e+00
  2.85250743e+00 1.78631555e+00 1.22712764e-01]]

6
----------------------------------------------------------------------------------
[[6.40883228e-01 5.07561366e-01 6.19415029e-01 0.00000000e+00
  1.05463172e-01 1.33001606e-01 0.00000000e+00 0.00000000e+00
  0.00000000e+00 2.23715061e-01 1.82907332e-01 3.21442148e-01
  2.59314539e-01 1.82692531e-02 6.37369233e-02]
 [5.59190333e-01 5.51253587e-01 7.34530318e-01 0.00000000e+00
  1.40384219e-01 2.23416920e-01 0.00000000e+00 0.00000000e+00
  0.00000000e+00 9.05632422e-02 3.25467770e-01 2.91570223e-01
  9.57759448e-02 9.31116772e-02 7.73174971e-02]
 [7.16972453e-01 5.05210426e-01 7.69473598e-01 1.55566751e-03
  4.11618145e-01 4.25010745e-01 0.00000000e+00 0.00000000e+00
  0.00000000e+00 0.00000000e+00 5.01339213e-01 3.36601868e-01
  0.00000000e+00 0.00000000e+00 0.00000000e+00]
 [3.74128526e-01 4.42034688e-01 6.80609477e-01 0.00000000e+00
  1.07601794e-01 2.42019559e-01 0.00000000e+00 0.00000000e+00
  0.00000000e+00 1.92652221e-01 7.17999085e-02 1.44774660e-01
  3.54553576e-01 0.00000000e+00 1.15529442e-02]
 [3.50675541e-01 4.74949463e-01 3.93001681e-01 0.00000000e+00
  3.44078969e-01 1.88624426e-01 0.00000000e+00 0.00000000e+00
  0.00000000e+00 9.83506049e-02 2.02492941e-01 8.38365173e-02
  5.93968816e-01 1.08658824e-02 6.88844275e-03]
 [6.18183250e-01 3.60304574e-01 5.63249567e-01 2.82180364e-03
  2.52008236e-01 4.44267903e-01 4.12633362e-02 0.00000000e+00
  0.00000000e+00 1.84470606e-01 3.77478078e-01 4.01036460e-01
  3.83495299e-02 0.00000000e+00 8.93172170e-04]
 [3.48982004e-01 3.34571529e-01 5.56530673e-01 0.00000000e+00
  1.09631621e-01 5.44963892e-01 0.00000000e+00 0.00000000e+00
  0.00000000e+00 6.01443433e-03 1.98801585e-01 1.57043188e-01
  2.45837635e-01 5.22326099e-02 0.00000000e+00]
 [3.76267779e-01 6.88964285e-01 9.12402541e-01 0.00000000e+00
  1.25132172e-01 1.55671926e-01 2.40300276e-02 0.00000000e+00
  0.00000000e+00 3.46075857e-01 0.00000000e+00 8.98570314e-02
  0.00000000e+00 0.00000000e+00 8.06017099e-02]
 [3.69066423e-01 1.47951878e-01 2.40361342e-01 0.00000000e+00
  1.82662790e-01 0.00000000e+00 5.27764509e-02 0.00000000e+00
  0.00000000e+00 4.85402391e-01 1.17579095e-01 6.66507265e-02
  0.00000000e+00 0.00000000e+00 2.65460540e-01]
 [5.38536433e-02 2.47188596e-01 2.14967827e-01 0.00000000e+00
  1.65622343e-01 0.00000000e+00 0.00000000e+00 0.00000000e+00
  0.00000000e+00 2.66958710e-01 0.00000000e+00 4.19093366e-01
  0.00000000e+00 0.00000000e+00 5.43387998e-02]
 [5.69529819e-02 7.04469004e-02 2.03431572e-01 0.00000000e+00
  2.24733125e-01 1.10954596e-01 0.00000000e+00 0.00000000e+00
  0.00000000e+00 5.94946360e-02 1.96795489e-02 2.38333483e-01
  0.00000000e+00 0.00000000e+00 6.70340180e-02]
 [3.17262862e-01 1.60141925e-01 3.74016453e-01 0.00000000e+00
  1.69977935e-01 0.00000000e+00 7.13110890e-02 0.00000000e+00
  0.00000000e+00 4.98492379e-01 9.30980783e-02 7.92410763e-02
  0.00000000e+00 0.00000000e+00 2.58959356e-01]
 [0.00000000e+00 0.00000000e+00 6.24811129e-03 0.00000000e+00
  7.65072194e-01 1.79769506e-01 1.51798241e-02 0.00000000e+00
  2.12494444e-01 0.00000000e+00 0.00000000e+00 3.01455185e-01
  2.37437353e-01 5.34646048e-02 2.95944301e-01]
 [0.00000000e+00 2.06070947e+00 1.83443682e+00 0.00000000e+00
  1.16479317e+00 3.66315471e-01 3.32540797e-01 7.46787945e-02
  0.00000000e+00 6.18901536e-01 0.00000000e+00 2.98002663e-01
  1.65462999e+00 0.00000000e+00 1.83324141e+00]
 [0.00000000e+00 2.03324730e+00 1.77202715e+00 0.00000000e+00
  9.32228674e-01 3.37289061e-01 4.49621637e-01 6.90242158e-02
  0.00000000e+00 0.00000000e+00 0.00000000e+00 5.94231117e-01
  3.68153853e+00 0.00000000e+00 2.58447922e+00]
 [0.00000000e+00 3.09537156e+00 4.82609623e+00 0.00000000e+00
  1.76410194e+00 8.05495252e-01 6.33041058e-01 4.02165385e-01
  1.63263485e-02 1.42450923e-01 0.00000000e+00 0.00000000e+00
  5.30946126e-01 8.31619854e-02 1.07173057e+00]
 [1.36965523e+00 5.82783489e+00 1.99866135e+01 0.00000000e+00
  1.80152467e+00 6.91395064e-01 4.96930110e-01 0.00000000e+00
  1.39146247e-01 0.00000000e+00 0.00000000e+00 0.00000000e+00
  8.41108404e-01 3.86566469e-02 4.44989790e-01]
 [1.34977199e+00 1.26566811e+00 8.94170935e-01 0.00000000e+00
  1.40575819e-01 1.54995486e-01 2.76148009e-01 1.02297815e+00
  3.03975474e-01 5.41377984e-01 8.18340389e-01 6.55828019e-01
  2.07857478e-01 1.46951992e-01 2.62523414e-01]]

7
----------------------------------------------------------------------------------
[[0.00000000e+00 3.68337664e-01 1.15946197e-01 4.36797931e-01
  1.87789123e-01 0.00000000e+00 0.00000000e+00 0.00000000e+00
  0.00000000e+00 0.00000000e+00 0.00000000e+00 1.27875222e-01
  0.00000000e+00 6.17969719e-01 2.94125569e-01]
 [0.00000000e+00 1.17325922e-01 3.63789608e-02 2.87144523e-01
  3.15004873e-01 0.00000000e+00 0.00000000e+00 5.26021174e-02
  0.00000000e+00 0.00000000e+00 1.01306894e-01 0.00000000e+00
  0.00000000e+00 2.32660016e-01 5.82185380e-01]
 [0.00000000e+00 4.51719519e-01 0.00000000e+00 1.95265062e-01
  4.44375963e-01 0.00000000e+00 2.62932060e-02 0.00000000e+00
  0.00000000e+00 0.00000000e+00 1.16802470e-01 0.00000000e+00
  0.00000000e+00 9.31666640e-02 4.47731067e-01]
 [0.00000000e+00 2.53256557e-01 0.00000000e+00 3.46414022e-01
  3.80640073e-01 0.00000000e+00 0.00000000e+00 0.00000000e+00
  0.00000000e+00 0.00000000e+00 9.56617250e-02 2.24558208e-01
  0.00000000e+00 5.32125901e-01 2.98512176e-01]
 [0.00000000e+00 1.37502321e-01 1.70893521e-01 1.47227037e-01
  5.49328606e-01 0.00000000e+00 0.00000000e+00 0.00000000e+00
  0.00000000e+00 0.00000000e+00 2.23915779e-01 1.61546802e-01
  0.00000000e+00 3.96865802e-01 5.68461119e-01]
 [0.00000000e+00 4.35370667e-01 0.00000000e+00 4.97891126e-01
  4.86682466e-01 0.00000000e+00 1.71873079e-01 0.00000000e+00
  0.00000000e+00 0.00000000e+00 3.02273756e-01 0.00000000e+00
  0.00000000e+00 0.00000000e+00 4.49861349e-01]
 [0.00000000e+00 3.36229527e-01 2.53046521e-02 5.17494892e-01
  5.52218247e-01 0.00000000e+00 0.00000000e+00 0.00000000e+00
  0.00000000e+00 0.00000000e+00 4.76321777e-01 7.45546484e-02
  0.00000000e+00 1.45987089e-01 5.83163478e-01]
 [0.00000000e+00 1.82138725e-01 3.65829831e-03 6.96712509e-02
  1.02124100e-01 0.00000000e+00 0.00000000e+00 0.00000000e+00
  0.00000000e+00 0.00000000e+00 0.00000000e+00 0.00000000e+00
  0.00000000e+00 1.49692973e-01 1.71158557e-01]
 [0.00000000e+00 1.10084308e-01 0.00000000e+00 2.96377074e-02
  2.26764460e-01 0.00000000e+00 1.09481407e-02 0.00000000e+00
  0.00000000e+00 0.00000000e+00 0.00000000e+00 0.00000000e+00
  0.00000000e+00 0.00000000e+00 2.59901493e-02]
 [0.00000000e+00 1.26895898e-01 1.49665428e-02 3.16464185e-01
  1.23606854e-01 0.00000000e+00 1.70933103e-02 0.00000000e+00
  0.00000000e+00 0.00000000e+00 0.00000000e+00 0.00000000e+00
  0.00000000e+00 9.20979534e-02 7.59274514e-02]
 [0.00000000e+00 1.38050584e-01 0.00000000e+00 3.15095526e-01
  2.32256443e-01 0.00000000e+00 0.00000000e+00 0.00000000e+00
  0.00000000e+00 0.00000000e+00 0.00000000e+00 0.00000000e+00
  0.00000000e+00 1.26111134e-02 1.07561801e-02]
 [0.00000000e+00 8.86302001e-02 0.00000000e+00 0.00000000e+00
  2.36163456e-01 0.00000000e+00 1.36279760e-02 0.00000000e+00
  0.00000000e+00 0.00000000e+00 0.00000000e+00 0.00000000e+00
  0.00000000e+00 0.00000000e+00 6.12930319e-02]
 [1.06945780e-01 3.58319010e-01 8.95502617e-02 2.15691006e-02
  0.00000000e+00 0.00000000e+00 0.00000000e+00 0.00000000e+00
  0.00000000e+00 0.00000000e+00 0.00000000e+00 5.11638542e-03
  1.39541039e-01 4.04279984e-01 1.71241454e-01]
 [4.74543062e+00 4.69305326e+00 0.00000000e+00 1.25733706e+00
  8.47183620e-02 0.00000000e+00 2.35578189e-01 0.00000000e+00
  7.91627048e-01 1.34663753e+00 1.44753381e+00 3.76810248e+00
  0.00000000e+00 5.60145942e+00 9.18012838e+00]
 [2.56311367e+00 2.31170139e+00 1.37490288e-02 8.69537039e-01
  0.00000000e+00 0.00000000e+00 2.54395691e-01 0.00000000e+00
  1.40971140e+00 1.78757285e+00 1.39111565e+00 4.61547320e+00
  0.00000000e+00 7.91055513e-01 0.00000000e+00]
 [4.92060612e+00 2.73158914e+00 3.15400148e-02 1.29824356e+00
  5.86856745e-01 1.86421421e-01 0.00000000e+00 1.13189231e-02
  1.52147682e+00 2.26889056e+00 1.59565133e+00 2.85354491e+00
  0.00000000e+00 3.05066268e+00 1.04311754e+00]
 [0.00000000e+00 4.46208711e-01 1.49069271e-01 2.75259009e-02
  2.67346149e-01 0.00000000e+00 5.34094694e-02 5.49160345e-02
  1.42385156e-01 7.26910950e-01 1.04275316e+00 6.52440781e-01
  0.00000000e+00 5.05502370e+00 3.26758627e+00]
 [1.73720944e+00 3.87445011e-01 1.81716657e-01 3.29667578e-01
  7.50167823e-01 1.20609101e+00 6.11580683e-01 1.97491731e-01
  5.09313447e-01 5.90987178e-01 6.12044306e-01 4.95778028e-01
  2.52065265e-01 5.02998285e-01 1.45338215e+00]]

8
----------------------------------------------------------------------------------
[[2.60712082e-01 5.79263705e-02 3.90811645e-02 1.22846465e-01
  0.00000000e+00 0.00000000e+00 0.00000000e+00 0.00000000e+00
  0.00000000e+00 0.00000000e+00 0.00000000e+00 0.00000000e+00
  0.00000000e+00 0.00000000e+00 2.67535884e-01]
 [1.93923961e-01 0.00000000e+00 0.00000000e+00 0.00000000e+00
  6.23058650e-02 0.00000000e+00 0.00000000e+00 0.00000000e+00
  0.00000000e+00 0.00000000e+00 0.00000000e+00 0.00000000e+00
  0.00000000e+00 0.00000000e+00 0.00000000e+00]
 [1.90146522e-01 0.00000000e+00 0.00000000e+00 2.95137538e-02
  1.08018647e-01 0.00000000e+00 0.00000000e+00 0.00000000e+00
  0.00000000e+00 0.00000000e+00 0.00000000e+00 0.00000000e+00
  0.00000000e+00 0.00000000e+00 0.00000000e+00]
 [1.67993322e-01 2.04829517e-02 1.91710920e-01 1.96669255e-01
  0.00000000e+00 0.00000000e+00 0.00000000e+00 0.00000000e+00
  0.00000000e+00 0.00000000e+00 1.83448290e-02 0.00000000e+00
  0.00000000e+00 0.00000000e+00 5.84036842e-01]
 [4.05003574e-01 1.00915522e-01 1.64162628e-01 1.23619208e-01
  2.61442209e-01 0.00000000e+00 0.00000000e+00 0.00000000e+00
  0.00000000e+00 0.00000000e+00 0.00000000e+00 0.00000000e+00
  0.00000000e+00 0.00000000e+00 0.00000000e+00]
 [2.35386296e-01 0.00000000e+00 0.00000000e+00 0.00000000e+00
  3.94028835e-01 0.00000000e+00 0.00000000e+00 0.00000000e+00
  0.00000000e+00 0.00000000e+00 0.00000000e+00 0.00000000e+00
  0.00000000e+00 0.00000000e+00 0.00000000e+00]
 [5.83566687e-01 0.00000000e+00 5.27854090e-02 1.17639182e-01
  1.19345784e-01 0.00000000e+00 0.00000000e+00 2.24908089e-01
  0.00000000e+00 0.00000000e+00 0.00000000e+00 1.93773745e-02
  0.00000000e+00 0.00000000e+00 0.00000000e+00]
 [0.00000000e+00 2.19503321e-02 0.00000000e+00 0.00000000e+00
  0.00000000e+00 0.00000000e+00 0.00000000e+00 0.00000000e+00
  0.00000000e+00 0.00000000e+00 0.00000000e+00 0.00000000e+00
  0.00000000e+00 0.00000000e+00 8.23889718e-01]
 [0.00000000e+00 0.00000000e+00 0.00000000e+00 0.00000000e+00
  0.00000000e+00 0.00000000e+00 0.00000000e+00 0.00000000e+00
  0.00000000e+00 1.77504345e-02 0.00000000e+00 0.00000000e+00
  0.00000000e+00 0.00000000e+00 2.91936381e-01]
 [0.00000000e+00 0.00000000e+00 0.00000000e+00 0.00000000e+00
  2.57128051e-01 0.00000000e+00 0.00000000e+00 0.00000000e+00
  0.00000000e+00 0.00000000e+00 0.00000000e+00 6.82917707e-02
  0.00000000e+00 0.00000000e+00 0.00000000e+00]
 [0.00000000e+00 0.00000000e+00 0.00000000e+00 0.00000000e+00
  2.33739930e-01 0.00000000e+00 0.00000000e+00 0.00000000e+00
  0.00000000e+00 0.00000000e+00 0.00000000e+00 0.00000000e+00
  0.00000000e+00 0.00000000e+00 0.00000000e+00]
 [1.48655876e-01 0.00000000e+00 0.00000000e+00 0.00000000e+00
  0.00000000e+00 0.00000000e+00 0.00000000e+00 0.00000000e+00
  0.00000000e+00 2.19484429e-02 0.00000000e+00 1.76651750e-03
  0.00000000e+00 1.73764912e-02 4.84974600e-01]
 [0.00000000e+00 0.00000000e+00 0.00000000e+00 0.00000000e+00
  8.82979805e-02 0.00000000e+00 2.95035674e-01 0.00000000e+00
  0.00000000e+00 1.62892931e-01 1.58705753e-01 6.97480299e-02
  0.00000000e+00 0.00000000e+00 0.00000000e+00]
 [1.50483756e+00 0.00000000e+00 0.00000000e+00 7.62122509e-01
  7.22704317e+00 3.14144785e+00 5.85542011e-02 0.00000000e+00
  1.35262354e+00 2.26744996e+00 0.00000000e+00 4.67345056e+00
  5.38485693e+00 2.41612913e+00 3.78545714e+00]
 [7.39092973e-01 0.00000000e+00 1.04169445e-01 1.77032855e+00
  6.98786865e+00 3.76829553e+00 0.00000000e+00 3.34624108e-01
  1.30472429e+00 2.13481364e+00 0.00000000e+00 3.92660998e+00
  0.00000000e+00 1.86970391e+00 7.31087490e+00]
 [2.61586338e+00 0.00000000e+00 6.87200765e-01 4.09525522e-01
  4.68572629e+00 1.80636849e+00 1.94452756e-01 0.00000000e+00
  0.00000000e+00 4.04677632e-01 2.78283116e-02 8.20173049e-01
  5.69205361e-01 2.70884885e+00 3.36323100e+00]
 [2.40650355e+00 0.00000000e+00 2.26494920e-01 8.93105898e-01
  8.04439244e+00 4.86302169e+00 8.32195207e-02 0.00000000e+00
  1.11473825e+00 1.85264698e-01 0.00000000e+00 0.00000000e+00
  0.00000000e+00 2.59201460e+00 1.11490753e+01]
 [7.84315721e-01 2.10816108e-01 1.21666009e+00 3.82341884e-01
  1.11727759e+00 1.95014332e+00 1.83362687e-01 1.90615196e+00
  1.83314180e+00 8.28025541e-01 3.00910083e-01 1.39694391e+00
  3.42612452e+00 3.86601161e+00 5.62521009e+00]]

9
----------------------------------------------------------------------------------
[[4.57065581e+00 2.18346529e+00 0.00000000e+00 0.00000000e+00
  6.68618213e-02 6.42729009e-01 1.88450795e-01 0.00000000e+00
  0.00000000e+00 0.00000000e+00 0.00000000e+00 0.00000000e+00
  0.00000000e+00 0.00000000e+00 0.00000000e+00]
 [1.74908159e+00 1.21749478e+00 0.00000000e+00 7.00731586e-01
  2.13130334e-01 1.01439871e+00 5.23868070e-01 4.87248242e-03
  0.00000000e+00 0.00000000e+00 0.00000000e+00 0.00000000e+00
  0.00000000e+00 0.00000000e+00 0.00000000e+00]
 [1.65633050e+00 8.03691129e-01 0.00000000e+00 6.19169850e-01
  0.00000000e+00 1.21039610e+00 2.02405752e-01 3.56115837e-02
  0.00000000e+00 0.00000000e+00 0.00000000e+00 0.00000000e+00
  0.00000000e+00 0.00000000e+00 0.00000000e+00]
 [4.09949084e+00 2.36109746e+00 0.00000000e+00 0.00000000e+00
  0.00000000e+00 3.96735008e-01 0.00000000e+00 0.00000000e+00
  0.00000000e+00 0.00000000e+00 0.00000000e+00 0.00000000e+00
  0.00000000e+00 0.00000000e+00 0.00000000e+00]
 [2.14130384e+00 1.14073902e+00 0.00000000e+00 0.00000000e+00
  1.02444157e-01 7.48989606e-01 2.55346727e-01 0.00000000e+00
  0.00000000e+00 0.00000000e+00 0.00000000e+00 0.00000000e+00
  0.00000000e+00 8.14292578e-02 7.25628030e-02]
 [8.38545252e-01 2.69955659e+00 2.39935579e+00 8.29765178e-01
  0.00000000e+00 1.09269392e+00 1.53075777e-01 2.01488150e-02
  0.00000000e+00 0.00000000e+00 0.00000000e+00 0.00000000e+00
  0.00000000e+00 3.65604641e-02 0.00000000e+00]
 [2.05320728e-01 1.82529464e-01 0.00000000e+00 9.68207952e-01
  0.00000000e+00 8.69754708e-01 1.64405569e-01 0.00000000e+00
  0.00000000e+00 0.00000000e+00 0.00000000e+00 0.00000000e+00
  0.00000000e+00 0.00000000e+00 0.00000000e+00]
 [2.81175741e+00 1.65202614e+00 0.00000000e+00 0.00000000e+00
  0.00000000e+00 0.00000000e+00 0.00000000e+00 0.00000000e+00
  0.00000000e+00 0.00000000e+00 0.00000000e+00 0.00000000e+00
  0.00000000e+00 0.00000000e+00 0.00000000e+00]
 [2.23104756e+00 1.09003989e+00 0.00000000e+00 0.00000000e+00
  0.00000000e+00 2.15146068e-02 0.00000000e+00 0.00000000e+00
  0.00000000e+00 0.00000000e+00 0.00000000e+00 0.00000000e+00
  0.00000000e+00 2.21668304e-03 0.00000000e+00]
 [0.00000000e+00 0.00000000e+00 0.00000000e+00 1.83306242e-01
  0.00000000e+00 7.08497285e-01 4.87811205e-01 0.00000000e+00
  0.00000000e+00 0.00000000e+00 0.00000000e+00 0.00000000e+00
  0.00000000e+00 2.23598714e-01 0.00000000e+00]
 [0.00000000e+00 0.00000000e+00 0.00000000e+00 0.00000000e+00
  0.00000000e+00 4.70225962e-01 1.53198024e-01 0.00000000e+00
  0.00000000e+00 0.00000000e+00 0.00000000e+00 0.00000000e+00
  0.00000000e+00 3.47868894e-02 0.00000000e+00]
 [2.33361973e+00 1.13567145e+00 0.00000000e+00 0.00000000e+00
  0.00000000e+00 1.55716083e-02 0.00000000e+00 0.00000000e+00
  0.00000000e+00 0.00000000e+00 0.00000000e+00 0.00000000e+00
  0.00000000e+00 4.50526576e-02 0.00000000e+00]
 [0.00000000e+00 0.00000000e+00 0.00000000e+00 1.72118696e-01
  1.34362690e-01 4.58147827e-01 0.00000000e+00 0.00000000e+00
  0.00000000e+00 0.00000000e+00 0.00000000e+00 0.00000000e+00
  0.00000000e+00 0.00000000e+00 1.01025962e-01]
 [5.74562924e+00 0.00000000e+00 0.00000000e+00 0.00000000e+00
  0.00000000e+00 1.02837717e+00 0.00000000e+00 8.43058310e-01
  2.14297466e+00 0.00000000e+00 2.28758853e+00 6.40194106e-01
  0.00000000e+00 0.00000000e+00 0.00000000e+00]
 [1.48582979e+01 0.00000000e+00 0.00000000e+00 0.00000000e+00
  2.11022463e-02 0.00000000e+00 0.00000000e+00 6.44734044e-02
  2.10818510e+00 0.00000000e+00 2.23923598e+00 1.76369638e+00
  0.00000000e+00 0.00000000e+00 0.00000000e+00]
 [3.80370131e+00 0.00000000e+00 0.00000000e+00 0.00000000e+00
  8.84157685e-02 5.66269913e-01 0.00000000e+00 3.93979357e-03
  0.00000000e+00 0.00000000e+00 1.17742908e+00 4.89579899e-02
  0.00000000e+00 0.00000000e+00 0.00000000e+00]
 [4.06059039e+00 6.06851469e+01 0.00000000e+00 0.00000000e+00
  1.70028531e-01 5.28830119e-01 0.00000000e+00 0.00000000e+00
  1.16707392e+00 0.00000000e+00 2.24632918e+00 6.50710212e-01
  0.00000000e+00 0.00000000e+00 0.00000000e+00]
 [5.92675338e+00 7.75914339e+00 8.91374843e+00 5.66017053e+00
  2.87257460e-01 1.41654499e+00 1.81375334e+00 2.40725991e+00
  1.80804372e+00 1.93947310e-01 1.48158753e+00 2.76766758e+00
  3.73826160e+00 2.19636982e+00 2.24036998e-01]]

10
----------------------------------------------------------------------------------
[[1.63282197e-01 5.70588999e-01 4.93449905e-01 0.00000000e+00
  0.00000000e+00 0.00000000e+00 0.00000000e+00 1.88688900e-01
  3.02300324e-02 0.00000000e+00 0.00000000e+00 0.00000000e+00
  0.00000000e+00 0.00000000e+00 0.00000000e+00]
 [3.65861356e-01 0.00000000e+00 0.00000000e+00 0.00000000e+00
  0.00000000e+00 0.00000000e+00 0.00000000e+00 4.99391137e-01
  2.53977091e-02 5.70761553e-02 0.00000000e+00 0.00000000e+00
  0.00000000e+00 0.00000000e+00 0.00000000e+00]
 [2.29671080e-01 0.00000000e+00 0.00000000e+00 4.88177077e-04
  0.00000000e+00 0.00000000e+00 0.00000000e+00 7.83835536e-01
  0.00000000e+00 2.12859096e-01 0.00000000e+00 0.00000000e+00
  0.00000000e+00 0.00000000e+00 0.00000000e+00]
 [0.00000000e+00 7.78505101e-01 4.47956458e-01 0.00000000e+00
  0.00000000e+00 0.00000000e+00 0.00000000e+00 1.60974002e-01
  0.00000000e+00 1.41139693e-01 0.00000000e+00 0.00000000e+00
  0.00000000e+00 0.00000000e+00 0.00000000e+00]
 [1.93164446e-01 4.32693722e-01 0.00000000e+00 0.00000000e+00
  0.00000000e+00 0.00000000e+00 0.00000000e+00 3.93437292e-01
  0.00000000e+00 2.39029965e-01 0.00000000e+00 0.00000000e+00
  0.00000000e+00 0.00000000e+00 0.00000000e+00]
 [1.51989727e-01 0.00000000e+00 0.00000000e+00 9.64813454e-04
  0.00000000e+00 0.00000000e+00 0.00000000e+00 5.95640964e-01
  0.00000000e+00 9.97215309e-02 0.00000000e+00 0.00000000e+00
  0.00000000e+00 0.00000000e+00 0.00000000e+00]
 [2.87141314e-01 2.86388268e-02 0.00000000e+00 0.00000000e+00
  0.00000000e+00 0.00000000e+00 0.00000000e+00 5.27819884e-01
  0.00000000e+00 0.00000000e+00 0.00000000e+00 0.00000000e+00
  0.00000000e+00 0.00000000e+00 0.00000000e+00]
 [0.00000000e+00 1.08989381e+00 0.00000000e+00 0.00000000e+00
  1.57463556e+00 0.00000000e+00 0.00000000e+00 5.88520184e-01
  0.00000000e+00 1.70769611e+00 1.12414732e+00 0.00000000e+00
  0.00000000e+00 0.00000000e+00 0.00000000e+00]
 [0.00000000e+00 5.59915834e-01 0.00000000e+00 0.00000000e+00
  5.58584817e+00 0.00000000e+00 0.00000000e+00 1.55912711e+00
  0.00000000e+00 3.91495580e+00 2.18624458e+00 6.07293405e-01
  0.00000000e+00 0.00000000e+00 0.00000000e+00]
 [0.00000000e+00 0.00000000e+00 0.00000000e+00 0.00000000e+00
  1.13316767e+01 6.29436169e+00 9.66162198e-01 0.00000000e+00
  0.00000000e+00 3.63236180e+00 1.79648452e+00 2.32052476e-01
  0.00000000e+00 0.00000000e+00 0.00000000e+00]
 [0.00000000e+00 0.00000000e+00 0.00000000e+00 0.00000000e+00
  7.18825900e+00 6.53200326e+00 1.04774234e+00 3.75636846e-01
  0.00000000e+00 1.54102527e+01 2.51562814e+00 5.78920969e-01
  0.00000000e+00 0.00000000e+00 0.00000000e+00]
 [0.00000000e+00 6.26148809e-01 0.00000000e+00 0.00000000e+00
  2.80979118e+00 0.00000000e+00 0.00000000e+00 1.95070951e+00
  0.00000000e+00 3.03744015e+00 1.90762537e+00 2.43414104e-01
  0.00000000e+00 0.00000000e+00 0.00000000e+00]
 [1.08596468e+00 0.00000000e+00 0.00000000e+00 0.00000000e+00
  0.00000000e+00 0.00000000e+00 1.68304398e-01 4.85354628e-03
  3.15532026e-01 0.00000000e+00 0.00000000e+00 0.00000000e+00
  2.74142430e-02 6.12627165e-02 0.00000000e+00]
 [9.72146276e-02 8.12247157e-01 6.45200603e-01 1.66917476e-03
  0.00000000e+00 0.00000000e+00 9.46544162e+00 3.22491926e+00
  0.00000000e+00 1.12197676e+01 7.70027483e-01 0.00000000e+00
  0.00000000e+00 0.00000000e+00 2.60141425e-01]
 [0.00000000e+00 0.00000000e+00 1.12517564e+00 3.55731826e-04
  2.45025025e-01 2.08913401e+00 1.32728412e+00 2.78262220e+00
  0.00000000e+00 1.94441061e+01 8.85482590e-01 0.00000000e+00
  0.00000000e+00 0.00000000e+00 0.00000000e+00]
 [1.36960824e+00 8.53896607e-01 1.14879325e+00 0.00000000e+00
  3.10548968e-01 5.60964050e-01 0.00000000e+00 2.04245305e+00
  0.00000000e+00 4.06343705e+00 4.20068273e-01 0.00000000e+00
  0.00000000e+00 0.00000000e+00 0.00000000e+00]
 [0.00000000e+00 4.01571723e-01 9.20157341e-01 0.00000000e+00
  0.00000000e+00 0.00000000e+00 4.38950120e+00 0.00000000e+00
  0.00000000e+00 9.66816768e-01 4.14186515e-01 0.00000000e+00
  0.00000000e+00 1.60886612e-01 0.00000000e+00]
 [2.46197508e+00 2.81217823e+00 2.40574805e+00 0.00000000e+00
  3.70178048e+00 5.39090270e+00 5.85578681e+00 3.67917478e+00
  2.83327691e-01 2.32071485e+00 3.68410754e+00 4.58619380e+00
  5.01889079e+00 1.98410890e-01 5.92394220e+00]]

11
----------------------------------------------------------------------------------
[[0.00000000e+00 0.00000000e+00 0.00000000e+00 1.56653202e-01
  2.32421734e-01 0.00000000e+00 1.31919765e-01 0.00000000e+00
  1.16179801e-01 0.00000000e+00 0.00000000e+00 2.53335933e-01
  0.00000000e+00 3.77330461e-01 5.41265929e-01]
 [0.00000000e+00 0.00000000e+00 2.13420852e-01 0.00000000e+00
  4.30235578e-01 0.00000000e+00 0.00000000e+00 0.00000000e+00
  0.00000000e+00 0.00000000e+00 0.00000000e+00 0.00000000e+00
  4.75696868e-02 1.54790038e-01 4.75722117e-01]
 [0.00000000e+00 0.00000000e+00 1.59788194e-02 0.00000000e+00
  2.23791206e-01 0.00000000e+00 0.00000000e+00 1.37694909e-04
  7.34779091e-02 0.00000000e+00 0.00000000e+00 1.89803073e-02
  0.00000000e+00 0.00000000e+00 0.00000000e+00]
 [6.80305996e-02 0.00000000e+00 0.00000000e+00 1.01944804e-01
  3.09241184e-01 0.00000000e+00 1.46995853e-01 0.00000000e+00
  2.40206071e-01 0.00000000e+00 0.00000000e+00 3.25480387e-01
  0.00000000e+00 3.65481715e+00 4.06451130e-01]
 [0.00000000e+00 0.00000000e+00 4.17353389e-03 4.90135997e-02
  4.56523695e-01 0.00000000e+00 8.06597530e-02 0.00000000e+00
  1.42284045e-01 0.00000000e+00 3.07475971e-02 2.34033827e-01
  2.05901218e-03 3.83165285e-01 3.35803435e-01]
 [0.00000000e+00 0.00000000e+00 0.00000000e+00 0.00000000e+00
  1.92285651e-01 0.00000000e+00 0.00000000e+00 0.00000000e+00
  0.00000000e+00 0.00000000e+00 0.00000000e+00 6.62644757e-02
  0.00000000e+00 0.00000000e+00 0.00000000e+00]
 [0.00000000e+00 0.00000000e+00 5.58307314e-02 3.20645531e-02
  2.04622509e-01 0.00000000e+00 0.00000000e+00 0.00000000e+00
  1.74686161e-01 0.00000000e+00 0.00000000e+00 2.31890213e-01
  0.00000000e+00 2.93462064e-01 3.98440155e-01]
 [1.82836368e-01 0.00000000e+00 3.90481160e-02 0.00000000e+00
  4.30497237e-01 0.00000000e+00 3.23734391e-02 0.00000000e+00
  2.24650087e-01 0.00000000e+00 1.63665077e-01 0.00000000e+00
  1.05968332e-01 1.52836768e+00 2.48921865e+00]
 [1.48060858e-01 0.00000000e+00 0.00000000e+00 4.66627406e-02
  1.92519443e-01 0.00000000e+00 5.23674450e-02 0.00000000e+00
  2.49065295e-01 7.33987383e-02 1.12303101e-01 4.10256677e-02
  0.00000000e+00 1.86514446e+00 5.85044276e+00]
 [0.00000000e+00 0.00000000e+00 0.00000000e+00 0.00000000e+00
  0.00000000e+00 0.00000000e+00 0.00000000e+00 0.00000000e+00
  0.00000000e+00 4.89318133e-02 0.00000000e+00 0.00000000e+00
  0.00000000e+00 0.00000000e+00 6.50944329e+00]
 [0.00000000e+00 0.00000000e+00 0.00000000e+00 0.00000000e+00
  0.00000000e+00 0.00000000e+00 0.00000000e+00 0.00000000e+00
  1.00737416e-01 0.00000000e+00 0.00000000e+00 0.00000000e+00
  0.00000000e+00 1.36444098e+00 1.04975832e+01]
 [9.11444769e-02 0.00000000e+00 0.00000000e+00 0.00000000e+00
  1.72421515e-01 0.00000000e+00 0.00000000e+00 0.00000000e+00
  2.00501969e-01 7.03254666e-02 1.23767531e-01 8.42326056e-03
  0.00000000e+00 7.16268276e-01 5.63271189e+00]
 [0.00000000e+00 0.00000000e+00 2.62254855e-01 0.00000000e+00
  0.00000000e+00 5.41122519e-02 0.00000000e+00 0.00000000e+00
  0.00000000e+00 4.93862022e-02 0.00000000e+00 0.00000000e+00
  6.15819713e-02 0.00000000e+00 0.00000000e+00]
 [4.32124564e-01 5.78184958e-01 2.86024598e-02 0.00000000e+00
  0.00000000e+00 0.00000000e+00 0.00000000e+00 2.59438527e-05
  0.00000000e+00 0.00000000e+00 0.00000000e+00 0.00000000e+00
  0.00000000e+00 0.00000000e+00 4.83950539e+00]
 [3.81060494e-01 6.38355122e-01 1.49603080e-01 2.84414757e-01
  0.00000000e+00 0.00000000e+00 0.00000000e+00 5.46756846e-05
  0.00000000e+00 0.00000000e+00 0.00000000e+00 0.00000000e+00
  0.00000000e+00 0.00000000e+00 4.71359602e+00]
 [0.00000000e+00 9.79490029e-01 1.35742244e-01 5.24938688e-02
  0.00000000e+00 0.00000000e+00 0.00000000e+00 0.00000000e+00
  0.00000000e+00 0.00000000e+00 0.00000000e+00 0.00000000e+00
  0.00000000e+00 0.00000000e+00 3.89660546e+00]
 [0.00000000e+00 0.00000000e+00 1.51344824e-01 0.00000000e+00
  0.00000000e+00 0.00000000e+00 0.00000000e+00 7.57652941e-02
  0.00000000e+00 0.00000000e+00 3.40624209e-03 0.00000000e+00
  1.66076063e-01 2.05181716e-01 1.36088012e+00]
 [4.03051094e+00 3.13809230e+00 2.14079795e-01 2.83118684e+00
  2.09215825e+00 2.96358514e+00 2.71436288e+00 0.00000000e+00
  1.92482141e+00 1.79677790e+00 2.54809698e+00 3.17601819e+00
  2.25648228e-01 3.10630475e+00 2.81435471e+00]]

12
----------------------------------------------------------------------------------
[[0.00000000e+00 3.68742488e-03 0.00000000e+00 0.00000000e+00
  1.41416793e+00 2.79392525e+00 1.93068455e-02 0.00000000e+00
  0.00000000e+00 0.00000000e+00 0.00000000e+00 2.67115382e-05
  0.00000000e+00 0.00000000e+00 0.00000000e+00]
 [0.00000000e+00 7.77727514e-02 0.00000000e+00 0.00000000e+00
  1.56860300e+00 7.59219878e+00 2.04459194e-02 1.99346763e+01
  1.81873765e+00 0.00000000e+00 0.00000000e+00 6.57697140e-02
  0.00000000e+00 0.00000000e+00 0.00000000e+00]
 [0.00000000e+00 2.66401067e-04 0.00000000e+00 0.00000000e+00
  4.04531698e+00 1.08469211e+01 4.49731495e-02 6.29996277e+00
  1.75592006e+00 0.00000000e+00 0.00000000e+00 2.88579459e-02
  0.00000000e+00 0.00000000e+00 2.41837196e-01]
 [0.00000000e+00 3.50789132e-02 0.00000000e+00 0.00000000e+00
  0.00000000e+00 1.35925969e+00 0.00000000e+00 0.00000000e+00
  0.00000000e+00 0.00000000e+00 0.00000000e+00 8.97369317e-04
  0.00000000e+00 0.00000000e+00 0.00000000e+00]
 [0.00000000e+00 2.26349130e-01 0.00000000e+00 0.00000000e+00
  0.00000000e+00 1.35700478e+00 0.00000000e+00 0.00000000e+00
  6.34924439e-01 0.00000000e+00 0.00000000e+00 2.37010260e-04
  0.00000000e+00 0.00000000e+00 0.00000000e+00]
 [0.00000000e+00 2.49195111e-04 0.00000000e+00 0.00000000e+00
  1.41486728e+00 5.06469453e+00 4.97082758e-02 2.85068711e+00
  3.91857529e+00 0.00000000e+00 0.00000000e+00 2.58536535e-02
  0.00000000e+00 0.00000000e+00 4.37662557e-01]
 [0.00000000e+00 5.34522453e-02 0.00000000e+00 0.00000000e+00
  0.00000000e+00 5.30240332e+00 4.14878621e-02 2.18079246e+01
  2.46632202e+00 0.00000000e+00 0.00000000e+00 1.65052182e-02
  0.00000000e+00 0.00000000e+00 0.00000000e+00]
 [4.18409674e-02 0.00000000e+00 0.00000000e+00 0.00000000e+00
  0.00000000e+00 2.15899971e+00 3.93504332e-04 0.00000000e+00
  0.00000000e+00 0.00000000e+00 0.00000000e+00 4.15876193e-04
  0.00000000e+00 0.00000000e+00 0.00000000e+00]
 [4.02409471e+00 7.36076786e-03 3.21869877e-01 0.00000000e+00
  0.00000000e+00 3.34568072e+00 6.26657548e-04 0.00000000e+00
  0.00000000e+00 0.00000000e+00 0.00000000e+00 2.84662924e-04
  0.00000000e+00 0.00000000e+00 0.00000000e+00]
 [0.00000000e+00 0.00000000e+00 0.00000000e+00 0.00000000e+00
  2.01298329e+00 8.56600602e+00 2.68660533e-02 5.00753765e+00
  2.13496466e+00 0.00000000e+00 0.00000000e+00 0.00000000e+00
  0.00000000e+00 0.00000000e+00 1.20285412e+00]
 [2.47257635e+00 8.35697433e-05 0.00000000e+00 0.00000000e+00
  4.31124454e+00 1.13913585e+01 1.13670669e-01 4.74362775e+00
  1.03191323e+00 0.00000000e+00 0.00000000e+00 0.00000000e+00
  0.00000000e+00 0.00000000e+00 6.15836215e-01]
 [2.60242501e+00 1.67975171e-03 5.34742928e-02 0.00000000e+00
  0.00000000e+00 1.49505520e+00 4.78356064e-04 0.00000000e+00
  0.00000000e+00 0.00000000e+00 0.00000000e+00 6.20774776e-04
  0.00000000e+00 0.00000000e+00 0.00000000e+00]
 [0.00000000e+00 1.16882945e-03 0.00000000e+00 0.00000000e+00
  3.47686634e-01 3.73312339e+00 8.41682782e-02 1.93729627e+00
  1.02509512e+00 0.00000000e+00 0.00000000e+00 0.00000000e+00
  0.00000000e+00 0.00000000e+00 3.04208980e-01]
 [3.65946073e+00 6.04973947e-02 3.17516104e+00 3.00798762e+00
  4.98102048e+00 8.22285020e+00 1.71475188e-02 8.65303565e-01
  2.17988582e+00 1.40285166e+00 1.29907391e+00 0.00000000e+00
  5.90766089e-02 5.01506966e+00 5.80132730e+00]
 [1.24824665e+00 1.56271304e-01 1.56562836e+00 4.61392008e+00
  5.37090452e+00 6.90014701e+00 1.61489185e-03 0.00000000e+00
  2.02696791e+00 2.90023694e+00 3.03176227e+00 1.07227839e-05
  1.21725347e+00 8.28956727e+00 6.86876243e+00]
 [0.00000000e+00 2.55557579e-01 5.91911460e-02 6.17765238e+00
  1.29674942e+01 1.36658162e+01 1.44201921e-02 2.49807858e+00
  2.66110573e+00 0.00000000e+00 1.22385231e+00 0.00000000e+00
  1.32652177e+00 8.66455715e+00 4.36986609e+00]
 [0.00000000e+00 3.81179953e-03 5.91925227e-01 3.87780243e+00
  2.74010403e+00 0.00000000e+00 0.00000000e+00 0.00000000e+00
  2.06732292e-01 0.00000000e+00 0.00000000e+00 1.29986820e-04
  0.00000000e+00 3.11340539e+00 1.89980334e+01]
 [4.76673767e+00 2.28323241e-04 6.72436549e+00 8.57363038e+00
  8.16687218e+00 7.82970470e+00 5.22274890e-04 1.18146634e+01
  1.22856103e+01 1.22210314e+01 9.54534049e+00 0.00000000e+00
  6.19509991e+00 2.27387803e+00 2.64351605e+00]]

13
----------------------------------------------------------------------------------
[[0.00000000e+00 0.00000000e+00 0.00000000e+00 0.00000000e+00
  0.00000000e+00 0.00000000e+00 0.00000000e+00 0.00000000e+00
  0.00000000e+00 0.00000000e+00 8.60085950e-05 0.00000000e+00
  0.00000000e+00 0.00000000e+00 0.00000000e+00]
 [0.00000000e+00 0.00000000e+00 0.00000000e+00 0.00000000e+00
  0.00000000e+00 0.00000000e+00 6.74652568e-02 0.00000000e+00
  0.00000000e+00 0.00000000e+00 0.00000000e+00 0.00000000e+00
  0.00000000e+00 0.00000000e+00 0.00000000e+00]
 [0.00000000e+00 0.00000000e+00 0.00000000e+00 0.00000000e+00
  0.00000000e+00 0.00000000e+00 0.00000000e+00 0.00000000e+00
  1.47701328e-01 0.00000000e+00 8.41452591e-05 0.00000000e+00
  0.00000000e+00 0.00000000e+00 0.00000000e+00]
 [0.00000000e+00 0.00000000e+00 0.00000000e+00 0.00000000e+00
  0.00000000e+00 0.00000000e+00 0.00000000e+00 0.00000000e+00
  0.00000000e+00 0.00000000e+00 5.46756846e-05 0.00000000e+00
  0.00000000e+00 0.00000000e+00 0.00000000e+00]
 [0.00000000e+00 0.00000000e+00 0.00000000e+00 0.00000000e+00
  0.00000000e+00 0.00000000e+00 1.64058227e-01 2.87720673e-03
  0.00000000e+00 0.00000000e+00 0.00000000e+00 0.00000000e+00
  0.00000000e+00 0.00000000e+00 0.00000000e+00]
 [0.00000000e+00 4.03082372e-01 0.00000000e+00 0.00000000e+00
  0.00000000e+00 0.00000000e+00 0.00000000e+00 0.00000000e+00
  5.38519710e-02 0.00000000e+00 1.54214956e-03 0.00000000e+00
  0.00000000e+00 0.00000000e+00 0.00000000e+00]
 [0.00000000e+00 0.00000000e+00 0.00000000e+00 0.00000000e+00
  0.00000000e+00 4.08709122e-02 7.33202127e-02 0.00000000e+00
  0.00000000e+00 0.00000000e+00 1.83836174e-04 0.00000000e+00
  0.00000000e+00 0.00000000e+00 0.00000000e+00]
 [0.00000000e+00 0.00000000e+00 0.00000000e+00 0.00000000e+00
  0.00000000e+00 0.00000000e+00 0.00000000e+00 6.53924857e-02
  0.00000000e+00 6.62960278e+00 1.06588701e-03 0.00000000e+00
  0.00000000e+00 0.00000000e+00 0.00000000e+00]
 [0.00000000e+00 0.00000000e+00 0.00000000e+00 0.00000000e+00
  0.00000000e+00 0.00000000e+00 0.00000000e+00 0.00000000e+00
  0.00000000e+00 7.83383017e+00 1.10316426e-03 3.00682422e+00
  0.00000000e+00 3.77942340e-01 0.00000000e+00]
 [0.00000000e+00 2.64049934e+00 0.00000000e+00 0.00000000e+00
  0.00000000e+00 0.00000000e+00 0.00000000e+00 0.00000000e+00
  3.74772227e-02 2.02667918e-01 6.05999339e-03 0.00000000e+00
  0.00000000e+00 0.00000000e+00 0.00000000e+00]
 [0.00000000e+00 0.00000000e+00 0.00000000e+00 0.00000000e+00
  0.00000000e+00 0.00000000e+00 0.00000000e+00 0.00000000e+00
  0.00000000e+00 9.16556814e+00 7.67254784e-03 1.56037881e+00
  0.00000000e+00 6.42431537e-01 0.00000000e+00]
 [0.00000000e+00 0.00000000e+00 2.62981289e-01 0.00000000e+00
  0.00000000e+00 0.00000000e+00 0.00000000e+00 3.86504363e-01
  0.00000000e+00 0.00000000e+00 5.18287409e-03 0.00000000e+00
  2.19208164e-01 0.00000000e+00 0.00000000e+00]
 [0.00000000e+00 0.00000000e+00 7.20172771e-03 0.00000000e+00
  0.00000000e+00 0.00000000e+00 0.00000000e+00 0.00000000e+00
  0.00000000e+00 1.55655915e+00 4.16911265e-04 1.48638759e+00
  1.82078985e-02 0.00000000e+00 0.00000000e+00]
 [0.00000000e+00 4.81323012e+00 0.00000000e+00 1.01372008e+00
  7.48326556e-01 0.00000000e+00 2.33222919e-01 1.06018975e-01
  4.38017803e-01 0.00000000e+00 2.88732864e-04 1.53275266e+00
  0.00000000e+00 0.00000000e+00 0.00000000e+00]
 [0.00000000e+00 4.11242177e+00 0.00000000e+00 1.65235353e+00
  1.55869679e+00 0.00000000e+00 7.09416550e-01 6.35988401e-03
  2.08729889e-01 0.00000000e+00 4.79537476e-06 0.00000000e+00
  0.00000000e+00 0.00000000e+00 0.00000000e+00]
 [0.00000000e+00 1.18516159e+01 0.00000000e+00 1.48925326e+00
  1.93823184e+00 0.00000000e+00 4.60760528e-01 0.00000000e+00
  0.00000000e+00 0.00000000e+00 1.07053799e-03 0.00000000e+00
  0.00000000e+00 0.00000000e+00 0.00000000e+00]
 [0.00000000e+00 1.38078373e+00 0.00000000e+00 8.10488518e-01
  1.17111903e+00 0.00000000e+00 1.99134299e-01 2.69785994e-02
  0.00000000e+00 0.00000000e+00 0.00000000e+00 0.00000000e+00
  0.00000000e+00 0.00000000e+00 0.00000000e+00]
 [3.87522706e-01 4.88741876e+00 3.17326077e-01 2.78883711e+00
  3.41710288e+00 9.06702882e-02 3.78148868e+00 2.05262302e-02
  2.84715072e+00 3.48959803e+00 0.00000000e+00 9.92099164e+00
  2.73150195e-01 7.45120047e+00 7.34234620e+00]]

14
----------------------------------------------------------------------------------
[[0.00000000e+00 0.00000000e+00 0.00000000e+00 0.00000000e+00
  0.00000000e+00 0.00000000e+00 0.00000000e+00 1.18083683e-01
  1.02796564e+00 0.00000000e+00 1.37841014e+00 0.00000000e+00
  0.00000000e+00 0.00000000e+00 0.00000000e+00]
 [0.00000000e+00 0.00000000e+00 0.00000000e+00 0.00000000e+00
  0.00000000e+00 0.00000000e+00 0.00000000e+00 5.37926997e-01
  9.24310193e-01 0.00000000e+00 1.35178775e+00 0.00000000e+00
  0.00000000e+00 0.00000000e+00 0.00000000e+00]
 [0.00000000e+00 0.00000000e+00 0.00000000e+00 0.00000000e+00
  0.00000000e+00 0.00000000e+00 0.00000000e+00 8.26609144e-01
  9.73114583e-01 0.00000000e+00 9.09912309e-01 0.00000000e+00
  0.00000000e+00 0.00000000e+00 0.00000000e+00]
 [0.00000000e+00 0.00000000e+00 0.00000000e+00 0.00000000e+00
  0.00000000e+00 0.00000000e+00 0.00000000e+00 0.00000000e+00
  6.46723496e-01 0.00000000e+00 9.51552879e-01 0.00000000e+00
  0.00000000e+00 0.00000000e+00 1.00022706e+01]
 [0.00000000e+00 0.00000000e+00 0.00000000e+00 0.00000000e+00
  0.00000000e+00 0.00000000e+00 0.00000000e+00 7.64121491e-02
  3.17471506e-01 0.00000000e+00 8.51309529e-01 0.00000000e+00
  0.00000000e+00 0.00000000e+00 4.01709398e+01]
 [0.00000000e+00 0.00000000e+00 0.00000000e+00 0.00000000e+00
  0.00000000e+00 0.00000000e+00 0.00000000e+00 6.59006538e-01
  8.15514678e-01 0.00000000e+00 2.28834491e-01 0.00000000e+00
  0.00000000e+00 0.00000000e+00 8.93984813e+00]
 [0.00000000e+00 0.00000000e+00 0.00000000e+00 0.00000000e+00
  0.00000000e+00 0.00000000e+00 0.00000000e+00 3.12066723e-01
  3.39074516e-01 2.20151623e-02 6.89375393e-01 0.00000000e+00
  0.00000000e+00 0.00000000e+00 2.59759001e+01]
 [0.00000000e+00 0.00000000e+00 0.00000000e+00 0.00000000e+00
  0.00000000e+00 0.00000000e+00 0.00000000e+00 0.00000000e+00
  1.45688484e-02 0.00000000e+00 8.42773160e-01 0.00000000e+00
  0.00000000e+00 0.00000000e+00 0.00000000e+00]
 [0.00000000e+00 0.00000000e+00 0.00000000e+00 0.00000000e+00
  0.00000000e+00 0.00000000e+00 0.00000000e+00 0.00000000e+00
  4.80748610e-02 0.00000000e+00 6.91747054e-01 0.00000000e+00
  0.00000000e+00 0.00000000e+00 0.00000000e+00]
 [0.00000000e+00 0.00000000e+00 0.00000000e+00 0.00000000e+00
  0.00000000e+00 0.00000000e+00 0.00000000e+00 2.13243363e-01
  8.59790826e-01 0.00000000e+00 2.88750969e-01 0.00000000e+00
  0.00000000e+00 0.00000000e+00 0.00000000e+00]
 [0.00000000e+00 0.00000000e+00 0.00000000e+00 0.00000000e+00
  0.00000000e+00 0.00000000e+00 0.00000000e+00 8.07204102e-01
  5.57700585e-01 0.00000000e+00 2.69653752e-01 0.00000000e+00
  0.00000000e+00 0.00000000e+00 0.00000000e+00]
 [0.00000000e+00 0.00000000e+00 0.00000000e+00 0.00000000e+00
  0.00000000e+00 0.00000000e+00 0.00000000e+00 0.00000000e+00
  0.00000000e+00 0.00000000e+00 5.27579907e-01 0.00000000e+00
  0.00000000e+00 0.00000000e+00 0.00000000e+00]
 [0.00000000e+00 0.00000000e+00 0.00000000e+00 0.00000000e+00
  0.00000000e+00 0.00000000e+00 0.00000000e+00 2.13194604e-01
  1.58588309e-01 0.00000000e+00 2.36900898e-01 0.00000000e+00
  0.00000000e+00 0.00000000e+00 0.00000000e+00]
 [0.00000000e+00 0.00000000e+00 0.00000000e+00 0.00000000e+00
  0.00000000e+00 0.00000000e+00 0.00000000e+00 0.00000000e+00
  9.07516045e-01 0.00000000e+00 4.55721897e-01 1.48693557e+00
  2.69918433e+00 8.80833190e+00 0.00000000e+00]
 [0.00000000e+00 0.00000000e+00 0.00000000e+00 0.00000000e+00
  0.00000000e+00 0.00000000e+00 0.00000000e+00 7.20665891e-01
  4.98875473e+00 0.00000000e+00 1.24319218e+00 1.39186981e+00
  0.00000000e+00 6.76702618e+00 5.82058955e+00]
 [0.00000000e+00 0.00000000e+00 0.00000000e+00 0.00000000e+00
  0.00000000e+00 0.00000000e+00 0.00000000e+00 0.00000000e+00
  3.93803517e+00 0.00000000e+00 4.67422241e-01 9.82595198e-02
  0.00000000e+00 7.59272974e+00 0.00000000e+00]
 [0.00000000e+00 0.00000000e+00 0.00000000e+00 0.00000000e+00
  0.00000000e+00 0.00000000e+00 0.00000000e+00 2.39742827e-01
  5.12595504e+00 0.00000000e+00 1.15991045e+00 7.95823644e-01
  0.00000000e+00 0.00000000e+00 0.00000000e+00]
 [8.64233656e+00 8.02012190e+00 7.82716790e+00 4.63132151e+00
  3.30865423e+00 3.17757839e-01 2.44705603e+00 2.37938129e+00
  1.48903242e+00 1.93620632e-01 9.84017731e-01 3.51325032e+00
  6.83040489e+00 1.45614577e+01 2.22587944e+01]]

16
----------------------------------------------------------------------------------
[[0.00000000e+00 2.03472289e+00 5.28417420e-01 0.00000000e+00
  0.00000000e+00 0.00000000e+00 0.00000000e+00 0.00000000e+00
  0.00000000e+00 4.00997086e-05 0.00000000e+00 0.00000000e+00
  0.00000000e+00 7.00759384e-02 0.00000000e+00]
 [9.24777421e-04 2.34819370e+00 1.04148338e+00 6.63313293e-01
  3.00640265e-01 0.00000000e+00 3.47995875e-02 0.00000000e+00
  0.00000000e+00 1.90734863e-05 0.00000000e+00 0.00000000e+00
  0.00000000e+00 0.00000000e+00 0.00000000e+00]
 [0.00000000e+00 9.94914717e-01 2.54221462e+00 4.47605095e-01
  1.23472419e-01 0.00000000e+00 2.88359519e-01 0.00000000e+00
  0.00000000e+00 1.82400854e-02 0.00000000e+00 0.00000000e+00
  0.00000000e+00 0.00000000e+00 0.00000000e+00]
 [2.68922829e-04 2.50109640e+00 0.00000000e+00 0.00000000e+00
  0.00000000e+00 0.00000000e+00 0.00000000e+00 0.00000000e+00
  0.00000000e+00 0.00000000e+00 0.00000000e+00 0.00000000e+00
  0.00000000e+00 2.28986785e-02 0.00000000e+00]
 [5.64055748e-02 1.79989113e+00 0.00000000e+00 6.73342698e-02
  9.36613329e-02 0.00000000e+00 9.26617485e-02 0.00000000e+00
  0.00000000e+00 1.05697957e-04 0.00000000e+00 0.00000000e+00
  0.00000000e+00 2.08120907e-04 0.00000000e+00]
 [2.67117762e-03 3.30480675e+00 5.16642732e+00 2.42874152e+00
  1.60082353e+00 0.00000000e+00 2.83281307e+00 0.00000000e+00
  0.00000000e+00 9.35979074e-04 0.00000000e+00 0.00000000e+00
  8.11646663e-03 0.00000000e+00 1.39296425e-02]
 [3.18740377e-03 5.36511265e-01 4.88213834e-01 1.25746942e-02
  0.00000000e+00 0.00000000e+00 4.34443873e-01 0.00000000e+00
  0.00000000e+00 3.45444056e-04 0.00000000e+00 0.00000000e+00
  0.00000000e+00 0.00000000e+00 0.00000000e+00]
 [0.00000000e+00 5.78684194e-01 0.00000000e+00 0.00000000e+00
  0.00000000e+00 0.00000000e+00 0.00000000e+00 0.00000000e+00
  0.00000000e+00 0.00000000e+00 0.00000000e+00 0.00000000e+00
  0.00000000e+00 3.20206295e-01 0.00000000e+00]
 [5.90626527e-05 8.83359245e-03 0.00000000e+00 0.00000000e+00
  0.00000000e+00 0.00000000e+00 0.00000000e+00 0.00000000e+00
  0.00000000e+00 1.00135986e-02 0.00000000e+00 0.00000000e+00
  0.00000000e+00 0.00000000e+00 0.00000000e+00]
 [0.00000000e+00 7.59114781e+00 6.31913674e+00 2.77791809e-01
  5.33022617e+00 0.00000000e+00 5.31477464e+00 0.00000000e+00
  0.00000000e+00 0.00000000e+00 0.00000000e+00 0.00000000e+00
  0.00000000e+00 1.95329241e-02 1.20486271e+00]
 [0.00000000e+00 0.00000000e+00 1.40232173e+00 0.00000000e+00
  0.00000000e+00 0.00000000e+00 0.00000000e+00 0.00000000e+00
  0.00000000e+00 0.00000000e+00 0.00000000e+00 0.00000000e+00
  0.00000000e+00 0.00000000e+00 0.00000000e+00]
 [0.00000000e+00 8.83057895e-01 0.00000000e+00 0.00000000e+00
  0.00000000e+00 0.00000000e+00 0.00000000e+00 0.00000000e+00
  0.00000000e+00 1.44037185e-04 0.00000000e+00 0.00000000e+00
  0.00000000e+00 3.96632967e-01 0.00000000e+00]
 [1.17340470e-03 0.00000000e+00 9.04031809e-01 0.00000000e+00
  1.68707691e-01 0.00000000e+00 7.54468072e-01 0.00000000e+00
  0.00000000e+00 0.00000000e+00 0.00000000e+00 0.00000000e+00
  0.00000000e+00 0.00000000e+00 0.00000000e+00]
 [0.00000000e+00 0.00000000e+00 0.00000000e+00 0.00000000e+00
  0.00000000e+00 0.00000000e+00 1.56704715e-01 1.71776615e-01
  1.31196634e+00 1.67359655e-03 6.38433572e-01 5.20052257e-03
  1.85198963e-02 4.16497926e-02 5.12627128e-01]
 [0.00000000e+00 0.00000000e+00 0.00000000e+00 0.00000000e+00
  0.00000000e+00 0.00000000e+00 4.05134299e-01 1.10808035e-01
  1.58003507e+00 5.00294057e-02 8.97697541e-01 0.00000000e+00
  0.00000000e+00 1.80987657e-01 1.26634086e+00]
 [0.00000000e+00 0.00000000e+00 0.00000000e+00 0.00000000e+00
  0.00000000e+00 0.00000000e+00 0.00000000e+00 0.00000000e+00
  0.00000000e+00 1.98208461e-02 0.00000000e+00 1.62577973e-01
  2.38173172e-03 0.00000000e+00 5.47357188e+00]
 [0.00000000e+00 0.00000000e+00 0.00000000e+00 0.00000000e+00
  0.00000000e+00 0.00000000e+00 0.00000000e+00 0.00000000e+00
  0.00000000e+00 1.27466781e-01 7.97216556e-02 0.00000000e+00
  0.00000000e+00 3.45270054e-01 1.14631961e+00]
 [1.62427283e-04 9.31259573e+00 3.80145413e+00 8.47744876e+00
  8.86107242e+00 1.18430812e-01 8.00347193e+00 6.76452909e+00
  4.67273385e+00 0.00000000e+00 3.37859172e+00 3.24472221e+00
  2.09390960e+00 1.28893841e-02 1.86134831e+00]]

17
----------------------------------------------------------------------------------
[[0.00000000e+00 0.00000000e+00 0.00000000e+00 0.00000000e+00
  0.00000000e+00 0.00000000e+00 0.00000000e+00 0.00000000e+00
  0.00000000e+00 7.07583684e-02 1.47756493e+00 0.00000000e+00
  0.00000000e+00 0.00000000e+00 4.74742102e-05]
 [0.00000000e+00 0.00000000e+00 2.14456673e-02 0.00000000e+00
  0.00000000e+00 0.00000000e+00 0.00000000e+00 0.00000000e+00
  0.00000000e+00 0.00000000e+00 2.48971416e+00 0.00000000e+00
  0.00000000e+00 0.00000000e+00 0.00000000e+00]
 [0.00000000e+00 0.00000000e+00 1.98695306e-03 0.00000000e+00
  0.00000000e+00 1.51804488e-01 9.71135149e-02 0.00000000e+00
  0.00000000e+00 3.88478217e-01 2.54998278e+00 0.00000000e+00
  0.00000000e+00 0.00000000e+00 0.00000000e+00]
 [0.00000000e+00 0.00000000e+00 0.00000000e+00 0.00000000e+00
  0.00000000e+00 0.00000000e+00 0.00000000e+00 0.00000000e+00
  0.00000000e+00 3.94353635e-01 5.35092797e-01 0.00000000e+00
  0.00000000e+00 0.00000000e+00 2.59064222e-03]
 [0.00000000e+00 0.00000000e+00 0.00000000e+00 0.00000000e+00
  0.00000000e+00 2.02048982e-02 0.00000000e+00 0.00000000e+00
  0.00000000e+00 2.56174030e-01 1.06207159e+00 6.25109773e-01
  3.50192192e+01 3.03073100e+01 5.61370461e-02]
 [1.96893183e-01 1.47426709e-01 1.00631432e-01 0.00000000e+00
  0.00000000e+00 1.05598086e-01 6.56394229e-01 0.00000000e+00
  0.00000000e+00 5.53329769e-02 2.34086065e+00 0.00000000e+00
  5.08697118e+00 0.00000000e+00 0.00000000e+00]
 [1.11063735e-01 0.00000000e+00 0.00000000e+00 0.00000000e+00
  0.00000000e+00 1.49872540e-01 4.42138963e-02 0.00000000e+00
  0.00000000e+00 5.13463186e-01 1.33711369e+00 0.00000000e+00
  0.00000000e+00 0.00000000e+00 0.00000000e+00]
 [0.00000000e+00 0.00000000e+00 0.00000000e+00 0.00000000e+00
  0.00000000e+00 0.00000000e+00 0.00000000e+00 0.00000000e+00
  0.00000000e+00 9.73533432e-02 0.00000000e+00 5.64845610e-02
  0.00000000e+00 0.00000000e+00 0.00000000e+00]
 [0.00000000e+00 0.00000000e+00 0.00000000e+00 0.00000000e+00
  0.00000000e+00 0.00000000e+00 0.00000000e+00 0.00000000e+00
  0.00000000e+00 0.00000000e+00 0.00000000e+00 6.61305388e+00
  4.73899516e-01 0.00000000e+00 0.00000000e+00]
 [0.00000000e+00 0.00000000e+00 0.00000000e+00 0.00000000e+00
  0.00000000e+00 0.00000000e+00 5.22039241e-01 0.00000000e+00
  0.00000000e+00 0.00000000e+00 1.28084036e+00 0.00000000e+00
  4.67222164e-01 0.00000000e+00 0.00000000e+00]
 [0.00000000e+00 0.00000000e+00 0.00000000e+00 0.00000000e+00
  0.00000000e+00 5.39732573e-02 2.64912279e-01 0.00000000e+00
  0.00000000e+00 0.00000000e+00 3.63808930e-01 2.54546648e+00
  0.00000000e+00 0.00000000e+00 0.00000000e+00]
 [0.00000000e+00 0.00000000e+00 0.00000000e+00 0.00000000e+00
  0.00000000e+00 0.00000000e+00 0.00000000e+00 0.00000000e+00
  0.00000000e+00 1.64357248e-01 0.00000000e+00 5.67071091e-01
  0.00000000e+00 0.00000000e+00 0.00000000e+00]
 [4.15321622e-02 0.00000000e+00 1.20910064e-02 0.00000000e+00
  0.00000000e+00 3.79399290e-02 1.32127219e-01 0.00000000e+00
  0.00000000e+00 2.38764627e-01 1.00719644e+00 1.14714489e-01
  0.00000000e+00 0.00000000e+00 0.00000000e+00]
 [7.54059400e-02 0.00000000e+00 0.00000000e+00 1.49247412e-01
  0.00000000e+00 0.00000000e+00 0.00000000e+00 0.00000000e+00
  0.00000000e+00 3.96616776e-01 0.00000000e+00 7.01439247e-01
  0.00000000e+00 4.04926458e+00 2.08950717e-04]
 [0.00000000e+00 0.00000000e+00 0.00000000e+00 0.00000000e+00
  0.00000000e+00 0.00000000e+00 0.00000000e+00 0.00000000e+00
  0.00000000e+00 0.00000000e+00 0.00000000e+00 1.26692776e+00
  0.00000000e+00 0.00000000e+00 0.00000000e+00]
 [1.93278976e+00 1.93000594e+00 0.00000000e+00 0.00000000e+00
  0.00000000e+00 0.00000000e+00 0.00000000e+00 0.00000000e+00
  0.00000000e+00 3.48991447e-01 0.00000000e+00 0.00000000e+00
  0.00000000e+00 0.00000000e+00 2.72205849e-04]
 [0.00000000e+00 0.00000000e+00 0.00000000e+00 0.00000000e+00
  0.00000000e+00 0.00000000e+00 7.10732931e-01 0.00000000e+00
  0.00000000e+00 2.56970561e-01 0.00000000e+00 0.00000000e+00
  0.00000000e+00 0.00000000e+00 0.00000000e+00]
 [2.05706323e+00 2.02128830e+00 9.89618875e-01 8.73276601e-01
  2.26856456e-01 1.41001471e+00 2.07670455e+00 5.83008867e+00
  7.09926224e+00 1.82427621e-01 3.36866990e+00 6.89728203e+00
  2.00793554e+01 2.50384512e+01 0.00000000e+00]]

18
----------------------------------------------------------------------------------
[[0.00000000e+00 0.00000000e+00 0.00000000e+00 0.00000000e+00
  0.00000000e+00 1.39469457e+00 3.18761360e+00 1.17109334e+00
  0.00000000e+00 0.00000000e+00 0.00000000e+00 0.00000000e+00
  9.36477734e-02 2.19442283e-01 0.00000000e+00]
 [8.12987576e-01 1.03586979e+00 0.00000000e+00 2.00867627e+00
  2.87432949e+00 3.21596031e+00 3.63832508e+00 1.35052103e+00
  2.64277438e-02 0.00000000e+00 0.00000000e+00 2.87501409e-01
  4.35488916e-01 4.10495160e-01 0.00000000e+00]
 [3.19382590e+00 4.84695984e-02 1.83565681e-04 2.14077482e+00
  4.28924317e+00 3.90115779e+00 3.87058625e+00 1.14381560e+00
  0.00000000e+00 2.18736696e-01 0.00000000e+00 2.04998626e-01
  7.85266027e-01 2.83030661e-01 0.00000000e+00]
 [0.00000000e+00 0.00000000e+00 0.00000000e+00 0.00000000e+00
  0.00000000e+00 1.00963512e-01 2.16708427e+00 1.64779034e+00
  3.81838615e-02 0.00000000e+00 0.00000000e+00 0.00000000e+00
  1.72273520e-01 7.64060570e-02 0.00000000e+00]
 [0.00000000e+00 0.00000000e+00 0.00000000e+00 0.00000000e+00
  1.12659532e+00 1.31063242e+00 2.44559311e+00 9.27209281e-01
  2.11738720e-01 0.00000000e+00 0.00000000e+00 0.00000000e+00
  4.27288903e-01 1.77988349e-01 0.00000000e+00]
 [1.61808737e+01 7.68168024e-02 1.19362376e-04 6.11374605e+00
  1.87719792e+00 5.65758978e+00 2.60365896e+00 1.04158918e+00
  4.61219349e-02 2.43141812e-01 0.00000000e+00 0.00000000e+00
  4.67013803e-01 2.74047288e-01 5.88010698e-02]
 [0.00000000e+00 0.00000000e+00 0.00000000e+00 2.63774976e+00
  2.27137736e+00 2.29998334e+00 2.79473330e+00 1.12902842e+00
  9.47639940e-02 0.00000000e+00 0.00000000e+00 0.00000000e+00
  6.24080525e-01 2.77321123e-01 0.00000000e+00]
 [0.00000000e+00 0.00000000e+00 3.22485516e-02 0.00000000e+00
  0.00000000e+00 0.00000000e+00 2.05557572e+00 2.85062238e+00
  0.00000000e+00 0.00000000e+00 0.00000000e+00 0.00000000e+00
  0.00000000e+00 0.00000000e+00 0.00000000e+00]
 [0.00000000e+00 2.69962023e+00 8.71933526e-03 0.00000000e+00
  0.00000000e+00 2.00511405e+00 1.93032479e+00 6.06656568e+00
  0.00000000e+00 2.81199251e-01 0.00000000e+00 0.00000000e+00
  0.00000000e+00 0.00000000e+00 0.00000000e+00]
 [0.00000000e+00 1.67409553e+00 0.00000000e+00 4.43708543e+00
  4.67552501e+00 4.96340533e+00 1.65377077e+00 4.45278177e+00
  0.00000000e+00 4.54628055e-01 0.00000000e+00 0.00000000e+00
  3.60408802e-02 0.00000000e+00 5.42340973e-02]
 [0.00000000e+00 6.24870518e+00 0.00000000e+00 4.85257103e+00
  3.77435669e+00 6.05340302e+00 1.43943771e+00 2.37668269e+00
  0.00000000e+00 0.00000000e+00 0.00000000e+00 0.00000000e+00
  7.09798325e-02 0.00000000e+00 2.80619463e-02]
 [0.00000000e+00 0.00000000e+00 6.98522906e-02 0.00000000e+00
  0.00000000e+00 1.93464624e+00 1.24012761e+00 8.24064067e-01
  8.92234533e-04 0.00000000e+00 0.00000000e+00 0.00000000e+00
  0.00000000e+00 0.00000000e+00 0.00000000e+00]
 [0.00000000e+00 0.00000000e+00 1.02414655e-03 0.00000000e+00
  5.36582971e-01 2.27965511e+00 6.80307640e-01 1.65914121e-01
  1.15950474e-01 0.00000000e+00 3.54743887e-01 0.00000000e+00
  0.00000000e+00 1.05172134e+00 2.15267103e-01]
 [0.00000000e+00 0.00000000e+00 7.82674951e-05 0.00000000e+00
  2.30147669e-01 0.00000000e+00 0.00000000e+00 1.48811710e+00
  0.00000000e+00 7.13773356e-01 0.00000000e+00 1.47638691e+01
  1.91993116e+00 2.59811794e+00 3.27167772e+00]
 [0.00000000e+00 0.00000000e+00 1.82234693e-02 0.00000000e+00
  9.00744783e-01 4.71136777e-01 4.11926720e+00 1.88840506e+00
  1.31014523e-01 5.27493804e-01 0.00000000e+00 5.55271293e+00
  3.87273861e+00 4.91112106e+00 4.95273680e+00]
 [0.00000000e+00 0.00000000e+00 1.14453656e-04 4.37030356e+00
  0.00000000e+00 0.00000000e+00 2.15576611e-01 5.67411166e-01
  0.00000000e+00 6.97567272e-01 0.00000000e+00 1.50798538e+00
  1.97077974e+00 1.96873921e+00 3.36504177e+00]
 [0.00000000e+00 0.00000000e+00 1.80476284e-01 0.00000000e+00
  0.00000000e+00 0.00000000e+00 1.09518426e+00 1.83858479e+00
  1.87724968e-01 0.00000000e+00 0.00000000e+00 0.00000000e+00
  3.31771091e-01 2.79518364e+00 2.19025836e+00]
 [6.13130572e+00 1.36912300e+01 1.30647558e-04 1.41281125e+01
  1.12570763e+01 6.47824159e+00 1.68059816e+00 1.37941165e+00
  2.48988430e-01 1.21066063e+00 2.84948970e-01 2.44694071e+00
  1.37145976e+00 9.10554678e-01 3.60615845e-01]]

19
----------------------------------------------------------------------------------
[[1.05118351e-01 0.00000000e+00 0.00000000e+00 5.90236712e-01
  0.00000000e+00 4.62448913e-02 0.00000000e+00 2.11816499e-02
  0.00000000e+00 3.59017884e-02 0.00000000e+00 6.15398284e-02
  4.57214469e-02 0.00000000e+00 0.00000000e+00]
 [3.41053534e-01 0.00000000e+00 1.15667829e-01 3.13412446e-01
  4.66892504e-01 4.79049921e-02 0.00000000e+00 0.00000000e+00
  0.00000000e+00 3.74942158e-02 2.04041041e-01 2.82245251e-02
  0.00000000e+00 0.00000000e+00 0.00000000e+00]
 [0.00000000e+00 0.00000000e+00 0.00000000e+00 4.50474398e-01
  3.01468964e-01 0.00000000e+00 0.00000000e+00 1.50949943e-02
  0.00000000e+00 0.00000000e+00 5.66597804e-01 0.00000000e+00
  0.00000000e+00 0.00000000e+00 3.38016312e-02]
 [1.29628120e-03 0.00000000e+00 0.00000000e+00 6.03897923e-01
  0.00000000e+00 4.32162724e-02 0.00000000e+00 0.00000000e+00
  0.00000000e+00 0.00000000e+00 1.66349047e-01 1.08877638e-01
  1.47683567e-01 0.00000000e+00 6.94390280e-02]
 [8.94631173e-02 0.00000000e+00 0.00000000e+00 7.65350183e-01
  1.64513846e-01 8.52170151e-03 5.47769112e-02 0.00000000e+00
  0.00000000e+00 0.00000000e+00 1.34669763e-01 6.16566858e-02
  1.23613424e-02 0.00000000e+00 1.98166432e-02]
 [0.00000000e+00 0.00000000e+00 0.00000000e+00 4.91405955e-01
  4.01779719e-01 0.00000000e+00 0.00000000e+00 1.79170406e-02
  0.00000000e+00 0.00000000e+00 7.02180196e-01 0.00000000e+00
  0.00000000e+00 0.00000000e+00 1.48156679e-01]
 [2.86872068e-02 0.00000000e+00 1.30271158e-02 3.85878225e-01
  3.60123130e-01 0.00000000e+00 0.00000000e+00 0.00000000e+00
  0.00000000e+00 0.00000000e+00 2.07939297e-01 7.06841051e-02
  4.65238172e-02 0.00000000e+00 8.60160462e-02]
 [0.00000000e+00 0.00000000e+00 0.00000000e+00 1.33550000e-01
  0.00000000e+00 0.00000000e+00 0.00000000e+00 0.00000000e+00
  0.00000000e+00 0.00000000e+00 2.67809038e-01 5.81448112e-02
  1.42567835e-01 0.00000000e+00 1.59160269e-01]
 [0.00000000e+00 0.00000000e+00 0.00000000e+00 2.28442536e-01
  5.71783019e-02 0.00000000e+00 0.00000000e+00 0.00000000e+00
  0.00000000e+00 0.00000000e+00 1.95293589e-01 0.00000000e+00
  2.08141572e-02 0.00000000e+00 0.00000000e+00]
 [0.00000000e+00 0.00000000e+00 0.00000000e+00 1.42018190e-01
  1.85802717e-01 0.00000000e+00 0.00000000e+00 0.00000000e+00
  0.00000000e+00 0.00000000e+00 8.02317862e-01 0.00000000e+00
  0.00000000e+00 0.00000000e+00 2.05942592e-02]
 [0.00000000e+00 0.00000000e+00 0.00000000e+00 6.26621314e-02
  1.02266047e-01 0.00000000e+00 0.00000000e+00 0.00000000e+00
  0.00000000e+00 0.00000000e+00 3.16594535e-01 0.00000000e+00
  0.00000000e+00 0.00000000e+00 0.00000000e+00]
 [0.00000000e+00 0.00000000e+00 0.00000000e+00 2.64967883e-01
  4.10772180e-02 0.00000000e+00 0.00000000e+00 0.00000000e+00
  0.00000000e+00 0.00000000e+00 1.74506773e-01 0.00000000e+00
  4.46608514e-02 0.00000000e+00 0.00000000e+00]
 [4.34646651e-01 0.00000000e+00 0.00000000e+00 0.00000000e+00
  0.00000000e+00 1.99666607e-01 5.30833260e-02 2.39658106e-01
  0.00000000e+00 1.75093776e-01 3.79013133e-01 0.00000000e+00
  0.00000000e+00 0.00000000e+00 0.00000000e+00]
 [0.00000000e+00 6.13873505e+00 3.16273156e+00 2.77448250e+00
  2.02843519e+00 0.00000000e+00 0.00000000e+00 1.22926431e+00
  5.08568398e+00 5.72657834e+00 1.01565813e+00 0.00000000e+00
  8.48705321e-01 0.00000000e+00 6.67365885e-02]
 [0.00000000e+00 1.53192559e+01 1.38820153e+00 1.72887759e+00
  1.40578347e+00 0.00000000e+00 0.00000000e+00 1.26731299e+00
  5.17313216e+00 5.25454708e+00 1.13661391e+00 0.00000000e+00
  8.10935049e-01 0.00000000e+00 3.46635924e-01]
 [0.00000000e+00 1.28511273e+01 6.26791104e-01 7.53158621e-01
  1.33299230e-01 1.94453453e-02 0.00000000e+00 2.28894341e+00
  7.22601823e+00 2.94397050e+00 8.49697101e-01 1.05213218e-01
  1.02187485e+00 0.00000000e+00 3.21056683e-01]
 [9.96067656e-02 0.00000000e+00 0.00000000e+00 9.87799519e-01
  2.36345822e-01 0.00000000e+00 0.00000000e+00 4.00468705e-01
  2.01818126e+00 1.92470972e+00 1.82503410e+00 2.33341061e-01
  4.38918722e-01 0.00000000e+00 0.00000000e+00]
 [1.59606757e-01 1.31940188e+00 1.60059258e+00 1.07561160e+00
  8.78954527e-01 4.62371399e-01 2.30585576e-01 2.69448050e-01
  3.56057269e-01 3.47874923e-01 1.40607209e-01 1.39939667e-01
  4.23640647e-01 1.09969669e+00 1.09443248e+00]]

20
----------------------------------------------------------------------------------
[[0.02686368 0.00696192 0.04952582 0.15133893 0.         0.
  0.         0.10015681 0.         0.07146226 0.        ]
 [0.01912985 0.         0.00131364 0.00263075 0.03966963 0.06761964
  0.0167292  0.01087795 0.09828047 0.         0.        ]
 [0.0172468  0.         0.02963484 0.         0.01004546 0.
  0.05538586 0.         0.23855028 0.         0.22713802]
 [0.00566486 0.04069519 0.06879542 0.0764851  0.01288576 0.02129264
  0.03541347 0.         0.11859109 0.01763553 0.00619745]
 [0.         0.         0.         0.         0.07922863 0.05742888
  0.07849575 0.01957845 0.11572377 0.         0.        ]
 [0.         0.         0.01465021 0.         0.         0.
  0.04791406 0.         0.28052336 0.00633921 0.12367275]
 [0.         0.         0.         0.01359654 0.01190251 0.
  0.02820379 0.         0.19369816 0.         0.        ]
 [0.12637098 0.04785971 0.01507691 0.02915877 0.00634482 0.
  0.00282322 0.0317131  0.09954458 0.         0.        ]
 [0.00387257 0.         0.03921316 0.         0.         0.
  0.         0.         0.05427257 0.         0.        ]
 [0.         0.         0.00873607 0.         0.02130204 0.
  0.00769439 0.0463109  0.16214689 0.         0.09647039]
 [0.01976326 0.         0.05663869 0.         0.         0.
  0.         0.00979587 0.15594317 0.         0.05802541]
 [0.04945723 0.         0.04599312 0.         0.         0.
  0.01919456 0.         0.06520376 0.         0.        ]
 [0.07022571 0.05413344 0.02787252 0.03762573 0.0364051  0.08246438
  0.04401308 0.         0.         0.11694456 0.        ]
 [0.11278044 0.00312154 0.19148811 0.08099288 0.06600274 0.07832928
  0.1174528  0.20178801 0.17513998 0.         0.        ]
 [0.15102654 0.00390693 0.20952382 0.03774563 0.03864429 0.03103559
  0.10561059 0.24618607 0.21114473 0.         0.        ]
 [0.25753949 0.         0.18806565 0.05770797 0.09270227 0.
  0.10965253 0.01236802 0.42639572 0.         0.        ]
 [0.         0.         0.00362505 0.00403383 0.02590904 0.
  0.07765313 0.13355975 0.055835   0.         0.01195228]
 [0.10933822 0.11811574 0.06432363 0.12420466 0.07898676 0.07905331
  0.0664496  0.16313601 0.09764604 0.1559988  0.26399835]]