

1
----------------------------------------------------------------------------------
[[2.05274249e-01 1.70002033e+00 4.35468177e-01 5.82415383e-02
  2.89376847e-01 5.59215135e-01 6.37062479e-02 1.60657373e-02
  2.97105347e-01 1.37787892e-01 3.28943633e-02 0.00000000e+00
  3.36488363e-01 0.00000000e+00 0.00000000e+00]
 [4.32867817e-01 1.67185388e+00 8.94398025e-01 6.96311667e-01
  5.00354451e-01 1.66817084e+00 1.35818583e-01 0.00000000e+00
  2.29490476e-01 3.67244161e-01 1.54752512e-01 1.41072118e-02
  5.26237251e-02 0.00000000e+00 0.00000000e+00]
 [7.95929763e-01 1.54917805e+00 9.87993263e-01 9.55003403e-01
  7.31578566e-02 2.60858435e+00 1.24421131e-02 0.00000000e+00
  2.56841840e-01 3.23773246e-01 2.57003552e-01 0.00000000e+00
  0.00000000e+00 0.00000000e+00 0.00000000e+00]
 [2.91555874e-01 1.02485819e+00 0.00000000e+00 0.00000000e+00
  2.94573299e-01 1.78201764e-01 5.82007865e-02 0.00000000e+00
  6.40450422e-02 3.83632112e-02 6.83018453e-02 0.00000000e+00
  6.17194134e-02 3.67763878e-02 0.00000000e+00]
 [3.51792997e-01 1.38500490e+00 1.90436192e-01 3.75251372e-01
  4.93041418e-01 1.01930041e+00 4.32987216e-02 1.34378673e-02
  1.15812883e-01 2.20444825e-01 0.00000000e+00 1.01568822e-01
  2.38377084e-02 6.66938236e-02 0.00000000e+00]
 [4.78278807e-01 1.17471858e+00 7.37543193e-01 9.23059022e-01
  8.48224513e-02 1.95432084e+00 4.34901783e-03 0.00000000e+00
  1.01418652e-01 4.00025517e-01 0.00000000e+00 3.89769425e-02
  0.00000000e+00 0.00000000e+00 0.00000000e+00]
 [2.02542984e-01 1.39046282e+00 4.75668810e-01 7.45012260e-01
  4.12214220e-01 1.44335711e+00 0.00000000e+00 0.00000000e+00
  2.15777489e-01 2.19162806e-01 0.00000000e+00 1.48888666e-01
  1.50067569e-01 0.00000000e+00 0.00000000e+00]
 [1.06985833e+00 5.04849065e+00 8.01345171e-01 2.32361224e-01
  1.22849171e-01 1.34265117e+00 4.74622493e-02 6.81106960e-01
  3.88970962e-01 9.52575591e-02 1.30436467e-01 6.39098360e-02
  1.10364282e-01 6.73415327e-01 1.56281671e+00]
 [2.98060484e-01 7.78280213e+00 1.15652760e+00 7.08522308e-01
  0.00000000e+00 3.62013639e+00 0.00000000e+00 1.01273875e+00
  4.15314792e-01 2.54399568e-01 7.69677531e-02 0.00000000e+00
  0.00000000e+00 1.05981448e+00 6.99128936e+00]
 [2.03641934e-01 7.76118123e+00 8.81012573e-01 9.87855092e-01
  0.00000000e+00 6.92214823e-01 0.00000000e+00 0.00000000e+00
  7.76364783e-02 3.63350051e-01 5.50222202e-01 0.00000000e+00
  0.00000000e+00 0.00000000e+00 5.90784378e-01]
 [4.65494315e-01 9.28657469e+00 1.66524117e+00 3.23409625e-01
  0.00000000e+00 3.70562621e+00 0.00000000e+00 5.45637622e-01
  2.12827847e-01 1.09541142e-01 9.38290784e-02 0.00000000e+00
  0.00000000e+00 7.63185148e-01 6.77146529e+00]
 [2.80183482e-01 3.44056616e+00 1.23058034e+00 1.19225732e+00
  9.73754299e-02 2.68296144e+00 2.24989757e-01 3.36312349e-01
  2.43469828e-01 7.13199634e-02 1.08918782e-01 1.21691774e-01
  9.85571230e-02 7.34597536e-01 2.21474014e+00]
 [0.00000000e+00 4.52427879e+00 1.10073938e+00 3.51668176e-01
  0.00000000e+00 3.51104355e+00 0.00000000e+00 6.61903506e-02
  1.00056878e-01 4.69931259e-01 6.69536422e-01 0.00000000e+00
  1.03535505e-01 6.53608054e-01 6.81061415e+00]
 [4.83044201e+00 1.72499806e+01 1.18776035e+00 2.05004969e+01
  0.00000000e+00 4.93358771e+00 0.00000000e+00 8.52276170e-01
  2.28165583e+00 3.34686789e-01 2.58961570e+00 0.00000000e+00
  1.19188230e+00 1.38322637e-01 0.00000000e+00]
 [1.47749557e+01 2.37423925e+01 2.68215223e+00 1.74836327e+01
  0.00000000e+00 4.15308142e+00 0.00000000e+00 6.05230281e-01
  5.10771508e+00 0.00000000e+00 3.70126747e+00 0.00000000e+00
  1.77458363e+00 5.70355827e-01 0.00000000e+00]
 [7.32574720e+00 9.98589090e+00 4.33513107e+00 2.52485573e+01
  4.86135784e-02 7.80805175e-01 0.00000000e+00 1.26545860e+00
  6.68281014e+00 7.90845711e-01 2.25335868e+00 0.00000000e+00
  1.89708666e+00 1.53909199e-01 0.00000000e+00]
 [2.46419702e+01 7.29428645e+00 2.47585221e+00 4.52845599e+00
  0.00000000e+00 2.41618320e+00 6.58525456e-02 1.69757081e-02
  2.14507791e+00 0.00000000e+00 3.48488405e+00 2.71331386e-02
  1.28313815e+00 0.00000000e+00 0.00000000e+00]
 [9.27586506e-01 3.28401228e-01 4.91301374e-01 6.30388763e-01
  8.92725800e-02 1.98714642e+00 1.83601870e-01 4.80230810e-01
  1.89867464e+00 2.05193972e+00 1.10312364e+00 1.53948547e-01
  1.22310509e+00 1.92077012e+00 4.01417577e+00]]

2
----------------------------------------------------------------------------------
[[1.17653400e-03 6.86796790e-01 7.99611122e-01 1.85813461e+00
  2.14302159e+00 1.86504017e-04 0.00000000e+00 0.00000000e+00
  3.43431935e-01 1.46323705e+00 0.00000000e+00 2.19850546e+00
  1.63073060e+00 2.91210544e-02 1.57734250e-01]
 [6.16587866e-01 2.50856112e+00 3.28046226e+00 3.96121270e+00
  2.94072633e+00 6.75893867e-04 0.00000000e+00 0.00000000e+00
  4.82605371e-01 1.59307290e+00 7.87084855e-02 2.56883135e+00
  2.40082320e+00 2.79268537e-04 1.44959233e-01]
 [4.32295450e-02 3.28424812e+00 4.70175303e+00 4.29342029e+00
  3.25158325e+00 5.40730879e-03 0.00000000e+00 0.00000000e+00
  9.87090690e-02 1.07153739e+00 5.67051809e-02 1.86877981e+00
  2.21973245e+00 0.00000000e+00 5.05282625e-01]
 [0.00000000e+00 0.00000000e+00 1.59644761e-01 9.79563356e-01
  1.37874066e+00 7.81698222e-05 0.00000000e+00 0.00000000e+00
  1.69685110e-01 1.24959754e+00 1.45484081e-04 1.76564740e+00
  1.47244445e+00 0.00000000e+00 1.17572832e-03]
 [1.65964938e-01 1.12906177e+00 1.64480599e+00 2.81562606e+00
  1.54265787e+00 1.92632289e-04 0.00000000e+00 0.00000000e+00
  6.10499848e-01 9.77829587e-01 1.44840878e-01 1.91644332e+00
  1.67223725e+00 0.00000000e+00 3.00600078e-02]
 [0.00000000e+00 2.84435397e+00 3.85657168e+00 3.44197529e+00
  2.48283447e+00 3.74530742e-05 0.00000000e+00 0.00000000e+00
  0.00000000e+00 4.40656577e-01 0.00000000e+00 1.06901502e+00
  1.46928957e+00 0.00000000e+00 7.16314702e-01]
 [2.98463688e-01 2.18482069e+00 2.53485644e+00 3.32979390e+00
  1.73206971e+00 0.00000000e+00 0.00000000e+00 0.00000000e+00
  2.76008960e-01 2.82882091e-01 2.12983916e-01 1.29236301e+00
  1.37580012e+00 0.00000000e+00 2.43255841e-01]
 [7.22741605e-04 0.00000000e+00 0.00000000e+00 0.00000000e+00
  2.50479042e-02 3.34856733e-04 0.00000000e+00 0.00000000e+00
  4.17211704e-02 7.86110595e-01 0.00000000e+00 8.87689171e-01
  8.27485177e-01 0.00000000e+00 3.03715208e+00]
 [0.00000000e+00 0.00000000e+00 0.00000000e+00 0.00000000e+00
  2.22455459e-01 7.20460037e-03 0.00000000e+00 0.00000000e+00
  9.54862624e-02 5.88804549e-01 0.00000000e+00 8.18306068e-01
  8.81495158e-01 0.00000000e+00 4.93999563e+00]
 [0.00000000e+00 0.00000000e+00 1.57596632e+00 2.18875346e+00
  1.36109038e+00 0.00000000e+00 0.00000000e+00 0.00000000e+00
  0.00000000e+00 0.00000000e+00 1.17742284e-01 1.09686467e-01
  3.99407758e-01 0.00000000e+00 2.79285459e+00]
 [7.03214795e-04 2.87954806e-01 1.27134169e+00 1.14374583e+00
  1.39954706e+00 0.00000000e+00 0.00000000e+00 0.00000000e+00
  0.00000000e+00 0.00000000e+00 0.00000000e+00 0.00000000e+00
  2.35824633e-01 0.00000000e+00 4.82644440e+00]
 [2.39736930e-02 0.00000000e+00 0.00000000e+00 0.00000000e+00
  1.36897196e-01 5.43830208e-03 0.00000000e+00 0.00000000e+00
  0.00000000e+00 5.63869563e-01 9.00864535e-02 4.68809896e-01
  5.56332645e-01 0.00000000e+00 2.10358368e+00]
 [0.00000000e+00 4.50387760e-01 1.38302175e+00 1.42459664e+00
  1.29375033e+00 0.00000000e+00 0.00000000e+00 0.00000000e+00
  0.00000000e+00 0.00000000e+00 0.00000000e+00 0.00000000e+00
  1.29870850e-01 2.61832343e-04 6.39462450e+00]
 [2.10702558e-04 9.85842526e-01 0.00000000e+00 0.00000000e+00
  0.00000000e+00 4.09349732e-04 8.44040407e-01 1.54665702e+00
  0.00000000e+00 0.00000000e+00 0.00000000e+00 2.85352314e-02
  1.89750784e-01 2.15247142e-03 9.11648556e-01]
 [0.00000000e+00 4.41392284e+00 0.00000000e+00 0.00000000e+00
  0.00000000e+00 1.10890332e-01 2.09825269e+00 2.68467030e+00
  0.00000000e+00 0.00000000e+00 0.00000000e+00 1.75687071e+00
  7.10658036e-01 2.53494095e-03 1.06260586e+00]
 [0.00000000e+00 3.57182720e+00 0.00000000e+00 0.00000000e+00
  0.00000000e+00 6.90356748e-02 9.92207429e-01 1.27902216e+00
  0.00000000e+00 9.79033084e-01 0.00000000e+00 6.91396468e+00
  6.97379039e-01 2.29077419e-03 1.25859331e+00]
 [1.49629735e-03 0.00000000e+00 0.00000000e+00 0.00000000e+00
  0.00000000e+00 8.65582661e-02 1.47650992e+00 1.54048112e+00
  0.00000000e+00 0.00000000e+00 0.00000000e+00 6.30187577e-01
  0.00000000e+00 9.32082296e-04 1.22329664e+00]
 [6.43862740e-04 7.38132827e+00 7.52232836e+00 5.54002466e+00
  2.33430484e+00 0.00000000e+00 1.74794051e+00 3.83980600e+00
  4.39865413e+00 3.29685952e+00 2.69812432e-01 2.68624403e+00
  1.87610675e+00 9.24416885e-05 4.91707466e-01]]

3
----------------------------------------------------------------------------------
[[3.83109224e-01 0.00000000e+00 1.66993719e-01 3.25679740e-05
  3.83490751e-01 0.00000000e+00 0.00000000e+00 0.00000000e+00
  0.00000000e+00 0.00000000e+00 0.00000000e+00 1.35586800e+00
  1.05604733e+00 0.00000000e+00 1.10758195e-01]
 [6.81273907e-01 0.00000000e+00 2.19751985e-01 1.79956754e-04
  7.95984957e-01 0.00000000e+00 0.00000000e+00 0.00000000e+00
  0.00000000e+00 0.00000000e+00 3.92935244e-01 1.58549937e+00
  1.63195714e+00 0.00000000e+00 0.00000000e+00]
 [5.95090544e-01 0.00000000e+00 5.50407356e-01 8.92275255e-05
  1.01863631e+00 0.00000000e+00 0.00000000e+00 0.00000000e+00
  0.00000000e+00 1.11440606e-02 4.62374784e-01 1.47174289e+00
  1.32415453e+00 0.00000000e+00 0.00000000e+00]
 [3.79983131e-01 0.00000000e+00 0.00000000e+00 0.00000000e+00
  0.00000000e+00 0.00000000e+00 0.00000000e+00 0.00000000e+00
  0.00000000e+00 9.67523455e-02 2.20485368e-01 7.36948255e-01
  6.77547333e-01 0.00000000e+00 0.00000000e+00]
 [4.69094774e-01 0.00000000e+00 2.64821961e-01 0.00000000e+00
  3.39728226e-01 0.00000000e+00 0.00000000e+00 0.00000000e+00
  0.00000000e+00 1.88798464e-01 8.78062502e-02 1.34378353e+00
  9.50524958e-01 0.00000000e+00 0.00000000e+00]
 [2.78019175e-01 0.00000000e+00 5.00618625e-01 9.84768824e-05
  7.79376033e-01 0.00000000e+00 0.00000000e+00 0.00000000e+00
  0.00000000e+00 0.00000000e+00 6.63379024e-02 1.13995209e+00
  9.31182506e-01 0.00000000e+00 0.00000000e+00]
 [1.76227411e-01 0.00000000e+00 2.59098503e-01 0.00000000e+00
  4.49163999e-01 0.00000000e+00 0.00000000e+00 0.00000000e+00
  0.00000000e+00 6.50127460e-02 3.71585517e-02 1.18592229e+00
  6.79249579e-01 0.00000000e+00 1.36966255e-01]
 [1.44961041e+00 1.30323182e-01 0.00000000e+00 0.00000000e+00
  2.05206028e-01 0.00000000e+00 0.00000000e+00 0.00000000e+00
  0.00000000e+00 4.38221559e-02 2.09234940e-01 4.56269872e-01
  1.90268106e-01 0.00000000e+00 0.00000000e+00]
 [2.26683315e+00 4.77568941e-01 0.00000000e+00 1.21683253e-03
  3.86141172e-01 0.00000000e+00 0.00000000e+00 0.00000000e+00
  0.00000000e+00 3.95422410e-02 3.42805941e-01 4.11923133e-01
  2.17348581e-01 0.00000000e+00 0.00000000e+00]
 [7.91449714e-02 2.65230414e-01 0.00000000e+00 0.00000000e+00
  1.78354574e-01 0.00000000e+00 0.00000000e+00 0.00000000e+00
  9.56214948e-02 1.28935840e-01 0.00000000e+00 2.67983951e-01
  1.21901225e+00 0.00000000e+00 0.00000000e+00]
 [1.60259422e+00 5.66163587e-01 9.98769732e-02 0.00000000e+00
  5.89901841e-01 1.08695459e-01 0.00000000e+00 0.00000000e+00
  1.72041942e-01 0.00000000e+00 1.64124193e-01 2.07688143e-01
  0.00000000e+00 0.00000000e+00 0.00000000e+00]
 [2.27032462e-01 0.00000000e+00 0.00000000e+00 0.00000000e+00
  0.00000000e+00 0.00000000e+00 0.00000000e+00 0.00000000e+00
  5.89671379e-02 2.87748215e-01 1.84670852e-01 1.45771382e-01
  0.00000000e+00 0.00000000e+00 0.00000000e+00]
 [7.57208297e-01 0.00000000e+00 0.00000000e+00 0.00000000e+00
  3.11968885e-01 0.00000000e+00 0.00000000e+00 0.00000000e+00
  1.95701987e-01 0.00000000e+00 2.07405831e-01 2.59591639e-01
  0.00000000e+00 0.00000000e+00 0.00000000e+00]
 [0.00000000e+00 0.00000000e+00 0.00000000e+00 1.78316441e-03
  0.00000000e+00 0.00000000e+00 0.00000000e+00 0.00000000e+00
  0.00000000e+00 2.20022988e-02 0.00000000e+00 0.00000000e+00
  7.33991711e+00 0.00000000e+00 0.00000000e+00]
 [0.00000000e+00 4.97952565e-01 7.30039073e-01 8.70404145e-03
  0.00000000e+00 0.00000000e+00 0.00000000e+00 0.00000000e+00
  0.00000000e+00 2.71014126e-02 0.00000000e+00 0.00000000e+00
  9.67224078e+00 0.00000000e+00 0.00000000e+00]
 [0.00000000e+00 0.00000000e+00 0.00000000e+00 2.76723759e-04
  0.00000000e+00 0.00000000e+00 0.00000000e+00 0.00000000e+00
  0.00000000e+00 8.85959207e-02 0.00000000e+00 0.00000000e+00
  0.00000000e+00 0.00000000e+00 0.00000000e+00]
 [0.00000000e+00 1.27788156e+00 7.60677689e-02 5.41857855e-02
  0.00000000e+00 0.00000000e+00 0.00000000e+00 0.00000000e+00
  0.00000000e+00 2.08909745e-02 0.00000000e+00 0.00000000e+00
  4.88803499e+00 0.00000000e+00 0.00000000e+00]
 [1.03649631e+00 2.22613820e+00 3.53160427e+00 0.00000000e+00
  1.99062827e+00 2.07033362e+00 3.82875866e+00 4.46477361e+00
  3.37094406e+00 1.14594956e-01 4.20258349e+00 4.23092767e+00
  2.09701135e+00 1.45936626e+00 3.32215765e-01]]

4
----------------------------------------------------------------------------------
[[7.00956956e-01 0.00000000e+00 2.67263675e-01 0.00000000e+00
  0.00000000e+00 0.00000000e+00 0.00000000e+00 0.00000000e+00
  0.00000000e+00 0.00000000e+00 0.00000000e+00 5.25797173e-01
  1.50009227e-01 2.85750046e-02 2.29405924e-01]
 [5.90817533e-01 0.00000000e+00 2.07991657e-02 1.14612089e-02
  0.00000000e+00 0.00000000e+00 0.00000000e+00 0.00000000e+00
  8.02348407e-02 0.00000000e+00 0.00000000e+00 4.25865044e-01
  8.53604443e-01 2.71485391e-04 1.02753950e+00]
 [0.00000000e+00 0.00000000e+00 0.00000000e+00 0.00000000e+00
  0.00000000e+00 0.00000000e+00 1.14297896e-01 0.00000000e+00
  1.53279278e-01 0.00000000e+00 0.00000000e+00 4.85372032e-01
  1.12357868e+00 6.11292737e-06 2.47734395e+00]
 [1.02927187e+00 1.75159378e-02 3.99510142e-01 0.00000000e+00
  0.00000000e+00 0.00000000e+00 0.00000000e+00 0.00000000e+00
  9.35397998e-03 0.00000000e+00 0.00000000e+00 0.00000000e+00
  0.00000000e+00 5.14885495e-02 0.00000000e+00]
 [9.52233225e-01 8.21276453e-02 5.58433494e-01 0.00000000e+00
  0.00000000e+00 0.00000000e+00 0.00000000e+00 0.00000000e+00
  0.00000000e+00 0.00000000e+00 0.00000000e+00 0.00000000e+00
  2.67566220e-01 0.00000000e+00 2.06720677e-01]
 [0.00000000e+00 0.00000000e+00 4.50941151e-01 0.00000000e+00
  0.00000000e+00 0.00000000e+00 1.66354770e-01 0.00000000e+00
  0.00000000e+00 0.00000000e+00 0.00000000e+00 1.65135112e-01
  1.49660394e+00 0.00000000e+00 2.11843835e+00]
 [3.01834495e-01 0.00000000e+00 2.41098493e-01 0.00000000e+00
  0.00000000e+00 0.00000000e+00 0.00000000e+00 0.00000000e+00
  0.00000000e+00 0.00000000e+00 0.00000000e+00 0.00000000e+00
  6.20542036e-01 0.00000000e+00 1.09904049e+00]
 [1.01394759e+00 0.00000000e+00 0.00000000e+00 0.00000000e+00
  0.00000000e+00 0.00000000e+00 0.00000000e+00 0.00000000e+00
  0.00000000e+00 0.00000000e+00 0.00000000e+00 0.00000000e+00
  0.00000000e+00 1.24612567e-01 0.00000000e+00]
 [6.04278243e-01 0.00000000e+00 0.00000000e+00 0.00000000e+00
  0.00000000e+00 0.00000000e+00 0.00000000e+00 0.00000000e+00
  0.00000000e+00 0.00000000e+00 0.00000000e+00 0.00000000e+00
  0.00000000e+00 9.22208562e-03 0.00000000e+00]
 [0.00000000e+00 0.00000000e+00 0.00000000e+00 0.00000000e+00
  0.00000000e+00 0.00000000e+00 2.32517127e-01 0.00000000e+00
  2.37617881e-02 0.00000000e+00 0.00000000e+00 3.46081280e-01
  1.27023379e+00 1.33657315e-03 1.59613195e+00]
 [0.00000000e+00 0.00000000e+00 0.00000000e+00 0.00000000e+00
  0.00000000e+00 0.00000000e+00 6.20878651e-02 0.00000000e+00
  0.00000000e+00 0.00000000e+00 0.00000000e+00 4.95201884e-02
  9.60678664e-01 2.85858919e-03 8.75880347e-01]
 [4.74750075e-01 6.37744164e-02 0.00000000e+00 0.00000000e+00
  0.00000000e+00 0.00000000e+00 0.00000000e+00 0.00000000e+00
  1.39594697e-01 0.00000000e+00 0.00000000e+00 2.14556189e-02
  0.00000000e+00 5.12665505e-04 0.00000000e+00]
 [0.00000000e+00 0.00000000e+00 0.00000000e+00 0.00000000e+00
  0.00000000e+00 0.00000000e+00 2.05403858e-01 0.00000000e+00
  0.00000000e+00 0.00000000e+00 0.00000000e+00 0.00000000e+00
  9.56343614e-01 1.97494717e-03 9.31363176e-01]
 [0.00000000e+00 0.00000000e+00 1.16978521e+00 0.00000000e+00
  2.74642072e-01 0.00000000e+00 3.14480226e-01 0.00000000e+00
  0.00000000e+00 0.00000000e+00 0.00000000e+00 2.10813253e-01
  1.08591539e-01 9.03238075e-04 0.00000000e+00]
 [3.86016224e+00 4.87484602e+00 5.06492274e+00 0.00000000e+00
  1.70792306e+00 0.00000000e+00 5.60856008e-01 0.00000000e+00
  0.00000000e+00 0.00000000e+00 0.00000000e+00 1.17885711e+00
  1.36201911e+00 2.42749750e-03 1.86906760e+00]
 [9.34006062e-01 1.54923648e+00 1.24049629e+00 0.00000000e+00
  0.00000000e+00 0.00000000e+00 3.96792763e-01 0.00000000e+00
  2.62537484e-01 0.00000000e+00 0.00000000e+00 8.69430037e-01
  1.87235056e+00 1.81804749e-03 2.76707946e+00]
 [2.58656897e+00 5.59066587e-02 7.83316714e+00 0.00000000e+00
  1.79692522e+00 0.00000000e+00 8.16422759e-01 0.00000000e+00
  0.00000000e+00 8.34884923e-02 6.35337015e-01 6.51527989e-01
  8.58855219e-01 4.71383723e-04 8.29515650e-01]
 [3.53705164e+00 3.29501263e+00 6.01732060e-01 2.53929838e-01
  1.39953949e+00 1.43694606e+00 1.48058313e+00 2.70868859e+00
  1.83342823e-01 2.01359848e+00 1.34616936e+00 8.07176619e-01
  2.57358141e+00 0.00000000e+00 4.14715036e+00]]

5
----------------------------------------------------------------------------------
[[0.00000000e+00 0.00000000e+00 5.66632005e-04 2.99402945e-01
  0.00000000e+00 0.00000000e+00 0.00000000e+00 0.00000000e+00
  8.52802318e-02 6.68477729e-01 6.22588102e-01 2.18070548e-01
  0.00000000e+00 0.00000000e+00 0.00000000e+00]
 [0.00000000e+00 0.00000000e+00 5.33381226e-03 9.06959482e-01
  0.00000000e+00 0.00000000e+00 0.00000000e+00 0.00000000e+00
  0.00000000e+00 6.98088897e-01 9.97328757e-01 1.01658228e-01
  0.00000000e+00 1.67789525e-01 0.00000000e+00]
 [0.00000000e+00 3.21993871e-01 7.49579505e-04 1.29042633e+00
  1.56735872e-01 0.00000000e+00 0.00000000e+00 0.00000000e+00
  0.00000000e+00 3.77925377e-01 6.71844843e-01 4.53141621e-01
  5.55017560e-02 0.00000000e+00 8.32668625e-02]
 [0.00000000e+00 0.00000000e+00 0.00000000e+00 9.95888661e-02
  1.81826574e-01 0.00000000e+00 0.00000000e+00 0.00000000e+00
  1.34326434e-01 5.36480688e-01 4.43827232e-01 5.18595467e-02
  0.00000000e+00 0.00000000e+00 5.86330590e-02]
 [0.00000000e+00 0.00000000e+00 0.00000000e+00 7.15452272e-01
  5.07513713e-03 0.00000000e+00 0.00000000e+00 0.00000000e+00
  1.14531778e-01 4.12096674e-01 5.92102393e-01 0.00000000e+00
  1.11936740e-01 1.09906996e-03 4.33052313e-02]
 [0.00000000e+00 6.00238895e-01 1.90501284e-02 1.06090649e+00
  0.00000000e+00 0.00000000e+00 0.00000000e+00 0.00000000e+00
  0.00000000e+00 8.64169754e-02 4.76941353e-01 2.84818700e-01
  0.00000000e+00 0.00000000e+00 1.93019953e-01]
 [0.00000000e+00 1.02390087e-01 0.00000000e+00 1.04347434e+00
  0.00000000e+00 0.00000000e+00 0.00000000e+00 0.00000000e+00
  7.35126557e-02 1.89664733e-01 5.84322745e-01 9.88254968e-02
  1.34790118e-02 1.13935671e-01 7.70591523e-02]
 [0.00000000e+00 0.00000000e+00 0.00000000e+00 0.00000000e+00
  0.00000000e+00 0.00000000e+00 0.00000000e+00 0.00000000e+00
  0.00000000e+00 4.72743225e-01 3.56884211e-01 0.00000000e+00
  0.00000000e+00 0.00000000e+00 0.00000000e+00]
 [0.00000000e+00 0.00000000e+00 0.00000000e+00 0.00000000e+00
  0.00000000e+00 0.00000000e+00 0.00000000e+00 0.00000000e+00
  5.16818290e-02 3.23199338e-01 3.27509272e-01 0.00000000e+00
  0.00000000e+00 0.00000000e+00 0.00000000e+00]
 [1.29035082e-01 7.92189786e-01 1.38731915e-03 1.21827273e+00
  1.72796582e-02 0.00000000e+00 0.00000000e+00 0.00000000e+00
  1.34163739e-01 0.00000000e+00 2.15310664e-01 6.75772377e-02
  0.00000000e+00 0.00000000e+00 0.00000000e+00]
 [0.00000000e+00 1.99680499e-01 2.47935678e-04 4.13528439e-01
  0.00000000e+00 0.00000000e+00 0.00000000e+00 0.00000000e+00
  0.00000000e+00 0.00000000e+00 0.00000000e+00 1.33847514e-01
  0.00000000e+00 0.00000000e+00 2.48641846e-02]
 [0.00000000e+00 0.00000000e+00 0.00000000e+00 0.00000000e+00
  1.62621618e-01 0.00000000e+00 0.00000000e+00 1.23157134e-01
  0.00000000e+00 4.32404909e-01 1.80453317e-01 0.00000000e+00
  8.26460427e-02 0.00000000e+00 0.00000000e+00]
 [0.00000000e+00 1.79752998e-01 1.07227839e-05 4.68857984e-01
  0.00000000e+00 0.00000000e+00 0.00000000e+00 0.00000000e+00
  0.00000000e+00 0.00000000e+00 0.00000000e+00 7.82767225e-02
  0.00000000e+00 0.00000000e+00 0.00000000e+00]
 [0.00000000e+00 0.00000000e+00 2.14386668e-04 0.00000000e+00
  3.45484760e+00 2.19729244e+00 3.22140616e+01 0.00000000e+00
  9.80173693e-02 2.78125663e-01 6.00067397e-01 1.43668821e+00
  3.85991635e-02 2.92380662e-01 2.56375307e-01]
 [2.38391528e+00 0.00000000e+00 3.11594438e-02 1.10338461e+00
  1.85130774e+00 1.33367954e+01 1.74783814e+01 0.00000000e+00
  0.00000000e+00 1.43359399e+00 8.86751585e-01 7.84354489e-01
  0.00000000e+00 4.40525903e-01 2.64854873e-01]
 [8.90419883e-02 0.00000000e+00 2.11543378e-01 1.08280928e+00
  1.03593713e+00 0.00000000e+00 0.00000000e+00 1.27966421e-01
  0.00000000e+00 3.44861335e-01 9.55114811e-01 1.27468983e+00
  7.82775711e-02 0.00000000e+00 1.61532631e-01]
 [2.41156124e+00 0.00000000e+00 1.34144297e-04 2.49439490e-01
  9.35992883e-01 4.21059522e+00 5.36871763e+00 0.00000000e+00
  1.55827848e-01 2.25968117e+00 2.28249853e+00 2.28611087e+00
  2.63598654e-02 7.68712613e-01 4.96802213e-01]
 [1.52479709e+00 2.49280166e+00 0.00000000e+00 1.67670484e+00
  4.77659067e-01 2.58752886e+00 2.60999332e+00 2.80749903e-01
  1.01646146e+00 1.16977005e+00 6.56573125e-01 3.88863157e-01
  1.89414634e-01 8.85132251e-01 1.21733050e+00]]

6
----------------------------------------------------------------------------------
[[0.00000000e+00 3.23422944e-04 0.00000000e+00 9.98150207e-03
  0.00000000e+00 0.00000000e+00 0.00000000e+00 0.00000000e+00
  1.20156699e-01 0.00000000e+00 1.37374570e+00 0.00000000e+00
  1.20100672e+00 7.62216434e-01 6.33904736e-01]
 [0.00000000e+00 0.00000000e+00 0.00000000e+00 0.00000000e+00
  0.00000000e+00 0.00000000e+00 0.00000000e+00 8.56953785e-02
  0.00000000e+00 0.00000000e+00 1.01649945e+00 0.00000000e+00
  1.12160822e+00 1.58903980e+00 8.83253259e-01]
 [3.26893468e-01 9.37599710e-02 0.00000000e+00 0.00000000e+00
  0.00000000e+00 0.00000000e+00 0.00000000e+00 0.00000000e+00
  0.00000000e+00 4.01471621e-01 9.03676470e-01 0.00000000e+00
  1.32041485e+00 1.77786490e+00 7.64999437e-01]
 [0.00000000e+00 8.64498480e-05 0.00000000e+00 0.00000000e+00
  0.00000000e+00 0.00000000e+00 0.00000000e+00 0.00000000e+00
  1.33852105e-01 5.94065445e-02 9.58401984e-01 0.00000000e+00
  1.06999014e+00 7.68466215e-01 3.99606474e-01]
 [0.00000000e+00 0.00000000e+00 0.00000000e+00 0.00000000e+00
  0.00000000e+00 0.00000000e+00 5.73349555e-02 0.00000000e+00
  9.91886733e-02 0.00000000e+00 9.67542498e-01 0.00000000e+00
  6.43715724e-01 1.10970012e+00 5.81380577e-01]
 [2.62815696e-01 9.53820791e-02 0.00000000e+00 2.32047859e-01
  0.00000000e+00 0.00000000e+00 0.00000000e+00 0.00000000e+00
  7.93484932e-02 1.56737266e-01 1.06858664e+00 0.00000000e+00
  1.19643459e+00 9.44092782e-01 6.24913191e-01]
 [9.13622418e-02 4.72758825e-04 0.00000000e+00 9.80703553e-02
  0.00000000e+00 0.00000000e+00 0.00000000e+00 0.00000000e+00
  7.07474014e-02 9.07803697e-02 9.12934057e-01 0.00000000e+00
  9.60303911e-01 9.43244844e-01 4.64923701e-01]
 [0.00000000e+00 0.00000000e+00 0.00000000e+00 0.00000000e+00
  0.00000000e+00 0.00000000e+00 0.00000000e+00 0.00000000e+00
  9.77639223e-02 9.29118116e-02 6.25110471e-01 0.00000000e+00
  4.75285834e+00 9.99528618e-01 2.74638981e+00]
 [0.00000000e+00 0.00000000e+00 0.00000000e+00 0.00000000e+00
  0.00000000e+00 0.00000000e+00 0.00000000e+00 0.00000000e+00
  6.00513920e-02 5.37869098e-03 8.54012547e-01 0.00000000e+00
  8.23145171e+00 1.00759249e+00 4.65053804e+00]
 [0.00000000e+00 1.81683108e-01 3.10368308e-02 0.00000000e+00
  0.00000000e+00 0.00000000e+00 2.23019695e-02 0.00000000e+00
  3.38058959e-02 1.33196032e-01 1.07654373e+00 0.00000000e+00
  4.31201470e+00 5.59841681e-01 5.33241972e-01]
 [0.00000000e+00 3.05820166e-02 0.00000000e+00 1.41286965e-01
  0.00000000e+00 1.47841941e-01 0.00000000e+00 0.00000000e+00
  0.00000000e+00 2.28480395e-01 7.85357865e-01 0.00000000e+00
  8.22630673e+00 7.63425537e-02 4.29497720e+00]
 [0.00000000e+00 0.00000000e+00 0.00000000e+00 0.00000000e+00
  2.35326121e-02 0.00000000e+00 1.88466357e-01 0.00000000e+00
  0.00000000e+00 1.95282981e-01 2.14280653e-01 9.68594732e-03
  2.87034435e-01 5.87790498e-01 0.00000000e+00]
 [0.00000000e+00 1.59435913e-03 2.56357640e-02 9.85375989e-02
  0.00000000e+00 1.35426262e-01 0.00000000e+00 0.00000000e+00
  2.70149568e-02 2.92824839e-01 1.16590531e+00 3.17761619e-02
  5.00311055e+00 0.00000000e+00 2.44573442e+00]
 [4.24810543e-01 6.25975521e-03 4.64481494e-01 0.00000000e+00
  3.47379710e-02 2.47356390e-01 0.00000000e+00 0.00000000e+00
  0.00000000e+00 1.96591151e-01 9.75449467e-02 0.00000000e+00
  0.00000000e+00 3.86903114e-03 1.79161386e+00]
 [2.97542933e-02 3.23697214e-02 2.87843993e-01 2.24219044e-01
  1.88132380e-01 1.74521833e-02 0.00000000e+00 0.00000000e+00
  4.30437601e-01 2.28072297e-01 3.03795694e-01 4.71206002e-02
  0.00000000e+00 0.00000000e+00 7.43790051e-01]
 [0.00000000e+00 2.25616937e-01 2.95240999e-01 8.04775469e-02
  6.27807911e-02 1.65907863e-01 5.99638991e-02 0.00000000e+00
  2.23958987e-01 5.16371257e-01 6.66142964e-01 4.81865834e-02
  2.92576756e-01 0.00000000e+00 8.34404534e-01]
 [0.00000000e+00 1.11043314e-03 7.99221962e-02 3.63098224e-01
  2.32919865e-01 0.00000000e+00 0.00000000e+00 0.00000000e+00
  4.93140209e-01 1.00485019e-01 1.77867356e-01 1.01420978e-01
  0.00000000e+00 0.00000000e+00 6.71208620e-01]
 [1.03034775e+00 0.00000000e+00 3.73715720e-01 4.20596712e-01
  3.76125525e-01 4.74570888e-01 2.33553742e-01 9.11056303e-01
  4.67297052e-01 5.53042750e-01 3.23925525e-01 2.21912914e-01
  1.55506422e+00 1.89627838e+00 6.17190965e-01]]

7
----------------------------------------------------------------------------------
[[5.15301930e-02 7.67234603e-02 0.00000000e+00 0.00000000e+00
  1.83791428e-01 3.67954169e-02 5.66777713e-01 0.00000000e+00
  1.53820266e-02 0.00000000e+00 0.00000000e+00 0.00000000e+00
  2.61751257e-02 1.64773501e-01 0.00000000e+00]
 [1.06714465e-01 0.00000000e+00 0.00000000e+00 0.00000000e+00
  2.55343049e-01 1.85254051e-01 2.86453573e-01 1.32112365e-01
  0.00000000e+00 0.00000000e+00 0.00000000e+00 0.00000000e+00
  2.54861222e-01 2.20871993e-01 0.00000000e+00]
 [1.88026763e-02 7.33942162e-02 0.00000000e+00 0.00000000e+00
  4.04632229e-01 1.16335991e-01 1.62471592e-01 2.62822054e-01
  0.00000000e+00 0.00000000e+00 0.00000000e+00 0.00000000e+00
  4.34260748e-01 1.35542818e-01 0.00000000e+00]
 [4.65779525e-02 2.14634439e-02 0.00000000e+00 0.00000000e+00
  2.25696717e-01 3.89983626e-02 4.38233312e-01 0.00000000e+00
  0.00000000e+00 0.00000000e+00 0.00000000e+00 0.00000000e+00
  1.57311046e-01 1.07878470e-01 0.00000000e+00]
 [1.23640629e-04 0.00000000e+00 0.00000000e+00 0.00000000e+00
  1.86334178e-01 1.11556716e-01 2.44886733e-01 0.00000000e+00
  0.00000000e+00 0.00000000e+00 0.00000000e+00 0.00000000e+00
  1.88299780e-01 7.58954229e-02 0.00000000e+00]
 [1.94583112e-02 6.27071430e-02 8.90364284e-02 5.79048381e-02
  2.68578759e-01 3.97347240e-02 7.27235846e-02 2.39756811e-02
  4.16641893e-02 0.00000000e+00 0.00000000e+00 1.29177588e-02
  3.79474846e-01 1.32077783e-01 0.00000000e+00]
 [1.53913245e-02 0.00000000e+00 1.37376136e-01 0.00000000e+00
  2.05076452e-01 2.42002929e-02 1.64417335e-01 6.17044502e-02
  0.00000000e+00 0.00000000e+00 2.33020755e-02 0.00000000e+00
  1.81176651e-01 2.02105998e-01 0.00000000e+00]
 [0.00000000e+00 5.38319053e-01 2.68582744e-01 8.71800565e-02
  1.21548300e-01 8.04711394e-02 1.91799506e-01 0.00000000e+00
  0.00000000e+00 0.00000000e+00 0.00000000e+00 1.40363366e-01
  1.90687359e-01 1.72452129e-01 0.00000000e+00]
 [0.00000000e+00 6.85181173e-01 3.27834933e-01 7.22459433e-02
  1.18370397e-01 0.00000000e+00 1.83747275e-01 0.00000000e+00
  0.00000000e+00 0.00000000e+00 0.00000000e+00 7.50656715e-02
  2.42199878e-01 8.81409231e-02 0.00000000e+00]
 [3.15032383e-02 0.00000000e+00 6.33178069e-03 0.00000000e+00
  2.29262955e-01 5.87280816e-02 9.11120541e-02 0.00000000e+00
  1.45061642e-02 3.78015359e-02 0.00000000e+00 1.94706054e-01
  4.41783092e-01 0.00000000e+00 0.00000000e+00]
 [0.00000000e+00 4.69525599e-01 0.00000000e+00 6.87690547e-02
  2.69130097e-01 0.00000000e+00 4.19772125e-02 0.00000000e+00
  0.00000000e+00 9.74071529e-02 0.00000000e+00 1.76498238e-01
  3.42256060e-01 0.00000000e+00 0.00000000e+00]
 [0.00000000e+00 0.00000000e+00 0.00000000e+00 0.00000000e+00
  0.00000000e+00 2.23146390e-01 8.20945089e-02 4.22313355e-02
  0.00000000e+00 0.00000000e+00 3.13146179e-02 6.55654211e-02
  2.72466731e-01 5.77301216e-02 1.91583014e-01]
 [0.00000000e+00 9.33509425e-02 0.00000000e+00 2.00323060e-02
  1.07919443e-01 6.46625570e-02 0.00000000e+00 0.00000000e+00
  0.00000000e+00 0.00000000e+00 5.09912428e-02 4.01203015e-02
  3.54945760e-01 0.00000000e+00 0.00000000e+00]
 [0.00000000e+00 5.27028295e+00 3.64595791e-01 9.14252038e-01
  2.02316053e+00 0.00000000e+00 2.20138008e+00 1.30857380e+00
  0.00000000e+00 2.66312074e+00 0.00000000e+00 3.52883565e-01
  1.32013132e-01 1.06143611e+00 5.37631827e+00]
 [0.00000000e+00 2.12264696e+01 2.39038557e+00 1.03856313e+00
  2.25522359e+00 0.00000000e+00 2.52656811e+00 1.71104675e+00
  0.00000000e+00 2.79934332e+00 0.00000000e+00 3.66624283e-01
  2.72042981e-01 1.08428745e+00 7.69461132e+00]
 [1.32299661e-01 1.24941408e+00 2.30680092e+00 8.22457418e-01
  2.66520068e+00 1.26466881e-01 1.26332916e+00 3.75702600e-01
  8.39294387e-02 1.00618990e+00 1.63325003e-01 9.97936820e-04
  8.53668185e-04 3.99904294e-01 6.96798408e+00]
 [0.00000000e+00 8.91052662e+00 2.21552290e+00 1.43363556e+00
  2.50476031e+00 0.00000000e+00 3.27010121e+00 1.70835383e+00
  0.00000000e+00 3.22798441e+00 0.00000000e+00 5.58392947e-01
  3.76707768e-01 1.24850835e+00 1.03426312e+01]
 [1.32250513e-01 3.96549441e-01 6.92464947e-01 7.13081703e-01
  1.85793835e-01 1.03021529e-01 4.53788284e-01 8.15006091e-01
  1.47055512e-01 2.74625644e-01 1.42371361e-01 3.75145614e-01
  2.53154746e-01 2.36685658e-01 2.69564951e-01]]

8
----------------------------------------------------------------------------------
[[0.00000000e+00 0.00000000e+00 0.00000000e+00 0.00000000e+00
  0.00000000e+00 1.98830514e-01 0.00000000e+00 0.00000000e+00
  9.38210608e-01 0.00000000e+00 7.47633999e-01 8.60383697e-03
  0.00000000e+00 0.00000000e+00 0.00000000e+00]
 [0.00000000e+00 0.00000000e+00 0.00000000e+00 0.00000000e+00
  0.00000000e+00 1.86500678e-01 0.00000000e+00 8.07131775e-02
  6.43926303e-01 0.00000000e+00 4.08976871e-01 0.00000000e+00
  0.00000000e+00 0.00000000e+00 0.00000000e+00]
 [0.00000000e+00 0.00000000e+00 0.00000000e+00 0.00000000e+00
  0.00000000e+00 2.80317696e-01 9.35369964e-02 4.82917110e-01
  7.06369370e-01 0.00000000e+00 1.00827685e-01 0.00000000e+00
  8.68859125e-02 2.14898200e-02 1.15048467e-01]
 [0.00000000e+00 2.04285151e-04 0.00000000e+00 0.00000000e+00
  6.63707165e-03 0.00000000e+00 0.00000000e+00 0.00000000e+00
  6.17471855e-01 0.00000000e+00 4.77042395e-01 2.57522899e-01
  6.24902262e-02 0.00000000e+00 0.00000000e+00]
 [0.00000000e+00 0.00000000e+00 0.00000000e+00 1.39287706e-01
  0.00000000e+00 0.00000000e+00 0.00000000e+00 0.00000000e+00
  5.23419107e-01 0.00000000e+00 3.74593900e-01 1.33478873e-01
  0.00000000e+00 0.00000000e+00 0.00000000e+00]
 [0.00000000e+00 0.00000000e+00 0.00000000e+00 0.00000000e+00
  0.00000000e+00 2.21766948e-01 6.14749030e-02 2.74555054e-01
  6.03888949e-01 0.00000000e+00 0.00000000e+00 0.00000000e+00
  4.72459141e-02 0.00000000e+00 8.94002628e-02]
 [0.00000000e+00 0.00000000e+00 0.00000000e+00 0.00000000e+00
  0.00000000e+00 0.00000000e+00 0.00000000e+00 1.57718028e-01
  3.71851157e-01 0.00000000e+00 7.68198634e-02 0.00000000e+00
  0.00000000e+00 0.00000000e+00 0.00000000e+00]
 [1.92933145e-01 6.25688924e+00 9.88766504e-01 1.98401070e+00
  0.00000000e+00 9.24610550e-01 0.00000000e+00 0.00000000e+00
  3.11641145e-01 4.63745797e-02 1.06895715e-01 3.63743903e-02
  0.00000000e+00 0.00000000e+00 0.00000000e+00]
 [6.37941662e-01 9.88964248e+00 1.56808191e+00 4.80998170e+00
  0.00000000e+00 1.31627918e+00 1.43570311e-01 0.00000000e+00
  3.35192021e-01 0.00000000e+00 0.00000000e+00 0.00000000e+00
  0.00000000e+00 0.00000000e+00 3.60722403e-02]
 [0.00000000e+00 0.00000000e+00 0.00000000e+00 0.00000000e+00
  0.00000000e+00 0.00000000e+00 2.91522742e-01 4.15191002e-01
  7.93375098e-01 0.00000000e+00 0.00000000e+00 0.00000000e+00
  4.90375933e-01 0.00000000e+00 5.84097377e-02]
 [4.90949757e-01 1.01225954e+01 1.19445237e+00 4.44309286e+00
  0.00000000e+00 1.24482193e+00 3.40768476e-01 1.93800370e-01
  4.98839454e-01 0.00000000e+00 0.00000000e+00 0.00000000e+00
  1.19306150e-01 0.00000000e+00 3.76805547e-01]
 [0.00000000e+00 3.66271399e+00 4.55321554e-01 8.48247392e-02
  3.41320664e-01 0.00000000e+00 0.00000000e+00 0.00000000e+00
  1.53723938e-01 1.25925950e-01 0.00000000e+00 0.00000000e+00
  7.64092040e-02 0.00000000e+00 1.09413952e-01]
 [2.92754633e-01 5.50729184e+00 9.76278535e-01 1.97596930e+00
  0.00000000e+00 3.48051454e-01 0.00000000e+00 3.68476542e-02
  2.12736369e-01 0.00000000e+00 0.00000000e+00 0.00000000e+00
  0.00000000e+00 0.00000000e+00 4.02996133e-01]
 [7.99416730e+00 1.03732035e+01 8.73213398e+00 9.22724167e-01
  0.00000000e+00 1.53476912e+00 8.50321950e-02 8.94917897e-01
  5.74164001e+00 0.00000000e+00 1.78741359e+00 5.65506340e-01
  1.45290627e+00 0.00000000e+00 3.24480512e-01]
 [1.52408466e+01 5.62033762e+00 6.97194622e+00 5.99956062e-01
  0.00000000e+00 3.88515868e+00 7.42460682e-01 1.15035904e+00
  4.36772792e+00 0.00000000e+00 1.98598809e+00 1.47861885e+00
  2.36841029e+00 0.00000000e+00 3.85448262e-01]
 [5.76419221e+00 1.78600015e+00 1.42019001e+00 1.66647725e-01
  0.00000000e+00 1.64503448e+00 0.00000000e+00 1.08101166e+00
  8.69734017e+00 0.00000000e+00 1.28861805e+00 0.00000000e+00
  1.89743211e+00 0.00000000e+00 5.40032314e-01]
 [9.56334558e+00 3.09263018e+00 5.08605538e+00 1.88820347e-01
  0.00000000e+00 3.11682092e+00 2.08342449e-01 1.41027189e+00
  3.31652127e+00 0.00000000e+00 6.22558300e-01 1.75734036e+00
  2.84394020e+00 0.00000000e+00 3.02090904e-01]
 [7.86614439e-01 1.19190444e+00 8.14242124e-01 1.31392551e+00
  2.75743374e-01 1.04256038e+00 1.65477002e+00 1.30563689e+00
  1.99465005e-01 1.64319986e-01 8.51518201e-01 1.20219478e+00
  2.62681907e-01 1.53455237e-01 4.47245516e-01]]

9
----------------------------------------------------------------------------------
[[0.00000000e+00 7.87322583e-02 0.00000000e+00 2.24225513e-01
  0.00000000e+00 0.00000000e+00 0.00000000e+00 6.40106663e-02
  8.43049594e-02 0.00000000e+00 6.62138304e-02 2.13544204e-01
  5.48271605e-02 0.00000000e+00 0.00000000e+00]
 [0.00000000e+00 0.00000000e+00 0.00000000e+00 2.66421284e-01
  0.00000000e+00 0.00000000e+00 5.55262407e-02 5.71507744e-02
  1.72911558e-01 0.00000000e+00 8.17046483e-02 1.43875454e-01
  9.97322804e-03 0.00000000e+00 0.00000000e+00]
 [0.00000000e+00 0.00000000e+00 0.00000000e+00 0.00000000e+00
  0.00000000e+00 0.00000000e+00 0.00000000e+00 3.55751918e-01
  7.99100758e-02 6.73305747e-02 1.49663045e-01 4.22988221e-01
  1.76933634e-01 3.04396815e-02 0.00000000e+00]
 [0.00000000e+00 1.26749629e-01 0.00000000e+00 0.00000000e+00
  0.00000000e+00 0.00000000e+00 0.00000000e+00 5.16865558e-03
  1.69120260e-02 1.64789669e-02 1.79080267e-01 2.20634211e-01
  1.57702319e-01 2.04420779e-02 0.00000000e+00]
 [0.00000000e+00 0.00000000e+00 0.00000000e+00 1.15984884e-01
  0.00000000e+00 0.00000000e+00 0.00000000e+00 9.08884778e-02
  0.00000000e+00 9.01730542e-03 2.41134172e-02 1.51190538e-01
  2.18847591e-01 0.00000000e+00 0.00000000e+00]
 [0.00000000e+00 9.82776459e-02 0.00000000e+00 1.07878790e-02
  0.00000000e+00 0.00000000e+00 0.00000000e+00 5.28854147e-01
  6.44970935e-03 0.00000000e+00 9.78409491e-02 1.14721505e-01
  1.23614425e-01 0.00000000e+00 0.00000000e+00]
 [0.00000000e+00 3.93643406e-02 0.00000000e+00 6.22211066e-02
  0.00000000e+00 0.00000000e+00 0.00000000e+00 3.57089272e-01
  0.00000000e+00 1.14824579e-02 0.00000000e+00 3.06517865e-03
  2.22658489e-01 0.00000000e+00 0.00000000e+00]
 [0.00000000e+00 2.32948656e-02 0.00000000e+00 0.00000000e+00
  0.00000000e+00 0.00000000e+00 0.00000000e+00 0.00000000e+00
  0.00000000e+00 1.52465761e-02 0.00000000e+00 5.53104135e-02
  7.75457799e-02 0.00000000e+00 0.00000000e+00]
 [0.00000000e+00 0.00000000e+00 0.00000000e+00 0.00000000e+00
  0.00000000e+00 0.00000000e+00 0.00000000e+00 4.68359842e-02
  0.00000000e+00 0.00000000e+00 6.23454928e-02 2.81541861e-02
  5.22704409e-02 0.00000000e+00 0.00000000e+00]
 [0.00000000e+00 1.46579048e-01 0.00000000e+00 8.69284272e-03
  0.00000000e+00 1.39311460e-01 1.03140683e-02 3.96465665e-02
  1.27662260e-02 2.78592252e-02 3.83865512e-01 4.40118049e-02
  6.67527890e-03 5.94389553e-02 0.00000000e+00]
 [0.00000000e+00 1.49423837e-03 0.00000000e+00 0.00000000e+00
  0.00000000e+00 1.19947070e-01 0.00000000e+00 6.15458446e-01
  0.00000000e+00 3.69283592e-02 5.59866411e-02 2.48625588e-02
  0.00000000e+00 3.41646275e-03 0.00000000e+00]
 [0.00000000e+00 3.15030754e-02 1.48469451e-01 0.00000000e+00
  0.00000000e+00 3.11784772e-02 2.41761398e-02 1.22030516e-01
  7.35217711e-02 0.00000000e+00 0.00000000e+00 0.00000000e+00
  0.00000000e+00 0.00000000e+00 0.00000000e+00]
 [0.00000000e+00 8.54615703e-02 0.00000000e+00 6.97862318e-02
  0.00000000e+00 2.08156940e-01 0.00000000e+00 7.46700735e-01
  7.75823790e-02 0.00000000e+00 1.18607987e-01 4.14637334e-02
  1.87538809e-02 7.43857164e-03 0.00000000e+00]
 [0.00000000e+00 4.70924574e+00 1.78870872e+00 0.00000000e+00
  2.08343287e-01 5.87219451e-01 0.00000000e+00 4.17392580e+00
  2.16086253e-02 1.35048458e+00 1.31205087e+00 3.25409718e+00
  1.06384152e+00 2.54438834e-02 5.56978578e-01]
 [5.65220943e-01 7.45320188e+00 2.45627046e+00 0.00000000e+00
  1.78998251e-01 4.76371873e-01 0.00000000e+00 9.69195557e+00
  0.00000000e+00 4.23802776e+00 2.65965946e+00 7.46268630e+00
  3.24683290e+00 0.00000000e+00 7.82572480e-01]
 [1.97787717e+00 9.07250039e+00 2.63025564e+00 0.00000000e+00
  4.90438545e-01 9.17792820e-01 0.00000000e+00 4.65644845e+00
  7.63116498e-02 2.45080892e+00 1.32844865e+00 3.04263114e+00
  1.83007354e+00 4.79180506e-02 2.65165729e-01]
 [0.00000000e+00 3.61014772e+00 1.94045897e+00 0.00000000e+00
  0.00000000e+00 1.84876546e-01 0.00000000e+00 4.98038119e+00
  6.66832098e-02 3.57024252e+00 3.06122991e+00 4.48430282e+00
  2.29105384e+00 0.00000000e+00 9.88743696e-01]
 [9.46400831e-01 6.56610333e-01 1.05902256e+00 1.05380511e-01
  1.06522517e+00 4.13938020e-01 1.76887908e-01 4.46424483e-01
  1.03955801e-01 1.02239573e-01 7.67013001e-02 1.22886998e-01
  1.80131665e-01 1.13024889e-01 3.33607110e-01]]

10
----------------------------------------------------------------------------------
[[0.00000000e+00 0.00000000e+00 0.00000000e+00 0.00000000e+00
  0.00000000e+00 2.15521294e-01 0.00000000e+00 5.49117525e-05
  0.00000000e+00 0.00000000e+00 0.00000000e+00 4.82493888e-02
  0.00000000e+00 0.00000000e+00 0.00000000e+00]
 [1.94729283e-02 0.00000000e+00 2.08219314e-01 0.00000000e+00
  0.00000000e+00 1.77674410e-01 0.00000000e+00 0.00000000e+00
  0.00000000e+00 0.00000000e+00 1.29495730e-03 0.00000000e+00
  0.00000000e+00 0.00000000e+00 0.00000000e+00]
 [3.12484873e-01 0.00000000e+00 9.38449839e-02 0.00000000e+00
  0.00000000e+00 0.00000000e+00 0.00000000e+00 9.97736541e-05
  1.23654317e-01 0.00000000e+00 0.00000000e+00 7.68605116e-02
  0.00000000e+00 1.85256305e-01 0.00000000e+00]
 [3.73511007e-02 0.00000000e+00 1.19920387e-01 0.00000000e+00
  0.00000000e+00 1.15420511e-01 0.00000000e+00 0.00000000e+00
  0.00000000e+00 0.00000000e+00 0.00000000e+00 0.00000000e+00
  0.00000000e+00 1.25954675e-01 0.00000000e+00]
 [4.50959384e-02 0.00000000e+00 1.47081378e-01 0.00000000e+00
  0.00000000e+00 1.18525513e-01 0.00000000e+00 0.00000000e+00
  0.00000000e+00 0.00000000e+00 0.00000000e+00 1.39363912e-02
  0.00000000e+00 1.14413286e-01 0.00000000e+00]
 [3.97786706e-01 0.00000000e+00 1.46042527e-02 0.00000000e+00
  0.00000000e+00 0.00000000e+00 1.19298891e-01 6.82393792e-05
  8.54654422e-02 0.00000000e+00 1.46838647e-01 0.00000000e+00
  0.00000000e+00 1.88764467e-01 0.00000000e+00]
 [3.65824361e-02 0.00000000e+00 3.60082635e-02 0.00000000e+00
  0.00000000e+00 4.32354611e-02 9.36690082e-02 0.00000000e+00
  0.00000000e+00 0.00000000e+00 0.00000000e+00 3.70310306e-02
  0.00000000e+00 0.00000000e+00 0.00000000e+00]
 [3.66254035e-02 0.00000000e+00 1.28663190e-01 0.00000000e+00
  0.00000000e+00 1.77201490e-01 0.00000000e+00 0.00000000e+00
  0.00000000e+00 0.00000000e+00 0.00000000e+00 0.00000000e+00
  0.00000000e+00 0.00000000e+00 0.00000000e+00]
 [0.00000000e+00 0.00000000e+00 0.00000000e+00 0.00000000e+00
  0.00000000e+00 0.00000000e+00 0.00000000e+00 0.00000000e+00
  0.00000000e+00 0.00000000e+00 0.00000000e+00 0.00000000e+00
  0.00000000e+00 1.59623888e-02 0.00000000e+00]
 [6.29741099e-01 0.00000000e+00 9.78437009e-02 0.00000000e+00
  0.00000000e+00 0.00000000e+00 0.00000000e+00 0.00000000e+00
  2.64064720e-01 0.00000000e+00 2.69244015e-01 0.00000000e+00
  0.00000000e+00 7.41062327e-02 0.00000000e+00]
 [2.48808220e-02 0.00000000e+00 0.00000000e+00 0.00000000e+00
  0.00000000e+00 0.00000000e+00 0.00000000e+00 0.00000000e+00
  0.00000000e+00 0.00000000e+00 3.85021724e-02 0.00000000e+00
  0.00000000e+00 9.48947431e-02 0.00000000e+00]
 [1.11690635e+00 5.85450173e-01 2.03896251e-01 0.00000000e+00
  0.00000000e+00 2.07925763e-02 1.61730727e-01 0.00000000e+00
  0.00000000e+00 0.00000000e+00 0.00000000e+00 0.00000000e+00
  0.00000000e+00 1.00468160e-01 0.00000000e+00]
 [7.27392252e-01 1.12452998e-01 1.18074160e-01 0.00000000e+00
  0.00000000e+00 1.21861315e-01 0.00000000e+00 0.00000000e+00
  0.00000000e+00 0.00000000e+00 1.10621708e-02 0.00000000e+00
  6.06566692e-03 4.86909206e-02 6.46545900e-03]
 [1.22139828e+01 9.14630940e+00 0.00000000e+00 2.90308228e+00
  5.85647451e+00 0.00000000e+00 3.50898229e+00 1.04464903e-03
  5.49142903e-01 1.71342593e-02 0.00000000e+00 2.24470026e-01
  0.00000000e+00 1.13784829e+00 3.94312420e+00]
 [2.19836097e+01 3.84393178e+01 1.76850612e-01 1.98750040e+00
  3.79506956e+00 0.00000000e+00 1.25698164e+00 7.85859592e-04
  6.21970136e-01 0.00000000e+00 0.00000000e+00 3.93070432e-01
  1.10840249e-02 1.80531038e+00 4.73788653e+00]
 [2.59173559e+01 4.21551109e+01 0.00000000e+00 1.75421865e+00
  2.19326687e+00 0.00000000e+00 0.00000000e+00 2.34110361e-02
  4.39298074e-01 0.00000000e+00 0.00000000e+00 1.30845769e-01
  0.00000000e+00 1.01951522e+00 1.07374748e+00]
 [8.18044327e+00 3.27096497e+01 0.00000000e+00 3.78668744e+00
  1.58308614e+00 0.00000000e+00 1.05552894e+00 4.23855252e-05
  2.75339125e-01 2.71331731e-01 0.00000000e+00 4.56715427e-02
  1.61678366e-02 5.75139994e-01 2.04937994e+00]
 [2.75155234e-01 8.97269771e-01 1.25093396e-01 6.96378373e-01
  1.51688795e+00 1.25649620e-01 1.78591805e+00 0.00000000e+00
  2.17414896e-01 1.20401566e+00 5.39943133e-01 5.01518540e-01
  2.02819320e-01 4.57903027e-01 4.16328899e-01]]

11
----------------------------------------------------------------------------------
[[0.00000000e+00 1.50664445e-01 0.00000000e+00 0.00000000e+00
  0.00000000e+00 0.00000000e+00 0.00000000e+00 0.00000000e+00
  0.00000000e+00 0.00000000e+00 0.00000000e+00 4.27260890e-02
  7.14900891e-02 0.00000000e+00 2.65080541e-01]
 [0.00000000e+00 1.11936900e-01 0.00000000e+00 0.00000000e+00
  0.00000000e+00 0.00000000e+00 1.98781693e-02 0.00000000e+00
  0.00000000e+00 0.00000000e+00 0.00000000e+00 3.12002108e-01
  4.22029105e-01 0.00000000e+00 2.72255175e-01]
 [0.00000000e+00 4.34088018e-02 0.00000000e+00 0.00000000e+00
  1.82367934e-02 0.00000000e+00 0.00000000e+00 0.00000000e+00
  0.00000000e+00 2.96002615e-02 8.35536812e-02 0.00000000e+00
  8.29026913e-01 1.62412362e-02 2.37256083e+00]
 [0.00000000e+00 3.51180036e-02 0.00000000e+00 0.00000000e+00
  0.00000000e+00 0.00000000e+00 0.00000000e+00 0.00000000e+00
  1.96396948e-01 6.91818653e-02 0.00000000e+00 0.00000000e+00
  4.14221940e-02 0.00000000e+00 0.00000000e+00]
 [0.00000000e+00 7.52149564e-02 0.00000000e+00 0.00000000e+00
  0.00000000e+00 0.00000000e+00 7.80533885e-03 1.17008316e-01
  8.62382719e-02 0.00000000e+00 0.00000000e+00 1.06693416e-01
  1.75805245e-01 0.00000000e+00 0.00000000e+00]
 [0.00000000e+00 8.24592532e-02 0.00000000e+00 0.00000000e+00
  0.00000000e+00 0.00000000e+00 0.00000000e+00 0.00000000e+00
  3.47024737e-01 2.66357755e-01 7.01686582e-02 0.00000000e+00
  1.69444668e-01 0.00000000e+00 1.47645461e+00]
 [0.00000000e+00 1.60454335e-01 0.00000000e+00 1.11228428e-02
  0.00000000e+00 0.00000000e+00 0.00000000e+00 1.69527876e-02
  2.59814413e-01 1.20895474e-01 0.00000000e+00 0.00000000e+00
  2.76995528e-01 0.00000000e+00 0.00000000e+00]
 [0.00000000e+00 1.54652445e-03 0.00000000e+00 0.00000000e+00
  0.00000000e+00 0.00000000e+00 0.00000000e+00 0.00000000e+00
  0.00000000e+00 0.00000000e+00 0.00000000e+00 0.00000000e+00
  9.75261716e-01 0.00000000e+00 0.00000000e+00]
 [0.00000000e+00 0.00000000e+00 0.00000000e+00 0.00000000e+00
  0.00000000e+00 0.00000000e+00 0.00000000e+00 0.00000000e+00
  0.00000000e+00 0.00000000e+00 0.00000000e+00 0.00000000e+00
  1.76588399e+00 0.00000000e+00 6.95536412e-02]
 [0.00000000e+00 9.64575066e-02 0.00000000e+00 0.00000000e+00
  0.00000000e+00 0.00000000e+00 0.00000000e+00 0.00000000e+00
  0.00000000e+00 2.06130767e-02 3.93218550e-02 1.05918336e-01
  2.22951949e+00 3.19264812e-01 1.29221538e+00]
 [0.00000000e+00 0.00000000e+00 0.00000000e+00 0.00000000e+00
  0.00000000e+00 0.00000000e+00 0.00000000e+00 0.00000000e+00
  0.00000000e+00 1.15013816e-01 0.00000000e+00 9.33766293e-02
  1.20218192e+00 0.00000000e+00 2.42111523e+00]
 [0.00000000e+00 2.85436682e-01 0.00000000e+00 0.00000000e+00
  3.99339852e-02 0.00000000e+00 0.00000000e+00 0.00000000e+00
  0.00000000e+00 0.00000000e+00 3.96113988e-02 0.00000000e+00
  2.33004569e-01 0.00000000e+00 0.00000000e+00]
 [0.00000000e+00 1.04295974e-01 0.00000000e+00 0.00000000e+00
  6.07719869e-02 0.00000000e+00 0.00000000e+00 0.00000000e+00
  0.00000000e+00 2.18540236e-01 2.60985815e-02 6.71264584e-01
  1.15390112e+00 6.68228613e-02 7.91681375e-01]
 [2.56111620e+00 0.00000000e+00 1.88877842e+00 4.66749845e-01
  0.00000000e+00 1.27816529e+01 0.00000000e+00 4.05602389e-01
  4.44553414e-01 6.16458744e+00 0.00000000e+00 1.80990084e+00
  5.81573158e-01 3.95825352e+00 5.13651141e+00]
 [6.17442164e+00 2.10623399e-02 2.52349928e+00 1.37319187e+00
  0.00000000e+00 9.80617696e+00 0.00000000e+00 7.08460185e-01
  5.19610956e-01 8.52552685e+00 0.00000000e+00 1.80223616e+00
  1.13681452e+00 3.62614286e+00 4.95648015e+00]
 [4.28662955e+00 2.58974498e-01 3.52307222e+00 1.08489392e+00
  0.00000000e+00 8.15517187e+00 0.00000000e+00 6.92793707e-02
  1.63800152e-01 2.30151600e+00 7.88311773e-02 1.32455704e+00
  7.34102400e-01 2.23783268e+00 6.09603419e+00]
 [7.01824986e+00 4.16354156e-02 8.01948723e+00 1.08489105e+00
  0.00000000e+00 5.76353165e+00 0.00000000e+00 3.92267572e-01
  6.12116288e-01 1.03180786e+01 0.00000000e+00 3.55946063e+00
  8.86240959e-01 2.29726299e-02 5.08646894e+00]
 [3.56183534e-01 8.64625841e-02 2.30359723e-01 3.53991890e-01
  1.53715123e-01 1.30750604e+00 1.75471215e-01 4.46762045e-01
  4.77827121e-01 3.93479569e-01 1.45424527e-01 4.03308378e-01
  3.69218227e-01 2.48014840e+00 3.55596735e+00]]

12
----------------------------------------------------------------------------------
[[3.04824691e+00 5.25233352e+00 5.27583800e+00 0.00000000e+00
  5.40299885e+00 3.33029150e+00 2.28211322e+00 1.10519212e+00
  0.00000000e+00 0.00000000e+00 0.00000000e+00 0.00000000e+00
  0.00000000e+00 0.00000000e+00 1.22973511e-01]
 [4.22043389e+00 4.48383997e+00 4.70095085e+00 0.00000000e+00
  4.82906325e+00 4.60952517e+00 2.42175906e+00 1.28753990e+00
  3.74178962e-03 0.00000000e+00 0.00000000e+00 0.00000000e+00
  0.00000000e+00 0.00000000e+00 1.28468155e-01]
 [4.65176196e+00 5.96630695e+00 6.43007162e+00 5.24643500e-04
  5.70257833e+00 4.25212999e+00 3.29238110e+00 7.91847144e-01
  0.00000000e+00 0.00000000e+00 0.00000000e+00 0.00000000e+00
  0.00000000e+00 0.00000000e+00 0.00000000e+00]
 [1.87999663e+00 3.86870534e+00 4.63626331e+00 0.00000000e+00
  4.31050823e+00 2.20699105e+00 1.62124931e+00 6.71396854e-01
  0.00000000e+00 0.00000000e+00 0.00000000e+00 0.00000000e+00
  0.00000000e+00 0.00000000e+00 0.00000000e+00]
 [1.39892601e+00 2.83085142e+00 3.71818808e+00 7.43891054e-04
  3.67407477e+00 2.54102081e+00 1.61721630e+00 9.36295702e-01
  0.00000000e+00 0.00000000e+00 0.00000000e+00 0.00000000e+00
  0.00000000e+00 0.00000000e+00 0.00000000e+00]
 [3.50556844e+00 4.93987994e+00 4.15408587e+00 4.60452919e-05
  3.36623624e+00 2.83232024e+00 1.94245607e+00 3.66165271e-01
  0.00000000e+00 0.00000000e+00 0.00000000e+00 0.00000000e+00
  0.00000000e+00 0.00000000e+00 0.00000000e+00]
 [2.40160748e+00 3.47360511e+00 3.95489089e+00 5.29418669e-03
  3.40191057e+00 2.67833711e+00 1.93485873e+00 8.04953449e-01
  0.00000000e+00 0.00000000e+00 0.00000000e+00 0.00000000e+00
  0.00000000e+00 0.00000000e+00 0.00000000e+00]
 [8.74304797e-01 3.03134258e+00 6.76397007e+00 0.00000000e+00
  3.89834785e+00 1.90454535e+00 9.80002667e-01 0.00000000e+00
  6.20948746e-03 0.00000000e+00 9.43392814e-01 1.78533078e-01
  0.00000000e+00 0.00000000e+00 0.00000000e+00]
 [0.00000000e+00 2.16703402e+00 8.97349368e+00 0.00000000e+00
  2.72169938e+00 1.81750926e+00 2.20856096e+00 3.49910314e-01
  1.59886405e+00 0.00000000e+00 5.83562417e+00 9.68344288e-01
  0.00000000e+00 0.00000000e+00 0.00000000e+00]
 [3.61988068e+00 4.48048562e+00 6.20624446e+00 0.00000000e+00
  2.53991514e+00 1.58051772e+00 2.37624343e+00 0.00000000e+00
  0.00000000e+00 0.00000000e+00 5.11816260e-02 0.00000000e+00
  0.00000000e+00 0.00000000e+00 0.00000000e+00]
 [2.35689003e+00 2.32096972e+00 1.01419559e+01 8.87470564e-04
  6.70091231e-01 1.43171189e+00 5.33386258e+00 0.00000000e+00
  0.00000000e+00 0.00000000e+00 4.40931856e+00 6.25753197e-01
  0.00000000e+00 0.00000000e+00 0.00000000e+00]
 [0.00000000e+00 4.21102301e-01 5.72967392e+00 0.00000000e+00
  2.76666693e+00 2.19699774e+00 1.97305165e+00 2.60030658e-01
  4.74902909e-01 0.00000000e+00 1.30568904e+00 0.00000000e+00
  0.00000000e+00 0.00000000e+00 1.62350863e-02]
 [1.25969376e+00 2.95553504e+00 1.80267152e+00 0.00000000e+00
  5.33437768e-01 7.32075848e-01 2.42087315e+00 0.00000000e+00
  0.00000000e+00 2.13719352e-02 5.88171469e-01 0.00000000e+00
  0.00000000e+00 0.00000000e+00 0.00000000e+00]
 [1.32882778e+00 1.52413334e+00 3.38306129e+00 2.90701768e-04
  4.15665503e-01 3.36968457e-01 8.24080278e+00 1.97172147e+00
  0.00000000e+00 0.00000000e+00 2.01299181e+00 1.51312678e+00
  5.44479645e-02 3.18269421e+00 0.00000000e+00]
 [2.94924643e+00 2.77418395e+00 6.42240706e+00 6.58409171e-02
  1.28424786e+00 0.00000000e+00 2.13041974e+01 1.56843010e-01
  1.19150838e+00 0.00000000e+00 4.59070090e+00 1.79620025e+00
  1.29706030e-01 5.55610310e+00 0.00000000e+00]
 [4.79091046e+00 5.93910884e+00 3.14786024e+00 0.00000000e+00
  2.73580686e-01 2.96319822e+00 6.10375349e+00 8.03249675e-01
  6.86620189e-02 0.00000000e+00 4.34713391e+00 2.72350748e+00
  1.98854981e+00 3.27654583e+00 0.00000000e+00]
 [1.92243288e+00 1.50635937e+00 3.10668903e+00 1.99129815e-01
  8.57979561e-01 0.00000000e+00 2.08367365e+00 0.00000000e+00
  1.45324783e+00 0.00000000e+00 9.79824045e+00 1.82813308e+00
  2.72642877e-01 2.84126979e+00 0.00000000e+00]
 [2.87182306e+00 1.55125214e+00 8.95634293e-01 2.51708765e-04
  2.45393020e+00 3.37836754e+00 2.59323726e+00 2.32903075e+00
  1.72629832e+00 3.75617828e-01 1.00440872e+00 1.56518919e+00
  2.08532066e+00 1.36313223e+00 2.36299638e-01]]

13
----------------------------------------------------------------------------------
[[0.00000000e+00 0.00000000e+00 0.00000000e+00 0.00000000e+00
  0.00000000e+00 0.00000000e+00 0.00000000e+00 0.00000000e+00
  1.64824613e-01 0.00000000e+00 0.00000000e+00 0.00000000e+00
  0.00000000e+00 8.50290273e-03 1.33962531e-01]
 [0.00000000e+00 0.00000000e+00 3.26954768e-02 0.00000000e+00
  0.00000000e+00 0.00000000e+00 9.79059358e-02 3.86563221e-01
  2.50538016e-01 0.00000000e+00 0.00000000e+00 0.00000000e+00
  0.00000000e+00 6.91843834e-02 7.57961314e-02]
 [0.00000000e+00 0.00000000e+00 8.82003029e-03 0.00000000e+00
  0.00000000e+00 1.17302019e-01 2.51236466e-01 2.62687976e-01
  7.09049308e-02 0.00000000e+00 0.00000000e+00 0.00000000e+00
  0.00000000e+00 0.00000000e+00 2.99561415e-01]
 [0.00000000e+00 0.00000000e+00 0.00000000e+00 0.00000000e+00
  0.00000000e+00 0.00000000e+00 0.00000000e+00 0.00000000e+00
  0.00000000e+00 0.00000000e+00 0.00000000e+00 0.00000000e+00
  0.00000000e+00 0.00000000e+00 5.20357279e-01]
 [0.00000000e+00 0.00000000e+00 2.44835763e-04 0.00000000e+00
  0.00000000e+00 0.00000000e+00 0.00000000e+00 6.29158780e-02
  2.72638710e-02 0.00000000e+00 0.00000000e+00 1.65437081e-01
  0.00000000e+00 0.00000000e+00 4.85453646e-01]
 [0.00000000e+00 0.00000000e+00 0.00000000e+00 0.00000000e+00
  0.00000000e+00 0.00000000e+00 0.00000000e+00 2.69030011e-01
  3.21280145e-02 0.00000000e+00 0.00000000e+00 0.00000000e+00
  0.00000000e+00 0.00000000e+00 7.29416603e-01]
 [0.00000000e+00 0.00000000e+00 3.38848508e-03 0.00000000e+00
  0.00000000e+00 0.00000000e+00 0.00000000e+00 3.24424650e-01
  0.00000000e+00 0.00000000e+00 0.00000000e+00 0.00000000e+00
  0.00000000e+00 0.00000000e+00 8.42637387e-01]
 [0.00000000e+00 0.00000000e+00 0.00000000e+00 0.00000000e+00
  0.00000000e+00 0.00000000e+00 0.00000000e+00 0.00000000e+00
  0.00000000e+00 1.30516283e-01 0.00000000e+00 0.00000000e+00
  0.00000000e+00 0.00000000e+00 1.28232809e-02]
 [0.00000000e+00 0.00000000e+00 0.00000000e+00 0.00000000e+00
  0.00000000e+00 0.00000000e+00 0.00000000e+00 0.00000000e+00
  0.00000000e+00 0.00000000e+00 0.00000000e+00 0.00000000e+00
  0.00000000e+00 0.00000000e+00 0.00000000e+00]
 [0.00000000e+00 0.00000000e+00 2.26169595e-04 0.00000000e+00
  0.00000000e+00 0.00000000e+00 0.00000000e+00 0.00000000e+00
  0.00000000e+00 0.00000000e+00 5.57042422e-01 3.70143166e-01
  0.00000000e+00 0.00000000e+00 3.53202592e-02]
 [0.00000000e+00 0.00000000e+00 0.00000000e+00 0.00000000e+00
  0.00000000e+00 0.00000000e+00 0.00000000e+00 1.87182116e-02
  0.00000000e+00 0.00000000e+00 1.71944066e-01 1.60604643e-01
  0.00000000e+00 0.00000000e+00 1.88364575e-02]
 [0.00000000e+00 0.00000000e+00 0.00000000e+00 0.00000000e+00
  0.00000000e+00 0.00000000e+00 0.00000000e+00 0.00000000e+00
  0.00000000e+00 4.62467507e-03 0.00000000e+00 0.00000000e+00
  0.00000000e+00 0.00000000e+00 0.00000000e+00]
 [0.00000000e+00 0.00000000e+00 1.20270773e-02 0.00000000e+00
  0.00000000e+00 1.00931544e+00 0.00000000e+00 3.63458309e-01
  2.10315129e-01 3.17997695e+00 2.19603777e+00 2.15315790e+00
  0.00000000e+00 1.11639269e-01 0.00000000e+00]
 [1.83365769e+00 0.00000000e+00 3.76238340e-02 0.00000000e+00
  7.83376045e-01 3.12794417e+00 3.54768172e+00 1.10294173e+01
  0.00000000e+00 5.76300991e+00 1.66007958e+01 4.79170442e+00
  1.60497246e+00 0.00000000e+00 1.83950137e+00]
 [2.68562360e+00 0.00000000e+00 1.22191819e-01 7.21739720e-03
  1.03911096e+00 3.65119810e+00 2.63563388e-01 3.35833216e+00
  0.00000000e+00 3.62136867e+00 4.76131961e+00 1.17798312e+00
  5.08766239e-01 0.00000000e+00 1.73728255e+00]
 [2.63543604e+00 0.00000000e+00 2.55741417e-01 0.00000000e+00
  6.99347141e-01 5.70789432e+00 1.95472274e+00 9.71675769e-01
  2.08207636e-01 4.35163002e+00 7.02366531e+00 4.52330866e+00
  1.33347601e+00 1.54042889e-01 1.47233540e+00]
 [4.24974672e+00 0.00000000e+00 7.12316716e-02 0.00000000e+00
  1.71163856e-01 1.54336258e+00 0.00000000e+00 1.58424020e+00
  0.00000000e+00 9.92520912e-01 9.68466416e+00 5.26611398e+00
  6.85614579e-01 2.61938922e-01 6.17782302e-01]
 [2.05783148e+00 2.23466436e+00 5.18096154e-04 1.79462894e+00
  1.64156070e+00 1.52072566e+00 1.62761513e+00 3.02161063e-01
  1.71399603e-01 1.18434016e+00 2.75075567e+00 2.51455956e+00
  1.62984406e+00 1.92915761e-01 1.87826568e-01]]

14
----------------------------------------------------------------------------------
[[0.00000000e+00 1.00051218e-01 0.00000000e+00 0.00000000e+00
  0.00000000e+00 0.00000000e+00 0.00000000e+00 1.91403794e-01
  0.00000000e+00 0.00000000e+00 0.00000000e+00 5.29105200e-01
  5.92768686e-02 3.78259094e-01 0.00000000e+00]
 [0.00000000e+00 9.62469689e-02 0.00000000e+00 0.00000000e+00
  3.38828964e-02 0.00000000e+00 0.00000000e+00 9.76869041e-02
  0.00000000e+00 0.00000000e+00 0.00000000e+00 1.72434908e-01
  3.83707389e-02 6.37850812e-01 0.00000000e+00]
 [0.00000000e+00 0.00000000e+00 0.00000000e+00 0.00000000e+00
  5.50109674e-02 0.00000000e+00 0.00000000e+00 0.00000000e+00
  0.00000000e+00 0.00000000e+00 0.00000000e+00 4.34447151e-01
  0.00000000e+00 4.72183631e-01 0.00000000e+00]
 [0.00000000e+00 0.00000000e+00 0.00000000e+00 0.00000000e+00
  0.00000000e+00 0.00000000e+00 0.00000000e+00 2.86513953e-02
  0.00000000e+00 0.00000000e+00 0.00000000e+00 5.70847349e-01
  0.00000000e+00 4.34596167e-01 0.00000000e+00]
 [0.00000000e+00 0.00000000e+00 0.00000000e+00 0.00000000e+00
  2.38997013e-02 0.00000000e+00 0.00000000e+00 2.88038110e-02
  0.00000000e+00 0.00000000e+00 0.00000000e+00 3.45121849e-01
  0.00000000e+00 4.84761122e-01 0.00000000e+00]
 [0.00000000e+00 0.00000000e+00 4.05858864e-03 0.00000000e+00
  1.32379296e-01 0.00000000e+00 0.00000000e+00 0.00000000e+00
  0.00000000e+00 0.00000000e+00 0.00000000e+00 4.25330536e-01
  0.00000000e+00 3.71902489e-01 0.00000000e+00]
 [0.00000000e+00 0.00000000e+00 0.00000000e+00 0.00000000e+00
  0.00000000e+00 0.00000000e+00 0.00000000e+00 0.00000000e+00
  0.00000000e+00 0.00000000e+00 0.00000000e+00 3.96876055e-01
  0.00000000e+00 6.17357067e-01 0.00000000e+00]
 [0.00000000e+00 0.00000000e+00 0.00000000e+00 0.00000000e+00
  0.00000000e+00 0.00000000e+00 0.00000000e+00 0.00000000e+00
  0.00000000e+00 0.00000000e+00 0.00000000e+00 4.61704012e-01
  8.85608013e-02 2.62808653e-01 0.00000000e+00]
 [0.00000000e+00 0.00000000e+00 0.00000000e+00 0.00000000e+00
  0.00000000e+00 0.00000000e+00 0.00000000e+00 0.00000000e+00
  1.71362511e-02 0.00000000e+00 0.00000000e+00 3.23991095e-01
  0.00000000e+00 0.00000000e+00 0.00000000e+00]
 [1.45000218e-02 0.00000000e+00 0.00000000e+00 0.00000000e+00
  9.84291201e-02 1.03296879e-04 0.00000000e+00 0.00000000e+00
  0.00000000e+00 0.00000000e+00 0.00000000e+00 2.83297876e-01
  0.00000000e+00 1.74382313e-01 0.00000000e+00]
 [0.00000000e+00 0.00000000e+00 0.00000000e+00 0.00000000e+00
  1.74388356e-01 0.00000000e+00 0.00000000e+00 0.00000000e+00
  0.00000000e+00 0.00000000e+00 0.00000000e+00 4.33095854e-01
  0.00000000e+00 5.29450771e-02 0.00000000e+00]
 [0.00000000e+00 0.00000000e+00 0.00000000e+00 0.00000000e+00
  5.47674381e-02 0.00000000e+00 0.00000000e+00 0.00000000e+00
  0.00000000e+00 0.00000000e+00 0.00000000e+00 2.05355731e-01
  0.00000000e+00 0.00000000e+00 0.00000000e+00]
 [2.13149484e-01 0.00000000e+00 2.09733171e-02 0.00000000e+00
  4.40824377e-01 5.76758225e-01 6.92493098e-01 1.58452034e-01
  3.80099149e-01 0.00000000e+00 2.54466166e-01 4.86761873e-01
  2.05302849e-01 1.14592071e-01 1.14387252e-01]
 [6.77493018e-02 0.00000000e+00 2.59867077e-01 0.00000000e+00
  5.71990954e-01 3.49300816e+00 4.18905187e+00 0.00000000e+00
  8.12828121e+00 1.66573543e+00 6.69963843e-01 3.54963507e-01
  0.00000000e+00 0.00000000e+00 0.00000000e+00]
 [0.00000000e+00 0.00000000e+00 3.47729312e-01 6.04099389e-02
  6.29679463e-01 5.91022069e+00 4.91131564e+00 0.00000000e+00
  7.27108636e+00 2.58253899e+00 7.74667434e-01 3.64758718e-01
  0.00000000e+00 3.45089007e-02 0.00000000e+00]
 [0.00000000e+00 2.61925129e-02 2.57019639e-01 1.89009740e-01
  9.47285389e-01 3.30514576e+00 3.50305425e+00 0.00000000e+00
  4.81183795e+00 1.45996946e+00 3.54341668e-01 5.13500941e-02
  0.00000000e+00 0.00000000e+00 0.00000000e+00]
 [0.00000000e+00 0.00000000e+00 0.00000000e+00 0.00000000e+00
  2.48792767e-01 1.23929937e+00 2.69769766e+00 5.52150907e-02
  1.81878081e+00 1.93557870e+00 6.28101507e-01 0.00000000e+00
  0.00000000e+00 0.00000000e+00 0.00000000e+00]
 [1.24607030e+00 3.13922636e-01 1.14871977e+00 1.33286990e+00
  4.50836460e-01 7.39619226e-01 8.09745161e-01 1.54221117e-01
  4.77910629e-01 7.68677607e-01 5.08373483e-01 2.76123481e-01
  2.16383990e-01 1.08388638e+00 1.11123833e+00]]

16
----------------------------------------------------------------------------------
[[0.         0.         0.         0.23436436 0.26044548 0.
  0.22924543 0.         0.         0.         0.11306994 0.00904577
  0.26612005 0.         0.20925265]
 [0.         0.         0.         0.34571417 0.16067668 0.12559122
  0.13544565 0.03734595 0.         0.         0.03086598 0.03550446
  0.         0.         0.09370124]
 [0.         0.04302357 0.         0.27456946 0.18262535 0.10703064
  0.03180244 0.06755066 0.         0.         0.         0.02979931
  0.20868464 0.         0.        ]
 [0.         0.         0.         0.25753107 0.1249996  0.
  0.10991941 0.         0.         0.         0.         0.
  0.10464982 0.         0.        ]
 [0.         0.         0.         0.17121402 0.19778491 0.02775371
  0.         0.10483199 0.         0.         0.         0.09217092
  0.         0.         0.        ]
 [0.         0.         0.         0.         0.25024441 0.08417106
  0.         0.         0.         0.06669634 0.         0.
  0.11113102 0.01187349 0.        ]
 [0.         0.         0.         0.1330886  0.24135174 0.21591431
  0.00583842 0.11782876 0.         0.09184561 0.06608854 0.
  0.24452873 0.         0.00512354]
 [0.         0.         0.         0.28835328 0.         0.
  0.         0.         0.         0.         0.         0.
  0.23464255 0.         0.        ]
 [0.         0.         0.         0.12354419 0.         0.
  0.         0.         0.         0.         0.         0.
  0.16303072 0.         0.        ]
 [0.         0.         0.         0.00957034 0.         0.
  0.         0.         0.         0.         0.         0.
  0.         0.01851422 0.03862263]
 [0.         0.         0.         0.         0.06284196 0.
  0.         0.         0.         0.07253826 0.         0.
  0.06380735 0.         0.        ]
 [0.         0.         0.         0.01306649 0.07461674 0.
  0.04756978 0.         0.         0.         0.         0.
  0.15337326 0.         0.00355282]
 [0.         0.         0.         0.         0.1162645  0.
  0.         0.         0.         0.05384731 0.0607915  0.06165509
  0.         0.         0.18717257]
 [0.         0.         0.         0.         0.         0.
  0.         0.         0.         0.16112229 0.01787418 0.03764533
  0.04471813 0.         0.        ]
 [0.         0.         0.08136825 0.         0.         0.
  0.         0.05813035 0.         0.26585292 0.         0.17416001
  0.         0.         0.        ]
 [0.         0.         0.         0.         0.         0.
  0.01785541 0.20704679 0.         0.20521777 0.11358488 0.08452713
  0.14217695 0.         0.        ]
 [0.         0.         0.         0.         0.         0.
  0.06750104 0.         0.         0.         0.         0.
  0.         0.05186661 0.        ]
 [0.20846962 0.51700458 0.35548248 0.97010943 1.20739428 0.75556158
  0.18429919 0.39072097 0.48817577 0.52410807 0.57428909 0.22692538
  0.32717174 0.51144948 0.46278549]]

16
----------------------------------------------------------------------------------
[[0.02830008 0.         0.1981118  0.        ]
 [0.         0.         0.00383268 0.04772752]
 [0.         0.16031895 0.03443486 0.07447294]
 [0.05160089 0.         0.0416278  0.        ]
 [0.         0.         0.         0.08720467]
 [0.         0.10082725 0.03412484 0.        ]
 [0.         0.         0.         0.        ]
 [0.00220356 0.03308303 0.         0.        ]
 [0.         0.08156065 0.         0.        ]
 [0.         0.13722297 0.07047973 0.02211905]
 [0.         0.11677912 0.00861963 0.        ]
 [0.         0.04806564 0.03512206 0.        ]
 [0.         0.01318664 0.23193322 0.        ]
 [0.         0.14835599 0.06115653 0.        ]
 [0.         0.11896048 0.06028072 0.        ]
 [0.         0.         0.         0.        ]
 [0.16244428 0.07741459 0.22396771 0.        ]
 [0.24498971 0.19082731 0.25332087 0.57990967]]