

1
----------------------------------------------------------------------------------
[[0.00000000e+00 0.00000000e+00 3.15760188e-01 1.98584336e-02
  2.31912918e-01 0.00000000e+00 0.00000000e+00 5.92576146e-02
  0.00000000e+00 4.48805204e-03 0.00000000e+00 0.00000000e+00
  0.00000000e+00 0.00000000e+00 1.31100309e-01]
 [0.00000000e+00 6.48330568e-03 2.72169441e-01 0.00000000e+00
  3.39401076e-02 0.00000000e+00 0.00000000e+00 0.00000000e+00
  0.00000000e+00 0.00000000e+00 0.00000000e+00 0.00000000e+00
  0.00000000e+00 1.22590559e-01 5.71828889e-02]
 [0.00000000e+00 1.12553557e-01 9.79276701e-02 2.37576171e-02
  0.00000000e+00 0.00000000e+00 0.00000000e+00 0.00000000e+00
  0.00000000e+00 0.00000000e+00 0.00000000e+00 0.00000000e+00
  0.00000000e+00 8.21841297e-02 0.00000000e+00]
 [0.00000000e+00 0.00000000e+00 2.03063385e-01 4.30755510e-02
  1.25017419e-01 0.00000000e+00 0.00000000e+00 4.93200747e-02
  0.00000000e+00 6.04932035e-03 0.00000000e+00 0.00000000e+00
  0.00000000e+00 0.00000000e+00 1.49738070e-01]
 [0.00000000e+00 0.00000000e+00 1.87748194e-01 0.00000000e+00
  0.00000000e+00 0.00000000e+00 0.00000000e+00 0.00000000e+00
  0.00000000e+00 3.49054960e-02 0.00000000e+00 0.00000000e+00
  0.00000000e+00 7.18775824e-02 0.00000000e+00]
 [0.00000000e+00 5.82345801e-02 0.00000000e+00 1.78272772e-03
  0.00000000e+00 0.00000000e+00 0.00000000e+00 0.00000000e+00
  0.00000000e+00 0.00000000e+00 0.00000000e+00 0.00000000e+00
  1.64907822e-02 3.24337424e-02 0.00000000e+00]
 [0.00000000e+00 1.73723695e-02 1.00296535e-01 5.31503543e-04
  0.00000000e+00 0.00000000e+00 0.00000000e+00 0.00000000e+00
  0.00000000e+00 0.00000000e+00 0.00000000e+00 0.00000000e+00
  0.00000000e+00 7.46981200e-02 0.00000000e+00]
 [0.00000000e+00 0.00000000e+00 1.29844835e-01 1.11601204e-01
  1.59398891e-01 3.69782227e-04 0.00000000e+00 0.00000000e+00
  0.00000000e+00 0.00000000e+00 0.00000000e+00 0.00000000e+00
  0.00000000e+00 0.00000000e+00 8.42634791e-02]
 [0.00000000e+00 0.00000000e+00 1.12161057e-01 1.54146541e-02
  8.51738225e-02 0.00000000e+00 0.00000000e+00 0.00000000e+00
  0.00000000e+00 0.00000000e+00 0.00000000e+00 0.00000000e+00
  0.00000000e+00 0.00000000e+00 3.34161916e-02]
 [7.24920219e-02 0.00000000e+00 0.00000000e+00 3.22540092e-02
  0.00000000e+00 0.00000000e+00 0.00000000e+00 0.00000000e+00
  0.00000000e+00 0.00000000e+00 0.00000000e+00 0.00000000e+00
  0.00000000e+00 0.00000000e+00 0.00000000e+00]
 [0.00000000e+00 8.61709940e-03 0.00000000e+00 0.00000000e+00
  0.00000000e+00 0.00000000e+00 0.00000000e+00 0.00000000e+00
  0.00000000e+00 0.00000000e+00 0.00000000e+00 0.00000000e+00
  0.00000000e+00 0.00000000e+00 0.00000000e+00]
 [0.00000000e+00 0.00000000e+00 5.77124082e-02 0.00000000e+00
  1.62891858e-01 0.00000000e+00 0.00000000e+00 0.00000000e+00
  0.00000000e+00 2.81137936e-02 0.00000000e+00 0.00000000e+00
  0.00000000e+00 0.00000000e+00 4.17482979e-02]
 [0.00000000e+00 8.44899892e-03 0.00000000e+00 0.00000000e+00
  0.00000000e+00 0.00000000e+00 0.00000000e+00 0.00000000e+00
  0.00000000e+00 0.00000000e+00 0.00000000e+00 0.00000000e+00
  0.00000000e+00 0.00000000e+00 0.00000000e+00]
 [0.00000000e+00 0.00000000e+00 0.00000000e+00 1.23469804e-01
  1.37487565e-01 0.00000000e+00 0.00000000e+00 0.00000000e+00
  0.00000000e+00 1.13475221e-02 0.00000000e+00 0.00000000e+00
  0.00000000e+00 9.68544538e-04 0.00000000e+00]
 [0.00000000e+00 0.00000000e+00 0.00000000e+00 2.23775233e-01
  1.29645288e-01 0.00000000e+00 0.00000000e+00 0.00000000e+00
  0.00000000e+00 3.00349542e-02 0.00000000e+00 0.00000000e+00
  0.00000000e+00 0.00000000e+00 0.00000000e+00]
 [0.00000000e+00 0.00000000e+00 0.00000000e+00 1.84720201e-01
  0.00000000e+00 0.00000000e+00 0.00000000e+00 0.00000000e+00
  0.00000000e+00 0.00000000e+00 0.00000000e+00 3.08251223e-02
  0.00000000e+00 0.00000000e+00 0.00000000e+00]
 [0.00000000e+00 0.00000000e+00 0.00000000e+00 2.32022010e-01
  2.83473256e-01 0.00000000e+00 0.00000000e+00 0.00000000e+00
  0.00000000e+00 5.76700986e-02 0.00000000e+00 0.00000000e+00
  0.00000000e+00 7.65948168e-02 1.43295274e-01]
 [2.26516803e-01 7.12564219e-01 6.53586644e-01 8.36659710e-01
  1.35905986e+00 5.61204786e-01 1.05624261e+00 4.85164166e-01
  1.10160629e+00 1.17664324e+00 8.02165323e-01 8.36411716e-01
  5.51219434e-01 1.47731239e+00 1.61455463e+00]]

2
----------------------------------------------------------------------------------
[[0.00000000e+00 2.32545680e-01 1.37117166e-01 0.00000000e+00
  1.74356399e-02 4.05518591e-02 0.00000000e+00 0.00000000e+00
  0.00000000e+00 0.00000000e+00 0.00000000e+00 3.46080198e-01
  0.00000000e+00 0.00000000e+00 0.00000000e+00]
 [0.00000000e+00 1.83584619e-01 1.01471516e-01 1.58188613e-02
  7.00649424e-02 1.29495616e-01 3.28699506e-02 0.00000000e+00
  0.00000000e+00 0.00000000e+00 0.00000000e+00 3.33087910e-01
  0.00000000e+00 0.00000000e+00 0.00000000e+00]
 [0.00000000e+00 1.14670716e-01 1.52031530e-01 0.00000000e+00
  1.72983072e-01 1.33915147e-01 4.40416276e-02 0.00000000e+00
  0.00000000e+00 0.00000000e+00 0.00000000e+00 4.47897163e-01
  0.00000000e+00 0.00000000e+00 0.00000000e+00]
 [0.00000000e+00 2.16565434e-01 7.59148740e-02 0.00000000e+00
  0.00000000e+00 1.04540733e-03 0.00000000e+00 0.00000000e+00
  0.00000000e+00 0.00000000e+00 0.00000000e+00 2.73391156e-01
  0.00000000e+00 0.00000000e+00 0.00000000e+00]
 [1.80052981e-02 1.64840415e-01 7.62151257e-02 0.00000000e+00
  5.01037080e-03 3.70651838e-02 0.00000000e+00 0.00000000e+00
  0.00000000e+00 0.00000000e+00 0.00000000e+00 2.38364352e-01
  0.00000000e+00 0.00000000e+00 0.00000000e+00]
 [0.00000000e+00 5.19233920e-02 1.33924094e-01 0.00000000e+00
  1.16595455e-01 3.53263193e-02 0.00000000e+00 0.00000000e+00
  0.00000000e+00 0.00000000e+00 0.00000000e+00 3.57570796e-01
  0.00000000e+00 0.00000000e+00 0.00000000e+00]
 [1.22692414e-02 1.24535091e-01 8.17898707e-02 0.00000000e+00
  3.51520016e-02 7.68097648e-02 1.94150988e-02 0.00000000e+00
  0.00000000e+00 0.00000000e+00 0.00000000e+00 2.85280765e-01
  0.00000000e+00 0.00000000e+00 0.00000000e+00]
 [0.00000000e+00 1.87329642e-01 6.52902814e-02 0.00000000e+00
  1.03983225e-01 0.00000000e+00 0.00000000e+00 0.00000000e+00
  0.00000000e+00 0.00000000e+00 0.00000000e+00 2.07881947e-01
  0.00000000e+00 0.00000000e+00 0.00000000e+00]
 [0.00000000e+00 1.31767776e-01 6.04110588e-02 0.00000000e+00
  7.85777599e-03 0.00000000e+00 0.00000000e+00 0.00000000e+00
  0.00000000e+00 0.00000000e+00 0.00000000e+00 1.69341954e-01
  0.00000000e+00 0.00000000e+00 0.00000000e+00]
 [0.00000000e+00 0.00000000e+00 6.61769494e-02 0.00000000e+00
  1.94578414e-01 0.00000000e+00 0.00000000e+00 0.00000000e+00
  8.74448473e-02 5.69553385e-02 0.00000000e+00 3.91627155e-01
  0.00000000e+00 0.00000000e+00 0.00000000e+00]
 [0.00000000e+00 2.83686455e-02 4.86559039e-02 0.00000000e+00
  8.40520423e-02 0.00000000e+00 0.00000000e+00 0.00000000e+00
  0.00000000e+00 0.00000000e+00 0.00000000e+00 2.74967025e-01
  0.00000000e+00 0.00000000e+00 0.00000000e+00]
 [0.00000000e+00 0.00000000e+00 6.99100928e-02 8.75309704e-02
  1.14947441e-01 0.00000000e+00 0.00000000e+00 0.00000000e+00
  0.00000000e+00 0.00000000e+00 0.00000000e+00 3.13106275e-02
  0.00000000e+00 0.00000000e+00 0.00000000e+00]
 [1.40220674e-02 0.00000000e+00 5.05517338e-02 7.68432372e-03
  2.38138032e-01 0.00000000e+00 0.00000000e+00 0.00000000e+00
  0.00000000e+00 0.00000000e+00 0.00000000e+00 1.82159412e-01
  0.00000000e+00 0.00000000e+00 0.00000000e+00]
 [0.00000000e+00 2.17772125e-01 5.52163029e-01 1.19674649e+00
  1.94341871e+00 2.18138915e-01 0.00000000e+00 0.00000000e+00
  1.51074088e-01 1.15240092e-01 0.00000000e+00 1.73952514e-01
  1.39379465e-01 0.00000000e+00 0.00000000e+00]
 [4.94589300e-01 3.80164793e-01 9.95526180e-01 2.17556858e+00
  2.88833122e+00 1.22666923e+00 2.06502979e-01 0.00000000e+00
  1.04914763e+00 5.54458230e-01 2.97896793e-02 7.69121612e-01
  6.51515147e-01 1.67439472e-01 0.00000000e+00]
 [7.78314597e-01 6.64557920e-02 6.76585732e-01 5.23994467e-01
  8.89145772e-01 1.31915905e-01 0.00000000e+00 0.00000000e+00
  3.91907575e-01 1.52480805e-01 0.00000000e+00 2.95522930e-01
  2.29617234e-01 0.00000000e+00 0.00000000e+00]
 [0.00000000e+00 2.22223658e-01 6.70243625e-01 3.32134442e-01
  6.22694624e-01 2.98490717e-01 0.00000000e+00 0.00000000e+00
  7.12925858e-02 0.00000000e+00 0.00000000e+00 1.46647109e-01
  1.08668078e-01 0.00000000e+00 0.00000000e+00]
 [1.02471774e+00 6.19663320e-01 1.91922060e-01 7.60656540e-01
  7.58772185e-02 7.44550903e-01 6.99939437e-01 1.20886809e+00
  6.04952716e-01 3.15770552e-01 6.03849726e-01 4.19285862e-01
  5.11396635e-01 6.50268670e-01 8.89442465e-01]]

3
----------------------------------------------------------------------------------
[[2.73977371e-01 0.00000000e+00 9.11698500e-02 0.00000000e+00
  8.23628305e-02 3.35701186e-01 0.00000000e+00 0.00000000e+00
  2.53489932e+00 3.67894816e+00 6.15313723e+00 8.73065234e-01
  0.00000000e+00 0.00000000e+00 0.00000000e+00]
 [2.14325650e-01 4.61988330e-02 7.63103090e-02 0.00000000e+00
  0.00000000e+00 1.20062180e-01 0.00000000e+00 8.42480371e-03
  1.37508903e+00 1.99213176e+00 3.89102941e+00 0.00000000e+00
  0.00000000e+00 0.00000000e+00 2.90775632e-03]
 [2.16282620e-01 2.80210995e-02 0.00000000e+00 0.00000000e+00
  0.00000000e+00 0.00000000e+00 0.00000000e+00 5.22712946e-01
  1.41888322e+00 1.83592859e+00 4.63116223e+00 6.23975427e-01
  0.00000000e+00 2.18238388e-01 0.00000000e+00]
 [1.92811918e-01 0.00000000e+00 4.38012949e-02 0.00000000e+00
  4.79425692e-02 3.13155186e-01 0.00000000e+00 0.00000000e+00
  2.66729341e+00 4.03010550e+00 7.61512054e+00 9.21362693e-01
  0.00000000e+00 0.00000000e+00 0.00000000e+00]
 [1.66722731e-01 0.00000000e+00 4.77598655e-02 0.00000000e+00
  1.02951410e-02 1.08136432e-01 0.00000000e+00 4.63835125e-02
  2.52184906e+00 2.94049785e+00 5.13745919e+00 8.46639925e-01
  0.00000000e+00 1.30212980e-01 1.59946538e-01]
 [1.28187318e-01 0.00000000e+00 0.00000000e+00 0.00000000e+00
  0.00000000e+00 0.00000000e+00 0.00000000e+00 3.88299011e-01
  1.23439616e+00 1.95765354e+00 4.93928550e+00 5.20349754e+00
  0.00000000e+00 8.03367327e-01 1.27712044e-01]
 [1.39774169e-01 0.00000000e+00 0.00000000e+00 0.00000000e+00
  0.00000000e+00 3.66668637e-02 0.00000000e+00 1.07660547e-01
  1.26317793e+00 1.73352926e+00 3.45780108e+00 1.04648500e+00
  0.00000000e+00 3.07432501e-01 1.42086000e-01]
 [1.71657245e-01 0.00000000e+00 0.00000000e+00 0.00000000e+00
  0.00000000e+00 9.68531440e-02 0.00000000e+00 0.00000000e+00
  0.00000000e+00 8.23453043e-01 1.66216955e+00 3.86384418e-02
  2.77461102e-01 0.00000000e+00 0.00000000e+00]
 [9.51126202e-02 0.00000000e+00 0.00000000e+00 0.00000000e+00
  0.00000000e+00 1.35545242e-02 0.00000000e+00 0.00000000e+00
  3.61683548e-01 5.16590467e-01 2.20771096e-01 3.09014192e-02
  3.23686214e-01 0.00000000e+00 0.00000000e+00]
 [1.40042630e-01 0.00000000e+00 0.00000000e+00 0.00000000e+00
  0.00000000e+00 0.00000000e+00 0.00000000e+00 5.09214980e-01
  5.33334225e-01 0.00000000e+00 4.27795968e-01 0.00000000e+00
  0.00000000e+00 2.58296127e-01 0.00000000e+00]
 [1.19532814e-01 0.00000000e+00 0.00000000e+00 0.00000000e+00
  0.00000000e+00 0.00000000e+00 0.00000000e+00 3.41637114e-01
  2.67600441e-01 0.00000000e+00 6.88508432e-01 0.00000000e+00
  0.00000000e+00 0.00000000e+00 0.00000000e+00]
 [7.28821148e-03 0.00000000e+00 0.00000000e+00 0.00000000e+00
  4.30131194e-02 0.00000000e+00 0.00000000e+00 0.00000000e+00
  0.00000000e+00 6.58815479e-01 7.12953172e-01 0.00000000e+00
  0.00000000e+00 0.00000000e+00 1.08877324e-01]
 [8.60507805e-02 0.00000000e+00 0.00000000e+00 0.00000000e+00
  0.00000000e+00 0.00000000e+00 0.00000000e+00 6.93908573e-02
  2.01348399e-01 1.02498628e-01 5.84893138e-01 0.00000000e+00
  0.00000000e+00 2.90555013e-01 2.80337673e-01]
 [8.11449306e-03 0.00000000e+00 0.00000000e+00 4.84334483e-01
  1.85637391e-01 7.08680744e-02 0.00000000e+00 6.99894011e-01
  9.77125287e+00 2.33927625e+00 5.84686362e-01 0.00000000e+00
  0.00000000e+00 5.57706605e-01 0.00000000e+00]
 [0.00000000e+00 1.78337372e-01 4.99204488e-01 1.34929080e+00
  7.84386886e-01 3.40539878e-01 0.00000000e+00 5.55147568e-01
  9.70847192e+00 3.02235964e+00 1.34497135e+00 0.00000000e+00
  0.00000000e+00 7.91432267e-01 0.00000000e+00]
 [2.81924598e-01 4.76401802e-02 5.51272993e-02 7.61221197e-01
  1.68807124e-01 7.52111774e-02 2.43866959e-01 6.75506256e-01
  1.71873595e+00 1.09495696e+00 2.79318784e-01 0.00000000e+00
  0.00000000e+00 6.15044612e-01 4.83819752e-02]
 [0.00000000e+00 0.00000000e+00 0.00000000e+00 7.40038240e-01
  6.28895498e-01 4.22621887e-01 0.00000000e+00 0.00000000e+00
  6.05149082e-01 1.83754369e+00 8.41086361e-01 0.00000000e+00
  0.00000000e+00 8.36890676e-01 1.98343380e-01]
 [5.82924139e-01 9.94957817e-01 8.07089862e-01 5.01400080e-01
  1.14126064e+00 4.32034347e-01 8.59355753e-01 9.18950165e-01
  3.19899490e+00 3.15165108e+00 7.43111470e-01 2.42587174e+00
  2.19977967e+00 8.04466430e-01 1.95762265e+00]]

4
----------------------------------------------------------------------------------
[[1.88357186e-01 2.91595862e-01 0.00000000e+00 8.72289118e-01
  0.00000000e+00 1.33265019e-02 4.36431710e-02 0.00000000e+00
  1.49003549e-01 4.97051852e-01 3.40945276e-01 0.00000000e+00
  0.00000000e+00 6.42014934e-02 0.00000000e+00]
 [1.82828872e-01 3.78514534e-01 4.16057616e-02 0.00000000e+00
  0.00000000e+00 1.24949321e-01 0.00000000e+00 0.00000000e+00
  2.22646053e-01 4.08982403e-01 4.80779142e-01 0.00000000e+00
  1.29815063e-01 3.30631599e-01 0.00000000e+00]
 [4.97824110e-02 4.07452013e-01 1.15933458e-01 0.00000000e+00
  0.00000000e+00 0.00000000e+00 0.00000000e+00 0.00000000e+00
  2.18004031e-01 3.00242421e-01 3.42048581e-01 0.00000000e+00
  9.70730361e-02 3.90443877e-01 0.00000000e+00]
 [1.14351316e-01 1.92018994e-01 3.99647490e-01 0.00000000e+00
  0.00000000e+00 7.70783417e-02 0.00000000e+00 0.00000000e+00
  3.65549103e-01 5.17159804e-01 2.50340839e-01 0.00000000e+00
  0.00000000e+00 0.00000000e+00 0.00000000e+00]
 [1.48945395e-01 2.83083222e-01 1.95030474e-01 0.00000000e+00
  0.00000000e+00 3.59931874e-01 0.00000000e+00 0.00000000e+00
  5.15417043e-01 4.30145156e-01 3.87747189e-01 0.00000000e+00
  8.58755242e-04 1.62658383e-01 0.00000000e+00]
 [4.54537854e-02 8.95468248e-01 8.21669013e-01 2.68432258e-01
  0.00000000e+00 0.00000000e+00 0.00000000e+00 0.00000000e+00
  5.36783986e-01 3.53934768e-01 2.93207228e-01 0.00000000e+00
  1.92887997e-01 5.24618065e-01 0.00000000e+00]
 [1.57597107e-01 6.22443787e-01 3.15182067e-01 4.35996392e-01
  0.00000000e+00 2.39194756e-01 0.00000000e+00 0.00000000e+00
  5.83916606e-01 4.14811797e-01 4.51854818e-01 0.00000000e+00
  9.60394624e-02 3.91124969e-01 0.00000000e+00]
 [0.00000000e+00 1.30299653e-01 0.00000000e+00 0.00000000e+00
  0.00000000e+00 0.00000000e+00 0.00000000e+00 0.00000000e+00
  0.00000000e+00 4.14305319e-01 0.00000000e+00 0.00000000e+00
  0.00000000e+00 0.00000000e+00 0.00000000e+00]
 [0.00000000e+00 1.41647547e-01 0.00000000e+00 0.00000000e+00
  0.00000000e+00 0.00000000e+00 0.00000000e+00 0.00000000e+00
  0.00000000e+00 2.77166392e-01 1.72296673e-02 0.00000000e+00
  0.00000000e+00 0.00000000e+00 0.00000000e+00]
 [0.00000000e+00 9.89912688e-02 0.00000000e+00 0.00000000e+00
  0.00000000e+00 0.00000000e+00 0.00000000e+00 0.00000000e+00
  0.00000000e+00 0.00000000e+00 0.00000000e+00 0.00000000e+00
  0.00000000e+00 2.40916983e-01 0.00000000e+00]
 [0.00000000e+00 1.19120399e-01 0.00000000e+00 0.00000000e+00
  0.00000000e+00 0.00000000e+00 0.00000000e+00 0.00000000e+00
  0.00000000e+00 1.64065664e-01 1.03334733e-01 0.00000000e+00
  0.00000000e+00 1.69342198e-01 0.00000000e+00]
 [0.00000000e+00 2.17007649e-03 0.00000000e+00 0.00000000e+00
  0.00000000e+00 0.00000000e+00 0.00000000e+00 0.00000000e+00
  2.89930908e-02 4.73010282e-01 6.00055437e-02 0.00000000e+00
  0.00000000e+00 3.18024696e-01 0.00000000e+00]
 [3.43706512e-02 8.75934992e-02 0.00000000e+00 0.00000000e+00
  0.00000000e+00 0.00000000e+00 0.00000000e+00 0.00000000e+00
  4.01749028e-01 5.44265250e-01 0.00000000e+00 0.00000000e+00
  2.42073520e-01 7.73520226e-01 0.00000000e+00]
 [1.85463936e-01 7.27952613e-01 7.01029519e-01 4.55384037e-01
  2.45694392e+00 7.78703678e-01 0.00000000e+00 1.20428455e+00
  3.76606677e+00 1.16216076e+00 0.00000000e+00 0.00000000e+00
  9.82851082e-01 3.05458120e+00 0.00000000e+00]
 [0.00000000e+00 4.02013895e-01 1.15093649e+00 3.44120851e-01
  2.68065267e+00 1.78013338e+00 2.14583470e-01 3.41281611e+00
  8.36307194e+00 1.59102487e+00 0.00000000e+00 2.86335122e-02
  1.72890151e+00 4.72858999e+00 5.65100620e-02]
 [9.07722222e-01 7.65907510e-01 2.08014984e+00 9.07918841e-01
  7.75431867e-01 3.26283303e-01 1.90136710e-01 9.32391200e-01
  1.10500409e+00 1.21933751e+00 0.00000000e+00 0.00000000e+00
  1.65396400e+00 1.68154773e+00 2.72535289e-01]
 [0.00000000e+00 0.00000000e+00 6.10434676e-01 0.00000000e+00
  0.00000000e+00 0.00000000e+00 1.41163056e-01 0.00000000e+00
  3.12994197e-01 6.61314883e-01 1.79497222e-02 0.00000000e+00
  7.85642420e-01 1.11842415e+00 0.00000000e+00]
 [1.84838021e+00 8.46493836e-01 5.00656649e-01 1.73708951e+00
  1.02194686e+00 1.51290349e+00 1.75484118e+00 1.59712978e+00
  5.92601781e-01 6.19461764e-01 1.41384494e+00 2.49607627e+00
  2.47100309e+00 1.83343246e+00 1.67630953e+00]]

5
----------------------------------------------------------------------------------
[[0.00000000e+00 0.00000000e+00 1.28708538e+00 3.75369821e-01
  9.30169205e-02 1.34370540e-01 4.60780861e-01 3.02955149e-01
  1.99522661e-01 1.55632778e-01 0.00000000e+00 3.53569496e-02
  2.50914977e-01 1.06222664e-02 3.06200865e-01]
 [0.00000000e+00 0.00000000e+00 7.10586719e-01 2.55460837e-01
  0.00000000e+00 0.00000000e+00 4.44567999e-01 3.61884206e-01
  3.83998663e-01 9.86588311e-02 0.00000000e+00 0.00000000e+00
  2.02094511e-01 4.20548175e-02 1.60248609e-01]
 [0.00000000e+00 0.00000000e+00 1.77356906e-02 0.00000000e+00
  0.00000000e+00 0.00000000e+00 3.40503434e-01 6.63827610e-01
  5.90792540e-02 6.27111021e-02 0.00000000e+00 0.00000000e+00
  2.71983431e-01 0.00000000e+00 9.27333374e-02]
 [6.94957277e-02 0.00000000e+00 3.00931964e+00 1.06160065e+00
  2.82838562e-01 2.72620835e-01 2.78046152e-01 5.98477371e-01
  3.80902749e-01 2.65068870e-01 0.00000000e+00 0.00000000e+00
  1.97244658e-01 2.86218133e-01 3.34739894e-01]
 [1.41193376e-01 6.59306310e-02 2.47394631e+00 8.20031564e-01
  2.32797546e-01 0.00000000e+00 1.71742554e-01 6.40691745e-01
  4.29402534e-01 1.66873553e-01 0.00000000e+00 0.00000000e+00
  1.28834545e-01 3.05858093e-01 2.10751866e-01]
 [2.60743555e-01 0.00000000e+00 1.02095966e+00 1.26561599e+00
  0.00000000e+00 0.00000000e+00 2.30458994e-01 1.24892075e+00
  3.53306085e-01 8.44644849e-02 0.00000000e+00 0.00000000e+00
  2.37044808e-01 1.29587250e-01 0.00000000e+00]
 [2.10597079e-01 7.12664856e-02 1.57459976e+00 1.02887115e+00
  0.00000000e+00 0.00000000e+00 1.72060199e-01 9.77618956e-01
  7.03648581e-01 1.61691495e-01 0.00000000e+00 0.00000000e+00
  1.51698059e-01 2.91624623e-01 3.65854703e-02]
 [0.00000000e+00 0.00000000e+00 1.39279127e-01 0.00000000e+00
  0.00000000e+00 1.86211687e-01 2.09107612e-01 0.00000000e+00
  0.00000000e+00 7.76337691e-02 0.00000000e+00 1.08811899e-01
  4.82708993e-02 5.92305612e-03 1.50012030e-01]
 [0.00000000e+00 0.00000000e+00 0.00000000e+00 0.00000000e+00
  0.00000000e+00 4.75546063e-02 1.80419429e-01 0.00000000e+00
  0.00000000e+00 0.00000000e+00 0.00000000e+00 0.00000000e+00
  7.81453130e-02 0.00000000e+00 6.01790753e-02]
 [0.00000000e+00 0.00000000e+00 0.00000000e+00 1.16583510e-03
  0.00000000e+00 0.00000000e+00 1.75251294e-02 8.24531816e-01
  0.00000000e+00 0.00000000e+00 0.00000000e+00 8.83609247e-02
  2.12780218e-01 0.00000000e+00 4.46040213e-02]
 [0.00000000e+00 0.00000000e+00 0.00000000e+00 0.00000000e+00
  0.00000000e+00 0.00000000e+00 1.43807504e-01 3.63108128e-01
  0.00000000e+00 0.00000000e+00 0.00000000e+00 0.00000000e+00
  6.79147497e-02 0.00000000e+00 0.00000000e+00]
 [0.00000000e+00 0.00000000e+00 0.00000000e+00 0.00000000e+00
  0.00000000e+00 0.00000000e+00 1.92761216e-01 0.00000000e+00
  0.00000000e+00 0.00000000e+00 0.00000000e+00 2.01869053e-01
  4.46038706e-02 0.00000000e+00 9.27964099e-02]
 [0.00000000e+00 0.00000000e+00 0.00000000e+00 4.09428868e-02
  0.00000000e+00 0.00000000e+00 0.00000000e+00 4.77182633e-01
  0.00000000e+00 0.00000000e+00 0.00000000e+00 1.69798185e-02
  1.49585056e-01 0.00000000e+00 0.00000000e+00]
 [3.51897208e-01 7.48889405e+00 0.00000000e+00 0.00000000e+00
  1.11921582e+00 0.00000000e+00 0.00000000e+00 0.00000000e+00
  0.00000000e+00 0.00000000e+00 0.00000000e+00 5.16606203e-01
  2.04984314e-01 5.23167025e-01 0.00000000e+00]
 [1.33485556e-01 7.68178336e+00 0.00000000e+00 0.00000000e+00
  3.21279332e-01 6.80540789e-02 1.13185362e-02 6.70827704e-02
  0.00000000e+00 0.00000000e+00 1.21863624e-01 2.81928610e-01
  4.93167108e-01 1.44496478e+00 4.30604369e-01]
 [2.15496535e-01 2.62198039e-01 0.00000000e+00 7.71111373e-01
  0.00000000e+00 0.00000000e+00 0.00000000e+00 1.58956736e-01
  0.00000000e+00 1.35693315e-01 5.80863254e-02 3.64695055e-01
  0.00000000e+00 2.48979598e-01 0.00000000e+00]
 [0.00000000e+00 0.00000000e+00 0.00000000e+00 0.00000000e+00
  0.00000000e+00 1.16326241e-01 0.00000000e+00 0.00000000e+00
  0.00000000e+00 7.83416542e-02 0.00000000e+00 7.35756531e-01
  1.78461387e-01 9.55150698e-01 3.26867827e-02]
 [8.20472299e-01 2.23678419e+00 1.93522707e+00 2.09593818e+00
  3.40463637e+00 1.36623231e+00 1.23470127e+00 1.11347610e+00
  2.83987026e+00 9.82612180e-01 1.99170533e+00 4.58293429e-01
  1.16895236e+00 6.73454991e-01 5.85109244e-01]]

6
----------------------------------------------------------------------------------
[[0.00000000e+00 0.00000000e+00 0.00000000e+00 0.00000000e+00
  0.00000000e+00 0.00000000e+00 4.22281061e-01 3.93045383e-01
  6.34080580e-02 2.53435977e-01 0.00000000e+00 0.00000000e+00
  0.00000000e+00 9.16182396e-02 3.38786424e-01]
 [0.00000000e+00 0.00000000e+00 0.00000000e+00 8.72190848e-03
  0.00000000e+00 9.47252842e-01 2.60201396e-01 1.14769774e-01
  2.91728302e-01 3.42582026e-01 9.60832851e-02 1.89642185e-02
  0.00000000e+00 1.64657892e-01 1.86843972e-01]
 [0.00000000e+00 0.00000000e+00 0.00000000e+00 0.00000000e+00
  0.00000000e+00 2.88032315e-01 0.00000000e+00 0.00000000e+00
  4.67178006e-01 5.84981087e-02 9.89827661e-02 0.00000000e+00
  0.00000000e+00 2.75916402e-01 4.23742988e-02]
 [0.00000000e+00 0.00000000e+00 0.00000000e+00 0.00000000e+00
  6.48714032e-02 1.94191148e-01 5.65309428e-01 4.58397985e-01
  1.74577484e-01 2.71352575e-01 0.00000000e+00 0.00000000e+00
  0.00000000e+00 7.05660816e-02 2.61892312e-01]
 [0.00000000e+00 0.00000000e+00 0.00000000e+00 1.90270736e-01
  1.42542928e-01 4.16603121e-01 4.63796427e-01 1.87041917e-01
  4.09261482e-01 3.85721162e-01 6.28316177e-02 1.54503658e-02
  0.00000000e+00 8.96006866e-02 1.37542735e-01]
 [0.00000000e+00 0.00000000e+00 0.00000000e+00 1.29646554e-01
  0.00000000e+00 3.33056973e-01 0.00000000e+00 0.00000000e+00
  7.67217611e-01 2.53622698e-01 3.90305970e-02 6.41491124e-02
  0.00000000e+00 1.67540710e-01 2.88059612e-02]
 [0.00000000e+00 0.00000000e+00 0.00000000e+00 5.29687199e-01
  3.73014800e-01 2.52981365e-01 2.84860114e-03 0.00000000e+00
  7.05871951e-01 3.34596869e-01 9.69370201e-02 9.51045529e-02
  0.00000000e+00 5.02481404e-02 1.18409038e-01]
 [0.00000000e+00 0.00000000e+00 0.00000000e+00 0.00000000e+00
  1.43512480e-02 0.00000000e+00 0.00000000e+00 1.94752921e-01
  0.00000000e+00 0.00000000e+00 0.00000000e+00 0.00000000e+00
  0.00000000e+00 0.00000000e+00 1.45644870e-01]
 [0.00000000e+00 0.00000000e+00 0.00000000e+00 0.00000000e+00
  0.00000000e+00 0.00000000e+00 8.60578633e-02 2.13384140e-01
  0.00000000e+00 0.00000000e+00 0.00000000e+00 0.00000000e+00
  0.00000000e+00 0.00000000e+00 1.09384895e-01]
 [3.62630392e-02 0.00000000e+00 0.00000000e+00 0.00000000e+00
  0.00000000e+00 8.43791246e-01 4.42144001e-01 5.41187940e-01
  7.72506240e-02 0.00000000e+00 0.00000000e+00 0.00000000e+00
  0.00000000e+00 2.01396028e-01 0.00000000e+00]
 [7.09932860e-05 0.00000000e+00 0.00000000e+00 0.00000000e+00
  0.00000000e+00 3.38347706e-01 1.38201864e-01 6.52228906e-02
  0.00000000e+00 0.00000000e+00 0.00000000e+00 0.00000000e+00
  0.00000000e+00 8.43427218e-02 0.00000000e+00]
 [5.63607119e-02 0.00000000e+00 0.00000000e+00 8.90240515e-03
  0.00000000e+00 5.82291750e-02 2.08793565e-01 5.39686607e-01
  0.00000000e+00 1.25295626e-01 0.00000000e+00 0.00000000e+00
  0.00000000e+00 0.00000000e+00 0.00000000e+00]
 [5.38124460e-02 7.34573888e-02 0.00000000e+00 2.74282519e-02
  1.18990757e-01 7.45871573e-01 5.39425798e-01 4.52520936e-01
  5.22592421e-02 8.33571148e-02 0.00000000e+00 0.00000000e+00
  9.81089685e-02 4.50262371e-02 0.00000000e+00]
 [5.66073952e-02 0.00000000e+00 0.00000000e+00 7.37458588e-01
  6.67734356e-01 5.72064434e-01 1.39014328e-01 2.10682190e-01
  0.00000000e+00 0.00000000e+00 4.40441375e-01 3.79259516e-01
  2.70173166e-01 0.00000000e+00 3.60521121e-01]
 [1.26641614e+00 4.21035167e-01 0.00000000e+00 2.11794290e+00
  2.97996147e-01 5.48825494e-01 6.02965682e-02 2.29467323e-01
  4.00894448e-02 5.25931744e-01 9.45459787e-01 9.91219903e-01
  4.59014415e-01 0.00000000e+00 7.38531431e-01]
 [6.48274474e-01 3.71436552e-01 0.00000000e+00 0.00000000e+00
  5.62587930e-01 6.51211529e-01 3.27715411e-01 4.34729967e-01
  9.02035643e-02 1.08800842e-01 6.23143997e-01 8.47835159e-01
  5.59402947e-01 0.00000000e+00 3.80352608e-01]
 [0.00000000e+00 0.00000000e+00 0.00000000e+00 0.00000000e+00
  5.02353329e-01 3.58419492e-01 2.14492673e-01 1.24000294e-01
  0.00000000e+00 2.42352856e-01 6.81378539e-01 5.43483790e-01
  6.87988920e-03 0.00000000e+00 4.10358943e-01]
 [1.25845253e+00 2.02111071e+00 2.70765029e+00 1.28588307e+00
  8.01640531e-01 1.05544250e+00 2.35903588e+00 1.23561054e+00
  8.69546930e-01 5.85180792e-01 6.02470116e-01 6.41048989e-01
  8.74749967e-01 7.22488209e-01 4.89012193e-01]]

7
----------------------------------------------------------------------------------
[[0.00000000e+00 0.00000000e+00 0.00000000e+00 0.00000000e+00
  0.00000000e+00 0.00000000e+00 0.00000000e+00 7.54157626e-02
  1.71885210e-01 3.42816659e-01 0.00000000e+00 6.44374208e-02
  0.00000000e+00 0.00000000e+00 2.11211347e-02]
 [1.43669952e-01 0.00000000e+00 0.00000000e+00 0.00000000e+00
  0.00000000e+00 2.01924305e-03 0.00000000e+00 9.82238217e-02
  2.01518315e-01 3.04072291e-01 0.00000000e+00 9.68698522e-02
  0.00000000e+00 0.00000000e+00 1.01694885e-02]
 [1.79730801e-01 0.00000000e+00 0.00000000e+00 0.00000000e+00
  0.00000000e+00 2.13171036e-02 0.00000000e+00 0.00000000e+00
  4.88502990e-01 2.31056519e-01 2.88945797e-01 0.00000000e+00
  0.00000000e+00 2.81718227e-01 0.00000000e+00]
 [0.00000000e+00 0.00000000e+00 0.00000000e+00 0.00000000e+00
  0.00000000e+00 0.00000000e+00 0.00000000e+00 9.46250931e-02
  1.19180692e-01 2.61440216e-01 0.00000000e+00 1.60569172e-02
  0.00000000e+00 0.00000000e+00 0.00000000e+00]
 [1.25119223e-01 0.00000000e+00 0.00000000e+00 0.00000000e+00
  0.00000000e+00 0.00000000e+00 0.00000000e+00 4.85411108e-02
  1.30842543e-01 2.83788826e-01 0.00000000e+00 1.55800288e-02
  0.00000000e+00 0.00000000e+00 0.00000000e+00]
 [1.25300145e-01 0.00000000e+00 0.00000000e+00 0.00000000e+00
  0.00000000e+00 0.00000000e+00 0.00000000e+00 0.00000000e+00
  4.02031196e-01 2.41192435e-01 1.67051438e-01 0.00000000e+00
  0.00000000e+00 3.91572029e-01 0.00000000e+00]
 [1.48295316e-01 0.00000000e+00 0.00000000e+00 0.00000000e+00
  0.00000000e+00 0.00000000e+00 0.00000000e+00 3.64175163e-02
  2.20996410e-01 3.85343337e-01 0.00000000e+00 1.63453483e-02
  0.00000000e+00 3.03750290e-02 0.00000000e+00]
 [0.00000000e+00 0.00000000e+00 0.00000000e+00 0.00000000e+00
  0.00000000e+00 0.00000000e+00 0.00000000e+00 1.26346200e-01
  8.34630239e-02 3.22890581e-01 0.00000000e+00 0.00000000e+00
  0.00000000e+00 0.00000000e+00 0.00000000e+00]
 [0.00000000e+00 0.00000000e+00 0.00000000e+00 0.00000000e+00
  0.00000000e+00 0.00000000e+00 0.00000000e+00 1.81608921e-01
  1.77998544e-01 1.99858504e-01 0.00000000e+00 0.00000000e+00
  0.00000000e+00 0.00000000e+00 0.00000000e+00]
 [0.00000000e+00 0.00000000e+00 0.00000000e+00 0.00000000e+00
  0.00000000e+00 0.00000000e+00 0.00000000e+00 0.00000000e+00
  6.51021685e-01 4.38995168e-02 4.50236160e-01 0.00000000e+00
  0.00000000e+00 3.92044843e-01 0.00000000e+00]
 [0.00000000e+00 0.00000000e+00 0.00000000e+00 0.00000000e+00
  0.00000000e+00 0.00000000e+00 0.00000000e+00 5.23127299e-02
  4.14930200e-01 3.50508749e-02 1.39959101e-01 0.00000000e+00
  0.00000000e+00 4.88851636e-02 0.00000000e+00]
 [0.00000000e+00 0.00000000e+00 0.00000000e+00 0.00000000e+00
  0.00000000e+00 0.00000000e+00 7.25778730e-02 2.22896998e-01
  1.12184143e-02 1.28329537e-01 0.00000000e+00 0.00000000e+00
  1.27983056e-01 0.00000000e+00 0.00000000e+00]
 [0.00000000e+00 0.00000000e+00 0.00000000e+00 0.00000000e+00
  0.00000000e+00 0.00000000e+00 0.00000000e+00 0.00000000e+00
  4.23115850e-01 6.57217856e-02 1.46443276e-01 0.00000000e+00
  2.97498867e-02 1.59367196e-01 0.00000000e+00]
 [3.91317295e-01 0.00000000e+00 0.00000000e+00 1.19544897e+00
  5.15038720e-01 4.45747690e-01 3.36593089e-01 0.00000000e+00
  4.00001439e-01 2.77961359e-01 1.64326624e+00 2.07252783e+00
  2.01364783e+00 2.30395202e-01 1.64622851e-01]
 [4.39212670e-01 0.00000000e+00 0.00000000e+00 1.21019958e+00
  0.00000000e+00 1.12647689e+00 1.20523813e+00 1.73306237e-01
  8.74258239e-01 7.33807948e-01 1.51813307e+00 1.50657942e+00
  1.17999523e+00 0.00000000e+00 0.00000000e+00]
 [3.90283797e-01 0.00000000e+00 0.00000000e+00 0.00000000e+00
  0.00000000e+00 3.16715272e-01 4.39689563e-01 1.81166245e-01
  2.79824753e-01 0.00000000e+00 1.47523640e+00 1.19989063e+00
  3.71627379e-01 1.60826292e-01 0.00000000e+00]
 [3.41464253e-01 0.00000000e+00 0.00000000e+00 0.00000000e+00
  1.81871628e-01 5.59178132e-01 1.15411783e+00 2.07209646e-01
  5.72938286e-01 9.07452273e-01 1.59336564e+00 8.31893340e-01
  5.33643309e-02 2.99628340e-02 1.71232739e-02]
 [4.22477802e-01 1.08351877e+00 2.15644318e+00 1.71374174e+00
  1.26557084e+00 1.87078760e+00 1.71540611e+00 9.67452134e-01
  8.35232260e-02 1.25500885e+00 4.72775975e-01 1.05821887e+00
  1.54976537e+00 7.25655148e-01 1.98180354e+00]]

8
----------------------------------------------------------------------------------
[[0.00000000e+00 0.00000000e+00 1.92339272e-01 0.00000000e+00
  0.00000000e+00 9.45301591e-02 1.76126384e-01 3.99682073e-01
  0.00000000e+00 5.51989388e-01 5.27609943e-01 0.00000000e+00
  6.42722717e-01 0.00000000e+00 0.00000000e+00]
 [0.00000000e+00 0.00000000e+00 2.70350987e-01 0.00000000e+00
  7.24209149e-02 1.01550733e-01 2.84150466e-01 0.00000000e+00
  0.00000000e+00 3.24937145e-01 4.71676588e-01 0.00000000e+00
  3.01792355e-01 0.00000000e+00 5.27207473e-02]
 [0.00000000e+00 0.00000000e+00 0.00000000e+00 0.00000000e+00
  3.96641333e-03 7.50082536e-02 3.30424865e-01 0.00000000e+00
  0.00000000e+00 4.22409506e-01 4.13464803e-01 0.00000000e+00
  1.37805900e-01 0.00000000e+00 0.00000000e+00]
 [0.00000000e+00 1.29249496e-01 4.76022232e-01 0.00000000e+00
  0.00000000e+00 1.08909663e-01 1.31274817e-02 3.85889648e-01
  0.00000000e+00 6.05637127e-01 4.01508243e-01 0.00000000e+00
  7.26676098e-01 0.00000000e+00 0.00000000e+00]
 [0.00000000e+00 0.00000000e+00 5.62703563e-01 0.00000000e+00
  7.47433643e-02 1.38515284e-01 7.00265828e-02 1.38207552e-01
  0.00000000e+00 4.63599257e-01 3.97186703e-01 0.00000000e+00
  4.33061043e-01 0.00000000e+00 0.00000000e+00]
 [0.00000000e+00 0.00000000e+00 3.11470908e-01 0.00000000e+00
  3.09449126e-02 2.24010344e-01 3.55316306e-01 0.00000000e+00
  0.00000000e+00 1.57489908e-01 3.66501648e-01 0.00000000e+00
  0.00000000e+00 0.00000000e+00 0.00000000e+00]
 [0.00000000e+00 0.00000000e+00 6.81501167e-01 0.00000000e+00
  1.33275113e-01 2.85784708e-01 2.61306558e-01 0.00000000e+00
  0.00000000e+00 1.41530921e-01 4.00112849e-01 0.00000000e+00
  1.31888348e-01 0.00000000e+00 1.10691308e-01]
 [4.39141922e-02 0.00000000e+00 0.00000000e+00 0.00000000e+00
  0.00000000e+00 0.00000000e+00 0.00000000e+00 2.63245185e-01
  0.00000000e+00 4.19423028e-02 1.99279840e-01 0.00000000e+00
  5.57599645e-01 0.00000000e+00 4.25920930e-03]
 [1.18841464e-03 0.00000000e+00 0.00000000e+00 0.00000000e+00
  0.00000000e+00 1.16497364e-02 3.27155208e-02 0.00000000e+00
  0.00000000e+00 4.79332482e-02 1.55363831e-01 0.00000000e+00
  4.75670613e-01 0.00000000e+00 0.00000000e+00]
 [0.00000000e+00 0.00000000e+00 0.00000000e+00 0.00000000e+00
  0.00000000e+00 4.90615242e-02 3.34690017e-01 0.00000000e+00
  1.78143544e-01 4.21260091e-01 2.10040111e-01 0.00000000e+00
  0.00000000e+00 0.00000000e+00 0.00000000e+00]
 [2.90434573e-02 0.00000000e+00 0.00000000e+00 0.00000000e+00
  0.00000000e+00 5.82132883e-02 1.60543295e-01 0.00000000e+00
  3.76611912e-03 2.35108539e-01 1.82179802e-01 0.00000000e+00
  1.31649907e-01 0.00000000e+00 0.00000000e+00]
 [2.70405065e-01 3.64668420e-02 6.32613176e-02 0.00000000e+00
  0.00000000e+00 0.00000000e+00 0.00000000e+00 4.13796570e-02
  0.00000000e+00 5.25883631e-02 8.34921106e-02 3.90681996e-02
  4.71532987e-01 0.00000000e+00 0.00000000e+00]
 [2.18612005e-01 0.00000000e+00 0.00000000e+00 0.00000000e+00
  0.00000000e+00 7.63068171e-03 1.22083730e-01 0.00000000e+00
  1.19982137e-02 2.48499735e-01 8.75094434e-02 2.47671082e-01
  2.62117600e-01 0.00000000e+00 0.00000000e+00]
 [8.91763078e-01 1.95738220e+00 3.33366817e-01 6.61412354e-01
  0.00000000e+00 0.00000000e+00 0.00000000e+00 0.00000000e+00
  0.00000000e+00 5.69684532e-01 6.69803162e-01 4.31180757e-01
  3.35314917e-01 8.21254365e-01 0.00000000e+00]
 [2.22801507e+00 5.19427174e+00 1.71116098e+00 1.60052536e+00
  1.19674381e+00 5.60096943e-01 8.46051752e-02 2.71357112e-02
  0.00000000e+00 5.30439007e-01 1.57508788e+00 1.21564252e+00
  7.20251423e-01 1.13264072e+00 0.00000000e+00]
 [7.58416452e-01 3.51985474e-01 1.25673634e-01 9.97072602e-01
  0.00000000e+00 2.54681797e-01 4.67493548e-01 0.00000000e+00
  1.97801908e-01 5.48196298e-02 5.79109571e-02 5.63173851e-01
  1.36791059e+00 1.90302951e-01 0.00000000e+00]
 [6.51197947e-01 0.00000000e+00 0.00000000e+00 7.26916682e-01
  7.57438132e-01 0.00000000e+00 0.00000000e+00 3.40200669e-01
  0.00000000e+00 0.00000000e+00 3.27963442e-01 1.26530389e-01
  0.00000000e+00 1.81471868e-01 0.00000000e+00]
 [1.04383413e+00 1.91504111e+00 7.68011945e-01 7.67404984e-01
  1.22946991e+00 1.19215911e+00 2.06309748e+00 1.79910993e+00
  5.15480895e-01 2.68640160e-01 7.31073871e-01 1.10360271e+00
  9.01803931e-01 1.29642016e+00 1.98864425e+00]]

9
----------------------------------------------------------------------------------
[[0.         0.14737076 0.06223806 0.         0.25254712 0.3276324
  0.18204244 0.         0.         0.         0.         0.70146909
  0.26612344 0.         0.2537912 ]
 [0.         0.12210087 0.0364597  0.07254755 0.23985296 0.26950912
  0.04342627 0.         0.         0.         0.         0.33828843
  0.12377218 0.         0.42652746]
 [0.01109855 0.00668821 0.         0.27469232 0.26817039 0.18723323
  0.0660553  0.         0.         0.         0.         0.02286422
  0.         0.         0.66274748]
 [0.         0.10694159 0.1441408  0.         0.19959562 0.26563071
  0.07681246 0.         0.         0.         0.         0.66962198
  0.23214171 0.         0.19041293]
 [0.         0.10758557 0.20906139 0.         0.14555676 0.22430193
  0.         0.         0.         0.         0.00856258 0.63207401
  0.02840289 0.         0.24873972]
 [0.11179502 0.01235653 0.         0.21608175 0.25381119 0.22196499
  0.02942754 0.         0.         0.         0.         0.
  0.02843805 0.         0.61274698]
 [0.18432629 0.10751622 0.05947594 0.04489823 0.19703284 0.26447188
  0.         0.         0.         0.         0.         0.2811483
  0.10589906 0.         0.46603752]
 [0.         0.07721324 0.         0.         0.16090709 0.30085833
  0.20261025 0.         0.         0.         0.         0.
  0.22932079 0.         0.06091948]
 [0.         0.00885434 0.         0.         0.10849415 0.18747582
  0.13528944 0.         0.         0.         0.         0.
  0.07953912 0.         0.044768  ]
 [0.         0.         0.         0.02881142 0.         0.25068202
  0.45894707 0.         0.         0.         0.         0.
  0.         0.         0.66540926]
 [0.         0.         0.         0.01388643 0.02932104 0.1236846
  0.17828589 0.         0.         0.         0.         0.
  0.         0.         0.37141817]
 [0.         0.17023397 0.06028606 0.         0.         0.41978624
  0.40843066 0.         0.         0.         0.         0.
  0.15062378 0.04032949 0.01613139]
 [0.         0.01211531 0.         0.06635223 0.24021972 0.63115061
  0.51681942 0.         0.         0.         0.         0.
  0.         0.         0.23302851]
 [0.13360059 1.88679301 1.2796935  0.53658784 0.         1.57008372
  1.14809722 0.         0.         0.         0.         0.23592883
  4.82528895 1.05263776 0.45883966]
 [0.01953689 1.8930864  1.11625618 0.79040458 0.         2.44568327
  1.95787601 0.         0.         0.         0.23061236 1.0269002
  4.67435331 1.17028196 0.83386098]
 [0.         1.03239777 1.5030413  0.94501121 0.         1.79668919
  1.21312723 0.         0.         0.         0.         0.
  1.14100135 0.68678719 1.33389528]
 [0.54586465 1.63628664 0.72946945 0.80295501 0.         0.95962437
  1.06818384 0.         0.         0.         0.         0.
  1.16133239 1.13541583 0.46489298]
 [0.95762294 0.2638629  0.40276693 1.1763452  1.21553308 0.45357617
  0.51998543 0.96498826 1.96198481 2.43817732 1.60514588 2.21342968
  0.46004662 1.4762813  0.46508813]]

10
----------------------------------------------------------------------------------
[[0.00000000e+00 2.45095810e-01 0.00000000e+00 1.56639977e-01
  1.97775009e-01 0.00000000e+00 0.00000000e+00 0.00000000e+00
  0.00000000e+00 0.00000000e+00 2.60911707e+00 2.48566865e+00
  6.47003598e-01 6.55016545e-02 2.26862699e-01]
 [0.00000000e+00 0.00000000e+00 7.56766684e-02 0.00000000e+00
  9.18701349e-02 1.22709243e-01 3.42408571e-02 0.00000000e+00
  0.00000000e+00 0.00000000e+00 5.63331603e-01 1.44377774e+00
  3.52251810e-01 2.55058765e-01 0.00000000e+00]
 [0.00000000e+00 0.00000000e+00 1.57902603e-01 0.00000000e+00
  0.00000000e+00 3.58430393e-01 0.00000000e+00 0.00000000e+00
  0.00000000e+00 0.00000000e+00 4.37285092e-01 1.24126043e+00
  0.00000000e+00 4.99161879e-01 0.00000000e+00]
 [0.00000000e+00 3.71644281e-01 0.00000000e+00 1.26659234e-01
  1.12456732e-01 0.00000000e+00 0.00000000e+00 0.00000000e+00
  0.00000000e+00 9.91876506e-01 7.96841834e+00 3.49236265e+00
  9.06679608e-01 0.00000000e+00 1.51639905e-01]
 [0.00000000e+00 1.89918493e-01 0.00000000e+00 0.00000000e+00
  0.00000000e+00 1.23637147e-01 0.00000000e+00 0.00000000e+00
  0.00000000e+00 3.48695262e-01 5.06186675e+00 3.50290899e+00
  6.41694248e-01 0.00000000e+00 0.00000000e+00]
 [0.00000000e+00 0.00000000e+00 8.05093200e-02 0.00000000e+00
  0.00000000e+00 5.25032109e-01 3.82843813e-02 0.00000000e+00
  0.00000000e+00 1.38267738e+00 3.42070433e+00 5.65713093e+00
  1.27276647e-01 6.37181766e-01 0.00000000e+00]
 [0.00000000e+00 0.00000000e+00 0.00000000e+00 0.00000000e+00
  6.26060284e-02 3.45591345e-01 6.29392973e-02 0.00000000e+00
  0.00000000e+00 7.80203570e-01 3.03133468e+00 1.92722079e+00
  3.10417117e-01 4.76361426e-01 0.00000000e+00]
 [0.00000000e+00 1.00160903e-01 0.00000000e+00 2.61536104e-01
  1.90378018e-01 0.00000000e+00 0.00000000e+00 0.00000000e+00
  7.47677463e-02 0.00000000e+00 3.15830164e-01 8.93466372e-01
  1.37237684e-01 0.00000000e+00 2.08940762e-01]
 [0.00000000e+00 6.66986963e-02 0.00000000e+00 9.54201478e-02
  4.87756256e-02 0.00000000e+00 0.00000000e+00 0.00000000e+00
  0.00000000e+00 0.00000000e+00 5.54204773e-03 2.05489172e-01
  0.00000000e+00 1.15338252e-02 9.10513027e-02]
 [0.00000000e+00 0.00000000e+00 7.46041185e-02 0.00000000e+00
  0.00000000e+00 3.32395112e-01 0.00000000e+00 0.00000000e+00
  0.00000000e+00 0.00000000e+00 0.00000000e+00 1.37762160e+00
  8.14300939e-02 0.00000000e+00 0.00000000e+00]
 [0.00000000e+00 0.00000000e+00 3.47009271e-02 0.00000000e+00
  0.00000000e+00 2.67573745e-01 0.00000000e+00 0.00000000e+00
  0.00000000e+00 0.00000000e+00 1.99581097e-01 1.41432212e-01
  0.00000000e+00 1.10453417e-01 0.00000000e+00]
 [0.00000000e+00 0.00000000e+00 0.00000000e+00 2.50330281e-01
  2.11732767e-01 0.00000000e+00 0.00000000e+00 0.00000000e+00
  2.32946040e-02 3.33583241e-02 2.67353854e-01 8.05587265e-01
  0.00000000e+00 0.00000000e+00 1.12635922e-01]
 [1.02251939e-01 0.00000000e+00 0.00000000e+00 0.00000000e+00
  0.00000000e+00 2.15777815e-01 0.00000000e+00 0.00000000e+00
  0.00000000e+00 0.00000000e+00 1.90129129e-01 1.11711590e+00
  4.27421244e-02 0.00000000e+00 0.00000000e+00]
 [0.00000000e+00 0.00000000e+00 0.00000000e+00 3.68640942e-01
  7.70414563e-01 1.93945235e-01 0.00000000e+00 0.00000000e+00
  0.00000000e+00 0.00000000e+00 1.07770882e+00 6.47794507e-01
  1.90928090e-02 1.22855270e-01 0.00000000e+00]
 [0.00000000e+00 8.52584013e-03 0.00000000e+00 5.11066041e-01
  1.14944251e+00 5.98861736e-01 0.00000000e+00 0.00000000e+00
  0.00000000e+00 0.00000000e+00 1.17204373e+00 8.13440278e-01
  3.63715447e-01 2.18844288e-01 0.00000000e+00]
 [1.34424100e-01 1.49166669e-02 0.00000000e+00 0.00000000e+00
  8.10066236e-01 1.77531469e+00 5.36033152e-01 5.38676399e-01
  5.20703538e-01 0.00000000e+00 1.72096774e+00 1.45553585e+00
  7.62103804e-01 7.55620175e-01 0.00000000e+00]
 [0.00000000e+00 0.00000000e+00 0.00000000e+00 7.53563312e-01
  7.81579327e-01 0.00000000e+00 0.00000000e+00 0.00000000e+00
  0.00000000e+00 4.87944337e-02 1.06352827e+00 2.74068737e-01
  1.63512423e-02 0.00000000e+00 1.11553741e-01]
 [1.05420971e+00 1.49724502e+00 1.19052980e+00 1.44691514e+00
  8.08004816e-01 7.63565529e-01 1.97394778e+00 1.75045135e+00
  2.44088578e+00 1.93481777e+00 7.48084233e-01 7.66280626e-01
  2.00717768e+00 3.08134798e+00 3.93067218e+00]]

11
----------------------------------------------------------------------------------
[[0.4075426  2.15118832 1.75281922 1.36113304 0.50686079 0.00899121
  0.3674137  0.6045827  0.68865735 0.89389153 0.35125403 0.09487775
  0.06639143 0.21513951 1.65957022]
 [0.22001329 2.06318069 1.48707894 0.87468107 0.24353452 0.1740437
  0.29548571 0.50403275 0.83585802 0.77006875 0.         0.38962114
  0.0134605  0.47418974 1.38351826]
 [0.04081908 0.48148064 1.49863582 0.69414919 0.         0.23721665
  0.24972261 0.37947781 0.54727843 0.57000892 0.         0.3305337
  0.         0.59269764 0.98430666]
 [0.61861042 6.11096757 2.77344551 1.89315287 0.58491887 0.
  0.25407801 0.81484796 1.05288608 1.6432615  0.82583382 0.29822655
  0.10761739 0.45017617 2.36710849]
 [0.32206266 2.5137911  2.59203874 1.56336448 0.40621439 0.20544078
  0.14031163 0.73753852 1.17871096 1.33549382 0.32393119 0.72139619
  0.13885218 0.72263776 2.22152617]
 [0.08721484 2.00350145 3.15628204 0.94556617 0.         0.36335962
  0.13778877 0.70455483 1.17730043 1.22405106 0.         1.36420997
  0.         0.9830169  1.672699  ]
 [0.12626028 1.84606178 2.21450376 0.69398335 0.11120498 0.35448948
  0.10745034 0.81993746 1.56207927 1.32298313 0.         1.69289858
  0.         1.00362279 2.0197062 ]
 [0.         0.19307768 0.52179515 0.02319168 0.280768   0.
  0.43747817 0.32721618 0.12025281 0.34292923 0.         0.
  0.         0.         0.5807383 ]
 [0.         0.         0.18785785 0.02581104 0.14682684 0.
  0.19287064 0.09079903 0.         0.1043158  0.         0.
  0.         0.         0.34137572]
 [0.05952884 0.         0.2487225  0.22377123 0.         0.04973232
  0.12620792 0.10868089 0.         0.14067528 0.         0.
  0.         0.         0.13252234]
 [0.         0.         0.         0.         0.         0.13379675
  0.09027376 0.02316669 0.         0.03751483 0.         0.
  0.         0.         0.13121038]
 [0.         0.         0.15904211 0.         0.08552249 0.
  0.23155886 0.13253449 0.         0.03524559 0.         0.
  0.         0.         0.18002633]
 [0.02146889 0.         0.16941392 0.04080296 0.         0.07544003
  0.16911767 0.12959061 0.         0.01815216 0.         0.
  0.         0.         0.        ]
 [0.         0.0401207  0.         0.         0.04628569 0.
  0.4965295  0.06662391 0.         0.02104441 0.         0.
  0.         0.         0.        ]
 [0.         0.         0.08002711 0.12363572 0.49808754 0.
  0.86308432 0.51451438 0.         0.11285397 0.         0.
  0.         0.         0.        ]
 [0.         0.         0.         0.1159189  0.         0.
  0.48893368 0.14294398 0.         0.18756809 0.         0.
  0.         0.         0.        ]
 [0.         0.         0.         0.         0.09827661 0.
  0.60705691 0.35371173 0.         0.10358946 0.         0.19438805
  0.         0.         0.        ]
 [3.46814609 2.97918537 1.51256879 1.07438454 0.55615346 0.84786537
  0.48251651 1.1255511  1.29315351 0.4510305  0.67284892 0.7541901
  1.32839568 1.23184316 0.57756735]]

12
----------------------------------------------------------------------------------
[[0.00000000e+00 2.73854308e-02 0.00000000e+00 2.89249365e-03
  0.00000000e+00 0.00000000e+00 0.00000000e+00 0.00000000e+00
  0.00000000e+00 0.00000000e+00 0.00000000e+00 0.00000000e+00
  0.00000000e+00 0.00000000e+00 0.00000000e+00]
 [0.00000000e+00 0.00000000e+00 0.00000000e+00 1.62498321e-01
  0.00000000e+00 0.00000000e+00 0.00000000e+00 0.00000000e+00
  0.00000000e+00 0.00000000e+00 0.00000000e+00 0.00000000e+00
  0.00000000e+00 0.00000000e+00 3.72802002e-02]
 [0.00000000e+00 0.00000000e+00 0.00000000e+00 1.64515501e-01
  0.00000000e+00 0.00000000e+00 0.00000000e+00 0.00000000e+00
  0.00000000e+00 0.00000000e+00 0.00000000e+00 0.00000000e+00
  0.00000000e+00 0.00000000e+00 0.00000000e+00]
 [0.00000000e+00 4.93370131e-01 0.00000000e+00 3.21933192e-02
  0.00000000e+00 0.00000000e+00 0.00000000e+00 0.00000000e+00
  0.00000000e+00 0.00000000e+00 0.00000000e+00 0.00000000e+00
  0.00000000e+00 0.00000000e+00 0.00000000e+00]
 [0.00000000e+00 5.61435550e-01 0.00000000e+00 1.72419751e-01
  0.00000000e+00 0.00000000e+00 0.00000000e+00 0.00000000e+00
  0.00000000e+00 0.00000000e+00 0.00000000e+00 0.00000000e+00
  0.00000000e+00 4.34732000e-01 0.00000000e+00]
 [0.00000000e+00 0.00000000e+00 0.00000000e+00 3.17539317e-01
  0.00000000e+00 0.00000000e+00 0.00000000e+00 0.00000000e+00
  0.00000000e+00 0.00000000e+00 0.00000000e+00 0.00000000e+00
  0.00000000e+00 0.00000000e+00 0.00000000e+00]
 [0.00000000e+00 7.40370297e-03 0.00000000e+00 1.80834216e-01
  0.00000000e+00 0.00000000e+00 0.00000000e+00 0.00000000e+00
  0.00000000e+00 0.00000000e+00 0.00000000e+00 0.00000000e+00
  0.00000000e+00 0.00000000e+00 3.57706385e-02]
 [0.00000000e+00 0.00000000e+00 0.00000000e+00 0.00000000e+00
  0.00000000e+00 0.00000000e+00 0.00000000e+00 0.00000000e+00
  0.00000000e+00 0.00000000e+00 0.00000000e+00 0.00000000e+00
  0.00000000e+00 0.00000000e+00 0.00000000e+00]
 [0.00000000e+00 0.00000000e+00 0.00000000e+00 0.00000000e+00
  0.00000000e+00 0.00000000e+00 0.00000000e+00 0.00000000e+00
  0.00000000e+00 0.00000000e+00 0.00000000e+00 0.00000000e+00
  0.00000000e+00 0.00000000e+00 0.00000000e+00]
 [0.00000000e+00 0.00000000e+00 0.00000000e+00 1.67144053e-01
  0.00000000e+00 0.00000000e+00 0.00000000e+00 0.00000000e+00
  0.00000000e+00 0.00000000e+00 0.00000000e+00 0.00000000e+00
  0.00000000e+00 0.00000000e+00 0.00000000e+00]
 [0.00000000e+00 0.00000000e+00 0.00000000e+00 1.48812791e-01
  7.25172888e-01 7.75386479e-03 0.00000000e+00 0.00000000e+00
  0.00000000e+00 0.00000000e+00 0.00000000e+00 0.00000000e+00
  0.00000000e+00 0.00000000e+00 0.00000000e+00]
 [0.00000000e+00 0.00000000e+00 0.00000000e+00 0.00000000e+00
  0.00000000e+00 0.00000000e+00 0.00000000e+00 0.00000000e+00
  0.00000000e+00 0.00000000e+00 0.00000000e+00 0.00000000e+00
  0.00000000e+00 0.00000000e+00 0.00000000e+00]
 [0.00000000e+00 0.00000000e+00 3.31870272e-02 2.93240876e-01
  0.00000000e+00 0.00000000e+00 0.00000000e+00 0.00000000e+00
  0.00000000e+00 0.00000000e+00 0.00000000e+00 0.00000000e+00
  0.00000000e+00 0.00000000e+00 0.00000000e+00]
 [0.00000000e+00 1.25979472e-01 2.55275208e-01 1.16696663e-01
  0.00000000e+00 0.00000000e+00 0.00000000e+00 0.00000000e+00
  0.00000000e+00 0.00000000e+00 0.00000000e+00 0.00000000e+00
  0.00000000e+00 0.00000000e+00 0.00000000e+00]
 [3.11281724e-01 6.66332694e-01 4.21244638e-01 1.98732145e-01
  0.00000000e+00 0.00000000e+00 0.00000000e+00 0.00000000e+00
  0.00000000e+00 0.00000000e+00 0.00000000e+00 0.00000000e+00
  0.00000000e+00 0.00000000e+00 0.00000000e+00]
 [0.00000000e+00 0.00000000e+00 2.88178576e-01 2.30759677e-01
  0.00000000e+00 0.00000000e+00 0.00000000e+00 0.00000000e+00
  0.00000000e+00 0.00000000e+00 0.00000000e+00 0.00000000e+00
  0.00000000e+00 0.00000000e+00 0.00000000e+00]
 [2.14749822e-01 1.15031690e+00 2.78163008e-01 0.00000000e+00
  0.00000000e+00 0.00000000e+00 0.00000000e+00 0.00000000e+00
  0.00000000e+00 0.00000000e+00 0.00000000e+00 0.00000000e+00
  0.00000000e+00 0.00000000e+00 0.00000000e+00]
 [3.28029513e+00 1.57561701e+00 7.56143294e-01 1.13734503e+00
  2.69877504e+00 6.29495191e+00 8.98768887e+00 9.29686859e+00
  1.02329901e+01 8.68047207e+00 7.98505650e+00 8.73655913e+00
  7.01595460e+00 6.25343428e+00 6.61965095e+00]]

13
----------------------------------------------------------------------------------
[[0.00000000e+00 0.00000000e+00 0.00000000e+00 0.00000000e+00
  0.00000000e+00 0.00000000e+00 0.00000000e+00 0.00000000e+00
  0.00000000e+00 0.00000000e+00 0.00000000e+00 0.00000000e+00
  0.00000000e+00 0.00000000e+00 0.00000000e+00]
 [0.00000000e+00 0.00000000e+00 0.00000000e+00 0.00000000e+00
  0.00000000e+00 0.00000000e+00 2.31246449e+01 0.00000000e+00
  0.00000000e+00 0.00000000e+00 0.00000000e+00 0.00000000e+00
  0.00000000e+00 0.00000000e+00 0.00000000e+00]
 [0.00000000e+00 0.00000000e+00 0.00000000e+00 0.00000000e+00
  0.00000000e+00 0.00000000e+00 0.00000000e+00 0.00000000e+00
  0.00000000e+00 0.00000000e+00 2.52001597e+01 0.00000000e+00
  0.00000000e+00 5.36055825e-01 6.85819033e-01]
 [0.00000000e+00 0.00000000e+00 0.00000000e+00 0.00000000e+00
  0.00000000e+00 0.00000000e+00 0.00000000e+00 0.00000000e+00
  0.00000000e+00 0.00000000e+00 0.00000000e+00 0.00000000e+00
  0.00000000e+00 0.00000000e+00 0.00000000e+00]
 [0.00000000e+00 0.00000000e+00 0.00000000e+00 0.00000000e+00
  0.00000000e+00 0.00000000e+00 0.00000000e+00 0.00000000e+00
  0.00000000e+00 0.00000000e+00 0.00000000e+00 0.00000000e+00
  0.00000000e+00 0.00000000e+00 0.00000000e+00]
 [0.00000000e+00 0.00000000e+00 0.00000000e+00 0.00000000e+00
  0.00000000e+00 0.00000000e+00 0.00000000e+00 2.08673678e-01
  0.00000000e+00 0.00000000e+00 0.00000000e+00 0.00000000e+00
  0.00000000e+00 1.03916864e+00 1.47847411e+00]
 [0.00000000e+00 0.00000000e+00 0.00000000e+00 1.29163939e-02
  0.00000000e+00 3.01675545e-02 1.05774902e-02 3.73023056e-01
  0.00000000e+00 0.00000000e+00 0.00000000e+00 0.00000000e+00
  0.00000000e+00 3.85218168e-01 4.56747161e-01]
 [0.00000000e+00 0.00000000e+00 0.00000000e+00 0.00000000e+00
  0.00000000e+00 0.00000000e+00 0.00000000e+00 0.00000000e+00
  0.00000000e+00 0.00000000e+00 0.00000000e+00 0.00000000e+00
  0.00000000e+00 0.00000000e+00 0.00000000e+00]
 [0.00000000e+00 0.00000000e+00 0.00000000e+00 0.00000000e+00
  0.00000000e+00 0.00000000e+00 0.00000000e+00 0.00000000e+00
  0.00000000e+00 0.00000000e+00 0.00000000e+00 0.00000000e+00
  0.00000000e+00 0.00000000e+00 0.00000000e+00]
 [0.00000000e+00 0.00000000e+00 0.00000000e+00 0.00000000e+00
  0.00000000e+00 0.00000000e+00 0.00000000e+00 0.00000000e+00
  0.00000000e+00 0.00000000e+00 0.00000000e+00 0.00000000e+00
  0.00000000e+00 1.06316488e+00 1.42273601e+00]
 [0.00000000e+00 2.26917725e-01 7.66805293e-01 0.00000000e+00
  0.00000000e+00 0.00000000e+00 0.00000000e+00 0.00000000e+00
  0.00000000e+00 0.00000000e+00 0.00000000e+00 0.00000000e+00
  0.00000000e+00 2.82599834e-01 8.62208690e-01]
 [0.00000000e+00 0.00000000e+00 0.00000000e+00 0.00000000e+00
  0.00000000e+00 0.00000000e+00 0.00000000e+00 0.00000000e+00
  0.00000000e+00 0.00000000e+00 0.00000000e+00 9.90969114e-01
  5.43453771e-01 9.76970997e-01 3.52324565e-01]
 [0.00000000e+00 0.00000000e+00 0.00000000e+00 0.00000000e+00
  0.00000000e+00 0.00000000e+00 0.00000000e+00 0.00000000e+00
  0.00000000e+00 0.00000000e+00 8.89875187e+00 0.00000000e+00
  0.00000000e+00 5.87342712e-01 8.91054444e-01]
 [0.00000000e+00 0.00000000e+00 0.00000000e+00 0.00000000e+00
  0.00000000e+00 0.00000000e+00 0.00000000e+00 0.00000000e+00
  0.00000000e+00 0.00000000e+00 4.15307371e+00 0.00000000e+00
  4.95862148e-01 0.00000000e+00 0.00000000e+00]
 [0.00000000e+00 0.00000000e+00 0.00000000e+00 0.00000000e+00
  0.00000000e+00 0.00000000e+00 0.00000000e+00 0.00000000e+00
  0.00000000e+00 1.91694875e-01 5.29766260e+00 0.00000000e+00
  0.00000000e+00 6.71783937e+00 0.00000000e+00]
 [0.00000000e+00 0.00000000e+00 0.00000000e+00 0.00000000e+00
  0.00000000e+00 0.00000000e+00 0.00000000e+00 0.00000000e+00
  0.00000000e+00 7.54643464e-01 1.00653720e+00 6.18894591e-01
  0.00000000e+00 0.00000000e+00 0.00000000e+00]
 [0.00000000e+00 0.00000000e+00 0.00000000e+00 0.00000000e+00
  0.00000000e+00 0.00000000e+00 0.00000000e+00 0.00000000e+00
  0.00000000e+00 0.00000000e+00 0.00000000e+00 0.00000000e+00
  0.00000000e+00 1.95850471e+00 0.00000000e+00]
 [7.30518385e+00 8.42778969e+00 1.10992876e+01 1.40259901e+01
  1.29181585e+01 1.10592578e+01 1.08527644e+01 1.25908970e+01
  1.32474307e+01 1.02886675e+01 1.12440907e+01 1.03860278e+01
  5.46495070e+00 3.05457844e+00 4.61160566e+00]]