

1
----------------------------------------------------------------------------------
[[0.00000000e+00 0.00000000e+00 4.43177139e-02 6.20283165e-02
  3.46323104e-02 0.00000000e+00 1.05108409e-01 0.00000000e+00
  0.00000000e+00 0.00000000e+00 0.00000000e+00 5.34611695e-02
  0.00000000e+00 0.00000000e+00 0.00000000e+00]
 [0.00000000e+00 0.00000000e+00 0.00000000e+00 7.36711303e-02
  1.38529370e-03 2.84500207e-02 3.50842232e-02 7.75717687e-02
  1.25282750e-02 0.00000000e+00 2.04230627e-02 1.21980989e-01
  0.00000000e+00 6.37880621e-02 0.00000000e+00]
 [9.99193588e-02 1.50361720e+00 0.00000000e+00 0.00000000e+00
  1.14052450e-01 0.00000000e+00 0.00000000e+00 0.00000000e+00
  1.77509127e-01 0.00000000e+00 5.64607407e-02 7.07740290e-03
  0.00000000e+00 1.49438846e-01 0.00000000e+00]
 [0.00000000e+00 0.00000000e+00 0.00000000e+00 1.72517184e-02
  0.00000000e+00 0.00000000e+00 9.30791254e-04 1.90911418e-02
  0.00000000e+00 0.00000000e+00 0.00000000e+00 0.00000000e+00
  0.00000000e+00 3.18902264e-02 0.00000000e+00]
 [0.00000000e+00 0.00000000e+00 0.00000000e+00 6.58878561e-02
  1.31944792e-02 0.00000000e+00 0.00000000e+00 8.22976846e-02
  0.00000000e+00 0.00000000e+00 0.00000000e+00 4.56611176e-02
  0.00000000e+00 7.83769256e-03 0.00000000e+00]
 [0.00000000e+00 1.97205129e-01 1.51241029e-02 0.00000000e+00
  0.00000000e+00 0.00000000e+00 0.00000000e+00 7.16560815e-02
  5.09582933e-02 0.00000000e+00 0.00000000e+00 0.00000000e+00
  3.34652447e-02 0.00000000e+00 0.00000000e+00]
 [0.00000000e+00 0.00000000e+00 4.71971551e-02 1.27745498e-01
  0.00000000e+00 0.00000000e+00 1.97973482e-02 2.80930675e-02
  0.00000000e+00 0.00000000e+00 0.00000000e+00 1.20990768e-02
  0.00000000e+00 4.82542534e-03 0.00000000e+00]
 [0.00000000e+00 0.00000000e+00 0.00000000e+00 1.04756061e-01
  4.33350826e-02 0.00000000e+00 1.23285079e-01 0.00000000e+00
  0.00000000e+00 0.00000000e+00 0.00000000e+00 0.00000000e+00
  0.00000000e+00 1.24918985e-02 0.00000000e+00]
 [0.00000000e+00 0.00000000e+00 0.00000000e+00 2.25546078e-02
  0.00000000e+00 0.00000000e+00 7.57426442e-02 0.00000000e+00
  0.00000000e+00 0.00000000e+00 0.00000000e+00 0.00000000e+00
  0.00000000e+00 0.00000000e+00 0.00000000e+00]
 [0.00000000e+00 4.51875159e-01 5.69672414e-02 0.00000000e+00
  3.33906331e-01 2.91312585e-01 0.00000000e+00 0.00000000e+00
  1.83975233e-01 0.00000000e+00 2.81137066e-01 0.00000000e+00
  5.44750058e-02 0.00000000e+00 0.00000000e+00]
 [0.00000000e+00 0.00000000e+00 0.00000000e+00 5.46464444e-02
  2.42289855e-02 0.00000000e+00 4.33845991e-02 0.00000000e+00
  8.82990284e-02 0.00000000e+00 0.00000000e+00 0.00000000e+00
  0.00000000e+00 1.75694522e-02 0.00000000e+00]
 [0.00000000e+00 0.00000000e+00 0.00000000e+00 4.99682697e-02
  0.00000000e+00 0.00000000e+00 1.67140826e-01 1.07235049e-01
  0.00000000e+00 0.00000000e+00 0.00000000e+00 0.00000000e+00
  0.00000000e+00 0.00000000e+00 0.00000000e+00]
 [3.57990416e-01 1.44903953e-01 0.00000000e+00 0.00000000e+00
  0.00000000e+00 1.38583084e-02 0.00000000e+00 7.55416273e-02
  0.00000000e+00 0.00000000e+00 6.78143841e-02 0.00000000e+00
  5.62632111e-02 0.00000000e+00 0.00000000e+00]
 [0.00000000e+00 0.00000000e+00 0.00000000e+00 2.57898928e-01
  2.45774805e-01 4.08276965e-02 3.20462066e-01 4.70467960e-01
  1.87919263e-01 2.62698333e-01 7.09936463e-02 0.00000000e+00
  0.00000000e+00 0.00000000e+00 3.59996850e-01]
 [0.00000000e+00 0.00000000e+00 2.50150494e-02 4.43559524e-01
  3.01331894e-01 8.43479273e-02 2.52373645e-01 5.83119452e-01
  2.24033564e-01 2.86381913e-01 1.05039160e-01 0.00000000e+00
  0.00000000e+00 8.04177274e-02 7.00723856e-01]
 [0.00000000e+00 0.00000000e+00 0.00000000e+00 8.36563733e-03
  0.00000000e+00 0.00000000e+00 0.00000000e+00 6.45868511e-01
  2.13455553e-01 3.01558433e-01 2.82668879e-01 0.00000000e+00
  0.00000000e+00 8.74868941e-02 3.96834155e-01]
 [0.00000000e+00 1.02396965e-01 5.03199651e-01 1.04880053e+00
  1.42227029e+00 1.26972097e+00 1.27774999e+00 7.59150673e-01
  7.56431903e-01 2.70930079e-01 1.68751210e-01 0.00000000e+00
  0.00000000e+00 0.00000000e+00 5.28681747e-01]
 [1.16124286e+00 3.36445681e-01 6.54106558e-01 7.77497607e-01
  6.03243165e-01 9.68906964e-01 8.01908383e-01 4.56648758e-01
  2.58927215e-01 4.21474888e-01 5.76857460e-01 4.12501003e-01
  3.23315813e-01 2.71271684e-01 3.75870452e-01]]

2
----------------------------------------------------------------------------------
[[1.65472386e-01 9.81081970e-02 0.00000000e+00 8.97212696e-02
  0.00000000e+00 1.53742856e-01 1.27025012e-01 1.62947061e-01
  1.61349589e-01 0.00000000e+00 0.00000000e+00 5.73333635e-02
  1.41077036e-02 5.14230929e-02 2.18984230e-02]
 [1.47418162e-01 3.61756299e-01 0.00000000e+00 9.73230219e-02
  2.09062591e-01 1.91332800e-01 2.54725581e-02 2.80223795e-01
  1.93006587e-01 0.00000000e+00 0.00000000e+00 1.49638646e-01
  0.00000000e+00 3.43264738e-01 1.07688177e-01]
 [0.00000000e+00 2.61221318e-02 0.00000000e+00 1.49932767e-01
  0.00000000e+00 1.60276179e-01 1.40039896e-01 2.87935559e-01
  2.79696342e-01 0.00000000e+00 0.00000000e+00 7.97389507e-02
  0.00000000e+00 4.02168641e-01 0.00000000e+00]
 [6.95888825e-02 9.61592033e-02 0.00000000e+00 5.01021440e-02
  7.48263559e-03 1.28345808e-01 0.00000000e+00 9.82402172e-02
  1.51356863e-01 0.00000000e+00 0.00000000e+00 2.90579395e-02
  1.44924484e-03 2.21607209e-02 0.00000000e+00]
 [8.97250079e-03 6.93472259e-02 0.00000000e+00 1.62605552e-01
  2.17144909e-01 1.61680530e-01 0.00000000e+00 2.62459962e-01
  7.98956598e-02 0.00000000e+00 0.00000000e+00 7.72091547e-02
  3.88576397e-02 0.00000000e+00 0.00000000e+00]
 [0.00000000e+00 3.37079727e-02 1.33296571e-02 1.11835733e-01
  0.00000000e+00 1.67808247e-01 0.00000000e+00 2.37947585e-01
  1.04797223e-01 0.00000000e+00 0.00000000e+00 1.03372708e-01
  0.00000000e+00 1.22577408e-01 0.00000000e+00]
 [1.66025195e-02 1.48672077e-02 0.00000000e+00 2.77208372e-01
  1.20419210e-01 1.12498551e-01 0.00000000e+00 3.05306114e-01
  1.19667105e-01 0.00000000e+00 0.00000000e+00 1.16690942e-01
  3.14392688e-02 0.00000000e+00 0.00000000e+00]
 [2.80156740e-02 0.00000000e+00 0.00000000e+00 0.00000000e+00
  0.00000000e+00 0.00000000e+00 0.00000000e+00 0.00000000e+00
  7.05976333e-02 0.00000000e+00 0.00000000e+00 0.00000000e+00
  0.00000000e+00 0.00000000e+00 0.00000000e+00]
 [0.00000000e+00 2.82604742e-03 0.00000000e+00 0.00000000e+00
  0.00000000e+00 0.00000000e+00 0.00000000e+00 0.00000000e+00
  1.99350094e-02 0.00000000e+00 0.00000000e+00 0.00000000e+00
  0.00000000e+00 0.00000000e+00 0.00000000e+00]
 [0.00000000e+00 0.00000000e+00 0.00000000e+00 0.00000000e+00
  0.00000000e+00 0.00000000e+00 0.00000000e+00 2.30668648e-01
  1.14174159e-01 0.00000000e+00 0.00000000e+00 2.23581883e-01
  0.00000000e+00 1.68099885e-01 0.00000000e+00]
 [0.00000000e+00 1.56101053e-03 0.00000000e+00 4.12276300e-02
  0.00000000e+00 4.13897518e-03 0.00000000e+00 1.51497715e-01
  9.17775532e-02 0.00000000e+00 0.00000000e+00 1.01620566e-01
  0.00000000e+00 0.00000000e+00 0.00000000e+00]
 [0.00000000e+00 0.00000000e+00 0.00000000e+00 0.00000000e+00
  0.00000000e+00 0.00000000e+00 0.00000000e+00 8.12366553e-02
  1.67985519e-02 0.00000000e+00 0.00000000e+00 5.59659183e-03
  0.00000000e+00 0.00000000e+00 0.00000000e+00]
 [0.00000000e+00 1.00482042e-01 1.94304497e-02 2.22600780e-02
  0.00000000e+00 9.00471605e-02 0.00000000e+00 5.38264458e-02
  5.85334747e-02 0.00000000e+00 0.00000000e+00 0.00000000e+00
  0.00000000e+00 2.40123496e-01 9.54521890e-03]
 [2.06276173e+00 1.66953106e+00 9.75778363e-01 5.10127165e-01
  0.00000000e+00 0.00000000e+00 3.36740183e-01 6.79897002e-01
  3.57176179e-01 2.02678769e-01 9.30702004e-02 0.00000000e+00
  0.00000000e+00 0.00000000e+00 0.00000000e+00]
 [3.04024291e+00 3.37728089e+00 2.25609303e+00 9.64722281e-01
  0.00000000e+00 7.76854543e-02 1.05118613e+00 1.34647978e+00
  6.59644416e-01 4.37425827e-01 1.81885703e-01 0.00000000e+00
  0.00000000e+00 0.00000000e+00 0.00000000e+00]
 [0.00000000e+00 5.67653718e-01 3.23644148e-01 0.00000000e+00
  0.00000000e+00 2.03160670e-01 6.98423733e-01 5.60559670e-01
  2.76124737e-01 7.23276760e-02 0.00000000e+00 0.00000000e+00
  2.16667252e-01 3.59552095e-01 0.00000000e+00]
 [7.08111501e-01 1.70514805e+00 1.89432316e+00 8.94569834e-01
  0.00000000e+00 0.00000000e+00 1.20969553e+00 2.65886536e+00
  8.98851983e-01 2.16699915e-01 3.02973318e-01 0.00000000e+00
  0.00000000e+00 0.00000000e+00 0.00000000e+00]
 [1.43043697e+00 7.94851105e-01 1.06466699e+00 1.18897972e+00
  1.19066324e+00 9.08594880e-01 5.02121648e-01 3.62036568e-01
  3.77542250e-01 4.22220894e-01 7.57926915e-01 3.84382895e-01
  4.56910048e-01 2.71620884e-01 3.15309950e-01]]

3
----------------------------------------------------------------------------------
[[0.00000000e+00 2.37454366e-02 1.59731209e-01 0.00000000e+00
  0.00000000e+00 0.00000000e+00 0.00000000e+00 0.00000000e+00
  5.31558188e-02 0.00000000e+00 0.00000000e+00 0.00000000e+00
  1.72168546e-01 0.00000000e+00 0.00000000e+00]
 [0.00000000e+00 5.77412359e-03 0.00000000e+00 4.43616924e-02
  0.00000000e+00 3.86358819e-02 0.00000000e+00 0.00000000e+00
  1.98860454e-01 0.00000000e+00 0.00000000e+00 0.00000000e+00
  5.85227349e-02 2.44721275e-01 0.00000000e+00]
 [0.00000000e+00 7.88432949e-02 2.34998144e-01 6.84477021e-02
  0.00000000e+00 1.71680587e-03 2.08293096e-01 2.86373237e-01
  3.83480067e-01 1.75117050e-01 7.04560183e-02 0.00000000e+00
  2.89698541e-01 5.24483381e-02 0.00000000e+00]
 [0.00000000e+00 0.00000000e+00 6.35433425e-02 0.00000000e+00
  0.00000000e+00 2.03990438e-02 0.00000000e+00 0.00000000e+00
  8.44240668e-02 0.00000000e+00 0.00000000e+00 2.82326481e-02
  1.33303662e-01 0.00000000e+00 0.00000000e+00]
 [0.00000000e+00 0.00000000e+00 9.04011537e-02 1.48283593e-01
  0.00000000e+00 2.96070450e-02 0.00000000e+00 3.49745918e-03
  2.12406677e-02 0.00000000e+00 0.00000000e+00 7.93616834e-03
  9.32746863e-02 0.00000000e+00 0.00000000e+00]
 [0.00000000e+00 0.00000000e+00 4.59701930e-02 1.22780493e-01
  0.00000000e+00 2.22064748e-01 0.00000000e+00 1.09656811e-01
  1.28517485e-03 0.00000000e+00 0.00000000e+00 0.00000000e+00
  8.73994031e-02 0.00000000e+00 0.00000000e+00]
 [0.00000000e+00 0.00000000e+00 5.70604634e-02 2.17566915e-01
  0.00000000e+00 0.00000000e+00 0.00000000e+00 0.00000000e+00
  0.00000000e+00 0.00000000e+00 0.00000000e+00 3.38142450e-02
  7.09083911e-02 0.00000000e+00 0.00000000e+00]
 [0.00000000e+00 0.00000000e+00 1.35234214e-01 0.00000000e+00
  0.00000000e+00 2.61512390e-02 0.00000000e+00 0.00000000e+00
  1.22640707e-01 0.00000000e+00 0.00000000e+00 0.00000000e+00
  1.14051110e-01 0.00000000e+00 0.00000000e+00]
 [0.00000000e+00 0.00000000e+00 5.86313720e-02 0.00000000e+00
  0.00000000e+00 2.63032023e-02 0.00000000e+00 0.00000000e+00
  1.15389050e-01 0.00000000e+00 0.00000000e+00 0.00000000e+00
  1.52360856e-01 0.00000000e+00 0.00000000e+00]
 [6.24803026e-02 4.49797722e-02 1.14313591e-01 1.93342441e-01
  1.41365967e-03 1.41296391e-01 0.00000000e+00 0.00000000e+00
  0.00000000e+00 0.00000000e+00 0.00000000e+00 4.17313728e-02
  4.22626483e-01 0.00000000e+00 0.00000000e+00]
 [0.00000000e+00 0.00000000e+00 7.87821313e-02 8.26175030e-02
  0.00000000e+00 0.00000000e+00 0.00000000e+00 0.00000000e+00
  0.00000000e+00 0.00000000e+00 0.00000000e+00 0.00000000e+00
  2.05321681e-01 0.00000000e+00 0.00000000e+00]
 [0.00000000e+00 0.00000000e+00 5.24706779e-02 0.00000000e+00
  3.52852227e-03 3.49082403e-02 0.00000000e+00 0.00000000e+00
  1.14952108e-01 0.00000000e+00 0.00000000e+00 0.00000000e+00
  1.23919353e-01 0.00000000e+00 0.00000000e+00]
 [0.00000000e+00 1.33676656e-02 1.32715443e-02 4.48585646e-02
  0.00000000e+00 2.14102493e-01 2.01596743e-01 9.23387478e-02
  3.26202359e-01 5.20760823e-02 0.00000000e+00 4.74523626e-03
  2.99523797e-01 0.00000000e+00 9.16605544e-02]
 [0.00000000e+00 2.20487989e-01 8.88734155e-02 3.34506790e-01
  4.36303292e-01 2.53950939e-01 0.00000000e+00 6.47017783e-02
  7.65525342e-02 5.37784519e-02 0.00000000e+00 7.82671386e-02
  1.37215007e-01 3.37410356e-01 1.16386358e-01]
 [2.14739222e-01 3.72565309e-01 5.00178132e-02 9.19648755e-01
  1.82859043e+00 1.19363939e+00 0.00000000e+00 3.29841603e-02
  2.40482294e-01 4.91763302e-01 7.18651300e-01 7.69330868e-01
  3.60494947e-01 2.77948752e-01 4.51019016e-01]
 [5.09142544e-01 1.32406633e+00 5.56354899e-01 5.41880824e-01
  4.39206361e-01 5.65115473e-01 1.00079727e-01 9.75267174e-02
  1.71128590e-01 4.94090580e-01 2.31831849e-01 3.29035561e-01
  2.48342211e-01 3.32502598e-01 3.82450050e-01]
 [0.00000000e+00 2.21209429e-01 0.00000000e+00 2.04857043e-01
  8.57968880e-01 7.43473107e-01 1.17686172e-01 5.84167323e-02
  6.99313475e-02 1.99001830e-01 1.56649590e-01 2.96414776e-01
  3.30288752e-01 2.09488050e-01 7.41996308e-02]
 [6.34992422e-01 2.01789823e-01 5.09921997e-01 2.15111655e-01
  5.44832147e-01 3.28220898e-01 4.74928619e-01 5.44930816e-01
  3.06439991e-01 2.04767704e-01 4.82471493e-01 1.78042536e-01
  1.73824303e-01 1.31746784e-01 4.28012702e-01]]

4
----------------------------------------------------------------------------------
[[0.         0.01236629 0.2329904  0.07586074 0.06755507 0.02695154
  0.         0.05659513 0.         0.         0.04728848 0.
  0.02198658 0.         0.23504999]
 [0.         0.         0.25093727 0.00740639 0.03182663 0.01381586
  0.         0.11301931 0.         0.00374094 0.14010019 0.11646194
  0.13321422 0.         0.19233918]
 [0.         0.10250539 0.23247059 0.07816031 0.13957166 0.02442356
  0.         0.18626752 0.         0.         0.10976168 0.2270596
  0.12990308 0.03626548 0.11576362]
 [0.         0.         0.19594436 0.0664103  0.06532378 0.
  0.         0.07900061 0.         0.         0.         0.
  0.         0.         0.2490019 ]
 [0.         0.         0.15174749 0.07550366 0.09530365 0.
  0.         0.11524853 0.         0.         0.03543819 0.
  0.03820851 0.         0.14829811]
 [0.         0.05463239 0.09012896 0.03503727 0.         0.
  0.         0.22041754 0.         0.         0.08482398 0.0695098
  0.08002464 0.         0.10047615]
 [0.         0.0381611  0.12576698 0.03321617 0.06589544 0.
  0.         0.11202354 0.         0.         0.06078674 0.0511923
  0.09667087 0.         0.09760342]
 [0.         0.         0.19157907 0.02387923 0.         0.
  0.         0.06623305 0.         0.         0.         0.
  0.         0.         0.16903643]
 [0.         0.         0.17189706 0.02447791 0.03360686 0.
  0.         0.08760822 0.         0.         0.         0.
  0.00237532 0.         0.15870022]
 [0.         0.         0.07405219 0.         0.         0.
  0.         0.09180243 0.         0.         0.         0.2268772
  0.12884445 0.10080944 0.        ]
 [0.         0.         0.11652547 0.04124332 0.         0.
  0.         0.15586368 0.         0.         0.06873353 0.
  0.10939831 0.         0.01776614]
 [0.         0.         0.1744725  0.         0.04256916 0.
  0.         0.12359917 0.         0.         0.         0.
  0.01471481 0.         0.14537942]
 [0.06211453 0.         0.23769409 0.11079663 0.00652527 0.
  0.         0.13899655 0.         0.         0.14190308 0.
  0.19361183 0.09207946 0.02112276]
 [0.         0.         0.01133365 0.         0.         0.02311543
  0.         0.39404408 0.         0.         0.21776895 0.15663046
  0.1352954  0.         0.10183726]
 [0.03581866 0.         0.11943598 0.         0.00786215 0.18027578
  0.         0.97414106 0.27914092 0.         0.39400414 0.28147491
  0.2355317  0.13748443 0.30759052]
 [0.         0.         0.06990084 0.         0.07018529 0.17033879
  0.         0.69264042 0.13245516 0.         0.29717168 0.32955765
  0.31312494 0.34602246 0.18269591]
 [0.         0.         0.08992563 0.         0.         0.37320519
  0.01037746 1.08383444 0.39991918 0.09993708 0.58615624 0.41027028
  0.2853245  0.14330541 0.37847791]
 [0.54041672 0.75308933 0.1494983  0.68701664 0.2896305  0.23526247
  0.7063331  0.15740981 0.47954305 0.59579952 0.18188898 0.38670989
  0.31506205 1.21307565 1.20360127]]

5
----------------------------------------------------------------------------------
[[4.39226644e-01 5.69333151e-01 0.00000000e+00 2.48513116e-01
  0.00000000e+00 1.48297665e-01 0.00000000e+00 0.00000000e+00
  0.00000000e+00 0.00000000e+00 6.63304774e-03 0.00000000e+00
  2.19934163e-01 7.97383810e-02 6.30297221e-02]
 [3.62079110e-01 2.84805511e-01 1.43803156e-02 5.12351774e-01
  2.04684298e-01 1.03832400e-01 0.00000000e+00 1.42650187e-01
  1.26458586e-01 0.00000000e+00 0.00000000e+00 0.00000000e+00
  5.30285752e-01 6.57689435e-02 3.00802381e-01]
 [2.76703396e-01 3.39108284e-01 3.21467635e-01 6.02596019e-01
  0.00000000e+00 1.13930404e-01 0.00000000e+00 6.35309828e-02
  2.47475812e-01 1.99891940e-01 0.00000000e+00 0.00000000e+00
  3.87559739e-01 0.00000000e+00 4.95377065e-04]
 [2.74826603e-01 4.25241193e-01 0.00000000e+00 2.49073310e-01
  0.00000000e+00 6.33440393e-02 0.00000000e+00 0.00000000e+00
  0.00000000e+00 0.00000000e+00 0.00000000e+00 0.00000000e+00
  1.10303796e-01 1.53782526e-01 2.70806163e-03]
 [2.75039930e-01 3.89257914e-01 3.60916887e-02 3.09973278e-01
  0.00000000e+00 6.03787982e-02 0.00000000e+00 2.94849281e-02
  0.00000000e+00 6.78160503e-02 0.00000000e+00 0.00000000e+00
  2.36127635e-01 1.55791848e-01 4.94072657e-04]
 [2.09674078e-01 2.69396846e-01 1.16176955e-01 4.83405098e-01
  0.00000000e+00 0.00000000e+00 0.00000000e+00 0.00000000e+00
  1.99509875e-01 5.29755893e-02 0.00000000e+00 0.00000000e+00
  2.33633813e-01 0.00000000e+00 0.00000000e+00]
 [3.28583692e-01 3.95454357e-01 4.01779417e-02 4.25191786e-01
  0.00000000e+00 0.00000000e+00 0.00000000e+00 0.00000000e+00
  5.77164272e-02 6.89348028e-02 0.00000000e+00 0.00000000e+00
  2.62593069e-01 1.41329330e-02 2.21717283e-02]
 [2.65153872e-01 3.51313747e-01 0.00000000e+00 1.42741819e-01
  0.00000000e+00 3.85298208e-02 0.00000000e+00 0.00000000e+00
  0.00000000e+00 0.00000000e+00 0.00000000e+00 0.00000000e+00
  7.53634537e-02 2.88893017e-02 0.00000000e+00]
 [1.58244728e-01 2.88235266e-01 0.00000000e+00 7.67187872e-02
  0.00000000e+00 0.00000000e+00 0.00000000e+00 0.00000000e+00
  0.00000000e+00 0.00000000e+00 0.00000000e+00 0.00000000e+00
  3.09771265e-02 1.03435045e-01 0.00000000e+00]
 [1.79863771e-01 2.35333849e-01 1.36313516e-01 4.31893863e-01
  0.00000000e+00 1.14623856e-01 1.11853027e-01 0.00000000e+00
  1.42402218e-01 6.33607443e-02 6.88876810e-03 0.00000000e+00
  1.07227843e-01 0.00000000e+00 0.00000000e+00]
 [6.37717442e-03 1.07873117e-01 2.21000732e-02 3.96011158e-01
  0.00000000e+00 1.21092175e-01 0.00000000e+00 0.00000000e+00
  6.11736582e-02 5.78285157e-02 0.00000000e+00 0.00000000e+00
  5.88705585e-02 0.00000000e+00 0.00000000e+00]
 [1.34590805e-01 2.62938495e-01 0.00000000e+00 1.08400564e-01
  0.00000000e+00 0.00000000e+00 0.00000000e+00 0.00000000e+00
  0.00000000e+00 0.00000000e+00 0.00000000e+00 0.00000000e+00
  4.73939592e-02 8.34955962e-02 0.00000000e+00]
 [0.00000000e+00 2.05015211e-03 3.95085250e-02 2.44107525e-01
  0.00000000e+00 1.19832753e-01 0.00000000e+00 0.00000000e+00
  0.00000000e+00 2.97660141e-02 0.00000000e+00 0.00000000e+00
  7.10026803e-02 0.00000000e+00 0.00000000e+00]
 [0.00000000e+00 0.00000000e+00 0.00000000e+00 0.00000000e+00
  7.43025272e-01 1.03421526e+00 1.37493392e-01 0.00000000e+00
  0.00000000e+00 0.00000000e+00 0.00000000e+00 0.00000000e+00
  4.61129128e-02 0.00000000e+00 0.00000000e+00]
 [2.52340266e-01 0.00000000e+00 4.89264487e-02 0.00000000e+00
  6.77007398e-02 1.31487627e+00 0.00000000e+00 0.00000000e+00
  0.00000000e+00 0.00000000e+00 0.00000000e+00 0.00000000e+00
  0.00000000e+00 0.00000000e+00 0.00000000e+00]
 [0.00000000e+00 0.00000000e+00 2.02817323e-01 7.84400445e-01
  5.51264243e-01 1.00630702e+00 1.75261822e-02 0.00000000e+00
  0.00000000e+00 9.98756329e-02 1.13991662e-03 0.00000000e+00
  6.74889988e-02 0.00000000e+00 0.00000000e+00]
 [8.29841940e-01 3.93361823e-01 0.00000000e+00 0.00000000e+00
  1.62454301e+00 2.36781942e+00 0.00000000e+00 0.00000000e+00
  0.00000000e+00 0.00000000e+00 3.55581418e-02 0.00000000e+00
  1.56691848e-01 0.00000000e+00 0.00000000e+00]
 [1.42983994e+00 7.85401118e-01 8.30411983e-01 1.08258832e+00
  1.20373008e+00 4.07312892e-01 9.66005879e-01 1.14309139e+00
  8.23193571e-01 1.04192321e+00 1.08453238e+00 1.16742552e+00
  1.88272598e+00 1.40143062e+00 1.04617563e+00]]

6
----------------------------------------------------------------------------------
[[0.00000000e+00 8.87684115e-02 0.00000000e+00 0.00000000e+00
  0.00000000e+00 2.26413899e-01 1.34162301e-01 0.00000000e+00
  0.00000000e+00 0.00000000e+00 0.00000000e+00 0.00000000e+00
  1.01326005e-02 0.00000000e+00 8.07693877e-01]
 [1.10141409e-01 9.72882261e-02 1.72149542e-01 0.00000000e+00
  3.56629677e-02 2.65165843e-01 2.61202663e-01 0.00000000e+00
  2.32421908e-03 0.00000000e+00 0.00000000e+00 0.00000000e+00
  1.95608898e-01 2.17720820e-01 7.95033203e-01]
 [4.03015807e-02 0.00000000e+00 0.00000000e+00 0.00000000e+00
  0.00000000e+00 1.05884340e-01 1.54611139e-01 0.00000000e+00
  8.53750911e-02 0.00000000e+00 0.00000000e+00 0.00000000e+00
  2.24311606e-01 2.88430770e-01 3.26602313e-01]
 [0.00000000e+00 4.21697062e-02 0.00000000e+00 0.00000000e+00
  0.00000000e+00 1.59978152e-01 3.57970977e-02 0.00000000e+00
  0.00000000e+00 0.00000000e+00 1.17559647e-02 0.00000000e+00
  6.16014907e-03 0.00000000e+00 6.45062604e-01]
 [1.25170030e-02 9.81092461e-02 8.05218268e-02 0.00000000e+00
  0.00000000e+00 1.21069102e-01 6.22389136e-02 0.00000000e+00
  0.00000000e+00 0.00000000e+00 0.00000000e+00 1.53993770e-02
  4.64112474e-02 0.00000000e+00 4.90697334e-01]
 [0.00000000e+00 0.00000000e+00 0.00000000e+00 0.00000000e+00
  0.00000000e+00 0.00000000e+00 1.15180790e-01 0.00000000e+00
  0.00000000e+00 0.00000000e+00 0.00000000e+00 0.00000000e+00
  7.53062157e-02 1.09469451e-01 1.53578121e-01]
 [0.00000000e+00 1.23233163e-01 1.20306930e-01 0.00000000e+00
  0.00000000e+00 5.30177501e-02 9.62216169e-02 0.00000000e+00
  4.19122512e-02 0.00000000e+00 2.14834596e-02 0.00000000e+00
  7.44042203e-03 5.49799324e-04 4.16040669e-01]
 [0.00000000e+00 0.00000000e+00 0.00000000e+00 0.00000000e+00
  0.00000000e+00 1.49919710e-01 0.00000000e+00 0.00000000e+00
  0.00000000e+00 0.00000000e+00 2.00428690e-02 0.00000000e+00
  1.99423020e-03 0.00000000e+00 5.92668479e-01]
 [0.00000000e+00 0.00000000e+00 0.00000000e+00 0.00000000e+00
  0.00000000e+00 9.88982982e-02 1.74596314e-02 0.00000000e+00
  0.00000000e+00 0.00000000e+00 1.12341540e-02 0.00000000e+00
  3.88789734e-02 0.00000000e+00 4.95414083e-01]
 [0.00000000e+00 0.00000000e+00 6.37456964e-03 0.00000000e+00
  0.00000000e+00 3.15305567e-02 1.29358998e-01 0.00000000e+00
  5.13248927e-02 0.00000000e+00 0.00000000e+00 0.00000000e+00
  2.78412052e-01 0.00000000e+00 7.42579648e-02]
 [0.00000000e+00 0.00000000e+00 0.00000000e+00 0.00000000e+00
  0.00000000e+00 4.03860725e-02 1.61196114e-01 0.00000000e+00
  0.00000000e+00 0.00000000e+00 0.00000000e+00 0.00000000e+00
  1.03123444e-01 0.00000000e+00 1.74524517e-01]
 [0.00000000e+00 3.73932665e-03 0.00000000e+00 0.00000000e+00
  0.00000000e+00 9.71010182e-02 0.00000000e+00 0.00000000e+00
  0.00000000e+00 0.00000000e+00 1.06287535e-02 0.00000000e+00
  1.78924411e-02 0.00000000e+00 5.01570847e-01]
 [0.00000000e+00 0.00000000e+00 4.49909514e-02 0.00000000e+00
  0.00000000e+00 9.10649192e-03 2.13406592e-01 0.00000000e+00
  0.00000000e+00 0.00000000e+00 0.00000000e+00 3.83550110e-02
  2.26799492e-01 0.00000000e+00 3.35173938e-01]
 [0.00000000e+00 0.00000000e+00 1.27949789e-01 0.00000000e+00
  0.00000000e+00 1.35099813e-01 0.00000000e+00 0.00000000e+00
  0.00000000e+00 0.00000000e+00 0.00000000e+00 0.00000000e+00
  9.47726454e-02 0.00000000e+00 1.21647114e-01]
 [0.00000000e+00 6.09021146e-02 1.57024935e-01 0.00000000e+00
  0.00000000e+00 4.70128306e-02 3.05492837e-02 0.00000000e+00
  0.00000000e+00 0.00000000e+00 6.59838045e-02 0.00000000e+00
  1.55354814e-01 0.00000000e+00 2.99482971e-01]
 [0.00000000e+00 3.51332312e-02 1.59554530e-01 0.00000000e+00
  0.00000000e+00 1.78902272e-01 1.11509036e-01 0.00000000e+00
  0.00000000e+00 0.00000000e+00 2.55331425e-02 9.96481035e-03
  8.69802431e-02 1.13878626e-01 5.44080963e-03]
 [0.00000000e+00 0.00000000e+00 5.21569880e-02 0.00000000e+00
  0.00000000e+00 1.06405636e-01 0.00000000e+00 0.00000000e+00
  0.00000000e+00 0.00000000e+00 3.76473441e-02 0.00000000e+00
  1.74206748e-01 0.00000000e+00 4.65389772e-01]
 [5.18778861e-01 3.43081848e-01 3.86097509e-01 9.16028570e-01
  6.87496169e-01 2.51179024e-01 4.72422198e-01 5.43225036e-01
  5.14187843e-01 9.46592253e-01 6.90206268e-01 2.19353259e-01
  2.79874778e-01 2.64694090e+00 2.71493795e+00]]

7
----------------------------------------------------------------------------------
[[2.95199002e-01 1.76306536e-01 0.00000000e+00 0.00000000e+00
  8.30426684e-02 0.00000000e+00 0.00000000e+00 0.00000000e+00
  0.00000000e+00 0.00000000e+00 0.00000000e+00 5.69444855e-01
  1.99669903e-01 7.43426126e-02 0.00000000e+00]
 [0.00000000e+00 1.09298224e-01 1.92614761e-01 1.49284588e-01
  7.02700551e-02 1.61231377e-01 0.00000000e+00 0.00000000e+00
  0.00000000e+00 0.00000000e+00 0.00000000e+00 4.86341764e-01
  2.11733019e-01 8.77906946e-03 0.00000000e+00]
 [8.87835255e-02 1.88983068e-01 2.73878316e-01 1.85746747e-02
  5.92730025e-02 9.44957862e-02 0.00000000e+00 0.00000000e+00
  0.00000000e+00 0.00000000e+00 0.00000000e+00 4.44589778e-01
  2.36105612e-01 0.00000000e+00 0.00000000e+00]
 [1.98506927e-01 1.39664733e-01 0.00000000e+00 0.00000000e+00
  2.08694861e-02 0.00000000e+00 0.00000000e+00 0.00000000e+00
  0.00000000e+00 0.00000000e+00 0.00000000e+00 5.94988243e-01
  1.89125468e-01 3.96416209e-02 0.00000000e+00]
 [9.55890428e-02 2.30806696e-01 0.00000000e+00 5.61578529e-02
  2.63093593e-02 0.00000000e+00 0.00000000e+00 0.00000000e+00
  0.00000000e+00 0.00000000e+00 0.00000000e+00 6.60234121e-01
  1.41332744e-01 0.00000000e+00 0.00000000e+00]
 [0.00000000e+00 1.65532728e-01 1.90376370e-01 1.72026918e-03
  0.00000000e+00 5.89282481e-02 0.00000000e+00 0.00000000e+00
  0.00000000e+00 0.00000000e+00 0.00000000e+00 4.27386623e-01
  2.21767297e-01 0.00000000e+00 0.00000000e+00]
 [9.14313450e-02 2.10596488e-01 6.86777309e-02 2.03525626e-02
  0.00000000e+00 0.00000000e+00 0.00000000e+00 0.00000000e+00
  0.00000000e+00 0.00000000e+00 0.00000000e+00 6.08669367e-01
  7.55125133e-02 0.00000000e+00 0.00000000e+00]
 [2.71346101e-01 2.12946837e-01 0.00000000e+00 0.00000000e+00
  3.54883657e-02 0.00000000e+00 0.00000000e+00 0.00000000e+00
  0.00000000e+00 0.00000000e+00 0.00000000e+00 4.86078878e-01
  1.61943591e-01 0.00000000e+00 0.00000000e+00]
 [1.61624807e-01 1.22156223e-01 0.00000000e+00 0.00000000e+00
  2.43909442e-03 0.00000000e+00 0.00000000e+00 0.00000000e+00
  0.00000000e+00 0.00000000e+00 0.00000000e+00 4.76372770e-01
  1.30935692e-01 0.00000000e+00 0.00000000e+00]
 [0.00000000e+00 3.56438143e-02 1.41247887e-01 0.00000000e+00
  0.00000000e+00 9.17682649e-02 0.00000000e+00 0.00000000e+00
  0.00000000e+00 0.00000000e+00 0.00000000e+00 3.92220333e-02
  1.50632091e-01 0.00000000e+00 0.00000000e+00]
 [4.85115470e-02 1.42025356e-01 1.50002675e-01 0.00000000e+00
  0.00000000e+00 4.64176377e-02 0.00000000e+00 0.00000000e+00
  0.00000000e+00 0.00000000e+00 0.00000000e+00 3.91964391e-01
  0.00000000e+00 0.00000000e+00 0.00000000e+00]
 [1.73180490e-01 7.94492015e-02 0.00000000e+00 0.00000000e+00
  0.00000000e+00 0.00000000e+00 0.00000000e+00 0.00000000e+00
  0.00000000e+00 0.00000000e+00 0.00000000e+00 3.57904774e-01
  1.17703812e-01 0.00000000e+00 0.00000000e+00]
 [0.00000000e+00 2.62451519e-02 2.40835330e-01 0.00000000e+00
  0.00000000e+00 1.03163152e-01 0.00000000e+00 0.00000000e+00
  0.00000000e+00 0.00000000e+00 0.00000000e+00 2.96037839e-01
  0.00000000e+00 0.00000000e+00 0.00000000e+00]
 [0.00000000e+00 4.43194043e-02 5.22509937e-02 0.00000000e+00
  0.00000000e+00 9.40864935e-02 5.43369363e-01 2.28723964e+00
  1.60454743e+00 6.04386157e-01 1.87327747e+00 3.72692678e+00
  1.46761416e+00 7.84850938e-02 0.00000000e+00]
 [0.00000000e+00 2.46944380e-02 0.00000000e+00 0.00000000e+00
  0.00000000e+00 1.92371578e-01 1.43439957e-01 3.05552115e+00
  1.06477348e+00 1.08532274e+00 3.91586243e+00 3.92882761e+00
  1.18689147e+00 1.05842778e-01 0.00000000e+00]
 [0.00000000e+00 0.00000000e+00 1.84896518e-01 1.80749796e-01
  0.00000000e+00 5.12837963e-01 9.81959610e-01 2.60701539e+00
  1.14488130e+00 9.26446771e-01 1.18875015e+00 1.29482328e+00
  1.28387919e+00 2.81090068e-01 0.00000000e+00]
 [0.00000000e+00 4.27055858e-02 0.00000000e+00 0.00000000e+00
  0.00000000e+00 8.49641372e-02 4.01448768e-01 1.75556623e+00
  9.61395621e-01 2.12261801e-01 1.11804692e+00 1.54530856e+00
  8.90177026e-01 0.00000000e+00 0.00000000e+00]
 [9.59623639e-01 1.30973451e+00 1.87559727e-01 1.18943758e+00
  6.84346616e-01 1.29596532e-01 8.30547540e-01 8.64277551e-01
  9.86261024e-01 5.66121733e-01 5.71633857e-01 5.54084698e-01
  1.66790948e-01 5.03447617e-01 1.51041582e+00]]

8
----------------------------------------------------------------------------------
[[0.00000000e+00 0.00000000e+00 0.00000000e+00 0.00000000e+00
  0.00000000e+00 0.00000000e+00 0.00000000e+00 0.00000000e+00
  0.00000000e+00 0.00000000e+00 0.00000000e+00 0.00000000e+00
  0.00000000e+00 0.00000000e+00 4.75768102e-02]
 [0.00000000e+00 0.00000000e+00 0.00000000e+00 0.00000000e+00
  0.00000000e+00 0.00000000e+00 0.00000000e+00 1.16499710e-01
  0.00000000e+00 2.78188852e-01 0.00000000e+00 1.08706342e+00
  6.78225610e-01 3.85446828e-01 2.54224354e-01]
 [6.09092661e-01 1.54498962e-01 0.00000000e+00 0.00000000e+00
  0.00000000e+00 0.00000000e+00 0.00000000e+00 6.67912076e-01
  0.00000000e+00 2.73472722e-01 4.11842098e-01 3.63304640e-01
  2.43537938e-01 5.44961860e-01 1.48473365e+00]
 [0.00000000e+00 0.00000000e+00 0.00000000e+00 0.00000000e+00
  0.00000000e+00 0.00000000e+00 0.00000000e+00 0.00000000e+00
  0.00000000e+00 0.00000000e+00 0.00000000e+00 0.00000000e+00
  0.00000000e+00 0.00000000e+00 0.00000000e+00]
 [0.00000000e+00 0.00000000e+00 0.00000000e+00 0.00000000e+00
  0.00000000e+00 0.00000000e+00 0.00000000e+00 0.00000000e+00
  0.00000000e+00 9.56546744e-02 1.19511262e-01 0.00000000e+00
  0.00000000e+00 0.00000000e+00 0.00000000e+00]
 [0.00000000e+00 0.00000000e+00 0.00000000e+00 0.00000000e+00
  0.00000000e+00 0.00000000e+00 0.00000000e+00 0.00000000e+00
  0.00000000e+00 0.00000000e+00 1.60344095e-01 0.00000000e+00
  0.00000000e+00 0.00000000e+00 1.34526304e-01]
 [0.00000000e+00 0.00000000e+00 0.00000000e+00 0.00000000e+00
  0.00000000e+00 0.00000000e+00 0.00000000e+00 7.98132497e-02
  0.00000000e+00 0.00000000e+00 9.64679255e-03 0.00000000e+00
  0.00000000e+00 0.00000000e+00 0.00000000e+00]
 [0.00000000e+00 0.00000000e+00 0.00000000e+00 0.00000000e+00
  0.00000000e+00 0.00000000e+00 0.00000000e+00 0.00000000e+00
  0.00000000e+00 0.00000000e+00 0.00000000e+00 0.00000000e+00
  0.00000000e+00 0.00000000e+00 0.00000000e+00]
 [0.00000000e+00 0.00000000e+00 0.00000000e+00 0.00000000e+00
  0.00000000e+00 0.00000000e+00 0.00000000e+00 0.00000000e+00
  0.00000000e+00 0.00000000e+00 0.00000000e+00 0.00000000e+00
  0.00000000e+00 0.00000000e+00 5.50478927e-02]
 [3.81321761e-01 1.46458161e-01 0.00000000e+00 2.46786707e-01
  0.00000000e+00 0.00000000e+00 0.00000000e+00 0.00000000e+00
  0.00000000e+00 0.00000000e+00 2.01347795e-01 3.17220386e-02
  1.96031122e-01 9.97948346e-02 1.59818909e+00]
 [0.00000000e+00 0.00000000e+00 0.00000000e+00 0.00000000e+00
  0.00000000e+00 0.00000000e+00 0.00000000e+00 0.00000000e+00
  0.00000000e+00 0.00000000e+00 9.77718774e-02 0.00000000e+00
  0.00000000e+00 0.00000000e+00 0.00000000e+00]
 [0.00000000e+00 0.00000000e+00 0.00000000e+00 0.00000000e+00
  0.00000000e+00 0.00000000e+00 0.00000000e+00 0.00000000e+00
  0.00000000e+00 0.00000000e+00 7.28174813e-02 0.00000000e+00
  3.55900995e-02 0.00000000e+00 3.36442338e-02]
 [6.05219712e-01 1.92886956e-01 0.00000000e+00 0.00000000e+00
  5.78567021e-02 0.00000000e+00 0.00000000e+00 0.00000000e+00
  0.00000000e+00 0.00000000e+00 4.47181880e-01 3.41629988e-01
  4.84617241e-01 4.88583079e-02 8.71594387e-01]
 [0.00000000e+00 0.00000000e+00 6.67620837e-02 0.00000000e+00
  0.00000000e+00 0.00000000e+00 0.00000000e+00 0.00000000e+00
  0.00000000e+00 0.00000000e+00 3.40715259e-02 0.00000000e+00
  0.00000000e+00 0.00000000e+00 0.00000000e+00]
 [0.00000000e+00 1.02574975e-01 2.71476683e-01 1.17674346e-01
  0.00000000e+00 0.00000000e+00 1.41521932e+00 9.79707219e-01
  0.00000000e+00 1.29730179e-01 7.23819771e-02 0.00000000e+00
  0.00000000e+00 0.00000000e+00 1.23305712e-01]
 [8.81336718e-01 1.09389924e+00 2.43407482e+00 1.25716502e-03
  3.64539140e-01 0.00000000e+00 7.72083431e-01 5.48101277e-01
  0.00000000e+00 0.00000000e+00 1.95116726e-01 4.53695037e-01
  5.22312390e-01 0.00000000e+00 6.26805443e-01]
 [8.74931108e-02 7.78983983e-01 8.08567170e-01 4.87575827e-01
  0.00000000e+00 0.00000000e+00 7.07634482e-01 6.71467998e-01
  0.00000000e+00 0.00000000e+00 0.00000000e+00 0.00000000e+00
  5.35668590e-02 0.00000000e+00 3.64162050e-02]
 [6.35187553e-01 5.69204310e-01 6.53007989e-01 4.10210367e-01
  6.67644618e-01 7.82607643e-01 8.35042354e-01 6.50321097e-01
  1.28771867e+00 8.82885230e-01 4.58160610e-01 1.04187068e+00
  1.55116519e+00 1.48393364e+00 7.31707503e-01]]

9
----------------------------------------------------------------------------------
[[2.13794910e-01 0.00000000e+00 0.00000000e+00 7.66060323e-01
  1.05079749e+00 0.00000000e+00 1.22139307e+00 2.59150654e-01
  0.00000000e+00 0.00000000e+00 1.25418963e+00 1.61796468e+00
  1.95499924e+00 3.89389096e-01 8.18472612e-01]
 [1.76077352e-01 0.00000000e+00 4.52696387e-01 1.64280951e+00
  6.55864649e-01 5.51199203e-01 1.68657471e+00 4.10220583e-01
  5.59498455e-01 4.05852502e+00 2.18489421e+00 1.12304498e+00
  4.35373537e-01 0.00000000e+00 1.51855267e+00]
 [5.41832073e-01 0.00000000e+00 0.00000000e+00 0.00000000e+00
  1.84009683e+00 0.00000000e+00 1.44392484e+00 0.00000000e+00
  4.24364389e+00 5.43556633e+01 7.94008288e-01 7.71737815e-01
  5.28785842e-01 1.46866114e+00 1.20423820e-01]
 [8.27590398e-02 0.00000000e+00 0.00000000e+00 0.00000000e+00
  0.00000000e+00 0.00000000e+00 8.52347228e-03 0.00000000e+00
  0.00000000e+00 0.00000000e+00 2.52373587e+00 3.66286017e+00
  1.65885083e+00 0.00000000e+00 0.00000000e+00]
 [2.09728474e-02 0.00000000e+00 0.00000000e+00 0.00000000e+00
  0.00000000e+00 0.00000000e+00 0.00000000e+00 0.00000000e+00
  0.00000000e+00 0.00000000e+00 1.28481754e+00 3.69126865e+00
  1.33431635e+00 0.00000000e+00 0.00000000e+00]
 [4.71901046e-02 0.00000000e+00 0.00000000e+00 1.50354086e-01
  1.65572946e-01 0.00000000e+00 1.25270270e-01 0.00000000e+00
  0.00000000e+00 5.51749140e+00 2.35678178e+01 3.05014951e+00
  1.08119665e+00 1.53145026e-02 0.00000000e+00]
 [0.00000000e+00 0.00000000e+00 0.00000000e+00 0.00000000e+00
  0.00000000e+00 0.00000000e+00 1.53192102e-01 0.00000000e+00
  0.00000000e+00 0.00000000e+00 7.12760049e-01 2.34946115e+00
  8.85515681e-01 0.00000000e+00 0.00000000e+00]
 [0.00000000e+00 0.00000000e+00 0.00000000e+00 0.00000000e+00
  0.00000000e+00 0.00000000e+00 2.10711153e-01 0.00000000e+00
  0.00000000e+00 0.00000000e+00 0.00000000e+00 8.80338271e-01
  2.29255064e-01 0.00000000e+00 0.00000000e+00]
 [0.00000000e+00 0.00000000e+00 0.00000000e+00 0.00000000e+00
  0.00000000e+00 0.00000000e+00 1.77140025e-01 0.00000000e+00
  0.00000000e+00 0.00000000e+00 0.00000000e+00 3.96255442e-01
  0.00000000e+00 0.00000000e+00 0.00000000e+00]
 [1.14637883e-01 0.00000000e+00 1.98727192e+00 4.51276686e+00
  2.00393344e+00 0.00000000e+00 6.70520126e-01 0.00000000e+00
  2.63696497e+00 0.00000000e+00 6.27004775e+00 4.57985790e-01
  7.92087223e-02 1.93399937e+00 1.91031892e-01]
 [0.00000000e+00 0.00000000e+00 0.00000000e+00 0.00000000e+00
  0.00000000e+00 0.00000000e+00 3.29810620e-01 0.00000000e+00
  0.00000000e+00 0.00000000e+00 0.00000000e+00 3.20564364e-02
  0.00000000e+00 0.00000000e+00 1.53287314e-04]
 [0.00000000e+00 0.00000000e+00 0.00000000e+00 9.81208051e-02
  0.00000000e+00 0.00000000e+00 3.99082102e-01 0.00000000e+00
  0.00000000e+00 0.00000000e+00 0.00000000e+00 1.27476905e-02
  0.00000000e+00 0.00000000e+00 0.00000000e+00]
 [8.10303804e-02 0.00000000e+00 0.00000000e+00 4.97676933e-01
  7.68439071e-02 0.00000000e+00 6.93509616e-01 0.00000000e+00
  0.00000000e+00 0.00000000e+00 2.32287663e+00 0.00000000e+00
  0.00000000e+00 0.00000000e+00 0.00000000e+00]
 [0.00000000e+00 0.00000000e+00 0.00000000e+00 0.00000000e+00
  0.00000000e+00 0.00000000e+00 1.41609184e-01 0.00000000e+00
  0.00000000e+00 0.00000000e+00 0.00000000e+00 0.00000000e+00
  0.00000000e+00 0.00000000e+00 1.83352583e-01]
 [0.00000000e+00 0.00000000e+00 0.00000000e+00 1.59896866e-01
  1.77598315e-01 1.26107680e-01 5.73400763e-01 0.00000000e+00
  0.00000000e+00 4.75216052e+00 4.00637618e-01 0.00000000e+00
  0.00000000e+00 5.61072914e-02 2.38079739e-01]
 [0.00000000e+00 0.00000000e+00 0.00000000e+00 3.25887271e-01
  1.30325600e-01 3.41255322e-01 5.21243154e-01 3.07924502e+00
  1.42553766e+00 1.82648492e+01 2.27763736e+00 0.00000000e+00
  0.00000000e+00 0.00000000e+00 2.94764204e-01]
 [0.00000000e+00 0.00000000e+00 0.00000000e+00 4.64753270e-01
  6.67316053e-01 4.96626811e-01 1.76837125e+00 4.28629353e-01
  0.00000000e+00 0.00000000e+00 1.72264523e+00 0.00000000e+00
  0.00000000e+00 5.25791521e-01 8.46593161e-01]
 [2.34819467e-01 1.06701620e+00 1.23684245e+00 4.97158355e-01
  3.18765972e-01 6.01973726e-01 7.99453714e-01 2.20221834e+00
  4.45725613e+00 6.11450835e+00 1.99309690e+00 9.16648380e-01
  4.95065999e-01 8.85473534e-01 5.35048821e-01]]

10
----------------------------------------------------------------------------------
[[0.00000000e+00 0.00000000e+00 8.51284943e-02 0.00000000e+00
  9.60859885e-02 1.70398713e-01 7.20188295e-02 1.47059300e-01
  0.00000000e+00 0.00000000e+00 0.00000000e+00 1.70515943e-02
  3.19163806e-02 0.00000000e+00 1.60993216e-01]
 [1.71630486e+01 4.34306973e+00 7.51850211e+00 1.28807900e+00
  2.97795007e-01 2.13336577e-01 0.00000000e+00 1.90463257e-02
  7.72212258e-02 0.00000000e+00 0.00000000e+00 0.00000000e+00
  0.00000000e+00 0.00000000e+00 8.92800981e-03]
 [1.19811921e+00 1.81058381e+00 0.00000000e+00 3.54945193e-02
  1.40861671e-02 0.00000000e+00 0.00000000e+00 0.00000000e+00
  9.05872553e-01 8.07428863e-02 0.00000000e+00 0.00000000e+00
  1.09992391e-01 0.00000000e+00 8.46423116e-03]
 [0.00000000e+00 0.00000000e+00 0.00000000e+00 0.00000000e+00
  0.00000000e+00 0.00000000e+00 6.77706493e-02 5.35210944e-03
  0.00000000e+00 0.00000000e+00 0.00000000e+00 3.94930589e-03
  2.68399918e-03 0.00000000e+00 6.63235998e-01]
 [2.61925019e+00 2.31382555e+00 1.45005248e+00 5.54013803e-01
  0.00000000e+00 1.47620550e-01 1.17517644e-01 1.49069447e-02
  0.00000000e+00 1.99991223e-02 0.00000000e+00 0.00000000e+00
  0.00000000e+00 0.00000000e+00 8.28669704e-02]
 [0.00000000e+00 0.00000000e+00 0.00000000e+00 0.00000000e+00
  0.00000000e+00 0.00000000e+00 0.00000000e+00 0.00000000e+00
  5.15733130e-01 7.70003245e-02 0.00000000e+00 2.92932396e-02
  0.00000000e+00 0.00000000e+00 0.00000000e+00]
 [3.99340851e+00 2.34914500e+00 0.00000000e+00 0.00000000e+00
  0.00000000e+00 0.00000000e+00 0.00000000e+00 8.23871881e-03
  0.00000000e+00 8.00995897e-03 0.00000000e+00 0.00000000e+00
  0.00000000e+00 0.00000000e+00 6.87483773e-02]
 [0.00000000e+00 0.00000000e+00 0.00000000e+00 0.00000000e+00
  0.00000000e+00 0.00000000e+00 0.00000000e+00 0.00000000e+00
  0.00000000e+00 0.00000000e+00 0.00000000e+00 0.00000000e+00
  2.35761524e-02 0.00000000e+00 8.60573879e-01]
 [0.00000000e+00 0.00000000e+00 0.00000000e+00 0.00000000e+00
  0.00000000e+00 0.00000000e+00 0.00000000e+00 8.01263356e-03
  0.00000000e+00 0.00000000e+00 0.00000000e+00 0.00000000e+00
  5.13869797e-02 0.00000000e+00 0.00000000e+00]
 [0.00000000e+00 3.12093064e-01 0.00000000e+00 3.73766809e-02
  0.00000000e+00 2.47157849e-01 0.00000000e+00 0.00000000e+00
  9.11633152e-01 1.88440729e-01 0.00000000e+00 0.00000000e+00
  4.16304470e-02 0.00000000e+00 0.00000000e+00]
 [0.00000000e+00 0.00000000e+00 0.00000000e+00 0.00000000e+00
  0.00000000e+00 0.00000000e+00 0.00000000e+00 0.00000000e+00
  2.36032953e-01 1.94243653e-03 0.00000000e+00 0.00000000e+00
  2.41614089e-02 0.00000000e+00 0.00000000e+00]
 [0.00000000e+00 0.00000000e+00 0.00000000e+00 0.00000000e+00
  0.00000000e+00 0.00000000e+00 0.00000000e+00 1.55501131e-02
  0.00000000e+00 0.00000000e+00 0.00000000e+00 0.00000000e+00
  7.27803926e-02 0.00000000e+00 0.00000000e+00]
 [0.00000000e+00 6.02894037e-01 0.00000000e+00 1.72776199e-01
  3.37624436e-02 1.00933226e-02 2.66608236e-02 0.00000000e+00
  7.41177678e-01 0.00000000e+00 0.00000000e+00 7.34103384e-02
  1.05311790e-01 0.00000000e+00 0.00000000e+00]
 [0.00000000e+00 0.00000000e+00 0.00000000e+00 0.00000000e+00
  3.31604883e-01 2.71247714e-02 1.66321127e-01 1.33098441e-01
  3.24805568e-01 0.00000000e+00 0.00000000e+00 1.34603663e-01
  0.00000000e+00 0.00000000e+00 1.15231369e-01]
 [0.00000000e+00 0.00000000e+00 0.00000000e+00 0.00000000e+00
  7.35620631e-01 1.54643483e-01 5.55891453e-01 1.35193576e-01
  5.90702035e-01 0.00000000e+00 0.00000000e+00 5.86962585e-02
  1.09230680e-01 0.00000000e+00 7.71649145e-02]
 [0.00000000e+00 1.89753419e+00 0.00000000e+00 8.57191157e-01
  3.62771762e-01 4.33796336e-01 5.58089464e-01 3.40075416e-02
  1.15121499e+00 3.99374114e-02 0.00000000e+00 1.57323856e-01
  1.19240780e-01 0.00000000e+00 7.89025614e-02]
 [0.00000000e+00 9.91976533e-01 0.00000000e+00 0.00000000e+00
  3.35974066e-01 2.46100690e-01 1.64703194e-01 2.29381330e-01
  1.01230091e+00 7.17971928e-01 0.00000000e+00 4.53965212e-01
  5.81611756e-02 0.00000000e+00 1.46673931e+00]
 [4.20004231e+00 1.37553615e+00 1.72113399e+00 8.44388618e-01
  3.37938769e-01 5.96732078e-01 3.99461549e-01 5.43085269e-01
  8.24170503e-01 5.35573014e-01 9.35035429e-01 5.78354556e-01
  6.40048113e-01 7.48570219e-01 6.00611760e-01]]

11
----------------------------------------------------------------------------------
[[2.18535662e-01 2.11253475e-01 1.19784688e-01 0.00000000e+00
  0.00000000e+00 0.00000000e+00 1.86916006e-02 1.96071437e-01
  2.96931909e-01 0.00000000e+00 0.00000000e+00 0.00000000e+00
  0.00000000e+00 0.00000000e+00 7.66597704e+00]
 [2.09063665e-01 1.65654328e-01 8.25003964e-02 0.00000000e+00
  1.87285554e-03 2.19975485e-01 5.86988277e-02 0.00000000e+00
  3.06235062e-01 0.00000000e+00 0.00000000e+00 0.00000000e+00
  0.00000000e+00 0.00000000e+00 0.00000000e+00]
 [1.66779667e-01 1.23666122e-01 3.23499657e-01 0.00000000e+00
  0.00000000e+00 0.00000000e+00 1.42009603e-01 4.48713445e-01
  1.77093035e-01 0.00000000e+00 0.00000000e+00 0.00000000e+00
  0.00000000e+00 0.00000000e+00 0.00000000e+00]
 [3.47495562e-01 2.31876703e-01 1.15826604e-01 0.00000000e+00
  0.00000000e+00 0.00000000e+00 6.25654685e-02 1.85441769e-01
  2.18152354e-01 0.00000000e+00 0.00000000e+00 0.00000000e+00
  0.00000000e+00 2.05906012e+01 0.00000000e+00]
 [1.20121741e-01 1.41315670e-01 4.49953666e-02 0.00000000e+00
  4.90624998e-02 1.24985015e-02 1.26880613e-01 4.37191722e-01
  7.31118440e-03 0.00000000e+00 0.00000000e+00 0.00000000e+00
  0.00000000e+00 0.00000000e+00 1.95330400e-01]
 [1.32659044e-03 1.26024599e-01 1.08427294e-01 0.00000000e+00
  0.00000000e+00 0.00000000e+00 4.47065590e-02 3.33259004e-01
  2.32889922e-01 5.50041002e-02 0.00000000e+00 0.00000000e+00
  0.00000000e+00 0.00000000e+00 0.00000000e+00]
 [4.62706340e-02 1.01624688e-01 1.32239219e-01 0.00000000e+00
  1.82468718e-02 2.61804340e-02 3.71313280e-02 2.85843745e-01
  2.27811818e-01 0.00000000e+00 0.00000000e+00 0.00000000e+00
  0.00000000e+00 0.00000000e+00 1.74203980e-02]
 [2.51087877e-02 2.63669790e+00 2.28583923e-02 0.00000000e+00
  0.00000000e+00 0.00000000e+00 0.00000000e+00 2.46285330e-02
  5.54937610e-01 0.00000000e+00 4.28555024e+00 0.00000000e+00
  0.00000000e+00 0.00000000e+00 6.75559833e-01]
 [1.68328455e-01 1.63079694e-01 2.42984141e-02 1.60461820e-01
  0.00000000e+00 0.00000000e+00 0.00000000e+00 4.22211336e-02
  1.13125014e-01 0.00000000e+00 0.00000000e+00 0.00000000e+00
  0.00000000e+00 0.00000000e+00 0.00000000e+00]
 [1.26777776e-01 9.87392886e-02 1.43242145e-01 0.00000000e+00
  0.00000000e+00 2.26491053e-02 6.53499076e-02 4.83515967e-01
  9.24436995e-02 0.00000000e+00 1.84879802e-01 0.00000000e+00
  0.00000000e+00 0.00000000e+00 0.00000000e+00]
 [3.50041251e-02 5.42052608e-02 8.13117312e-02 0.00000000e+00
  0.00000000e+00 0.00000000e+00 0.00000000e+00 7.36672914e-02
  2.01210112e-01 0.00000000e+00 0.00000000e+00 0.00000000e+00
  0.00000000e+00 0.00000000e+00 0.00000000e+00]
 [1.82176047e-01 1.40440994e-01 1.25190912e-01 9.90633085e-02
  0.00000000e+00 0.00000000e+00 6.61971472e-02 5.65397660e-02
  2.79011010e-01 0.00000000e+00 0.00000000e+00 0.00000000e+00
  2.15583088e+01 0.00000000e+00 0.00000000e+00]
 [1.32920985e-01 3.84596917e-02 2.31731291e-01 0.00000000e+00
  0.00000000e+00 0.00000000e+00 0.00000000e+00 4.06541170e-01
  1.93102188e-01 0.00000000e+00 0.00000000e+00 0.00000000e+00
  0.00000000e+00 0.00000000e+00 0.00000000e+00]
 [1.51685687e-01 7.48254739e-02 2.10602031e-01 1.88992510e-01
  1.08219792e-01 3.46871021e-01 5.37122758e-01 3.54283393e-01
  1.26996260e-01 0.00000000e+00 0.00000000e+00 1.87711922e+01
  9.03219520e+01 0.00000000e+00 0.00000000e+00]
 [4.22307808e-02 2.48591595e-01 1.27944335e-02 9.95558027e-01
  0.00000000e+00 2.67832976e+00 6.12390269e+00 6.90170374e-01
  0.00000000e+00 0.00000000e+00 0.00000000e+00 0.00000000e+00
  0.00000000e+00 0.00000000e+00 1.88180904e-01]
 [1.09450166e-01 3.22644646e-02 0.00000000e+00 9.25652977e-02
  2.69394192e-01 7.06010781e-01 3.32714792e-01 1.03495122e+00
  6.02759911e-01 0.00000000e+00 0.00000000e+00 0.00000000e+00
  0.00000000e+00 0.00000000e+00 0.00000000e+00]
 [6.72190334e-02 2.66002005e-02 4.01775811e-01 5.34803537e-01
  0.00000000e+00 4.95607794e-01 3.48400384e-01 0.00000000e+00
  0.00000000e+00 4.52994502e+00 2.90248727e+01 1.11629124e+02
  0.00000000e+00 0.00000000e+00 0.00000000e+00]
 [6.13741787e-01 6.40410481e-02 2.30583078e-01 6.86421024e-01
  7.00256224e-01 3.83497439e-01 3.18389636e-01 1.04543754e+00
  1.08428060e+00 2.29939191e+00 4.66338171e+00 7.20465573e+00
  2.01777801e+01 1.98451781e+01 1.69873189e+00]]

12
----------------------------------------------------------------------------------
[[1.14852251e+00 3.89280901e-01 5.30611840e-01 6.46013622e-01
  3.27955584e-01 4.91679255e-01 9.05172142e-02 4.01285035e-01
  8.29024983e-02 4.58880209e-01 0.00000000e+00 0.00000000e+00
  2.34577839e-01 1.19426521e-01 7.21511689e-01]
 [3.81898724e-01 1.84080740e-01 6.24526269e-02 1.25538860e+00
  2.15022379e-02 2.78754573e-01 0.00000000e+00 5.41216787e-01
  3.10559524e-01 2.28926549e-01 0.00000000e+00 0.00000000e+00
  2.21317614e-01 7.55970604e-02 1.84782638e+00]
 [0.00000000e+00 0.00000000e+00 0.00000000e+00 0.00000000e+00
  3.61432377e-02 0.00000000e+00 0.00000000e+00 2.26177562e-01
  0.00000000e+00 2.92155373e-02 0.00000000e+00 0.00000000e+00
  8.97820414e-02 1.72636176e-01 1.22071887e+00]
 [3.61452652e-01 0.00000000e+00 0.00000000e+00 0.00000000e+00
  1.20565674e-01 3.49363992e-02 0.00000000e+00 1.33776784e-01
  0.00000000e+00 1.76949411e-01 0.00000000e+00 0.00000000e+00
  1.23729342e-01 6.77669148e-02 2.18613295e-01]
 [0.00000000e+00 0.00000000e+00 0.00000000e+00 4.33166103e-02
  4.14813986e-02 2.92004251e-02 0.00000000e+00 2.20503296e-01
  0.00000000e+00 2.02130113e-01 0.00000000e+00 0.00000000e+00
  1.34609651e-02 7.77814679e-02 0.00000000e+00]
 [0.00000000e+00 0.00000000e+00 0.00000000e+00 0.00000000e+00
  1.06777823e-01 0.00000000e+00 0.00000000e+00 1.82119645e-01
  0.00000000e+00 7.31189186e-02 0.00000000e+00 0.00000000e+00
  0.00000000e+00 7.79262356e-02 1.92244749e-01]
 [0.00000000e+00 0.00000000e+00 0.00000000e+00 7.40100231e-02
  7.34134555e-02 6.31740058e-02 0.00000000e+00 2.50953510e-01
  0.00000000e+00 8.93013855e-02 0.00000000e+00 0.00000000e+00
  0.00000000e+00 8.13738810e-02 3.96566929e-01]
 [6.33376878e-01 0.00000000e+00 0.00000000e+00 3.28439012e-02
  1.07027921e-01 0.00000000e+00 0.00000000e+00 8.39180241e-02
  0.00000000e+00 1.33043502e-01 0.00000000e+00 0.00000000e+00
  9.61182520e-02 9.21276706e-02 2.52389253e-01]
 [0.00000000e+00 0.00000000e+00 0.00000000e+00 2.90702315e-02
  5.67123237e-02 0.00000000e+00 0.00000000e+00 1.71751847e-01
  0.00000000e+00 1.86507520e-01 0.00000000e+00 0.00000000e+00
  1.52159720e-03 9.39747731e-02 2.63771069e-01]
 [0.00000000e+00 0.00000000e+00 0.00000000e+00 0.00000000e+00
  3.39935685e-02 0.00000000e+00 0.00000000e+00 1.95061190e-01
  0.00000000e+00 8.31044926e-02 0.00000000e+00 0.00000000e+00
  1.46757790e-02 1.43439831e-01 3.90146537e-01]
 [0.00000000e+00 0.00000000e+00 0.00000000e+00 2.99234239e-02
  7.50339757e-02 9.10224468e-03 0.00000000e+00 1.06589063e-01
  0.00000000e+00 5.93022524e-02 0.00000000e+00 0.00000000e+00
  4.66894143e-02 0.00000000e+00 1.21428181e-01]
 [1.28673751e-01 0.00000000e+00 5.99906711e-02 8.52103038e-02
  0.00000000e+00 4.25980559e-02 0.00000000e+00 0.00000000e+00
  0.00000000e+00 2.08776330e-01 0.00000000e+00 0.00000000e+00
  4.28516913e-02 0.00000000e+00 1.08817481e+00]
 [0.00000000e+00 0.00000000e+00 6.83196025e-04 9.03162633e-02
  3.91400160e-02 0.00000000e+00 0.00000000e+00 4.67149249e-02
  2.79662987e-02 0.00000000e+00 0.00000000e+00 0.00000000e+00
  9.34895235e-03 1.06413874e-01 4.02913560e-01]
 [1.98534978e+00 4.13808298e+00 0.00000000e+00 9.82386061e-01
  6.17535237e-01 6.53315380e-02 8.84746459e+00 4.71043846e-01
  5.68601020e-01 6.45662382e-01 5.21486963e-01 0.00000000e+00
  6.56086132e-02 1.79805030e-01 2.44391533e-01]
 [2.02431776e+00 5.44523940e+00 0.00000000e+00 2.73333281e+00
  2.09214013e+00 4.73646220e-01 5.84982313e+00 7.11481666e-02
  5.70562337e-01 9.22945595e-01 8.47890967e-01 0.00000000e+00
  1.24977177e-01 1.66224492e-01 7.98357850e-01]
 [8.36365689e-01 0.00000000e+00 0.00000000e+00 1.28006831e+00
  8.59370000e-01 0.00000000e+00 6.17829792e-02 7.22530609e-01
  1.15034324e+00 5.58250557e-01 0.00000000e+00 0.00000000e+00
  0.00000000e+00 0.00000000e+00 2.97471895e-01]
 [0.00000000e+00 2.24483738e-01 2.62050577e-01 2.63450785e+00
  4.44093673e-01 0.00000000e+00 0.00000000e+00 0.00000000e+00
  0.00000000e+00 6.47950347e-01 0.00000000e+00 0.00000000e+00
  7.40535327e-01 6.18507883e-01 7.54513084e-01]
 [1.11833573e+00 1.58379060e+00 1.32732274e+00 1.50180502e+00
  1.62361581e+00 1.50178913e+00 1.66960730e+00 1.15393803e+00
  1.74288297e+00 1.29367090e+00 1.34903066e+00 2.81030891e+00
  2.86293633e+00 1.48581100e+00 6.52131085e-01]]

13
----------------------------------------------------------------------------------
[[0.00000000e+00 1.13165809e+00 0.00000000e+00 1.30424879e-01
  1.47727864e-01 1.23689772e-01 8.31114166e-02 1.63236209e-01
  0.00000000e+00 0.00000000e+00 1.11669318e-02 0.00000000e+00
  1.23863456e-01 0.00000000e+00 0.00000000e+00]
 [7.97402879e-01 2.64439400e+00 5.80919202e-01 4.62636558e-01
  2.84937485e-01 0.00000000e+00 1.80930493e-01 1.50934448e-01
  0.00000000e+00 0.00000000e+00 1.01337097e-01 8.77437061e-02
  1.45571718e-01 0.00000000e+00 5.58678140e-02]
 [2.79441914e-01 7.26145844e-01 0.00000000e+00 2.83650476e-01
  4.81218524e-02 0.00000000e+00 1.00951595e-02 1.82599474e-01
  0.00000000e+00 0.00000000e+00 2.11438764e-01 6.41654081e-02
  0.00000000e+00 0.00000000e+00 0.00000000e+00]
 [8.48333846e-03 0.00000000e+00 0.00000000e+00 7.11049565e-02
  1.23045149e-01 1.48768706e-02 8.56003885e-02 1.16164002e-01
  0.00000000e+00 0.00000000e+00 0.00000000e+00 0.00000000e+00
  3.54933128e-02 0.00000000e+00 2.03154690e-03]
 [0.00000000e+00 0.00000000e+00 0.00000000e+00 5.19211074e-03
  7.73930556e-02 0.00000000e+00 7.27603644e-03 1.05986818e-01
  0.00000000e+00 0.00000000e+00 0.00000000e+00 5.33813073e-03
  6.07639398e-02 0.00000000e+00 4.33689637e-02]
 [0.00000000e+00 0.00000000e+00 0.00000000e+00 1.48126735e-01
  1.16485184e-01 0.00000000e+00 0.00000000e+00 1.11354910e-01
  0.00000000e+00 0.00000000e+00 1.44176709e-01 7.42756078e-02
  0.00000000e+00 0.00000000e+00 0.00000000e+00]
 [5.43343461e-02 0.00000000e+00 0.00000000e+00 1.82939979e-01
  5.31567369e-02 0.00000000e+00 0.00000000e+00 1.39462325e-01
  0.00000000e+00 0.00000000e+00 1.34289141e-02 5.31921904e-02
  0.00000000e+00 0.00000000e+00 0.00000000e+00]
 [1.48371129e-01 0.00000000e+00 0.00000000e+00 9.44669925e-02
  1.13700922e-01 1.06205603e-02 1.29588618e-01 7.56851968e-02
  0.00000000e+00 0.00000000e+00 0.00000000e+00 0.00000000e+00
  8.60407255e-03 0.00000000e+00 0.00000000e+00]
 [0.00000000e+00 0.00000000e+00 0.00000000e+00 7.51427939e-02
  1.37117939e-01 0.00000000e+00 7.04286591e-02 8.79406988e-02
  0.00000000e+00 0.00000000e+00 0.00000000e+00 0.00000000e+00
  2.73577024e-02 0.00000000e+00 0.00000000e+00]
 [0.00000000e+00 9.01257813e-02 0.00000000e+00 3.47659905e-01
  1.27708393e-02 0.00000000e+00 2.69116295e-02 7.73740100e-02
  0.00000000e+00 0.00000000e+00 1.66950712e-01 1.21619334e-01
  0.00000000e+00 0.00000000e+00 0.00000000e+00]
 [1.11211866e-01 0.00000000e+00 0.00000000e+00 1.17651555e-01
  1.04318525e-01 0.00000000e+00 0.00000000e+00 9.20784594e-02
  0.00000000e+00 0.00000000e+00 8.55027601e-02 9.89528417e-03
  4.53750352e-02 0.00000000e+00 0.00000000e+00]
 [2.06630000e-01 7.25779471e-01 0.00000000e+00 2.95117572e-01
  1.42413786e-01 5.15367536e-02 1.44594406e-01 8.31364284e-02
  0.00000000e+00 3.38760023e-02 1.55520622e-02 0.00000000e+00
  8.55003341e-02 0.00000000e+00 0.00000000e+00]
 [2.33262780e-02 0.00000000e+00 0.00000000e+00 1.84035895e-01
  0.00000000e+00 1.84861684e-02 0.00000000e+00 4.12846699e-02
  0.00000000e+00 0.00000000e+00 4.33743153e-02 5.93417146e-03
  1.48750452e-02 0.00000000e+00 0.00000000e+00]
 [3.31085463e-01 8.32642947e-02 0.00000000e+00 1.98290376e-01
  8.25411212e-02 4.97278900e-02 5.71945072e-02 0.00000000e+00
  0.00000000e+00 0.00000000e+00 0.00000000e+00 1.99679532e-02
  2.11463499e-02 0.00000000e+00 1.51222563e-02]
 [6.93415205e-01 8.04265952e-01 3.13277685e-02 3.78018157e-01
  2.25533346e-01 1.45842926e-01 1.09040825e-02 0.00000000e+00
  0.00000000e+00 0.00000000e+00 2.89762488e-02 1.37211117e-02
  1.06787012e-01 1.45712274e-01 5.35050936e-01]
 [6.29953910e-01 1.97286803e-01 0.00000000e+00 1.71852510e-01
  7.15248270e-02 0.00000000e+00 2.91946129e-02 0.00000000e+00
  0.00000000e+00 0.00000000e+00 3.72084267e-02 0.00000000e+00
  8.76394218e-02 0.00000000e+00 0.00000000e+00]
 [7.93266170e-01 1.31834884e+00 1.11875476e-01 4.57327336e-01
  1.72271299e-01 7.69050655e-02 1.19111020e-01 3.92993007e-02
  5.87979927e-03 0.00000000e+00 4.21885792e-02 5.22118612e-02
  8.37817074e-02 5.48121059e-03 9.77190740e-03]
 [6.02422376e-01 7.03491283e-01 3.36676490e-01 3.43368148e-01
  9.64664053e-02 6.63140259e-01 2.62012448e-01 2.43831198e-01
  5.06250245e-01 5.39081796e-01 1.60947238e-01 1.59705663e-01
  3.23940537e-01 4.81666572e-01 5.50875890e-01]]

14
----------------------------------------------------------------------------------
[[0.00000000e+00 0.00000000e+00 0.00000000e+00 0.00000000e+00
  0.00000000e+00 7.60348411e-02 0.00000000e+00 5.37529384e-01
  1.47453272e+00 0.00000000e+00 1.47343229e+00 0.00000000e+00
  1.62726367e-01 1.69750788e-01 3.46923088e-01]
 [0.00000000e+00 0.00000000e+00 0.00000000e+00 0.00000000e+00
  2.73706389e-01 0.00000000e+00 0.00000000e+00 1.69332777e-01
  4.43815301e-01 0.00000000e+00 0.00000000e+00 0.00000000e+00
  0.00000000e+00 0.00000000e+00 0.00000000e+00]
 [9.42672920e-02 0.00000000e+00 4.74558213e-02 0.00000000e+00
  4.95627329e-01 0.00000000e+00 1.49844954e-01 2.71944885e-01
  2.46887594e-01 0.00000000e+00 0.00000000e+00 0.00000000e+00
  1.42230359e-02 0.00000000e+00 1.00954265e-02]
 [0.00000000e+00 0.00000000e+00 1.56837008e-01 0.00000000e+00
  4.15775468e-01 8.59448621e-02 2.32857859e-01 1.35382651e-01
  1.06877590e-02 9.50206759e-01 1.48359486e+00 1.49837398e+01
  0.00000000e+00 0.00000000e+00 0.00000000e+00]
 [0.00000000e+00 0.00000000e+00 1.07105010e-02 0.00000000e+00
  5.84975562e-01 0.00000000e+00 4.11094978e-01 7.48124269e-02
  0.00000000e+00 0.00000000e+00 0.00000000e+00 0.00000000e+00
  0.00000000e+00 0.00000000e+00 0.00000000e+00]
 [5.90347124e-02 0.00000000e+00 1.24156959e-01 0.00000000e+00
  4.76289189e-01 0.00000000e+00 0.00000000e+00 0.00000000e+00
  9.95604403e-02 0.00000000e+00 0.00000000e+00 0.00000000e+00
  1.00260335e-01 0.00000000e+00 0.00000000e+00]
 [7.72083340e-02 0.00000000e+00 5.35679243e-02 0.00000000e+00
  4.68219126e-01 0.00000000e+00 5.29900118e-02 5.45694338e-02
  0.00000000e+00 0.00000000e+00 0.00000000e+00 0.00000000e+00
  0.00000000e+00 0.00000000e+00 0.00000000e+00]
 [0.00000000e+00 0.00000000e+00 1.17546485e-01 0.00000000e+00
  4.63552626e-01 8.93371175e-02 2.78345290e-02 1.94092010e-01
  0.00000000e+00 0.00000000e+00 0.00000000e+00 2.71113571e+01
  0.00000000e+00 0.00000000e+00 0.00000000e+00]
 [0.00000000e+00 0.00000000e+00 0.00000000e+00 0.00000000e+00
  5.91526820e-01 0.00000000e+00 3.29803375e-02 4.47570919e-02
  1.47083176e-01 0.00000000e+00 0.00000000e+00 0.00000000e+00
  0.00000000e+00 0.00000000e+00 5.72964781e-02]
 [0.00000000e+00 1.00085031e-01 1.54224971e-02 0.00000000e+00
  6.52567125e-02 3.95569363e-02 0.00000000e+00 0.00000000e+00
  1.17439761e-01 0.00000000e+00 0.00000000e+00 0.00000000e+00
  8.75173277e-02 0.00000000e+00 1.65768306e-02]
 [0.00000000e+00 1.10107813e-02 0.00000000e+00 0.00000000e+00
  2.37217632e-01 3.32730693e-02 0.00000000e+00 0.00000000e+00
  1.04154709e-01 0.00000000e+00 0.00000000e+00 0.00000000e+00
  5.61553872e-03 0.00000000e+00 2.58759737e-02]
 [3.40020000e-01 7.89180349e-02 0.00000000e+00 0.00000000e+00
  4.36109240e-01 0.00000000e+00 2.40368305e-01 0.00000000e+00
  2.51131450e-01 0.00000000e+00 0.00000000e+00 6.59815062e+00
  6.24965633e-01 0.00000000e+00 1.17836670e-01]
 [8.03168330e-02 7.50312681e-03 0.00000000e+00 0.00000000e+00
  1.27514950e-01 3.19198599e-01 0.00000000e+00 0.00000000e+00
  9.54892029e-02 0.00000000e+00 0.00000000e+00 0.00000000e+00
  0.00000000e+00 0.00000000e+00 0.00000000e+00]
 [8.90085160e-02 1.37341589e-01 0.00000000e+00 0.00000000e+00
  2.38034551e+00 6.15496802e+00 0.00000000e+00 2.80850839e-01
  0.00000000e+00 0.00000000e+00 0.00000000e+00 1.02963099e+00
  0.00000000e+00 3.69670927e+01 0.00000000e+00]
 [1.19247347e+00 0.00000000e+00 2.53952518e-03 0.00000000e+00
  2.03374447e+00 2.73882095e+00 0.00000000e+00 7.47617594e-01
  0.00000000e+00 0.00000000e+00 0.00000000e+00 1.67868508e+00
  0.00000000e+00 3.59491599e+01 6.31196070e-02]
 [1.65972688e-01 2.89533840e-01 8.83592636e-02 0.00000000e+00
  0.00000000e+00 0.00000000e+00 0.00000000e+00 1.01586361e-01
  1.18292404e-02 0.00000000e+00 0.00000000e+00 1.49133918e+00
  0.00000000e+00 0.00000000e+00 0.00000000e+00]
 [9.36501957e-01 7.84184606e-01 4.02065852e-02 1.27008418e+00
  7.54468637e-01 9.89063966e-01 5.76627467e-01 2.58899892e-01
  0.00000000e+00 0.00000000e+00 0.00000000e+00 8.25789887e-01
  0.00000000e+00 2.63240073e-01 6.58078766e-01]
 [6.31569734e-01 8.99381091e-01 1.77795756e+00 3.01980963e+00
  3.61302103e+00 2.22454190e+00 3.37213745e+00 2.16928849e+00
  1.06365825e+00 2.72007946e+00 1.91576843e+00 8.74926061e-01
  1.17783574e+00 2.59184378e+00 2.53243835e+00]]

16
----------------------------------------------------------------------------------
[[1.43572248e-02 0.00000000e+00 0.00000000e+00 9.01943765e-01
  1.10942771e-01 4.45157949e-01 6.58312265e-01 0.00000000e+00
  8.90309429e-01 0.00000000e+00 0.00000000e+00 2.03110002e-01
  0.00000000e+00 9.99563495e-02 1.15488518e-01]
 [0.00000000e+00 0.00000000e+00 0.00000000e+00 1.63191012e-01
  0.00000000e+00 3.31164207e+00 2.96106145e+00 1.16255763e+00
  2.30072069e+00 0.00000000e+00 0.00000000e+00 5.47542378e-01
  0.00000000e+00 2.20628116e-01 3.12858932e-01]
 [0.00000000e+00 0.00000000e+00 0.00000000e+00 2.48374993e-01
  0.00000000e+00 4.93771027e-01 0.00000000e+00 0.00000000e+00
  3.03486817e-02 0.00000000e+00 0.00000000e+00 5.40825437e-02
  0.00000000e+00 2.98060588e-01 2.72233698e-01]
 [0.00000000e+00 0.00000000e+00 0.00000000e+00 5.22245522e-01
  5.60092162e-02 0.00000000e+00 0.00000000e+00 0.00000000e+00
  0.00000000e+00 0.00000000e+00 0.00000000e+00 0.00000000e+00
  0.00000000e+00 1.14707619e-01 1.66502645e-01]
 [0.00000000e+00 0.00000000e+00 7.96030046e-02 6.53425990e-01
  5.03925626e-02 0.00000000e+00 4.44995384e-01 0.00000000e+00
  4.13635737e-01 0.00000000e+00 0.00000000e+00 0.00000000e+00
  0.00000000e+00 1.54364910e-01 1.63129949e-01]
 [0.00000000e+00 0.00000000e+00 0.00000000e+00 2.81588341e-01
  0.00000000e+00 0.00000000e+00 0.00000000e+00 0.00000000e+00
  0.00000000e+00 0.00000000e+00 0.00000000e+00 0.00000000e+00
  0.00000000e+00 1.54061533e-01 1.59532783e-01]
 [0.00000000e+00 0.00000000e+00 0.00000000e+00 4.48066823e-01
  0.00000000e+00 2.92583189e-01 6.96412500e-01 0.00000000e+00
  1.24097708e+00 0.00000000e+00 0.00000000e+00 0.00000000e+00
  0.00000000e+00 2.12729861e-01 1.74637897e-01]
 [2.80577561e+00 7.32199577e-01 1.41431841e+00 9.59463294e-01
  0.00000000e+00 0.00000000e+00 0.00000000e+00 0.00000000e+00
  0.00000000e+00 0.00000000e+00 4.83093519e-01 0.00000000e+00
  0.00000000e+00 8.81973579e-02 1.64039694e-01]
 [0.00000000e+00 2.07121685e-01 5.14651761e-01 7.05394889e-01
  1.91982473e-02 0.00000000e+00 0.00000000e+00 0.00000000e+00
  0.00000000e+00 0.00000000e+00 1.05422540e+00 1.95530804e-01
  0.00000000e+00 1.49421898e-01 1.87754406e-01]
 [0.00000000e+00 6.44330091e-03 0.00000000e+00 1.88245764e-01
  6.49805598e-02 0.00000000e+00 0.00000000e+00 0.00000000e+00
  0.00000000e+00 0.00000000e+00 3.14932246e-01 0.00000000e+00
  0.00000000e+00 1.27937113e-01 7.00121992e-02]
 [0.00000000e+00 1.23656338e-01 8.77580388e-02 7.77197897e-02
  0.00000000e+00 0.00000000e+00 0.00000000e+00 0.00000000e+00
  8.09583033e-02 0.00000000e+00 1.70592130e+00 1.03857088e-01
  0.00000000e+00 1.83644590e-01 1.79318019e-01]
 [0.00000000e+00 0.00000000e+00 0.00000000e+00 2.25410921e-01
  0.00000000e+00 0.00000000e+00 0.00000000e+00 0.00000000e+00
  0.00000000e+00 0.00000000e+00 4.17125953e-01 1.29291213e-01
  0.00000000e+00 1.81199736e-01 1.66321292e-01]
 [0.00000000e+00 1.41564994e-01 1.98492734e-01 4.44398039e-02
  5.67059991e-02 0.00000000e+00 0.00000000e+00 0.00000000e+00
  0.00000000e+00 0.00000000e+00 2.40173930e-01 1.60163773e-01
  0.00000000e+00 1.80273886e-01 1.59110521e-01]
 [1.91562187e+00 6.56036536e-01 0.00000000e+00 2.44142255e-02
  0.00000000e+00 0.00000000e+00 0.00000000e+00 0.00000000e+00
  6.00004213e-01 5.55749750e+00 0.00000000e+00 1.52412618e+00
  1.04623135e+00 5.08227623e-01 9.03625850e-01]
 [1.89517778e+00 5.19233984e-01 0.00000000e+00 6.89038109e-02
  0.00000000e+00 0.00000000e+00 0.00000000e+00 0.00000000e+00
  1.69484928e+00 4.19628984e+00 0.00000000e+00 2.72225907e+00
  1.32264229e+00 3.00345094e-01 1.08980563e+00]
 [0.00000000e+00 1.31224020e-01 2.76799847e-01 2.17678588e-01
  5.70044480e-02 0.00000000e+00 0.00000000e+00 0.00000000e+00
  8.88657928e-01 5.34529710e-01 0.00000000e+00 7.52365730e-01
  0.00000000e+00 8.50827407e-01 1.95768525e+00]
 [0.00000000e+00 0.00000000e+00 0.00000000e+00 4.28212115e+00
  0.00000000e+00 0.00000000e+00 2.11387434e-03 0.00000000e+00
  4.01962041e-01 0.00000000e+00 2.16597851e-01 8.33175426e-01
  5.40135561e-01 0.00000000e+00 9.07366111e-01]
 [3.70259099e+00 3.40947673e+00 4.31273360e+00 2.57971115e+00
  1.95267072e+00 2.24260788e+00 3.28990359e+00 2.59673525e+00
  1.79680395e+00 1.44019486e+00 8.79547689e-01 1.03593772e+00
  7.23703936e-01 6.03839376e-01 3.46070037e-01]]

16
----------------------------------------------------------------------------------
[[0.         0.38295459 1.26378249 0.52655324]
 [0.         0.48364878 0.         0.26494658]
 [0.         0.3136448  0.1125097  0.03021994]
 [0.         0.28553104 0.13510934 0.52853009]
 [0.         0.34996949 0.         0.17338305]
 [0.         0.24642156 0.         0.        ]
 [0.         0.36865992 0.         0.        ]
 [1.08197722 6.71913869 1.05891898 4.19212382]
 [0.         0.16661791 0.         0.15463211]
 [0.         0.         0.         0.        ]
 [0.         0.1497916  0.         0.        ]
 [0.         0.23242836 0.         0.11679913]
 [0.         0.0913638  0.         0.        ]
 [0.3028898  0.62438716 0.28797798 0.22320073]
 [0.80210418 0.70901816 1.21796075 0.43551358]
 [0.         0.2146371  0.06047887 0.07302393]
 [0.         0.29265589 0.         0.31932859]
 [0.77139276 0.40591026 1.26815583 1.43559098]]