

1
----------------------------------------------------------------------------------
[[0.         0.         0.         0.51398015 0.52744659 0.
  0.         0.         0.         0.         0.         0.
  0.1581405  0.         0.23988906]
 [0.         0.         0.         0.66700667 0.50069718 0.
  0.21758098 0.         0.         0.         0.         0.
  0.94502675 0.         0.15483421]
 [0.04233223 0.22745326 0.         0.6725973  0.19857312 0.
  0.         0.         0.         0.         0.         0.
  0.         0.         0.1090291 ]
 [0.         0.09980817 0.         0.37965471 0.09728971 0.05925412
  0.         0.05575824 0.         0.         0.         0.
  0.         0.         0.2950539 ]
 [0.13070546 0.10544636 0.         0.51889113 0.22577108 0.1422132
  0.         0.         0.         0.         0.         0.46164103
  0.         0.13066026 0.40114541]
 [0.         0.06481841 0.08484539 0.78984099 0.07938239 0.
  0.         0.11398296 0.         0.         0.         0.
  0.         0.36412792 0.17688905]
 [0.00634157 0.         0.         0.55532325 0.23071921 0.
  0.         0.         0.         0.         0.         0.32327766
  0.         0.14459738 0.30195969]
 [0.         0.         0.         0.         0.06733841 0.
  0.         0.04426666 0.         0.         0.         0.
  0.         0.         0.30719466]
 [0.         0.         0.         0.         0.0187087  0.
  0.         0.00631967 0.         0.         0.         0.
  0.         0.         0.73652106]
 [0.         0.         0.21908017 0.38777557 0.         0.
  0.         0.09436634 0.         0.         0.         0.
  0.         0.25730714 0.13281456]
 [0.         0.         0.15854572 0.28717793 0.         0.
  0.         0.05877961 0.         0.         0.14697094 0.
  0.         0.16678553 0.72494773]
 [0.         0.         0.         0.07505907 0.06993028 0.
  0.         0.         0.         0.         0.13873724 0.
  0.         0.         0.43679495]
 [0.         0.         0.         0.16920816 0.         0.
  0.         0.1537482  0.         0.         0.17978182 0.
  0.05197219 0.06947449 0.79758975]
 [0.         0.05499779 0.         0.15843449 0.         0.
  0.04756296 0.27372805 2.12847723 0.31391534 0.         0.
  0.01637377 0.         0.        ]
 [0.         0.07037107 0.         0.13853342 0.         0.
  0.00762608 0.23562588 5.13929797 0.81427432 0.         0.
  0.02755135 0.         0.        ]
 [0.         0.         0.         0.15658112 0.         0.
  0.02849384 0.         0.         0.         0.         0.
  0.         0.         0.        ]
 [0.         0.23718696 0.         0.05290628 0.         0.
  0.         0.49943444 0.06864997 0.         0.         0.
  0.30932671 0.         0.        ]
 [2.27280286 0.64599268 0.50759808 1.05096812 2.30628552 1.59667714
  1.66637219 1.35886228 2.07958946 2.4018382  2.73451487 2.68993829
  0.88982609 2.09951828 3.22419615]]

2
----------------------------------------------------------------------------------
[[0.06899924 0.         0.         0.         0.04369417 0.65540956
  0.89685445 0.93279884 0.         0.         0.         0.
  0.         0.30227198 0.        ]
 [0.         0.         0.         0.         0.03861181 0.74003435
  0.80784806 0.72042855 0.         0.         0.         0.
  0.         1.56106484 0.        ]
 [0.29503176 0.         0.         0.         0.         0.60165124
  0.58871061 0.92748027 0.         0.         0.         0.
  0.         1.01121446 0.        ]
 [0.08735314 0.         0.         0.11007849 0.22134645 0.49546076
  0.46159372 0.26029209 0.         0.         0.         0.
  0.         0.         0.        ]
 [0.01075277 0.         0.         0.         0.28598027 0.1947944
  0.53782368 0.0252068  0.         0.1397991  0.         0.
  0.         0.         0.        ]
 [0.         0.         0.         0.         0.24684364 0.01209042
  0.06861884 0.72477601 0.         0.         0.         0.
  0.         0.         0.        ]
 [0.00804341 0.         0.         0.         0.28770872 0.12723713
  0.28228609 0.14333679 0.         0.03170181 0.         0.
  0.         0.         0.        ]
 [0.         0.         0.         0.         0.         0.21715215
  0.28429085 0.         0.09000107 0.         0.         0.
  0.         0.         0.        ]
 [0.         0.08050762 0.         0.         0.         0.27352991
  0.20372312 0.07934541 0.         0.03712116 0.         0.
  0.         0.         0.        ]
 [0.         0.         0.         0.         0.         0.16793816
  0.         0.7269645  0.37125004 0.         0.         0.
  0.         0.         0.        ]
 [0.         0.         0.         0.06493796 0.         0.09896499
  0.         0.57083168 0.         0.         0.         0.
  0.         0.         0.        ]
 [0.         0.08644327 0.         0.         0.11666605 0.31331298
  0.24278199 0.         0.         0.07524589 0.         0.
  0.         0.         0.        ]
 [0.         0.         0.         0.06415549 0.         0.10289274
  0.         0.58461559 0.         0.         0.         0.
  0.         0.         0.        ]
 [0.         0.         0.034096   0.         0.         0.
  0.         0.         0.         0.         0.         0.
  1.78036743 0.59549538 0.        ]
 [0.         0.         0.         0.         0.         0.
  0.         0.         0.         0.         0.         0.05275187
  2.63197655 3.73925679 0.        ]
 [0.         0.         0.         0.         0.         0.
  0.         0.         0.         0.         0.         0.
  2.42358895 7.4236881  0.        ]
 [0.         0.         0.29020302 0.         0.         0.
  0.         0.3188613  0.31731029 0.         0.         3.98038574
  6.21038558 0.84849534 0.19516019]
 [3.53204562 1.03234482 1.08417051 1.5943621  1.18061729 4.43834651
  2.90800904 1.1532129  0.40348968 3.1115144  4.68266107 3.2002483
  1.12079201 1.8205926  1.33708216]]

3
----------------------------------------------------------------------------------
[[0.         1.03207157 0.62484558 1.67247354 0.         0.19739874
  0.68587446 1.05608399 0.37182942 0.01321296 0.03153336 0.07579908
  0.01780255 0.         0.        ]
 [0.         1.64570732 1.61518452 3.72443644 0.05173867 0.
  0.78106792 0.66271531 0.57393287 0.         0.         0.
  0.         0.         0.        ]
 [0.         1.23076043 0.33662481 1.93575785 0.         0.
  0.86096235 0.68701392 0.60700504 0.25958211 0.         0.
  0.         0.         0.        ]
 [0.         0.40759315 0.52201798 0.77627672 0.         0.37003383
  0.48402889 1.2027338  0.         0.07917619 0.21900088 0.00932239
  0.         0.         0.        ]
 [0.         0.36402763 0.29584487 0.63587573 0.         0.
  0.76846364 0.6378154  0.04374535 0.         0.02405343 0.
  0.         0.94961879 0.        ]
 [0.         0.59616549 0.07896045 0.49753911 0.         0.3102289
  0.62815135 0.39564672 0.38254308 0.62351412 0.         0.
  0.         0.93397955 1.1731004 ]
 [0.         0.47545974 0.37031546 0.88889129 0.         0.
  0.80219988 0.49502839 0.08529301 0.04684139 0.         0.
  0.         1.12426448 0.18702233]
 [0.66278781 0.51616949 0.         0.69883709 0.         0.24603251
  0.68497223 1.146902   0.         0.03787232 0.         0.12226601
  0.         0.         0.        ]
 [1.28295873 1.19643755 0.         0.51129526 0.         0.1119555
  0.4281574  0.71675321 0.         0.09654948 0.         0.
  0.         0.         0.        ]
 [0.         0.48077496 0.         0.51435735 0.         1.04871527
  0.28861077 0.         0.65689308 0.41594346 0.         0.
  0.         0.41032098 0.45589468]
 [0.9324475  1.92208124 0.         0.         0.         0.43000972
  0.         0.31890073 0.55710033 0.47194473 0.         0.
  0.         0.08173346 0.74199223]
 [1.16619869 0.73660576 0.         0.56400211 0.         0.10519198
  0.46314821 0.67253879 0.         0.0809875  0.         0.
  0.         0.         0.        ]
 [1.1958968  1.84903588 0.         0.         0.         0.43566981
  0.13653247 0.1316229  0.54554988 0.44412813 0.         0.
  0.         0.18705095 0.54735222]
 [2.57200495 0.10390275 0.05423929 0.28977672 2.34420379 0.91618965
  0.         0.         0.         0.92359621 0.         0.27036774
  0.         0.         0.        ]
 [5.56932564 0.01161955 0.26124776 0.4133997  1.99843383 0.8488896
  0.06007689 0.         0.         0.78414636 0.         0.10384678
  1.08380875 0.         0.        ]
 [2.6295764  1.25502778 0.         0.38816591 2.64875553 0.50940672
  0.         0.         0.         0.28783315 0.         0.
  0.         0.         2.5401494 ]
 [2.82655307 0.         0.         1.40861974 1.56446131 0.16727923
  0.19558267 0.36697781 0.25119013 0.81451394 0.         1.00703779
  0.         0.         0.        ]
 [2.49944796 1.86314524 3.88471847 1.23156868 0.97014434 1.3681342
  5.98684628 2.1311861  3.32105121 0.24430521 2.56689627 2.48526301
  0.55852031 3.93486242 7.21803023]]

4
----------------------------------------------------------------------------------
[[0.24995409 0.         0.3028595  0.82241065 0.52343437 0.
  0.66575757 0.75308014 0.11435126 0.         0.60434807 0.89093592
  0.         0.         1.22341671]
 [0.16239884 0.         0.36166625 0.74435309 0.44992632 0.
  0.74598618 0.79196855 0.         0.         0.56967962 2.38761655
  0.         0.         1.0430187 ]
 [0.12503916 0.         0.87752361 0.60333714 0.36987639 0.
  0.         0.30170315 0.         0.         0.         0.
  0.         0.         0.        ]
 [0.5038455  0.         1.11375393 0.25677856 0.7735273  0.
  0.51546038 0.6560882  0.27560218 0.         0.60282949 0.31169654
  0.         0.         0.82214748]
 [0.21639584 0.         1.15764846 0.         0.22844659 0.
  0.52034608 0.24566809 0.27162031 0.         0.62513239 0.96800369
  0.         0.         0.0603737 ]
 [0.45754873 0.         1.54971708 0.         0.         0.
  0.         0.         0.41575374 0.         0.         0.
  0.         0.         0.        ]
 [0.33304611 0.         0.79772758 0.         0.07328426 0.
  0.22444902 0.         0.22114769 0.         0.61472798 0.
  0.         0.         0.        ]
 [0.03129798 2.89577184 1.10719658 0.         2.98631604 0.11840119
  0.30493079 0.49631728 0.16285658 0.         0.5778262  0.50847644
  0.         0.20257052 1.17846055]
 [0.         2.74988635 1.73609416 0.         2.39045655 0.
  0.         0.31075589 0.15309743 0.         0.40471194 0.14674504
  0.         0.         0.30351077]
 [0.18526987 2.79706587 0.98461507 1.07489984 0.53543868 0.
  0.         0.         0.         0.         0.         0.
  0.23613546 0.         0.        ]
 [0.0370551  6.82681321 3.04331902 3.02624236 2.38933888 0.
  0.         0.         0.         0.         0.         0.
  0.         0.         0.        ]
 [0.         0.67422169 1.02669524 0.         3.04270211 0.
  0.00733682 0.28626077 0.14707674 0.         0.43518274 0.16375861
  0.         0.         0.35232612]
 [0.23889488 6.67482685 2.0058754  2.92040804 1.1590028  0.
  0.         0.         0.         0.         0.         0.
  0.         0.         0.        ]
 [0.         0.63023984 0.87155835 0.13494805 4.59112198 0.85958177
  0.         0.         0.32746588 0.         0.40195575 1.24948813
  0.85758095 1.22290675 0.        ]
 [0.51829817 1.74804345 0.4690523  0.85361012 3.08901961 1.70672952
  0.         0.         0.20481791 0.14782293 3.39130982 2.1237564
  1.36415919 1.15068067 0.57623007]
 [0.         2.7015565  0.76784889 1.07213764 3.51025153 0.
  0.         0.         0.4034346  1.82338829 0.14028796 0.79400167
  0.31737711 1.76822828 0.69542343]
 [0.77588119 0.         0.         0.         1.51108051 0.
  0.         0.         0.53280853 3.02090374 2.53723663 2.56554228
  0.         0.79051599 0.        ]
 [4.27805862 5.30313609 1.50461664 4.95383868 1.93575119 4.50847037
  4.93432367 0.96788016 0.83608223 4.23585082 1.49876809 2.61584309
  2.29422877 4.42143428 2.71463175]]

5
----------------------------------------------------------------------------------
[[0.00000000e+00 1.22040174e+00 4.55577987e-01 0.00000000e+00
  0.00000000e+00 0.00000000e+00 0.00000000e+00 9.56525934e-01
  0.00000000e+00 0.00000000e+00 6.53963124e-01 2.83516504e-01
  0.00000000e+00 5.14419735e-01 0.00000000e+00]
 [0.00000000e+00 9.34490538e-01 3.19261482e-01 0.00000000e+00
  0.00000000e+00 0.00000000e+00 0.00000000e+00 6.32725771e-01
  0.00000000e+00 0.00000000e+00 6.37873946e-01 2.97491189e-01
  0.00000000e+00 8.56144790e-01 0.00000000e+00]
 [0.00000000e+00 0.00000000e+00 3.80871724e-01 0.00000000e+00
  0.00000000e+00 0.00000000e+00 0.00000000e+00 1.05726059e+00
  0.00000000e+00 2.45488957e-01 2.85911427e-01 1.02317720e-01
  3.41573039e-01 8.50782473e-01 0.00000000e+00]
 [6.05661925e-01 1.12370788e+00 2.66151443e-01 0.00000000e+00
  0.00000000e+00 0.00000000e+00 0.00000000e+00 5.19523554e-01
  0.00000000e+00 0.00000000e+00 1.18590183e-01 1.85250238e-01
  2.32488605e-01 6.31813848e-01 0.00000000e+00]
 [1.01757181e+00 3.88408533e-01 1.99828763e-01 0.00000000e+00
  0.00000000e+00 0.00000000e+00 0.00000000e+00 5.72221989e-01
  0.00000000e+00 0.00000000e+00 3.69114484e-01 3.42923147e-01
  2.47726311e-01 7.92569230e-01 0.00000000e+00]
 [0.00000000e+00 0.00000000e+00 2.38244465e-01 0.00000000e+00
  0.00000000e+00 0.00000000e+00 1.49480188e-01 3.11255763e-01
  8.03967971e-02 1.11867764e-01 1.77857077e-01 2.91126999e-01
  1.19020983e+00 7.27993115e-01 0.00000000e+00]
 [3.87473195e-01 0.00000000e+00 7.96023217e-04 0.00000000e+00
  0.00000000e+00 0.00000000e+00 0.00000000e+00 5.39296823e-01
  0.00000000e+00 0.00000000e+00 5.33132771e-01 2.91587403e-01
  6.56190249e-01 8.43384214e-01 0.00000000e+00]
 [4.76179039e-01 8.42560565e-01 3.25795109e-01 0.00000000e+00
  0.00000000e+00 0.00000000e+00 0.00000000e+00 3.67989130e-01
  0.00000000e+00 0.00000000e+00 1.10895402e-02 4.63620013e-01
  0.00000000e+00 5.55080620e-02 0.00000000e+00]
 [4.35749154e-01 2.93300490e-01 2.99732747e-01 0.00000000e+00
  0.00000000e+00 0.00000000e+00 0.00000000e+00 3.14363985e-01
  0.00000000e+00 0.00000000e+00 2.76276326e-01 3.23962737e-01
  0.00000000e+00 8.93258398e-02 0.00000000e+00]
 [0.00000000e+00 0.00000000e+00 4.17412717e-01 0.00000000e+00
  0.00000000e+00 0.00000000e+00 0.00000000e+00 0.00000000e+00
  0.00000000e+00 2.41152256e-01 0.00000000e+00 1.25201682e-01
  6.55219670e-01 3.99360761e-01 0.00000000e+00]
 [0.00000000e+00 0.00000000e+00 2.20480188e-01 0.00000000e+00
  0.00000000e+00 0.00000000e+00 0.00000000e+00 1.02562658e-01
  0.00000000e+00 1.30633373e-01 0.00000000e+00 2.98706153e-01
  3.21491243e-01 4.76877101e-01 0.00000000e+00]
 [4.19440945e-01 5.59494028e-01 2.25649522e-01 0.00000000e+00
  0.00000000e+00 0.00000000e+00 0.00000000e+00 3.79926070e-01
  0.00000000e+00 0.00000000e+00 3.25578188e-01 3.00637197e-01
  0.00000000e+00 6.16307576e-02 0.00000000e+00]
 [0.00000000e+00 0.00000000e+00 1.24081242e-01 0.00000000e+00
  0.00000000e+00 0.00000000e+00 0.00000000e+00 0.00000000e+00
  0.00000000e+00 0.00000000e+00 0.00000000e+00 1.37691418e-01
  2.09881383e-01 5.53428203e-01 0.00000000e+00]
 [0.00000000e+00 3.43177698e-01 1.07259132e-01 2.13084533e-01
  0.00000000e+00 0.00000000e+00 1.42097830e-01 2.10769837e+00
  1.55562642e+00 0.00000000e+00 0.00000000e+00 1.83896797e+00
  0.00000000e+00 0.00000000e+00 8.42993907e-01]
 [1.32627584e-01 7.40938753e-01 0.00000000e+00 3.15660044e-01
  4.27145040e-01 3.46360396e-01 5.64872076e-01 1.91266498e+00
  1.34286257e+00 0.00000000e+00 0.00000000e+00 1.99120909e+00
  0.00000000e+00 0.00000000e+00 5.60197745e-01]
 [0.00000000e+00 0.00000000e+00 0.00000000e+00 1.28015952e-01
  0.00000000e+00 0.00000000e+00 0.00000000e+00 3.84309441e-01
  4.10041019e+00 0.00000000e+00 0.00000000e+00 2.34092037e-02
  0.00000000e+00 5.17466211e-01 1.60560898e-01]
 [9.31230849e-01 1.77301594e+00 7.06988909e-01 5.70466350e-01
  0.00000000e+00 0.00000000e+00 0.00000000e+00 2.50708094e+00
  2.10956655e+00 0.00000000e+00 0.00000000e+00 7.89333857e-01
  0.00000000e+00 0.00000000e+00 1.18764029e+00]
 [4.66705472e+00 2.16481877e+00 1.44999844e+00 1.91623404e+00
  2.04100068e+00 2.05123137e+00 1.82844332e+00 2.00327372e+00
  9.51318886e-01 4.45252122e+00 4.10818201e+00 2.43241978e+00
  5.09590728e+00 4.03364525e+00 2.42213492e+00]]

6
----------------------------------------------------------------------------------
[[0.00000000e+00 0.00000000e+00 1.22611855e+00 0.00000000e+00
  0.00000000e+00 0.00000000e+00 0.00000000e+00 0.00000000e+00
  5.69424030e-01 1.04307184e+00 0.00000000e+00 0.00000000e+00
  4.27208547e-01 0.00000000e+00 9.29754587e-01]
 [0.00000000e+00 0.00000000e+00 1.41670068e+00 3.94604791e-02
  0.00000000e+00 0.00000000e+00 0.00000000e+00 0.00000000e+00
  7.05240008e-01 1.55646181e+00 0.00000000e+00 0.00000000e+00
  3.79621717e-01 0.00000000e+00 3.13844177e-01]
 [0.00000000e+00 0.00000000e+00 1.29908016e+00 0.00000000e+00
  0.00000000e+00 0.00000000e+00 0.00000000e+00 0.00000000e+00
  5.05939054e-01 1.41646522e+00 0.00000000e+00 0.00000000e+00
  2.97968798e-01 0.00000000e+00 0.00000000e+00]
 [0.00000000e+00 0.00000000e+00 1.24506529e+00 4.58355209e-02
  0.00000000e+00 0.00000000e+00 0.00000000e+00 0.00000000e+00
  3.16695777e-01 1.13356734e-01 0.00000000e+00 0.00000000e+00
  1.08393159e-01 0.00000000e+00 4.23822125e-01]
 [0.00000000e+00 0.00000000e+00 6.31537164e-01 4.75666657e-01
  0.00000000e+00 0.00000000e+00 1.67035505e-01 4.31339387e-01
  2.19671218e-01 3.98992629e-01 0.00000000e+00 0.00000000e+00
  1.42271984e-01 6.95761087e-02 4.56261578e-01]
 [0.00000000e+00 0.00000000e+00 6.35833092e-02 3.17149622e-01
  1.58258790e-01 0.00000000e+00 0.00000000e+00 0.00000000e+00
  2.58626271e-01 0.00000000e+00 0.00000000e+00 0.00000000e+00
  0.00000000e+00 0.00000000e+00 3.06040355e-01]
 [0.00000000e+00 0.00000000e+00 1.48336925e-02 3.73734852e-01
  0.00000000e+00 0.00000000e+00 1.18345712e-01 3.66001328e-01
  4.22842784e-01 1.11715399e-01 0.00000000e+00 0.00000000e+00
  1.63415696e-01 5.10109884e-02 3.32807941e-01]
 [0.00000000e+00 2.95223864e+00 4.43885343e-01 1.22194856e+00
  9.91421517e-01 0.00000000e+00 0.00000000e+00 0.00000000e+00
  3.50732270e-01 0.00000000e+00 0.00000000e+00 0.00000000e+00
  1.71933730e-01 0.00000000e+00 3.83064256e-02]
 [0.00000000e+00 5.29859064e+00 2.41990314e-01 1.62674247e+00
  1.80343097e+00 0.00000000e+00 0.00000000e+00 0.00000000e+00
  2.74612672e-01 0.00000000e+00 0.00000000e+00 0.00000000e+00
  6.90456033e-02 0.00000000e+00 3.24274927e-01]
 [0.00000000e+00 2.33754195e+00 3.84556771e-02 3.28058883e+00
  4.85157126e-01 0.00000000e+00 0.00000000e+00 0.00000000e+00
  1.86931280e-01 4.21038340e-01 0.00000000e+00 0.00000000e+00
  3.72867857e-02 0.00000000e+00 2.66835877e-01]
 [0.00000000e+00 7.34539086e+00 1.94216721e+00 4.63017368e+00
  2.27893011e+00 0.00000000e+00 0.00000000e+00 0.00000000e+00
  1.26731095e-01 4.78119652e-03 0.00000000e+00 0.00000000e+00
  0.00000000e+00 0.00000000e+00 5.68266854e-01]
 [0.00000000e+00 1.30935915e+00 0.00000000e+00 6.30156856e-01
  4.17522845e-01 0.00000000e+00 0.00000000e+00 0.00000000e+00
  2.31471899e-01 0.00000000e+00 0.00000000e+00 0.00000000e+00
  2.59860531e-01 0.00000000e+00 1.68608743e-01]
 [0.00000000e+00 4.93301453e+00 3.25503576e-01 2.87614958e+00
  6.52977535e-01 0.00000000e+00 0.00000000e+00 1.97533833e-01
  1.47059497e-01 0.00000000e+00 0.00000000e+00 0.00000000e+00
  0.00000000e+00 0.00000000e+00 2.80410297e-01]
 [1.26182725e-01 0.00000000e+00 0.00000000e+00 0.00000000e+00
  2.14602983e+00 5.69195006e-01 2.02669635e+00 9.29301193e-01
  1.10834430e+00 5.06887050e+00 1.54559748e+00 1.73846352e+00
  2.17489270e+00 9.44145436e-01 9.36075962e-04]
 [2.04826515e+00 0.00000000e+00 1.36611578e-01 0.00000000e+00
  4.96845387e+00 0.00000000e+00 4.82165805e+00 1.88231327e+00
  0.00000000e+00 2.72310795e+00 8.59334693e-01 3.51367855e+00
  3.31536426e+00 7.06804093e-01 0.00000000e+00]
 [0.00000000e+00 4.17594956e-01 0.00000000e+00 0.00000000e+00
  5.02080547e-01 2.74575758e-01 0.00000000e+00 0.00000000e+00
  0.00000000e+00 1.31802395e+00 7.04272038e-01 6.06307769e-01
  0.00000000e+00 3.04068247e-01 0.00000000e+00]
 [0.00000000e+00 1.88076330e-02 0.00000000e+00 0.00000000e+00
  7.81601309e-01 3.20208541e-01 0.00000000e+00 1.49026601e+00
  4.34125285e-02 3.64204568e+00 0.00000000e+00 8.65313442e-01
  1.95686203e+00 8.69658653e-01 3.11306778e-02]
 [6.43326350e+00 3.02801140e+00 1.49662429e+00 1.45828495e+00
  1.35857412e+00 3.87331823e+00 5.50100184e+00 4.05505526e+00
  3.22246544e+00 1.61495907e+00 2.84545716e+00 3.83998852e+00
  2.30822213e+00 9.16888207e-01 1.82999498e+00]]

7
----------------------------------------------------------------------------------
[[0.         0.         1.01588265 0.         0.         0.34890197
  0.         0.34599277 0.         0.         0.         0.24903022
  0.33626016 0.         0.        ]
 [0.         0.         1.17791351 0.         0.60324491 0.18413572
  0.         0.30628576 0.         0.         0.         0.
  0.08824907 0.         0.        ]
 [0.         0.         1.32585117 0.         0.58085681 0.55529039
  0.         0.65524488 0.         0.         0.         0.
  0.         0.         0.        ]
 [0.         0.         0.63590427 0.         0.         0.25017298
  0.         0.24569047 0.         0.         0.         0.14570151
  0.24303977 0.         0.        ]
 [0.03902608 0.         0.55571869 0.         0.18313122 0.61546556
  0.         0.43539702 0.         0.         0.         0.11619232
  0.4478237  0.         0.        ]
 [0.         0.         1.23457164 0.         0.32235266 0.17314214
  0.         0.48892198 0.         0.         0.03000322 0.
  0.42266257 0.         0.        ]
 [0.         0.         0.66673663 0.         0.30006517 0.56809721
  0.         0.5340984  0.         0.         0.01194207 0.
  0.47009666 0.         0.        ]
 [0.         0.         0.43125719 0.         0.         0.
  0.         0.03691645 0.         0.         0.01186872 0.25792958
  0.20720701 0.         0.        ]
 [0.         0.         0.29740253 0.         0.         0.
  0.         0.         0.         0.         0.         0.1736811
  0.56101022 0.         0.        ]
 [0.         0.03589826 1.22353607 0.         0.19567228 0.
  0.         0.60382265 0.         0.         0.31259482 0.
  0.38089586 0.         0.        ]
 [0.         0.         0.84823477 0.         0.35887667 0.04493832
  0.         0.36091944 0.         0.         0.04559238 0.
  0.48464891 0.         0.        ]
 [0.         0.         0.20354065 0.         0.         0.
  0.         0.         0.         0.         0.         0.26990056
  0.64383835 0.         0.        ]
 [0.         0.         0.82153599 0.         0.23790819 0.37608736
  0.         0.32651338 0.         0.         0.         0.
  0.56065936 0.         0.        ]
 [0.         0.         0.04406365 2.05199174 2.43485074 0.
  0.         2.98083736 0.         0.         0.         2.53486992
  2.50726993 0.         1.10269258]
 [0.         0.57118935 0.12477738 6.49611265 0.83463433 0.
  0.23043753 2.38106644 0.         0.         0.         2.42996943
  3.52264855 0.         0.        ]
 [0.         0.6677252  0.07732003 2.40644578 3.1474901  0.
  0.62962315 1.14655063 0.         0.         0.         0.
  2.15519716 0.         0.        ]
 [0.         0.         0.23343087 1.50650883 3.20579785 0.
  4.65432395 3.01462805 0.         2.77387097 0.65474785 3.37075612
  3.94157729 0.         0.        ]
 [3.50994262 1.39907798 0.72306405 1.44297833 1.71609933 2.94597201
  3.25066572 1.61506691 3.8544751  2.44939213 1.08675344 1.58079711
  1.52805221 2.54708112 4.61483018]]

8
----------------------------------------------------------------------------------
[[0.         0.         0.         0.19725    0.27486295 0.15380903
  0.         0.05879181 0.         0.         0.         0.
  0.14564621 0.         0.63999146]
 [0.         0.         0.         0.         0.23371298 0.
  0.         0.94607607 0.         0.3940899  0.         0.
  0.01695658 0.         0.16654456]
 [0.         0.         0.         0.         0.37849475 0.
  0.         1.39245461 0.         0.12080189 0.         0.
  0.05414929 0.         0.09340771]
 [0.         0.         0.         0.01690498 0.10565069 0.1878427
  0.         0.         0.03645484 0.         0.         0.28146996
  0.14405558 0.         0.56283462]
 [0.         0.         0.         0.11144258 0.         0.0084853
  0.07687644 0.40363094 0.05595604 0.06783403 0.05228874 0.17329595
  0.08677946 0.19126044 0.31849559]
 [0.         0.         0.         0.         0.         0.14711875
  0.39495725 0.         0.07616264 0.         0.         0.10882357
  0.14267936 0.05613465 0.24628968]
 [0.         0.         0.         0.         0.         0.
  0.37216683 0.23723558 0.00427364 0.15702904 0.         0.09897334
  0.10753318 0.1734052  0.06150595]
 [0.         0.         0.         0.         0.15434491 0.12305971
  0.         0.         0.         0.         0.         0.13862228
  0.06424945 0.         0.64066911]
 [0.         0.         0.         0.06337084 0.         0.01732611
  0.         0.         0.         0.         0.         0.25041167
  0.06371731 0.         0.36840462]
 [0.         0.         0.         0.         0.         0.14698462
  0.14162241 0.         0.         0.         0.         0.
  0.13140436 0.         0.16227809]
 [0.         0.         0.         0.         0.         0.07792573
  0.         0.         0.         0.         0.         0.01875005
  0.04217404 0.         0.1579506 ]
 [0.         0.         0.         0.0558689  0.         0.00529698
  0.         0.         0.         0.         0.         0.24363854
  0.133805   0.         0.37406612]
 [0.         0.         0.         0.         0.         0.10889713
  0.42135155 0.         0.         0.         0.         0.02173449
  0.12868415 0.         0.06900822]
 [0.31723049 0.         0.         0.         0.41693144 0.44655584
  0.         0.         0.         0.         0.         0.
  0.29054927 0.         0.1175887 ]
 [0.83292149 0.         0.         0.         0.25796195 0.24145642
  0.         0.38956849 0.         0.         0.         0.
  0.12806891 0.         0.07429178]
 [0.00663491 0.         0.         0.         0.34178828 0.
  0.         0.68005854 0.         0.         0.         0.
  0.         0.22494368 0.        ]
 [0.13567098 0.62194372 0.         0.22810579 0.91238182 1.02192584
  0.         0.         0.         0.         0.         0.09937275
  0.33052983 0.         0.48308793]
 [0.81019093 0.84301226 1.39189562 1.74085981 0.32787012 0.6138975
  1.33670782 2.13088121 1.30403065 2.93221589 3.21863484 4.25306715
  0.91129486 2.84087701 0.137749  ]]

9
----------------------------------------------------------------------------------
[[7.23035466e-03 1.03759318e-01 3.20451672e-01 1.54969378e-01
  2.15964731e-01 0.00000000e+00 0.00000000e+00 0.00000000e+00
  0.00000000e+00 0.00000000e+00]
 [1.90394246e-01 1.72095026e-01 2.57763712e-01 9.31618662e-02
  1.39784096e-01 0.00000000e+00 0.00000000e+00 3.27907325e-02
  0.00000000e+00 0.00000000e+00]
 [3.96597753e-02 6.18321813e-02 1.82733103e-01 6.78347712e-03
  0.00000000e+00 0.00000000e+00 0.00000000e+00 6.71935541e-02
  9.25316376e-02 0.00000000e+00]
 [0.00000000e+00 8.73567923e-02 2.10529434e-01 6.86020749e-02
  4.93979237e-02 0.00000000e+00 4.33095853e-02 0.00000000e+00
  0.00000000e+00 0.00000000e+00]
 [6.55915575e-02 1.26783907e-01 2.35520025e-01 8.95156962e-02
  6.80601158e-02 0.00000000e+00 1.75523934e-01 0.00000000e+00
  8.18033269e-02 0.00000000e+00]
 [8.53932969e-03 8.45904624e-02 9.23141471e-02 9.78501968e-02
  0.00000000e+00 0.00000000e+00 1.01107348e-01 2.60094207e-02
  8.58784088e-02 0.00000000e+00]
 [0.00000000e+00 3.56219627e-02 1.90190400e-01 8.90477397e-02
  5.39740072e-03 3.05526594e-03 1.82085223e-01 0.00000000e+00
  2.20092669e-02 0.00000000e+00]
 [0.00000000e+00 9.29134622e-02 2.58668589e-03 0.00000000e+00
  1.02851361e-01 0.00000000e+00 2.00388626e-02 0.00000000e+00
  0.00000000e+00 0.00000000e+00]
 [0.00000000e+00 4.04435531e-02 0.00000000e+00 0.00000000e+00
  1.11430681e-01 0.00000000e+00 3.51810003e-02 0.00000000e+00
  0.00000000e+00 0.00000000e+00]
 [0.00000000e+00 5.45047901e-02 0.00000000e+00 6.66416776e-02
  1.31397922e-03 0.00000000e+00 1.04713401e-02 2.73252085e-01
  8.52815493e-03 0.00000000e+00]
 [0.00000000e+00 9.56227850e-04 0.00000000e+00 0.00000000e+00
  0.00000000e+00 0.00000000e+00 4.03613046e-02 1.11428131e-01
  0.00000000e+00 0.00000000e+00]
 [0.00000000e+00 1.23569889e-01 0.00000000e+00 0.00000000e+00
  1.27158881e-01 2.67190721e-03 4.04890463e-02 0.00000000e+00
  0.00000000e+00 0.00000000e+00]
 [6.10375619e-02 4.58048835e-03 0.00000000e+00 0.00000000e+00
  1.33584317e-01 0.00000000e+00 3.64874492e-03 6.89621802e-02
  0.00000000e+00 0.00000000e+00]
 [0.00000000e+00 1.67264346e-01 0.00000000e+00 8.50556038e-03
  2.18448457e-01 0.00000000e+00 0.00000000e+00 0.00000000e+00
  0.00000000e+00 0.00000000e+00]
 [0.00000000e+00 1.83608297e-01 0.00000000e+00 0.00000000e+00
  3.13671286e-01 1.12638654e-01 0.00000000e+00 0.00000000e+00
  0.00000000e+00 0.00000000e+00]
 [0.00000000e+00 8.27970746e-02 0.00000000e+00 4.91569764e-02
  2.78081808e-01 1.02812844e+00 0.00000000e+00 0.00000000e+00
  1.70561327e+00 0.00000000e+00]
 [0.00000000e+00 3.76799584e-01 0.00000000e+00 0.00000000e+00
  1.49238921e+00 3.27605980e-01 0.00000000e+00 0.00000000e+00
  0.00000000e+00 0.00000000e+00]
 [1.05224759e+00 1.30896640e-01 1.06295555e+00 1.03221817e+00
  1.53079581e-01 6.44509306e-01 1.16214305e+00 2.14453857e+00
  2.83879501e+00 2.30847823e+00]]