

1
----------------------------------------------------------------------------------
[[2.91407108e-02 0.00000000e+00 1.56329349e-01 7.69086378e-02
  2.17506951e-02 0.00000000e+00 1.61282353e-01 1.94206910e-01
  0.00000000e+00 1.44692553e-01 3.93437438e-01 7.06312717e-01
  1.24108623e-01 1.94251042e-01 7.96766867e-03]
 [4.28749148e-02 8.78120226e-02 3.69399205e-02 0.00000000e+00
  4.16303444e-03 0.00000000e+00 1.04683759e-01 1.42642713e-01
  1.77723194e-02 3.43678261e-01 1.54050761e-01 0.00000000e+00
  0.00000000e+00 2.55843254e-01 0.00000000e+00]
 [0.00000000e+00 1.89499682e-01 0.00000000e+00 0.00000000e+00
  0.00000000e+00 8.77721304e-02 1.58823063e-03 0.00000000e+00
  3.12757614e-01 4.67344412e-01 6.63261115e-02 0.00000000e+00
  0.00000000e+00 3.18451823e-01 0.00000000e+00]
 [1.04874997e-02 0.00000000e+00 0.00000000e+00 8.00428128e-02
  0.00000000e+00 0.00000000e+00 9.10875614e-02 2.01613312e-01
  0.00000000e+00 0.00000000e+00 3.03981382e-01 8.11998495e-01
  2.28907578e-02 5.96945063e-02 6.24948498e-02]
 [4.94495388e-02 3.54839744e-02 0.00000000e+00 2.42256904e-02
  0.00000000e+00 0.00000000e+00 2.67920468e-02 1.77598983e-01
  0.00000000e+00 1.34789487e-01 1.07967355e-01 2.27769132e-01
  0.00000000e+00 1.70172832e-01 0.00000000e+00]
 [0.00000000e+00 1.70830149e-01 1.27642699e-03 0.00000000e+00
  0.00000000e+00 6.38596533e-02 0.00000000e+00 0.00000000e+00
  4.90022924e-01 3.71236208e-01 6.76176698e-02 0.00000000e+00
  7.58434949e-02 8.20853153e-02 0.00000000e+00]
 [0.00000000e+00 7.15739509e-02 4.99939815e-02 0.00000000e+00
  0.00000000e+00 0.00000000e+00 0.00000000e+00 8.24312653e-02
  1.51899632e-01 2.55079989e-01 7.31372822e-02 0.00000000e+00
  0.00000000e+00 1.30449147e-01 1.85946951e-03]
 [0.00000000e+00 0.00000000e+00 6.87391716e-03 4.74130206e-02
  5.34245343e-03 0.00000000e+00 0.00000000e+00 2.29292649e-01
  0.00000000e+00 0.00000000e+00 3.79423465e-01 7.97493601e-01
  3.11502271e-01 4.67238656e-02 1.14957434e-01]
 [0.00000000e+00 0.00000000e+00 0.00000000e+00 1.25945946e-03
  3.89730423e-02 0.00000000e+00 1.74315874e-02 1.51299906e-01
  0.00000000e+00 0.00000000e+00 1.71240330e-01 4.60911763e-01
  5.94678856e-04 1.28221317e-01 4.92369432e-02]
 [0.00000000e+00 3.59047570e-02 0.00000000e+00 0.00000000e+00
  0.00000000e+00 1.91441027e-01 3.34844530e-03 0.00000000e+00
  8.46780554e-01 6.49177930e-01 0.00000000e+00 0.00000000e+00
  2.54680250e-01 1.47899190e-01 0.00000000e+00]
 [0.00000000e+00 5.01877115e-02 0.00000000e+00 0.00000000e+00
  0.00000000e+00 1.94567860e-02 0.00000000e+00 0.00000000e+00
  3.58461046e-01 2.39234441e-01 2.82843727e-02 0.00000000e+00
  6.06426529e-01 2.80775434e-03 0.00000000e+00]
 [0.00000000e+00 0.00000000e+00 0.00000000e+00 9.29681482e-03
  4.19263966e-02 0.00000000e+00 1.50631978e-02 1.82198760e-01
  0.00000000e+00 0.00000000e+00 5.55035523e-02 5.08150041e-01
  7.48194345e-03 5.14885230e-02 4.11877382e-02]
 [0.00000000e+00 6.75585477e-02 0.00000000e+00 0.00000000e+00
  4.57845777e-03 2.03157644e-02 0.00000000e+00 0.00000000e+00
  3.32671792e-01 2.59711431e-01 5.89968378e-02 0.00000000e+00
  1.88486732e-01 2.08570048e-02 0.00000000e+00]
 [0.00000000e+00 0.00000000e+00 0.00000000e+00 0.00000000e+00
  0.00000000e+00 0.00000000e+00 0.00000000e+00 0.00000000e+00
  8.13734493e-02 3.09705485e-02 0.00000000e+00 2.18491537e-02
  1.01964836e-01 0.00000000e+00 0.00000000e+00]
 [0.00000000e+00 0.00000000e+00 0.00000000e+00 0.00000000e+00
  3.75083433e-02 0.00000000e+00 0.00000000e+00 0.00000000e+00
  6.93076116e-02 1.07217775e-01 5.17755855e-02 0.00000000e+00
  1.44232999e-01 0.00000000e+00 0.00000000e+00]
 [0.00000000e+00 0.00000000e+00 0.00000000e+00 0.00000000e+00
  0.00000000e+00 4.12696374e-02 0.00000000e+00 0.00000000e+00
  4.73454519e-01 4.65988184e-01 8.85526468e-03 0.00000000e+00
  3.65198450e-02 0.00000000e+00 0.00000000e+00]
 [0.00000000e+00 0.00000000e+00 0.00000000e+00 0.00000000e+00
  1.29054527e-02 0.00000000e+00 0.00000000e+00 3.43310114e-02
  0.00000000e+00 0.00000000e+00 7.77032324e-02 4.77761154e-01
  3.06358244e-01 0.00000000e+00 5.62312667e-02]
 [4.67710288e-01 7.86293267e-01 9.49312760e-01 3.45503035e-01
  6.47376241e-01 2.31578465e-01 1.34488858e+00 6.00924868e-01
  8.11940849e-01 5.94000937e+00 7.47632554e+00 4.30899706e+00
  6.24385390e-01 2.11423747e+00 7.66364770e-01]]

2
----------------------------------------------------------------------------------
[[4.92579010e-02 0.00000000e+00 3.38696423e-01 0.00000000e+00
  2.43633163e-01 3.11483229e-01 4.35308407e-02 0.00000000e+00
  3.13570028e-01 1.97569374e-01 0.00000000e+00 0.00000000e+00
  0.00000000e+00 2.21660438e-01 1.29483232e-01]
 [0.00000000e+00 0.00000000e+00 1.32833315e-01 9.05493767e-02
  2.01692924e-01 2.63640849e-01 0.00000000e+00 0.00000000e+00
  1.28802223e-01 1.68981554e-01 0.00000000e+00 0.00000000e+00
  0.00000000e+00 2.16358985e-01 1.24379377e-01]
 [0.00000000e+00 1.93910389e-01 0.00000000e+00 2.64919082e-01
  3.73208578e-02 2.58699340e-01 0.00000000e+00 1.42932445e-02
  1.46280456e-01 5.93987381e-02 0.00000000e+00 0.00000000e+00
  0.00000000e+00 4.54730695e-01 2.71215104e-02]
 [0.00000000e+00 0.00000000e+00 3.09792744e-01 0.00000000e+00
  1.99829850e-01 3.02213514e-01 3.01262414e-02 0.00000000e+00
  1.61706958e-01 2.00533930e-01 0.00000000e+00 0.00000000e+00
  0.00000000e+00 4.35217422e-02 8.70604125e-02]
 [0.00000000e+00 0.00000000e+00 1.05920459e-01 0.00000000e+00
  1.35758521e-01 2.28815969e-01 3.24158059e-04 0.00000000e+00
  1.05992813e-01 1.30240500e-01 0.00000000e+00 0.00000000e+00
  0.00000000e+00 1.50131547e-01 8.07291540e-02]
 [0.00000000e+00 1.60383446e-01 0.00000000e+00 2.90023692e-01
  0.00000000e+00 1.13234745e-01 0.00000000e+00 3.74206315e-02
  1.13164985e-01 0.00000000e+00 0.00000000e+00 0.00000000e+00
  0.00000000e+00 3.24720218e-01 0.00000000e+00]
 [0.00000000e+00 0.00000000e+00 0.00000000e+00 1.33549773e-01
  5.27093131e-02 1.62998008e-01 0.00000000e+00 0.00000000e+00
  1.10458301e-01 6.34782318e-02 0.00000000e+00 0.00000000e+00
  0.00000000e+00 3.07092021e-01 5.47295736e-02]
 [1.79016577e-02 0.00000000e+00 2.73470020e-01 0.00000000e+00
  1.80877948e-01 2.76245808e-01 5.10994774e-02 0.00000000e+00
  2.28006836e-01 6.91363930e-02 0.00000000e+00 0.00000000e+00
  0.00000000e+00 0.00000000e+00 6.59236807e-02]
 [2.19943102e-02 0.00000000e+00 2.61642170e-01 0.00000000e+00
  5.20380586e-02 2.32993007e-01 4.99303996e-01 0.00000000e+00
  1.19468027e-01 3.88417773e-02 0.00000000e+00 0.00000000e+00
  0.00000000e+00 2.81948773e-02 6.62077525e-02]
 [0.00000000e+00 2.27858869e-01 0.00000000e+00 2.60360138e-01
  0.00000000e+00 1.34633024e-01 0.00000000e+00 1.29912629e-01
  3.86001846e-02 0.00000000e+00 0.00000000e+00 0.00000000e+00
  0.00000000e+00 4.18486729e-01 0.00000000e+00]
 [0.00000000e+00 1.39864428e-01 0.00000000e+00 1.71651237e-01
  0.00000000e+00 4.89563855e-02 4.17013878e-01 7.27348072e-03
  3.43456325e-02 0.00000000e+00 0.00000000e+00 0.00000000e+00
  0.00000000e+00 2.23442474e-01 3.98303348e-03]
 [6.77702090e-03 0.00000000e+00 1.72967360e-01 0.00000000e+00
  6.22921230e-03 2.12566884e-01 3.48718936e-01 0.00000000e+00
  1.09834679e-01 3.40907897e-02 2.82449673e-02 0.00000000e+00
  0.00000000e+00 0.00000000e+00 8.00164632e-02]
 [0.00000000e+00 1.41202299e-01 0.00000000e+00 1.70325418e-01
  0.00000000e+00 7.82032350e-03 2.86422738e-01 4.51480056e-02
  0.00000000e+00 0.00000000e+00 0.00000000e+00 0.00000000e+00
  0.00000000e+00 3.23472683e-01 0.00000000e+00]
 [5.39900544e-02 0.00000000e+00 5.07299454e-03 0.00000000e+00
  0.00000000e+00 0.00000000e+00 4.56539175e-01 8.03109605e-01
  1.27718149e+00 7.26013470e-01 1.06510039e-01 0.00000000e+00
  4.15659021e-02 2.59970129e-02 0.00000000e+00]
 [1.08506290e-01 0.00000000e+00 4.00960819e-05 0.00000000e+00
  0.00000000e+00 0.00000000e+00 8.36509331e-01 1.74036462e+00
  3.14216257e+00 1.30340117e+00 9.88536894e-01 2.81185409e-01
  3.34534494e-01 2.54337443e-01 1.53503872e-01]
 [0.00000000e+00 2.34211727e-01 0.00000000e+00 1.24918962e-01
  0.00000000e+00 0.00000000e+00 3.18739822e-01 6.79731261e-01
  5.89646178e-01 0.00000000e+00 6.60357441e-02 0.00000000e+00
  4.27025705e-02 2.18032656e-01 0.00000000e+00]
 [1.71084790e-01 0.00000000e+00 1.12237815e-01 0.00000000e+00
  0.00000000e+00 0.00000000e+00 1.90863797e-01 5.18232465e-01
  9.63336032e-01 0.00000000e+00 4.98741779e-01 5.56647364e-02
  2.57920149e-01 9.44352868e-03 0.00000000e+00]
 [9.07113499e-01 1.55530507e+00 1.30675665e+00 1.12253648e+00
  2.37148836e+00 1.07990766e+00 4.19066461e-01 8.19503797e-01
  4.52349819e-01 1.17585950e+00 6.84376475e-01 7.51999679e-01
  2.08813381e-01 2.77595955e-01 1.14928403e+00]]

3
----------------------------------------------------------------------------------
[[0.         0.04493171 0.22728591 0.         0.         0.
  0.         0.16974452 0.         0.08756674 0.1202421  0.
  0.         0.         0.1769953 ]
 [0.         0.06387304 0.04862311 0.14529356 0.08178644 0.
  0.         0.16858571 0.         0.02273588 0.10507369 0.
  0.         0.01385097 0.1332337 ]
 [0.         0.01876908 0.         0.35146858 0.04670488 0.
  0.         0.29379543 0.         0.         0.01500011 0.
  0.         0.15509332 0.04051184]
 [0.         0.03091504 0.16556328 0.         0.         0.
  0.01660097 0.17253918 0.         0.09574576 0.09801037 0.
  0.         0.         0.05912963]
 [0.         0.03482387 0.04735347 0.03198092 0.02880197 0.
  0.         0.13099188 0.         0.02371976 0.04665924 0.
  0.         0.         0.0844455 ]
 [0.06455675 0.         0.         0.34885701 0.04074427 0.07215614
  0.         0.16321316 0.         0.         0.02097538 0.11096804
  0.         0.05549777 0.05785686]
 [0.         0.         0.         0.17526715 0.0392752  0.
  0.         0.13082296 0.00777017 0.0152547  0.05086704 0.02776834
  0.         0.01700339 0.11338798]
 [0.         0.0177709  0.19013247 0.         0.         0.
  0.06204486 0.09930308 0.         0.13263162 0.11943149 0.
  0.         0.         0.        ]
 [0.         0.01365406 0.04660563 0.         0.         0.
  0.0328122  0.0461553  0.         0.07298457 0.0299298  0.
  0.         0.         0.        ]
 [0.         0.         0.         0.31109076 0.         0.
  0.         0.20839686 0.         0.         0.         0.02171159
  0.         0.04704199 0.        ]
 [0.         0.         0.         0.22627004 0.06201203 0.
  0.         0.17166724 0.         0.00668307 0.         0.07007002
  0.         0.07936203 0.07299111]
 [0.         0.         0.08393663 0.         0.         0.
  0.01464111 0.154507   0.         0.03646668 0.         0.03321684
  0.         0.         0.02488795]
 [0.         0.         0.         0.1847636  0.01413864 0.00765031
  0.         0.18702555 0.         0.         0.         0.07795996
  0.         0.06872048 0.07018812]
 [0.26049237 0.05027108 0.         0.37787687 0.28884536 0.1490675
  0.         0.48380833 0.         0.38154801 1.49175134 0.16886553
  0.47502912 3.27206983 0.05052093]
 [1.26580224 0.50628065 0.90438879 3.34707209 1.73689789 0.87342559
  0.         0.48767816 0.         1.89016746 3.16224349 0.85167533
  0.80884368 3.48708277 0.43168446]
 [0.39935758 0.02509344 0.36463679 0.51221559 0.15680561 0.11485197
  0.         0.38844861 0.         0.33574381 0.67671221 0.
  0.         0.38129649 0.46443212]
 [0.99620252 0.33419765 0.08719818 1.66107308 1.21194801 0.32417583
  0.         0.4742192  0.         0.50957459 0.94158526 0.73258486
  0.52219205 0.         0.        ]
 [0.40285963 0.79535616 0.6682979  0.53180056 1.17816905 0.77531263
  0.69009579 0.83081704 1.1989459  0.78306585 0.20187856 0.66247633
  1.01343156 0.60163244 0.90704005]]

4
----------------------------------------------------------------------------------
[[5.10664847e-01 3.53423081e-03 0.00000000e+00 0.00000000e+00
  1.39629682e-01 1.62282040e-01 0.00000000e+00 2.15416290e-02
  2.33700585e-01 0.00000000e+00 0.00000000e+00 0.00000000e+00
  5.92842786e-02 1.44646919e-01 0.00000000e+00]
 [4.13442370e-01 0.00000000e+00 0.00000000e+00 1.89890387e-02
  5.66721453e-02 2.25815849e-01 0.00000000e+00 3.79384895e-02
  1.58197678e-01 0.00000000e+00 0.00000000e+00 0.00000000e+00
  1.60701543e-01 1.22074044e-02 8.32339284e-02]
 [6.09972797e-01 0.00000000e+00 0.00000000e+00 2.23252785e-02
  0.00000000e+00 4.14553934e-01 0.00000000e+00 0.00000000e+00
  1.20336980e-01 0.00000000e+00 0.00000000e+00 5.65099828e-03
  1.61806924e-01 0.00000000e+00 3.50745106e-01]
 [4.07262824e-01 0.00000000e+00 0.00000000e+00 0.00000000e+00
  3.72068718e-02 0.00000000e+00 0.00000000e+00 0.00000000e+00
  2.25052208e-01 0.00000000e+00 0.00000000e+00 1.38905438e-02
  2.13408356e-02 5.25655962e-02 0.00000000e+00]
 [2.92916353e-01 0.00000000e+00 0.00000000e+00 0.00000000e+00
  2.30699874e-02 5.05387281e-02 0.00000000e+00 1.54063350e-03
  1.08158497e-01 0.00000000e+00 0.00000000e+00 0.00000000e+00
  1.32603975e-01 2.45464260e-04 0.00000000e+00]
 [3.50950869e-01 0.00000000e+00 0.00000000e+00 0.00000000e+00
  0.00000000e+00 1.95264184e-01 0.00000000e+00 0.00000000e+00
  0.00000000e+00 0.00000000e+00 4.27331390e-02 0.00000000e+00
  1.16857100e-01 0.00000000e+00 3.01923604e-01]
 [2.63003988e-01 0.00000000e+00 0.00000000e+00 3.35188654e-03
  0.00000000e+00 6.35778717e-02 0.00000000e+00 3.78732520e-02
  0.00000000e+00 0.00000000e+00 0.00000000e+00 0.00000000e+00
  1.03190915e-01 4.68633329e-02 1.12552486e-01]
 [3.89914217e-01 0.00000000e+00 0.00000000e+00 0.00000000e+00
  1.57966724e-02 2.30554927e-02 0.00000000e+00 3.28628306e-02
  1.36483723e-01 0.00000000e+00 0.00000000e+00 1.08173478e-01
  0.00000000e+00 0.00000000e+00 0.00000000e+00]
 [2.99502595e-01 0.00000000e+00 0.00000000e+00 0.00000000e+00
  6.32575350e-03 0.00000000e+00 0.00000000e+00 0.00000000e+00
  1.02194753e-01 0.00000000e+00 0.00000000e+00 7.70921274e-02
  5.83844798e-02 1.34187782e-02 0.00000000e+00]
 [1.01219532e+00 0.00000000e+00 0.00000000e+00 7.85780404e-04
  0.00000000e+00 4.35115161e-01 0.00000000e+00 0.00000000e+00
  7.33084105e-02 0.00000000e+00 0.00000000e+00 0.00000000e+00
  5.24354073e-02 0.00000000e+00 2.11808146e-01]
 [2.81024767e-01 0.00000000e+00 0.00000000e+00 0.00000000e+00
  2.63298291e-02 1.28104949e-01 0.00000000e+00 0.00000000e+00
  0.00000000e+00 0.00000000e+00 0.00000000e+00 0.00000000e+00
  1.22784647e-01 0.00000000e+00 1.29118233e-01]
 [3.27427753e-01 0.00000000e+00 0.00000000e+00 0.00000000e+00
  0.00000000e+00 0.00000000e+00 0.00000000e+00 0.00000000e+00
  8.48535412e-02 0.00000000e+00 0.00000000e+00 9.91340627e-03
  2.21906836e-02 0.00000000e+00 0.00000000e+00]
 [2.91185942e-01 0.00000000e+00 0.00000000e+00 0.00000000e+00
  0.00000000e+00 1.41812194e-01 0.00000000e+00 0.00000000e+00
  0.00000000e+00 0.00000000e+00 1.13181119e-02 0.00000000e+00
  1.18530655e-01 0.00000000e+00 1.69914426e-01]
 [9.22564463e-01 4.46924002e-01 0.00000000e+00 0.00000000e+00
  0.00000000e+00 9.18189394e-02 1.35295314e-01 4.91127233e-01
  5.66721397e-01 1.14036778e-01 0.00000000e+00 6.85925938e-02
  0.00000000e+00 0.00000000e+00 3.73076863e-02]
 [3.03612395e+00 1.54464519e+00 0.00000000e+00 0.00000000e+00
  0.00000000e+00 2.47431462e-01 6.93747136e-01 1.58089060e+00
  1.40232564e+00 5.82295617e-01 5.48376424e-02 1.05831633e-01
  0.00000000e+00 0.00000000e+00 2.40609915e-01]
 [2.04556039e+00 7.11956505e-01 0.00000000e+00 0.00000000e+00
  0.00000000e+00 1.63077210e-01 2.31710777e-01 4.71016140e-01
  7.12473643e-01 3.01807292e-01 6.20745379e-02 0.00000000e+00
  0.00000000e+00 0.00000000e+00 1.72777100e-01]
 [2.03241086e+00 9.54313729e-01 0.00000000e+00 0.00000000e+00
  0.00000000e+00 1.78500838e-01 3.86859885e-01 1.05893680e+00
  1.05032684e+00 2.44779723e-01 0.00000000e+00 1.51272788e-01
  0.00000000e+00 0.00000000e+00 0.00000000e+00]
 [9.74203941e-02 4.75445273e-01 1.23970892e+00 7.30242134e-01
  3.96383608e-01 4.09636425e-01 4.58437596e-01 1.14919772e+00
  1.45507481e-01 6.08338524e-01 1.03297217e+00 5.37123138e-01
  1.01113229e+00 1.15387946e+00 3.94537512e-01]]

5
----------------------------------------------------------------------------------
[[1.46777669e-01 6.50923652e-02 1.14090261e-01 2.62589668e-01
  0.00000000e+00 3.28871570e-01 4.32513178e-02 6.05313217e-02
  7.11100593e-02 0.00000000e+00 9.03119423e-02 0.00000000e+00
  0.00000000e+00 0.00000000e+00 0.00000000e+00]
 [0.00000000e+00 1.78729020e-01 1.19420511e-01 1.31415688e-01
  2.28887502e-04 3.16237812e-01 0.00000000e+00 6.47084270e-02
  0.00000000e+00 0.00000000e+00 6.57616276e-02 0.00000000e+00
  0.00000000e+00 0.00000000e+00 0.00000000e+00]
 [0.00000000e+00 2.31152482e-02 7.14988586e-02 3.55045233e-02
  5.37049024e-02 2.65433266e-01 0.00000000e+00 1.34826068e-03
  0.00000000e+00 5.50299602e-02 0.00000000e+00 0.00000000e+00
  0.00000000e+00 0.00000000e+00 0.00000000e+00]
 [1.36010640e-01 5.96666168e-02 1.34830704e-01 2.30914830e-01
  0.00000000e+00 2.82231777e-01 0.00000000e+00 5.45862056e-02
  8.89889961e-02 0.00000000e+00 6.04003590e-02 0.00000000e+00
  0.00000000e+00 0.00000000e+00 0.00000000e+00]
 [0.00000000e+00 1.21302911e-01 6.79292571e-02 1.10259309e-01
  3.16051753e-02 1.57118279e-01 2.53832213e-02 0.00000000e+00
  1.99133696e-02 0.00000000e+00 0.00000000e+00 0.00000000e+00
  0.00000000e+00 0.00000000e+00 0.00000000e+00]
 [0.00000000e+00 2.96718225e-02 3.27134108e-02 0.00000000e+00
  1.16152696e-01 1.24589292e-01 0.00000000e+00 0.00000000e+00
  0.00000000e+00 3.00854007e-03 0.00000000e+00 0.00000000e+00
  0.00000000e+00 0.00000000e+00 0.00000000e+00]
 [0.00000000e+00 5.40624634e-02 6.50455711e-02 5.88151422e-02
  9.62694924e-02 1.09096898e-01 0.00000000e+00 0.00000000e+00
  0.00000000e+00 0.00000000e+00 2.70555363e-02 0.00000000e+00
  0.00000000e+00 2.90636274e-03 0.00000000e+00]
 [1.97581006e-01 0.00000000e+00 1.32150411e-01 1.85284526e-01
  0.00000000e+00 2.81953934e-01 0.00000000e+00 1.61145790e-02
  9.08636585e-02 0.00000000e+00 1.08615119e-01 0.00000000e+00
  0.00000000e+00 0.00000000e+00 0.00000000e+00]
 [7.74056050e-02 4.93578330e-02 5.23860213e-02 1.27484357e-01
  0.00000000e+00 1.62731027e-01 0.00000000e+00 0.00000000e+00
  4.03740541e-02 0.00000000e+00 1.10709924e-01 3.47114120e-02
  0.00000000e+00 0.00000000e+00 0.00000000e+00]
 [0.00000000e+00 1.99854797e-01 0.00000000e+00 7.39889964e-02
  7.28760231e-03 1.31622792e-01 0.00000000e+00 0.00000000e+00
  0.00000000e+00 0.00000000e+00 1.16216658e-01 0.00000000e+00
  6.66551051e-02 0.00000000e+00 0.00000000e+00]
 [0.00000000e+00 7.15634603e-02 1.90564265e-02 0.00000000e+00
  8.46821561e-03 6.59150163e-02 0.00000000e+00 0.00000000e+00
  0.00000000e+00 9.70153494e-03 6.57652787e-02 0.00000000e+00
  0.00000000e+00 0.00000000e+00 0.00000000e+00]
 [5.35914702e-02 1.30738589e-02 4.44967992e-02 1.82355536e-01
  0.00000000e+00 1.61321923e-01 0.00000000e+00 0.00000000e+00
  3.14027965e-02 0.00000000e+00 1.36545809e-01 3.79347021e-02
  0.00000000e+00 0.00000000e+00 0.00000000e+00]
 [0.00000000e+00 5.43386108e-02 0.00000000e+00 0.00000000e+00
  2.59503457e-02 3.15547847e-02 0.00000000e+00 0.00000000e+00
  0.00000000e+00 1.02449295e-02 4.38608175e-02 0.00000000e+00
  0.00000000e+00 0.00000000e+00 0.00000000e+00]
 [5.98054911e-02 0.00000000e+00 4.14307060e-02 0.00000000e+00
  6.21159787e-02 1.92176173e-01 0.00000000e+00 0.00000000e+00
  5.17638267e-02 6.64698109e-02 0.00000000e+00 0.00000000e+00
  3.86605224e-01 2.59716636e-01 0.00000000e+00]
 [1.99430304e-01 3.25586327e-03 4.60833667e-01 8.66013176e-01
  6.91371912e-01 1.36236867e+00 4.05152130e-01 8.15566542e-03
  0.00000000e+00 1.56761508e-01 7.76390927e-02 5.62517064e-01
  1.77175087e+00 1.92345838e+00 8.29204621e-01]
 [0.00000000e+00 1.01985648e-01 1.28956870e-01 1.50420519e-01
  1.87649955e-01 3.20082280e-01 4.48327728e-02 0.00000000e+00
  0.00000000e+00 1.21433274e-01 0.00000000e+00 1.76161429e-01
  9.31709325e-01 8.39331667e-01 0.00000000e+00]
 [2.31955162e-01 0.00000000e+00 2.92255073e-01 4.70486177e-01
  1.06946591e-01 7.05297989e-01 2.20468845e-01 0.00000000e+00
  2.64381243e-02 1.05322372e-01 6.25854823e-02 9.76380000e-02
  1.14744137e+00 1.28406397e+00 2.44149480e-01]
 [3.04509901e-01 6.08940475e-01 5.97367029e-01 4.45610771e-01
  9.32763753e-01 6.68881216e-01 5.17684266e-01 2.13963887e-01
  3.06003382e-01 2.48560168e-01 2.17767973e-01 3.76241292e-01
  2.24226589e-01 1.94913019e-01 6.92250807e-01]]

6
----------------------------------------------------------------------------------
[[4.01134462e-02 0.00000000e+00 1.12163473e-01 0.00000000e+00
  1.04700952e-01 1.42159218e-01 0.00000000e+00 1.52208961e-02
  3.52171731e-02 1.44252948e-01 0.00000000e+00 4.45435972e-02
  0.00000000e+00 0.00000000e+00 1.70561384e-01]
 [2.83313589e-02 4.68695187e-02 8.64709611e-02 9.19792949e-02
  0.00000000e+00 1.48983313e-01 8.90342974e-02 4.93184055e-02
  5.10562932e-02 1.01117830e-01 3.85444001e-02 0.00000000e+00
  0.00000000e+00 0.00000000e+00 1.03742372e-01]
 [6.39117841e-02 6.55005672e-02 1.46436119e-02 1.67649999e-02
  0.00000000e+00 2.90801729e-01 1.99313920e-01 0.00000000e+00
  3.33508639e-04 1.74144384e-01 0.00000000e+00 0.00000000e+00
  0.00000000e+00 0.00000000e+00 1.10397030e-01]
 [0.00000000e+00 0.00000000e+00 2.73389654e-01 7.71132218e-02
  3.78022757e-01 2.79244844e-01 2.68363539e-01 1.46470253e-01
  0.00000000e+00 8.64358112e-02 0.00000000e+00 1.84441442e-02
  0.00000000e+00 0.00000000e+00 9.58869309e-02]
 [1.12691942e-02 0.00000000e+00 9.62919037e-02 0.00000000e+00
  1.49915172e-01 1.51147546e-01 1.33009600e-01 5.65299990e-02
  2.34940104e-02 7.95876468e-02 0.00000000e+00 0.00000000e+00
  0.00000000e+00 0.00000000e+00 4.64980941e-02]
 [8.06224729e-03 9.00523179e-02 0.00000000e+00 3.82640392e-01
  0.00000000e+00 3.96819013e-01 1.75115296e-01 0.00000000e+00
  2.54579388e-02 0.00000000e+00 0.00000000e+00 0.00000000e+00
  0.00000000e+00 0.00000000e+00 5.35724872e-02]
 [4.55179209e-02 1.50049072e-02 1.10766758e-02 1.09309758e-01
  0.00000000e+00 1.88879670e-01 1.24378378e-01 0.00000000e+00
  2.40518340e-02 3.73242643e-02 0.00000000e+00 0.00000000e+00
  0.00000000e+00 0.00000000e+00 1.88657915e-02]
 [0.00000000e+00 0.00000000e+00 6.52880163e-01 1.51628816e+00
  4.93294226e-01 1.13972283e+00 6.29993308e-01 3.27490405e-01
  1.58432219e-02 8.92307868e-02 0.00000000e+00 2.43303361e-02
  0.00000000e+00 0.00000000e+00 7.69717076e-02]
 [2.00194332e-03 0.00000000e+00 7.11532854e-01 3.71565951e+00
  1.80394289e+00 1.43341895e+00 1.50324269e+00 4.89178195e-01
  8.53343769e-02 7.36826434e-02 0.00000000e+00 0.00000000e+00
  0.00000000e+00 1.54463722e-01 5.13854896e-02]
 [0.00000000e+00 9.71188713e-02 2.32004781e-01 4.47970278e-01
  0.00000000e+00 8.54457438e-01 1.26666413e-01 0.00000000e+00
  1.38701695e-01 0.00000000e+00 0.00000000e+00 0.00000000e+00
  0.00000000e+00 0.00000000e+00 2.58520785e-01]
 [0.00000000e+00 3.17558801e-02 2.35166728e+00 2.50334006e+01
  0.00000000e+00 2.37423709e+00 1.11332509e+00 3.50072922e-01
  5.66261404e-02 9.36585556e-04 0.00000000e+00 0.00000000e+00
  0.00000000e+00 0.00000000e+00 0.00000000e+00]
 [0.00000000e+00 0.00000000e+00 4.37943836e-01 1.81880035e+00
  1.39374833e-01 3.79312834e-01 1.81683345e-01 1.29440609e-01
  0.00000000e+00 4.17681320e-02 0.00000000e+00 0.00000000e+00
  0.00000000e+00 0.00000000e+00 2.45329287e-02]
 [0.00000000e+00 6.32480673e-02 1.04083565e+00 4.29589704e+00
  0.00000000e+00 1.97827354e+00 7.86425315e-01 2.69750759e-01
  1.20389441e-01 0.00000000e+00 0.00000000e+00 0.00000000e+00
  0.00000000e+00 0.00000000e+00 0.00000000e+00]
 [0.00000000e+00 0.00000000e+00 4.97481552e-02 6.30696395e-02
  0.00000000e+00 3.36619505e-01 2.17856588e-01 1.66266044e-01
  0.00000000e+00 4.52102983e-02 0.00000000e+00 0.00000000e+00
  0.00000000e+00 1.08538213e-03 7.76591473e-03]
 [1.98111035e-01 0.00000000e+00 3.50989100e-01 7.00214994e-01
  5.86459105e-01 1.77919373e+00 1.28665770e+00 1.07093409e+00
  4.99442980e-01 6.11255467e-01 1.54364507e-01 0.00000000e+00
  0.00000000e+00 0.00000000e+00 0.00000000e+00]
 [2.08128880e-02 1.12467204e-01 1.51274602e-01 3.09562246e-01
  0.00000000e+00 1.03412863e+00 5.03273513e-01 4.04931869e-01
  0.00000000e+00 1.50768380e-01 7.76092945e-03 0.00000000e+00
  0.00000000e+00 0.00000000e+00 0.00000000e+00]
 [2.19357175e-01 0.00000000e+00 2.44523386e-01 2.71338156e-01
  0.00000000e+00 1.04991655e+00 9.04347869e-01 6.44344938e-01
  2.82042134e-01 4.11101631e-01 0.00000000e+00 0.00000000e+00
  0.00000000e+00 0.00000000e+00 0.00000000e+00]
 [3.72982147e-01 5.31292437e-01 4.76407644e-01 8.37960814e-01
  9.22617286e-01 2.20151040e-01 3.88683203e-01 3.08857704e-01
  2.78943947e-01 2.75346980e-01 3.13729170e-01 2.23559735e-01
  3.19441585e-01 3.20887067e-01 5.82943225e-01]]

7
----------------------------------------------------------------------------------
[[0.         0.         0.         0.         0.42206242 0.
  0.         0.         0.37065236 0.         0.         0.15907688
  0.16502522 0.         0.43314849]
 [0.         0.         0.         0.         0.16347822 0.
  0.         0.         0.13731253 0.         0.         0.1868153
  0.02034887 0.         0.09023158]
 [0.06612337 0.         0.         0.         0.05629555 0.
  0.         0.         0.0308257  0.         0.         0.10094655
  0.         0.         0.        ]
 [0.         0.         0.         0.         0.33823745 0.
  0.         0.         0.32384046 0.         0.         0.09160067
  0.13165605 0.         0.41068327]
 [0.         0.         0.         0.         0.09815827 0.
  0.         0.         0.08129236 0.         0.         0.08701804
  0.0451826  0.         0.20136046]
 [0.05186184 0.         0.         0.         0.         0.0181685
  0.         0.         0.         0.         0.         0.09187698
  0.         0.         0.        ]
 [0.0056475  0.         0.         0.         0.09476931 0.
  0.         0.         0.         0.         0.         0.11508915
  0.         0.         0.00317433]
 [0.         0.         0.         0.         0.2665289  0.
  0.         0.         0.38670134 0.         0.         0.
  0.15809843 0.         0.44296345]
 [0.         0.         0.         0.         0.18370433 0.
  0.         0.         0.20488469 0.         0.         0.
  0.021408   0.         0.28489909]
 [0.06100724 0.         0.         0.         0.         0.02171437
  0.         0.         0.         0.         0.         0.06940228
  0.         0.         0.        ]
 [0.09146873 0.         0.         0.         0.         0.0216399
  0.         0.         0.         0.         0.         0.
  0.         0.         0.        ]
 [0.         0.         0.         0.         0.17564139 0.
  0.         0.         0.1943912  0.         0.         0.
  0.01454161 0.07889547 0.36281778]
 [0.06887606 0.         0.         0.         0.         0.00738182
  0.         0.         0.         0.         0.         0.
  0.         0.         0.        ]
 [0.04350977 0.01342529 0.         0.         0.03815768 0.
  0.         0.         0.15525056 0.00696628 0.         0.
  0.         0.10454645 0.23988091]
 [0.15699436 0.11969066 0.         0.         0.03853907 0.
  0.         0.         0.69314695 0.61958972 0.72420649 0.73681618
  0.5122673  0.01426477 0.40057585]
 [0.15607939 0.         0.12534873 0.         0.         0.23874266
  0.         0.         0.22407994 0.         0.         0.03591579
  0.00375856 0.         0.        ]
 [0.         0.1516939  0.         0.0753213  0.14487028 0.
  0.         0.         0.1968805  0.22564011 0.54301099 0.05809032
  0.3517023  0.37386546 0.6539661 ]
 [0.65829248 0.5839654  0.68512469 0.42645475 0.73954567 0.78299382
  1.30170807 0.70970567 0.45107161 0.47166891 0.71894438 0.9849121
  0.26671855 1.54887041 0.63863027]]

8
----------------------------------------------------------------------------------
[[0.00000000e+00 4.06170500e-01 0.00000000e+00 0.00000000e+00
  0.00000000e+00 0.00000000e+00 7.97515808e-02 3.55005460e-01
  7.49882530e-02 0.00000000e+00 0.00000000e+00 4.20061495e-02
  0.00000000e+00 2.35963507e-01 1.22248506e-01]
 [0.00000000e+00 3.62030036e-01 0.00000000e+00 0.00000000e+00
  0.00000000e+00 0.00000000e+00 0.00000000e+00 1.90084325e-01
  5.03973237e-02 0.00000000e+00 0.00000000e+00 0.00000000e+00
  1.32162977e-03 1.27238055e-01 1.86193507e-01]
 [0.00000000e+00 3.06456795e-01 0.00000000e+00 1.33701834e-02
  4.47317938e-03 0.00000000e+00 0.00000000e+00 1.38936390e-01
  0.00000000e+00 0.00000000e+00 0.00000000e+00 0.00000000e+00
  1.58989923e-01 1.91324754e-01 0.00000000e+00]
 [0.00000000e+00 3.42445226e-01 0.00000000e+00 0.00000000e+00
  0.00000000e+00 0.00000000e+00 6.58672718e-02 2.12964895e-01
  1.00540673e-01 0.00000000e+00 0.00000000e+00 5.66536010e-02
  0.00000000e+00 1.08070755e-01 1.84062747e-02]
 [0.00000000e+00 1.99900432e-01 0.00000000e+00 0.00000000e+00
  5.13079874e-03 0.00000000e+00 0.00000000e+00 1.39077552e-01
  3.29557282e-02 0.00000000e+00 0.00000000e+00 0.00000000e+00
  0.00000000e+00 8.78511381e-02 7.81500770e-02]
 [0.00000000e+00 2.51263609e-01 0.00000000e+00 0.00000000e+00
  7.00754099e-02 0.00000000e+00 0.00000000e+00 0.00000000e+00
  0.00000000e+00 0.00000000e+00 3.04224689e-02 0.00000000e+00
  1.85227986e-01 1.77279013e-01 3.37123294e-02]
 [0.00000000e+00 1.68800061e-01 0.00000000e+00 0.00000000e+00
  2.67461881e-02 2.01320484e-02 0.00000000e+00 5.04517535e-02
  0.00000000e+00 0.00000000e+00 3.60724950e-02 0.00000000e+00
  5.99432368e-02 5.30205605e-02 9.24510792e-02]
 [0.00000000e+00 3.39915806e-01 0.00000000e+00 0.00000000e+00
  6.16312254e-02 0.00000000e+00 1.50095692e-01 3.25209235e-01
  8.21045703e-02 0.00000000e+00 0.00000000e+00 8.32500456e-02
  7.38315061e-03 1.23204057e-01 1.77093907e-02]
 [1.94467755e-01 2.24203766e-01 0.00000000e+00 0.00000000e+00
  0.00000000e+00 0.00000000e+00 6.18431526e-02 1.76146044e-01
  5.35309614e-02 2.04907038e-02 0.00000000e+00 2.96039516e-02
  0.00000000e+00 1.81512563e-02 6.96117573e-02]
 [0.00000000e+00 3.46993798e-01 0.00000000e+00 2.42298659e-02
  6.65074249e-02 0.00000000e+00 2.19277556e-02 0.00000000e+00
  0.00000000e+00 0.00000000e+00 0.00000000e+00 0.00000000e+00
  4.25367757e-01 1.49395636e-01 0.00000000e+00]
 [0.00000000e+00 1.37417382e-01 0.00000000e+00 2.30087812e-02
  9.37075953e-02 0.00000000e+00 0.00000000e+00 0.00000000e+00
  0.00000000e+00 2.44317133e-02 4.94786421e-02 0.00000000e+00
  1.15381170e-01 6.81379850e-02 3.11627608e-02]
 [0.00000000e+00 9.64187176e-02 0.00000000e+00 5.01247914e-02
  0.00000000e+00 0.00000000e+00 3.71417377e-02 1.85074370e-01
  6.09273695e-02 1.90735408e-02 0.00000000e+00 8.38386142e-02
  0.00000000e+00 2.95135011e-02 6.77532634e-02]
 [0.00000000e+00 3.31680994e-02 0.00000000e+00 3.33468347e-02
  5.79958353e-02 0.00000000e+00 0.00000000e+00 0.00000000e+00
  0.00000000e+00 0.00000000e+00 2.11271773e-02 0.00000000e+00
  1.70292361e-01 9.08913848e-03 2.91703088e-02]
 [0.00000000e+00 2.47899507e+00 3.80295764e-01 0.00000000e+00
  1.61683864e-01 5.41802597e-01 5.47890626e-01 2.00015627e-01
  7.42752554e-02 0.00000000e+00 2.72793669e-02 1.20011526e-02
  2.17081572e-01 0.00000000e+00 1.37295295e-01]
 [4.47760372e+00 3.41066410e+00 1.38655942e+00 3.78385406e-02
  6.57496931e-01 2.02302975e+00 2.70846668e+00 6.48634728e-01
  2.29696167e-01 1.96006128e-02 2.11434081e-01 0.00000000e+00
  5.58422584e-01 5.34038079e-01 1.26795973e-02]
 [2.15381695e-01 1.07414600e+00 2.20013434e-01 0.00000000e+00
  2.44681318e-01 8.39398660e-02 3.63747490e-01 1.81657044e-01
  9.27768084e-02 0.00000000e+00 9.79153811e-03 0.00000000e+00
  5.26841533e-01 3.06550794e-02 3.16766845e-01]
 [8.61367470e-01 2.05882651e+00 8.52440147e-01 0.00000000e+00
  0.00000000e+00 4.57874937e-01 1.03034411e+00 5.50157510e-01
  1.04721808e-01 0.00000000e+00 4.57263553e-02 2.72749592e-01
  3.76189255e-02 3.30774136e-01 1.20808891e-02]
 [9.24432761e-01 2.90420877e-01 4.33401602e-01 6.00587254e-01
  4.10069996e-01 1.27705491e+00 1.82582765e-01 2.79512340e-01
  2.14897555e-01 1.24843026e+00 8.32529167e-01 1.22804812e+00
  3.56000431e-01 3.80281739e-01 1.17046615e+00]]

9
----------------------------------------------------------------------------------
[[0.00000000e+00 1.12807426e-01 0.00000000e+00 0.00000000e+00
  0.00000000e+00 2.54907685e-02 1.49833202e-01 0.00000000e+00
  0.00000000e+00 3.22552485e-01 0.00000000e+00 0.00000000e+00
  2.21370661e-01 3.23769461e-03 0.00000000e+00]
 [6.46860323e-04 0.00000000e+00 9.74142067e-03 0.00000000e+00
  0.00000000e+00 5.72174951e-02 0.00000000e+00 0.00000000e+00
  0.00000000e+00 2.86207701e-01 0.00000000e+00 2.08511899e-02
  1.60200703e-01 0.00000000e+00 0.00000000e+00]
 [0.00000000e+00 0.00000000e+00 5.31066452e-02 3.65654013e-02
  0.00000000e+00 1.86685474e-01 0.00000000e+00 0.00000000e+00
  0.00000000e+00 2.78951675e-01 3.65197737e-02 9.31741847e-02
  7.00575963e-02 0.00000000e+00 0.00000000e+00]
 [0.00000000e+00 1.78577761e-02 0.00000000e+00 0.00000000e+00
  0.00000000e+00 0.00000000e+00 8.74518019e-02 0.00000000e+00
  0.00000000e+00 3.15047288e-01 0.00000000e+00 0.00000000e+00
  1.83062803e-01 2.92342162e-02 0.00000000e+00]
 [0.00000000e+00 4.22868892e-02 0.00000000e+00 0.00000000e+00
  0.00000000e+00 0.00000000e+00 0.00000000e+00 0.00000000e+00
  0.00000000e+00 2.76972381e-01 0.00000000e+00 0.00000000e+00
  1.36191000e-01 0.00000000e+00 0.00000000e+00]
 [9.54054725e-03 0.00000000e+00 3.92564459e-02 1.64787474e-01
  0.00000000e+00 6.57451602e-02 0.00000000e+00 0.00000000e+00
  0.00000000e+00 1.99418797e-01 0.00000000e+00 4.80769340e-02
  6.43966911e-02 0.00000000e+00 0.00000000e+00]
 [5.46950167e-02 1.77740690e-02 0.00000000e+00 0.00000000e+00
  0.00000000e+00 0.00000000e+00 0.00000000e+00 1.20687253e-02
  0.00000000e+00 2.36490991e-01 0.00000000e+00 0.00000000e+00
  1.12829499e-01 0.00000000e+00 0.00000000e+00]
 [0.00000000e+00 9.76265125e-03 0.00000000e+00 0.00000000e+00
  0.00000000e+00 0.00000000e+00 1.06092763e-01 0.00000000e+00
  0.00000000e+00 2.06273738e-01 0.00000000e+00 0.00000000e+00
  1.83386240e-01 6.99183597e-02 0.00000000e+00]
 [0.00000000e+00 0.00000000e+00 0.00000000e+00 0.00000000e+00
  0.00000000e+00 0.00000000e+00 1.27059695e-02 0.00000000e+00
  0.00000000e+00 1.57946070e-01 0.00000000e+00 0.00000000e+00
  1.73899184e-01 1.11368750e-02 0.00000000e+00]
 [0.00000000e+00 0.00000000e+00 1.53949995e-01 3.63134448e-02
  0.00000000e+00 3.38311481e-01 0.00000000e+00 0.00000000e+00
  0.00000000e+00 2.10306978e-01 0.00000000e+00 9.92077048e-03
  1.01919252e-01 0.00000000e+00 0.00000000e+00]
 [2.87110403e-02 0.00000000e+00 9.34007836e-03 9.69718493e-02
  0.00000000e+00 4.82781478e-03 0.00000000e+00 1.37044192e-01
  0.00000000e+00 1.37240032e-01 2.67375943e-02 0.00000000e+00
  7.54661216e-02 0.00000000e+00 0.00000000e+00]
 [0.00000000e+00 0.00000000e+00 0.00000000e+00 0.00000000e+00
  0.00000000e+00 0.00000000e+00 6.68073419e-02 0.00000000e+00
  0.00000000e+00 7.64030905e-02 0.00000000e+00 0.00000000e+00
  1.67036916e-01 6.99459721e-02 0.00000000e+00]
 [0.00000000e+00 0.00000000e+00 8.69429260e-02 1.41056367e-01
  0.00000000e+00 4.87053200e-02 0.00000000e+00 1.80481379e-01
  0.00000000e+00 2.64155038e-03 0.00000000e+00 0.00000000e+00
  8.62275898e-02 0.00000000e+00 2.62861399e-02]
 [2.28951439e-01 0.00000000e+00 8.84399559e-02 1.90333443e-01
  2.28849551e-01 5.73845346e-01 1.34364007e+00 3.33401173e+00
  5.28619875e+00 1.58255602e+00 4.27089675e-01 8.28068588e-01
  1.81287373e+00 1.41134192e+00 1.40764981e+00]
 [2.88656215e-01 0.00000000e+00 5.59570298e-01 1.47751395e+00
  2.25197463e+00 2.19792350e+00 1.49492326e+00 1.55917186e+00
  4.21321878e+00 1.62459928e+00 4.93066236e-01 8.30317724e-01
  1.25667902e+00 9.76693327e-01 1.50351532e+00]
 [2.30100768e-01 0.00000000e+00 4.69683075e-01 5.41551908e-01
  6.44903203e-01 9.78855411e-01 1.97545150e+00 3.48589752e+00
  2.38293955e+00 6.17654724e-01 8.70130135e-02 9.08420175e-01
  1.23947412e+00 1.18692638e+00 1.35853584e+00]
 [1.40445560e-01 0.00000000e+00 2.64770167e-01 7.31358996e-01
  9.71419824e-01 1.44823960e+00 8.42225820e-01 1.68632470e+00
  1.54121751e+00 1.11980208e+00 8.08083949e-01 7.20277588e-01
  1.04231412e+00 7.08525353e-01 7.95759692e-01]
 [5.75016430e-01 9.37568945e-01 4.95002714e-01 4.21744801e-01
  1.38927013e+00 2.58344593e-01 5.81529800e-01 5.64820809e-01
  7.35284461e-01 2.73604049e-01 2.90318622e-01 4.54149205e-01
  4.62176428e-01 3.64808386e-01 8.34559190e-01]]

10
----------------------------------------------------------------------------------
[[0.00000000e+00 2.71167164e-01 4.13344531e-02 0.00000000e+00
  8.30340986e-03 0.00000000e+00 4.37704745e-03 0.00000000e+00
  0.00000000e+00 0.00000000e+00 9.09754392e-02 1.56316114e-01
  0.00000000e+00 1.25398893e-01 0.00000000e+00]
 [0.00000000e+00 2.38251928e-01 5.09987328e-02 0.00000000e+00
  2.07482627e-02 0.00000000e+00 3.37688602e-02 7.26284192e-02
  0.00000000e+00 0.00000000e+00 1.40684770e-01 1.34487345e-01
  0.00000000e+00 0.00000000e+00 1.82952831e-01]
 [0.00000000e+00 2.48588137e-01 0.00000000e+00 4.54342205e-02
  0.00000000e+00 0.00000000e+00 9.20040417e-03 0.00000000e+00
  0.00000000e+00 0.00000000e+00 3.49113493e-01 1.43101388e-01
  3.95280005e-02 0.00000000e+00 3.03321656e-01]
 [0.00000000e+00 1.60857036e-01 0.00000000e+00 0.00000000e+00
  0.00000000e+00 0.00000000e+00 7.77505396e-03 0.00000000e+00
  7.16664734e-03 0.00000000e+00 5.09398345e-02 1.17959022e-01
  0.00000000e+00 1.02118783e-01 0.00000000e+00]
 [0.00000000e+00 2.30136478e-01 4.60782594e-03 0.00000000e+00
  0.00000000e+00 0.00000000e+00 1.24967023e-03 0.00000000e+00
  8.73838005e-04 0.00000000e+00 4.35693600e-02 9.19763304e-02
  0.00000000e+00 4.53726479e-02 1.37660227e-02]
 [0.00000000e+00 1.42119759e-01 0.00000000e+00 3.17772883e-02
  0.00000000e+00 0.00000000e+00 6.06607155e-02 0.00000000e+00
  0.00000000e+00 0.00000000e+00 3.12560352e-01 9.00116142e-02
  6.56913379e-02 0.00000000e+00 2.47088010e-01]
 [0.00000000e+00 2.28797212e-01 0.00000000e+00 0.00000000e+00
  0.00000000e+00 0.00000000e+00 0.00000000e+00 7.19500226e-03
  0.00000000e+00 0.00000000e+00 1.28882997e-01 8.19239971e-02
  0.00000000e+00 0.00000000e+00 1.32428285e-01]
 [0.00000000e+00 5.72587680e-02 2.88154188e-02 0.00000000e+00
  1.47295933e-02 0.00000000e+00 0.00000000e+00 0.00000000e+00
  0.00000000e+00 0.00000000e+00 4.39161381e-02 1.89620813e-02
  0.00000000e+00 2.24069171e-02 0.00000000e+00]
 [0.00000000e+00 1.38473791e-01 0.00000000e+00 0.00000000e+00
  8.48906206e-02 0.00000000e+00 2.26246427e-02 0.00000000e+00
  0.00000000e+00 2.58432976e-01 0.00000000e+00 8.54389036e-02
  0.00000000e+00 8.76935767e-05 0.00000000e+00]
 [0.00000000e+00 9.53213816e-02 0.00000000e+00 1.57020578e-01
  1.69649564e-02 0.00000000e+00 3.80115026e-02 0.00000000e+00
  0.00000000e+00 7.09125975e-02 3.16917402e-01 0.00000000e+00
  1.63618256e-01 0.00000000e+00 1.63527386e-01]
 [0.00000000e+00 1.99358714e-01 0.00000000e+00 0.00000000e+00
  0.00000000e+00 0.00000000e+00 0.00000000e+00 0.00000000e+00
  0.00000000e+00 2.91020549e-01 1.68749250e-01 4.35824723e-02
  2.50058086e-02 0.00000000e+00 1.73371669e-01]
 [0.00000000e+00 1.56111568e-01 5.46878920e-02 0.00000000e+00
  0.00000000e+00 0.00000000e+00 1.24201373e-02 0.00000000e+00
  0.00000000e+00 4.37685285e-02 0.00000000e+00 6.07932000e-02
  0.00000000e+00 0.00000000e+00 0.00000000e+00]
 [0.00000000e+00 1.59882502e-01 0.00000000e+00 0.00000000e+00
  0.00000000e+00 0.00000000e+00 0.00000000e+00 3.29602232e-02
  0.00000000e+00 2.08108657e-01 1.46386148e-01 2.36140576e-02
  2.33374903e-02 0.00000000e+00 1.48846734e-01]
 [6.12071481e-01 4.28268965e-01 2.63749801e-01 2.37094661e-01
  5.51064308e-02 0.00000000e+00 1.07901130e+00 2.12411908e-01
  3.14782924e-02 5.13709330e-01 7.72904716e-01 1.97138737e-01
  7.74115350e-01 6.03099543e-02 1.06921579e-01]
 [1.25964618e+00 7.73139863e-01 5.41539522e-01 2.75872902e-01
  1.75557012e-01 0.00000000e+00 1.29654966e+00 4.13889786e-01
  1.56709182e-01 1.97309249e-01 3.85412231e-01 1.56771434e-01
  5.05834998e-01 2.58843122e-02 2.08602826e-02]
 [4.20848977e-01 3.16661561e-01 1.16413090e-01 8.30987101e-02
  0.00000000e+00 0.00000000e+00 9.25773362e-01 2.76525744e-01
  3.41265487e-01 8.88811924e-01 1.00096118e+00 2.47143036e-01
  1.15013918e+00 1.84135162e-01 2.38820674e-01]
 [7.21126550e-01 4.55801696e-01 3.95137378e-01 3.50124431e-01
  3.52390887e-02 1.24922345e-01 6.63329576e-01 0.00000000e+00
  0.00000000e+00 0.00000000e+00 2.34923691e-01 1.80565264e-02
  1.34693049e-01 0.00000000e+00 2.85219478e-03]
 [7.37733147e-01 5.00383628e-01 7.84626612e-01 2.09311984e-01
  2.15881028e-01 7.52126521e-01 1.48251677e-01 5.70371573e-01
  5.96107998e-01 5.90651466e-01 1.89647461e-01 1.40364893e+00
  3.74594011e-01 1.08324608e+00 1.06881078e+00]]

11
----------------------------------------------------------------------------------
[[1.30717477e-01 0.00000000e+00 0.00000000e+00 3.86357810e-01
  1.83417526e-01 0.00000000e+00 0.00000000e+00 4.25575082e-02
  1.97358678e-01 1.03703004e-01 5.65100838e-01 1.20789307e-01
  0.00000000e+00 2.21745348e-01 7.83422573e-01]
 [1.40336139e-01 0.00000000e+00 0.00000000e+00 1.13677022e-01
  2.68595857e-01 0.00000000e+00 2.71881285e-04 0.00000000e+00
  5.77538123e-02 2.00565577e-01 3.79816482e-01 0.00000000e+00
  0.00000000e+00 3.84005454e-01 2.34569087e-01]
 [7.08166297e-02 1.01104516e-01 2.43128473e-01 3.30414871e-01
  3.36432922e-01 8.39647200e-02 5.79359539e-02 3.09690211e-02
  5.68041794e-03 2.96698997e-01 2.48531659e-01 0.00000000e+00
  0.00000000e+00 5.08152796e-01 0.00000000e+00]
 [1.40322588e-01 0.00000000e+00 0.00000000e+00 5.36711096e-02
  8.95204540e-02 0.00000000e+00 0.00000000e+00 7.79703781e-02
  1.16705696e-01 7.79493007e-02 4.88490834e-01 1.57111837e-01
  0.00000000e+00 6.54456246e-02 7.56365159e-01]
 [1.17830021e-01 0.00000000e+00 0.00000000e+00 0.00000000e+00
  7.29311409e-02 7.39191388e-03 1.41244974e-02 2.46595921e-02
  4.98877513e-02 8.06123355e-02 3.69149749e-01 0.00000000e+00
  0.00000000e+00 2.50475158e-01 2.54798771e-01]
 [9.60098184e-02 1.17258181e-01 0.00000000e+00 0.00000000e+00
  0.00000000e+00 1.53197777e-01 1.78616946e-01 5.44129652e-02
  0.00000000e+00 2.88524280e-01 5.64773592e-02 0.00000000e+00
  0.00000000e+00 4.03517287e-01 0.00000000e+00]
 [1.28521494e-01 9.06371641e-02 0.00000000e+00 2.74659857e-02
  0.00000000e+00 0.00000000e+00 4.54712787e-02 3.93953039e-03
  0.00000000e+00 1.81207622e-01 1.77796949e-01 0.00000000e+00
  0.00000000e+00 3.03306449e-01 0.00000000e+00]
 [1.64499576e-01 0.00000000e+00 0.00000000e+00 4.01362251e-02
  1.95424145e-01 9.81946180e-02 0.00000000e+00 0.00000000e+00
  2.57185608e-01 0.00000000e+00 4.67807904e-01 2.76810551e-01
  0.00000000e+00 0.00000000e+00 7.89901138e-01]
 [1.61367540e-01 0.00000000e+00 0.00000000e+00 0.00000000e+00
  1.49487904e-02 2.40891828e-02 0.00000000e+00 2.10160459e-02
  2.72885010e-01 9.79914258e-03 3.34991663e-01 0.00000000e+00
  0.00000000e+00 0.00000000e+00 4.66271044e-01]
 [9.16895638e-02 3.76184991e-03 1.13302245e-01 8.37133574e-02
  0.00000000e+00 2.23611886e-01 1.87974373e-01 3.70975559e-02
  5.72708177e-02 4.39384018e-01 2.05472445e-01 0.00000000e+00
  0.00000000e+00 4.79321161e-01 0.00000000e+00]
 [8.23271813e-02 2.39869768e-01 0.00000000e+00 7.67151554e-02
  0.00000000e+00 6.00125159e-02 8.44314439e-02 1.73848249e-02
  2.18738789e-01 1.33893248e-01 8.36543168e-02 0.00000000e+00
  0.00000000e+00 2.30080630e-01 0.00000000e+00]
 [5.91503953e-02 0.00000000e+00 0.00000000e+00 1.33894241e-02
  0.00000000e+00 1.41726802e-02 0.00000000e+00 1.07111260e-02
  2.44763931e-01 0.00000000e+00 3.07212643e-01 1.08948801e-02
  0.00000000e+00 2.47921913e-02 5.05351846e-01]
 [8.49084772e-02 6.18600012e-02 0.00000000e+00 2.40703181e-02
  0.00000000e+00 2.37295436e-01 1.71826226e-01 8.34149899e-02
  1.70160403e-01 1.01073655e-01 5.76535681e-02 0.00000000e+00
  0.00000000e+00 2.68857898e-01 0.00000000e+00]
 [3.09221708e-01 4.85206616e-01 1.35057472e-01 4.12185440e-01
  1.10206609e-01 6.27963029e-02 0.00000000e+00 3.19949922e-01
  1.12331256e-01 0.00000000e+00 7.84901348e-02 1.93429313e-02
  0.00000000e+00 9.49090670e-02 3.53534558e-01]
 [4.93501467e-01 3.57814666e-01 7.98449928e-01 4.61475615e-01
  3.70205600e-01 1.57663105e-01 0.00000000e+00 4.21168473e-01
  1.66200188e-01 0.00000000e+00 1.74275203e-01 4.68551863e-02
  0.00000000e+00 1.93152739e-01 3.75800350e-01]
 [4.54450059e-01 5.51972178e-01 0.00000000e+00 4.14075362e-01
  4.40578998e-01 1.99384666e-01 5.46327417e-02 4.20743558e-01
  9.58180168e-02 0.00000000e+00 2.28763908e-01 6.83333474e-02
  0.00000000e+00 4.82609169e-01 1.81419254e-01]
 [8.13342553e-02 5.43235946e-01 6.24316715e-01 4.30084271e-01
  1.87078680e-02 9.23989420e-02 0.00000000e+00 4.13963218e-01
  3.81653121e-01 0.00000000e+00 2.11311979e-01 1.30165374e-01
  0.00000000e+00 0.00000000e+00 6.42353177e-01]
 [3.81670898e-01 6.21415976e-01 1.14989745e+00 3.37138303e-01
  3.79955909e-01 4.56603575e-01 3.56301226e-01 2.34662184e-01
  3.38030870e-01 9.84412529e-01 1.41661001e+00 3.75618662e-01
  1.28100473e+00 2.07537941e+00 8.90300278e-01]]

12
----------------------------------------------------------------------------------
[[2.89956736e-02 2.02029876e-01 8.70351992e-02 6.04212562e-01
  6.82924020e-03 3.71018796e-01 2.02025000e-01 3.98119640e-02
  0.00000000e+00 1.23715437e-01 1.00360911e-01 2.11174970e-01
  0.00000000e+00 8.59743109e-02]
 [2.39586572e-01 8.81673152e-02 1.04739079e-02 6.77424710e-01
  1.88729284e-01 3.37336736e-01 2.56938524e-01 0.00000000e+00
  0.00000000e+00 2.22877226e-01 8.86448927e-02 0.00000000e+00
  0.00000000e+00 0.00000000e+00]
 [2.88589758e-01 0.00000000e+00 8.73772450e-04 1.16737114e+00
  5.09854998e-01 8.04126582e-02 1.86620801e-01 0.00000000e+00
  3.05187342e-02 2.19375993e-01 6.51002800e-02 0.00000000e+00
  0.00000000e+00 0.00000000e+00]
 [0.00000000e+00 1.84775418e-01 2.21663110e-02 0.00000000e+00
  8.63349080e-02 2.58754810e-01 2.14711017e-01 0.00000000e+00
  0.00000000e+00 6.05292406e-02 8.33835633e-02 2.20026528e-01
  0.00000000e+00 0.00000000e+00]
 [7.75532711e-02 6.53303448e-02 9.32737596e-02 0.00000000e+00
  6.38535144e-03 1.81720274e-01 1.21638712e-01 0.00000000e+00
  4.04600334e-02 1.07254389e-01 8.72367951e-02 1.55296025e-02
  0.00000000e+00 0.00000000e+00]
 [1.85941076e-01 0.00000000e+00 2.92789789e-02 1.63256388e-01
  1.68734172e-02 3.02621666e-02 0.00000000e+00 0.00000000e+00
  5.42158145e-02 1.34916508e-01 2.19727432e-02 0.00000000e+00
  0.00000000e+00 0.00000000e+00]
 [1.97866693e-01 0.00000000e+00 6.32775247e-02 8.60312668e-02
  2.15063196e-02 1.68458155e-01 0.00000000e+00 0.00000000e+00
  5.03640893e-02 1.73603660e-01 0.00000000e+00 0.00000000e+00
  0.00000000e+00 0.00000000e+00]
 [0.00000000e+00 2.03398098e-01 0.00000000e+00 4.24115245e-01
  3.84893575e-01 2.62649542e-01 2.32139581e-01 7.66910120e-02
  0.00000000e+00 3.90704552e-02 8.55719634e-02 2.70163131e-01
  0.00000000e+00 3.77962125e-03]
 [0.00000000e+00 1.27828518e-01 3.33685584e-02 1.06605559e-01
  3.42041548e-01 1.22313699e-01 0.00000000e+00 0.00000000e+00
  0.00000000e+00 0.00000000e+00 5.09044425e-02 1.01850015e-01
  0.00000000e+00 0.00000000e+00]
 [9.43764768e-02 0.00000000e+00 3.61821922e-04 5.16999341e-01
  0.00000000e+00 0.00000000e+00 0.00000000e+00 0.00000000e+00
  0.00000000e+00 1.04776538e-01 0.00000000e+00 0.00000000e+00
  0.00000000e+00 0.00000000e+00]
 [7.96103190e-02 0.00000000e+00 5.27418088e-02 4.56149823e-01
  1.30498525e-01 9.80579328e-02 1.07050666e-02 0.00000000e+00
  9.95703004e-03 1.01625067e-01 0.00000000e+00 0.00000000e+00
  0.00000000e+00 0.00000000e+00]
 [0.00000000e+00 1.75752102e-01 0.00000000e+00 2.27987476e-01
  4.40749637e-01 2.04900814e-02 0.00000000e+00 1.64461200e-02
  0.00000000e+00 0.00000000e+00 4.28280783e-04 1.77226260e-01
  3.82407897e-02 3.83310200e-02]
 [7.53622480e-02 0.00000000e+00 1.06866245e-01 4.65651158e-01
  1.40549298e-01 0.00000000e+00 0.00000000e+00 0.00000000e+00
  0.00000000e+00 6.87332387e-02 0.00000000e+00 0.00000000e+00
  1.93600911e-03 0.00000000e+00]
 [5.14763172e-01 8.35698761e-01 1.33859201e-02 7.30601100e-01
  6.63791833e-01 0.00000000e+00 0.00000000e+00 1.63463291e-01
  0.00000000e+00 0.00000000e+00 1.89993001e-02 1.72378599e+00
  4.19935735e+00 4.28287729e+00]
 [2.98486238e-01 5.30129297e-01 2.40056464e-01 8.39242061e-01
  3.96658401e-01 0.00000000e+00 0.00000000e+00 3.26487977e-02
  0.00000000e+00 0.00000000e+00 0.00000000e+00 7.26424670e-01
  2.83496113e+00 2.62965699e+00]
 [6.21099312e-01 3.98351924e-01 3.09375713e-01 9.27225892e-01
  3.47466318e-01 9.40297194e-02 0.00000000e+00 1.94364805e-01
  0.00000000e+00 0.00000000e+00 5.23289761e-02 1.66932019e+00
  4.76797890e+00 3.35530741e+00]
 [1.58752824e-01 9.09408558e-01 0.00000000e+00 5.81758970e-01
  6.78100555e-01 0.00000000e+00 0.00000000e+00 7.16043845e-02
  0.00000000e+00 0.00000000e+00 0.00000000e+00 1.34092046e+00
  2.67911622e+00 2.28398020e+00]
 [2.46847115e+00 1.55481030e+00 1.35085756e+00 9.16184913e-01
  1.17723296e+00 1.05650550e+00 3.84315024e-01 3.75328951e-01
  7.98860120e-01 1.18009047e+00 1.75155939e+00 1.43132927e+00
  7.79205792e-01 1.02171098e+00]]