

1
----------------------------------------------------------------------------------
[[9.87886024e-02 5.66759656e-02 1.12437678e-01 2.13292422e-01
  8.92491805e-02 0.00000000e+00 6.26615954e-02 0.00000000e+00
  2.81961341e-03 0.00000000e+00 0.00000000e+00 0.00000000e+00
  0.00000000e+00 0.00000000e+00 0.00000000e+00]
 [2.09873178e-01 1.45265212e-01 0.00000000e+00 1.93287125e-01
  2.61875109e-01 3.86355473e-02 2.10829216e-01 4.04738400e-02
  8.56446327e-02 0.00000000e+00 0.00000000e+00 1.13267411e-01
  0.00000000e+00 0.00000000e+00 0.00000000e+00]
 [0.00000000e+00 0.00000000e+00 2.52827318e-02 1.61555430e-01
  1.93483508e-01 4.41374452e-02 4.50307783e-01 0.00000000e+00
  1.66840921e-01 2.35411544e-01 0.00000000e+00 5.55524360e-02
  0.00000000e+00 0.00000000e+00 0.00000000e+00]
 [0.00000000e+00 5.14164689e-02 2.30464740e-02 1.52195151e-01
  2.81172988e-02 0.00000000e+00 0.00000000e+00 0.00000000e+00
  0.00000000e+00 0.00000000e+00 0.00000000e+00 0.00000000e+00
  0.00000000e+00 0.00000000e+00 0.00000000e+00]
 [0.00000000e+00 5.15310959e-02 2.13549687e-02 3.61082566e-02
  4.22725159e-02 0.00000000e+00 8.55306136e-02 0.00000000e+00
  4.22928674e-03 0.00000000e+00 0.00000000e+00 6.71486383e-02
  1.42577538e-02 0.00000000e+00 0.00000000e+00]
 [0.00000000e+00 0.00000000e+00 0.00000000e+00 1.03384787e-01
  1.61645484e-01 1.95183972e-02 3.28150248e-01 0.00000000e+00
  0.00000000e+00 0.00000000e+00 0.00000000e+00 0.00000000e+00
  0.00000000e+00 0.00000000e+00 0.00000000e+00]
 [0.00000000e+00 2.18413165e-02 0.00000000e+00 6.12889355e-02
  1.11188464e-01 0.00000000e+00 1.87937732e-01 0.00000000e+00
  1.00093009e-01 2.04628467e-02 0.00000000e+00 1.32685244e-01
  0.00000000e+00 0.00000000e+00 0.00000000e+00]
 [0.00000000e+00 4.43157236e-02 0.00000000e+00 0.00000000e+00
  4.07652945e-02 0.00000000e+00 0.00000000e+00 0.00000000e+00
  0.00000000e+00 0.00000000e+00 0.00000000e+00 0.00000000e+00
  0.00000000e+00 0.00000000e+00 0.00000000e+00]
 [0.00000000e+00 3.54752174e-02 0.00000000e+00 0.00000000e+00
  3.05548480e-02 0.00000000e+00 0.00000000e+00 0.00000000e+00
  0.00000000e+00 0.00000000e+00 0.00000000e+00 0.00000000e+00
  0.00000000e+00 0.00000000e+00 0.00000000e+00]
 [0.00000000e+00 0.00000000e+00 0.00000000e+00 7.40019973e-02
  1.20465634e-01 4.34573781e-02 2.62362842e-01 0.00000000e+00
  0.00000000e+00 0.00000000e+00 0.00000000e+00 0.00000000e+00
  0.00000000e+00 0.00000000e+00 0.00000000e+00]
 [0.00000000e+00 0.00000000e+00 0.00000000e+00 0.00000000e+00
  9.96116483e-02 4.12419543e-04 1.26138987e-01 0.00000000e+00
  0.00000000e+00 0.00000000e+00 0.00000000e+00 0.00000000e+00
  0.00000000e+00 0.00000000e+00 0.00000000e+00]
 [0.00000000e+00 4.74926488e-02 0.00000000e+00 0.00000000e+00
  8.64900461e-02 0.00000000e+00 0.00000000e+00 0.00000000e+00
  0.00000000e+00 0.00000000e+00 0.00000000e+00 0.00000000e+00
  0.00000000e+00 0.00000000e+00 0.00000000e+00]
 [0.00000000e+00 0.00000000e+00 0.00000000e+00 0.00000000e+00
  5.05060568e-02 4.18964154e-02 1.67833335e-01 1.54068541e-03
  0.00000000e+00 0.00000000e+00 0.00000000e+00 0.00000000e+00
  0.00000000e+00 0.00000000e+00 0.00000000e+00]
 [0.00000000e+00 0.00000000e+00 0.00000000e+00 7.90028301e-02
  3.50124121e-02 0.00000000e+00 3.66682665e-02 0.00000000e+00
  0.00000000e+00 0.00000000e+00 0.00000000e+00 0.00000000e+00
  0.00000000e+00 0.00000000e+00 0.00000000e+00]
 [4.88190527e-02 0.00000000e+00 0.00000000e+00 3.40956294e-02
  7.47482612e-02 1.74940113e-03 8.11528414e-02 1.07924895e-02
  0.00000000e+00 0.00000000e+00 0.00000000e+00 0.00000000e+00
  0.00000000e+00 0.00000000e+00 0.00000000e+00]
 [0.00000000e+00 0.00000000e+00 0.00000000e+00 1.08803203e-01
  8.02105727e-02 7.90475363e-02 1.27059630e-01 7.24822889e-02
  0.00000000e+00 0.00000000e+00 0.00000000e+00 0.00000000e+00
  0.00000000e+00 0.00000000e+00 0.00000000e+00]
 [0.00000000e+00 0.00000000e+00 8.57175703e-02 9.65228265e-02
  1.73103919e-02 1.60301813e-02 0.00000000e+00 3.54801490e-02
  0.00000000e+00 0.00000000e+00 0.00000000e+00 0.00000000e+00
  0.00000000e+00 0.00000000e+00 0.00000000e+00]
 [9.07552633e-01 7.68980866e-01 9.46019759e-01 6.89664797e-01
  2.27196135e-01 3.66617688e-01 9.37142726e-01 1.10191293e+00
  1.55780530e+00 2.09483319e+00 1.60048550e+00 1.11429393e+00
  1.38992707e+00 1.48743699e+00 1.29428553e+00]]

2
----------------------------------------------------------------------------------
[[0.00000000e+00 0.00000000e+00 0.00000000e+00 6.30101043e-02
  5.12985395e-03 0.00000000e+00 0.00000000e+00 0.00000000e+00
  1.05127180e-01 1.01668257e-01 0.00000000e+00 1.94851557e-02
  0.00000000e+00 0.00000000e+00 2.45017299e-01]
 [4.44060047e-02 2.68607089e-02 0.00000000e+00 0.00000000e+00
  0.00000000e+00 0.00000000e+00 7.27469886e-02 0.00000000e+00
  0.00000000e+00 0.00000000e+00 1.06788309e-01 0.00000000e+00
  3.55747373e-03 0.00000000e+00 1.23806286e-01]
 [1.14386930e-01 2.27822102e-02 0.00000000e+00 0.00000000e+00
  0.00000000e+00 0.00000000e+00 0.00000000e+00 0.00000000e+00
  0.00000000e+00 0.00000000e+00 5.65506531e-02 0.00000000e+00
  3.88852353e-02 0.00000000e+00 2.15552609e-01]
 [0.00000000e+00 0.00000000e+00 0.00000000e+00 0.00000000e+00
  2.23342350e-02 0.00000000e+00 0.00000000e+00 0.00000000e+00
  6.08020473e-02 9.24482725e-02 0.00000000e+00 0.00000000e+00
  0.00000000e+00 0.00000000e+00 1.96866023e-01]
 [0.00000000e+00 3.92643897e-02 0.00000000e+00 0.00000000e+00
  0.00000000e+00 0.00000000e+00 0.00000000e+00 0.00000000e+00
  2.75600253e-02 9.24293050e-03 0.00000000e+00 0.00000000e+00
  0.00000000e+00 0.00000000e+00 1.22568707e-01]
 [2.15204314e-02 2.04455172e-02 0.00000000e+00 0.00000000e+00
  0.00000000e+00 0.00000000e+00 0.00000000e+00 0.00000000e+00
  0.00000000e+00 0.00000000e+00 0.00000000e+00 0.00000000e+00
  0.00000000e+00 0.00000000e+00 9.63764553e-02]
 [1.67204975e-03 1.47621223e-01 0.00000000e+00 0.00000000e+00
  0.00000000e+00 0.00000000e+00 0.00000000e+00 0.00000000e+00
  0.00000000e+00 6.31377075e-03 0.00000000e+00 0.00000000e+00
  0.00000000e+00 0.00000000e+00 1.72380792e-01]
 [0.00000000e+00 0.00000000e+00 0.00000000e+00 0.00000000e+00
  0.00000000e+00 0.00000000e+00 0.00000000e+00 0.00000000e+00
  4.02212066e-02 8.57844123e-02 0.00000000e+00 0.00000000e+00
  2.94426099e-02 0.00000000e+00 2.20022132e-01]
 [0.00000000e+00 0.00000000e+00 0.00000000e+00 0.00000000e+00
  0.00000000e+00 0.00000000e+00 0.00000000e+00 0.00000000e+00
  0.00000000e+00 0.00000000e+00 0.00000000e+00 0.00000000e+00
  0.00000000e+00 0.00000000e+00 1.90692029e-01]
 [5.28064799e-03 0.00000000e+00 0.00000000e+00 0.00000000e+00
  0.00000000e+00 0.00000000e+00 0.00000000e+00 0.00000000e+00
  0.00000000e+00 0.00000000e+00 0.00000000e+00 0.00000000e+00
  1.96936047e-04 0.00000000e+00 9.62437068e-02]
 [3.65745514e-02 0.00000000e+00 0.00000000e+00 0.00000000e+00
  0.00000000e+00 0.00000000e+00 0.00000000e+00 0.00000000e+00
  2.69062138e-02 0.00000000e+00 0.00000000e+00 0.00000000e+00
  0.00000000e+00 0.00000000e+00 1.45594293e-01]
 [0.00000000e+00 0.00000000e+00 0.00000000e+00 0.00000000e+00
  0.00000000e+00 0.00000000e+00 0.00000000e+00 0.00000000e+00
  0.00000000e+00 8.08774175e-02 0.00000000e+00 0.00000000e+00
  0.00000000e+00 0.00000000e+00 1.84938571e-01]
 [2.16142092e-01 0.00000000e+00 0.00000000e+00 0.00000000e+00
  0.00000000e+00 0.00000000e+00 0.00000000e+00 0.00000000e+00
  1.86685854e-02 0.00000000e+00 0.00000000e+00 0.00000000e+00
  0.00000000e+00 0.00000000e+00 8.64076981e-02]
 [0.00000000e+00 0.00000000e+00 0.00000000e+00 0.00000000e+00
  0.00000000e+00 2.28957035e+00 0.00000000e+00 0.00000000e+00
  0.00000000e+00 5.83445312e-01 5.53577754e-01 2.81923337e-01
  4.82641311e-01 1.14695252e-01 1.97789248e-01]
 [0.00000000e+00 0.00000000e+00 0.00000000e+00 0.00000000e+00
  0.00000000e+00 3.59649277e+00 8.05357167e-01 0.00000000e+00
  3.71968755e-01 9.07671125e-01 5.92379402e-01 8.15689385e-01
  1.51225132e+00 8.99960123e-01 6.48933950e-01]
 [0.00000000e+00 0.00000000e+00 0.00000000e+00 0.00000000e+00
  0.00000000e+00 0.00000000e+00 0.00000000e+00 0.00000000e+00
  2.96974047e-01 2.11896971e-01 1.37040054e-01 2.52290545e-01
  1.43619450e-01 0.00000000e+00 8.44004308e-02]
 [0.00000000e+00 0.00000000e+00 0.00000000e+00 0.00000000e+00
  0.00000000e+00 0.00000000e+00 0.00000000e+00 0.00000000e+00
  2.76004833e-01 2.46235977e+00 1.22373983e+00 8.18959382e-02
  1.47264345e+00 8.71930190e-01 5.20222386e-01]
 [8.40902824e-01 1.25926660e+00 1.45709113e+00 9.31617789e-01
  1.08574530e+00 5.43543130e-01 8.25252145e-01 1.17876657e+00
  9.34227342e-01 7.90768767e-01 8.32843326e-01 9.18736830e-01
  1.87754744e-01 7.90567770e-01 5.77509111e-01]]

3
----------------------------------------------------------------------------------
[[7.39682265e-02 1.44676400e-01 4.44804865e-02 2.00990227e-01
  5.10309815e-01 2.17940523e-01 0.00000000e+00 1.69566146e-01
  1.25900954e-02 0.00000000e+00 0.00000000e+00 0.00000000e+00
  2.85433477e-02 0.00000000e+00 2.63009318e-01]
 [1.89448486e-02 1.58592195e-01 1.86600056e-01 0.00000000e+00
  2.81879018e-01 1.37091637e-01 6.00545862e-02 1.07395162e-01
  4.33345532e-01 2.35800802e-01 2.02417907e-01 3.83913348e-02
  2.64670525e-01 1.22638040e-01 5.45579002e-01]
 [9.34132099e-02 3.56976420e-01 0.00000000e+00 0.00000000e+00
  1.50925051e-01 9.67701621e-03 2.67088383e-01 3.88935667e-01
  1.35803537e-01 3.86591713e-01 1.03623751e-02 7.85088884e-02
  1.75911756e-01 4.87763609e-02 0.00000000e+00]
 [5.54212181e-02 1.99099784e-01 3.69555043e-01 4.75252156e-01
  5.57278157e-01 6.34929681e-02 0.00000000e+00 3.24939849e-02
  0.00000000e+00 0.00000000e+00 0.00000000e+00 0.00000000e+00
  1.51053346e-01 0.00000000e+00 3.64168563e-02]
 [1.33007837e-01 0.00000000e+00 4.80486208e-01 5.06454459e-01
  4.07626803e-01 1.66945728e-01 0.00000000e+00 1.29039299e-01
  4.00672086e-02 1.00458212e-03 0.00000000e+00 0.00000000e+00
  1.43230742e-01 0.00000000e+00 2.14222003e-02]
 [0.00000000e+00 2.81646153e-01 4.39715246e-01 2.90590141e-01
  2.79981032e-02 0.00000000e+00 2.57189470e-01 3.11923065e-01
  2.19056458e-02 1.18592171e-01 0.00000000e+00 0.00000000e+00
  0.00000000e+00 0.00000000e+00 0.00000000e+00]
 [1.69782343e-02 5.59314088e-02 1.24485513e-01 1.35659658e-01
  8.24411065e-02 6.79082467e-02 1.55572499e-02 1.42921846e-01
  0.00000000e+00 5.55155952e-02 0.00000000e+00 2.15356220e-02
  2.37241381e-01 0.00000000e+00 2.26916615e-01]
 [0.00000000e+00 3.12514246e-01 0.00000000e+00 0.00000000e+00
  4.58250761e-02 0.00000000e+00 0.00000000e+00 0.00000000e+00
  0.00000000e+00 0.00000000e+00 0.00000000e+00 0.00000000e+00
  5.89824261e-02 0.00000000e+00 0.00000000e+00]
 [2.31322063e-02 1.67892556e-01 0.00000000e+00 0.00000000e+00
  5.23735385e-02 0.00000000e+00 0.00000000e+00 0.00000000e+00
  0.00000000e+00 0.00000000e+00 0.00000000e+00 0.00000000e+00
  1.45333781e-01 0.00000000e+00 0.00000000e+00]
 [0.00000000e+00 5.57701021e-01 0.00000000e+00 0.00000000e+00
  0.00000000e+00 0.00000000e+00 1.56518924e-01 1.42919539e-01
  5.83406411e-02 0.00000000e+00 0.00000000e+00 0.00000000e+00
  0.00000000e+00 0.00000000e+00 1.79605339e-01]
 [0.00000000e+00 3.33298067e-01 0.00000000e+00 0.00000000e+00
  0.00000000e+00 0.00000000e+00 9.37041130e-02 1.04897109e-01
  6.83633973e-02 4.79611979e-02 0.00000000e+00 0.00000000e+00
  5.74017646e-02 0.00000000e+00 1.12890693e-01]
 [0.00000000e+00 2.62132425e-01 0.00000000e+00 0.00000000e+00
  1.87252686e-02 0.00000000e+00 0.00000000e+00 0.00000000e+00
  0.00000000e+00 0.00000000e+00 0.00000000e+00 0.00000000e+00
  2.05752751e-01 0.00000000e+00 0.00000000e+00]
 [0.00000000e+00 1.88052308e-01 0.00000000e+00 0.00000000e+00
  0.00000000e+00 0.00000000e+00 1.97595749e-01 1.96852267e-01
  2.28713240e-01 0.00000000e+00 0.00000000e+00 0.00000000e+00
  0.00000000e+00 0.00000000e+00 0.00000000e+00]
 [0.00000000e+00 2.62662501e-01 0.00000000e+00 0.00000000e+00
  0.00000000e+00 6.62406414e-02 0.00000000e+00 0.00000000e+00
  0.00000000e+00 1.49107979e-01 4.55922939e-01 3.33119580e-01
  4.75592217e-01 0.00000000e+00 0.00000000e+00]
 [4.12107675e-02 5.37527460e-01 0.00000000e+00 1.94831465e-01
  3.25562083e-01 1.79388032e-01 2.01003418e-02 0.00000000e+00
  1.01957952e+00 1.92767066e+00 7.22478437e-01 5.72145024e-01
  6.11290991e-01 0.00000000e+00 0.00000000e+00]
 [0.00000000e+00 4.70931557e-01 0.00000000e+00 0.00000000e+00
  2.46882712e-01 4.75444762e-01 1.48253444e-01 0.00000000e+00
  0.00000000e+00 0.00000000e+00 0.00000000e+00 4.36906750e-03
  0.00000000e+00 0.00000000e+00 0.00000000e+00]
 [0.00000000e+00 4.79941109e-01 0.00000000e+00 0.00000000e+00
  0.00000000e+00 6.45360156e-01 0.00000000e+00 0.00000000e+00
  1.35517942e+00 2.01963076e+00 1.80826367e+00 1.18946186e+00
  8.47220100e-01 3.00491009e-01 1.95357606e-02]
 [3.04547932e-01 2.82769439e-01 1.16440164e+00 2.29420035e+00
  1.17652777e+00 4.58098438e-01 1.04258547e+00 1.68920012e+00
  1.69458450e+00 1.96827273e+00 1.79143421e+00 1.54088645e+00
  9.72025897e-01 1.25275925e+00 1.13903233e+00]]

4
----------------------------------------------------------------------------------
[[0.00000000e+00 0.00000000e+00 0.00000000e+00 0.00000000e+00
  0.00000000e+00 5.19976790e-03 1.42865612e-01 2.51867369e-01
  0.00000000e+00 0.00000000e+00 0.00000000e+00 8.32436337e-02
  1.93732588e-01 0.00000000e+00 0.00000000e+00]
 [0.00000000e+00 0.00000000e+00 0.00000000e+00 0.00000000e+00
  0.00000000e+00 2.13353389e-01 3.25060543e-01 2.43454299e-01
  0.00000000e+00 0.00000000e+00 0.00000000e+00 1.66506199e-02
  2.84630357e-01 0.00000000e+00 0.00000000e+00]
 [0.00000000e+00 0.00000000e+00 6.39283960e-03 5.19147504e-03
  0.00000000e+00 9.22174089e-02 2.42991567e-01 5.02472497e-02
  2.06912663e-01 0.00000000e+00 0.00000000e+00 0.00000000e+00
  2.42712015e-01 2.67706823e-02 0.00000000e+00]
 [0.00000000e+00 0.00000000e+00 0.00000000e+00 0.00000000e+00
  0.00000000e+00 0.00000000e+00 4.86038145e-02 1.63032056e-01
  7.42219713e-02 0.00000000e+00 0.00000000e+00 0.00000000e+00
  1.36581787e-01 0.00000000e+00 0.00000000e+00]
 [0.00000000e+00 0.00000000e+00 0.00000000e+00 0.00000000e+00
  0.00000000e+00 3.10515389e-02 1.43236924e-01 1.43166242e-01
  3.93579733e-02 0.00000000e+00 0.00000000e+00 0.00000000e+00
  1.41288261e-01 0.00000000e+00 2.14646832e-03]
 [0.00000000e+00 0.00000000e+00 0.00000000e+00 0.00000000e+00
  0.00000000e+00 5.21271300e-02 1.74146590e-01 6.80472600e-02
  1.38967019e-01 0.00000000e+00 0.00000000e+00 0.00000000e+00
  9.74870192e-02 3.73283855e-02 0.00000000e+00]
 [0.00000000e+00 0.00000000e+00 1.81455117e-02 0.00000000e+00
  0.00000000e+00 1.01148388e-01 2.05611984e-01 1.10798681e-01
  6.09240615e-02 0.00000000e+00 0.00000000e+00 0.00000000e+00
  9.36782187e-02 0.00000000e+00 0.00000000e+00]
 [0.00000000e+00 0.00000000e+00 0.00000000e+00 0.00000000e+00
  0.00000000e+00 0.00000000e+00 0.00000000e+00 1.42255986e-01
  3.62468150e-02 5.53817617e-03 0.00000000e+00 0.00000000e+00
  1.07051230e-01 0.00000000e+00 0.00000000e+00]
 [0.00000000e+00 0.00000000e+00 0.00000000e+00 0.00000000e+00
  0.00000000e+00 0.00000000e+00 2.49001941e-02 1.51502587e-01
  1.00825791e-01 0.00000000e+00 0.00000000e+00 0.00000000e+00
  1.01200959e-01 0.00000000e+00 0.00000000e+00]
 [0.00000000e+00 0.00000000e+00 0.00000000e+00 0.00000000e+00
  0.00000000e+00 0.00000000e+00 2.34395261e-02 0.00000000e+00
  1.73239789e-01 0.00000000e+00 0.00000000e+00 0.00000000e+00
  1.12631499e-01 4.45715326e-02 0.00000000e+00]
 [0.00000000e+00 0.00000000e+00 0.00000000e+00 0.00000000e+00
  0.00000000e+00 0.00000000e+00 1.34325728e-01 4.19612631e-02
  1.82704513e-01 0.00000000e+00 0.00000000e+00 0.00000000e+00
  7.62205515e-02 0.00000000e+00 0.00000000e+00]
 [0.00000000e+00 0.00000000e+00 0.00000000e+00 0.00000000e+00
  0.00000000e+00 0.00000000e+00 2.43640501e-02 1.37836695e-01
  1.03411924e-01 0.00000000e+00 0.00000000e+00 0.00000000e+00
  3.55863378e-02 0.00000000e+00 0.00000000e+00]
 [0.00000000e+00 0.00000000e+00 0.00000000e+00 0.00000000e+00
  0.00000000e+00 0.00000000e+00 1.81013511e-01 6.37234294e-02
  8.37139286e-02 6.08648625e-02 0.00000000e+00 8.73556169e-02
  1.10833577e-01 0.00000000e+00 0.00000000e+00]
 [0.00000000e+00 0.00000000e+00 0.00000000e+00 9.23793497e-02
  2.48522574e-01 4.35432614e-01 2.65268690e-01 2.99967586e-01
  2.18984340e-01 9.08008503e-02 4.72387602e-01 3.84045663e+00
  3.29588284e-01 4.62042524e-01 4.35099291e-01]
 [0.00000000e+00 1.23917737e-01 1.70460700e-01 2.31802705e-01
  3.39072078e-01 5.82044681e-01 6.24013414e-01 6.04105794e-01
  3.22697139e-01 3.97944359e-01 1.21459181e+00 4.00504088e+00
  4.66377010e-01 3.89101119e-01 3.33187464e-01]
 [0.00000000e+00 3.02622826e-01 2.21858577e-01 7.23863082e-01
  1.47456825e+00 1.83530979e+00 9.81057317e-01 1.14208766e+00
  5.41583947e-01 1.83287555e-01 4.97620128e-01 1.11884927e+00
  5.52039625e-01 6.77678040e-01 9.28970366e-01]
 [0.00000000e+00 0.00000000e+00 0.00000000e+00 4.48493776e-02
  1.88219706e-01 1.30052395e+00 1.63426876e+00 7.52967348e-01
  0.00000000e+00 4.81797222e-01 2.26880180e+00 1.91715239e+00
  1.00227485e+00 3.78218439e-01 5.87418584e-01]
 [1.58146411e+00 9.00541466e-01 6.09125561e-01 6.04240024e-01
  8.03418985e-01 4.64640798e-01 9.50752601e-01 9.15385908e-01
  9.64848610e-01 7.01960633e-01 6.54910276e-01 5.71439322e-01
  1.63418494e-01 6.12143976e-01 7.35830680e-01]]

5
----------------------------------------------------------------------------------
[[1.55152255e+00 1.47359276e+00 6.11823878e-01 3.51384734e-01
  1.82343597e-01 6.10094097e-02 0.00000000e+00 0.00000000e+00
  1.56586096e-02 2.85141772e-02 1.37403850e-01 7.33980975e-02
  1.63613384e-01 6.20072078e-02 2.22670380e-01]
 [1.39098806e+00 3.05395244e+00 1.61061993e+00 1.72065135e+00
  2.62615326e-01 3.68120497e-01 3.29388932e-01 5.10970512e-01
  1.76837227e-01 0.00000000e+00 0.00000000e+00 1.10613207e-01
  2.38282219e-01 2.32461942e-02 1.82492993e-01]
 [0.00000000e+00 0.00000000e+00 6.51655869e-01 0.00000000e+00
  0.00000000e+00 0.00000000e+00 2.24399383e-02 2.73256162e-01
  1.58649634e-01 1.29017745e-01 0.00000000e+00 0.00000000e+00
  0.00000000e+00 0.00000000e+00 5.40343530e-02]
 [2.21802131e+00 3.68413875e+00 2.43674290e+00 1.34310286e+00
  5.73467970e-01 4.77931813e-02 0.00000000e+00 0.00000000e+00
  1.06882109e-02 0.00000000e+00 2.29296935e-01 1.76128843e-01
  4.60190000e-01 1.71570697e-01 6.90197653e-02]
 [2.35525030e+00 3.98292074e+00 2.80882044e+00 1.60990745e+00
  7.16742302e-01 5.03878833e-01 7.68352687e-02 3.32734909e-01
  0.00000000e+00 0.00000000e+00 1.50610652e-01 4.42785734e-01
  7.03101240e-01 4.61431680e-01 3.54968077e-01]
 [1.16748638e+00 2.26392007e+00 2.14530793e+00 6.57372800e-01
  0.00000000e+00 0.00000000e+00 3.48284049e-03 1.82659634e-01
  7.24437468e-02 0.00000000e+00 0.00000000e+00 0.00000000e+00
  0.00000000e+00 0.00000000e+00 0.00000000e+00]
 [1.23235374e+00 2.67049872e+00 2.54959247e+00 1.36987567e+00
  3.43257335e-01 1.92742312e-01 1.30658303e-01 4.85378375e-01
  1.29586809e-01 0.00000000e+00 0.00000000e+00 0.00000000e+00
  1.45964964e-01 2.34609425e-01 1.50535984e-01]
 [3.14876817e-03 0.00000000e+00 0.00000000e+00 0.00000000e+00
  0.00000000e+00 0.00000000e+00 0.00000000e+00 0.00000000e+00
  0.00000000e+00 0.00000000e+00 3.10982879e-02 0.00000000e+00
  0.00000000e+00 0.00000000e+00 1.07852199e-02]
 [1.70080920e-01 0.00000000e+00 0.00000000e+00 0.00000000e+00
  0.00000000e+00 0.00000000e+00 0.00000000e+00 0.00000000e+00
  1.19611910e-01 0.00000000e+00 0.00000000e+00 0.00000000e+00
  0.00000000e+00 0.00000000e+00 4.76446043e-02]
 [0.00000000e+00 0.00000000e+00 0.00000000e+00 0.00000000e+00
  0.00000000e+00 0.00000000e+00 0.00000000e+00 1.90086413e-01
  3.11507462e-02 0.00000000e+00 0.00000000e+00 0.00000000e+00
  0.00000000e+00 0.00000000e+00 0.00000000e+00]
 [2.33715395e-01 0.00000000e+00 0.00000000e+00 0.00000000e+00
  0.00000000e+00 0.00000000e+00 9.84526929e-02 1.14219582e-01
  1.24193325e-01 0.00000000e+00 0.00000000e+00 0.00000000e+00
  0.00000000e+00 0.00000000e+00 0.00000000e+00]
 [0.00000000e+00 0.00000000e+00 0.00000000e+00 0.00000000e+00
  0.00000000e+00 0.00000000e+00 0.00000000e+00 0.00000000e+00
  3.14094718e-02 0.00000000e+00 0.00000000e+00 0.00000000e+00
  0.00000000e+00 0.00000000e+00 2.07165543e-02]
 [4.61326139e-01 0.00000000e+00 0.00000000e+00 0.00000000e+00
  0.00000000e+00 3.13425007e-02 3.34743464e-01 0.00000000e+00
  9.30390267e-02 0.00000000e+00 0.00000000e+00 0.00000000e+00
  0.00000000e+00 0.00000000e+00 0.00000000e+00]
 [1.70699828e+00 3.47759736e+00 6.36909390e-01 0.00000000e+00
  1.33364571e+00 2.72431693e+00 2.02468870e+00 8.84252750e-01
  2.02051936e-01 0.00000000e+00 0.00000000e+00 0.00000000e+00
  0.00000000e+00 0.00000000e+00 0.00000000e+00]
 [1.98149407e+00 3.13036345e+00 6.49146267e-01 0.00000000e+00
  3.10864696e+00 3.50938712e+00 2.59806212e+00 1.40291477e+00
  3.24035036e-01 0.00000000e+00 0.00000000e+00 0.00000000e+00
  0.00000000e+00 0.00000000e+00 0.00000000e+00]
 [3.21315791e+00 1.78711060e+00 0.00000000e+00 2.03647117e-01
  4.56506782e+00 6.68240314e+00 2.25108042e+00 1.40438882e+00
  7.24788634e-01 4.07280179e-01 0.00000000e+00 0.00000000e+00
  0.00000000e+00 0.00000000e+00 0.00000000e+00]
 [3.30817561e-01 0.00000000e+00 0.00000000e+00 6.70256768e-01
  6.57112022e+00 7.05667970e+00 3.44900863e+00 9.82771056e-01
  3.37075990e-01 0.00000000e+00 0.00000000e+00 3.17780622e-02
  0.00000000e+00 0.00000000e+00 6.44290305e-02]
 [1.17504093e+00 2.02555998e+00 1.85785179e+00 1.79534678e+00
  9.33658979e-01 4.21762390e-01 6.29312837e-01 9.96054011e-01
  8.68036070e-01 9.27207206e-01 7.66451668e-01 8.81560545e-01
  1.14381709e+00 9.15471593e-01 9.36017768e-01]]

6
----------------------------------------------------------------------------------
[[5.64813443e-03 0.00000000e+00 7.43037432e-03 0.00000000e+00
  3.34351648e-02 3.48416277e-01 5.94526822e-02 1.28382068e-02
  0.00000000e+00 0.00000000e+00 1.75235599e-01 1.05030811e-01
  4.37163866e-01 4.03316120e-01 0.00000000e+00]
 [5.47569793e-01 2.40393338e-01 4.78461282e-02 1.33487248e-01
  2.24815307e-01 4.42750467e-01 2.05064991e-01 2.24605866e-02
  0.00000000e+00 1.62111508e-01 2.91419319e-01 7.61608272e-02
  3.46118215e-01 1.87117417e-01 0.00000000e+00]
 [0.00000000e+00 4.00526379e-02 0.00000000e+00 0.00000000e+00
  0.00000000e+00 4.50575445e-01 0.00000000e+00 0.00000000e+00
  0.00000000e+00 1.49256934e-01 2.55413298e-01 1.54525843e-01
  3.02462703e-01 0.00000000e+00 0.00000000e+00]
 [1.05086673e-01 0.00000000e+00 1.25527924e-01 0.00000000e+00
  0.00000000e+00 4.55327065e-01 7.25422996e-02 2.75337544e-02
  0.00000000e+00 0.00000000e+00 1.21235984e-01 1.20648580e-01
  2.92217718e-01 3.19880822e-01 0.00000000e+00]
 [4.39993184e-01 1.59681078e-01 2.78170089e-01 0.00000000e+00
  2.54344687e-01 7.68706524e-01 3.50454251e-01 1.02497429e-01
  5.40257964e-02 0.00000000e+00 1.28904518e-01 1.09624592e-01
  1.19940781e-01 2.57864363e-01 0.00000000e+00]
 [1.89022113e-01 1.94269185e-01 1.82374605e-01 0.00000000e+00
  3.90031613e-02 4.37831442e-01 0.00000000e+00 0.00000000e+00
  0.00000000e+00 5.38751694e-02 3.18778441e-01 2.43419467e-02
  1.80567120e-01 0.00000000e+00 2.09209309e-01]
 [4.75959812e-01 2.78294284e-01 3.71847361e-01 5.34283392e-03
  1.41272868e-01 8.20955415e-01 1.93619034e-01 6.62058773e-02
  4.06134671e-02 0.00000000e+00 2.64246584e-01 9.42461642e-02
  3.70618106e-02 1.39763764e-01 2.25118934e-02]
 [0.00000000e+00 0.00000000e+00 0.00000000e+00 0.00000000e+00
  0.00000000e+00 2.26504276e-01 0.00000000e+00 4.52461395e-02
  0.00000000e+00 0.00000000e+00 1.38263919e-01 3.28124845e-02
  1.72705879e-01 2.37944639e-01 0.00000000e+00]
 [0.00000000e+00 0.00000000e+00 0.00000000e+00 0.00000000e+00
  0.00000000e+00 2.76111674e-01 0.00000000e+00 1.48065874e-01
  0.00000000e+00 0.00000000e+00 1.48954066e-01 9.61720375e-02
  1.27605336e-01 1.68158782e-01 0.00000000e+00]
 [1.00487058e-02 0.00000000e+00 0.00000000e+00 0.00000000e+00
  0.00000000e+00 1.35813457e-01 4.47589877e-02 7.96702612e-02
  0.00000000e+00 8.90744020e-02 2.15334516e-01 2.97207625e-02
  4.30863059e-02 0.00000000e+00 1.61295825e-01]
 [0.00000000e+00 0.00000000e+00 0.00000000e+00 0.00000000e+00
  0.00000000e+00 1.88700831e-01 0.00000000e+00 3.69458253e-01
  0.00000000e+00 0.00000000e+00 2.59940851e-01 6.51094187e-02
  9.96632347e-02 0.00000000e+00 7.44860545e-03]
 [0.00000000e+00 0.00000000e+00 0.00000000e+00 0.00000000e+00
  0.00000000e+00 2.36385712e-01 0.00000000e+00 7.92327030e-02
  0.00000000e+00 0.00000000e+00 1.13311061e-01 9.08406500e-02
  1.22200049e-01 1.68575458e-01 0.00000000e+00]
 [0.00000000e+00 0.00000000e+00 0.00000000e+00 2.42214516e-02
  0.00000000e+00 1.87043073e-01 0.00000000e+00 1.22295761e-01
  0.00000000e+00 9.93629346e-02 2.11430208e-01 1.84725857e-01
  9.50252960e-02 0.00000000e+00 0.00000000e+00]
 [0.00000000e+00 0.00000000e+00 0.00000000e+00 2.92731517e-01
  9.10043100e-01 1.04771434e+00 2.55155054e-01 3.26445585e-01
  2.40138966e-01 3.42952874e-02 0.00000000e+00 1.55626199e-01
  0.00000000e+00 0.00000000e+00 0.00000000e+00]
 [9.07744257e-03 0.00000000e+00 0.00000000e+00 0.00000000e+00
  6.29955548e-01 1.52802243e+00 8.04926184e-01 3.30093779e-01
  2.36859427e-01 1.58831507e-01 0.00000000e+00 4.91543607e-01
  4.33770803e-02 3.55674626e-02 0.00000000e+00]
 [2.63971559e-02 7.60418669e-04 0.00000000e+00 4.63660131e-01
  8.16247814e-01 1.09204942e+00 5.67328933e-01 6.22883865e-01
  1.35408300e-01 1.97554412e-01 1.19763578e-01 2.20496798e-01
  0.00000000e+00 0.00000000e+00 0.00000000e+00]
 [0.00000000e+00 0.00000000e+00 0.00000000e+00 0.00000000e+00
  9.10430576e-01 1.67772995e+00 8.06217117e-01 4.56271786e-01
  3.03328823e-01 3.54023336e-01 1.65339874e-02 1.24751318e-01
  0.00000000e+00 2.30053325e-01 0.00000000e+00]
 [2.36094297e-01 3.78875910e-01 5.27592622e-01 3.79794772e-01
  3.13464251e-01 3.38363514e-01 3.12492687e-01 2.76839940e-01
  5.09322175e-01 4.52977256e-01 5.38220666e-01 9.76187498e-01
  1.38832800e+00 3.74357881e-01 1.12598894e+00]]

7
----------------------------------------------------------------------------------
[[8.91171967e-02 2.32845772e-01 2.94839689e-02 0.00000000e+00
  0.00000000e+00 1.62941844e-01 1.95514062e-01 3.51764972e-02
  0.00000000e+00 6.22294825e-02 0.00000000e+00 0.00000000e+00
  0.00000000e+00 6.04802729e-02 1.17745705e-01]
 [7.52057675e-02 1.63420853e-01 5.20789665e-02 4.69800972e-02
  0.00000000e+00 3.13020654e-01 1.59181571e-01 0.00000000e+00
  9.69474445e-02 8.77713653e-03 5.68711459e-02 7.65383936e-02
  1.99081870e-02 2.38612587e-01 9.85967437e-02]
 [0.00000000e+00 1.21020985e-01 0.00000000e+00 1.62454591e-01
  0.00000000e+00 7.65309275e-02 1.24104320e-01 1.52746412e-02
  1.07290728e-01 9.18475865e-02 0.00000000e+00 0.00000000e+00
  0.00000000e+00 1.59927605e-01 2.21515938e-01]
 [1.90612006e-01 2.87767139e-01 1.24536698e-01 0.00000000e+00
  0.00000000e+00 1.40792292e-01 1.87491545e-01 2.18399191e-02
  7.77193423e-02 5.53364472e-02 0.00000000e+00 8.18369788e-02
  1.53460971e-01 4.18938197e-02 0.00000000e+00]
 [2.42256943e-01 3.82757166e-01 1.37708692e-01 0.00000000e+00
  0.00000000e+00 1.52561040e-01 2.57760727e-01 0.00000000e+00
  1.12289890e-01 1.15984004e-01 0.00000000e+00 8.73679421e-02
  9.66040980e-02 1.24653169e-01 0.00000000e+00]
 [0.00000000e+00 1.63426711e-01 0.00000000e+00 1.57875044e-01
  0.00000000e+00 9.47011777e-02 5.34608881e-02 1.43509024e-02
  8.28144012e-02 0.00000000e+00 8.75511807e-03 7.48245591e-02
  9.13228749e-02 1.89023254e-01 1.99088883e-02]
 [1.80642964e-01 2.83857235e-01 4.84225023e-02 2.16774773e-02
  0.00000000e+00 8.12477288e-02 2.43345604e-01 0.00000000e+00
  1.52982118e-01 9.22746133e-02 0.00000000e+00 1.08120442e-01
  1.03018998e-03 9.91653773e-02 0.00000000e+00]
 [1.09052744e-01 1.01223450e-01 4.56048576e-02 0.00000000e+00
  0.00000000e+00 9.66312306e-03 1.24422843e-01 0.00000000e+00
  0.00000000e+00 0.00000000e+00 0.00000000e+00 0.00000000e+00
  7.73989977e-03 4.42776808e-02 1.54704301e-02]
 [7.07936721e-02 6.51730653e-02 6.00129625e-04 0.00000000e+00
  0.00000000e+00 5.92787569e-02 7.15085824e-02 0.00000000e+00
  4.43010588e-03 0.00000000e+00 0.00000000e+00 0.00000000e+00
  1.31044372e-02 2.05404020e-02 0.00000000e+00]
 [0.00000000e+00 9.90869530e-03 0.00000000e+00 0.00000000e+00
  0.00000000e+00 0.00000000e+00 1.40138649e-01 1.40449813e-02
  6.00241790e-02 4.54450193e-02 5.65105127e-02 0.00000000e+00
  0.00000000e+00 0.00000000e+00 2.18440929e-01]
 [0.00000000e+00 7.70999313e-03 0.00000000e+00 0.00000000e+00
  0.00000000e+00 1.18661622e-01 8.93358610e-02 0.00000000e+00
  6.46610690e-02 0.00000000e+00 0.00000000e+00 0.00000000e+00
  0.00000000e+00 0.00000000e+00 1.16001199e-01]
 [4.02716550e-02 7.96847747e-02 0.00000000e+00 0.00000000e+00
  0.00000000e+00 1.53639806e-02 7.37474081e-02 0.00000000e+00
  6.35620316e-03 0.00000000e+00 0.00000000e+00 0.00000000e+00
  1.72509751e-02 3.60113590e-02 0.00000000e+00]
 [0.00000000e+00 2.09883544e-02 0.00000000e+00 0.00000000e+00
  0.00000000e+00 0.00000000e+00 6.63215158e-02 7.34769467e-03
  5.99555900e-02 0.00000000e+00 0.00000000e+00 0.00000000e+00
  0.00000000e+00 4.67796598e-02 5.20652337e-02]
 [3.15029482e-02 6.05827800e-02 0.00000000e+00 0.00000000e+00
  0.00000000e+00 1.97714066e-02 5.41256703e-02 0.00000000e+00
  3.49276399e-02 0.00000000e+00 0.00000000e+00 4.96801875e-02
  0.00000000e+00 1.07244442e-01 0.00000000e+00]
 [1.22057911e-01 7.50722311e-02 0.00000000e+00 0.00000000e+00
  0.00000000e+00 0.00000000e+00 5.48012656e-02 0.00000000e+00
  8.52438492e-02 0.00000000e+00 0.00000000e+00 7.43128649e-02
  0.00000000e+00 1.21742798e-01 3.18327588e-02]
 [9.04740729e-02 1.19178152e-02 0.00000000e+00 1.21236601e-01
  0.00000000e+00 4.39032751e-02 1.36515690e-01 0.00000000e+00
  1.57366298e-01 0.00000000e+00 0.00000000e+00 0.00000000e+00
  0.00000000e+00 1.48132621e-01 2.85821320e-02]
 [1.55931491e-01 1.62721424e-01 4.11376407e-02 0.00000000e+00
  0.00000000e+00 0.00000000e+00 5.41588654e-02 0.00000000e+00
  5.27364688e-02 0.00000000e+00 9.24564533e-02 2.57910633e-02
  8.06412786e-02 1.87043107e-01 6.25230906e-02]
 [3.86840293e-01 2.54310285e-01 3.53954855e-01 2.68962985e-01
  1.02347423e+00 6.51332025e-01 2.81484993e-01 3.47818179e-01
  2.53982757e-01 3.03437326e-01 4.36338236e-01 7.44964436e-01
  8.93500856e-01 2.47335052e-01 3.66641105e-01]]

8
----------------------------------------------------------------------------------
[[2.23620615e-01 0.00000000e+00 0.00000000e+00 0.00000000e+00
  1.14345693e-02 0.00000000e+00 2.41684030e-01 0.00000000e+00
  0.00000000e+00 0.00000000e+00 0.00000000e+00 0.00000000e+00
  0.00000000e+00 0.00000000e+00 0.00000000e+00]
 [2.03746716e-02 0.00000000e+00 0.00000000e+00 0.00000000e+00
  0.00000000e+00 0.00000000e+00 1.17098378e-01 4.74857665e-02
  0.00000000e+00 0.00000000e+00 0.00000000e+00 0.00000000e+00
  0.00000000e+00 0.00000000e+00 0.00000000e+00]
 [0.00000000e+00 0.00000000e+00 0.00000000e+00 0.00000000e+00
  0.00000000e+00 1.22518742e-02 3.01857218e-01 0.00000000e+00
  0.00000000e+00 0.00000000e+00 0.00000000e+00 0.00000000e+00
  2.01948107e-01 0.00000000e+00 0.00000000e+00]
 [2.37909199e-01 0.00000000e+00 0.00000000e+00 0.00000000e+00
  4.32892957e-02 0.00000000e+00 1.89093289e-01 0.00000000e+00
  0.00000000e+00 0.00000000e+00 0.00000000e+00 0.00000000e+00
  0.00000000e+00 0.00000000e+00 0.00000000e+00]
 [1.17952543e-01 0.00000000e+00 0.00000000e+00 7.18451218e-02
  0.00000000e+00 2.10080831e-02 2.02694080e-01 0.00000000e+00
  0.00000000e+00 0.00000000e+00 0.00000000e+00 0.00000000e+00
  2.99459957e-02 0.00000000e+00 0.00000000e+00]
 [0.00000000e+00 0.00000000e+00 0.00000000e+00 0.00000000e+00
  4.37782716e-03 0.00000000e+00 1.23945082e-01 0.00000000e+00
  0.00000000e+00 0.00000000e+00 0.00000000e+00 0.00000000e+00
  1.59933206e-01 0.00000000e+00 0.00000000e+00]
 [3.99186127e-03 0.00000000e+00 0.00000000e+00 0.00000000e+00
  0.00000000e+00 0.00000000e+00 1.71281400e-01 0.00000000e+00
  0.00000000e+00 0.00000000e+00 0.00000000e+00 0.00000000e+00
  4.10260712e-02 0.00000000e+00 0.00000000e+00]
 [1.12235218e-01 0.00000000e+00 0.00000000e+00 0.00000000e+00
  0.00000000e+00 0.00000000e+00 2.32897850e-01 5.93292590e-03
  0.00000000e+00 0.00000000e+00 0.00000000e+00 0.00000000e+00
  0.00000000e+00 0.00000000e+00 0.00000000e+00]
 [7.09919276e-02 0.00000000e+00 0.00000000e+00 0.00000000e+00
  0.00000000e+00 0.00000000e+00 1.37630985e-01 2.26661836e-01
  0.00000000e+00 0.00000000e+00 0.00000000e+00 0.00000000e+00
  0.00000000e+00 0.00000000e+00 0.00000000e+00]
 [0.00000000e+00 0.00000000e+00 0.00000000e+00 0.00000000e+00
  0.00000000e+00 0.00000000e+00 0.00000000e+00 1.25499127e-01
  0.00000000e+00 0.00000000e+00 0.00000000e+00 0.00000000e+00
  2.51273467e-01 0.00000000e+00 0.00000000e+00]
 [0.00000000e+00 0.00000000e+00 0.00000000e+00 0.00000000e+00
  0.00000000e+00 0.00000000e+00 0.00000000e+00 2.51407952e-01
  0.00000000e+00 0.00000000e+00 0.00000000e+00 0.00000000e+00
  1.71509064e-01 0.00000000e+00 0.00000000e+00]
 [3.74963402e-02 0.00000000e+00 0.00000000e+00 0.00000000e+00
  2.71464533e-02 0.00000000e+00 1.50052311e-01 3.72872215e-01
  0.00000000e+00 0.00000000e+00 0.00000000e+00 0.00000000e+00
  0.00000000e+00 0.00000000e+00 0.00000000e+00]
 [0.00000000e+00 0.00000000e+00 0.00000000e+00 0.00000000e+00
  0.00000000e+00 0.00000000e+00 0.00000000e+00 2.48877504e-01
  0.00000000e+00 0.00000000e+00 0.00000000e+00 0.00000000e+00
  1.98096882e-01 0.00000000e+00 0.00000000e+00]
 [1.46852668e-01 0.00000000e+00 8.76217234e-02 0.00000000e+00
  3.40743453e-02 0.00000000e+00 1.34713766e-01 0.00000000e+00
  0.00000000e+00 0.00000000e+00 0.00000000e+00 0.00000000e+00
  9.24772256e-02 2.11247391e-01 6.01900980e-01]
 [2.47583039e-01 2.65399771e-02 1.44442070e-01 0.00000000e+00
  1.27222009e-01 0.00000000e+00 1.28783198e-01 0.00000000e+00
  0.00000000e+00 0.00000000e+00 0.00000000e+00 8.77605300e-02
  7.94922680e-01 9.61660798e-01 1.12249274e+00]
 [2.52448657e-02 2.43952565e-03 1.30135515e-01 0.00000000e+00
  1.52574173e-01 0.00000000e+00 6.42531262e-04 5.75144240e-02
  0.00000000e+00 0.00000000e+00 0.00000000e+00 0.00000000e+00
  1.16183627e-01 0.00000000e+00 4.64353896e-01]
 [2.80612645e-01 6.42278234e-02 9.67155587e-02 9.83113102e-02
  9.55119253e-02 0.00000000e+00 1.51195151e-01 0.00000000e+00
  0.00000000e+00 0.00000000e+00 0.00000000e+00 0.00000000e+00
  5.56022419e-01 4.52748576e-01 6.70246034e-01]
 [8.86523168e-01 5.92030664e-01 7.25565285e-01 6.88121144e-01
  4.24087913e-01 6.19306961e-01 2.79477533e-01 4.40592516e-01
  5.81544487e-01 6.25932837e-01 6.47195063e-01 7.53337363e-01
  5.74336260e-01 7.09508985e-01 9.85913206e-01]]

9
----------------------------------------------------------------------------------
[[0.00000000e+00 0.00000000e+00 4.30222966e-02 0.00000000e+00
  3.50330984e-01 0.00000000e+00 0.00000000e+00 0.00000000e+00
  1.28095658e-01 1.71118064e-01 9.85999001e-03 3.42478584e-02
  0.00000000e+00 0.00000000e+00 0.00000000e+00]
 [0.00000000e+00 0.00000000e+00 1.04226190e-01 8.34076574e-02
  2.29757377e-01 2.21657548e-01 2.20476941e-01 0.00000000e+00
  2.88556162e-01 1.46578160e-01 1.85773642e-01 1.39622085e-02
  0.00000000e+00 0.00000000e+00 1.26706196e-01]
 [1.52963861e-01 1.50583418e-02 7.95189615e-02 2.49474158e-01
  2.92675631e-01 0.00000000e+00 0.00000000e+00 0.00000000e+00
  2.66343032e-01 2.95033794e-03 5.81323204e-02 0.00000000e+00
  0.00000000e+00 0.00000000e+00 0.00000000e+00]
 [7.21079776e-03 0.00000000e+00 6.96387199e-02 6.49119092e-02
  3.01208539e-01 0.00000000e+00 0.00000000e+00 0.00000000e+00
  3.46275041e-02 2.45557416e-01 7.50236819e-02 0.00000000e+00
  0.00000000e+00 0.00000000e+00 1.23060607e-01]
 [0.00000000e+00 0.00000000e+00 9.00186942e-03 0.00000000e+00
  1.46861433e-01 0.00000000e+00 0.00000000e+00 0.00000000e+00
  0.00000000e+00 1.57439394e-01 6.18358349e-03 1.13615793e-02
  0.00000000e+00 0.00000000e+00 6.00301322e-02]
 [0.00000000e+00 0.00000000e+00 1.44303416e-01 1.89218200e-01
  2.36393799e-01 0.00000000e+00 0.00000000e+00 0.00000000e+00
  1.93575152e-01 8.62421688e-02 2.25906964e-02 2.86360156e-02
  0.00000000e+00 9.64771194e-03 1.15612255e-01]
 [0.00000000e+00 0.00000000e+00 6.61856016e-02 5.36717474e-02
  1.81247418e-01 0.00000000e+00 0.00000000e+00 0.00000000e+00
  5.51953249e-03 8.06038803e-02 0.00000000e+00 1.49970991e-02
  0.00000000e+00 0.00000000e+00 4.87082656e-02]
 [0.00000000e+00 0.00000000e+00 9.43984386e-02 0.00000000e+00
  2.59474672e-01 0.00000000e+00 0.00000000e+00 0.00000000e+00
  6.97025636e-02 1.19653184e-01 0.00000000e+00 0.00000000e+00
  0.00000000e+00 0.00000000e+00 0.00000000e+00]
 [0.00000000e+00 0.00000000e+00 1.00217359e-01 0.00000000e+00
  1.69397067e-01 0.00000000e+00 0.00000000e+00 0.00000000e+00
  1.61908998e-02 3.63900519e-02 0.00000000e+00 0.00000000e+00
  0.00000000e+00 0.00000000e+00 0.00000000e+00]
 [0.00000000e+00 0.00000000e+00 1.17456667e-01 1.07815718e-01
  2.16614658e-01 9.13063060e-02 0.00000000e+00 0.00000000e+00
  1.48494845e-02 3.20040941e-01 8.51937581e-02 3.00452513e-02
  0.00000000e+00 0.00000000e+00 4.17949891e-02]
 [0.00000000e+00 0.00000000e+00 0.00000000e+00 5.08818403e-02
  1.63414578e-01 0.00000000e+00 0.00000000e+00 0.00000000e+00
  9.51641037e-04 2.50576158e-02 0.00000000e+00 0.00000000e+00
  0.00000000e+00 0.00000000e+00 9.69364542e-02]
 [0.00000000e+00 0.00000000e+00 9.05657076e-02 0.00000000e+00
  1.47420666e-01 0.00000000e+00 0.00000000e+00 0.00000000e+00
  6.74615260e-02 3.55575200e-02 0.00000000e+00 0.00000000e+00
  0.00000000e+00 0.00000000e+00 0.00000000e+00]
 [1.14465956e-01 0.00000000e+00 0.00000000e+00 9.20834679e-02
  1.68734668e-01 0.00000000e+00 0.00000000e+00 0.00000000e+00
  0.00000000e+00 1.13321419e-01 4.17467335e-02 1.31259314e-03
  0.00000000e+00 0.00000000e+00 2.07641208e-02]
 [7.12505306e-01 9.13785579e-01 6.20370286e-01 0.00000000e+00
  1.28553996e-02 0.00000000e+00 0.00000000e+00 0.00000000e+00
  0.00000000e+00 0.00000000e+00 2.50347655e-01 2.26741481e-01
  0.00000000e+00 0.00000000e+00 0.00000000e+00]
 [1.17903614e+00 2.34175216e+00 1.24166168e+00 0.00000000e+00
  8.32254508e-02 0.00000000e+00 0.00000000e+00 0.00000000e+00
  4.48407282e-02 1.48331983e-02 4.74937413e-01 4.36092542e-01
  6.42627634e-02 0.00000000e+00 4.18154718e-02]
 [2.66171455e-01 5.78677655e-01 4.74488897e-01 0.00000000e+00
  1.79046294e-01 1.12025136e-01 0.00000000e+00 3.23733389e-01
  0.00000000e+00 6.70750675e-02 3.88766280e-01 1.22719373e-01
  0.00000000e+00 0.00000000e+00 1.22362142e-01]
 [3.54931145e-01 2.68800729e-01 1.45298425e-01 0.00000000e+00
  3.41910120e-01 0.00000000e+00 0.00000000e+00 0.00000000e+00
  0.00000000e+00 0.00000000e+00 1.59689098e-01 2.77350333e-01
  6.09756613e-02 0.00000000e+00 0.00000000e+00]
 [7.55278788e-01 1.15075698e+00 8.22524101e-01 6.18654900e-01
  2.01362294e-01 1.11591218e+00 1.16131564e+00 1.11651482e+00
  3.43502400e-01 2.10351974e-01 9.59043995e-02 1.87743891e-01
  2.57494692e-01 5.27340003e-01 5.05158949e-01]]

10
----------------------------------------------------------------------------------
[[1.24145610e-01 1.03780030e-01 1.72400646e-01 4.13714927e-01
  1.42998021e-01 2.74132130e-01 5.55520034e-01 0.00000000e+00
  0.00000000e+00 2.51437851e-01 9.26783069e-01 0.00000000e+00
  3.12177641e-01 3.16855005e-01 9.31174355e-02]
 [0.00000000e+00 1.10792071e-01 3.88093896e-01 3.68380791e-01
  7.25543992e-02 6.56225438e-01 4.16504016e-01 0.00000000e+00
  0.00000000e+00 1.28948069e-01 8.25498776e-01 0.00000000e+00
  7.88426697e-01 5.20128156e-01 1.52441888e-01]
 [0.00000000e+00 3.34516038e-01 2.50634493e-01 1.88662693e-01
  2.44790206e-01 2.74960720e-01 5.31425875e-01 0.00000000e+00
  5.56392411e-03 0.00000000e+00 1.09416542e+00 0.00000000e+00
  2.24771273e-01 0.00000000e+00 0.00000000e+00]
 [3.68128334e-01 1.04285285e-02 0.00000000e+00 1.72404406e-01
  0.00000000e+00 1.70932270e-01 3.89110671e-01 0.00000000e+00
  0.00000000e+00 2.56699164e-01 6.74322014e-01 0.00000000e+00
  1.12905362e-01 2.46236868e-01 1.10384836e-01]
 [2.19034500e-01 6.49904365e-02 0.00000000e+00 2.81730154e-01
  1.21211258e-01 1.51797919e-01 4.12590525e-01 0.00000000e+00
  0.00000000e+00 2.84198782e-02 5.81209096e-01 0.00000000e+00
  2.61845828e-01 4.17579922e-01 2.34455159e-02]
 [1.68359621e-01 1.14291468e-01 4.10991905e-03 0.00000000e+00
  2.55556032e-01 1.92086739e-01 4.05969506e-01 1.28735396e-01
  1.10210503e-01 0.00000000e+00 7.29088272e-01 0.00000000e+00
  2.94209616e-01 0.00000000e+00 0.00000000e+00]
 [4.80299383e-02 4.78486934e-02 2.81437918e-02 1.96390681e-01
  1.61905057e-01 1.78124781e-01 4.14066433e-01 0.00000000e+00
  0.00000000e+00 7.36568512e-03 5.35017911e-01 0.00000000e+00
  3.03662529e-01 3.98421261e-01 0.00000000e+00]
 [1.06013794e-01 0.00000000e+00 0.00000000e+00 2.47860149e-01
  0.00000000e+00 0.00000000e+00 3.01169601e-01 0.00000000e+00
  0.00000000e+00 2.05568681e-01 1.91334809e-01 0.00000000e+00
  0.00000000e+00 0.00000000e+00 0.00000000e+00]
 [1.68033748e-01 0.00000000e+00 0.00000000e+00 1.85330776e-01
  0.00000000e+00 2.37374043e-02 1.21376010e-01 0.00000000e+00
  0.00000000e+00 7.40385293e-02 2.48514694e-01 0.00000000e+00
  5.73440797e-03 0.00000000e+00 0.00000000e+00]
 [0.00000000e+00 3.47167910e-02 7.86054104e-02 0.00000000e+00
  0.00000000e+00 2.11198427e-02 8.39412207e-02 8.66580257e-01
  5.85950198e-01 0.00000000e+00 5.92892768e-01 0.00000000e+00
  9.21313401e-02 0.00000000e+00 0.00000000e+00]
 [9.04157813e-02 4.91755588e-02 8.04526573e-02 0.00000000e+00
  9.73608220e-02 5.35702813e-02 9.48647851e-02 2.14061286e-01
  1.87222070e-01 4.40041094e-02 3.87372075e-01 0.00000000e+00
  1.42032641e-01 0.00000000e+00 0.00000000e+00]
 [7.32927816e-02 0.00000000e+00 0.00000000e+00 1.55943652e-01
  0.00000000e+00 1.74147928e-02 9.17729909e-02 0.00000000e+00
  0.00000000e+00 1.98854286e-01 2.61867724e-01 0.00000000e+00
  5.47190124e-03 0.00000000e+00 0.00000000e+00]
 [7.40131493e-02 1.87418886e-01 0.00000000e+00 0.00000000e+00
  7.24160790e-03 2.20242364e-01 0.00000000e+00 1.95651720e-01
  0.00000000e+00 0.00000000e+00 5.29098936e-01 0.00000000e+00
  1.62394199e-01 0.00000000e+00 0.00000000e+00]
 [0.00000000e+00 7.53589508e-02 0.00000000e+00 0.00000000e+00
  0.00000000e+00 0.00000000e+00 0.00000000e+00 5.07594560e-01
  3.01355113e-01 3.07040062e-01 5.04068521e-02 0.00000000e+00
  0.00000000e+00 0.00000000e+00 0.00000000e+00]
 [2.11784634e-01 3.17978611e-02 0.00000000e+00 0.00000000e+00
  0.00000000e+00 0.00000000e+00 3.65248514e-02 4.99624314e-01
  6.15291048e-02 9.20387184e-01 7.58957892e-01 0.00000000e+00
  0.00000000e+00 0.00000000e+00 0.00000000e+00]
 [3.43737214e-02 1.48388370e-01 0.00000000e+00 0.00000000e+00
  0.00000000e+00 0.00000000e+00 0.00000000e+00 8.09415427e-01
  8.78328135e-01 1.49400789e+00 7.80497476e-01 0.00000000e+00
  3.94121448e-01 5.55504080e-01 0.00000000e+00]
 [0.00000000e+00 0.00000000e+00 0.00000000e+00 2.92944168e-02
  0.00000000e+00 0.00000000e+00 1.16969851e-01 2.45068576e-01
  0.00000000e+00 0.00000000e+00 7.32252682e-01 4.57070366e-01
  0.00000000e+00 0.00000000e+00 0.00000000e+00]
 [7.26275132e-01 2.98482309e-01 1.37670503e+00 8.20953414e-01
  1.00720874e+00 1.03398667e+00 3.34524542e-01 1.69803694e+00
  4.46632801e+00 3.85588984e+00 3.17433986e+00 3.33769212e+00
  3.87743122e+00 4.09975174e+00 2.70098850e+00]]

11
----------------------------------------------------------------------------------
[[1.37805209e-01 4.01167359e-01 0.00000000e+00 0.00000000e+00
  3.58393875e-01 0.00000000e+00 5.98532192e-02 0.00000000e+00
  0.00000000e+00 0.00000000e+00 0.00000000e+00 0.00000000e+00
  0.00000000e+00 0.00000000e+00 0.00000000e+00]
 [1.46840184e-01 4.19928733e-01 2.74825774e-01 0.00000000e+00
  1.67399425e-01 0.00000000e+00 2.51387036e-01 0.00000000e+00
  0.00000000e+00 0.00000000e+00 0.00000000e+00 0.00000000e+00
  0.00000000e+00 1.13867417e-01 0.00000000e+00]
 [2.14076354e-01 6.71005022e-01 5.35166231e-01 2.34664781e-01
  1.93893833e-01 0.00000000e+00 2.48050893e-01 0.00000000e+00
  0.00000000e+00 2.57550493e-02 0.00000000e+00 0.00000000e+00
  0.00000000e+00 0.00000000e+00 2.09396739e-02]
 [0.00000000e+00 3.21620725e-01 1.38961291e-01 0.00000000e+00
  3.43922006e-01 0.00000000e+00 0.00000000e+00 0.00000000e+00
  0.00000000e+00 0.00000000e+00 0.00000000e+00 0.00000000e+00
  0.00000000e+00 0.00000000e+00 0.00000000e+00]
 [2.03948386e-01 2.85273888e-01 1.95042627e-01 0.00000000e+00
  2.73667097e-01 1.14407136e-01 0.00000000e+00 0.00000000e+00
  0.00000000e+00 0.00000000e+00 0.00000000e+00 0.00000000e+00
  0.00000000e+00 0.00000000e+00 0.00000000e+00]
 [2.61058009e-01 1.60774012e-01 5.92285445e-01 1.35684587e-01
  1.42167460e-01 0.00000000e+00 9.35365747e-02 0.00000000e+00
  0.00000000e+00 0.00000000e+00 0.00000000e+00 0.00000000e+00
  0.00000000e+00 0.00000000e+00 0.00000000e+00]
 [2.73037486e-01 3.02472571e-01 3.30273769e-01 6.80460952e-02
  1.40850333e-01 0.00000000e+00 6.17708890e-03 0.00000000e+00
  0.00000000e+00 0.00000000e+00 0.00000000e+00 0.00000000e+00
  0.00000000e+00 0.00000000e+00 0.00000000e+00]
 [0.00000000e+00 5.05764639e-02 2.15583525e-01 0.00000000e+00
  3.63744100e-01 0.00000000e+00 0.00000000e+00 0.00000000e+00
  0.00000000e+00 0.00000000e+00 0.00000000e+00 0.00000000e+00
  0.00000000e+00 0.00000000e+00 0.00000000e+00]
 [0.00000000e+00 7.91710293e-02 3.75764283e-01 0.00000000e+00
  3.19668651e-01 0.00000000e+00 0.00000000e+00 0.00000000e+00
  0.00000000e+00 0.00000000e+00 0.00000000e+00 0.00000000e+00
  0.00000000e+00 0.00000000e+00 0.00000000e+00]
 [1.41485721e-01 0.00000000e+00 7.25807661e-01 6.66728357e-01
  2.80944384e-01 0.00000000e+00 1.21760487e-01 0.00000000e+00
  0.00000000e+00 0.00000000e+00 0.00000000e+00 0.00000000e+00
  0.00000000e+00 0.00000000e+00 0.00000000e+00]
 [1.82899412e-01 3.38807890e-02 4.83740336e-01 2.51362612e-01
  1.52937252e-01 3.24733772e-02 0.00000000e+00 0.00000000e+00
  0.00000000e+00 0.00000000e+00 0.00000000e+00 0.00000000e+00
  0.00000000e+00 0.00000000e+00 0.00000000e+00]
 [0.00000000e+00 8.51873330e-02 3.52982118e-01 0.00000000e+00
  3.45833512e-01 0.00000000e+00 0.00000000e+00 0.00000000e+00
  0.00000000e+00 0.00000000e+00 0.00000000e+00 0.00000000e+00
  0.00000000e+00 0.00000000e+00 0.00000000e+00]
 [1.41198418e-01 9.49969700e-02 2.77578368e-01 1.97851277e-01
  1.56925270e-01 0.00000000e+00 0.00000000e+00 0.00000000e+00
  0.00000000e+00 3.20563207e-02 0.00000000e+00 0.00000000e+00
  0.00000000e+00 0.00000000e+00 0.00000000e+00]
 [0.00000000e+00 2.19460049e-02 5.26631765e-01 4.46092828e-01
  5.47530069e-01 0.00000000e+00 5.23345703e-01 3.47037613e-01
  2.58219353e-01 7.57261372e-01 3.13162083e-01 1.34845743e-03
  1.41049195e-01 2.76497391e-01 1.26561788e-01]
 [0.00000000e+00 0.00000000e+00 1.01159864e+00 1.13323551e+00
  1.26787421e+00 3.09067695e-01 8.58516885e-01 0.00000000e+00
  1.23423114e+00 1.08551805e+00 2.30036893e-01 0.00000000e+00
  9.31439449e-02 4.38668514e-01 0.00000000e+00]
 [4.31580707e-01 2.03242385e-01 1.19437624e+00 9.93897581e-01
  7.76273367e-01 8.10957156e-02 4.02899316e-01 0.00000000e+00
  1.33525490e+00 8.81444026e-01 5.46210712e-02 0.00000000e+00
  0.00000000e+00 2.91064489e-01 2.92201937e-01]
 [0.00000000e+00 0.00000000e+00 4.65479130e-01 6.85037850e-02
  7.09344398e-01 1.22634593e-02 5.88472557e-01 0.00000000e+00
  8.28266199e-01 2.46958797e+00 9.78474912e-01 4.95279362e-01
  3.90815179e-01 2.10199738e-01 0.00000000e+00]
 [2.32637788e+00 3.82536033e+00 3.31350999e+00 4.36526406e+00
  2.27116452e+00 9.44956546e-01 1.63188696e+00 1.98651973e+00
  1.13158163e+00 1.59805386e-01 3.83585783e-01 8.56481808e-01
  9.13409626e-01 8.90768962e-01 1.25890756e+00]]

12
----------------------------------------------------------------------------------
[[5.65136958e-01 3.49172284e-01 4.08742201e-01 0.00000000e+00
  0.00000000e+00 0.00000000e+00 0.00000000e+00 0.00000000e+00
  7.91165926e-02 0.00000000e+00 2.00605807e-01 0.00000000e+00
  0.00000000e+00 1.07994874e-01 5.74397357e-02]
 [5.34720816e-01 3.10024209e-01 2.77189193e-01 0.00000000e+00
  0.00000000e+00 0.00000000e+00 0.00000000e+00 0.00000000e+00
  0.00000000e+00 3.81840591e-03 1.57911652e-01 0.00000000e+00
  0.00000000e+00 1.15780373e-01 0.00000000e+00]
 [2.52832000e-01 5.76398405e-02 4.45215868e-01 0.00000000e+00
  0.00000000e+00 0.00000000e+00 0.00000000e+00 0.00000000e+00
  0.00000000e+00 7.07905040e-02 1.49747601e-01 0.00000000e+00
  0.00000000e+00 1.35108545e-01 1.66296577e-01]
 [5.25037033e-01 4.03760597e-01 3.67231547e-01 0.00000000e+00
  0.00000000e+00 0.00000000e+00 0.00000000e+00 0.00000000e+00
  0.00000000e+00 0.00000000e+00 1.27146040e-01 0.00000000e+00
  0.00000000e+00 4.23879399e-02 0.00000000e+00]
 [5.06919794e-01 3.66881116e-01 3.50140952e-01 2.99034499e-02
  0.00000000e+00 5.88022596e-03 0.00000000e+00 0.00000000e+00
  0.00000000e+00 0.00000000e+00 1.01770613e-01 0.00000000e+00
  0.00000000e+00 9.22164674e-02 5.89289899e-02]
 [3.33216180e-01 1.26755487e-01 3.68581260e-01 6.34853732e-02
  0.00000000e+00 0.00000000e+00 0.00000000e+00 0.00000000e+00
  0.00000000e+00 0.00000000e+00 6.93704576e-02 1.91240118e-02
  0.00000000e+00 1.55189308e-01 2.34742194e-01]
 [4.99440305e-01 2.55490933e-01 2.69576489e-01 9.64355602e-02
  0.00000000e+00 0.00000000e+00 0.00000000e+00 0.00000000e+00
  0.00000000e+00 0.00000000e+00 6.04475931e-02 3.37880062e-02
  0.00000000e+00 9.92253701e-02 1.09808358e-01]
 [4.63707226e-01 4.85502892e-01 3.61080019e-01 0.00000000e+00
  0.00000000e+00 0.00000000e+00 0.00000000e+00 0.00000000e+00
  5.78821722e-02 0.00000000e+00 1.99005800e-01 0.00000000e+00
  0.00000000e+00 3.42387606e-02 0.00000000e+00]
 [4.68936241e-01 4.36417832e-01 3.05315746e-01 0.00000000e+00
  0.00000000e+00 0.00000000e+00 0.00000000e+00 0.00000000e+00
  1.48981660e-02 1.94645903e-01 1.51427668e-01 0.00000000e+00
  0.00000000e+00 4.70776778e-02 0.00000000e+00]
 [3.18406460e-01 1.88304924e-01 3.58917601e-01 2.03059648e-01
  0.00000000e+00 0.00000000e+00 0.00000000e+00 0.00000000e+00
  0.00000000e+00 1.46785536e-01 5.47919228e-02 0.00000000e+00
  0.00000000e+00 2.22391468e-01 2.89794642e-01]
 [2.99856462e-01 3.38723218e-01 3.23982785e-01 0.00000000e+00
  0.00000000e+00 0.00000000e+00 0.00000000e+00 0.00000000e+00
  0.00000000e+00 3.36640005e-01 7.58978483e-02 0.00000000e+00
  0.00000000e+00 1.45589732e-01 1.05371670e-01]
 [4.53720858e-01 4.36553436e-01 3.17580380e-01 0.00000000e+00
  0.00000000e+00 0.00000000e+00 0.00000000e+00 0.00000000e+00
  7.46066660e-03 1.57735822e-01 1.26065348e-01 0.00000000e+00
  0.00000000e+00 2.19417401e-02 0.00000000e+00]
 [3.45967977e-01 2.12727799e-01 3.78148425e-01 0.00000000e+00
  0.00000000e+00 0.00000000e+00 0.00000000e+00 0.00000000e+00
  0.00000000e+00 3.58703158e-01 7.29514078e-02 0.00000000e+00
  0.00000000e+00 3.01832972e-02 3.61198186e-02]
 [7.98830161e-01 7.24089051e-01 6.91265218e-01 3.70925362e-01
  3.34926988e-01 2.55007232e-01 0.00000000e+00 0.00000000e+00
  0.00000000e+00 0.00000000e+00 1.18047430e-01 0.00000000e+00
  0.00000000e+00 2.03032055e-01 1.24219734e-02]
 [1.15136991e+00 1.12632129e+00 1.46149667e+00 1.29327185e+00
  1.02676453e+00 6.57338285e-01 3.88943836e-01 1.91767419e-01
  4.39048939e-02 2.79472969e-04 7.09714476e-02 0.00000000e+00
  0.00000000e+00 2.80682835e-01 3.99333621e-03]
 [1.04247904e+00 1.28740305e+00 8.42927465e-01 2.06951816e-01
  3.26626649e-01 3.11017887e-01 6.56836809e-03 0.00000000e+00
  0.00000000e+00 0.00000000e+00 1.39391163e-01 0.00000000e+00
  0.00000000e+00 1.92225438e-01 7.91925817e-02]
 [1.38864370e+00 1.37705046e+00 1.27685008e+00 1.07564287e+00
  7.53172318e-01 4.55218230e-01 3.52185678e-01 0.00000000e+00
  2.52096206e-01 0.00000000e+00 1.48477699e-01 0.00000000e+00
  0.00000000e+00 8.39375642e-02 0.00000000e+00]
 [1.02990826e+00 4.25740253e-01 1.67522242e-01 1.43137513e+00
  1.68644430e+00 1.08866817e+00 7.92062591e-01 1.13912543e+00
  8.45774352e-01 5.27013062e-01 7.06837504e-02 4.72030670e-01
  4.54853130e-01 1.65320733e-01 2.80817001e-01]]

13
----------------------------------------------------------------------------------
[[0.00000000e+00 0.00000000e+00 0.00000000e+00 0.00000000e+00
  0.00000000e+00 8.63705519e-02 0.00000000e+00 0.00000000e+00
  2.79593452e-01 5.23848885e-01 0.00000000e+00 0.00000000e+00
  5.25679510e-02 4.28437355e-01 1.83810072e-01]
 [0.00000000e+00 0.00000000e+00 1.40249781e-01 8.34586856e-03
  9.34585782e-02 9.00798745e-02 1.71248462e-02 1.14809080e-01
  4.74491332e-02 4.68146037e-01 0.00000000e+00 0.00000000e+00
  4.70714102e-01 4.53590172e-01 1.34907864e-01]
 [0.00000000e+00 1.66547720e-01 0.00000000e+00 5.11572445e-02
  0.00000000e+00 7.24174624e-02 0.00000000e+00 5.37571778e-03
  1.15874150e-01 5.08236274e-01 0.00000000e+00 0.00000000e+00
  5.42717793e-01 4.24472002e-01 1.53947059e-01]
 [0.00000000e+00 0.00000000e+00 0.00000000e+00 0.00000000e+00
  0.00000000e+00 5.11640216e-02 0.00000000e+00 0.00000000e+00
  2.64466274e-01 4.57543011e-01 0.00000000e+00 0.00000000e+00
  1.23187900e-01 3.77868588e-01 6.95584904e-02]
 [0.00000000e+00 0.00000000e+00 0.00000000e+00 0.00000000e+00
  2.77963454e-02 1.18716896e-01 0.00000000e+00 0.00000000e+00
  1.73821697e-01 4.62207804e-01 0.00000000e+00 0.00000000e+00
  3.24637445e-01 5.08640841e-01 3.31529879e-02]
 [0.00000000e+00 9.24693134e-02 0.00000000e+00 0.00000000e+00
  9.73432226e-03 1.26732317e-01 0.00000000e+00 1.31214498e-02
  2.06731484e-02 4.13274613e-01 0.00000000e+00 0.00000000e+00
  3.04325754e-01 3.32052687e-01 3.09511151e-01]
 [0.00000000e+00 3.01679414e-02 0.00000000e+00 0.00000000e+00
  8.96249061e-02 3.56548017e-02 0.00000000e+00 0.00000000e+00
  1.34088974e-01 4.71424150e-01 0.00000000e+00 0.00000000e+00
  4.00039042e-01 5.01421630e-01 9.67387542e-02]
 [0.00000000e+00 0.00000000e+00 0.00000000e+00 0.00000000e+00
  0.00000000e+00 2.23616962e-02 0.00000000e+00 0.00000000e+00
  2.27803158e-01 3.45716899e-01 0.00000000e+00 0.00000000e+00
  9.75611683e-03 3.87383406e-01 3.71105792e-02]
 [0.00000000e+00 0.00000000e+00 0.00000000e+00 0.00000000e+00
  0.00000000e+00 5.08870869e-03 0.00000000e+00 1.82946128e-02
  2.03410449e-01 3.14764327e-01 0.00000000e+00 0.00000000e+00
  8.53694325e-02 4.22944562e-01 1.16860829e-01]
 [0.00000000e+00 4.15250504e-02 0.00000000e+00 0.00000000e+00
  6.09080773e-02 9.57276545e-03 0.00000000e+00 1.14844794e-01
  2.49242722e-03 2.98597033e-01 0.00000000e+00 0.00000000e+00
  1.56772516e-01 5.44924168e-01 1.68457670e-01]
 [0.00000000e+00 4.95658810e-02 0.00000000e+00 0.00000000e+00
  2.96301367e-02 0.00000000e+00 0.00000000e+00 2.55143764e-02
  0.00000000e+00 3.32095838e-01 0.00000000e+00 0.00000000e+00
  2.13652582e-01 3.67808894e-01 1.14427220e-01]
 [0.00000000e+00 0.00000000e+00 0.00000000e+00 0.00000000e+00
  0.00000000e+00 0.00000000e+00 0.00000000e+00 4.54262596e-02
  2.04092309e-01 2.41944667e-01 0.00000000e+00 0.00000000e+00
  7.59836412e-02 3.84546204e-01 5.05017624e-02]
 [0.00000000e+00 0.00000000e+00 0.00000000e+00 0.00000000e+00
  2.50931622e-02 0.00000000e+00 0.00000000e+00 2.62633151e-02
  1.43485542e-01 2.47800782e-01 0.00000000e+00 0.00000000e+00
  2.57040107e-01 1.49381300e-01 1.41150002e-01]
 [0.00000000e+00 1.01125776e-02 0.00000000e+00 0.00000000e+00
  0.00000000e+00 0.00000000e+00 0.00000000e+00 2.20580957e-02
  2.40790684e-01 5.16916732e-01 1.73394991e+00 8.53161028e+00
  5.84853821e-01 2.06303329e-01 0.00000000e+00]
 [1.12616682e-01 1.05318701e-01 0.00000000e+00 0.00000000e+00
  0.00000000e+00 0.00000000e+00 0.00000000e+00 1.10700348e-01
  6.12334478e-01 1.14581165e+00 2.53616243e+00 6.63095793e+00
  1.05475934e+00 2.47026677e-01 1.99386363e-01]
 [0.00000000e+00 9.62404729e-02 0.00000000e+00 0.00000000e+00
  0.00000000e+00 0.00000000e+00 0.00000000e+00 1.18511007e-01
  3.45676952e-01 5.85289422e-01 9.84632471e-01 8.92804710e-01
  5.70810114e-01 5.47967405e-01 3.80796949e-02]
 [0.00000000e+00 0.00000000e+00 0.00000000e+00 0.00000000e+00
  0.00000000e+00 0.00000000e+00 0.00000000e+00 0.00000000e+00
  1.26634730e-01 4.01307698e-01 1.52645959e+00 1.67347484e+00
  1.60668881e+00 3.93040614e-01 0.00000000e+00]
 [3.88062320e-01 7.46513616e-01 9.22124644e-01 8.54517656e-01
  8.14128764e-01 9.18701856e-01 9.94052399e-01 1.21323460e+00
  9.19639112e-01 7.14681026e-01 6.47313081e-01 8.81619040e-01
  9.84588900e-01 6.35131803e-01 1.35759844e+00]]

14
----------------------------------------------------------------------------------
[[1.95450003e-02 3.11158617e-02 1.65787742e-01 0.00000000e+00
  2.76100468e-01 0.00000000e+00 0.00000000e+00 1.91397589e+00
  2.52517090e+00 1.63067302e+00 1.19888275e+00 6.89452814e-01
  7.53597995e-02 0.00000000e+00 0.00000000e+00]
 [1.51323432e-01 3.05908510e-01 6.44172315e-02 0.00000000e+00
  2.43716287e-01 0.00000000e+00 0.00000000e+00 3.55101329e+00
  4.12900810e+00 4.54835847e+00 8.86769786e-01 4.59900843e-01
  0.00000000e+00 0.00000000e+00 0.00000000e+00]
 [2.58096418e-01 5.03795207e-02 7.23733757e-02 0.00000000e+00
  2.24179212e-01 0.00000000e+00 0.00000000e+00 7.13736913e-01
  2.22127427e+00 1.87031519e+00 6.80197122e-01 2.52393734e-01
  0.00000000e+00 0.00000000e+00 2.36535780e-02]
 [0.00000000e+00 0.00000000e+00 1.12707725e-01 0.00000000e+00
  1.83443510e-01 0.00000000e+00 8.12793930e-02 3.36067421e+00
  4.29429582e+00 1.16270808e+00 4.04949224e-01 6.39381338e-01
  0.00000000e+00 0.00000000e+00 0.00000000e+00]
 [0.00000000e+00 0.00000000e+00 6.52437720e-02 0.00000000e+00
  1.37245354e-01 0.00000000e+00 1.94340231e-01 3.62674505e+00
  3.83641939e+00 1.33667360e+00 4.48650111e-01 4.34426569e-01
  0.00000000e+00 0.00000000e+00 0.00000000e+00]
 [0.00000000e+00 1.44543683e-01 1.00571864e-01 0.00000000e+00
  2.80301180e-01 0.00000000e+00 1.74308113e-01 3.68385856e+00
  3.21197897e+00 6.67514088e-01 8.59904329e-02 3.25479381e-01
  0.00000000e+00 0.00000000e+00 0.00000000e+00]
 [0.00000000e+00 0.00000000e+00 3.34559923e-02 0.00000000e+00
  1.73935625e-01 0.00000000e+00 1.00376524e-01 3.24060265e+00
  3.14456296e+00 1.13141757e+00 2.91033598e-01 2.29862329e-01
  0.00000000e+00 0.00000000e+00 0.00000000e+00]
 [1.16510360e-01 3.00027009e-02 4.32226840e-01 6.16164190e-02
  5.77375166e-02 0.00000000e+00 0.00000000e+00 1.22560649e-02
  0.00000000e+00 9.94188490e-02 0.00000000e+00 1.12466985e-01
  0.00000000e+00 0.00000000e+00 0.00000000e+00]
 [2.38870233e-02 3.16712399e-01 5.67215684e-01 3.24587955e-02
  8.58779270e-02 0.00000000e+00 0.00000000e+00 0.00000000e+00
  0.00000000e+00 0.00000000e+00 0.00000000e+00 0.00000000e+00
  0.00000000e+00 0.00000000e+00 0.00000000e+00]
 [5.60788841e-02 1.74825375e-01 3.51796175e-01 0.00000000e+00
  4.35173195e-02 0.00000000e+00 0.00000000e+00 0.00000000e+00
  1.35673411e-02 3.48025449e-01 0.00000000e+00 2.17070117e-01
  0.00000000e+00 4.01534146e-01 2.83232747e-01]
 [4.35545402e-03 6.09720323e-01 4.78711899e-01 0.00000000e+00
  1.90087953e-01 0.00000000e+00 0.00000000e+00 0.00000000e+00
  0.00000000e+00 1.79650970e-02 0.00000000e+00 0.00000000e+00
  0.00000000e+00 0.00000000e+00 0.00000000e+00]
 [6.52652925e-03 3.29791657e-01 4.54754473e-01 0.00000000e+00
  1.40771502e-01 0.00000000e+00 0.00000000e+00 0.00000000e+00
  0.00000000e+00 0.00000000e+00 0.00000000e+00 0.00000000e+00
  0.00000000e+00 0.00000000e+00 0.00000000e+00]
 [0.00000000e+00 4.79433522e-01 2.26752661e-01 0.00000000e+00
  3.49035365e-01 0.00000000e+00 0.00000000e+00 0.00000000e+00
  0.00000000e+00 1.96899308e-01 0.00000000e+00 0.00000000e+00
  0.00000000e+00 0.00000000e+00 0.00000000e+00]
 [6.24731751e-01 6.41193127e-01 4.17641455e-01 6.14771592e-02
  1.38381065e+00 1.18208079e+00 0.00000000e+00 3.14601667e+00
  2.63653409e+00 1.01994821e+00 0.00000000e+00 1.66892643e+00
  1.37518950e+00 6.90772787e-01 1.47015097e-01]
 [7.19970234e-01 5.15564765e-01 2.60959962e-01 1.31159525e-01
  1.08887224e+00 7.75030330e-01 0.00000000e+00 4.10118961e+00
  3.25891818e+00 1.46166889e+00 4.62185034e-01 2.87487534e+00
  1.70412024e+00 3.03640384e-01 0.00000000e+00]
 [7.76386053e-01 6.23688565e-01 0.00000000e+00 6.29137428e-02
  5.04974585e-01 0.00000000e+00 0.00000000e+00 1.16823907e+00
  1.07293993e+00 5.84411280e-01 1.54384030e-01 1.44093962e+00
  5.61538058e-01 2.52628930e+00 4.06608404e-01]
 [1.18415713e+00 1.09814871e+00 7.95132787e-01 5.69551838e-01
  7.50074574e-01 3.59381720e-01 4.43855633e-01 9.14954185e-01
  6.00992902e-01 1.35300661e-01 7.64531286e-01 2.57360610e+00
  2.11084135e+00 1.98799268e+00 0.00000000e+00]
 [1.54238962e-01 4.85101086e-01 4.78489507e-01 3.48131149e-01
  2.48518851e-01 7.19086425e-01 1.14748248e+00 7.79819922e-01
  8.30512672e-01 6.56679342e-01 5.84058756e-01 2.17303339e-01
  4.65544287e-01 9.38798028e-01 6.58590919e-01]]

16
----------------------------------------------------------------------------------
[[0.00000000e+00 1.50242045e-01 1.91801623e-01 2.17871107e-02
  1.28760483e-01 2.51030252e-02 0.00000000e+00 1.62331004e-01
  1.64736732e-01 1.80848657e-01 1.87229324e-01 0.00000000e+00
  1.26998995e-01 4.35707637e-01 2.58641548e-01]
 [1.09537949e-01 1.35960640e-01 3.73771409e-01 1.02910460e-01
  6.10055264e-02 1.56619725e-01 5.24205121e-02 1.65154705e-01
  3.37677133e-01 2.49065472e-01 3.16218850e-01 2.27388338e-01
  1.53034796e-01 4.40608336e-01 1.67180239e-01]
 [0.00000000e+00 4.76042082e-02 1.74542879e-01 2.90478923e-01
  1.56641033e-01 1.87869838e-01 0.00000000e+00 8.86175485e-02
  1.96914017e-01 2.77665179e-01 3.21174681e-01 5.69316964e-03
  0.00000000e+00 4.21647896e-02 0.00000000e+00]
 [0.00000000e+00 8.67525981e-03 3.93224763e-02 0.00000000e+00
  0.00000000e+00 0.00000000e+00 0.00000000e+00 0.00000000e+00
  7.63254321e-02 1.85510812e-01 2.09501559e-01 1.63998942e-01
  3.17312897e-01 5.56003383e-01 4.15149470e-01]
 [0.00000000e+00 0.00000000e+00 4.94769124e-02 6.50839133e-02
  3.20476621e-02 2.84115194e-02 0.00000000e+00 1.14100129e-01
  1.76575353e-01 3.14369533e-01 3.50615553e-01 3.43437698e-01
  5.08716575e-01 4.46352827e-01 3.88225610e-01]
 [0.00000000e+00 0.00000000e+00 1.48843881e-01 2.82662625e-01
  7.05047456e-02 2.84448247e-01 0.00000000e+00 5.15863817e-02
  1.78828194e-01 3.83818405e-01 5.65444796e-01 3.39483590e-01
  1.71767138e-01 6.41851496e-02 0.00000000e+00]
 [0.00000000e+00 0.00000000e+00 1.45771853e-01 1.97456327e-01
  1.07571148e-01 1.88693045e-01 0.00000000e+00 7.11658593e-02
  1.82799380e-01 3.22048232e-01 4.09639549e-01 4.41997369e-01
  4.07284622e-01 3.07642997e-01 2.90181212e-01]
 [0.00000000e+00 0.00000000e+00 1.26307327e-01 0.00000000e+00
  0.00000000e+00 0.00000000e+00 0.00000000e+00 0.00000000e+00
  1.21284041e-01 2.40411357e-01 4.81632148e-01 6.62399455e-02
  0.00000000e+00 2.34932088e-01 1.01400710e-02]
 [0.00000000e+00 6.50035328e-03 9.83664434e-02 0.00000000e+00
  0.00000000e+00 0.00000000e+00 0.00000000e+00 0.00000000e+00
  1.52672469e-01 3.49747670e-01 1.01940165e+00 3.29341955e-01
  0.00000000e+00 1.97247158e-01 1.77559679e-02]
 [0.00000000e+00 0.00000000e+00 1.18188636e-02 1.97990748e-01
  0.00000000e+00 2.10900710e-02 0.00000000e+00 2.17911078e-01
  2.41474076e-01 3.12953315e-01 9.16003067e-01 0.00000000e+00
  0.00000000e+00 0.00000000e+00 0.00000000e+00]
 [0.00000000e+00 0.00000000e+00 3.25616320e-02 1.30976381e-01
  0.00000000e+00 0.00000000e+00 0.00000000e+00 0.00000000e+00
  1.78049762e-01 4.63613055e-01 1.48206902e+00 1.75854918e-01
  0.00000000e+00 0.00000000e+00 0.00000000e+00]
 [0.00000000e+00 4.62640601e-02 1.74898458e-01 1.24867163e-02
  0.00000000e+00 0.00000000e+00 8.32308868e-04 0.00000000e+00
  1.97619659e-02 1.22482118e-01 5.66683541e-01 1.18024656e-01
  5.83105101e-02 2.09375100e-01 6.38706058e-02]
 [0.00000000e+00 0.00000000e+00 1.11555234e-01 8.76981514e-02
  0.00000000e+00 0.00000000e+00 0.00000000e+00 0.00000000e+00
  3.20278810e-02 3.21707684e-01 1.02832115e+00 1.74952868e-01
  9.43195541e-02 0.00000000e+00 0.00000000e+00]
 [0.00000000e+00 2.01996100e-01 4.40288181e-02 1.42411806e-02
  0.00000000e+00 0.00000000e+00 2.05611701e-02 0.00000000e+00
  0.00000000e+00 0.00000000e+00 1.97974109e-02 6.76902825e-02
  2.50949319e-01 3.66063792e-01 0.00000000e+00]
 [0.00000000e+00 2.01364102e-01 8.01228890e-02 0.00000000e+00
  0.00000000e+00 0.00000000e+00 9.07735077e-03 0.00000000e+00
  0.00000000e+00 0.00000000e+00 0.00000000e+00 0.00000000e+00
  4.51830559e-02 0.00000000e+00 0.00000000e+00]
 [0.00000000e+00 7.44811982e-02 9.43018574e-02 3.02339445e-01
  1.60323221e-01 0.00000000e+00 0.00000000e+00 6.92898374e-02
  1.03068882e-02 0.00000000e+00 2.16770688e-02 0.00000000e+00
  8.51255524e-01 0.00000000e+00 0.00000000e+00]
 [0.00000000e+00 1.48855556e-01 9.57593645e-02 0.00000000e+00
  0.00000000e+00 0.00000000e+00 0.00000000e+00 0.00000000e+00
  0.00000000e+00 0.00000000e+00 4.19024215e-02 3.40381485e-01
  1.44654120e+00 1.28811403e+00 9.87930208e-01]
 [6.63586588e-01 6.89329018e-01 2.49867462e-01 5.88210388e-01
  6.74576967e-01 7.19670018e-01 6.85282427e-01 3.04552789e-01
  3.67790734e-01 3.33257796e-01 2.90002876e-01 9.52334089e-01
  1.03788517e+00 1.09550242e+00 1.21779213e+00]]

16
----------------------------------------------------------------------------------
[[0.2496632  0.05535048 0.56687152 0.62534888 0.49611449 0.43278452]
 [0.15881342 0.         0.67745762 0.76115516 0.51724059 0.22349923]
 [0.30177745 0.         0.57367008 0.43718111 0.         0.12771599]
 [0.10802754 0.0438982  0.89530278 0.68925341 0.56381422 0.53241927]
 [0.07275808 0.         1.06583063 0.85560259 0.42633917 0.60810109]
 [0.19485496 0.         0.88066646 0.35376331 0.07494251 0.38709847]
 [0.05041933 0.         1.00428191 0.7822275  0.21193164 0.44748353]
 [0.         0.23237987 0.05622319 0.20100651 0.1188511  0.07088165]
 [0.02399665 0.09940692 0.07156993 0.14822263 0.09866609 0.08820717]
 [0.29900571 0.         0.15025669 0.1190625  0.         0.16809539]
 [0.26997261 0.         0.21775901 0.10453222 0.         0.03066331]
 [0.         0.15436532 0.01964475 0.15289053 0.09388078 0.        ]
 [0.10590382 0.         0.17417567 0.06222016 0.         0.12747335]
 [0.41556269 0.18702839 0.         0.         0.         0.03536929]
 [0.19676226 0.12438195 0.         0.         0.         0.23559494]
 [0.76574019 0.         0.         0.         0.         0.24409654]
 [0.36150136 0.75618772 0.         0.         0.         0.59994834]
 [2.37434213 1.90082981 1.05390644 1.46290405 0.60840652 0.68102506]]