

1
----------------------------------------------------------------------------------
[[0.00000000e+00 2.78070713e-01 6.69367480e-02 2.01890668e-01
  0.00000000e+00 6.70291761e-02 2.60286671e-02 1.39924140e-01
  2.46865392e-01 8.03619979e-02 0.00000000e+00 1.74417129e-01
  1.91818263e-01 4.43636574e-03 8.65455643e-02]
 [0.00000000e+00 2.21779642e-01 2.56859999e-02 1.62888670e-01
  0.00000000e+00 2.59058647e-02 9.15084106e-03 7.37632096e-02
  9.30319642e-02 7.00664343e-02 1.31513125e-01 3.74230077e-03
  2.29969872e-01 1.64650106e-02 0.00000000e+00]
 [1.14014824e-01 1.15524298e-01 1.12789536e-01 2.85453449e-02
  8.73997837e-02 0.00000000e+00 2.62433239e-02 7.21744089e-02
  1.61817346e-02 1.44110038e-01 7.36657875e-02 0.00000000e+00
  2.22571413e-01 4.22830931e-02 0.00000000e+00]
 [0.00000000e+00 1.86529659e-01 9.70553968e-02 1.68212297e-01
  3.26205285e-01 4.41671529e-02 5.63027876e-02 1.38243400e-01
  2.43025722e-01 3.89458389e-02 0.00000000e+00 1.80140571e-01
  1.47150561e-01 0.00000000e+00 1.31517308e-01]
 [0.00000000e+00 1.52337685e-01 0.00000000e+00 9.70856631e-02
  1.80361691e-01 1.83409486e-02 5.38618154e-03 1.04023819e-01
  1.67658468e-01 9.47604204e-02 4.78632652e-02 2.41079456e-02
  8.62070377e-02 9.23950517e-03 2.23450463e-02]
 [7.80142789e-02 5.06336176e-02 1.41382168e-01 0.00000000e+00
  2.41615016e-01 0.00000000e+00 8.14341153e-02 1.55405238e-03
  0.00000000e+00 4.12693683e-02 6.69884832e-02 0.00000000e+00
  2.36705678e-01 2.43295391e-02 0.00000000e+00]
 [3.56360538e-03 1.45778378e-01 1.94626486e-02 2.09224309e-02
  8.14509825e-02 0.00000000e+00 2.59231111e-02 1.80162468e-02
  4.14447988e-02 4.41484539e-02 1.00610948e-01 0.00000000e+00
  1.75071678e-01 6.45194412e-02 0.00000000e+00]
 [0.00000000e+00 8.46782768e-02 6.90949479e-02 4.86379061e-02
  1.86543315e-01 6.35572727e-02 0.00000000e+00 1.37626972e-01
  2.39069531e-01 1.08798704e-02 0.00000000e+00 2.09995855e-01
  1.11282828e-01 0.00000000e+00 1.66630424e-01]
 [0.00000000e+00 1.02857564e-01 6.53016469e-03 4.58322978e-02
  6.02733742e-01 1.15988878e-03 0.00000000e+00 1.07579034e-01
  1.41058144e-01 3.88895126e-03 0.00000000e+00 1.24835093e-01
  1.17132946e-01 0.00000000e+00 1.89775058e-01]
 [1.37053355e-01 0.00000000e+00 2.12213466e-01 0.00000000e+00
  2.70131396e-01 0.00000000e+00 1.19402883e-01 0.00000000e+00
  1.48070257e-02 0.00000000e+00 2.59376350e-02 0.00000000e+00
  2.64097332e-01 4.31979502e-02 0.00000000e+00]
 [9.59836124e-02 0.00000000e+00 5.22307240e-02 0.00000000e+00
  8.83149218e-01 0.00000000e+00 4.66839541e-02 0.00000000e+00
  7.73604393e-03 0.00000000e+00 6.77739916e-02 0.00000000e+00
  1.48398381e-01 1.82305539e-02 0.00000000e+00]
 [0.00000000e+00 9.86466456e-02 3.84606097e-04 6.78911739e-02
  4.28034704e-01 0.00000000e+00 0.00000000e+00 9.94679186e-02
  1.27912328e-01 8.76233710e-04 8.32872027e-03 1.18918114e-01
  1.38416726e-01 0.00000000e+00 1.82830790e-01]
 [7.74127539e-02 0.00000000e+00 5.20314014e-02 0.00000000e+00
  4.47996121e-01 0.00000000e+00 4.74920034e-02 0.00000000e+00
  0.00000000e+00 0.00000000e+00 2.11242395e-02 0.00000000e+00
  1.59532565e-01 0.00000000e+00 0.00000000e+00]
 [1.85863122e-02 0.00000000e+00 2.38285588e-02 0.00000000e+00
  0.00000000e+00 3.43192065e-02 0.00000000e+00 9.56835908e-03
  9.60520906e-03 1.26619890e-02 0.00000000e+00 3.60746737e-03
  2.02986537e-03 0.00000000e+00 0.00000000e+00]
 [2.04335341e-02 0.00000000e+00 3.55484832e-02 0.00000000e+00
  0.00000000e+00 0.00000000e+00 0.00000000e+00 2.29304416e-02
  2.92816427e-02 0.00000000e+00 0.00000000e+00 4.29905566e-02
  0.00000000e+00 0.00000000e+00 2.03181077e-02]
 [8.50010657e-02 0.00000000e+00 6.48694604e-02 0.00000000e+00
  8.96722697e-02 9.21452255e-04 7.96092414e-02 0.00000000e+00
  0.00000000e+00 3.91523935e-02 0.00000000e+00 0.00000000e+00
  1.32745710e-01 1.15006641e-02 0.00000000e+00]
 [0.00000000e+00 3.27012837e-02 7.02586258e-02 6.32037658e-03
  0.00000000e+00 3.46469695e-03 0.00000000e+00 4.80750738e-02
  7.40033144e-02 0.00000000e+00 0.00000000e+00 1.27636430e-01
  0.00000000e+00 0.00000000e+00 1.07303827e-01]
 [4.35313069e-01 9.44701057e-01 3.10853165e-01 1.45076438e+00
  4.52565936e-01 9.61428081e-01 1.54839442e-01 3.45579461e-01
  2.89064758e-01 7.77247801e-01 1.21700428e+00 2.10284795e-01
  6.39648030e-01 6.70539797e-01 5.42024144e-01]]

2
----------------------------------------------------------------------------------
[[nan nan nan nan nan nan nan nan nan nan nan nan nan nan nan]
 [nan nan nan nan nan nan nan nan nan nan nan nan nan nan nan]
 [nan nan nan nan nan nan nan nan nan nan nan nan nan nan nan]
 [nan nan nan nan nan nan nan nan nan nan nan nan nan nan nan]
 [nan nan nan nan nan nan nan nan nan nan nan nan nan nan nan]
 [nan nan nan nan nan nan nan nan nan nan nan nan nan nan nan]
 [nan nan nan nan nan nan nan nan nan nan nan nan nan nan nan]
 [nan nan nan nan nan nan nan nan nan nan nan nan nan nan nan]
 [nan nan nan nan nan nan nan nan nan nan nan nan nan nan nan]
 [nan nan nan nan nan nan nan nan nan nan nan nan nan nan nan]
 [nan nan nan nan nan nan nan nan nan nan nan nan nan nan nan]
 [nan nan nan nan nan nan nan nan nan nan nan nan nan nan nan]
 [nan nan nan nan nan nan nan nan nan nan nan nan nan nan nan]
 [nan nan nan nan nan nan nan nan nan nan nan nan nan nan nan]
 [nan nan nan nan nan nan nan nan nan nan nan nan nan nan nan]
 [nan nan nan nan nan nan nan nan nan nan nan nan nan nan nan]
 [nan nan nan nan nan nan nan nan nan nan nan nan nan nan nan]
 [nan nan nan nan nan nan nan nan nan nan nan nan nan nan nan]]

3
----------------------------------------------------------------------------------
[[1.35694523e+00 0.00000000e+00 0.00000000e+00 8.86345887e-01
  0.00000000e+00 0.00000000e+00 6.55748816e-01 8.81611665e-02
  8.58769012e-02 0.00000000e+00 1.95347861e-01 0.00000000e+00
  1.62203374e-01 3.68367542e-01 0.00000000e+00]
 [8.88803777e+00 0.00000000e+00 9.09976213e+00 9.21422400e-01
  0.00000000e+00 1.83683172e+00 4.20141404e-01 3.04764572e-01
  1.51140854e-01 2.58839403e-01 0.00000000e+00 8.27717191e-03
  2.97571390e-01 3.74736766e-01 2.00933271e+00]
 [7.77764448e+00 0.00000000e+00 2.25765258e+01 0.00000000e+00
  0.00000000e+00 0.00000000e+00 0.00000000e+00 0.00000000e+00
  1.32707438e-03 1.55866496e-01 2.38569532e-01 6.78103068e-01
  0.00000000e+00 3.78746620e-01 1.88221872e+00]
 [2.11174089e+00 0.00000000e+00 6.75186234e-01 1.51546278e+00
  1.91040249e-01 0.00000000e+00 4.28870577e-01 8.03327541e-02
  1.09435312e-01 5.05409794e-03 7.93392389e-02 0.00000000e+00
  1.60898833e-01 2.79517607e-01 0.00000000e+00]
 [1.95404374e+00 0.00000000e+00 8.65970157e-01 1.16901205e+00
  0.00000000e+00 0.00000000e+00 2.01473537e-01 0.00000000e+00
  0.00000000e+00 0.00000000e+00 2.64039370e-01 9.05662589e-02
  1.50475429e-02 7.82616810e-02 0.00000000e+00]
 [4.29273279e+00 0.00000000e+00 3.05870022e-01 4.35334810e-01
  0.00000000e+00 0.00000000e+00 0.00000000e+00 0.00000000e+00
  0.00000000e+00 5.19617079e-02 6.54177432e-01 3.34648727e-01
  0.00000000e+00 4.36288831e-01 4.95062304e-01]
 [3.69004733e+00 0.00000000e+00 1.36564392e+00 9.13614448e-01
  0.00000000e+00 0.00000000e+00 0.00000000e+00 0.00000000e+00
  0.00000000e+00 0.00000000e+00 4.89714252e-01 4.56430731e-01
  0.00000000e+00 9.84821535e-03 0.00000000e+00]
 [8.32632383e-01 0.00000000e+00 0.00000000e+00 5.51423138e-01
  1.90442599e-01 0.00000000e+00 4.66578107e-01 5.51153023e-01
  4.21588541e-01 0.00000000e+00 1.39544961e-03 0.00000000e+00
  4.09260247e-01 1.00662432e-01 0.00000000e+00]
 [2.24751623e-01 0.00000000e+00 7.87119019e+00 1.44451254e+00
  3.67471925e-01 0.00000000e+00 3.77848303e-01 8.31835280e-02
  1.78553567e-01 0.00000000e+00 9.47703079e-02 0.00000000e+00
  2.37053273e-02 1.23057918e-01 0.00000000e+00]
 [1.68187284e+00 0.00000000e+00 9.65935428e+00 0.00000000e+00
  0.00000000e+00 0.00000000e+00 0.00000000e+00 0.00000000e+00
  0.00000000e+00 8.09042843e-02 9.53327637e-01 3.39439057e-01
  0.00000000e+00 0.00000000e+00 0.00000000e+00]
 [2.55233782e+00 0.00000000e+00 0.00000000e+00 5.81218374e-01
  0.00000000e+00 0.00000000e+00 0.00000000e+00 0.00000000e+00
  0.00000000e+00 0.00000000e+00 6.31621505e-01 3.00910739e-01
  0.00000000e+00 0.00000000e+00 0.00000000e+00]
 [4.79977782e-01 0.00000000e+00 1.15241867e+01 7.18357441e-01
  1.72309364e-01 0.00000000e+00 3.61172453e-01 5.18964693e-02
  1.44239301e-01 0.00000000e+00 4.93967851e-02 0.00000000e+00
  1.12490613e-02 0.00000000e+00 0.00000000e+00]
 [2.35546888e+00 0.00000000e+00 0.00000000e+00 6.60936773e-01
  0.00000000e+00 0.00000000e+00 0.00000000e+00 0.00000000e+00
  0.00000000e+00 2.93690022e-02 5.50235032e-01 2.31780824e-01
  0.00000000e+00 0.00000000e+00 0.00000000e+00]
 [1.11996055e+00 0.00000000e+00 8.94601800e+00 8.22272826e-01
  8.18269123e-01 0.00000000e+00 0.00000000e+00 8.15128773e-02
  4.46818531e-01 9.18037153e-02 3.17337337e-01 1.06136948e-01
  3.88835504e-01 0.00000000e+00 0.00000000e+00]
 [0.00000000e+00 0.00000000e+00 1.33893336e+00 9.60713814e-01
  2.17574850e+00 0.00000000e+00 0.00000000e+00 1.07914401e+00
  1.72996194e+00 9.75009683e-01 1.21957145e+00 7.52058958e-01
  9.33323966e-01 0.00000000e+00 0.00000000e+00]
 [3.40071299e-01 0.00000000e+00 3.16361320e+01 8.32174613e-01
  5.62620901e-01 0.00000000e+00 0.00000000e+00 3.75357667e-01
  6.27015449e-01 4.33684277e-01 9.64327391e-01 3.89652923e-01
  4.17600187e-01 0.00000000e+00 0.00000000e+00]
 [0.00000000e+00 0.00000000e+00 6.21772908e+00 9.43327612e-01
  1.57356808e+00 0.00000000e+00 0.00000000e+00 6.98456061e-01
  1.37401734e+00 8.63425294e-01 6.35890364e-01 3.08819676e-01
  1.01791842e+00 0.00000000e+00 0.00000000e+00]
 [1.07543514e+01 4.07641814e+01 1.32463809e+01 7.76043906e+00
  4.48007261e+00 4.20477587e+00 3.61967842e+00 2.85229438e+00
  3.13327457e+00 2.09770519e+00 1.16251891e+00 2.79624049e+00
  8.74712363e-01 1.32032492e+00 3.26554148e+00]]

4
----------------------------------------------------------------------------------
[[7.47925483e-02 2.79527230e-01 0.00000000e+00 0.00000000e+00
  0.00000000e+00 0.00000000e+00 0.00000000e+00 0.00000000e+00
  1.02661080e-01 0.00000000e+00 2.25308544e-01 8.74773535e-01
  0.00000000e+00 7.31072764e-02 5.49014107e-02]
 [4.83159457e-02 0.00000000e+00 0.00000000e+00 0.00000000e+00
  0.00000000e+00 4.54776584e-03 0.00000000e+00 0.00000000e+00
  1.40648453e-01 0.00000000e+00 0.00000000e+00 8.18779528e-01
  1.37938027e-01 7.60562524e+00 0.00000000e+00]
 [2.24383307e-01 0.00000000e+00 0.00000000e+00 0.00000000e+00
  0.00000000e+00 0.00000000e+00 0.00000000e+00 0.00000000e+00
  0.00000000e+00 0.00000000e+00 0.00000000e+00 2.03983448e+00
  0.00000000e+00 2.15630078e+00 0.00000000e+00]
 [2.22113481e-01 1.44558055e-01 0.00000000e+00 0.00000000e+00
  0.00000000e+00 0.00000000e+00 0.00000000e+00 0.00000000e+00
  3.23754225e-02 0.00000000e+00 9.62990591e-02 1.07586044e-01
  0.00000000e+00 0.00000000e+00 3.84200665e-02]
 [2.17118129e-01 0.00000000e+00 0.00000000e+00 0.00000000e+00
  0.00000000e+00 0.00000000e+00 0.00000000e+00 0.00000000e+00
  6.06088396e-02 0.00000000e+00 1.19981618e-02 0.00000000e+00
  0.00000000e+00 0.00000000e+00 1.88301269e-02]
 [0.00000000e+00 2.48931513e-01 0.00000000e+00 0.00000000e+00
  0.00000000e+00 0.00000000e+00 0.00000000e+00 0.00000000e+00
  0.00000000e+00 0.00000000e+00 0.00000000e+00 0.00000000e+00
  0.00000000e+00 0.00000000e+00 0.00000000e+00]
 [0.00000000e+00 8.15151230e-02 0.00000000e+00 0.00000000e+00
  0.00000000e+00 0.00000000e+00 0.00000000e+00 0.00000000e+00
  0.00000000e+00 0.00000000e+00 0.00000000e+00 0.00000000e+00
  0.00000000e+00 0.00000000e+00 0.00000000e+00]
 [0.00000000e+00 3.03258117e-01 2.97972107e-01 0.00000000e+00
  0.00000000e+00 0.00000000e+00 0.00000000e+00 1.11523757e-01
  5.24402022e-02 0.00000000e+00 4.31754582e-01 4.54449322e-01
  1.88541206e-01 3.47998191e-01 2.20390622e-01]
 [0.00000000e+00 1.36075824e-01 6.38812142e-02 0.00000000e+00
  0.00000000e+00 0.00000000e+00 0.00000000e+00 7.49805470e-02
  7.41031231e-02 0.00000000e+00 3.77072445e-01 5.59048651e-01
  1.73146057e-01 2.58011172e-01 2.13940553e-01]
 [1.15681447e-01 1.33440240e-01 1.19542976e-01 0.00000000e+00
  0.00000000e+00 0.00000000e+00 0.00000000e+00 0.00000000e+00
  0.00000000e+00 0.00000000e+00 0.00000000e+00 2.46839037e-01
  0.00000000e+00 1.52181449e-01 3.55854350e-02]
 [0.00000000e+00 4.27660154e-01 0.00000000e+00 0.00000000e+00
  0.00000000e+00 0.00000000e+00 0.00000000e+00 0.00000000e+00
  0.00000000e+00 0.00000000e+00 0.00000000e+00 1.27131227e-01
  0.00000000e+00 7.66099325e-02 0.00000000e+00]
 [0.00000000e+00 8.05635400e-02 2.15461706e-01 0.00000000e+00
  0.00000000e+00 0.00000000e+00 0.00000000e+00 1.14279786e-01
  1.12422328e-01 0.00000000e+00 4.56760720e-01 7.07030996e-01
  2.46553397e-01 2.19509738e-01 1.53908475e-01]
 [0.00000000e+00 5.26336896e-01 7.30005255e-03 0.00000000e+00
  0.00000000e+00 0.00000000e+00 0.00000000e+00 0.00000000e+00
  0.00000000e+00 0.00000000e+00 0.00000000e+00 8.83396466e-01
  0.00000000e+00 7.99280066e-01 2.11319931e-01]
 [0.00000000e+00 2.30768676e-01 8.64311291e-01 0.00000000e+00
  0.00000000e+00 0.00000000e+00 0.00000000e+00 0.00000000e+00
  0.00000000e+00 0.00000000e+00 5.16332122e-03 1.21189978e-01
  1.32859181e-01 1.12998159e-01 1.38050626e-01]
 [0.00000000e+00 5.74223494e-01 8.90732156e-01 0.00000000e+00
  0.00000000e+00 0.00000000e+00 0.00000000e+00 0.00000000e+00
  0.00000000e+00 0.00000000e+00 3.63924424e-01 9.77284778e-01
  2.76448924e-01 9.61320932e-01 3.16509006e-01]
 [0.00000000e+00 1.95392081e-01 7.01317992e-01 0.00000000e+00
  0.00000000e+00 0.00000000e+00 0.00000000e+00 0.00000000e+00
  0.00000000e+00 0.00000000e+00 0.00000000e+00 9.76056305e-02
  2.75177171e-01 1.95578627e-01 1.03040092e-01]
 [5.33212563e-03 6.30597901e-01 1.15451688e+00 0.00000000e+00
  0.00000000e+00 0.00000000e+00 0.00000000e+00 1.15052858e-01
  0.00000000e+00 0.00000000e+00 7.20063862e-01 1.04979193e+00
  3.40971097e-01 1.31517260e+00 4.67279523e-01]
 [5.36957772e-01 7.12354736e-01 2.70678413e+00 2.22932021e+00
  1.62032783e+00 2.98194164e+00 4.44554187e+00 4.41938258e+00
  3.88878271e+00 3.90844749e+00 4.23865788e+00 2.78092908e+00
  2.92600216e+00 3.62210699e+00 4.00252453e+00]]

5
----------------------------------------------------------------------------------
[[0.00000000e+00 2.78694657e-01 0.00000000e+00 0.00000000e+00
  0.00000000e+00 1.59383798e-01 2.66231273e-01 3.10657178e-01
  0.00000000e+00 1.81570621e-01 4.49551675e-01 0.00000000e+00
  0.00000000e+00 0.00000000e+00 0.00000000e+00]
 [0.00000000e+00 5.05383622e-01 0.00000000e+00 1.73914376e-01
  2.94152739e-02 2.57899452e-01 7.40240072e-02 1.09499004e-01
  0.00000000e+00 5.23588818e-02 0.00000000e+00 0.00000000e+00
  0.00000000e+00 0.00000000e+00 0.00000000e+00]
 [2.03623540e-02 0.00000000e+00 0.00000000e+00 0.00000000e+00
  2.33638611e-02 3.55230173e-01 0.00000000e+00 2.32251684e-01
  0.00000000e+00 0.00000000e+00 0.00000000e+00 0.00000000e+00
  0.00000000e+00 0.00000000e+00 0.00000000e+00]
 [0.00000000e+00 0.00000000e+00 0.00000000e+00 0.00000000e+00
  0.00000000e+00 4.04607430e-02 2.26508902e-01 2.23173556e-01
  0.00000000e+00 1.28476178e-01 3.70696195e-01 0.00000000e+00
  0.00000000e+00 0.00000000e+00 0.00000000e+00]
 [3.56054189e-03 5.26545243e-02 0.00000000e+00 4.03486696e-02
  0.00000000e+00 1.48288978e-01 4.21285412e-02 1.43080629e-01
  0.00000000e+00 1.16305788e-01 5.53074072e-02 0.00000000e+00
  0.00000000e+00 0.00000000e+00 0.00000000e+00]
 [0.00000000e+00 0.00000000e+00 0.00000000e+00 0.00000000e+00
  4.24057382e-02 1.83205699e-01 0.00000000e+00 0.00000000e+00
  1.62154326e-02 0.00000000e+00 0.00000000e+00 0.00000000e+00
  0.00000000e+00 0.00000000e+00 9.63502478e-02]
 [0.00000000e+00 0.00000000e+00 0.00000000e+00 0.00000000e+00
  3.81531385e-02 1.67011239e-01 0.00000000e+00 4.09776051e-03
  0.00000000e+00 0.00000000e+00 0.00000000e+00 0.00000000e+00
  0.00000000e+00 0.00000000e+00 0.00000000e+00]
 [0.00000000e+00 0.00000000e+00 1.21049105e-02 2.37817303e-02
  0.00000000e+00 1.96388256e-01 2.71770779e-01 5.47800683e-01
  0.00000000e+00 0.00000000e+00 1.07020436e-01 0.00000000e+00
  0.00000000e+00 0.00000000e+00 0.00000000e+00]
 [0.00000000e+00 0.00000000e+00 1.26546347e-01 0.00000000e+00
  0.00000000e+00 1.48201924e-01 1.68311491e-01 3.78160802e-01
  0.00000000e+00 0.00000000e+00 0.00000000e+00 0.00000000e+00
  0.00000000e+00 0.00000000e+00 0.00000000e+00]
 [0.00000000e+00 0.00000000e+00 0.00000000e+00 7.34154142e-03
  0.00000000e+00 2.93939878e-01 0.00000000e+00 0.00000000e+00
  0.00000000e+00 0.00000000e+00 0.00000000e+00 0.00000000e+00
  0.00000000e+00 4.05086525e-03 6.19308696e-02]
 [0.00000000e+00 0.00000000e+00 0.00000000e+00 0.00000000e+00
  0.00000000e+00 1.25755356e-01 0.00000000e+00 0.00000000e+00
  0.00000000e+00 0.00000000e+00 0.00000000e+00 0.00000000e+00
  0.00000000e+00 0.00000000e+00 0.00000000e+00]
 [0.00000000e+00 0.00000000e+00 8.68829421e-02 0.00000000e+00
  0.00000000e+00 2.04945364e-01 1.83656084e-01 4.03529408e-01
  0.00000000e+00 0.00000000e+00 0.00000000e+00 0.00000000e+00
  0.00000000e+00 0.00000000e+00 0.00000000e+00]
 [0.00000000e+00 5.39575643e-02 0.00000000e+00 6.61315679e-02
  2.24168873e-03 1.84728888e-01 1.14279385e-02 0.00000000e+00
  0.00000000e+00 0.00000000e+00 0.00000000e+00 0.00000000e+00
  0.00000000e+00 0.00000000e+00 8.09284488e-02]
 [0.00000000e+00 0.00000000e+00 2.69823253e-02 6.93510190e-02
  0.00000000e+00 0.00000000e+00 1.42179314e-01 1.12778572e-01
  0.00000000e+00 0.00000000e+00 3.62915973e-01 0.00000000e+00
  0.00000000e+00 1.48038490e-02 0.00000000e+00]
 [0.00000000e+00 0.00000000e+00 7.98336238e-02 1.19967763e-01
  0.00000000e+00 0.00000000e+00 5.39525965e-01 4.29592516e-01
  2.21770812e-01 0.00000000e+00 5.98233054e-01 2.40803942e-01
  0.00000000e+00 3.89061114e-01 0.00000000e+00]
 [0.00000000e+00 0.00000000e+00 0.00000000e+00 1.56504254e-01
  1.06743741e-01 6.88343833e-02 0.00000000e+00 0.00000000e+00
  2.66676411e-01 0.00000000e+00 1.05176424e+00 5.57770147e-01
  0.00000000e+00 8.24680224e-01 1.07679362e-01]
 [5.12196894e-02 4.94339893e-02 2.15082228e-01 1.91647065e-01
  0.00000000e+00 0.00000000e+00 1.00975099e+00 1.14017351e+00
  1.15593580e-01 0.00000000e+00 4.66662738e-01 2.45174668e-01
  0.00000000e+00 4.45264767e-02 0.00000000e+00]
 [9.37631437e-01 1.01170371e+00 1.41483793e+00 2.72750117e-01
  1.01289149e+00 1.44506628e+00 1.71133187e+00 7.03903874e-01
  3.14246466e+00 4.47029118e+00 2.16570797e+00 3.12237865e+00
  4.43097785e+00 1.46368490e+00 5.24052197e+00]]

6
----------------------------------------------------------------------------------
[[0.09682529 0.         1.22322407 1.25105621 0.         0.54093815
  0.92896894 0.28042163 0.         0.         0.         0.
  0.         0.24107011 0.        ]
 [0.01082489 0.         1.8857762  2.97459671 0.         7.36473906
  0.47834372 0.2414341  0.21455478 0.         0.         0.
  0.         0.1072808  1.5245729 ]
 [0.         0.         5.84993534 3.09026251 0.         3.62371099
  1.18794852 0.68914044 0.25822116 0.         0.         0.
  0.         0.00818026 0.51204296]
 [0.11813393 0.04912517 0.         0.         0.         0.
  0.73502361 0.17634547 0.         0.         0.         0.
  0.         0.20370493 0.        ]
 [0.         0.         0.         0.22007509 0.         0.12207386
  0.64999202 0.24987832 0.12613391 0.         0.         0.
  0.         0.02829582 0.        ]
 [0.         0.         0.61122121 0.7162865  0.         0.4712628
  0.64234795 0.         0.38304257 0.07812039 0.         0.
  0.         0.         0.        ]
 [0.         0.         0.1611065  0.36737267 0.         0.05828145
  0.49026291 0.09022987 0.20753377 0.         0.         0.
  0.         0.         0.        ]
 [0.08732687 0.16746218 0.         0.         0.         0.
  0.69311458 0.05764965 0.         0.         0.         0.20346216
  0.         0.19824571 0.        ]
 [0.         0.04085088 0.         0.         0.         0.
  0.38476052 0.         0.         0.         0.         0.
  0.         0.10436794 0.        ]
 [0.         0.         0.04730967 0.         0.         0.
  0.21888116 0.         0.55913477 0.0616225  0.         0.
  0.         0.         0.        ]
 [0.         0.         0.         0.         0.         0.
  0.0215293  0.         0.4054665  0.         0.         0.
  0.         0.         0.        ]
 [0.04752689 0.06096654 0.33356862 0.         0.         0.
  0.41951745 0.         0.         0.         0.         0.07869304
  0.         0.07461167 0.        ]
 [0.         0.         0.6221095  0.         0.         0.06137615
  0.         0.         0.47126144 0.         0.         0.
  0.         0.         0.        ]
 [0.         0.         0.         0.         0.         0.
  0.20335647 0.24866145 0.         0.15037479 0.33779682 0.
  0.         0.         0.        ]
 [0.         0.         0.         0.         0.         0.
  0.29382362 0.17690937 0.16566343 0.         0.54750255 0.15703246
  0.         0.1915537  0.        ]
 [0.         0.         0.         0.         0.         0.
  0.         1.01822791 0.66282966 0.59748874 1.585587   0.
  0.         0.24426751 0.        ]
 [0.         0.         0.         0.         0.         0.
  0.94704953 0.         0.         0.05371272 0.         0.47449824
  0.03333819 0.1017913  0.        ]
 [4.67643706 1.91765732 1.15113886 4.00111423 3.45431362 0.81364894
  0.85496363 1.66867685 1.36084209 1.31201991 4.90873177 3.36827235
  2.21811073 1.78148764 1.12732905]]

7
----------------------------------------------------------------------------------
[[0.26446758 0.81243378 0.         0.16206116 0.         0.
  0.         0.         0.14356886 0.         0.03836897 0.
  0.02237237 0.         0.26717981]
 [0.24380613 0.51624417 0.         0.16012183 0.10240487 0.
  0.         0.         0.08248406 0.         0.         0.
  0.12765586 0.         0.17505535]
 [0.82446901 1.40201561 0.06434292 0.58781362 0.22216082 0.
  0.         0.         0.29604377 0.08218871 0.         0.
  0.10847072 0.05121008 0.02297555]
 [0.35633618 0.         0.         0.10260665 0.         0.
  0.         0.03082235 0.11403356 0.01303426 0.07610845 0.02709123
  0.         0.         0.21176937]
 [0.11999602 0.         0.         0.12488571 0.         0.
  0.         0.         0.08531389 0.01308917 0.         0.
  0.         0.         0.15120247]
 [0.17084086 0.         0.         0.43662343 0.04967699 0.
  0.         0.         0.15040636 0.18145707 0.         0.
  0.20508139 0.         0.        ]
 [0.13774177 0.         0.         0.2183242  0.0734663  0.
  0.         0.         0.0912216  0.10367652 0.         0.03967018
  0.07286533 0.         0.02463529]
 [0.294882   0.         0.         0.13517254 0.         0.
  0.         0.06332321 0.20660785 0.         0.00236043 0.
  0.         0.         0.19221773]
 [0.21016817 0.         0.         0.01335326 0.         0.
  0.         0.         0.20083627 0.06586347 0.         0.
  0.         0.01265113 0.12360232]
 [0.17226909 0.         0.00280976 0.55420765 0.         0.
  0.         0.         0.20632108 0.21035425 0.         0.02400219
  0.25592867 0.         0.        ]
 [0.16063965 0.         0.0113944  0.2230674  0.         0.
  0.         0.         0.09499063 0.13321898 0.         0.
  0.01306473 0.01668126 0.        ]
 [0.24519826 0.         0.         0.01231947 0.         0.
  0.         0.02869525 0.20049226 0.0918546  0.         0.
  0.         0.06519807 0.16659354]
 [0.05961131 0.         0.         0.1733059  0.         0.
  0.         0.03788789 0.1516067  0.20457046 0.         0.
  0.         0.02843178 0.        ]
 [0.25487092 0.         0.05973548 0.15676031 0.         0.
  0.10158211 0.7032909  0.27174202 0.07706444 0.26588418 0.
  0.         0.00451411 0.        ]
 [0.45634316 0.         0.09894281 0.40284454 0.37714057 0.71239882
  0.87766857 0.58274148 0.1152894  0.10284927 0.         0.16616366
  0.21109447 0.         0.        ]
 [0.31101887 0.         0.         0.24185168 0.68710373 1.02799843
  0.87542951 0.38087359 0.08705567 0.19142147 0.12304853 0.02259748
  0.11130136 0.         0.        ]
 [0.33282897 0.         0.15864664 0.45381116 0.         0.01198866
  0.78087599 1.13231474 0.32186616 0.07913415 0.22877518 0.
  0.06230949 0.         0.        ]
 [0.76120409 0.71248292 0.58958108 0.23068927 0.97246115 0.61727946
  0.64994704 0.5007437  0.31192763 0.99564591 0.60765983 0.74450464
  0.38388926 1.0654394  2.329655  ]]

8
----------------------------------------------------------------------------------
[[0.00000000e+00 0.00000000e+00 0.00000000e+00 2.47633202e-01
  0.00000000e+00 0.00000000e+00 0.00000000e+00 4.78346277e-01
  5.19536347e-01 0.00000000e+00 1.37058783e-01 0.00000000e+00
  7.50802428e-01 1.13431801e+00 0.00000000e+00]
 [1.59290333e-01 0.00000000e+00 0.00000000e+00 7.56105938e-01
  6.51257120e-02 0.00000000e+00 2.96509087e-01 2.91373974e-01
  4.26137496e-01 1.89044923e-01 4.87228154e-01 0.00000000e+00
  2.50965961e-01 8.03366072e-01 0.00000000e+00]
 [6.04868130e-01 1.97886577e-01 1.23696242e-01 7.28761284e-01
  1.54501992e-01 6.40658949e-01 1.02244959e+00 0.00000000e+00
  5.72487217e-01 9.34064186e-01 7.28239935e-01 0.00000000e+00
  1.72136693e+00 3.34302239e+00 5.98911924e-01]
 [0.00000000e+00 0.00000000e+00 0.00000000e+00 5.21121252e-01
  0.00000000e+00 0.00000000e+00 0.00000000e+00 3.95126905e-01
  4.03593032e-01 0.00000000e+00 1.01052721e-01 1.92403242e-01
  7.01346018e-02 7.44514507e-01 0.00000000e+00]
 [0.00000000e+00 0.00000000e+00 0.00000000e+00 2.05961232e-01
  0.00000000e+00 0.00000000e+00 8.16148807e-02 2.45193279e-01
  3.09987674e-01 0.00000000e+00 1.26294950e-01 1.76645952e-01
  0.00000000e+00 3.48929221e-01 0.00000000e+00]
 [5.39773060e-01 0.00000000e+00 0.00000000e+00 1.02299060e-01
  0.00000000e+00 7.51607506e-01 6.63148346e-01 0.00000000e+00
  5.49704895e-01 9.36213731e-01 3.58210999e-01 0.00000000e+00
  5.69059265e-01 5.35243578e-01 1.07646305e-01]
 [1.77962126e-01 0.00000000e+00 0.00000000e+00 1.78871401e-01
  1.73250315e-02 1.65291306e-01 4.17893345e-01 4.19278746e-03
  2.99982472e-01 3.64092671e-01 1.87695520e-01 6.44913080e-03
  0.00000000e+00 0.00000000e+00 9.25532282e-02]
 [0.00000000e+00 0.00000000e+00 0.00000000e+00 6.05486688e-01
  0.00000000e+00 0.00000000e+00 0.00000000e+00 1.29415296e-01
  2.38194227e-01 0.00000000e+00 2.63046527e-01 0.00000000e+00
  2.05593435e-02 4.56809764e-01 0.00000000e+00]
 [0.00000000e+00 0.00000000e+00 0.00000000e+00 4.38291593e-01
  0.00000000e+00 0.00000000e+00 0.00000000e+00 0.00000000e+00
  1.89472261e-01 0.00000000e+00 3.34569992e-01 1.52345137e-03
  9.88970549e-02 4.99893910e-01 0.00000000e+00]
 [4.93955072e-01 0.00000000e+00 1.20496856e-01 2.57869654e-02
  0.00000000e+00 1.19635354e+00 4.96441237e-01 0.00000000e+00
  8.35166845e-01 1.14713865e+00 1.63168625e-01 0.00000000e+00
  8.68160867e-01 3.78197046e-01 2.50893345e-04]
 [3.71737957e-01 0.00000000e+00 0.00000000e+00 0.00000000e+00
  0.00000000e+00 5.10401078e-01 3.95646910e-01 0.00000000e+00
  3.52875568e-01 6.28009398e-01 3.89097059e-01 0.00000000e+00
  4.23215381e-01 3.14928388e-01 0.00000000e+00]
 [0.00000000e+00 0.00000000e+00 0.00000000e+00 5.02464856e-01
  0.00000000e+00 0.00000000e+00 0.00000000e+00 0.00000000e+00
  1.56962793e-01 0.00000000e+00 4.02101499e-01 0.00000000e+00
  1.69862701e-01 9.69558900e-01 0.00000000e+00]
 [3.91772351e-01 0.00000000e+00 0.00000000e+00 1.48576852e-03
  0.00000000e+00 4.72240602e-01 3.19462582e-01 0.00000000e+00
  2.86028246e-01 6.59563690e-01 6.72927239e-01 0.00000000e+00
  6.73263100e-01 1.12182326e+00 0.00000000e+00]
 [1.63133291e-01 0.00000000e+00 0.00000000e+00 1.20228982e-01
  0.00000000e+00 1.28535163e-01 2.39752137e-01 1.02877447e-01
  2.73709269e-02 3.86355796e-01 2.49240058e-01 0.00000000e+00
  7.47847056e-02 2.34262056e-01 6.35471491e-02]
 [5.70033910e-01 0.00000000e+00 2.01543975e-01 6.83229365e-01
  0.00000000e+00 3.88858961e-01 2.89748409e-01 0.00000000e+00
  2.88339274e-01 6.97508942e-01 7.05900853e-01 3.11759856e-02
  2.00846738e-01 8.19774232e-01 5.72083248e-01]
 [1.08804820e+00 0.00000000e+00 3.25709572e-01 3.25441653e-01
  2.41040562e-01 1.05407408e+00 7.03229785e-01 0.00000000e+00
  5.98939320e-01 1.10877852e+00 2.55324306e-01 0.00000000e+00
  6.31470722e-01 9.52759699e-01 5.33150942e-01]
 [0.00000000e+00 0.00000000e+00 0.00000000e+00 8.25086982e-01
  0.00000000e+00 0.00000000e+00 1.82303380e-01 2.81287243e-01
  1.02399028e-01 5.26034009e-01 1.47146389e+00 4.75877091e-01
  0.00000000e+00 3.77846797e-01 6.46306501e-01]
 [8.10939299e-01 1.87274942e+00 5.92727886e-01 9.05774829e-01
  1.79529107e+00 1.77837969e+00 5.27400250e+00 4.58582289e+00
  4.00044636e-01 2.24977513e+00 2.50053568e+00 2.79398813e+00
  5.30314760e-01 1.65035756e+00 6.32585777e-01]]

9
----------------------------------------------------------------------------------
[[0.8128302  0.35898222 0.06123717 0.61712328 0.05255474 0.
  0.         0.         0.         0.         0.15129921 0.
  0.         1.09575357 0.        ]
 [1.51757247 1.29969789 0.37863058 0.97554105 0.29352311 0.
  0.         0.         0.         0.         0.         0.
  0.         1.6103352  0.        ]
 [1.5911174  1.5277108  0.46198033 0.4291907  0.09222981 0.
  0.         0.         0.         0.         0.32170823 0.04157916
  0.         0.60000555 0.        ]
 [0.45416594 0.         0.         0.25145479 0.02477036 0.
  0.         0.         0.         0.         0.03896672 0.
  0.         0.         0.        ]
 [0.12852224 0.         0.02353473 0.35817508 0.18252015 0.
  0.         0.         0.         0.         0.         0.
  0.         0.         0.        ]
 [0.         0.         0.2091275  0.         0.01797884 0.04104467
  0.         0.         0.         0.         0.39739243 0.
  0.         0.3109972  0.20081163]
 [0.         0.         0.26327283 0.27296922 0.19787853 0.
  0.         0.         0.         0.         0.         0.
  0.         0.         0.        ]
 [0.46735056 0.         0.         0.         0.         0.
  0.         0.         0.         0.         0.         0.
  0.         0.         0.        ]
 [0.30701917 0.         0.         0.         0.         0.
  0.         0.         0.         0.         0.         0.
  0.         0.         0.        ]
 [0.         0.         0.07208678 0.         0.         0.23459409
  0.         0.         0.         0.         0.63934229 0.
  0.         0.71353097 0.01791803]
 [0.14696518 0.         0.05230765 0.         0.         0.
  0.         0.         0.         0.         0.         0.
  0.         0.14793124 0.09140873]
 [0.54668456 0.         0.         0.         0.         0.
  0.         0.         0.         0.         0.         0.
  0.         0.         0.        ]
 [0.06002879 0.         0.         0.         0.         0.
  0.         0.         0.         0.         0.         0.
  0.         0.36231629 0.65617985]
 [0.0359525  0.         0.         0.         0.         0.
  0.         0.17893109 0.41568707 0.25342762 0.12796563 0.0344432
  0.         0.10880623 0.        ]
 [0.06086753 0.         0.         0.         0.         0.
  0.         0.         0.         0.         0.         0.
  0.04792385 0.90943846 0.5538036 ]
 [1.02906306 0.         0.         0.         0.         0.
  0.         0.32962865 0.34333048 0.20051466 0.1626937  0.
  0.         0.80037105 0.        ]
 [0.         0.         0.         0.         0.         0.
  0.         0.         0.         0.         0.         0.
  0.07517299 0.21111012 0.40503615]
 [1.52461142 1.33499964 1.90384054 1.5841074  1.03899195 0.76129532
  0.77125437 2.03112681 2.00444158 1.17602268 1.02500638 2.41177772
  2.18594333 1.13378077 3.88145699]]

10
----------------------------------------------------------------------------------
[[0.00000000e+00 0.00000000e+00 7.86174642e-01 4.26201403e-01
  5.44987731e-01 3.31018959e-01 2.62205034e-01 9.06729151e-02
  6.39945021e-02 0.00000000e+00 3.60962067e-01 5.08884727e-01
  4.82259372e-01 5.20262601e-01 0.00000000e+00]
 [6.41662885e-01 7.10137553e-01 1.22308298e+00 3.98657369e-01
  1.80136499e+00 1.09959438e+00 2.25947254e-01 1.63249303e-01
  1.26414561e-01 0.00000000e+00 3.57898506e-01 4.28661067e-01
  2.38125820e-01 4.05465715e-01 0.00000000e+00]
 [3.43753912e+00 5.46874769e-01 1.40737759e+00 1.15181725e+00
  2.47093978e+00 1.68724394e+00 3.63765900e-01 3.26976595e-01
  2.42457566e-02 0.00000000e+00 3.13566478e-01 4.33239256e-01
  3.29252360e-01 6.06217518e-01 2.14808660e-01]
 [0.00000000e+00 0.00000000e+00 3.26431497e-01 0.00000000e+00
  6.47621293e-01 2.74091721e-01 1.74962266e-01 8.01444821e-02
  4.32903352e-02 0.00000000e+00 2.14516782e-01 4.55479591e-01
  4.62296287e-01 5.23091276e-01 0.00000000e+00]
 [0.00000000e+00 0.00000000e+00 3.85538445e-01 0.00000000e+00
  2.78216774e-01 1.37247830e-01 1.67157762e-01 1.63895561e-01
  1.40762280e-01 0.00000000e+00 2.29877475e-01 2.52671290e-01
  2.52029836e-01 3.91552596e-01 0.00000000e+00]
 [0.00000000e+00 0.00000000e+00 9.29174260e-01 0.00000000e+00
  0.00000000e+00 4.23009978e-01 3.10659167e-01 1.05658436e-01
  7.27848861e-02 0.00000000e+00 3.28423980e-01 2.87231864e-01
  8.44554230e-02 4.19169231e-01 3.54480214e-01]
 [0.00000000e+00 0.00000000e+00 5.14221866e-01 0.00000000e+00
  0.00000000e+00 0.00000000e+00 2.16399618e-01 2.53042377e-01
  1.15519188e-01 0.00000000e+00 2.92363892e-01 2.61967928e-01
  1.01054612e-02 3.80158283e-01 1.94264523e-02]
 [0.00000000e+00 0.00000000e+00 3.15415964e-01 0.00000000e+00
  1.09323232e-03 0.00000000e+00 1.70341085e-01 0.00000000e+00
  0.00000000e+00 0.00000000e+00 1.35678266e-01 2.60736410e-01
  4.22753943e-01 4.60201985e-01 0.00000000e+00]
 [0.00000000e+00 0.00000000e+00 4.04485246e-01 0.00000000e+00
  0.00000000e+00 0.00000000e+00 1.42542906e-01 1.33353837e-01
  1.61180412e-02 0.00000000e+00 1.74865160e-01 2.28578846e-01
  2.74170302e-01 5.31770209e-01 2.05192318e-01]
 [5.83774681e-01 3.07827604e-01 7.11641845e-01 0.00000000e+00
  0.00000000e+00 3.52038138e-01 3.42141172e-01 1.45740303e-01
  3.60774829e-02 0.00000000e+00 3.97514301e-01 3.35421496e-01
  3.43007474e-01 4.60097932e-01 8.92540926e-01]
 [1.36379168e-01 2.98522664e-02 2.75577810e-01 0.00000000e+00
  0.00000000e+00 0.00000000e+00 2.43032806e-01 2.21355745e-01
  4.29898315e-03 0.00000000e+00 2.69186931e-01 2.53504218e-01
  1.60601551e-01 9.53053082e-01 1.64590467e+00]
 [0.00000000e+00 0.00000000e+00 2.34511166e-01 0.00000000e+00
  5.36798372e-02 0.00000000e+00 1.54473219e-01 2.02456047e-01
  4.81413623e-02 0.00000000e+00 1.95293823e-01 1.12260255e-01
  2.89138682e-01 3.51333851e-01 0.00000000e+00]
 [3.72287186e-01 3.77231510e-01 6.91329409e-01 0.00000000e+00
  0.00000000e+00 2.71853538e-01 1.95076141e-01 0.00000000e+00
  1.25877506e-02 0.00000000e+00 2.29862237e-01 1.98675376e-01
  1.19601921e-01 5.24713059e-01 9.88264269e-01]
 [0.00000000e+00 0.00000000e+00 0.00000000e+00 2.04896100e+00
  3.70155048e+00 3.36589182e+00 5.24777074e-01 5.17612907e-01
  1.22353967e-01 0.00000000e+00 1.07000616e+00 0.00000000e+00
  3.42613545e-01 5.08147164e-01 6.06553547e-01]
 [8.62508990e-01 1.64032139e-01 0.00000000e+00 8.11976191e-01
  1.75494706e+00 1.69697411e+00 1.73759497e-01 2.71138093e-01
  0.00000000e+00 0.00000000e+00 8.23983483e-01 0.00000000e+00
  2.61158417e-01 4.90406916e-01 2.60085859e-01]
 [2.85230833e-01 0.00000000e+00 1.54593057e-01 2.14710892e+00
  4.75197335e+00 2.89991251e+00 0.00000000e+00 3.54008821e-02
  7.26780220e-02 0.00000000e+00 0.00000000e+00 0.00000000e+00
  5.63181289e-01 5.02993148e-01 1.43517076e+00]
 [0.00000000e+00 0.00000000e+00 0.00000000e+00 1.07662650e+00
  2.70954281e+00 1.86978334e+00 4.55728679e-01 6.39541121e-01
  1.18473741e-01 0.00000000e+00 0.00000000e+00 0.00000000e+00
  4.75995357e-01 4.69117851e-01 0.00000000e+00]
 [3.31875474e+00 4.33698607e+00 1.46614055e+00 2.33920721e+00
  1.54587498e+00 7.74410733e-01 1.03121225e+00 1.24281914e+00
  1.26133504e+00 1.76323807e+00 1.67198539e+00 2.12324875e+00
  1.52739491e+00 1.61154338e+00 3.30739077e+00]]

11
----------------------------------------------------------------------------------
[[3.61978438e-01 0.00000000e+00 2.04196205e-01 0.00000000e+00
  3.15906091e-01 7.86004580e-01 0.00000000e+00 0.00000000e+00
  6.96297602e-01 0.00000000e+00 0.00000000e+00 3.91303697e-01
  0.00000000e+00 3.08608462e-03 8.82782589e-01]
 [5.26681980e-01 0.00000000e+00 4.21396817e-01 0.00000000e+00
  6.64435246e-01 3.84609268e-01 0.00000000e+00 2.19078949e-01
  3.56735522e-01 1.69221624e-02 7.66171422e-02 0.00000000e+00
  0.00000000e+00 1.30640229e-01 6.77826217e-01]
 [6.83337438e-01 0.00000000e+00 6.48612727e-01 0.00000000e+00
  1.13846584e+00 0.00000000e+00 0.00000000e+00 1.23458083e-01
  0.00000000e+00 1.53197885e-01 2.32649568e-02 0.00000000e+00
  0.00000000e+00 0.00000000e+00 8.88081061e-01]
 [0.00000000e+00 0.00000000e+00 0.00000000e+00 6.62775565e-02
  4.71797656e-03 7.64041130e-01 0.00000000e+00 0.00000000e+00
  5.39282220e-01 0.00000000e+00 0.00000000e+00 2.11068244e-01
  0.00000000e+00 0.00000000e+00 6.99270596e-01]
 [1.70492596e-01 0.00000000e+00 1.15332070e-01 0.00000000e+00
  2.42100900e-01 3.00947331e-01 0.00000000e+00 0.00000000e+00
  3.28277959e-01 2.25643770e-02 1.12046010e-02 0.00000000e+00
  0.00000000e+00 2.41441340e-02 5.60329401e-01]
 [5.69941395e-01 0.00000000e+00 6.21848107e-01 4.65122682e-02
  8.47457754e-01 0.00000000e+00 8.33933535e-02 2.76437774e-01
  0.00000000e+00 1.76171874e-01 0.00000000e+00 0.00000000e+00
  1.12464135e-01 0.00000000e+00 4.47719497e-01]
 [3.57618963e-01 0.00000000e+00 3.58202274e-01 1.14394020e-02
  4.60052613e-01 4.53638775e-02 0.00000000e+00 9.73343083e-02
  1.09307817e-01 9.65707367e-02 2.81921067e-02 0.00000000e+00
  2.63288329e-02 7.80316632e-02 4.39814634e-01]
 [0.00000000e+00 8.60542622e-02 0.00000000e+00 1.44889805e-01
  0.00000000e+00 7.00518563e-01 3.17886349e-02 0.00000000e+00
  5.21235922e-01 0.00000000e+00 0.00000000e+00 4.01587172e-01
  0.00000000e+00 0.00000000e+00 6.11095747e-01]
 [0.00000000e+00 0.00000000e+00 0.00000000e+00 2.78712957e-02
  0.00000000e+00 3.66347696e-01 0.00000000e+00 0.00000000e+00
  4.31841379e-01 0.00000000e+00 0.00000000e+00 0.00000000e+00
  0.00000000e+00 0.00000000e+00 4.27440708e-01]
 [1.13846641e+00 1.29318571e-01 1.01496579e+00 1.58539182e-01
  1.29660878e+00 0.00000000e+00 1.83877899e-01 2.35266255e-01
  0.00000000e+00 2.53272000e-01 0.00000000e+00 0.00000000e+00
  2.46804517e-01 0.00000000e+00 4.78657237e-01]
 [0.00000000e+00 0.00000000e+00 7.77125964e-01 2.36601532e-01
  6.09892354e-01 0.00000000e+00 0.00000000e+00 5.72836555e-03
  0.00000000e+00 1.08052811e-01 0.00000000e+00 0.00000000e+00
  2.14945917e-01 0.00000000e+00 2.60913763e-01]
 [0.00000000e+00 2.10691715e-02 0.00000000e+00 1.59848065e-01
  0.00000000e+00 3.69682403e-01 0.00000000e+00 0.00000000e+00
  4.44066310e-01 0.00000000e+00 0.00000000e+00 4.76401676e-02
  0.00000000e+00 0.00000000e+00 4.30029967e-01]
 [0.00000000e+00 0.00000000e+00 5.45485381e-01 1.66432628e-01
  5.81566389e-01 0.00000000e+00 0.00000000e+00 3.90447930e-02
  0.00000000e+00 2.43822960e-01 0.00000000e+00 0.00000000e+00
  1.97970114e-01 0.00000000e+00 1.81841360e-01]
 [0.00000000e+00 0.00000000e+00 7.76642229e-01 1.00835520e+00
  4.25272152e+00 9.59502701e-01 7.99511045e-01 1.13702521e+00
  4.33084945e+00 2.93750750e+00 1.61128266e+00 8.90034289e-01
  0.00000000e+00 0.00000000e+00 3.06618339e-01]
 [1.01749649e+00 0.00000000e+00 1.26122022e+00 1.29652867e+00
  3.78779997e+00 6.21835581e-01 7.58266950e-01 0.00000000e+00
  3.25765195e+00 2.53875320e+00 5.06678113e-01 6.10358043e-01
  0.00000000e+00 0.00000000e+00 6.67158938e-01]
 [0.00000000e+00 0.00000000e+00 1.09398381e+00 0.00000000e+00
  1.11162624e+00 6.20061849e-01 0.00000000e+00 2.06419345e+00
  3.24901883e+00 3.17445100e+00 1.81383366e+00 2.12821046e-01
  0.00000000e+00 0.00000000e+00 8.10364684e-02]
 [1.00465570e+00 0.00000000e+00 7.70458611e-01 2.27039970e+00
  1.08946023e+00 4.69241710e-01 1.41104433e+00 0.00000000e+00
  2.41420394e+00 7.68131812e-01 8.02102398e-01 1.28587381e+00
  0.00000000e+00 0.00000000e+00 7.40954425e-01]
 [1.86278965e+00 2.28113143e+00 1.42981161e+00 2.77493980e+00
  1.29013783e+00 2.53717593e+00 6.98387889e-01 3.26755509e+00
  1.31980387e+00 1.66310653e+00 2.29661077e+00 1.22787609e+00
  2.37198569e+00 2.94100054e+00 8.61419192e-01]]

12
----------------------------------------------------------------------------------
[[0.84451283 0.         0.         0.91824275 0.44997199 1.42417677
  0.         0.         0.         0.         0.03567799 0.83605088
  0.         0.9990866  0.        ]
 [0.37911685 0.         0.02257302 0.         0.46105911 0.42184815
  0.         0.         0.         0.         0.97033048 0.54710981
  0.30712473 0.         0.        ]
 [0.         0.         0.9356963  0.         0.28529519 0.
  0.         0.46584746 0.         0.         2.99481602 0.22306551
  0.78450381 0.         0.        ]
 [0.70311902 0.         0.         0.97015187 0.26879265 1.32998959
  0.         0.         0.         0.         0.         0.79903764
  0.         0.96842184 0.        ]
 [0.4408056  0.         0.         0.26875973 0.29234223 0.62919732
  0.         0.         0.         0.         0.08401753 0.57875096
  0.         0.29039152 0.        ]
 [0.         0.01477099 0.82109052 0.         0.02277095 0.
  0.         0.41309681 0.02993075 0.         0.63074514 0.
  0.98125104 0.         0.51707817]
 [0.02758469 0.         0.1974913  0.         0.17537628 0.
  0.         0.01204684 0.         0.         0.42706439 0.0609433
  0.40888792 0.         0.14457745]
 [0.57472707 0.         0.         1.24019883 0.18940945 1.41864375
  0.         0.         0.         0.37397398 0.         0.52907872
  0.         1.21495287 0.        ]
 [0.4749944  0.         0.         0.78297563 0.17916461 0.91039935
  0.         0.         0.         0.         0.         0.46058181
  0.         0.80782049 0.        ]
 [0.         0.36447128 1.14181769 0.         0.         0.
  0.         0.5000897  0.         0.         0.25736662 0.
  1.68107179 0.         0.80046987]
 [0.         0.11043239 0.16943873 0.         0.         0.
  0.         0.21718696 0.         0.         0.27506309 0.
  0.65958653 0.         0.45634401]
 [0.42398743 0.         0.         0.86376885 0.09492644 0.91849955
  0.         0.         0.         0.18952353 0.         0.36905669
  0.         0.7368891  0.        ]
 [0.         0.13002948 0.43372571 0.         0.         0.
  0.         0.24385786 0.0366795  0.         0.06763538 0.
  1.01246701 0.         0.65766922]
 [0.         0.38784473 0.15248308 0.03266114 0.03232236 0.11944584
  0.05090307 0.         0.25385094 0.06972727 0.         0.
  0.09986105 0.24562982 0.08013199]
 [0.         0.59286614 0.07716681 0.         0.28259837 0.16531875
  0.19723857 0.         0.41418336 0.17506101 0.         0.
  0.23180939 0.36538021 0.        ]
 [0.         0.615484   0.95816417 0.         0.33963493 0.
  0.08205147 0.56672774 0.68416394 0.         0.66969595 0.
  0.79344447 0.         0.63406112]
 [0.17244308 0.36849549 0.         0.92388279 0.17237417 1.00694011
  0.09074325 0.         0.18749572 0.28955677 0.         0.
  0.         1.04155687 0.        ]
 [0.92115815 5.61673122 7.15051987 2.84573635 7.7088777  3.45843899
  2.65407376 3.67663374 6.35784114 1.53187185 7.53517252 7.85430731
  2.19327976 3.79789558 3.42426485]]

13
----------------------------------------------------------------------------------
[[0.00000000e+00 3.77777264e-02 1.24121340e-02 1.40432997e-01
  1.33357051e-01 0.00000000e+00 0.00000000e+00 3.63369339e-02
  1.91615365e-01 1.67628015e+00 5.73660451e-02 3.14712412e-01
  5.29895003e-01 5.39436542e-01 5.99256278e-01]
 [1.00430595e-01 0.00000000e+00 1.14178273e-01 1.06871057e-01
  0.00000000e+00 0.00000000e+00 0.00000000e+00 1.51406641e-01
  2.65231590e-01 2.14837245e+00 8.45709750e-01 4.01697913e-01
  3.95118426e-01 3.64901494e-01 3.86459042e-01]
 [0.00000000e+00 0.00000000e+00 9.76182171e-02 0.00000000e+00
  0.00000000e+00 0.00000000e+00 0.00000000e+00 2.65008121e-01
  3.40713460e-01 3.05098913e+00 1.01992483e+00 6.09103101e-01
  4.70183574e-01 1.28369163e-01 1.12456211e-01]
 [0.00000000e+00 0.00000000e+00 0.00000000e+00 1.25781766e-01
  1.34036243e-01 0.00000000e+00 0.00000000e+00 0.00000000e+00
  9.77494758e-02 3.30649623e-01 0.00000000e+00 1.72870461e-01
  3.47191121e-01 3.85164137e-01 5.22903885e-01]
 [1.44898358e-02 0.00000000e+00 0.00000000e+00 1.48127854e-01
  1.03327124e-01 0.00000000e+00 0.00000000e+00 1.90428274e-02
  1.08116142e-01 3.56407574e-01 1.73141377e-02 2.48460022e-01
  2.43540408e-01 1.63518721e-01 3.07434524e-01]
 [6.63612753e-02 0.00000000e+00 2.45451484e-01 1.06957532e-02
  1.21097229e-02 0.00000000e+00 0.00000000e+00 2.04810766e-01
  1.28916417e-01 9.51548226e-03 3.27316189e-01 5.53591338e-01
  3.32965250e-01 5.36071962e-02 0.00000000e+00]
 [7.21723941e-02 0.00000000e+00 1.50673007e-01 9.42678747e-02
  0.00000000e+00 0.00000000e+00 0.00000000e+00 1.25001233e-01
  7.97912513e-02 2.18426841e-01 2.16308145e-01 3.06767228e-01
  2.44758006e-01 4.11174915e-02 1.50098141e-01]
 [0.00000000e+00 2.59112039e-01 0.00000000e+00 1.45696657e-01
  1.51357951e-01 0.00000000e+00 2.73157498e-02 9.78776961e-02
  2.26866441e-02 6.28878755e-02 0.00000000e+00 3.81026107e-02
  1.84887249e-01 3.85689216e-01 5.00686301e-01]
 [0.00000000e+00 8.00420665e-02 0.00000000e+00 4.51773207e-02
  5.44615159e-02 0.00000000e+00 0.00000000e+00 5.79677136e-02
  1.20127933e-01 0.00000000e+00 0.00000000e+00 7.66410125e-02
  1.37837804e-01 2.25074633e-01 2.37405701e-01]
 [0.00000000e+00 0.00000000e+00 2.19147221e-01 0.00000000e+00
  0.00000000e+00 0.00000000e+00 0.00000000e+00 2.90629517e-01
  3.19610778e-01 0.00000000e+00 5.19518676e-01 7.61519906e-01
  5.00990223e-01 1.31408347e-01 0.00000000e+00]
 [1.11392367e-03 0.00000000e+00 9.55756066e-02 0.00000000e+00
  0.00000000e+00 0.00000000e+00 0.00000000e+00 1.49232425e-01
  2.10949521e-01 0.00000000e+00 1.41978131e-01 4.40382216e-01
  2.70831764e-01 2.63390818e-02 0.00000000e+00]
 [0.00000000e+00 1.07191313e-01 0.00000000e+00 6.66910410e-02
  7.73673066e-02 0.00000000e+00 8.49659648e-03 0.00000000e+00
  1.08516554e-01 0.00000000e+00 0.00000000e+00 2.46187858e-02
  1.10227847e-01 2.52803511e-01 2.44175839e-01]
 [4.36645563e-02 0.00000000e+00 1.83612731e-01 4.70303838e-03
  0.00000000e+00 0.00000000e+00 0.00000000e+00 1.82165271e-01
  1.86233892e-01 0.00000000e+00 0.00000000e+00 4.03108518e-01
  2.28955211e-01 0.00000000e+00 0.00000000e+00]
 [0.00000000e+00 0.00000000e+00 0.00000000e+00 4.22615372e-02
  1.45159749e-01 9.64906836e-03 0.00000000e+00 3.13293456e-01
  1.26647769e-01 0.00000000e+00 0.00000000e+00 9.05388610e-02
  0.00000000e+00 0.00000000e+00 0.00000000e+00]
 [0.00000000e+00 0.00000000e+00 0.00000000e+00 0.00000000e+00
  1.54471322e-01 1.31163169e-01 8.34277615e-02 3.41945519e-01
  0.00000000e+00 0.00000000e+00 0.00000000e+00 0.00000000e+00
  0.00000000e+00 0.00000000e+00 0.00000000e+00]
 [0.00000000e+00 0.00000000e+00 0.00000000e+00 1.37236023e-01
  4.03483008e-01 4.80487044e-01 3.71358898e-01 5.08951984e-01
  1.16926643e-01 6.19572938e-03 2.74669715e-02 4.92449565e-02
  3.03556622e-02 0.00000000e+00 0.00000000e+00]
 [0.00000000e+00 0.00000000e+00 0.00000000e+00 0.00000000e+00
  9.73245196e-02 0.00000000e+00 4.30788370e-02 1.67709835e-01
  0.00000000e+00 2.11082643e-01 0.00000000e+00 0.00000000e+00
  0.00000000e+00 0.00000000e+00 0.00000000e+00]
 [3.42107019e+00 2.65202361e+00 1.69964556e+00 1.82582831e+00
  1.46767909e+00 1.79932330e+00 1.53376487e+00 6.58641347e-01
  1.26534817e+00 7.12045443e-01 1.35363896e+00 3.40585374e+00
  4.47052209e+00 3.81557196e+00 2.18937707e+00]]

14
----------------------------------------------------------------------------------
[[2.65271599e-01 8.01650168e-01 4.00974766e-01 2.99161384e-02
  1.09277523e-01 0.00000000e+00 0.00000000e+00 0.00000000e+00
  0.00000000e+00 2.22754522e-01 2.97428159e-01 8.90617683e-02
  7.82257428e-02 0.00000000e+00 0.00000000e+00]
 [4.80444995e-01 1.28267521e+00 3.86494549e-01 0.00000000e+00
  5.55909241e-02 0.00000000e+00 0.00000000e+00 0.00000000e+00
  1.34690485e-01 2.11037561e-01 2.21474037e-01 2.70007405e-01
  1.64931823e-01 6.13179872e-02 0.00000000e+00]
 [1.14455237e+00 1.79103807e+00 5.48608564e-01 1.64034716e+00
  4.13284302e-01 2.95015726e-01 6.10500810e-02 0.00000000e+00
  2.25987625e-01 1.14077149e-01 3.32134790e-01 1.36450184e-01
  2.26683032e-01 0.00000000e+00 0.00000000e+00]
 [2.18073085e-01 4.69909580e-01 4.52742456e-01 1.42852178e-01
  5.55719273e-02 6.00587135e-03 6.30240810e-02 0.00000000e+00
  0.00000000e+00 1.31050474e-01 8.93051807e-02 0.00000000e+00
  0.00000000e+00 0.00000000e+00 0.00000000e+00]
 [2.28030690e-01 3.61025644e-01 3.60501841e-01 2.39382444e-02
  0.00000000e+00 0.00000000e+00 8.46628889e-02 5.96458991e-02
  5.24575048e-03 1.42597648e-01 1.75143837e-01 0.00000000e+00
  0.00000000e+00 1.63465009e-02 0.00000000e+00]
 [5.36683779e-01 7.01549735e-01 5.64023509e-01 2.10408291e-01
  1.07456385e-01 0.00000000e+00 2.32783463e-01 0.00000000e+00
  1.10532473e-01 6.05347224e-02 2.00400051e-01 0.00000000e+00
  0.00000000e+00 0.00000000e+00 0.00000000e+00]
 [1.88603989e-01 2.64884776e-01 3.97408706e-01 6.57345977e-02
  5.35134203e-02 0.00000000e+00 1.92049164e-01 0.00000000e+00
  1.20735067e-01 1.38769151e-01 1.54439470e-01 0.00000000e+00
  5.11202710e-02 6.78724054e-02 0.00000000e+00]
 [1.15261931e-01 4.69585179e-01 4.22769091e-01 2.11650013e-01
  4.72196851e-02 0.00000000e+00 1.71537865e-02 5.09616110e-02
  0.00000000e+00 1.38645715e-01 1.21923081e-04 1.49060814e-02
  8.72638786e-02 5.63862406e-01 1.26419520e-01]
 [2.06713960e-01 1.18888266e+00 4.68699507e-01 2.41786144e-01
  7.13724800e-02 0.00000000e+00 2.68078901e-01 2.18438082e-01
  0.00000000e+00 1.43866493e-01 0.00000000e+00 4.26075341e+00
  3.52757143e+00 7.52010948e-01 7.01703472e-01]
 [9.96195439e-01 1.12368468e+00 6.62080856e-01 3.10946492e-01
  1.59564562e-01 0.00000000e+00 0.00000000e+00 0.00000000e+00
  0.00000000e+00 0.00000000e+00 1.39715977e-01 3.33704097e-01
  0.00000000e+00 0.00000000e+00 0.00000000e+00]
 [4.20560402e-01 1.55039510e+00 7.12599619e-01 3.07612503e-01
  1.29108326e-01 0.00000000e+00 7.44381666e-01 1.06847843e-01
  2.01068063e-02 0.00000000e+00 0.00000000e+00 4.29864801e+00
  1.22279233e+00 1.78469896e+00 8.22878960e-02]
 [1.45364938e-01 9.17063512e-01 2.03809110e-01 2.22982386e-01
  1.33223049e-01 0.00000000e+00 0.00000000e+00 0.00000000e+00
  0.00000000e+00 1.04052787e-01 0.00000000e+00 1.16185060e+00
  8.48157915e-02 0.00000000e+00 0.00000000e+00]
 [6.98480169e-01 1.67655747e+00 4.36806231e-01 1.86535903e-01
  2.34709921e-01 0.00000000e+00 2.92759346e-01 0.00000000e+00
  0.00000000e+00 0.00000000e+00 2.66422189e-02 1.86794998e+00
  3.60499981e-01 1.26364175e-02 0.00000000e+00]
 [0.00000000e+00 0.00000000e+00 1.18948309e-01 1.84874636e-01
  2.01590802e-02 1.80890537e-03 0.00000000e+00 1.90847801e-01
  0.00000000e+00 0.00000000e+00 0.00000000e+00 0.00000000e+00
  0.00000000e+00 0.00000000e+00 0.00000000e+00]
 [4.21025669e-02 4.23938310e-01 2.52793058e-01 2.84386004e-01
  2.01793957e-01 6.00288918e-02 2.10732011e-02 2.14562945e-01
  0.00000000e+00 0.00000000e+00 5.51540157e-01 4.77049567e-01
  0.00000000e+00 0.00000000e+00 0.00000000e+00]
 [3.03121084e-01 5.15923441e-01 3.23032028e-01 1.95643103e-01
  2.03242439e-01 6.95558873e-02 8.05582843e-02 9.10607659e-01
  0.00000000e+00 0.00000000e+00 2.34868138e+00 9.46337852e-01
  1.06140055e+00 6.51000794e-01 0.00000000e+00]
 [0.00000000e+00 3.62018423e-01 1.78399220e-01 1.98156079e-01
  1.57629885e-01 0.00000000e+00 4.57845834e-04 0.00000000e+00
  0.00000000e+00 0.00000000e+00 0.00000000e+00 0.00000000e+00
  0.00000000e+00 0.00000000e+00 0.00000000e+00]
 [7.07495296e-01 9.98781499e-01 7.88148006e-01 7.56027940e-01
  2.27579940e-01 3.60981147e-01 2.21993689e-01 4.79918729e-01
  1.16644747e+00 1.96736961e+00 2.51437982e+00 3.26951297e+00
  2.08309211e+00 3.43586007e+00 5.81601739e+00]]

15
----------------------------------------------------------------------------------
[[0.         1.20267482 2.34784266 0.92752769 0.17162821 0.89131422
  0.         0.11753963 0.         0.        ]
 [0.         1.53351327 1.65842616 2.02569526 0.58202257 0.1393951
  0.18571531 0.23924951 0.         0.15280478]
 [0.6323144  4.08699677 9.33197298 5.28153481 5.83838236 1.39570585
  3.17462561 2.32009364 0.09617743 0.75992577]
 [0.         0.13730297 0.67748183 0.40321446 0.         0.90131738
  0.08353274 0.30733925 0.         0.        ]
 [0.         0.49223577 0.72385394 0.6618683  0.30708887 0.5274806
  0.         0.         0.         0.        ]
 [0.         0.97013853 0.97010283 1.40390424 1.35136861 0.
  0.82450108 1.58397109 0.         0.5360838 ]
 [0.         0.71368838 0.6864707  0.79773588 0.39670499 0.
  0.17396033 0.13690948 0.         0.1042544 ]
 [0.         0.         0.38822711 0.14763211 0.         1.28282085
  0.         0.46146209 0.         0.        ]
 [0.         0.10928825 0.24048829 0.17790029 0.         0.78661611
  0.03551327 0.02886947 0.         0.        ]
 [0.         0.41116461 0.24669681 0.12015983 0.         0.
  1.80316894 0.95795575 0.         0.93449114]
 [0.         0.13388894 0.06643457 0.11031529 0.         0.
  0.83251484 0.05527585 0.         0.52505734]
 [0.         0.         0.09844721 0.01752779 0.         0.72698664
  0.         0.0604959  0.         0.        ]
 [0.         0.41865658 0.46868115 0.17557472 0.         0.
  0.73639594 0.11080283 0.         0.38472946]
 [0.48246915 0.23828266 1.20350893 1.09758359 0.         0.
  0.88283799 0.02214899 0.         0.        ]
 [0.48194452 0.         0.68038222 0.38565457 0.         0.
  0.48785657 0.31152792 0.         0.        ]
 [0.42948055 0.25869544 1.66098209 0.88207875 0.         0.
  1.39648306 0.1239746  0.         0.1421366 ]
 [0.38760404 0.         0.10280909 0.09253512 0.         0.
  0.42301946 0.42187435 0.         0.        ]
 [3.24656133 1.43694851 0.80479532 1.58605662 6.43493846 3.10705005
  1.53644487 0.45777505 2.69643833 1.29426217]]