

1
----------------------------------------------------------------------------------
[[0.00000000e+00 0.00000000e+00 0.00000000e+00 0.00000000e+00
  0.00000000e+00 5.61006357e-02 3.78248536e-02 0.00000000e+00
  1.71361820e-01 3.70855419e-02 0.00000000e+00 4.36878134e-02
  3.45448068e-04 0.00000000e+00 0.00000000e+00]
 [0.00000000e+00 0.00000000e+00 0.00000000e+00 0.00000000e+00
  0.00000000e+00 1.28442254e-01 2.07280447e-01 7.95907187e-02
  1.21667513e-01 0.00000000e+00 3.60163561e-02 3.55178845e-03
  6.63346690e-02 6.64400695e-03 4.52432593e-02]
 [0.00000000e+00 0.00000000e+00 0.00000000e+00 0.00000000e+00
  0.00000000e+00 7.01045765e-05 2.18995384e-01 2.89212500e-02
  1.08012254e-01 0.00000000e+00 0.00000000e+00 0.00000000e+00
  1.19949085e-01 0.00000000e+00 0.00000000e+00]
 [0.00000000e+00 0.00000000e+00 0.00000000e+00 0.00000000e+00
  0.00000000e+00 3.25125643e-02 5.56359511e-02 3.96479237e-02
  9.00236069e-02 0.00000000e+00 0.00000000e+00 3.06499073e-02
  2.94934454e-03 0.00000000e+00 0.00000000e+00]
 [0.00000000e+00 0.00000000e+00 0.00000000e+00 0.00000000e+00
  0.00000000e+00 7.11509962e-02 1.57704852e-01 0.00000000e+00
  8.07213837e-02 0.00000000e+00 0.00000000e+00 3.38525138e-02
  2.28681780e-02 0.00000000e+00 3.04633261e-02]
 [0.00000000e+00 0.00000000e+00 0.00000000e+00 0.00000000e+00
  0.00000000e+00 0.00000000e+00 2.01860499e-01 0.00000000e+00
  4.79990953e-02 2.35296472e-02 0.00000000e+00 0.00000000e+00
  9.20713103e-02 0.00000000e+00 0.00000000e+00]
 [0.00000000e+00 0.00000000e+00 0.00000000e+00 1.49488787e-02
  0.00000000e+00 6.34890730e-02 2.25761797e-01 0.00000000e+00
  6.10638523e-02 3.86189571e-02 0.00000000e+00 1.87891200e-02
  6.92886233e-02 0.00000000e+00 2.08819777e-02]
 [0.00000000e+00 0.00000000e+00 0.00000000e+00 1.39761168e-02
  0.00000000e+00 5.11972303e-02 4.76517027e-02 0.00000000e+00
  2.21868226e-02 1.36444547e-02 0.00000000e+00 4.84813257e-02
  2.79983387e-02 0.00000000e+00 0.00000000e+00]
 [0.00000000e+00 0.00000000e+00 0.00000000e+00 0.00000000e+00
  0.00000000e+00 2.86115611e-02 8.28113874e-02 5.93213378e-03
  1.35962909e-02 1.91055257e-02 0.00000000e+00 2.81644193e-02
  6.17558188e-03 0.00000000e+00 0.00000000e+00]
 [0.00000000e+00 0.00000000e+00 6.77211930e-02 0.00000000e+00
  0.00000000e+00 0.00000000e+00 2.61490929e-01 8.75294712e-03
  1.34475141e-02 0.00000000e+00 0.00000000e+00 0.00000000e+00
  0.00000000e+00 6.24829190e-02 0.00000000e+00]
 [0.00000000e+00 0.00000000e+00 0.00000000e+00 0.00000000e+00
  0.00000000e+00 0.00000000e+00 1.85428982e-01 0.00000000e+00
  0.00000000e+00 0.00000000e+00 0.00000000e+00 0.00000000e+00
  8.37717097e-02 0.00000000e+00 0.00000000e+00]
 [0.00000000e+00 0.00000000e+00 0.00000000e+00 0.00000000e+00
  0.00000000e+00 3.83711303e-02 5.89357421e-02 0.00000000e+00
  2.04404039e-02 2.35085603e-02 0.00000000e+00 2.44402456e-02
  0.00000000e+00 0.00000000e+00 0.00000000e+00]
 [0.00000000e+00 0.00000000e+00 9.59702029e-03 0.00000000e+00
  0.00000000e+00 1.93191213e-02 1.69539956e-01 0.00000000e+00
  9.55923135e-02 0.00000000e+00 0.00000000e+00 0.00000000e+00
  6.39156011e-02 0.00000000e+00 6.44133503e-02]
 [0.00000000e+00 1.59858452e-02 0.00000000e+00 6.71306721e-02
  0.00000000e+00 1.51248634e-02 1.44339758e-01 0.00000000e+00
  4.80616906e-02 2.80841692e-02 0.00000000e+00 0.00000000e+00
  7.75932583e-02 0.00000000e+00 0.00000000e+00]
 [1.24282470e-01 0.00000000e+00 5.11266720e-02 2.02029268e-01
  0.00000000e+00 0.00000000e+00 1.97266154e-02 0.00000000e+00
  8.56076161e-02 0.00000000e+00 0.00000000e+00 5.97039164e-02
  2.31870517e-02 9.50017315e-03 0.00000000e+00]
 [1.26585446e-01 0.00000000e+00 1.28903598e-01 6.81374036e-02
  0.00000000e+00 0.00000000e+00 2.51749167e-01 0.00000000e+00
  6.36690091e-02 0.00000000e+00 0.00000000e+00 0.00000000e+00
  4.36822625e-02 9.11294971e-02 1.59881386e-02]
 [5.30277687e-02 0.00000000e+00 7.60330004e-02 1.73000314e-02
  0.00000000e+00 5.54969441e-02 0.00000000e+00 0.00000000e+00
  1.14153421e-01 0.00000000e+00 0.00000000e+00 2.53338239e-02
  8.65491902e-02 1.93784897e-02 0.00000000e+00]
 [8.35219276e-01 1.21667785e+00 8.87093178e-01 8.17059344e-01
  7.06993036e-01 4.18258572e-01 2.65642516e-01 2.81402499e-01
  1.01895713e-01 2.96593000e-01 4.47729476e-01 2.35923146e-01
  1.36347622e-01 3.35511469e-01 3.27214275e-01]]

2
----------------------------------------------------------------------------------
[[0.10286817 0.         0.07573488 0.05259549 0.04984402 0.
  0.         0.         0.05718746 0.         0.         0.05335393
  0.         0.00826087 0.06346912]
 [0.         0.         0.11824123 0.09664976 0.04851377 0.
  0.         0.13251616 0.04193517 0.07097563 0.         0.09580661
  0.09579138 0.11450482 0.11663699]
 [0.03255333 0.         0.07772331 0.         0.0389291  0.06757994
  0.         0.         0.         0.05150853 0.         0.08962226
  0.         0.25720773 0.00433383]
 [0.04956372 0.         0.00903622 0.         0.09477146 0.
  0.         0.         0.         0.         0.         0.0140188
  0.         0.05073061 0.01332785]
 [0.03541431 0.         0.01272729 0.0108948  0.08970335 0.
  0.         0.         0.05362778 0.         0.         0.01316516
  0.         0.19686375 0.02336507]
 [0.         0.         0.07947857 0.09930264 0.03856353 0.02337669
  0.         0.         0.01397986 0.         0.         0.0032345
  0.         0.12237859 0.        ]
 [0.03849235 0.         0.06480378 0.06986951 0.0452481  0.
  0.         0.00242656 0.06067807 0.         0.         0.02715247
  0.         0.16553508 0.00449099]
 [0.09838529 0.         0.         0.         0.07628194 0.
  0.         0.         0.         0.         0.         0.01864029
  0.         0.01757537 0.        ]
 [0.12937966 0.         0.01062255 0.         0.09468831 0.
  0.         0.         0.01318975 0.         0.         0.00698759
  0.         0.02872393 0.        ]
 [0.10813848 0.         0.04356445 0.         0.00342233 0.01338183
  0.         0.         0.         0.03757608 0.         0.
  0.00340504 0.15496088 0.        ]
 [0.16852252 0.         0.03734285 0.         0.06978332 0.02120712
  0.         0.         0.         0.         0.         0.
  0.         0.         0.        ]
 [0.07977067 0.         0.         0.         0.06224832 0.
  0.         0.         0.01560836 0.         0.         0.00333392
  0.         0.03982546 0.        ]
 [0.04639955 0.         0.1047382  0.         0.00500129 0.
  0.         0.         0.         0.         0.         0.00318971
  0.         0.12600721 0.05970697]
 [0.06151862 0.         0.07308602 0.         0.         0.
  0.02823799 0.         0.         0.         0.         0.1366064
  0.         0.06105314 0.        ]
 [0.03930489 0.         0.0838128  0.05272864 0.04589423 0.
  0.08313588 0.         0.         0.         0.         0.04502137
  0.         0.14399514 0.        ]
 [0.01576818 0.         0.05480305 0.         0.03351811 0.
  0.04684497 0.         0.         0.06523868 0.         0.
  0.0261682  0.29461707 0.        ]
 [0.03768656 0.         0.15290937 0.04035057 0.04049123 0.
  0.1149762  0.01568674 0.01728682 0.         0.         0.
  0.         0.         0.        ]
 [0.24886148 0.30010701 0.082645   0.27363694 0.26047969 0.91683479
  0.98675928 0.60988075 0.23249033 0.44046715 0.45780312 0.23681455
  0.43590351 0.40491439 0.33442003]]

3
----------------------------------------------------------------------------------
[[0.         0.         0.03330195 0.08778089 0.         0.
  0.15694034 0.16239775 0.14777971 0.18842494 0.07063518 0.08305948
  0.31217494 0.         0.16939304]
 [0.         0.         0.06650838 0.23373147 0.         0.121994
  0.00671688 0.29217939 0.14264971 0.36577674 0.13467541 0.16498943
  0.26489578 0.13691217 1.11723999]
 [0.         0.         0.20081452 0.05771376 0.13500525 0.12596654
  0.15307679 0.13816789 0.17739231 0.38397297 0.1261172  0.27848531
  0.27876753 0.         0.33238785]
 [0.         0.         0.         0.03793426 0.         0.
  0.03485318 0.05098655 0.04632526 0.17435573 0.         0.18841004
  0.24581113 0.         0.        ]
 [0.         0.         0.02522953 0.11525421 0.         0.10558484
  0.10810731 0.10945904 0.13215549 0.24867921 0.03851075 0.19501585
  0.21487287 0.         0.41883768]
 [0.         0.         0.         0.         0.09234103 0.16882968
  0.         0.14574102 0.13045922 0.24972299 0.         0.1443973
  0.18614324 0.         0.        ]
 [0.         0.         0.05588073 0.07881035 0.08117034 0.07261071
  0.10759763 0.10366785 0.13620853 0.27847718 0.098098   0.1783799
  0.26121184 0.         0.47593718]
 [0.         0.         0.02021206 0.         0.         0.
  0.         0.         0.         0.08203303 0.         0.0465578
  0.18914775 0.         0.        ]
 [0.         0.         0.26428228 0.02595373 0.         0.
  0.         0.         0.         0.15217573 0.         0.11151718
  0.1748663  0.         0.        ]
 [0.         0.         0.         0.02072904 0.         0.
  0.         0.         0.00563661 0.02790868 0.01414458 0.
  0.06435885 0.         0.        ]
 [0.         0.         0.2758037  0.         0.03345788 0.02152386
  0.         0.01150918 0.         0.1603827  0.         0.03515086
  0.0688223  0.         0.        ]
 [0.         0.         0.23129056 0.01859413 0.         0.
  0.         0.         0.         0.11915553 0.         0.0683691
  0.16621458 0.         0.        ]
 [0.         0.         0.26797185 0.         0.009882   0.12950165
  0.         0.         0.         0.15388933 0.07215754 0.
  0.15636516 0.         0.        ]
 [0.         0.         0.         0.15677587 0.         1.0132184
  3.19322166 0.51776888 0.         0.         0.         0.
  0.         0.         0.        ]
 [0.         0.         0.         0.31365762 0.         1.16701969
  2.33893644 0.88015755 0.         0.         0.         0.
  0.02534929 0.         0.        ]
 [0.01302113 0.         0.07740554 0.1491299  0.         0.32665034
  0.35159063 0.0975571  0.         0.         0.         0.
  0.01567207 0.         0.        ]
 [0.         0.         0.         0.01411716 0.         0.
  0.21480313 0.04420561 0.         0.         0.         0.
  0.01333524 0.         0.        ]
 [0.56487854 0.75243121 0.41678977 0.45379738 0.68110795 0.77916888
  0.72417403 0.74752857 0.90143267 0.77164087 0.71479125 0.71203182
  0.4712713  1.09569687 1.06343571]]

4
----------------------------------------------------------------------------------
[[0.         0.         0.         0.         0.06988512 0.14909499
  0.00636187 0.         0.         0.         0.         0.
  0.10332421 0.         0.        ]
 [0.08735089 0.06938934 0.         0.         0.06459763 0.14292677
  0.02506992 0.         0.05919078 0.04632673 0.         0.13793159
  0.07816768 0.         0.        ]
 [0.         0.03019852 0.         0.         0.         0.11851552
  0.08007982 0.         0.         0.04299863 0.         0.
  0.01482946 0.         0.        ]
 [0.         0.         0.         0.         0.02969687 0.03209901
  0.         0.         0.         0.         0.         0.
  0.08074865 0.         0.        ]
 [0.         0.         0.         0.         0.02890956 0.01277857
  0.00715307 0.         0.         0.         0.         0.05432738
  0.14988866 0.         0.        ]
 [0.         0.         0.         0.         0.         0.0781492
  0.01669356 0.         0.         0.         0.         0.
  0.03121706 0.         0.        ]
 [0.         0.         0.         0.         0.02479321 0.09016954
  0.02941455 0.         0.         0.         0.         0.
  0.15425111 0.         0.        ]
 [0.         0.         0.         0.         0.01916573 0.01789406
  0.         0.         0.         0.         0.         0.
  0.         0.         0.        ]
 [0.         0.         0.         0.         0.0343809  0.03587745
  0.         0.         0.         0.         0.         0.
  0.         0.         0.        ]
 [0.         0.         0.         0.         0.         0.0276733
  0.         0.         0.         0.         0.         0.
  0.         0.         0.        ]
 [0.         0.         0.         0.         0.         0.00296918
  0.         0.         0.         0.         0.         0.
  0.         0.         0.        ]
 [0.         0.         0.         0.         0.03183893 0.00464257
  0.         0.         0.         0.         0.         0.
  0.00778138 0.         0.        ]
 [0.         0.08444112 0.         0.         0.         0.0833571
  0.         0.         0.         0.         0.         0.
  0.         0.         0.        ]
 [0.         0.         0.         0.         0.02600458 0.107731
  0.01140614 0.         0.         0.         0.16560984 0.
  0.14226014 0.         0.        ]
 [0.         0.14030969 0.         0.         0.         0.43933197
  0.0825248  0.         0.         0.19382161 0.92175591 0.64332121
  0.45438356 0.         0.        ]
 [0.         0.15254244 0.         0.         0.         0.17926091
  0.0507673  0.         0.         0.         0.03110327 0.06671608
  0.         0.         0.        ]
 [0.         0.0155746  0.         0.06273649 0.01367501 0.16032907
  0.         0.         0.         0.         0.47794294 0.81724485
  0.59378158 0.         0.        ]
 [1.02028379 0.19066296 0.80379484 0.41581736 0.17714088 0.09899639
  0.29498922 0.57235939 0.34295362 0.3234499  0.57773808 1.0526099
  1.06542911 1.14197567 1.0476836 ]]

5
----------------------------------------------------------------------------------
[[0.00000000e+00 1.38428477e-01 7.48613095e-01 2.33268110e-01
  0.00000000e+00 9.16409336e-02 1.08164455e-01 5.97693967e-02
  0.00000000e+00 0.00000000e+00 0.00000000e+00 0.00000000e+00
  0.00000000e+00 0.00000000e+00 8.52294962e-02]
 [0.00000000e+00 0.00000000e+00 8.49229290e-03 1.88949274e-01
  0.00000000e+00 1.20612092e-01 1.73614364e-02 0.00000000e+00
  5.56701930e-02 0.00000000e+00 0.00000000e+00 0.00000000e+00
  0.00000000e+00 0.00000000e+00 1.50289446e-01]
 [0.00000000e+00 0.00000000e+00 0.00000000e+00 0.00000000e+00
  0.00000000e+00 8.21109999e-02 3.89352164e-02 4.63914717e-02
  0.00000000e+00 0.00000000e+00 4.39924083e-02 0.00000000e+00
  0.00000000e+00 3.79716246e-02 1.90968204e-01]
 [0.00000000e+00 2.05989733e+00 2.60883526e+00 7.80682245e-01
  0.00000000e+00 6.76235670e-02 6.51598038e-02 2.25970805e-01
  5.75439064e-02 0.00000000e+00 0.00000000e+00 0.00000000e+00
  0.00000000e+00 0.00000000e+00 2.71277837e-01]
 [0.00000000e+00 1.09210371e+00 1.55557935e+00 4.70737786e-01
  0.00000000e+00 1.83648128e-01 1.34651374e-01 1.03821712e-01
  0.00000000e+00 0.00000000e+00 0.00000000e+00 0.00000000e+00
  0.00000000e+00 0.00000000e+00 2.24470078e-01]
 [0.00000000e+00 8.69674252e-01 8.08342831e-01 2.56271477e-01
  0.00000000e+00 1.28314147e-01 0.00000000e+00 0.00000000e+00
  0.00000000e+00 0.00000000e+00 2.10655306e-03 0.00000000e+00
  0.00000000e+00 0.00000000e+00 1.79422413e-01]
 [0.00000000e+00 3.25779119e-01 7.05361810e-01 1.66841937e-01
  0.00000000e+00 3.55672917e-02 6.07296827e-02 0.00000000e+00
  0.00000000e+00 0.00000000e+00 0.00000000e+00 0.00000000e+00
  0.00000000e+00 0.00000000e+00 1.62588087e-01]
 [0.00000000e+00 0.00000000e+00 0.00000000e+00 0.00000000e+00
  0.00000000e+00 4.90844141e-02 0.00000000e+00 0.00000000e+00
  0.00000000e+00 0.00000000e+00 0.00000000e+00 0.00000000e+00
  0.00000000e+00 0.00000000e+00 8.55907830e-02]
 [0.00000000e+00 0.00000000e+00 0.00000000e+00 0.00000000e+00
  0.00000000e+00 4.70625561e-02 1.41852045e-02 0.00000000e+00
  0.00000000e+00 0.00000000e+00 0.00000000e+00 0.00000000e+00
  0.00000000e+00 0.00000000e+00 1.14061158e-01]
 [0.00000000e+00 0.00000000e+00 0.00000000e+00 0.00000000e+00
  0.00000000e+00 8.09249705e-02 1.33229593e-01 0.00000000e+00
  0.00000000e+00 3.52009049e-02 0.00000000e+00 0.00000000e+00
  0.00000000e+00 0.00000000e+00 1.03223568e-01]
 [0.00000000e+00 0.00000000e+00 0.00000000e+00 0.00000000e+00
  0.00000000e+00 7.45828091e-02 0.00000000e+00 0.00000000e+00
  0.00000000e+00 3.31718945e-04 5.79664378e-02 0.00000000e+00
  0.00000000e+00 0.00000000e+00 1.79582290e-01]
 [0.00000000e+00 0.00000000e+00 0.00000000e+00 0.00000000e+00
  0.00000000e+00 2.59687608e-02 8.37643346e-02 0.00000000e+00
  0.00000000e+00 0.00000000e+00 0.00000000e+00 0.00000000e+00
  0.00000000e+00 0.00000000e+00 9.74592768e-02]
 [0.00000000e+00 0.00000000e+00 0.00000000e+00 0.00000000e+00
  6.70855423e-03 4.28230308e-02 1.08048273e-01 0.00000000e+00
  0.00000000e+00 3.48018640e-03 7.13797524e-02 0.00000000e+00
  0.00000000e+00 0.00000000e+00 3.08657509e-01]
 [0.00000000e+00 0.00000000e+00 0.00000000e+00 1.73836312e-01
  4.65335055e-01 7.60562207e-01 8.06550154e-01 1.26307127e-01
  2.83502654e-01 3.31899465e-02 4.90379087e-01 4.94846094e-01
  0.00000000e+00 0.00000000e+00 8.73948296e-02]
 [0.00000000e+00 0.00000000e+00 1.06879452e-01 7.79422338e-01
  2.02291030e+00 2.26855299e+00 2.24736049e+00 7.82567476e-01
  6.07405603e-01 1.87168672e-02 6.67182719e-01 1.39179417e+00
  5.86836058e-01 0.00000000e+00 1.71715324e-01]
 [0.00000000e+00 0.00000000e+00 0.00000000e+00 3.55312188e-01
  8.41794160e-01 6.47740496e-01 6.39359196e-01 4.44787952e-02
  5.03327200e-01 1.20379482e-02 0.00000000e+00 1.75002566e-01
  5.53619969e-03 0.00000000e+00 0.00000000e+00]
 [0.00000000e+00 0.00000000e+00 0.00000000e+00 2.52884289e-01
  8.95840895e-01 1.47831512e+00 8.89642100e-01 0.00000000e+00
  1.84346572e-01 2.48487738e-01 1.62819897e-01 5.72424312e-01
  4.10300847e-01 3.58834977e-01 4.77782943e-01]
 [1.62155879e+00 2.04693862e+00 1.26393527e+00 3.54527468e-01
  2.96229273e-01 2.71494572e-01 1.95393283e-01 4.31575115e-01
  2.27291097e-01 4.00081369e-01 5.16569888e-01 6.95955307e-01
  5.59070818e-01 4.94148209e-01 3.76643037e-01]]

6
----------------------------------------------------------------------------------
[[0.00000000e+00 3.45221648e-02 1.71277923e-01 7.72349544e-02
  0.00000000e+00 0.00000000e+00 3.15302718e-02 7.22921228e-02
  8.44458246e-03 0.00000000e+00 0.00000000e+00 0.00000000e+00
  9.44230906e-02 5.16164615e-03 1.57478120e-01]
 [0.00000000e+00 0.00000000e+00 6.75389407e-02 1.16074059e-01
  0.00000000e+00 0.00000000e+00 1.66983094e-01 0.00000000e+00
  2.00663754e-02 0.00000000e+00 4.88981179e-02 1.19956960e-01
  1.54452520e-01 3.28324516e-02 2.26061247e-01]
 [0.00000000e+00 0.00000000e+00 1.35970150e-01 1.91522731e-01
  0.00000000e+00 0.00000000e+00 0.00000000e+00 0.00000000e+00
  2.50175852e-02 1.46088653e-01 0.00000000e+00 0.00000000e+00
  1.73353905e-01 6.73238140e-02 2.04039319e-01]
 [5.96959617e-02 7.96228682e-02 2.32374318e-01 2.14920304e-01
  0.00000000e+00 0.00000000e+00 0.00000000e+00 1.87444699e-01
  5.02434368e-02 0.00000000e+00 0.00000000e+00 0.00000000e+00
  1.08440287e-01 0.00000000e+00 8.22746719e-02]
 [1.24893437e-02 5.58709727e-02 1.65487708e-01 7.45903837e-02
  0.00000000e+00 0.00000000e+00 0.00000000e+00 0.00000000e+00
  0.00000000e+00 0.00000000e+00 0.00000000e+00 0.00000000e+00
  1.46113534e-01 0.00000000e+00 6.39691030e-02]
 [0.00000000e+00 2.41684490e-02 1.71882285e-01 1.41417455e-01
  0.00000000e+00 0.00000000e+00 0.00000000e+00 6.07474460e-02
  4.98745267e-02 0.00000000e+00 0.00000000e+00 0.00000000e+00
  1.95709202e-01 0.00000000e+00 5.32800202e-03]
 [2.46254229e-03 5.43474079e-02 8.02514664e-02 6.65684514e-02
  0.00000000e+00 0.00000000e+00 0.00000000e+00 0.00000000e+00
  0.00000000e+00 0.00000000e+00 0.00000000e+00 0.00000000e+00
  9.90127557e-02 0.00000000e+00 7.54182987e-02]
 [0.00000000e+00 0.00000000e+00 8.60935002e-02 2.08953622e-02
  0.00000000e+00 0.00000000e+00 0.00000000e+00 0.00000000e+00
  0.00000000e+00 0.00000000e+00 0.00000000e+00 0.00000000e+00
  0.00000000e+00 0.00000000e+00 7.44325238e-02]
 [0.00000000e+00 0.00000000e+00 5.20807044e-02 1.45067124e-02
  0.00000000e+00 0.00000000e+00 0.00000000e+00 0.00000000e+00
  0.00000000e+00 0.00000000e+00 0.00000000e+00 0.00000000e+00
  0.00000000e+00 0.00000000e+00 7.48654215e-02]
 [0.00000000e+00 0.00000000e+00 1.37322624e-01 1.28720181e-02
  0.00000000e+00 1.70045542e-01 0.00000000e+00 0.00000000e+00
  0.00000000e+00 2.02268342e-01 0.00000000e+00 0.00000000e+00
  1.19006035e-01 0.00000000e+00 4.13378040e-02]
 [0.00000000e+00 0.00000000e+00 6.21984447e-02 3.10908641e-02
  0.00000000e+00 2.38966978e-02 0.00000000e+00 0.00000000e+00
  0.00000000e+00 0.00000000e+00 0.00000000e+00 0.00000000e+00
  1.20186635e-01 0.00000000e+00 4.60569169e-02]
 [0.00000000e+00 0.00000000e+00 5.45198547e-02 2.77602147e-02
  0.00000000e+00 1.54905659e-02 0.00000000e+00 0.00000000e+00
  0.00000000e+00 0.00000000e+00 0.00000000e+00 0.00000000e+00
  0.00000000e+00 0.00000000e+00 3.93224948e-02]
 [0.00000000e+00 0.00000000e+00 8.87950781e-02 6.59492873e-03
  0.00000000e+00 1.36810854e-01 0.00000000e+00 0.00000000e+00
  0.00000000e+00 1.51356340e-01 0.00000000e+00 0.00000000e+00
  7.97210766e-02 0.00000000e+00 0.00000000e+00]
 [7.31275544e-02 4.79172828e-01 1.19997437e+00 7.94290550e-01
  4.00801914e-01 4.29489404e-01 2.84142980e+00 3.31303739e+00
  9.02456872e-01 4.45149651e-01 1.52843723e-01 8.09009793e-02
  7.42085537e-01 2.48370660e+00 4.44931019e+00]
 [5.63609334e-01 1.11351266e+00 1.71441918e+00 1.25618719e+00
  4.23378746e-01 3.23663653e-01 2.66616698e+00 2.90367449e+00
  1.19306155e+00 1.60089167e-01 0.00000000e+00 4.73990093e-01
  1.48691689e+00 2.76923510e+00 3.64780871e+00]
 [9.49808887e-02 2.86223334e-01 5.21033418e-01 7.17297462e-01
  1.65657496e-01 1.33749194e-02 2.42019778e-01 4.77431701e-01
  1.25798782e-01 5.49403778e-01 2.26462765e-01 1.56841868e-01
  4.11894219e-01 7.10260494e-01 8.84369651e-01]
 [0.00000000e+00 0.00000000e+00 1.85693850e-01 5.16606927e-01
  3.11957098e-01 4.31287482e-01 5.79112384e-01 1.18470130e+00
  5.15473813e-01 1.00543552e-02 0.00000000e+00 1.50081046e-01
  4.12228584e-01 8.25067903e-01 8.97089441e-01]
 [3.44659179e-01 4.03275282e-01 3.70234216e-01 1.99578502e-01
  4.42974045e-01 3.74645510e-01 5.24649169e-01 2.60132279e-01
  2.63662091e-01 4.81045593e-01 9.49985788e-01 6.48280877e-01
  1.95556046e-01 2.63229603e-01 5.96547612e-01]]

7
----------------------------------------------------------------------------------
[[0.00000000e+00 1.82109924e-01 1.71555033e-01 7.37875716e-03
  0.00000000e+00 1.41570633e-01 4.58055076e-02 0.00000000e+00
  2.13347507e-01 0.00000000e+00 3.13893832e-01 2.95500277e-01
  2.31011255e-01 0.00000000e+00 3.33775743e-01]
 [1.38066928e-01 1.15333191e-01 2.25610343e-01 1.69340345e-01
  0.00000000e+00 0.00000000e+00 1.56586163e-01 0.00000000e+00
  3.01893319e-01 7.71248895e-02 2.61409028e-01 2.54652167e-01
  0.00000000e+00 9.36056259e-04 3.52181882e-01]
 [4.78987489e-02 2.49712739e-01 3.36240868e-01 3.33571777e-01
  1.57527851e-01 0.00000000e+00 2.34835127e-02 2.27263740e-04
  2.06700441e-01 0.00000000e+00 3.94596292e-01 5.00517297e-01
  0.00000000e+00 1.89030318e-01 3.36972652e-01]
 [0.00000000e+00 1.58681606e-01 1.20676405e-01 0.00000000e+00
  0.00000000e+00 7.80493585e-02 8.77830302e-02 0.00000000e+00
  2.22774172e-01 0.00000000e+00 2.50983293e-01 2.70152779e-01
  4.17951409e-02 0.00000000e+00 2.34565757e-01]
 [0.00000000e+00 1.38655288e-01 1.95672935e-01 0.00000000e+00
  1.07083333e-01 3.80096451e-02 7.89549649e-02 2.36338364e-02
  2.12026570e-01 0.00000000e+00 3.10778947e-01 2.59079813e-01
  0.00000000e+00 0.00000000e+00 1.70134653e-01]
 [3.67304478e-02 1.53364157e-01 2.28363689e-01 2.11339818e-01
  7.48639517e-02 0.00000000e+00 0.00000000e+00 0.00000000e+00
  2.68102442e-01 0.00000000e+00 3.37598006e-01 2.62388758e-01
  0.00000000e+00 9.29736099e-02 1.23270863e-01]
 [0.00000000e+00 1.23203442e-01 2.49048736e-01 0.00000000e+00
  3.37439224e-02 0.00000000e+00 7.70710595e-02 0.00000000e+00
  1.91321402e-01 0.00000000e+00 2.42036005e-01 3.35937253e-01
  0.00000000e+00 4.65714973e-02 1.80022236e-01]
 [0.00000000e+00 8.13050184e-02 1.85902279e-01 0.00000000e+00
  0.00000000e+00 1.31321464e-01 5.53979997e-02 0.00000000e+00
  1.06272002e-01 0.00000000e+00 9.86196615e-02 8.40301324e-02
  5.62786522e-02 0.00000000e+00 2.44975907e-01]
 [0.00000000e+00 1.33230979e-01 1.95500279e-01 0.00000000e+00
  0.00000000e+00 7.70483933e-02 5.73886846e-03 0.00000000e+00
  1.00698665e-01 0.00000000e+00 2.02649970e-01 4.14043559e-02
  0.00000000e+00 0.00000000e+00 2.01922441e-01]
 [1.43081956e-01 1.55265664e-01 1.98303843e-01 1.00804487e-01
  0.00000000e+00 0.00000000e+00 0.00000000e+00 9.70785058e-02
  2.22523196e-01 2.24554418e-01 3.40801720e-01 1.49636737e-01
  0.00000000e+00 1.00459406e-01 0.00000000e+00]
 [3.42168164e-02 1.59329114e-01 1.96287309e-01 8.07167877e-02
  0.00000000e+00 2.37175935e-02 0.00000000e+00 0.00000000e+00
  2.51516716e-01 0.00000000e+00 2.71793976e-01 1.60620065e-01
  0.00000000e+00 6.58844308e-02 5.14830272e-02]
 [0.00000000e+00 1.32156676e-01 1.62426488e-01 0.00000000e+00
  0.00000000e+00 6.47472940e-02 0.00000000e+00 0.00000000e+00
  6.10253931e-02 0.00000000e+00 1.98094976e-01 2.57801710e-02
  0.00000000e+00 0.00000000e+00 2.31914045e-01]
 [3.14824540e-02 9.85546159e-02 2.19788901e-01 0.00000000e+00
  5.71098387e-02 6.63124178e-02 0.00000000e+00 9.99445755e-02
  1.33378175e-01 0.00000000e+00 3.86010589e-01 1.23852748e-01
  0.00000000e+00 0.00000000e+00 2.25661886e-01]
 [3.31982415e-01 0.00000000e+00 1.15326133e+00 1.97172956e+00
  1.87716683e-01 6.04365948e-02 0.00000000e+00 0.00000000e+00
  0.00000000e+00 0.00000000e+00 0.00000000e+00 0.00000000e+00
  0.00000000e+00 0.00000000e+00 1.53423402e-01]
 [1.99439347e-01 4.42306326e-01 1.11703085e+00 0.00000000e+00
  2.81744379e-02 5.02750460e-01 2.98110124e-02 0.00000000e+00
  0.00000000e+00 0.00000000e+00 0.00000000e+00 0.00000000e+00
  0.00000000e+00 1.34316379e-01 1.99513649e-01]
 [9.47723666e-03 1.87581908e-01 5.83666711e-01 0.00000000e+00
  3.03351221e-01 1.06678695e-01 0.00000000e+00 9.77047473e-02
  0.00000000e+00 0.00000000e+00 0.00000000e+00 7.56030480e-02
  0.00000000e+00 8.23765547e-02 1.48624388e-01]
 [5.21263979e-01 8.49090303e-02 0.00000000e+00 0.00000000e+00
  0.00000000e+00 2.27667648e-01 1.41682605e-01 4.05516692e-02
  0.00000000e+00 0.00000000e+00 0.00000000e+00 0.00000000e+00
  0.00000000e+00 0.00000000e+00 2.83676562e-01]
 [4.80614792e-01 5.88803360e-01 6.11108065e-01 1.62050647e+00
  1.84398839e+00 6.79929873e-01 7.08120096e-01 4.24155537e-01
  8.30924980e-01 1.48869154e+00 1.45493300e+00 2.25986788e+00
  1.59081449e+00 5.98299713e-01 5.67882793e-01]]

8
----------------------------------------------------------------------------------
[[7.66306522e-02 3.36908893e-04 5.56894508e-03 2.33646293e-02
  0.00000000e+00 2.65912769e-02 4.19358879e-02 0.00000000e+00
  7.69610557e-03 8.70317278e-02 1.00173385e-01 2.47779122e-01
  1.91060769e-03 0.00000000e+00 0.00000000e+00]
 [0.00000000e+00 3.05331897e-02 4.39647691e-03 0.00000000e+00
  3.32042417e-02 1.05729197e-01 1.01980191e-01 0.00000000e+00
  5.80414473e-02 1.35114099e-01 8.28847494e-02 1.94961512e-01
  1.62258982e-01 0.00000000e+00 0.00000000e+00]
 [9.52509057e-04 1.18221763e-02 0.00000000e+00 6.28825400e-02
  0.00000000e+00 3.37710081e-02 9.57387467e-02 0.00000000e+00
  1.30936224e-01 1.41927682e-01 2.52380823e-01 1.96034304e-02
  1.04640002e-01 0.00000000e+00 0.00000000e+00]
 [7.44176084e-02 0.00000000e+00 2.98600959e-02 1.97097890e-02
  0.00000000e+00 3.95295513e-03 0.00000000e+00 0.00000000e+00
  0.00000000e+00 0.00000000e+00 9.88920559e-02 1.68775541e-01
  0.00000000e+00 0.00000000e+00 0.00000000e+00]
 [4.41560022e-02 1.72418499e-02 6.35441989e-02 4.20751662e-04
  0.00000000e+00 1.91013354e-02 0.00000000e+00 0.00000000e+00
  0.00000000e+00 5.41247254e-02 9.55273691e-02 8.74745105e-02
  0.00000000e+00 0.00000000e+00 0.00000000e+00]
 [3.96314523e-02 0.00000000e+00 0.00000000e+00 2.68865099e-02
  0.00000000e+00 2.37854754e-02 0.00000000e+00 0.00000000e+00
  1.79848402e-02 1.39970694e-01 1.37962227e-01 0.00000000e+00
  1.55794209e-01 0.00000000e+00 0.00000000e+00]
 [1.56430808e-02 7.52414661e-02 0.00000000e+00 5.49742200e-02
  0.00000000e+00 3.66456909e-02 0.00000000e+00 0.00000000e+00
  0.00000000e+00 8.59855791e-02 5.43022388e-02 8.86779235e-03
  2.79706361e-02 0.00000000e+00 0.00000000e+00]
 [4.07727247e-02 0.00000000e+00 3.14425417e-02 0.00000000e+00
  0.00000000e+00 0.00000000e+00 0.00000000e+00 0.00000000e+00
  1.74125247e-02 0.00000000e+00 1.63439997e-01 1.56585432e-01
  0.00000000e+00 0.00000000e+00 0.00000000e+00]
 [4.92458244e-02 0.00000000e+00 4.48379686e-03 3.02978771e-02
  0.00000000e+00 2.08890282e-02 0.00000000e+00 0.00000000e+00
  0.00000000e+00 5.19238266e-02 9.52569425e-02 1.15532683e-01
  0.00000000e+00 0.00000000e+00 0.00000000e+00]
 [0.00000000e+00 0.00000000e+00 0.00000000e+00 1.73022424e-03
  0.00000000e+00 9.28073663e-02 0.00000000e+00 0.00000000e+00
  8.99235475e-02 2.46804743e-01 1.17125539e-01 3.43843410e-04
  1.35414158e-01 0.00000000e+00 0.00000000e+00]
 [0.00000000e+00 0.00000000e+00 0.00000000e+00 7.46269997e-02
  0.00000000e+00 4.41103484e-02 0.00000000e+00 0.00000000e+00
  5.06430197e-02 2.43673433e-01 7.35798133e-02 0.00000000e+00
  1.02182705e-01 0.00000000e+00 0.00000000e+00]
 [4.03890912e-02 0.00000000e+00 0.00000000e+00 5.30851913e-02
  0.00000000e+00 1.03396930e-02 0.00000000e+00 0.00000000e+00
  8.97394043e-03 3.12345190e-02 8.78195422e-02 8.17704330e-02
  3.56773015e-02 0.00000000e+00 0.00000000e+00]
 [0.00000000e+00 0.00000000e+00 0.00000000e+00 3.10213611e-02
  5.61989487e-02 9.67578828e-02 0.00000000e+00 0.00000000e+00
  5.65761148e-02 1.62629142e-01 4.17615189e-02 0.00000000e+00
  9.19088315e-02 0.00000000e+00 0.00000000e+00]
 [0.00000000e+00 0.00000000e+00 4.63766542e-02 2.02481162e-01
  0.00000000e+00 2.11679033e-02 0.00000000e+00 0.00000000e+00
  2.93613981e-01 4.71065991e-01 2.53359508e-02 2.07637340e-01
  6.66236060e-01 0.00000000e+00 0.00000000e+00]
 [0.00000000e+00 0.00000000e+00 1.36543319e-01 2.96779763e-01
  0.00000000e+00 1.24377415e-01 3.46324277e-02 1.75199247e-01
  9.02992361e-01 1.55446981e+00 9.29091891e-02 1.90427383e+00
  2.45569000e+00 2.94515714e-01 2.73640884e-01]
 [0.00000000e+00 0.00000000e+00 1.14855318e-01 3.61471835e-01
  0.00000000e+00 1.38106134e-01 3.07018049e-02 3.14159317e-01
  4.74458194e-01 8.81277413e-01 1.66791936e-02 4.16932152e-01
  1.04236211e+00 0.00000000e+00 0.00000000e+00]
 [1.05301304e-02 0.00000000e+00 5.54209053e-02 2.11108601e-01
  0.00000000e+00 1.61416389e-01 0.00000000e+00 0.00000000e+00
  2.50492811e-01 6.93668440e-01 1.55914694e-01 2.80847874e-01
  9.52165646e-01 3.10318919e-01 0.00000000e+00]
 [6.41172564e-01 5.85216436e-01 3.58349044e-01 2.83866150e-01
  3.66910084e-01 9.27851386e-02 1.57898172e-01 4.14872883e-01
  2.22593975e-01 2.87086488e-01 7.88070724e-01 1.43911215e-01
  4.37485008e-01 3.86308570e-01 6.09544467e-01]]

9
----------------------------------------------------------------------------------
[[1.95705008e-01 9.37695861e-02 2.36641908e-01 0.00000000e+00
  2.31415119e-02 4.64872820e-02 4.80168719e-04 0.00000000e+00
  0.00000000e+00 3.69602626e-02 1.53767038e-02 0.00000000e+00
  0.00000000e+00 8.44417157e-02 1.60778625e-01]
 [2.59554532e-01 5.64209200e-02 1.39413026e-01 4.96929234e-02
  3.37128862e-02 0.00000000e+00 0.00000000e+00 0.00000000e+00
  1.80250172e-01 5.69511320e-02 3.80903749e-02 0.00000000e+00
  0.00000000e+00 8.36702267e-02 2.16245089e-01]
 [3.20192329e-01 1.10503170e-01 0.00000000e+00 0.00000000e+00
  4.50603283e-02 0.00000000e+00 0.00000000e+00 0.00000000e+00
  0.00000000e+00 5.07196524e-03 1.26794528e-01 0.00000000e+00
  1.22481579e-01 1.25321595e-01 1.02676772e-01]
 [1.27539243e-01 8.55252948e-02 1.52236628e-01 0.00000000e+00
  0.00000000e+00 3.91790452e-02 5.62718314e-02 0.00000000e+00
  9.11567237e-02 0.00000000e+00 5.32431143e-03 0.00000000e+00
  0.00000000e+00 9.20965483e-02 4.08263123e-02]
 [2.28056912e-01 2.56651439e-02 1.12018532e-01 3.52890370e-02
  2.53650349e-02 5.68334270e-02 1.05919060e-02 0.00000000e+00
  1.30464035e-01 0.00000000e+00 0.00000000e+00 0.00000000e+00
  0.00000000e+00 4.78432825e-02 0.00000000e+00]
 [6.79863659e-02 3.52693137e-02 0.00000000e+00 3.01989001e-02
  0.00000000e+00 0.00000000e+00 0.00000000e+00 0.00000000e+00
  0.00000000e+00 0.00000000e+00 3.22618616e-02 0.00000000e+00
  5.05212713e-02 1.07224001e-01 8.59340344e-02]
 [1.82853550e-01 0.00000000e+00 2.16951584e-02 5.81963572e-03
  2.74524548e-02 2.01247586e-02 0.00000000e+00 0.00000000e+00
  1.05784574e-01 0.00000000e+00 4.58285257e-02 0.00000000e+00
  0.00000000e+00 6.25274923e-02 4.97407516e-02]
 [7.09548105e-02 6.27335624e-02 1.36206644e-01 0.00000000e+00
  0.00000000e+00 1.17844307e-02 6.31936680e-02 0.00000000e+00
  6.16694628e-02 0.00000000e+00 0.00000000e+00 0.00000000e+00
  0.00000000e+00 1.10062190e-01 7.23231482e-02]
 [6.30597241e-02 6.26916955e-02 1.17988590e-01 0.00000000e+00
  0.00000000e+00 0.00000000e+00 5.59664635e-02 0.00000000e+00
  7.25238183e-02 0.00000000e+00 0.00000000e+00 0.00000000e+00
  0.00000000e+00 5.35188534e-02 0.00000000e+00]
 [8.44565084e-02 0.00000000e+00 0.00000000e+00 0.00000000e+00
  0.00000000e+00 0.00000000e+00 0.00000000e+00 0.00000000e+00
  0.00000000e+00 0.00000000e+00 0.00000000e+00 0.00000000e+00
  1.26983965e-02 1.52156877e-01 1.00215209e-01]
 [7.80656282e-02 0.00000000e+00 2.35747151e-02 3.19728934e-02
  0.00000000e+00 0.00000000e+00 5.06718729e-02 0.00000000e+00
  2.60753216e-02 0.00000000e+00 0.00000000e+00 0.00000000e+00
  2.38311073e-02 4.36512314e-02 7.36206742e-02]
 [3.63607049e-02 5.63758994e-02 9.50901314e-02 0.00000000e+00
  0.00000000e+00 0.00000000e+00 7.42467248e-02 0.00000000e+00
  5.91899994e-02 0.00000000e+00 0.00000000e+00 0.00000000e+00
  0.00000000e+00 3.12571844e-02 1.33814421e-02]
 [0.00000000e+00 0.00000000e+00 1.62781087e-02 0.00000000e+00
  0.00000000e+00 0.00000000e+00 3.46908558e-02 0.00000000e+00
  1.28056612e-02 0.00000000e+00 0.00000000e+00 0.00000000e+00
  0.00000000e+00 6.12979438e-02 1.38596219e-01]
 [1.28328329e-01 7.07728124e-02 1.08232270e-01 0.00000000e+00
  0.00000000e+00 0.00000000e+00 1.46252823e-01 0.00000000e+00
  1.15103208e-01 0.00000000e+00 0.00000000e+00 0.00000000e+00
  7.51374462e-02 2.48324796e-01 1.29357247e-01]
 [1.03285882e+00 5.47941593e-01 8.68842278e-02 0.00000000e+00
  0.00000000e+00 3.91310917e-02 2.84719468e-01 1.73101814e-01
  2.68296102e-01 9.15110237e-02 0.00000000e+00 1.32730601e-01
  1.54174868e-01 3.91659311e-01 2.57088104e-01]
 [2.60629609e-01 1.29899499e-01 1.59876944e-01 0.00000000e+00
  0.00000000e+00 0.00000000e+00 8.36926706e-02 9.67997617e-02
  1.18626724e-01 1.31864461e-01 5.79117824e-02 2.12249753e-01
  1.41337425e-01 2.57427544e-01 1.97540567e-01]
 [2.73322777e-01 2.06549130e-01 2.95164381e-02 0.00000000e+00
  0.00000000e+00 1.00729507e-01 1.85080403e-01 8.50292113e-02
  2.70246667e-01 3.82864241e-02 0.00000000e+00 0.00000000e+00
  6.43084771e-02 2.44889488e-01 1.04656838e-01]
 [7.75177221e-01 9.77003701e-02 1.73209575e-01 1.98869918e-01
  5.93523887e-01 3.55683025e-01 4.92241708e-01 6.03470073e-01
  4.98062870e-01 3.16608679e-01 1.62452583e-01 3.66056165e-01
  6.28677487e-01 4.37685080e-01 1.23820731e-01]]

10
----------------------------------------------------------------------------------
[[3.15567191e-02 1.58947245e-01 2.23974196e-01 2.91256639e-02
  2.94068202e-01 9.19222325e-02 1.18640922e-01 5.57336707e-02
  0.00000000e+00 3.75601260e-01 2.28164319e-01 2.12586328e-01
  0.00000000e+00 0.00000000e+00 0.00000000e+00]
 [0.00000000e+00 3.36940957e-01 3.98071780e-01 4.67975653e-02
  4.68248868e-01 2.02360023e-01 1.26791255e-01 3.64544512e-02
  2.34803948e-01 2.23512733e-01 5.29747757e-02 2.88840587e-01
  0.00000000e+00 1.11826997e-01 0.00000000e+00]
 [1.23822313e-01 3.94680529e-01 4.51900507e-01 0.00000000e+00
  3.44997775e-01 1.76337376e-01 1.15497968e-01 1.64328729e-01
  1.33018563e-01 8.23703677e-02 1.39665863e-01 2.09231956e-01
  0.00000000e+00 0.00000000e+00 0.00000000e+00]
 [3.14434553e-02 2.10947725e-01 2.09584237e-01 0.00000000e+00
  2.94856579e-01 2.83275701e-02 9.12474640e-02 1.30316317e-02
  0.00000000e+00 2.92486326e-01 1.38667129e-01 1.52307244e-01
  0.00000000e+00 2.70110127e-02 0.00000000e+00]
 [3.35201588e-02 2.36380160e-01 2.25809598e-01 1.24120494e-01
  2.90306439e-01 0.00000000e+00 7.65251181e-02 0.00000000e+00
  9.59408805e-02 2.36318175e-01 4.65629345e-02 2.04162445e-01
  0.00000000e+00 1.41737192e-01 0.00000000e+00]
 [1.83586356e-02 2.31002240e-01 3.84384339e-01 3.63982141e-02
  1.08691770e-01 0.00000000e+00 1.68405674e-02 1.44788156e-01
  1.05565867e-01 1.20928306e-01 1.84658638e-01 2.26611319e-01
  0.00000000e+00 0.00000000e+00 0.00000000e+00]
 [3.47452841e-02 2.27106800e-01 2.77791097e-01 1.53031132e-01
  2.44808161e-01 0.00000000e+00 8.35425925e-02 4.96751005e-02
  1.41610896e-01 1.84752307e-01 4.82933906e-02 2.68798225e-01
  0.00000000e+00 1.26979416e-01 0.00000000e+00]
 [3.53593962e-02 1.50706276e-01 2.34591670e-01 0.00000000e+00
  2.09051786e-01 0.00000000e+00 1.17383127e-01 0.00000000e+00
  0.00000000e+00 3.44846192e-01 1.42622577e-01 1.51360733e-01
  0.00000000e+00 0.00000000e+00 0.00000000e+00]
 [3.17795757e-02 1.48329738e-01 2.35905206e-01 0.00000000e+00
  1.49898975e-01 0.00000000e+00 3.44551582e-02 0.00000000e+00
  0.00000000e+00 2.81558193e-01 1.33487946e-01 1.02172005e-01
  0.00000000e+00 0.00000000e+00 0.00000000e+00]
 [7.03220023e-02 1.47881383e-01 2.48502779e-01 0.00000000e+00
  0.00000000e+00 1.92860294e-01 0.00000000e+00 2.74920279e-01
  1.29770068e-01 7.56543187e-02 3.08126276e-01 2.12141548e-01
  0.00000000e+00 0.00000000e+00 0.00000000e+00]
 [9.21512967e-03 2.49333151e-01 1.52090517e-01 0.00000000e+00
  2.65988053e-02 4.21872190e-03 0.00000000e+00 1.50907998e-01
  1.59338446e-01 1.01928387e-01 2.36953488e-01 2.06920150e-01
  0.00000000e+00 0.00000000e+00 0.00000000e+00]
 [3.75408350e-04 1.15334324e-01 1.91204662e-01 0.00000000e+00
  1.51779987e-01 0.00000000e+00 2.66011481e-02 0.00000000e+00
  0.00000000e+00 3.03439692e-01 1.47648558e-01 1.03562805e-01
  0.00000000e+00 0.00000000e+00 0.00000000e+00]
 [7.74461537e-02 9.02747478e-02 2.13395479e-01 0.00000000e+00
  0.00000000e+00 7.83202864e-03 8.09186229e-02 1.93855243e-01
  1.66461928e-01 5.51360278e-02 2.10372236e-01 4.18600029e-01
  0.00000000e+00 0.00000000e+00 0.00000000e+00]
 [0.00000000e+00 6.51171727e-02 3.08773705e-02 0.00000000e+00
  0.00000000e+00 1.55813960e-01 5.07446269e-02 3.04179362e-01
  3.47641649e-01 4.37321631e-01 1.54970215e+00 6.66738661e-01
  0.00000000e+00 9.28329187e-01 3.51333242e+00]
 [0.00000000e+00 7.44390905e-02 3.91504687e-01 2.11158272e-01
  1.96167101e-01 9.40416395e-01 2.66327959e-01 6.61885732e-01
  1.06833210e+00 1.27722129e+00 2.70757987e+00 2.12402415e+00
  1.06382145e-01 1.12763025e+00 2.80079882e+00]
 [0.00000000e+00 2.18737078e-01 2.37254826e-01 4.65217110e-02
  3.47116062e-02 3.68200851e-01 1.32510062e-01 4.58722038e-01
  7.04015491e-01 9.35332563e-01 1.64023829e+00 1.54830674e+00
  4.17978965e-02 0.00000000e+00 0.00000000e+00]
 [1.04545899e-01 1.72523879e-01 1.10663464e-01 0.00000000e+00
  2.80585997e-02 3.88277161e-01 1.27087723e-01 2.99824326e-01
  4.43282000e-01 6.91807599e-01 9.11639600e-01 5.53943287e-01
  0.00000000e+00 0.00000000e+00 7.11872525e-01]
 [5.78480205e-01 5.88253019e-01 5.84568238e-01 1.37858203e+00
  9.98178597e-01 4.17665025e-01 2.32831027e-01 3.66096659e-01
  1.05592918e+00 7.35541040e-01 3.89665525e-01 7.02523155e-01
  9.01124295e-01 1.00607906e+00 1.23169077e+00]]

11
----------------------------------------------------------------------------------
[[0.00000000e+00 0.00000000e+00 0.00000000e+00 0.00000000e+00
  0.00000000e+00 1.63784247e-01 0.00000000e+00 4.61411601e-02
  2.47725348e-01 0.00000000e+00 2.86211241e-02 4.05363960e-01
  6.32109420e-01 0.00000000e+00 0.00000000e+00]
 [0.00000000e+00 0.00000000e+00 0.00000000e+00 0.00000000e+00
  0.00000000e+00 1.88069449e-01 0.00000000e+00 0.00000000e+00
  1.34300181e-01 1.44451823e-01 1.80979460e-01 7.00609627e-01
  5.21559652e-01 0.00000000e+00 0.00000000e+00]
 [0.00000000e+00 0.00000000e+00 0.00000000e+00 0.00000000e+00
  0.00000000e+00 7.16032373e-02 5.50039322e-02 2.34933839e-01
  1.82338156e-02 0.00000000e+00 4.55377397e-01 7.27456353e-01
  5.49854032e-01 0.00000000e+00 0.00000000e+00]
 [0.00000000e+00 0.00000000e+00 0.00000000e+00 0.00000000e+00
  0.00000000e+00 1.11142185e-01 1.05069935e-02 1.99954928e-04
  2.02047168e-01 0.00000000e+00 6.81674276e-02 1.74817140e-01
  5.24506080e-01 0.00000000e+00 0.00000000e+00]
 [0.00000000e+00 0.00000000e+00 0.00000000e+00 0.00000000e+00
  0.00000000e+00 1.34133655e-01 0.00000000e+00 5.45302306e-02
  1.16787218e-01 0.00000000e+00 1.46173451e-01 3.02519612e-01
  4.63380255e-01 0.00000000e+00 0.00000000e+00]
 [0.00000000e+00 0.00000000e+00 0.00000000e+00 0.00000000e+00
  0.00000000e+00 1.28543545e-01 0.00000000e+00 6.59573632e-02
  0.00000000e+00 0.00000000e+00 2.95147106e-01 3.35993730e-01
  2.52571687e-01 2.05361487e-02 0.00000000e+00]
 [0.00000000e+00 0.00000000e+00 0.00000000e+00 0.00000000e+00
  0.00000000e+00 1.65971930e-01 0.00000000e+00 4.86047714e-02
  5.28831352e-02 0.00000000e+00 2.11965881e-01 3.38581154e-01
  3.79488152e-01 0.00000000e+00 0.00000000e+00]
 [0.00000000e+00 0.00000000e+00 0.00000000e+00 0.00000000e+00
  0.00000000e+00 1.15972043e-01 0.00000000e+00 0.00000000e+00
  2.95378863e-01 0.00000000e+00 0.00000000e+00 1.45343748e-01
  4.17889008e-01 0.00000000e+00 0.00000000e+00]
 [0.00000000e+00 0.00000000e+00 0.00000000e+00 0.00000000e+00
  0.00000000e+00 7.31230763e-02 0.00000000e+00 0.00000000e+00
  1.86459334e-01 0.00000000e+00 9.71597913e-03 6.83345849e-02
  3.32225109e-01 0.00000000e+00 0.00000000e+00]
 [0.00000000e+00 0.00000000e+00 0.00000000e+00 0.00000000e+00
  0.00000000e+00 2.01497727e-01 0.00000000e+00 0.00000000e+00
  0.00000000e+00 0.00000000e+00 4.03103709e-01 2.46239439e-01
  2.76254409e-01 0.00000000e+00 0.00000000e+00]
 [0.00000000e+00 0.00000000e+00 0.00000000e+00 0.00000000e+00
  0.00000000e+00 2.44304743e-02 0.00000000e+00 0.00000000e+00
  0.00000000e+00 0.00000000e+00 1.93991649e-01 1.29956922e-01
  4.06862048e-02 0.00000000e+00 0.00000000e+00]
 [0.00000000e+00 0.00000000e+00 0.00000000e+00 0.00000000e+00
  0.00000000e+00 9.41874296e-02 0.00000000e+00 0.00000000e+00
  1.82950642e-01 0.00000000e+00 0.00000000e+00 4.62385774e-02
  4.09177697e-01 0.00000000e+00 0.00000000e+00]
 [0.00000000e+00 0.00000000e+00 0.00000000e+00 0.00000000e+00
  0.00000000e+00 6.87815237e-02 0.00000000e+00 0.00000000e+00
  7.69986801e-02 0.00000000e+00 1.53855464e-01 1.38182765e-01
  1.56041420e-01 0.00000000e+00 0.00000000e+00]
 [0.00000000e+00 3.03407969e-03 6.54569182e-02 4.08316021e-02
  1.00344829e-01 1.48538743e-01 0.00000000e+00 0.00000000e+00
  1.62885539e-01 0.00000000e+00 1.16821139e-01 7.74180145e-02
  1.91761219e-01 0.00000000e+00 0.00000000e+00]
 [0.00000000e+00 0.00000000e+00 0.00000000e+00 3.14856734e-03
  2.29084964e-01 1.48095509e-01 1.28396306e-02 1.72952811e-01
  2.63367061e-01 0.00000000e+00 3.25833399e-01 3.40514736e-01
  1.29301914e-01 0.00000000e+00 0.00000000e+00]
 [0.00000000e+00 0.00000000e+00 5.59771306e-02 2.65626944e-02
  4.27913506e-02 2.52945205e-01 1.98331833e-02 1.52789421e-01
  2.30720749e-01 0.00000000e+00 2.73800431e-01 3.86561029e-01
  9.33301680e-02 0.00000000e+00 0.00000000e+00]
 [0.00000000e+00 0.00000000e+00 5.81346391e-02 0.00000000e+00
  1.11389296e-01 6.63721017e-02 0.00000000e+00 0.00000000e+00
  2.74625584e-01 0.00000000e+00 9.67074147e-03 2.52346558e-01
  2.87967504e-01 0.00000000e+00 0.00000000e+00]
 [1.68682522e+00 1.01087289e+00 1.15270680e+00 1.74992483e+00
  7.21683022e-01 3.35738257e-01 5.10952713e-01 1.63104524e+00
  8.95869807e-01 1.01051053e+00 5.96771527e-01 2.24597680e+00
  2.00799907e+00 1.00850949e+00 1.17986428e+00]]

12
----------------------------------------------------------------------------------
[[0.00000000e+00 0.00000000e+00 1.66919340e-01 0.00000000e+00
  3.49526414e-01 0.00000000e+00 3.70557338e-01 1.09823726e-01
  0.00000000e+00 1.57395032e-02 0.00000000e+00 2.06552680e-01
  1.76266127e-01 1.95306558e-01 0.00000000e+00]
 [0.00000000e+00 0.00000000e+00 2.66537857e-01 2.31411921e-01
  0.00000000e+00 0.00000000e+00 3.02276697e-01 9.27801257e-02
  0.00000000e+00 1.38147666e-01 0.00000000e+00 6.23924292e-01
  4.50575581e-01 2.27092612e-02 2.46381151e-01]
 [3.47428233e-02 1.46106644e-01 1.55043370e-01 1.64375428e-01
  1.26380781e-01 0.00000000e+00 0.00000000e+00 0.00000000e+00
  1.04809385e-01 4.03246247e-01 6.12045914e-01 7.59857773e-01
  0.00000000e+00 0.00000000e+00 2.93978023e-01]
 [0.00000000e+00 1.17469655e-02 6.37499602e-02 2.74038792e-02
  2.73672792e-01 0.00000000e+00 2.53338295e-01 1.47254003e-01
  0.00000000e+00 0.00000000e+00 0.00000000e+00 1.97468689e-01
  1.31716084e-01 1.33795490e-01 0.00000000e+00]
 [0.00000000e+00 1.46704224e-01 1.52587385e-02 0.00000000e+00
  1.96537278e-01 6.20742270e-02 1.38656039e-01 1.36189226e-01
  6.96158776e-02 3.82164153e-02 1.94095895e-02 4.16852004e-01
  9.11005766e-02 1.67251414e-01 8.78369681e-02]
 [1.71570456e-02 2.71245897e-01 8.81581745e-02 7.52938784e-02
  2.98199676e-02 0.00000000e+00 0.00000000e+00 0.00000000e+00
  1.04534726e-01 3.81141782e-01 2.47682500e-01 3.69342021e-01
  0.00000000e+00 0.00000000e+00 1.19321668e-01]
 [3.95831978e-02 2.34694590e-01 3.70003510e-03 1.41705710e-01
  1.28573040e-01 9.20128832e-02 1.66907288e-02 4.92067915e-03
  7.73546778e-02 1.96251632e-01 7.61339583e-02 5.22282139e-01
  1.01062190e-01 6.87853747e-02 6.98652455e-02]
 [0.00000000e+00 1.69295437e-02 0.00000000e+00 4.89082356e-03
  1.41099436e-01 0.00000000e+00 3.91649162e-01 8.62079061e-02
  0.00000000e+00 0.00000000e+00 0.00000000e+00 3.26544186e-03
  1.01907942e-01 6.02225928e-02 0.00000000e+00]
 [0.00000000e+00 2.12284167e-02 0.00000000e+00 6.82961667e-02
  1.31215926e-01 1.04857879e-01 4.46120226e-01 2.41126574e-02
  0.00000000e+00 0.00000000e+00 0.00000000e+00 0.00000000e+00
  0.00000000e+00 8.44975187e-02 0.00000000e+00]
 [0.00000000e+00 3.24992427e-01 6.18381327e-02 3.56319898e-01
  0.00000000e+00 0.00000000e+00 0.00000000e+00 0.00000000e+00
  4.61750553e-02 2.59696534e-01 7.46789651e-01 1.26330671e-01
  0.00000000e+00 0.00000000e+00 9.17613062e-02]
 [6.98613903e-02 2.56041430e-01 2.44774422e-02 2.73328814e-01
  0.00000000e+00 0.00000000e+00 7.67636220e-02 0.00000000e+00
  3.30973072e-02 2.83629196e-02 1.34299541e-01 1.79173236e-01
  0.00000000e+00 0.00000000e+00 0.00000000e+00]
 [0.00000000e+00 1.82179930e-02 0.00000000e+00 8.57846502e-02
  5.58932753e-02 1.11647799e-01 4.70675849e-01 2.51428248e-02
  0.00000000e+00 0.00000000e+00 0.00000000e+00 0.00000000e+00
  0.00000000e+00 8.03764777e-02 0.00000000e+00]
 [0.00000000e+00 2.72817049e-02 3.67549796e-02 1.40172268e-01
  0.00000000e+00 0.00000000e+00 6.23150115e-02 0.00000000e+00
  1.71469051e-01 4.36392810e-02 8.76316347e-02 1.95263387e-01
  0.00000000e+00 0.00000000e+00 5.32230976e-02]
 [2.36761130e-01 2.04792951e-01 0.00000000e+00 0.00000000e+00
  0.00000000e+00 0.00000000e+00 6.36678954e-03 0.00000000e+00
  7.36338961e-04 0.00000000e+00 0.00000000e+00 4.36219035e-02
  0.00000000e+00 0.00000000e+00 6.26667520e-02]
 [2.78184070e-01 1.28596666e-01 1.06229519e-01 3.03075765e-01
  3.68888635e-03 0.00000000e+00 2.97339783e-02 0.00000000e+00
  0.00000000e+00 0.00000000e+00 0.00000000e+00 0.00000000e+00
  0.00000000e+00 0.00000000e+00 0.00000000e+00]
 [3.23106806e-01 3.66627384e-01 0.00000000e+00 2.22222528e-01
  0.00000000e+00 0.00000000e+00 0.00000000e+00 0.00000000e+00
  4.36287327e-02 0.00000000e+00 0.00000000e+00 1.06126596e-01
  0.00000000e+00 0.00000000e+00 0.00000000e+00]
 [1.56910071e-01 4.68197596e-02 1.16241504e-02 0.00000000e+00
  0.00000000e+00 0.00000000e+00 4.85886199e-02 3.20191023e-02
  0.00000000e+00 0.00000000e+00 0.00000000e+00 0.00000000e+00
  0.00000000e+00 0.00000000e+00 7.05192871e-02]
 [1.10624717e+00 1.80755647e+00 2.39619052e+00 3.21513293e+00
  3.19087704e+00 2.63120242e+00 1.54105622e+00 1.06023100e+00
  6.39925414e-01 1.77538813e+00 3.77978596e+00 5.34845745e+00
  4.37208317e+00 2.11622543e+00 1.20440871e+00]]

13
----------------------------------------------------------------------------------
[[0.00000000e+00 0.00000000e+00 0.00000000e+00 0.00000000e+00
  0.00000000e+00 1.58203261e-02 1.65844992e-01 3.30070314e-01
  0.00000000e+00 0.00000000e+00 0.00000000e+00 0.00000000e+00
  0.00000000e+00 4.83381679e-02 0.00000000e+00]
 [0.00000000e+00 0.00000000e+00 0.00000000e+00 1.45020711e-02
  0.00000000e+00 1.14253850e-01 3.10664280e-01 1.37425111e-02
  2.01716825e-01 0.00000000e+00 8.11939687e-02 0.00000000e+00
  4.47891890e-02 0.00000000e+00 0.00000000e+00]
 [0.00000000e+00 0.00000000e+00 0.00000000e+00 2.05720761e-01
  0.00000000e+00 0.00000000e+00 6.15056784e-01 0.00000000e+00
  2.33468997e-04 4.93238560e-02 0.00000000e+00 0.00000000e+00
  0.00000000e+00 4.04550965e-02 0.00000000e+00]
 [0.00000000e+00 0.00000000e+00 0.00000000e+00 0.00000000e+00
  0.00000000e+00 2.01042852e-02 1.13092679e-01 1.63032646e-01
  0.00000000e+00 0.00000000e+00 0.00000000e+00 0.00000000e+00
  0.00000000e+00 0.00000000e+00 0.00000000e+00]
 [0.00000000e+00 0.00000000e+00 0.00000000e+00 3.84897166e-02
  0.00000000e+00 1.24220769e-01 2.00754153e-01 5.88597562e-02
  0.00000000e+00 0.00000000e+00 0.00000000e+00 0.00000000e+00
  0.00000000e+00 0.00000000e+00 0.00000000e+00]
 [0.00000000e+00 0.00000000e+00 4.74164848e-02 1.95556684e-02
  0.00000000e+00 4.01694430e-02 5.72022066e-01 0.00000000e+00
  0.00000000e+00 0.00000000e+00 0.00000000e+00 0.00000000e+00
  0.00000000e+00 3.46115235e-03 0.00000000e+00]
 [0.00000000e+00 0.00000000e+00 0.00000000e+00 3.88591301e-02
  0.00000000e+00 1.17262671e-01 3.50040932e-01 0.00000000e+00
  0.00000000e+00 0.00000000e+00 0.00000000e+00 0.00000000e+00
  0.00000000e+00 0.00000000e+00 0.00000000e+00]
 [0.00000000e+00 0.00000000e+00 0.00000000e+00 0.00000000e+00
  0.00000000e+00 9.00242851e-03 1.24071831e-01 1.43389879e-01
  0.00000000e+00 0.00000000e+00 0.00000000e+00 0.00000000e+00
  0.00000000e+00 0.00000000e+00 0.00000000e+00]
 [0.00000000e+00 0.00000000e+00 0.00000000e+00 6.58828164e-02
  0.00000000e+00 5.14838112e-02 9.82553956e-02 1.36195118e-01
  0.00000000e+00 0.00000000e+00 0.00000000e+00 0.00000000e+00
  0.00000000e+00 0.00000000e+00 0.00000000e+00]
 [0.00000000e+00 0.00000000e+00 1.51863371e-01 8.57982195e-02
  0.00000000e+00 0.00000000e+00 6.80897908e-01 0.00000000e+00
  1.32868525e-02 5.48525324e-02 0.00000000e+00 0.00000000e+00
  0.00000000e+00 4.14908935e-01 0.00000000e+00]
 [0.00000000e+00 0.00000000e+00 1.53677726e-01 2.32906034e-02
  0.00000000e+00 0.00000000e+00 4.15522896e-01 0.00000000e+00
  0.00000000e+00 0.00000000e+00 0.00000000e+00 0.00000000e+00
  0.00000000e+00 0.00000000e+00 0.00000000e+00]
 [0.00000000e+00 0.00000000e+00 0.00000000e+00 4.88774650e-02
  0.00000000e+00 1.23873429e-02 3.88973346e-02 1.35628537e-01
  0.00000000e+00 0.00000000e+00 0.00000000e+00 0.00000000e+00
  0.00000000e+00 0.00000000e+00 0.00000000e+00]
 [0.00000000e+00 0.00000000e+00 1.97548885e-01 0.00000000e+00
  0.00000000e+00 6.15793879e-03 3.21144241e-01 0.00000000e+00
  0.00000000e+00 0.00000000e+00 0.00000000e+00 0.00000000e+00
  0.00000000e+00 0.00000000e+00 0.00000000e+00]
 [0.00000000e+00 4.12043757e-02 0.00000000e+00 7.22072272e-02
  0.00000000e+00 0.00000000e+00 1.48954802e-01 1.17553242e-01
  9.18766958e-01 1.83577498e-01 0.00000000e+00 0.00000000e+00
  0.00000000e+00 1.07848190e-01 6.62090628e-02]
 [0.00000000e+00 1.34940925e-01 0.00000000e+00 2.59640775e-01
  5.13214044e-02 2.24205970e-01 4.97973544e-01 1.17265012e+00
  1.57047788e+00 5.73649759e-01 0.00000000e+00 0.00000000e+00
  4.58309154e-01 2.38570541e-01 0.00000000e+00]
 [0.00000000e+00 1.19642403e-02 0.00000000e+00 2.02340471e-01
  4.03681843e-03 6.86955332e-02 2.85134875e-01 1.75993158e-01
  3.51114210e-01 2.02720539e-01 0.00000000e+00 0.00000000e+00
  0.00000000e+00 0.00000000e+00 0.00000000e+00]
 [0.00000000e+00 0.00000000e+00 8.12944800e-02 2.78470450e-02
  0.00000000e+00 0.00000000e+00 1.83807087e-01 3.70285516e-01
  5.09056818e-01 1.31077318e-01 0.00000000e+00 0.00000000e+00
  0.00000000e+00 5.03151354e-01 5.80402363e-01]
 [2.16772040e+00 1.14076548e+00 1.88006020e+00 1.64458764e+00
  1.03995921e+00 5.24101818e-01 1.49382452e+00 1.95055261e+00
  5.43970522e-01 4.07782804e-01 9.16212093e-01 9.68888022e-01
  5.17709418e-01 8.49727220e-01 1.16206054e+00]]

14
----------------------------------------------------------------------------------
[[0.         0.         0.09972826 0.         0.         0.
  0.         0.00508167 0.         0.         0.         0.
  0.14498058 0.37080444 0.01274393]
 [0.         0.06508773 0.07599074 0.01278071 0.         0.
  0.         0.         0.         0.         0.         0.05614277
  0.10697612 0.45827898 0.04679055]
 [0.         0.         0.07247151 0.         0.         0.
  0.         0.         0.         0.         0.         0.
  0.06526318 0.44704131 0.09778568]
 [0.         0.         0.06309383 0.         0.         0.
  0.         0.03394962 0.         0.         0.         0.
  0.07749029 0.25949368 0.0674243 ]
 [0.         0.         0.10167118 0.         0.         0.
  0.         0.04667387 0.         0.         0.         0.
  0.01158047 0.27235956 0.10953418]
 [0.         0.         0.05886106 0.         0.00584932 0.
  0.         0.         0.         0.         0.         0.
  0.05018096 0.31235364 0.17864226]
 [0.         0.         0.0554207  0.         0.02085444 0.
  0.         0.         0.         0.         0.         0.
  0.02400964 0.33856652 0.09541605]
 [0.         0.         0.09744818 0.         0.         0.
  0.         0.         0.         0.         0.         0.28318544
  0.03423473 0.13707074 0.        ]
 [0.         0.         0.08002893 0.         0.         0.
  0.         0.         0.         0.         0.         0.6331709
  0.         0.22835223 0.06343383]
 [0.         0.02567409 0.02364554 0.         0.         0.
  0.         0.02599414 0.         0.         0.         0.10424426
  0.         0.33373    0.23888388]
 [0.         0.         0.         0.         0.         0.
  0.         0.01507684 0.         0.         0.16595466 0.66405228
  0.05478656 0.13340534 0.24127688]
 [0.         0.         0.10280194 0.         0.         0.
  0.         0.         0.         0.         0.         0.65661273
  0.0234077  0.27684656 0.        ]
 [0.         0.         0.02786009 0.02166127 0.         0.
  0.         0.         0.         0.         0.18224908 0.55658584
  0.         0.40474931 0.28938321]
 [0.         0.02282861 0.4104572  0.         0.         0.
  0.0442061  0.31452045 0.         0.         0.         0.
  0.         0.04080988 0.07088376]
 [0.         0.33718027 0.72205552 0.         0.         0.
  0.07140269 0.18272729 0.         0.         0.         0.
  0.1561385  0.19243669 0.02426213]
 [0.         0.20577059 0.33514307 0.         0.         0.
  0.         0.9135371  0.50804973 0.         0.         0.
  0.         0.0303418  0.10636451]
 [0.30096998 0.52948712 0.56958978 0.         0.         0.
  0.         0.29800531 0.         0.24107114 0.         0.
  0.05134085 0.2606852  0.01464151]
 [0.84573397 0.37310053 0.20390976 0.36066386 0.79604845 1.41610156
  0.77171348 0.26012531 0.77178118 1.05033396 0.98408495 0.70767692
  0.32563821 0.3688929  0.29648676]]

16
----------------------------------------------------------------------------------
[[0.00000000e+00 0.00000000e+00 5.13202572e-01 0.00000000e+00
  0.00000000e+00 0.00000000e+00 0.00000000e+00 0.00000000e+00
  1.59532182e-01 6.83542188e-02 3.03046767e-01 2.44458685e-01
  3.11583451e-01 6.01674256e-01 7.66441280e-01]
 [0.00000000e+00 0.00000000e+00 1.89234040e-01 0.00000000e+00
  0.00000000e+00 0.00000000e+00 0.00000000e+00 0.00000000e+00
  1.61474939e-02 7.86212462e-02 0.00000000e+00 1.98508360e-01
  1.75394027e-01 4.86262258e-01 5.21875658e-01]
 [7.52744523e-02 0.00000000e+00 3.14544444e-01 0.00000000e+00
  0.00000000e+00 0.00000000e+00 0.00000000e+00 0.00000000e+00
  0.00000000e+00 0.00000000e+00 2.98927076e-01 2.49377086e-01
  1.85425593e-01 5.35695124e-01 3.62028393e-01]
 [0.00000000e+00 0.00000000e+00 7.39508906e-01 0.00000000e+00
  0.00000000e+00 0.00000000e+00 0.00000000e+00 0.00000000e+00
  5.47284892e-01 4.67039596e-01 4.83561894e-01 3.41045937e-01
  4.01713755e-01 5.90633937e-01 8.35126882e-01]
 [0.00000000e+00 0.00000000e+00 4.18474703e-01 0.00000000e+00
  0.00000000e+00 0.00000000e+00 0.00000000e+00 0.00000000e+00
  2.11190896e-01 2.47287453e-01 2.68270956e-01 2.06685759e-01
  2.68328957e-01 5.19531783e-01 6.06872544e-01]
 [0.00000000e+00 0.00000000e+00 4.00775108e-01 0.00000000e+00
  0.00000000e+00 0.00000000e+00 0.00000000e+00 0.00000000e+00
  2.64897387e-01 1.98204880e-01 3.82486759e-01 3.09120416e-01
  2.22914719e-01 3.80134815e-01 4.23316639e-01]
 [0.00000000e+00 0.00000000e+00 1.51388624e-01 0.00000000e+00
  0.00000000e+00 0.00000000e+00 0.00000000e+00 0.00000000e+00
  1.11158256e-01 1.51552500e-01 2.50700974e-01 1.97295188e-01
  1.52309483e-01 4.87332793e-01 4.50086546e-01]
 [0.00000000e+00 0.00000000e+00 2.15298533e-01 0.00000000e+00
  0.00000000e+00 0.00000000e+00 3.69516865e-02 1.93906833e-01
  8.01614842e-02 6.77204848e-02 1.90665669e-01 2.70509680e-01
  2.47503250e-01 4.19494290e-01 8.78425050e-01]
 [0.00000000e+00 0.00000000e+00 9.73802336e-02 0.00000000e+00
  0.00000000e+00 0.00000000e+00 7.84452757e-02 3.88919623e-01
  0.00000000e+00 0.00000000e+00 1.65726384e-01 1.65320272e-01
  1.39453441e-01 4.83245605e-01 6.05862950e-01]
 [0.00000000e+00 0.00000000e+00 0.00000000e+00 0.00000000e+00
  0.00000000e+00 0.00000000e+00 1.07245141e-01 0.00000000e+00
  0.00000000e+00 1.60414197e-01 7.26168828e-02 1.37206093e-01
  1.85807255e-01 5.17853154e-01 0.00000000e+00]
 [0.00000000e+00 0.00000000e+00 0.00000000e+00 0.00000000e+00
  0.00000000e+00 0.00000000e+00 6.36453241e-01 4.66530034e-01
  0.00000000e+00 0.00000000e+00 1.63933637e-01 9.15650496e-02
  2.82471802e-01 4.53780333e-01 2.31725604e-01]
 [0.00000000e+00 0.00000000e+00 1.22014969e-02 0.00000000e+00
  0.00000000e+00 0.00000000e+00 0.00000000e+00 0.00000000e+00
  0.00000000e+00 0.00000000e+00 1.51833796e-01 1.37337857e-01
  9.32003023e-02 3.59122336e-01 6.84311021e-01]
 [0.00000000e+00 0.00000000e+00 0.00000000e+00 0.00000000e+00
  0.00000000e+00 0.00000000e+00 2.15785856e-02 0.00000000e+00
  0.00000000e+00 0.00000000e+00 7.16228833e-02 1.44421906e-02
  3.38447149e-01 3.55699968e-01 1.18092986e-01]
 [0.00000000e+00 1.42048283e-04 1.90734079e-01 0.00000000e+00
  0.00000000e+00 0.00000000e+00 8.86694591e-01 1.32587699e-01
  8.80771195e-02 0.00000000e+00 1.83129931e-01 5.24465547e-01
  5.55941290e-01 1.03128991e+00 1.57502461e+00]
 [0.00000000e+00 0.00000000e+00 3.93901071e-01 0.00000000e+00
  0.00000000e+00 0.00000000e+00 3.68693984e-01 0.00000000e+00
  1.51863396e-02 0.00000000e+00 9.98089633e-02 5.91364680e-01
  3.99398333e-01 1.92543006e+00 2.37766745e+00]
 [0.00000000e+00 0.00000000e+00 2.90604452e-01 0.00000000e+00
  0.00000000e+00 0.00000000e+00 1.05983096e+00 7.69345182e-02
  0.00000000e+00 0.00000000e+00 0.00000000e+00 7.09027614e-03
  7.87417214e-01 1.24191081e+00 9.64259698e-01]
 [0.00000000e+00 6.99232797e-02 0.00000000e+00 0.00000000e+00
  0.00000000e+00 7.01160548e-01 2.41530299e+00 0.00000000e+00
  0.00000000e+00 0.00000000e+00 4.23159534e-01 1.42572369e+00
  1.32742768e+00 1.25487230e+00 9.89480585e-01]
 [1.22088279e+00 1.12739940e+00 2.06465196e-01 1.68567723e+00
  2.07471161e+00 1.42613329e+00 8.38570060e-01 1.74577565e+00
  1.17606805e+00 8.21675440e-01 1.05433923e+00 5.37498063e-01
  2.71835164e-01 9.04467242e-01 2.99704026e-01]]

17
----------------------------------------------------------------------------------
[[0.00000000e+00 0.00000000e+00 3.73248811e-02 5.74108525e-02
  9.16693479e-02 2.21362612e-01 1.80380311e-01 7.11145663e-02
  0.00000000e+00 9.05577189e-02 2.38711293e-01 1.12657561e-01
  1.12219571e-01 2.01939814e-01 1.35845845e-01]
 [0.00000000e+00 0.00000000e+00 6.28449142e-02 2.30100690e-02
  9.52122008e-02 2.38124520e-01 3.16140725e-01 3.59661768e-02
  1.37779353e-01 0.00000000e+00 1.98097955e-01 1.25512731e-02
  1.18742594e-01 2.99971194e-02 1.85429463e-01]
 [0.00000000e+00 0.00000000e+00 2.18210036e-02 1.19598720e-01
  1.70125389e-01 3.91348262e-02 4.03067283e-01 0.00000000e+00
  0.00000000e+00 2.54943599e-02 1.38140037e-01 1.41870386e-01
  1.43324820e-01 1.76083624e-01 5.04910370e-02]
 [0.00000000e+00 0.00000000e+00 0.00000000e+00 1.50401744e-02
  4.64435147e-02 1.75315038e-01 7.49542153e-02 7.54784265e-02
  0.00000000e+00 1.51022216e-02 7.02535810e-02 3.35306480e-02
  9.22639982e-02 1.45703704e-01 2.05913564e-02]
 [0.00000000e+00 0.00000000e+00 0.00000000e+00 0.00000000e+00
  8.54370196e-02 1.03615413e-01 1.84430030e-01 9.25933801e-02
  6.39607113e-02 0.00000000e+00 1.09012540e-01 4.37823180e-02
  1.35030411e-01 8.85023445e-02 1.73674744e-01]
 [0.00000000e+00 0.00000000e+00 0.00000000e+00 4.22535009e-02
  0.00000000e+00 0.00000000e+00 5.90768738e-02 6.16811413e-02
  0.00000000e+00 0.00000000e+00 2.57951055e-01 4.73524344e-02
  1.39073066e-01 1.68352247e-01 9.44261339e-03]
 [0.00000000e+00 0.00000000e+00 0.00000000e+00 3.79166779e-02
  3.70973796e-03 3.28964489e-02 2.12483488e-01 3.97165169e-02
  1.26715573e-01 0.00000000e+00 1.82039601e-01 7.23017898e-02
  1.39460632e-01 1.57073513e-01 8.14666292e-02]
 [0.00000000e+00 0.00000000e+00 0.00000000e+00 7.17203742e-02
  2.03076869e-01 1.97866174e-01 0.00000000e+00 0.00000000e+00
  0.00000000e+00 1.25221434e-01 8.77360817e-02 0.00000000e+00
  0.00000000e+00 1.15431007e-01 0.00000000e+00]
 [0.00000000e+00 0.00000000e+00 0.00000000e+00 9.54129917e-02
  3.16409443e-01 1.40738293e-01 3.58449094e-03 3.99283911e-03
  0.00000000e+00 8.94645613e-02 8.18196479e-02 0.00000000e+00
  0.00000000e+00 1.17805714e-01 4.48189187e-02]
 [0.00000000e+00 0.00000000e+00 0.00000000e+00 1.84890259e-01
  2.62096670e-01 0.00000000e+00 7.25073574e-02 0.00000000e+00
  1.13510325e-01 1.77550596e-02 2.30477095e-01 7.79532897e-03
  7.58685557e-02 1.59461969e-01 0.00000000e+00]
 [0.00000000e+00 0.00000000e+00 0.00000000e+00 1.32140202e-01
  3.61581553e-01 4.19936979e-02 1.27183407e-01 0.00000000e+00
  5.87364803e-02 0.00000000e+00 1.82246078e-01 0.00000000e+00
  3.07726850e-02 1.41748236e-01 0.00000000e+00]
 [0.00000000e+00 0.00000000e+00 0.00000000e+00 8.63465761e-02
  2.82917702e-01 7.17209332e-02 3.84837303e-04 4.04409213e-03
  0.00000000e+00 1.95628882e-02 3.04351312e-02 0.00000000e+00
  0.00000000e+00 1.08574341e-01 9.09436442e-02]
 [0.00000000e+00 0.00000000e+00 1.80352307e-01 1.20003608e-01
  1.67429246e-01 0.00000000e+00 0.00000000e+00 0.00000000e+00
  5.20386151e-04 3.07944158e-02 2.25898306e-01 0.00000000e+00
  3.60411734e-02 3.24582939e-01 0.00000000e+00]
 [0.00000000e+00 6.40344156e-02 1.97025711e-01 9.17382826e-02
  1.28620818e-01 7.97236244e-02 0.00000000e+00 0.00000000e+00
  1.70033997e-03 1.57104123e-01 4.75287039e-02 0.00000000e+00
  0.00000000e+00 0.00000000e+00 0.00000000e+00]
 [0.00000000e+00 3.45755178e-01 3.67639101e-01 2.33343163e-01
  8.31773723e-02 9.28788784e-02 3.17436455e-02 0.00000000e+00
  4.28211004e-02 1.09179506e-01 4.32954969e-02 0.00000000e+00
  0.00000000e+00 0.00000000e+00 0.00000000e+00]
 [0.00000000e+00 6.87070915e-02 1.03510612e-01 1.74366123e-01
  0.00000000e+00 6.31290706e-02 0.00000000e+00 0.00000000e+00
  0.00000000e+00 1.13546928e-01 8.31443286e-02 0.00000000e+00
  0.00000000e+00 0.00000000e+00 0.00000000e+00]
 [0.00000000e+00 8.27424035e-02 2.66623255e-01 1.32964692e-01
  1.22210691e-01 1.30291817e-01 0.00000000e+00 0.00000000e+00
  1.34922704e-02 2.51460884e-01 2.14282110e-02 0.00000000e+00
  3.87288144e-02 9.88091563e-03 0.00000000e+00]
 [1.07723831e+00 1.10738785e+00 3.80033245e-01 2.24428314e-01
  9.43247548e-01 7.71837120e-01 6.92424199e-01 4.34458246e-01
  4.55518660e-01 3.27968794e-01 1.76829714e-01 7.51128810e-01
  9.34259609e-01 7.66422127e-01 5.66738350e-01]]

18
----------------------------------------------------------------------------------
[[3.28044209e-02 0.00000000e+00 3.81901431e-03 5.50540700e-03
  2.03855241e-02 0.00000000e+00 0.00000000e+00 0.00000000e+00
  4.75460510e-02 0.00000000e+00 0.00000000e+00 1.09718819e-01
  0.00000000e+00 1.66701930e-01 0.00000000e+00]
 [0.00000000e+00 0.00000000e+00 2.23040173e-01 4.31426110e-02
  0.00000000e+00 0.00000000e+00 0.00000000e+00 7.11850241e-02
  9.76530097e-02 0.00000000e+00 1.86773679e-01 0.00000000e+00
  0.00000000e+00 2.42961424e-01 0.00000000e+00]
 [0.00000000e+00 1.00627191e-01 0.00000000e+00 0.00000000e+00
  0.00000000e+00 0.00000000e+00 0.00000000e+00 5.90388110e-02
  9.74336603e-02 1.41325018e-01 0.00000000e+00 1.00183784e-01
  0.00000000e+00 2.69736911e-02 0.00000000e+00]
 [4.25791262e-02 0.00000000e+00 0.00000000e+00 0.00000000e+00
  1.54597681e-02 0.00000000e+00 0.00000000e+00 0.00000000e+00
  3.79591574e-02 0.00000000e+00 0.00000000e+00 4.20470478e-02
  0.00000000e+00 9.77319056e-02 0.00000000e+00]
 [6.02001218e-02 3.60026705e-02 0.00000000e+00 0.00000000e+00
  0.00000000e+00 0.00000000e+00 0.00000000e+00 7.49538212e-03
  9.47498646e-02 0.00000000e+00 0.00000000e+00 3.34766813e-02
  0.00000000e+00 8.55027320e-02 0.00000000e+00]
 [0.00000000e+00 9.51427161e-02 0.00000000e+00 0.00000000e+00
  0.00000000e+00 0.00000000e+00 0.00000000e+00 0.00000000e+00
  7.67552198e-02 1.87655161e-02 0.00000000e+00 4.91809563e-02
  0.00000000e+00 7.97365755e-02 0.00000000e+00]
 [9.93144504e-02 5.99469431e-02 0.00000000e+00 4.20325342e-02
  0.00000000e+00 0.00000000e+00 0.00000000e+00 0.00000000e+00
  1.08134567e-01 0.00000000e+00 0.00000000e+00 5.51092416e-02
  0.00000000e+00 0.00000000e+00 0.00000000e+00]
 [1.34344944e-03 0.00000000e+00 0.00000000e+00 0.00000000e+00
  2.19901045e-04 0.00000000e+00 0.00000000e+00 0.00000000e+00
  0.00000000e+00 0.00000000e+00 0.00000000e+00 0.00000000e+00
  0.00000000e+00 0.00000000e+00 0.00000000e+00]
 [0.00000000e+00 0.00000000e+00 0.00000000e+00 0.00000000e+00
  1.27390869e-02 0.00000000e+00 0.00000000e+00 0.00000000e+00
  1.69614960e-02 1.30103281e-01 0.00000000e+00 0.00000000e+00
  0.00000000e+00 5.60116512e-02 0.00000000e+00]
 [0.00000000e+00 2.91345608e-02 0.00000000e+00 6.79896881e-02
  0.00000000e+00 0.00000000e+00 0.00000000e+00 0.00000000e+00
  8.22808299e-02 1.82323119e-01 0.00000000e+00 5.77085292e-02
  0.00000000e+00 0.00000000e+00 0.00000000e+00]
 [0.00000000e+00 3.30532095e-02 0.00000000e+00 0.00000000e+00
  0.00000000e+00 0.00000000e+00 0.00000000e+00 0.00000000e+00
  8.98589858e-02 1.83281839e-01 0.00000000e+00 0.00000000e+00
  0.00000000e+00 3.82627561e-02 0.00000000e+00]
 [0.00000000e+00 2.45195407e-02 0.00000000e+00 0.00000000e+00
  0.00000000e+00 0.00000000e+00 0.00000000e+00 0.00000000e+00
  1.52982721e-02 7.37826552e-03 0.00000000e+00 0.00000000e+00
  0.00000000e+00 6.51879444e-02 0.00000000e+00]
 [0.00000000e+00 1.13700269e-01 0.00000000e+00 1.37494377e-01
  0.00000000e+00 0.00000000e+00 0.00000000e+00 0.00000000e+00
  4.33915834e-03 1.78505051e-01 0.00000000e+00 0.00000000e+00
  0.00000000e+00 6.18364249e-02 0.00000000e+00]
 [0.00000000e+00 0.00000000e+00 0.00000000e+00 4.20766687e-02
  0.00000000e+00 0.00000000e+00 0.00000000e+00 0.00000000e+00
  0.00000000e+00 0.00000000e+00 0.00000000e+00 0.00000000e+00
  0.00000000e+00 1.01255001e-01 0.00000000e+00]
 [4.87488627e-02 0.00000000e+00 0.00000000e+00 2.37203477e-01
  2.20720174e-01 0.00000000e+00 0.00000000e+00 0.00000000e+00
  0.00000000e+00 0.00000000e+00 0.00000000e+00 0.00000000e+00
  0.00000000e+00 5.30728142e-02 0.00000000e+00]
 [0.00000000e+00 0.00000000e+00 0.00000000e+00 7.45633113e-02
  8.40656477e-02 0.00000000e+00 0.00000000e+00 0.00000000e+00
  7.15969396e-02 0.00000000e+00 0.00000000e+00 6.26465891e-02
  0.00000000e+00 2.03258954e-01 0.00000000e+00]
 [0.00000000e+00 0.00000000e+00 0.00000000e+00 0.00000000e+00
  1.08241420e-02 0.00000000e+00 0.00000000e+00 0.00000000e+00
  0.00000000e+00 0.00000000e+00 0.00000000e+00 0.00000000e+00
  0.00000000e+00 1.12849527e-01 0.00000000e+00]
 [9.98546860e-01 6.45889697e-01 7.50181459e-01 3.92436377e-01
  3.23523827e-01 6.15755364e-01 8.49060313e-01 5.29681747e-01
  6.11486866e-01 5.56642999e-01 5.23841547e-01 4.28091535e-01
  5.57405775e-01 4.82023872e-01 2.07769061e-01]]

19
----------------------------------------------------------------------------------
[[0.00276387 0.         0.         0.         0.         0.
  0.17613253 0.04771139 0.22594587 0.05346395 0.         0.
  0.         0.         0.        ]
 [0.         0.10139914 0.         0.0743483  0.05107002 0.
  0.1222128  0.0891443  0.08775497 0.28120451 0.03357486 0.
  0.         0.00927515 0.        ]
 [0.01425576 0.         0.         0.         0.10901099 0.09238859
  0.1271745  0.0149861  0.1222023  0.30466489 0.         0.
  0.         0.         0.        ]
 [0.         0.         0.         0.         0.01950321 0.
  0.24053948 0.0314994  0.11309941 0.         0.         0.
  0.         0.         0.        ]
 [0.07866574 0.         0.         0.         0.04482916 0.
  0.26251318 0.06182556 0.17268324 0.09536473 0.         0.
  0.         0.1012616  0.        ]
 [0.         0.         0.         0.02655937 0.         0.
  0.14740671 0.         0.12827557 0.22382509 0.         0.
  0.         0.         0.        ]
 [0.11544169 0.         0.         0.         0.05613925 0.00930869
  0.16036478 0.06481387 0.16678198 0.15544305 0.         0.
  0.         0.03937626 0.        ]
 [0.         0.         0.         0.         0.         0.
  0.24654672 0.06471688 0.16011556 0.         0.         0.
  0.         0.         0.        ]
 [0.         0.         0.04251935 0.         0.         0.
  0.21484113 0.01808559 0.09472634 0.00627981 0.         0.
  0.         0.         0.        ]
 [0.         0.         0.         0.         0.09379445 0.
  0.04933374 0.         0.22836881 0.21176808 0.         0.
  0.         0.         0.        ]
 [0.         0.         0.09710239 0.         0.         0.07434563
  0.12099335 0.         0.16322453 0.10252895 0.         0.
  0.         0.         0.        ]
 [0.         0.         0.09661381 0.         0.         0.
  0.22172843 0.03199599 0.09425647 0.00612227 0.         0.
  0.         0.         0.        ]
 [0.         0.         0.28480765 0.         0.         0.03875399
  0.11180448 0.         0.22002208 0.02480481 0.         0.
  0.         0.         0.        ]
 [0.         0.01003067 0.         0.         0.         0.
  0.18027306 0.02140403 0.15114437 0.48429399 0.36323219 0.
  0.         0.08648998 0.35987584]
 [0.         0.0993096  0.05892253 0.         0.04597777 0.
  0.26846732 0.18072011 0.76581578 1.52986386 0.81068735 0.
  0.         0.02230105 0.45525928]
 [0.10691915 0.14518574 0.0370386  0.06180931 0.01808769 0.
  0.22722133 0.         0.69033917 0.73517953 0.         0.
  0.30410915 0.         0.74975806]
 [0.         0.         0.         0.         0.         0.
  0.18469197 0.1135069  0.29442693 1.05407933 1.43691038 0.31547872
  0.         0.         0.50089997]
 [0.71316267 0.47266385 0.39836669 0.67425169 1.15432983 1.4473768
  1.33693954 0.39621506 0.53001112 0.90476255 1.32443102 1.02400176
  0.63595242 0.97804062 0.49449498]]

20
----------------------------------------------------------------------------------
[[2.75210891e-01 1.52916522e-02 2.92258968e-01 1.59282919e-01
  2.42774356e-01 0.00000000e+00 0.00000000e+00 3.41260064e-01
  4.70130956e-01 3.53746588e-03 6.22238147e-02 1.50493271e-01
  0.00000000e+00 0.00000000e+00 6.93412476e-02]
 [2.09779816e-02 0.00000000e+00 1.13444883e-01 2.99160461e-01
  4.57430799e-01 4.81117006e-01 0.00000000e+00 7.20127075e-01
  4.98206610e-01 0.00000000e+00 1.10722193e-01 3.64718030e-01
  0.00000000e+00 0.00000000e+00 1.49677235e-01]
 [0.00000000e+00 0.00000000e+00 5.17759267e-02 2.66649247e-01
  4.65832224e-01 1.17956384e+00 3.52627353e-01 0.00000000e+00
  0.00000000e+00 0.00000000e+00 4.25483793e-01 8.78911277e-02
  0.00000000e+00 1.30559097e-01 6.95037321e-02]
 [2.70980635e-01 1.97829393e-02 3.19753845e-01 1.66781894e-01
  1.49996253e-02 1.85232913e-02 0.00000000e+00 2.39665486e-01
  4.74099219e-01 6.84819640e-02 6.74783272e-02 5.86659726e-02
  0.00000000e+00 0.00000000e+00 7.45324574e-02]
 [2.39377831e-01 0.00000000e+00 2.52094317e-01 2.19669487e-01
  3.69502211e-01 2.64400811e-01 0.00000000e+00 3.71572763e-01
  3.40070165e-01 0.00000000e+00 9.79629456e-02 5.22203189e-02
  0.00000000e+00 0.00000000e+00 2.02990331e-02]
 [3.65718387e-02 5.12647096e-02 1.03323860e-01 3.38737781e-01
  4.94223690e-01 6.94786965e-01 1.73415019e-01 0.00000000e+00
  0.00000000e+00 0.00000000e+00 4.76817447e-01 0.00000000e+00
  0.00000000e+00 0.00000000e+00 0.00000000e+00]
 [1.38588213e-01 3.25703235e-02 1.55742012e-01 2.80283272e-01
  5.69007336e-01 2.60455198e-01 9.79212918e-02 1.30498216e-01
  1.59002814e-01 0.00000000e+00 1.89698416e-01 9.52437826e-02
  0.00000000e+00 0.00000000e+00 0.00000000e+00]
 [2.74846137e-01 0.00000000e+00 3.37113721e-01 1.12496750e-01
  0.00000000e+00 0.00000000e+00 0.00000000e+00 1.49331340e-01
  4.16143408e-01 1.74115997e-01 5.53780825e-03 7.18525449e-02
  0.00000000e+00 0.00000000e+00 9.78566552e-02]
 [1.62740486e-01 0.00000000e+00 2.87438168e-01 1.64701140e-01
  9.67381351e-02 0.00000000e+00 0.00000000e+00 3.14854734e-02
  3.01206594e-01 0.00000000e+00 4.28501593e-02 0.00000000e+00
  0.00000000e+00 0.00000000e+00 5.42354156e-02]
 [0.00000000e+00 2.76581896e-02 0.00000000e+00 3.10996175e-01
  4.11423893e-01 8.57772020e-01 0.00000000e+00 0.00000000e+00
  0.00000000e+00 0.00000000e+00 4.66093410e-01 0.00000000e+00
  0.00000000e+00 0.00000000e+00 0.00000000e+00]
 [3.49326598e-02 0.00000000e+00 1.26821346e-01 2.42007397e-01
  4.44099708e-01 4.94248687e-01 0.00000000e+00 0.00000000e+00
  0.00000000e+00 0.00000000e+00 2.47694415e-01 9.27736775e-02
  0.00000000e+00 0.00000000e+00 0.00000000e+00]
 [1.74701477e-01 0.00000000e+00 3.40450272e-01 1.14204944e-01
  1.16977926e-01 0.00000000e+00 0.00000000e+00 1.01796604e-01
  3.12285636e-01 2.38963051e-02 0.00000000e+00 3.34288515e-02
  0.00000000e+00 0.00000000e+00 1.03249236e-02]
 [1.12449577e-01 0.00000000e+00 1.79446663e-01 2.26653918e-01
  1.47483693e-01 5.12135016e-01 0.00000000e+00 0.00000000e+00
  0.00000000e+00 0.00000000e+00 1.13617653e-01 2.32953450e-01
  0.00000000e+00 0.00000000e+00 0.00000000e+00]
 [6.78047330e-01 2.14432262e-04 1.27708149e+00 7.84915237e-01
  0.00000000e+00 3.00904093e-01 0.00000000e+00 0.00000000e+00
  2.95794792e-01 4.80927909e-01 8.85622422e-01 0.00000000e+00
  0.00000000e+00 0.00000000e+00 0.00000000e+00]
 [1.41938836e+00 2.13450479e-01 2.59969948e+00 1.51535467e+00
  8.19436071e-02 0.00000000e+00 0.00000000e+00 0.00000000e+00
  4.98386529e-01 6.21686055e-01 8.97987670e-01 0.00000000e+00
  0.00000000e+00 0.00000000e+00 0.00000000e+00]
 [5.16203527e-01 2.68828030e-01 1.74378361e+00 9.09895468e-01
  8.93998780e-01 0.00000000e+00 0.00000000e+00 0.00000000e+00
  5.41726171e-01 2.91848753e-01 4.87674394e-02 0.00000000e+00
  0.00000000e+00 0.00000000e+00 0.00000000e+00]
 [9.93050662e-01 0.00000000e+00 8.60546902e-01 1.30945415e+00
  1.16901502e-01 3.19637007e-01 0.00000000e+00 0.00000000e+00
  1.04787514e-01 3.90182225e-01 9.89577731e-01 1.23394764e+00
  2.89853483e-01 2.87450538e-02 2.31831137e-01]
 [8.03041607e-01 1.05523496e+00 6.62186660e-01 6.94870488e-01
  2.77096466e+00 3.75298361e+00 7.18592870e+00 4.59366404e+00
  2.27538856e+00 5.13810056e-01 1.97507593e+00 2.72217056e+00
  2.33841409e+00 2.67972050e+00 1.76319219e+00]]

21
----------------------------------------------------------------------------------
[[0.01556224 0.21107941 0.         0.         0.         0.
  0.         0.09294989 0.         0.01902834 0.         0.        ]
 [0.         0.         0.         0.         0.         0.
  0.         0.03347784 0.         0.11337682 0.         0.        ]
 [0.03586046 0.17524585 0.07578484 0.         0.         0.
  0.         0.13215651 0.         0.         0.         0.        ]
 [0.03959623 0.0122758  0.         0.         0.         0.
  0.         0.         0.         0.03162581 0.         0.        ]
 [0.04653851 0.         0.         0.00336864 0.         0.01148572
  0.         0.         0.         0.         0.         0.        ]
 [0.0418963  0.2151345  0.         0.         0.         0.
  0.07613435 0.         0.         0.         0.         0.        ]
 [0.17525892 0.         0.         0.01630664 0.         0.
  0.         0.         0.         0.         0.         0.        ]
 [0.031076   0.         0.         0.         0.         0.
  0.         0.         0.         0.01742387 0.         0.        ]
 [0.         0.01265101 0.         0.         0.         0.
  0.         0.         0.         0.         0.         0.        ]
 [0.07050113 0.27513792 0.         0.         0.         0.
  0.18194827 0.24739953 0.         0.         0.         0.        ]
 [0.05647036 0.16736605 0.         0.         0.         0.
  0.         0.04043639 0.         0.         0.         0.        ]
 [0.04174947 0.         0.         0.         0.         0.0043143
  0.         0.         0.         0.         0.         0.        ]
 [0.         0.24788062 0.         0.         0.         0.
  0.02156094 0.0246885  0.         0.         0.         0.        ]
 [0.00762216 0.         0.         0.01326256 0.18225985 0.11952093
  0.14019134 0.13055421 0.         0.         0.         0.        ]
 [0.         0.03199789 0.         0.00886041 0.0194509  0.07027424
  0.16284147 0.08649144 0.         0.         0.         0.        ]
 [0.         0.         0.         0.         0.29912926 0.10420654
  0.2951644  0.09876962 0.         0.         0.         0.        ]
 [0.14507198 0.17855802 0.13309336 0.10184422 0.17315219 0.30038966
  0.18047726 0.15740605 0.03951241 0.         0.         0.        ]
 [0.80894445 0.98527123 1.14822943 0.83358084 1.12769995 1.16171698
  0.38453766 0.17921285 0.40284377 0.43784906 0.5938694  0.54100026]]