

1
----------------------------------------------------------------------------------
[[2.62281347e-01 2.05627314e-01 1.96747627e-01 0.00000000e+00
  1.40077985e-01 0.00000000e+00 2.18282951e-02 0.00000000e+00
  0.00000000e+00 0.00000000e+00 9.91990297e-02 4.15737742e-01
  0.00000000e+00 2.69716888e-01 1.88015714e-01]
 [3.30883654e-01 2.24438714e-01 1.86712382e-01 0.00000000e+00
  2.01563740e-02 1.32970330e-01 1.46850308e-01 0.00000000e+00
  0.00000000e+00 0.00000000e+00 1.07754817e-01 4.39583603e-01
  0.00000000e+00 2.51725991e-01 2.48763260e-01]
 [5.18272664e-01 4.86736407e-01 2.54536443e-01 1.33339928e-02
  2.34254156e-02 1.14618491e-01 0.00000000e+00 0.00000000e+00
  7.60918649e-02 1.52722976e-03 1.83010814e-01 0.00000000e+00
  2.93797284e-01 2.20827475e-01 0.00000000e+00]
 [2.22349689e-01 2.88794428e-01 1.69296019e-01 0.00000000e+00
  1.95447183e-01 0.00000000e+00 0.00000000e+00 0.00000000e+00
  0.00000000e+00 0.00000000e+00 1.61800285e-01 4.42169314e-01
  0.00000000e+00 0.00000000e+00 2.11686574e-01]
 [1.60854725e-01 4.06841781e-01 1.04915250e-01 0.00000000e+00
  1.22212061e-01 5.24433259e-02 7.93444640e-03 0.00000000e+00
  3.90130668e-02 0.00000000e+00 1.91231491e-01 3.77532949e-01
  0.00000000e+00 2.13958014e-01 2.88628393e-01]
 [2.75565651e-01 3.23985093e-01 1.71215892e-01 4.73313273e-02
  0.00000000e+00 2.44202515e-01 0.00000000e+00 0.00000000e+00
  2.06622802e-01 0.00000000e+00 2.62933676e-01 0.00000000e+00
  4.81899504e-01 2.74174288e-01 0.00000000e+00]
 [1.75669162e-01 3.15811022e-01 7.17637705e-02 0.00000000e+00
  2.42936456e-02 1.76222658e-01 9.03093554e-03 0.00000000e+00
  1.44144718e-01 0.00000000e+00 2.22687617e-01 1.29290286e-01
  1.07321299e-01 2.49877713e-01 1.51595615e-01]
 [1.97833632e-01 1.61906937e-01 1.84875850e-01 0.00000000e+00
  2.08660294e-01 0.00000000e+00 3.69967309e-02 0.00000000e+00
  0.00000000e+00 0.00000000e+00 7.33922194e-02 4.82762820e-01
  0.00000000e+00 0.00000000e+00 2.68269612e-02]
 [1.84178044e-01 1.77833303e-01 9.13319700e-02 0.00000000e+00
  1.07208127e-01 0.00000000e+00 0.00000000e+00 0.00000000e+00
  0.00000000e+00 0.00000000e+00 2.65246804e-02 4.23331755e-01
  0.00000000e+00 0.00000000e+00 2.59843711e-01]
 [1.86893379e-01 3.28643555e-01 1.28844725e-01 5.69718080e-04
  0.00000000e+00 3.01176730e-01 0.00000000e+00 0.00000000e+00
  3.78523717e-01 3.84460995e-02 9.43580723e-02 0.00000000e+00
  6.56032010e-01 2.42782393e-01 0.00000000e+00]
 [1.83169459e-01 2.36258645e-01 1.33739456e-01 0.00000000e+00
  0.00000000e+00 1.72757440e-01 0.00000000e+00 0.00000000e+00
  1.60926155e-01 0.00000000e+00 1.35079256e-01 0.00000000e+00
  2.34097547e-01 2.74027561e-01 6.17275663e-03]
 [9.44806006e-02 7.00946286e-02 5.32485980e-02 0.00000000e+00
  1.60559281e-01 0.00000000e+00 4.60056383e-02 0.00000000e+00
  0.00000000e+00 0.00000000e+00 4.60529249e-02 4.54082193e-01
  0.00000000e+00 0.00000000e+00 6.68382442e-02]
 [8.01628099e-02 3.38719305e-01 3.69099417e-02 0.00000000e+00
  0.00000000e+00 2.41381249e-01 6.96867026e-03 0.00000000e+00
  1.90070680e-01 5.66069739e-03 4.77808410e-02 0.00000000e+00
  1.98570546e-01 2.97199749e-01 0.00000000e+00]
 [0.00000000e+00 0.00000000e+00 0.00000000e+00 0.00000000e+00
  0.00000000e+00 1.37496787e-01 0.00000000e+00 3.59648468e-02
  3.03946376e-02 0.00000000e+00 1.67819313e-01 0.00000000e+00
  8.41870959e-02 1.34296208e-01 1.66999833e+00]
 [3.52226093e-02 0.00000000e+00 0.00000000e+00 0.00000000e+00
  0.00000000e+00 2.11814549e-01 0.00000000e+00 0.00000000e+00
  1.00269589e-01 8.33782321e-02 2.01832087e-02 0.00000000e+00
  1.71802535e-01 2.74217543e-01 2.30730828e+00]
 [5.20999941e-02 3.49597783e-02 0.00000000e+00 0.00000000e+00
  0.00000000e+00 1.98886057e-01 8.30021594e-02 0.00000000e+00
  3.51717474e-01 3.21930361e-02 1.46514003e-01 0.00000000e+00
  5.25894424e-01 4.33571918e-02 0.00000000e+00]
 [0.00000000e+00 0.00000000e+00 0.00000000e+00 0.00000000e+00
  1.57731109e-02 0.00000000e+00 0.00000000e+00 1.00211363e-01
  0.00000000e+00 0.00000000e+00 1.65882010e-01 4.36584714e-01
  0.00000000e+00 0.00000000e+00 0.00000000e+00]
 [1.47700409e+00 8.73081954e-01 1.01952983e+00 1.44846422e+00
  8.08324254e-01 8.97775733e-01 1.87478289e+00 1.56826905e+00
  1.57221096e+00 2.88331282e+00 3.47163629e+00 1.14124950e+00
  1.63097241e+00 3.69354432e+00 2.75605272e+00]]

2
----------------------------------------------------------------------------------
[[0.12138574 0.16307713 0.26327518 0.05453215 0.08458698 0.14447082
  0.15555497 0.         0.         0.         0.         0.
  0.09104595 0.12851938 0.        ]
 [0.04945243 0.52510487 0.         0.1538945  0.         0.21753909
  0.20326626 0.12739212 0.11223325 0.         0.14766199 0.01548173
  0.07554587 0.13847549 0.25651372]
 [0.         0.44254119 0.         0.         0.24787472 0.10808052
  0.11476921 0.22727378 0.         0.         0.23792037 0.
  0.         0.21809894 0.        ]
 [0.         0.12794981 0.12931357 0.03857133 0.05497182 0.15084576
  0.07852303 0.         0.         0.         0.         0.
  0.00782102 0.03410543 0.        ]
 [0.         0.10406731 0.00966476 0.00493569 0.09388627 0.07238831
  0.20962375 0.         0.07008417 0.         0.05502881 0.
  0.12041063 0.08751893 0.        ]
 [0.         0.23986222 0.         0.         0.09669177 0.
  0.1684958  0.05393605 0.14807917 0.         0.16168984 0.
  0.0543031  0.05122373 0.        ]
 [0.         0.15965383 0.         0.         0.15722924 0.
  0.24080137 0.         0.12643051 0.         0.12423947 0.00445099
  0.0674279  0.05429686 0.02631514]
 [0.         0.12244726 0.19313886 0.         0.03817281 0.2263634
  0.         0.         0.         0.         0.         0.
  0.         0.01844546 0.        ]
 [0.00811412 0.         0.03228459 0.         0.04635023 0.15510232
  0.01249575 0.         0.         0.         0.         0.
  0.         0.         0.        ]
 [0.         0.19177031 0.         0.         0.11738434 0.15460406
  0.08633812 0.         0.05517202 0.07105382 0.038856   0.
  0.         0.         0.        ]
 [0.         0.09690956 0.         0.         0.         0.10568543
  0.11818039 0.         0.04393803 0.         0.13625941 0.
  0.         0.         0.        ]
 [0.         0.         0.15815512 0.         0.01947495 0.26564329
  0.05392601 0.         0.         0.         0.         0.
  0.02048544 0.03300392 0.        ]
 [0.         0.         0.         0.         0.         0.20373747
  0.14495747 0.         0.09426006 0.02009653 0.11383925 0.
  0.         0.         0.        ]
 [0.         0.         0.         0.         0.         0.09939931
  0.         0.         0.07906681 0.09367802 0.00598751 0.
  0.         0.         0.        ]
 [0.         0.         0.         0.         0.         0.07141347
  0.02225981 0.         0.         0.         0.         0.
  0.08473551 0.25561005 0.        ]
 [0.         0.0676751  0.         0.         0.         0.11383886
  0.0565961  0.         0.15677448 0.13105366 0.00974188 0.
  0.         0.         0.        ]
 [0.09213873 0.         0.11229581 0.03152566 0.03426601 0.13777571
  0.         0.         0.         0.         0.         0.
  0.         0.80918092 0.        ]
 [1.61642573 2.48802738 0.92264441 0.75526361 1.01233076 0.16859133
  0.60248216 0.8642902  0.64871362 0.6618575  0.75389351 1.56232842
  0.50661544 0.69562161 0.4790827 ]]

3
----------------------------------------------------------------------------------
[[1.08445624e-01 0.00000000e+00 0.00000000e+00 0.00000000e+00
  4.85377896e-03 9.60428355e-02 0.00000000e+00 0.00000000e+00
  4.66150485e-02 1.80489094e-01 2.19363471e-01 2.23785189e-01
  9.47798536e-02 0.00000000e+00 6.46816673e-02]
 [1.67028703e-01 0.00000000e+00 0.00000000e+00 9.54495096e-02
  6.90044026e-02 2.18099198e-01 4.25290910e-02 0.00000000e+00
  0.00000000e+00 2.05499841e-01 0.00000000e+00 9.86956628e-02
  0.00000000e+00 0.00000000e+00 5.61157392e-02]
 [2.76193795e-01 0.00000000e+00 0.00000000e+00 0.00000000e+00
  0.00000000e+00 1.64704099e-01 0.00000000e+00 0.00000000e+00
  0.00000000e+00 1.45667650e-01 0.00000000e+00 0.00000000e+00
  5.53482456e-02 9.59574118e-03 0.00000000e+00]
 [4.16640589e-02 0.00000000e+00 0.00000000e+00 0.00000000e+00
  0.00000000e+00 2.56078307e-02 0.00000000e+00 0.00000000e+00
  2.22640396e-02 1.74722450e-01 1.30926752e-01 1.24844266e-01
  1.47037026e-01 0.00000000e+00 0.00000000e+00]
 [1.55095454e-01 0.00000000e+00 0.00000000e+00 0.00000000e+00
  0.00000000e+00 6.20383160e-02 0.00000000e+00 0.00000000e+00
  9.97018898e-03 1.45039631e-01 1.13954229e-01 4.71599319e-02
  7.30348693e-02 0.00000000e+00 7.79094045e-02]
 [2.16525648e-01 0.00000000e+00 0.00000000e+00 0.00000000e+00
  0.00000000e+00 1.32387788e-01 0.00000000e+00 0.00000000e+00
  0.00000000e+00 0.00000000e+00 2.77837415e-02 0.00000000e+00
  6.75024031e-03 4.47939568e-02 1.13451891e-01]
 [2.37934362e-01 0.00000000e+00 0.00000000e+00 0.00000000e+00
  0.00000000e+00 5.58734100e-02 0.00000000e+00 0.00000000e+00
  2.45053049e-02 1.44246136e-02 7.35573557e-02 0.00000000e+00
  4.58740421e-02 1.34203603e-02 1.35557077e-01]
 [0.00000000e+00 0.00000000e+00 3.45839050e-02 0.00000000e+00
  0.00000000e+00 3.09476901e-02 0.00000000e+00 0.00000000e+00
  0.00000000e+00 1.32557698e-01 8.93224401e-02 1.24014254e-01
  1.93635153e-01 0.00000000e+00 0.00000000e+00]
 [0.00000000e+00 0.00000000e+00 4.85986467e-02 0.00000000e+00
  0.00000000e+00 1.92180530e-02 0.00000000e+00 0.00000000e+00
  0.00000000e+00 1.38631190e-01 4.35306975e-02 7.12939735e-02
  1.75876514e-01 0.00000000e+00 0.00000000e+00]
 [1.59232447e-01 0.00000000e+00 0.00000000e+00 0.00000000e+00
  0.00000000e+00 1.97575959e-01 0.00000000e+00 0.00000000e+00
  0.00000000e+00 0.00000000e+00 0.00000000e+00 0.00000000e+00
  6.39262432e-02 0.00000000e+00 4.41612917e-02]
 [1.49227269e-01 0.00000000e+00 0.00000000e+00 0.00000000e+00
  0.00000000e+00 8.16229356e-02 0.00000000e+00 0.00000000e+00
  0.00000000e+00 0.00000000e+00 0.00000000e+00 0.00000000e+00
  9.71403754e-02 8.24688710e-04 6.30536923e-02]
 [4.71892609e-02 0.00000000e+00 1.42832935e-01 3.55347244e-02
  3.39667787e-02 6.76925866e-02 0.00000000e+00 0.00000000e+00
  0.00000000e+00 4.42744055e-02 5.77787314e-02 9.43798769e-02
  1.36193979e-01 0.00000000e+00 0.00000000e+00]
 [1.76202701e-01 0.00000000e+00 0.00000000e+00 0.00000000e+00
  1.13684251e-02 8.18972986e-02 6.23759854e-02 0.00000000e+00
  0.00000000e+00 2.77562371e-02 0.00000000e+00 0.00000000e+00
  9.98225407e-02 0.00000000e+00 1.26882090e-01]
 [4.44068300e-01 1.64522819e-01 9.97694151e-02 4.56318955e-03
  4.06651042e-02 7.48659245e-02 1.33783464e-01 4.36183192e-02
  0.00000000e+00 9.95862725e-02 0.00000000e+00 0.00000000e+00
  1.04708527e-01 2.34408267e-02 1.79819826e-02]
 [1.67168782e+00 8.73186987e-01 3.97501568e-01 2.41098873e-02
  4.75137638e-02 8.62780252e-02 9.41016029e-02 7.62784201e-02
  0.00000000e+00 2.40141771e-02 0.00000000e+00 0.00000000e+00
  1.57058654e-02 0.00000000e+00 0.00000000e+00]
 [6.66721776e-01 2.39141968e-01 3.14317607e-02 1.89702030e-02
  2.26852090e-02 1.18749504e-01 4.31426143e-01 2.37794064e-01
  0.00000000e+00 2.43319995e-01 0.00000000e+00 0.00000000e+00
  6.71818450e-02 0.00000000e+00 0.00000000e+00]
 [5.03886817e-01 1.03709628e-01 3.46474707e-01 7.06923252e-02
  0.00000000e+00 3.87326646e-02 3.39162168e-03 9.94711132e-02
  0.00000000e+00 5.25790402e-02 0.00000000e+00 2.91914250e-02
  2.61588936e-01 0.00000000e+00 2.75206020e-02]
 [2.30683953e-01 1.05135425e+00 3.88792179e-01 2.53458891e-01
  2.65860671e-01 1.32387451e-01 3.93767283e-01 3.07432720e-01
  6.83890667e-01 2.13440491e-01 8.23349913e-01 5.02966441e-01
  2.06506785e-01 1.81879495e-01 5.61543589e-01]]

4
----------------------------------------------------------------------------------
[[0.         0.01817269 0.         0.04509918 0.06678635 0.
  0.51051632 0.         0.0584008  0.19853485 0.         0.
  0.00287483 0.0482259  0.        ]
 [0.         0.0543384  0.19827994 0.17321084 0.12039853 0.24257054
  0.35310256 0.04504797 0.01544298 0.08065878 0.         0.25769009
  0.1249942  0.07459863 0.05631138]
 [0.087268   0.         0.27982881 0.08191333 0.         0.37196586
  0.4078796  0.0541062  0.         0.07540259 0.         0.
  0.17300219 0.         0.        ]
 [0.         0.         0.00221264 0.         0.0949636  0.04597581
  0.38313884 0.         0.07837196 0.1011818  0.         0.
  0.         0.         0.        ]
 [0.         0.         0.01603134 0.05802826 0.1277455  0.03756792
  0.29724792 0.10489731 0.10942502 0.00753826 0.         0.
  0.07339157 0.         0.        ]
 [0.13095874 0.         0.09302365 0.03257738 0.01048444 0.25446013
  0.3698629  0.07524875 0.         0.12553112 0.         0.
  0.13059799 0.         0.        ]
 [0.         0.         0.08618232 0.05949957 0.06437268 0.07483101
  0.32806133 0.03516917 0.07385051 0.0290506  0.         0.
  0.13285919 0.         0.        ]
 [0.         0.08105657 0.02113384 0.         0.         0.05929048
  0.25961476 0.         0.07023005 0.13031096 0.         0.
  0.         0.         0.        ]
 [0.         0.         0.00524215 0.         0.         0.05319811
  0.18317222 0.         0.04451121 0.04866456 0.         0.
  0.         0.         0.        ]
 [0.24522489 0.07261868 0.03803849 0.         0.         0.40419977
  0.39706204 0.         0.         0.22405973 0.         0.
  0.13031009 0.         0.        ]
 [0.13248241 0.         0.08437519 0.         0.         0.23983524
  0.27356677 0.         0.         0.0930838  0.         0.
  0.06761088 0.         0.        ]
 [0.         0.02476647 0.02662267 0.         0.         0.01558032
  0.17421123 0.         0.02315747 0.07635501 0.         0.
  0.01690248 0.         0.        ]
 [0.05881813 0.00939235 0.         0.         0.         0.21455742
  0.20693848 0.         0.         0.13351948 0.         0.
  0.07540355 0.         0.        ]
 [0.         0.         0.         0.         0.04250642 0.29401206
  0.         0.         0.15255053 0.50657901 0.04964532 0.
  0.07879362 0.         0.01108889]
 [0.02484667 0.         0.         0.         0.80324287 0.96285482
  0.03791143 0.         0.61215563 0.91962133 0.13086902 0.04444804
  0.05420333 0.         0.        ]
 [0.07953952 0.         0.         0.         0.31186432 0.2428951
  0.2499649  0.         0.17426027 0.76755579 0.30414866 0.27042384
  0.18297401 0.         0.05205539]
 [0.         0.0374004  0.         0.         0.         0.41980881
  0.00584307 0.         0.49653961 0.58019363 0.         0.
  0.         0.         0.        ]
 [0.67306759 1.09974422 0.89263738 1.04395792 0.44395944 0.72629576
  1.14005095 0.89642334 0.62156201 0.13187824 0.70443887 0.75818916
  0.63129826 0.69479894 0.54298859]]

5
----------------------------------------------------------------------------------
[[9.12850947e-02 3.58816152e-02 0.00000000e+00 0.00000000e+00
  0.00000000e+00 2.83003904e-02 1.82862317e-01 8.57768833e-02
  3.69497360e-01 5.06359329e-01 4.47702639e-01 3.37909723e-01
  0.00000000e+00 0.00000000e+00 0.00000000e+00]
 [3.30635332e-01 0.00000000e+00 0.00000000e+00 0.00000000e+00
  0.00000000e+00 0.00000000e+00 0.00000000e+00 2.37967231e-01
  3.82451970e-01 5.64532458e-01 5.52056742e-01 6.63531962e-02
  7.60194990e-02 0.00000000e+00 0.00000000e+00]
 [1.17711077e-01 4.09660764e-02 0.00000000e+00 0.00000000e+00
  0.00000000e+00 1.99685604e-01 1.25812544e-02 1.49102512e-01
  3.36076152e-01 6.73665844e-01 1.73026871e-01 3.03594182e-01
  1.43182056e-01 4.19668545e-02 0.00000000e+00]
 [0.00000000e+00 5.95213143e-02 0.00000000e+00 0.00000000e+00
  0.00000000e+00 0.00000000e+00 1.01058769e-01 8.14881100e-02
  2.71166846e-01 4.07163633e-01 1.69230618e-01 2.92227539e-01
  0.00000000e+00 0.00000000e+00 0.00000000e+00]
 [6.36336264e-03 1.57721494e-02 0.00000000e+00 0.00000000e+00
  0.00000000e+00 0.00000000e+00 5.29512284e-02 5.45238556e-02
  2.49636120e-01 3.10970658e-01 4.60310060e-02 2.55664433e-01
  0.00000000e+00 0.00000000e+00 0.00000000e+00]
 [6.58680103e-02 0.00000000e+00 0.00000000e+00 0.00000000e+00
  0.00000000e+00 1.10210034e-02 0.00000000e+00 1.66553245e-01
  2.16965343e-01 4.62702326e-01 2.49920508e-01 4.50320565e-01
  1.49208382e-01 0.00000000e+00 0.00000000e+00]
 [3.66143258e-02 0.00000000e+00 0.00000000e+00 0.00000000e+00
  0.00000000e+00 0.00000000e+00 3.57885152e-02 1.34666683e-01
  1.65084752e-01 3.84301841e-01 1.67303760e-01 3.01760036e-01
  1.57396732e-02 0.00000000e+00 0.00000000e+00]
 [0.00000000e+00 7.05758204e-02 0.00000000e+00 0.00000000e+00
  0.00000000e+00 3.43985143e-02 4.21266869e-02 8.41645679e-02
  2.18623353e-01 4.27437051e-01 1.37811735e-01 2.77943450e-01
  0.00000000e+00 0.00000000e+00 0.00000000e+00]
 [0.00000000e+00 4.60156662e-02 0.00000000e+00 5.77915231e-02
  0.00000000e+00 2.44067772e-03 4.28561331e-03 9.19817497e-02
  6.37985788e-02 2.57146349e-01 1.21385552e-01 1.69535202e-01
  0.00000000e+00 0.00000000e+00 0.00000000e+00]
 [3.15775964e-02 6.06089981e-02 0.00000000e+00 0.00000000e+00
  0.00000000e+00 1.77284272e-01 0.00000000e+00 1.09179198e-01
  2.97796078e-01 6.18369591e-01 4.43932272e-01 3.85426430e-01
  9.51320157e-02 1.33740647e-01 0.00000000e+00]
 [0.00000000e+00 0.00000000e+00 0.00000000e+00 0.00000000e+00
  0.00000000e+00 5.95305535e-02 0.00000000e+00 6.56962393e-02
  3.00220003e-02 3.96946243e-01 2.73550927e-01 2.92250695e-01
  1.54078189e-02 1.07677661e-02 0.00000000e+00]
 [0.00000000e+00 4.11873673e-02 0.00000000e+00 0.00000000e+00
  0.00000000e+00 0.00000000e+00 4.27036359e-02 5.00516454e-02
  1.04675946e-01 3.09164988e-01 1.18883406e-01 1.62007318e-01
  0.00000000e+00 0.00000000e+00 0.00000000e+00]
 [0.00000000e+00 4.51474359e-02 0.00000000e+00 0.00000000e+00
  0.00000000e+00 7.06852746e-02 0.00000000e+00 2.40556715e-02
  1.63066405e-01 4.05885120e-01 1.14074937e-01 2.33387073e-01
  7.65845149e-02 0.00000000e+00 0.00000000e+00]
 [9.69357736e-02 1.43871872e-01 4.62017244e-02 1.13000154e+00
  3.16255892e-01 2.16694946e-01 6.46116857e-02 7.62286159e-02
  7.83333364e-01 2.73489403e+00 1.11255525e+00 4.24765190e-01
  0.00000000e+00 2.73568262e-01 7.74815907e-01]
 [0.00000000e+00 0.00000000e+00 6.41210903e-01 1.15563158e+00
  0.00000000e+00 1.63408835e-02 0.00000000e+00 3.14507818e-01
  1.54293477e+00 5.30972368e+00 2.74850272e+00 7.71997680e-01
  0.00000000e+00 0.00000000e+00 3.85852307e-01]
 [8.32746482e-02 0.00000000e+00 0.00000000e+00 1.82948140e-01
  3.50632731e-01 1.51943217e-01 0.00000000e+00 4.29695348e-01
  1.28142123e+00 1.93368422e+00 1.19859783e+00 0.00000000e+00
  0.00000000e+00 9.63036036e-03 9.97779364e-01]
 [0.00000000e+00 5.72295761e-02 1.70567109e-01 0.00000000e+00
  0.00000000e+00 0.00000000e+00 0.00000000e+00 1.31697668e-02
  6.19714907e-01 9.17796954e-01 1.37701722e-01 2.79566847e-01
  2.16031139e-01 3.49391252e-01 0.00000000e+00]
 [1.26619870e+00 1.16758052e+00 1.01229705e+00 9.83673497e-01
  1.07666203e+00 1.22879204e+00 1.27575268e+00 1.03011484e+00
  1.32550336e+00 1.55806041e+00 1.99925787e+00 1.72318601e+00
  1.32308762e+00 1.00054692e+00 1.32993004e+00]]

6
----------------------------------------------------------------------------------
[[3.59827274e-01 2.24881381e-01 5.14048956e-02 0.00000000e+00
  3.17071847e-02 1.89159563e-02 0.00000000e+00 0.00000000e+00
  0.00000000e+00 0.00000000e+00 0.00000000e+00 0.00000000e+00
  0.00000000e+00 0.00000000e+00 0.00000000e+00]
 [3.45040258e-01 6.62850559e-02 6.40994670e-02 1.10655995e-01
  1.17906921e-01 0.00000000e+00 0.00000000e+00 0.00000000e+00
  8.89269863e-02 0.00000000e+00 0.00000000e+00 0.00000000e+00
  0.00000000e+00 0.00000000e+00 0.00000000e+00]
 [2.49446574e-01 1.05879621e-01 0.00000000e+00 1.20863328e-03
  3.32139989e-02 0.00000000e+00 0.00000000e+00 0.00000000e+00
  0.00000000e+00 0.00000000e+00 0.00000000e+00 0.00000000e+00
  0.00000000e+00 0.00000000e+00 0.00000000e+00]
 [3.32034380e-01 2.08568087e-01 5.24847109e-02 0.00000000e+00
  0.00000000e+00 0.00000000e+00 0.00000000e+00 0.00000000e+00
  0.00000000e+00 0.00000000e+00 0.00000000e+00 0.00000000e+00
  0.00000000e+00 0.00000000e+00 0.00000000e+00]
 [2.15124264e-01 1.98147911e-01 1.11711038e-01 0.00000000e+00
  5.34475222e-02 0.00000000e+00 0.00000000e+00 0.00000000e+00
  4.34886166e-02 0.00000000e+00 0.00000000e+00 0.00000000e+00
  0.00000000e+00 0.00000000e+00 0.00000000e+00]
 [7.27047849e-02 8.52016792e-02 0.00000000e+00 0.00000000e+00
  2.32850429e-02 0.00000000e+00 0.00000000e+00 2.38913127e-01
  6.95415341e-03 0.00000000e+00 0.00000000e+00 0.00000000e+00
  0.00000000e+00 0.00000000e+00 0.00000000e+00]
 [1.24845325e-01 1.59224287e-01 8.30310483e-02 0.00000000e+00
  3.85293357e-02 0.00000000e+00 0.00000000e+00 1.53746212e-01
  2.06497778e-01 0.00000000e+00 0.00000000e+00 0.00000000e+00
  0.00000000e+00 0.00000000e+00 0.00000000e+00]
 [2.19229372e-01 2.47873848e-02 0.00000000e+00 0.00000000e+00
  0.00000000e+00 0.00000000e+00 0.00000000e+00 0.00000000e+00
  0.00000000e+00 0.00000000e+00 1.33585927e-01 0.00000000e+00
  0.00000000e+00 0.00000000e+00 0.00000000e+00]
 [1.23181242e-01 0.00000000e+00 0.00000000e+00 0.00000000e+00
  0.00000000e+00 0.00000000e+00 0.00000000e+00 0.00000000e+00
  0.00000000e+00 0.00000000e+00 7.15669977e-02 0.00000000e+00
  0.00000000e+00 0.00000000e+00 0.00000000e+00]
 [0.00000000e+00 1.59082879e-01 0.00000000e+00 0.00000000e+00
  0.00000000e+00 0.00000000e+00 0.00000000e+00 0.00000000e+00
  0.00000000e+00 0.00000000e+00 0.00000000e+00 0.00000000e+00
  0.00000000e+00 0.00000000e+00 0.00000000e+00]
 [0.00000000e+00 4.68234049e-02 0.00000000e+00 0.00000000e+00
  0.00000000e+00 0.00000000e+00 0.00000000e+00 0.00000000e+00
  0.00000000e+00 0.00000000e+00 0.00000000e+00 0.00000000e+00
  0.00000000e+00 0.00000000e+00 0.00000000e+00]
 [7.58348959e-02 4.53754169e-02 0.00000000e+00 0.00000000e+00
  0.00000000e+00 0.00000000e+00 0.00000000e+00 0.00000000e+00
  0.00000000e+00 0.00000000e+00 4.99369094e-02 0.00000000e+00
  0.00000000e+00 0.00000000e+00 0.00000000e+00]
 [0.00000000e+00 5.93223122e-03 0.00000000e+00 0.00000000e+00
  0.00000000e+00 0.00000000e+00 0.00000000e+00 0.00000000e+00
  0.00000000e+00 0.00000000e+00 0.00000000e+00 0.00000000e+00
  0.00000000e+00 0.00000000e+00 0.00000000e+00]
 [0.00000000e+00 2.43512508e-01 0.00000000e+00 0.00000000e+00
  0.00000000e+00 0.00000000e+00 1.63067734e-01 0.00000000e+00
  0.00000000e+00 0.00000000e+00 9.96365584e-02 2.79796449e-01
  2.49869125e-01 0.00000000e+00 0.00000000e+00]
 [1.30274316e-01 1.37621529e-01 0.00000000e+00 0.00000000e+00
  0.00000000e+00 0.00000000e+00 2.27306065e-01 0.00000000e+00
  0.00000000e+00 0.00000000e+00 0.00000000e+00 8.84536021e-02
  1.13389327e-01 0.00000000e+00 0.00000000e+00]
 [1.73923420e-01 3.32390364e-01 0.00000000e+00 0.00000000e+00
  0.00000000e+00 0.00000000e+00 2.12357034e-01 0.00000000e+00
  0.00000000e+00 0.00000000e+00 0.00000000e+00 2.97379561e-01
  2.25550190e-01 1.17702149e-01 0.00000000e+00]
 [4.98894065e-01 4.03646786e-01 0.00000000e+00 0.00000000e+00
  0.00000000e+00 0.00000000e+00 3.47320449e-01 0.00000000e+00
  0.00000000e+00 0.00000000e+00 1.24695740e-02 1.45403707e-01
  0.00000000e+00 0.00000000e+00 0.00000000e+00]
 [3.77468984e-01 1.55278318e-01 6.69817328e-01 1.79779494e+00
  2.31926802e+00 2.94079511e+00 1.32777558e+00 2.47128044e+00
  2.40172121e+00 1.27746610e+00 8.01064799e-01 1.85866307e+00
  2.34955940e+00 2.82342478e+00 1.93735106e+00]]

7
----------------------------------------------------------------------------------
[[0.00000000e+00 0.00000000e+00 1.56679846e-01 1.80166259e-01
  0.00000000e+00 6.11598594e-02 2.27755475e-01 5.70425225e-01
  0.00000000e+00 4.76971023e-01 4.91455237e-01 0.00000000e+00
  0.00000000e+00 0.00000000e+00 0.00000000e+00]
 [0.00000000e+00 0.00000000e+00 2.38230547e-02 0.00000000e+00
  0.00000000e+00 1.59210494e-02 2.52532460e-01 4.28500716e-01
  0.00000000e+00 7.49116270e-01 2.09608046e-01 0.00000000e+00
  0.00000000e+00 0.00000000e+00 0.00000000e+00]
 [0.00000000e+00 0.00000000e+00 0.00000000e+00 0.00000000e+00
  0.00000000e+00 8.27823306e-02 3.20792359e-01 0.00000000e+00
  7.02034047e-01 0.00000000e+00 0.00000000e+00 0.00000000e+00
  0.00000000e+00 7.26494850e-02 2.31284319e-01]
 [0.00000000e+00 0.00000000e+00 5.98721088e-02 3.47464953e-01
  0.00000000e+00 1.28015098e-01 1.71991913e-01 5.46832640e-01
  2.39692057e-01 5.99469745e-01 4.94715354e-01 0.00000000e+00
  0.00000000e+00 0.00000000e+00 0.00000000e+00]
 [0.00000000e+00 0.00000000e+00 0.00000000e+00 1.12287512e-01
  0.00000000e+00 3.82311219e-02 1.25199204e-01 2.31092909e-01
  3.09138909e-01 6.98877343e-01 1.73206170e-01 0.00000000e+00
  0.00000000e+00 0.00000000e+00 0.00000000e+00]
 [0.00000000e+00 1.08187108e-01 0.00000000e+00 0.00000000e+00
  0.00000000e+00 1.93412050e-01 3.02836699e-01 0.00000000e+00
  2.90899297e-01 0.00000000e+00 0.00000000e+00 0.00000000e+00
  0.00000000e+00 0.00000000e+00 2.71356888e-01]
 [0.00000000e+00 0.00000000e+00 0.00000000e+00 0.00000000e+00
  0.00000000e+00 1.93164846e-02 1.78909281e-01 8.38356489e-02
  3.30456477e-01 5.33718738e-01 0.00000000e+00 0.00000000e+00
  0.00000000e+00 0.00000000e+00 2.65155426e-01]
 [0.00000000e+00 0.00000000e+00 0.00000000e+00 2.96116874e-01
  0.00000000e+00 2.68259432e-01 1.82549935e-01 4.22955166e-01
  0.00000000e+00 2.20828748e-01 4.99962548e-01 0.00000000e+00
  0.00000000e+00 0.00000000e+00 0.00000000e+00]
 [0.00000000e+00 8.42340595e-03 0.00000000e+00 3.04669432e-02
  0.00000000e+00 1.65350545e-01 1.91688414e-01 2.36850360e-01
  1.73369795e-01 4.23383221e-01 2.45850972e-01 0.00000000e+00
  0.00000000e+00 0.00000000e+00 0.00000000e+00]
 [2.28091567e-01 1.56346279e-01 0.00000000e+00 0.00000000e+00
  0.00000000e+00 7.06401701e-02 1.72730980e-01 0.00000000e+00
  0.00000000e+00 0.00000000e+00 0.00000000e+00 0.00000000e+00
  0.00000000e+00 1.21797546e-01 1.93687362e-01]
 [1.92174475e-02 1.51921975e-01 0.00000000e+00 0.00000000e+00
  0.00000000e+00 0.00000000e+00 7.74114433e-02 0.00000000e+00
  4.47999875e-01 0.00000000e+00 0.00000000e+00 0.00000000e+00
  0.00000000e+00 0.00000000e+00 1.67727974e-01]
 [0.00000000e+00 0.00000000e+00 0.00000000e+00 5.21550654e-04
  0.00000000e+00 7.66661336e-02 1.98572587e-01 2.61127558e-01
  0.00000000e+00 2.61137867e-01 4.27934288e-01 0.00000000e+00
  0.00000000e+00 0.00000000e+00 0.00000000e+00]
 [1.22926857e-01 4.30955581e-02 0.00000000e+00 0.00000000e+00
  0.00000000e+00 0.00000000e+00 0.00000000e+00 0.00000000e+00
  2.88397095e-01 0.00000000e+00 0.00000000e+00 0.00000000e+00
  0.00000000e+00 0.00000000e+00 1.37648317e-01]
 [1.75372087e-01 1.27508858e-01 0.00000000e+00 0.00000000e+00
  0.00000000e+00 2.13982465e-01 2.49101964e-02 0.00000000e+00
  2.93174723e-01 0.00000000e+00 0.00000000e+00 1.10083930e-01
  5.07684638e-02 8.52738949e-02 0.00000000e+00]
 [9.22609316e-02 3.45106017e-02 0.00000000e+00 0.00000000e+00
  0.00000000e+00 1.79681723e-01 9.68244609e-02 0.00000000e+00
  4.62124807e-01 1.73883727e-01 2.70556131e-01 2.69333561e-01
  1.41357294e-01 1.96958646e-01 0.00000000e+00]
 [0.00000000e+00 8.75859705e-02 0.00000000e+00 0.00000000e+00
  1.86082327e-01 0.00000000e+00 1.65270953e-01 0.00000000e+00
  5.32667551e-01 0.00000000e+00 0.00000000e+00 0.00000000e+00
  0.00000000e+00 2.33819273e-01 1.51325035e-01]
 [4.03519861e-02 2.73688670e-01 0.00000000e+00 1.87312097e-01
  0.00000000e+00 3.04681285e-01 0.00000000e+00 0.00000000e+00
  4.63094862e-01 6.74081633e-03 3.72647242e-01 7.80030696e-02
  7.13748124e-02 0.00000000e+00 0.00000000e+00]
 [1.20192661e+00 2.02777425e+00 2.37778110e+00 1.49482741e+00
  1.88057813e+00 3.17792874e-01 1.99324475e+00 9.14795619e-01
  3.09682167e+00 6.60780284e+00 5.74589675e+00 4.43343429e+00
  2.74347794e+00 1.34200702e+00 2.50957333e+00]]

8
----------------------------------------------------------------------------------
[[0.00000000e+00 0.00000000e+00 1.65792446e-01 2.54589622e-01
  0.00000000e+00 0.00000000e+00 0.00000000e+00 0.00000000e+00
  0.00000000e+00 0.00000000e+00 6.77369897e-01 0.00000000e+00
  6.60414379e-01 7.11750448e-01 0.00000000e+00]
 [0.00000000e+00 0.00000000e+00 0.00000000e+00 9.90576557e-01
  0.00000000e+00 0.00000000e+00 0.00000000e+00 0.00000000e+00
  0.00000000e+00 0.00000000e+00 1.63127132e+00 2.76074986e+00
  6.13933444e+00 1.38192030e+00 4.83760254e-01]
 [0.00000000e+00 0.00000000e+00 0.00000000e+00 7.05004690e-01
  0.00000000e+00 0.00000000e+00 0.00000000e+00 0.00000000e+00
  0.00000000e+00 0.00000000e+00 0.00000000e+00 0.00000000e+00
  4.66901327e+00 2.07300098e+00 5.65207288e-01]
 [5.48064386e-02 0.00000000e+00 2.26676005e-01 0.00000000e+00
  0.00000000e+00 0.00000000e+00 0.00000000e+00 0.00000000e+00
  0.00000000e+00 0.00000000e+00 5.17462464e-02 0.00000000e+00
  2.86724737e-01 3.27948999e-01 0.00000000e+00]
 [1.17519714e-01 0.00000000e+00 5.42757196e-02 0.00000000e+00
  0.00000000e+00 0.00000000e+00 0.00000000e+00 0.00000000e+00
  0.00000000e+00 0.00000000e+00 9.65006157e-02 0.00000000e+00
  5.63649156e-01 2.91485166e-01 0.00000000e+00]
 [0.00000000e+00 0.00000000e+00 0.00000000e+00 4.37820445e-01
  3.21450175e-01 0.00000000e+00 0.00000000e+00 0.00000000e+00
  0.00000000e+00 0.00000000e+00 2.93278803e-01 0.00000000e+00
  0.00000000e+00 1.13965216e+00 4.97440820e-01]
 [0.00000000e+00 0.00000000e+00 0.00000000e+00 3.64697474e-01
  9.46397098e-02 0.00000000e+00 0.00000000e+00 0.00000000e+00
  0.00000000e+00 0.00000000e+00 9.61950803e-01 0.00000000e+00
  2.25520124e-01 7.82589004e-01 8.57253603e-01]
 [0.00000000e+00 0.00000000e+00 0.00000000e+00 0.00000000e+00
  0.00000000e+00 0.00000000e+00 0.00000000e+00 0.00000000e+00
  0.00000000e+00 0.00000000e+00 0.00000000e+00 0.00000000e+00
  0.00000000e+00 3.51339244e-01 0.00000000e+00]
 [0.00000000e+00 0.00000000e+00 0.00000000e+00 0.00000000e+00
  0.00000000e+00 0.00000000e+00 0.00000000e+00 0.00000000e+00
  0.00000000e+00 0.00000000e+00 1.38157184e-01 0.00000000e+00
  0.00000000e+00 3.07926017e-01 0.00000000e+00]
 [0.00000000e+00 0.00000000e+00 0.00000000e+00 5.17023302e-01
  7.47947472e-02 0.00000000e+00 0.00000000e+00 0.00000000e+00
  0.00000000e+00 0.00000000e+00 1.00488865e+00 0.00000000e+00
  0.00000000e+00 1.80546398e+00 5.91337696e-01]
 [0.00000000e+00 0.00000000e+00 0.00000000e+00 5.38865855e-01
  0.00000000e+00 0.00000000e+00 0.00000000e+00 0.00000000e+00
  0.00000000e+00 0.00000000e+00 1.40859361e-01 0.00000000e+00
  0.00000000e+00 1.29188732e+00 4.59246803e-01]
 [0.00000000e+00 0.00000000e+00 0.00000000e+00 1.76914519e-02
  0.00000000e+00 0.00000000e+00 0.00000000e+00 0.00000000e+00
  0.00000000e+00 0.00000000e+00 2.65515258e-01 1.57978105e-01
  7.56357098e-01 1.45522890e-01 0.00000000e+00]
 [0.00000000e+00 0.00000000e+00 0.00000000e+00 3.44029293e-01
  2.14587476e-01 0.00000000e+00 0.00000000e+00 0.00000000e+00
  0.00000000e+00 0.00000000e+00 1.04861288e+00 9.26800901e-02
  5.79185301e-01 7.81583823e-01 1.01150517e-01]
 [0.00000000e+00 0.00000000e+00 0.00000000e+00 3.13270963e-01
  9.71842304e-02 0.00000000e+00 0.00000000e+00 0.00000000e+00
  0.00000000e+00 0.00000000e+00 1.27544154e-01 2.94573628e-01
  0.00000000e+00 5.39629272e-01 3.02399396e-01]
 [0.00000000e+00 0.00000000e+00 0.00000000e+00 3.19050088e-01
  0.00000000e+00 0.00000000e+00 0.00000000e+00 0.00000000e+00
  0.00000000e+00 0.00000000e+00 2.68646198e-01 2.91629830e-01
  0.00000000e+00 5.93454917e-01 4.89031823e-01]
 [0.00000000e+00 0.00000000e+00 0.00000000e+00 7.79522660e-01
  1.49001958e-01 6.84427163e-03 0.00000000e+00 0.00000000e+00
  0.00000000e+00 0.00000000e+00 3.69525728e-01 0.00000000e+00
  0.00000000e+00 1.17779705e+00 7.92559824e-01]
 [0.00000000e+00 0.00000000e+00 0.00000000e+00 2.75190624e-01
  0.00000000e+00 0.00000000e+00 0.00000000e+00 0.00000000e+00
  0.00000000e+00 0.00000000e+00 3.24729413e-01 0.00000000e+00
  5.54815437e-01 1.01955589e+00 0.00000000e+00]
 [5.65950211e+00 4.98183197e+00 1.86379591e+00 2.44336720e+00
  4.18857013e+00 6.37334050e+00 7.40222996e+00 7.61687755e+00
  5.51646914e+00 3.10105420e+00 2.51351894e+00 3.99793513e+00
  2.46478417e+00 1.03464655e+00 3.22268116e+00]]

9
----------------------------------------------------------------------------------
[[0.00000000e+00 0.00000000e+00 0.00000000e+00 0.00000000e+00
  0.00000000e+00 0.00000000e+00 0.00000000e+00 0.00000000e+00
  0.00000000e+00 0.00000000e+00 0.00000000e+00 3.12309289e-01
  0.00000000e+00 0.00000000e+00 0.00000000e+00]
 [0.00000000e+00 0.00000000e+00 0.00000000e+00 8.17886375e-01
  0.00000000e+00 0.00000000e+00 0.00000000e+00 0.00000000e+00
  0.00000000e+00 0.00000000e+00 0.00000000e+00 2.53843348e-01
  1.61384874e+01 2.30613327e+00 0.00000000e+00]
 [0.00000000e+00 0.00000000e+00 0.00000000e+00 1.14395152e+00
  3.66063794e-01 0.00000000e+00 0.00000000e+00 0.00000000e+00
  0.00000000e+00 6.63104238e-01 0.00000000e+00 0.00000000e+00
  0.00000000e+00 0.00000000e+00 0.00000000e+00]
 [0.00000000e+00 0.00000000e+00 0.00000000e+00 6.04787500e-03
  0.00000000e+00 0.00000000e+00 0.00000000e+00 0.00000000e+00
  0.00000000e+00 0.00000000e+00 0.00000000e+00 2.97305284e-01
  0.00000000e+00 0.00000000e+00 0.00000000e+00]
 [0.00000000e+00 0.00000000e+00 0.00000000e+00 1.15322576e+00
  0.00000000e+00 4.15586149e-02 0.00000000e+00 0.00000000e+00
  0.00000000e+00 0.00000000e+00 0.00000000e+00 2.07946817e-01
  0.00000000e+00 0.00000000e+00 0.00000000e+00]
 [0.00000000e+00 0.00000000e+00 0.00000000e+00 5.14759627e-01
  2.35918364e-01 0.00000000e+00 0.00000000e+00 0.00000000e+00
  0.00000000e+00 8.27361856e-01 0.00000000e+00 0.00000000e+00
  0.00000000e+00 0.00000000e+00 0.00000000e+00]
 [0.00000000e+00 0.00000000e+00 0.00000000e+00 9.21765251e-01
  9.64556856e-02 1.68121395e-01 0.00000000e+00 0.00000000e+00
  0.00000000e+00 0.00000000e+00 0.00000000e+00 5.04450811e-01
  0.00000000e+00 0.00000000e+00 0.00000000e+00]
 [0.00000000e+00 0.00000000e+00 0.00000000e+00 0.00000000e+00
  3.70669336e-01 0.00000000e+00 0.00000000e+00 0.00000000e+00
  0.00000000e+00 0.00000000e+00 0.00000000e+00 1.15792081e-01
  0.00000000e+00 0.00000000e+00 0.00000000e+00]
 [0.00000000e+00 0.00000000e+00 0.00000000e+00 0.00000000e+00
  1.50447092e-01 0.00000000e+00 0.00000000e+00 0.00000000e+00
  0.00000000e+00 0.00000000e+00 0.00000000e+00 2.53581948e-02
  0.00000000e+00 0.00000000e+00 0.00000000e+00]
 [0.00000000e+00 0.00000000e+00 0.00000000e+00 1.03570074e+00
  1.11774765e+00 0.00000000e+00 0.00000000e+00 0.00000000e+00
  0.00000000e+00 6.71189456e-01 0.00000000e+00 0.00000000e+00
  0.00000000e+00 0.00000000e+00 0.00000000e+00]
 [0.00000000e+00 0.00000000e+00 0.00000000e+00 2.19884062e-01
  2.50771900e-01 0.00000000e+00 0.00000000e+00 0.00000000e+00
  0.00000000e+00 1.72317840e-01 1.43424608e-01 0.00000000e+00
  0.00000000e+00 0.00000000e+00 0.00000000e+00]
 [0.00000000e+00 0.00000000e+00 0.00000000e+00 0.00000000e+00
  0.00000000e+00 0.00000000e+00 0.00000000e+00 0.00000000e+00
  0.00000000e+00 0.00000000e+00 0.00000000e+00 0.00000000e+00
  0.00000000e+00 0.00000000e+00 0.00000000e+00]
 [0.00000000e+00 0.00000000e+00 0.00000000e+00 4.57327622e-02
  6.06771911e-02 2.97980871e-02 0.00000000e+00 0.00000000e+00
  0.00000000e+00 1.79099723e-01 1.99665872e-01 0.00000000e+00
  0.00000000e+00 0.00000000e+00 0.00000000e+00]
 [0.00000000e+00 0.00000000e+00 0.00000000e+00 0.00000000e+00
  3.26205727e-01 0.00000000e+00 0.00000000e+00 0.00000000e+00
  0.00000000e+00 0.00000000e+00 0.00000000e+00 0.00000000e+00
  0.00000000e+00 0.00000000e+00 0.00000000e+00]
 [0.00000000e+00 0.00000000e+00 0.00000000e+00 0.00000000e+00
  2.43441684e-01 0.00000000e+00 0.00000000e+00 0.00000000e+00
  0.00000000e+00 0.00000000e+00 0.00000000e+00 0.00000000e+00
  0.00000000e+00 0.00000000e+00 0.00000000e+00]
 [0.00000000e+00 0.00000000e+00 0.00000000e+00 0.00000000e+00
  5.49436442e-01 9.16105906e-01 0.00000000e+00 0.00000000e+00
  0.00000000e+00 0.00000000e+00 0.00000000e+00 0.00000000e+00
  0.00000000e+00 0.00000000e+00 0.00000000e+00]
 [0.00000000e+00 0.00000000e+00 0.00000000e+00 0.00000000e+00
  0.00000000e+00 0.00000000e+00 0.00000000e+00 0.00000000e+00
  0.00000000e+00 0.00000000e+00 0.00000000e+00 0.00000000e+00
  0.00000000e+00 0.00000000e+00 0.00000000e+00]
 [1.14449441e+01 1.20917798e+01 9.58208091e+00 3.08425405e+00
  5.56714211e+00 9.00561913e+00 1.13069561e+01 1.15401189e+01
  9.87978638e+00 9.57739075e+00 1.15644397e+01 9.32307560e+00
  8.53109433e+00 6.44532696e+00 7.32404481e+00]]

10
----------------------------------------------------------------------------------
[[nan nan nan nan nan nan nan nan nan nan nan nan nan nan nan]
 [nan nan nan nan nan nan nan nan nan nan nan nan nan nan nan]
 [nan nan nan nan nan nan nan nan nan nan nan nan nan nan nan]
 [nan nan nan nan nan nan nan nan nan nan nan nan nan nan nan]
 [nan nan nan nan nan nan nan nan nan nan nan nan nan nan nan]
 [nan nan nan nan nan nan nan nan nan nan nan nan nan nan nan]
 [nan nan nan nan nan nan nan nan nan nan nan nan nan nan nan]
 [nan nan nan nan nan nan nan nan nan nan nan nan nan nan nan]
 [nan nan nan nan nan nan nan nan nan nan nan nan nan nan nan]
 [nan nan nan nan nan nan nan nan nan nan nan nan nan nan nan]
 [nan nan nan nan nan nan nan nan nan nan nan nan nan nan nan]
 [nan nan nan nan nan nan nan nan nan nan nan nan nan nan nan]
 [nan nan nan nan nan nan nan nan nan nan nan nan nan nan nan]
 [nan nan nan nan nan nan nan nan nan nan nan nan nan nan nan]
 [nan nan nan nan nan nan nan nan nan nan nan nan nan nan nan]
 [nan nan nan nan nan nan nan nan nan nan nan nan nan nan nan]
 [nan nan nan nan nan nan nan nan nan nan nan nan nan nan nan]
 [nan nan nan nan nan nan nan nan nan nan nan nan nan nan nan]]

11
----------------------------------------------------------------------------------
[[0.00000000e+00 8.71315672e-01 1.96712664e-01 3.40799691e-02
  0.00000000e+00 0.00000000e+00 3.27468484e-01 1.43205234e+00
  1.76086568e+00 1.91126745e+00 9.56982894e-01 2.32576570e+00
  1.60142826e+00 9.88724426e-01 1.00027193e+00]
 [1.05965822e+02 1.93474466e+00 1.36494910e+00 0.00000000e+00
  0.00000000e+00 0.00000000e+00 0.00000000e+00 0.00000000e+00
  0.00000000e+00 0.00000000e+00 0.00000000e+00 0.00000000e+00
  0.00000000e+00 0.00000000e+00 0.00000000e+00]
 [0.00000000e+00 6.00947949e+00 2.96342529e-01 8.11932103e-01
  3.60556858e-01 9.64792309e-01 3.87592589e-01 2.75789674e-01
  0.00000000e+00 0.00000000e+00 2.15163417e+00 0.00000000e+00
  1.03256590e+00 5.57728821e-02 0.00000000e+00]
 [0.00000000e+00 1.61493706e+00 1.39454790e+00 0.00000000e+00
  0.00000000e+00 0.00000000e+00 0.00000000e+00 9.07914764e-01
  1.76893376e+00 2.14859814e+00 3.65658025e-01 2.29929825e+00
  9.65835198e-01 1.81525727e-01 8.96792326e-01]
 [2.22930613e+01 1.53656954e+00 1.27172121e-01 7.61204292e-02
  0.00000000e+00 0.00000000e+00 0.00000000e+00 7.16579377e-01
  1.29151016e+00 2.00497816e+00 5.88345427e-01 1.54408672e+00
  6.72169157e-01 0.00000000e+00 8.21419484e-01]
 [0.00000000e+00 0.00000000e+00 0.00000000e+00 7.63821623e-01
  6.70779449e-01 1.45970964e+00 9.26278803e-01 1.09076290e-01
  0.00000000e+00 0.00000000e+00 1.90948175e+00 0.00000000e+00
  4.51640461e-01 5.05364231e-01 5.59577806e+00]
 [9.98842440e-01 2.38901293e+00 1.33079631e-01 2.84220128e-01
  2.87435661e-01 2.65380924e-01 4.13705487e-01 5.89416098e-01
  8.86557652e-02 0.00000000e+00 1.21497831e+00 8.81851017e-01
  4.43527878e-01 1.00427674e+00 5.79068108e+00]
 [0.00000000e+00 3.58854540e+00 2.45648082e+00 0.00000000e+00
  0.00000000e+00 0.00000000e+00 0.00000000e+00 1.39828755e+00
  1.63526700e+00 2.13884799e+00 0.00000000e+00 1.86188143e+00
  1.08458474e+00 2.47250659e-01 5.61989676e-01]
 [0.00000000e+00 2.99454468e+00 7.85486077e-01 3.17132483e-01
  1.81689590e-02 0.00000000e+00 0.00000000e+00 1.42642698e+00
  2.84064223e+00 1.92815413e+00 3.21394063e-01 1.59654599e+00
  6.39716556e-01 1.86119858e-01 5.71009910e-01]
 [0.00000000e+00 0.00000000e+00 0.00000000e+00 1.31904665e+00
  6.54055077e-01 1.71564024e-01 9.06269747e-01 0.00000000e+00
  0.00000000e+00 0.00000000e+00 1.93352274e+00 0.00000000e+00
  8.57760272e-01 5.06372987e-01 0.00000000e+00]
 [0.00000000e+00 6.52260567e-01 0.00000000e+00 1.11733255e+00
  4.41419698e-01 2.92762425e-01 1.36950757e-01 0.00000000e+00
  0.00000000e+00 0.00000000e+00 1.78321666e+00 0.00000000e+00
  9.08939038e-01 1.53557667e-01 1.75083717e+00]
 [0.00000000e+00 1.47764047e+00 9.73879879e-01 3.33855670e-02
  3.42635424e-01 0.00000000e+00 0.00000000e+00 5.72738986e-01
  1.37793235e+00 1.83254137e+00 0.00000000e+00 6.55900926e-01
  8.70313891e-01 0.00000000e+00 4.03730289e-01]
 [3.85777017e+00 9.56474747e+00 0.00000000e+00 8.97233503e-01
  5.90682534e-01 0.00000000e+00 0.00000000e+00 0.00000000e+00
  0.00000000e+00 0.00000000e+00 1.40706447e+00 0.00000000e+00
  7.22109040e-01 4.39332454e-01 4.41893874e-01]
 [0.00000000e+00 5.37767877e-01 0.00000000e+00 1.93278591e-03
  0.00000000e+00 0.00000000e+00 0.00000000e+00 0.00000000e+00
  0.00000000e+00 0.00000000e+00 0.00000000e+00 3.83496418e-03
  0.00000000e+00 0.00000000e+00 0.00000000e+00]
 [0.00000000e+00 1.51429020e+00 8.39512570e-01 4.53778130e-01
  4.78576709e-01 3.58064904e-01 4.26322743e-01 0.00000000e+00
  0.00000000e+00 7.32173684e-02 0.00000000e+00 0.00000000e+00
  0.00000000e+00 0.00000000e+00 0.00000000e+00]
 [0.00000000e+00 0.00000000e+00 0.00000000e+00 1.00505961e+00
  1.23595280e+00 2.73486392e-01 7.95939250e-01 0.00000000e+00
  0.00000000e+00 0.00000000e+00 0.00000000e+00 0.00000000e+00
  0.00000000e+00 1.83226854e-01 9.46949880e-01]
 [0.00000000e+00 0.00000000e+00 0.00000000e+00 5.27831078e-01
  1.14330570e+00 4.44796176e-01 1.86807388e-01 0.00000000e+00
  0.00000000e+00 7.95969224e-01 0.00000000e+00 1.36938333e+00
  0.00000000e+00 0.00000000e+00 0.00000000e+00]
 [2.10622766e+01 1.72651004e+01 3.49990889e+00 1.89188839e+00
  3.51477509e+00 9.42407158e+00 1.47069579e+01 1.52968313e+01
  1.15786149e+01 4.88376182e+00 4.39743949e+00 6.96875226e+00
  6.74687012e+00 5.98004022e+00 1.18256144e+01]]

12
----------------------------------------------------------------------------------
[[nan nan nan nan nan nan nan nan nan nan nan nan nan nan nan]
 [nan nan nan nan nan nan nan nan nan nan nan nan nan nan nan]
 [nan nan nan nan nan nan nan nan nan nan nan nan nan nan nan]
 [nan nan nan nan nan nan nan nan nan nan nan nan nan nan nan]
 [nan nan nan nan nan nan nan nan nan nan nan nan nan nan nan]
 [nan nan nan nan nan nan nan nan nan nan nan nan nan nan nan]
 [nan nan nan nan nan nan nan nan nan nan nan nan nan nan nan]
 [nan nan nan nan nan nan nan nan nan nan nan nan nan nan nan]
 [nan nan nan nan nan nan nan nan nan nan nan nan nan nan nan]
 [nan nan nan nan nan nan nan nan nan nan nan nan nan nan nan]
 [nan nan nan nan nan nan nan nan nan nan nan nan nan nan nan]
 [nan nan nan nan nan nan nan nan nan nan nan nan nan nan nan]
 [nan nan nan nan nan nan nan nan nan nan nan nan nan nan nan]
 [nan nan nan nan nan nan nan nan nan nan nan nan nan nan nan]
 [nan nan nan nan nan nan nan nan nan nan nan nan nan nan nan]
 [nan nan nan nan nan nan nan nan nan nan nan nan nan nan nan]
 [nan nan nan nan nan nan nan nan nan nan nan nan nan nan nan]
 [nan nan nan nan nan nan nan nan nan nan nan nan nan nan nan]]

13
----------------------------------------------------------------------------------
[[0.00000000e+00 1.45607897e+00 0.00000000e+00 0.00000000e+00
  0.00000000e+00 0.00000000e+00 7.09090526e-01 1.25130575e+00
  0.00000000e+00 0.00000000e+00 0.00000000e+00 0.00000000e+00
  0.00000000e+00 0.00000000e+00 1.10587902e+00]
 [3.67802687e+01 5.49794776e+00 8.33548844e-01 0.00000000e+00
  0.00000000e+00 0.00000000e+00 0.00000000e+00 7.88297016e-01
  0.00000000e+00 0.00000000e+00 0.00000000e+00 0.00000000e+00
  0.00000000e+00 0.00000000e+00 1.01611592e+00]
 [3.71132484e+00 6.03736288e+00 2.44573362e-01 0.00000000e+00
  0.00000000e+00 0.00000000e+00 0.00000000e+00 0.00000000e+00
  0.00000000e+00 0.00000000e+00 0.00000000e+00 0.00000000e+00
  0.00000000e+00 0.00000000e+00 0.00000000e+00]
 [0.00000000e+00 5.92141959e-01 0.00000000e+00 0.00000000e+00
  0.00000000e+00 0.00000000e+00 8.00486099e-01 1.35555979e+00
  0.00000000e+00 0.00000000e+00 7.21234382e-01 0.00000000e+00
  0.00000000e+00 0.00000000e+00 5.70535176e-01]
 [1.23303814e+00 4.67606458e+00 0.00000000e+00 0.00000000e+00
  0.00000000e+00 2.19223202e-01 7.73599614e-01 9.87693042e-01
  0.00000000e+00 0.00000000e+00 0.00000000e+00 0.00000000e+00
  0.00000000e+00 0.00000000e+00 4.84238967e-01]
 [5.03311503e-01 5.36983574e-01 0.00000000e+00 3.24659445e-01
  0.00000000e+00 0.00000000e+00 0.00000000e+00 0.00000000e+00
  0.00000000e+00 0.00000000e+00 0.00000000e+00 0.00000000e+00
  0.00000000e+00 3.61686220e-01 0.00000000e+00]
 [2.77011363e+00 2.56301690e+00 0.00000000e+00 0.00000000e+00
  0.00000000e+00 1.64167081e-01 2.93255093e-01 4.81986080e-01
  0.00000000e+00 0.00000000e+00 0.00000000e+00 0.00000000e+00
  0.00000000e+00 0.00000000e+00 3.93665526e-01]
 [0.00000000e+00 2.32914600e+00 1.24309399e+00 0.00000000e+00
  0.00000000e+00 9.41623442e-01 8.34067583e-03 0.00000000e+00
  0.00000000e+00 0.00000000e+00 9.65507627e-02 0.00000000e+00
  0.00000000e+00 0.00000000e+00 0.00000000e+00]
 [0.00000000e+00 1.20331415e+00 0.00000000e+00 0.00000000e+00
  0.00000000e+00 0.00000000e+00 8.67290476e-01 9.74351413e-01
  0.00000000e+00 0.00000000e+00 0.00000000e+00 0.00000000e+00
  0.00000000e+00 0.00000000e+00 0.00000000e+00]
 [2.50695023e+00 7.85336943e-01 0.00000000e+00 8.80538834e-01
  0.00000000e+00 0.00000000e+00 0.00000000e+00 0.00000000e+00
  0.00000000e+00 0.00000000e+00 0.00000000e+00 0.00000000e+00
  0.00000000e+00 0.00000000e+00 0.00000000e+00]
 [0.00000000e+00 0.00000000e+00 0.00000000e+00 0.00000000e+00
  0.00000000e+00 0.00000000e+00 0.00000000e+00 0.00000000e+00
  0.00000000e+00 0.00000000e+00 0.00000000e+00 0.00000000e+00
  0.00000000e+00 0.00000000e+00 0.00000000e+00]
 [6.33811272e-01 2.95384062e+00 7.32987484e-02 0.00000000e+00
  0.00000000e+00 5.38896121e-01 0.00000000e+00 0.00000000e+00
  0.00000000e+00 0.00000000e+00 2.49526578e-02 0.00000000e+00
  0.00000000e+00 0.00000000e+00 0.00000000e+00]
 [0.00000000e+00 7.24312012e-02 0.00000000e+00 0.00000000e+00
  0.00000000e+00 0.00000000e+00 8.34238618e-02 0.00000000e+00
  8.41596030e-01 0.00000000e+00 0.00000000e+00 0.00000000e+00
  0.00000000e+00 0.00000000e+00 0.00000000e+00]
 [0.00000000e+00 0.00000000e+00 1.73584872e+00 1.94229119e+00
  8.44163681e-01 1.20228413e+00 6.20457427e-01 2.24610085e-01
  1.33195871e+00 4.52091022e+01 4.40546589e+00 0.00000000e+00
  0.00000000e+00 4.67981227e-01 0.00000000e+00]
 [0.00000000e+00 2.19673229e+00 1.87314220e+00 2.18258283e-02
  3.86477001e-01 2.03509106e+00 4.43751972e-01 0.00000000e+00
  3.89146343e-02 3.01622518e+01 2.74735706e+00 1.97183907e-01
  0.00000000e+00 2.49647562e+00 0.00000000e+00]
 [6.57533992e-01 5.77550118e-01 3.54484713e-01 0.00000000e+00
  0.00000000e+00 0.00000000e+00 0.00000000e+00 0.00000000e+00
  0.00000000e+00 3.92739925e-01 2.51736003e-01 0.00000000e+00
  0.00000000e+00 1.73353136e+00 0.00000000e+00]
 [0.00000000e+00 7.81313851e+00 3.50498019e+00 0.00000000e+00
  1.41335408e-01 2.09855561e+00 0.00000000e+00 0.00000000e+00
  0.00000000e+00 1.30922562e+00 4.51028088e+00 7.03628408e-01
  1.24282067e+00 0.00000000e+00 0.00000000e+00]
 [7.23560875e+00 6.07050431e+00 3.30425660e+00 2.98477886e+00
  2.80744164e+00 2.27485894e+00 3.97660461e+00 4.22511052e+00
  2.91401847e+00 6.17219684e+00 3.62513153e+00 4.71541373e+00
  7.37160309e+00 5.95899877e+00 8.17682395e+00]]

14
----------------------------------------------------------------------------------
[[nan nan nan nan nan nan nan nan nan nan nan nan nan nan nan]
 [nan nan nan nan nan nan nan nan nan nan nan nan nan nan nan]
 [nan nan nan nan nan nan nan nan nan nan nan nan nan nan nan]
 [nan nan nan nan nan nan nan nan nan nan nan nan nan nan nan]
 [nan nan nan nan nan nan nan nan nan nan nan nan nan nan nan]
 [nan nan nan nan nan nan nan nan nan nan nan nan nan nan nan]
 [nan nan nan nan nan nan nan nan nan nan nan nan nan nan nan]
 [nan nan nan nan nan nan nan nan nan nan nan nan nan nan nan]
 [nan nan nan nan nan nan nan nan nan nan nan nan nan nan nan]
 [nan nan nan nan nan nan nan nan nan nan nan nan nan nan nan]
 [nan nan nan nan nan nan nan nan nan nan nan nan nan nan nan]
 [nan nan nan nan nan nan nan nan nan nan nan nan nan nan nan]
 [nan nan nan nan nan nan nan nan nan nan nan nan nan nan nan]
 [nan nan nan nan nan nan nan nan nan nan nan nan nan nan nan]
 [nan nan nan nan nan nan nan nan nan nan nan nan nan nan nan]
 [nan nan nan nan nan nan nan nan nan nan nan nan nan nan nan]
 [nan nan nan nan nan nan nan nan nan nan nan nan nan nan nan]
 [nan nan nan nan nan nan nan nan nan nan nan nan nan nan nan]]