

1
----------------------------------------------------------------------------------
[[0.28278087 0.51627916 0.00809087 0.0615785  0.04209008 0.11925409
  0.00293006 0.03819021 0.         0.01379    0.13857546 0.06434557
  0.         0.22140895 0.        ]
 [0.34744845 0.43118845 0.11678548 0.10433825 0.22939089 0.09656446
  0.         0.04220949 0.         0.05309212 0.         0.16560592
  0.         0.10185712 0.        ]
 [0.38875155 0.38120444 0.12361695 0.06745135 0.35062293 0.19948697
  0.13332935 0.16672069 0.10222186 0.03670745 0.         0.19671283
  0.04133363 0.04855853 0.0648899 ]
 [0.23595066 0.38671078 0.03465213 0.04578289 0.         0.08947165
  0.01924292 0.06137871 0.         0.04779941 0.15573896 0.03318824
  0.         0.1746842  0.        ]
 [0.18383342 0.23930479 0.0662612  0.06350252 0.0921974  0.03588532
  0.         0.04882856 0.         0.0164671  0.         0.03455589
  0.         0.09089349 0.        ]
 [0.34085972 0.21969742 0.02005771 0.12419684 0.24984963 0.17143316
  0.01663187 0.0404498  0.01143645 0.03325948 0.         0.08078064
  0.18740635 0.         0.        ]
 [0.19177338 0.22228258 0.04132133 0.05328008 0.1551741  0.08991027
  0.         0.00595856 0.         0.         0.         0.03767879
  0.         0.         0.        ]
 [0.24080679 0.27587152 0.01621172 0.         0.         0.
  0.12567418 0.         0.         0.08589238 0.1904689  0.
  0.         0.19232912 0.        ]
 [0.17539448 0.19201972 0.00367173 0.01809306 0.         0.
  0.0378884  0.         0.         0.11350674 0.05915636 0.
  0.         0.0859469  0.        ]
 [0.5397896  0.2982187  0.18094273 0.07782284 0.18612648 0.29249972
  0.1607893  0.18249685 0.         0.11572942 0.         0.11727143
  0.24988354 0.34296792 0.24034433]
 [0.00907299 0.11071513 0.028327   0.02933856 0.         0.02498414
  0.0518577  0.04057011 0.00973391 0.08800669 0.         0.0160275
  0.00171182 0.         0.        ]
 [0.12481972 0.14690646 0.00713846 0.01862513 0.         0.
  0.10847142 0.         0.         0.10095244 0.11833654 0.
  0.         0.0525461  0.        ]
 [0.14282923 0.06167007 0.01315114 0.         0.         0.00991055
  0.05154745 0.05513204 0.0849725  0.08260255 0.         0.0702606
  0.09920422 0.         0.        ]
 [0.         0.         0.0977092  0.08500542 0.         0.
  0.16532345 0.         0.         0.19374799 0.14578148 0.20959748
  0.1853966  0.         0.0598842 ]
 [0.02775117 0.         0.12518197 0.16042258 0.         0.
  0.20821342 0.         0.         0.27324943 0.24983067 0.30418186
  0.27981247 0.         0.0716169 ]
 [0.         0.         0.         0.09890816 0.         0.
  0.19607216 0.         0.         0.31699764 0.11385887 0.28011641
  0.37838716 0.         0.04649767]
 [0.15422638 0.         0.15663696 0.21257653 0.         0.
  0.2276562  0.         0.         0.19419394 0.2555244  0.12643043
  0.02233136 0.         0.08144782]
 [0.18517515 0.27806554 0.42028997 0.25627582 0.51827662 0.21738422
  0.26488046 0.36520203 0.43416202 0.1303706  0.48204509 0.11992557
  0.29146594 0.26425982 0.48912376]]

2
----------------------------------------------------------------------------------
[[1.51563884e-01 1.21395594e-02 0.00000000e+00 4.45633270e-01
  8.23765814e-02 0.00000000e+00 8.88923273e-02 1.12068968e-01
  2.61544555e-01 5.16820009e-02 1.47275806e-01 0.00000000e+00
  0.00000000e+00 2.28845444e-01 2.16334810e-01]
 [1.83836337e-01 8.97624156e-02 0.00000000e+00 2.37509376e-01
  0.00000000e+00 0.00000000e+00 0.00000000e+00 1.81508948e-01
  2.73331591e-01 1.73717117e-01 2.27060806e-02 0.00000000e+00
  0.00000000e+00 2.90095303e-01 1.68771212e-01]
 [2.68588914e-01 1.84670051e-01 0.00000000e+00 1.77172041e-01
  0.00000000e+00 3.31109632e-02 0.00000000e+00 3.30527991e-01
  3.99059925e-01 1.88995572e-01 2.36248044e-02 0.00000000e+00
  1.15578144e-01 2.06470258e-01 2.99495508e-02]
 [1.51784806e-01 0.00000000e+00 0.00000000e+00 3.73907281e-01
  9.75306258e-02 0.00000000e+00 8.97759792e-02 8.88083565e-02
  2.25071151e-01 0.00000000e+00 7.74060275e-02 0.00000000e+00
  0.00000000e+00 1.15943833e-01 2.56882918e-01]
 [1.02980826e-01 1.92673820e-02 0.00000000e+00 2.11214305e-01
  0.00000000e+00 0.00000000e+00 1.88453100e-02 4.56427715e-02
  1.56879280e-01 4.27394360e-02 8.33266114e-02 0.00000000e+00
  0.00000000e+00 1.34939033e-01 1.08779262e-01]
 [1.27515562e-01 2.37964982e-01 0.00000000e+00 1.69477196e-01
  0.00000000e+00 1.17784527e-01 0.00000000e+00 3.74924210e-01
  1.63098898e-01 1.26364551e-01 0.00000000e+00 0.00000000e+00
  6.91726736e-02 1.07882374e-01 7.74874867e-03]
 [9.14624591e-02 1.29900930e-01 0.00000000e+00 8.16141475e-02
  0.00000000e+00 0.00000000e+00 0.00000000e+00 1.32541921e-01
  2.11241037e-01 4.11300866e-02 2.74007032e-02 0.00000000e+00
  0.00000000e+00 1.81758640e-01 5.18744724e-02]
 [9.60841044e-02 0.00000000e+00 0.00000000e+00 3.35494767e-01
  1.37587787e-01 0.00000000e+00 9.39691164e-02 9.21284641e-02
  1.39951017e-01 6.93538228e-03 0.00000000e+00 2.13963644e-02
  2.95339071e-02 7.45535634e-01 3.85510702e-01]
 [7.58325120e-02 0.00000000e+00 0.00000000e+00 2.57629997e-01
  2.14638026e-02 0.00000000e+00 2.66306054e-02 3.00807096e-02
  1.24075210e-01 7.81991464e-03 2.76292806e-02 0.00000000e+00
  6.66251360e-01 9.36074515e-01 2.83111597e-01]
 [2.24095705e-01 4.85503714e-01 0.00000000e+00 3.34278187e-01
  2.72620868e-01 1.76130514e-01 2.51303593e-01 4.82420831e-01
  2.91465718e-01 1.11256724e-01 0.00000000e+00 0.00000000e+00
  1.04387190e-01 8.58220816e-02 0.00000000e+00]
 [7.19279018e-02 1.04702240e-01 0.00000000e+00 9.16802316e-02
  0.00000000e+00 4.40209457e-02 0.00000000e+00 2.29947779e-01
  1.39908031e-01 1.71871817e-01 0.00000000e+00 0.00000000e+00
  1.16935125e+00 6.27985193e-01 3.51940970e-01]
 [7.68500119e-02 0.00000000e+00 0.00000000e+00 2.37248691e-01
  5.05314838e-02 0.00000000e+00 2.52999254e-02 6.29514235e-02
  9.57348797e-02 0.00000000e+00 1.59312197e-02 0.00000000e+00
  2.53557537e-01 5.84451860e-01 1.36269079e-01]
 [6.89289637e-02 9.44181695e-02 0.00000000e+00 9.25760630e-02
  0.00000000e+00 1.35778001e-01 0.00000000e+00 1.66246235e-01
  1.53988085e-01 1.30143376e-01 0.00000000e+00 0.00000000e+00
  8.81330667e-01 3.47989518e-01 2.10306355e-02]
 [0.00000000e+00 0.00000000e+00 4.67978729e-02 1.14098454e-02
  4.99718319e-02 0.00000000e+00 4.09763944e-03 2.37554777e-02
  4.53666658e-02 0.00000000e+00 0.00000000e+00 2.17538020e-02
  0.00000000e+00 0.00000000e+00 1.99405676e-02]
 [1.72186457e-03 0.00000000e+00 4.35136755e-02 2.83939167e-02
  1.29486678e-01 0.00000000e+00 0.00000000e+00 3.68347339e-02
  2.64451855e-02 0.00000000e+00 0.00000000e+00 6.25050721e-02
  0.00000000e+00 0.00000000e+00 7.31490856e-02]
 [1.28867119e-01 0.00000000e+00 4.56739874e-02 8.23551435e-02
  2.35189217e-02 1.98783292e-01 0.00000000e+00 8.37310634e-02
  0.00000000e+00 4.59737029e-02 0.00000000e+00 0.00000000e+00
  1.39510043e-02 0.00000000e+00 0.00000000e+00]
 [0.00000000e+00 0.00000000e+00 5.18523667e-02 1.09521324e-01
  1.49995143e-01 0.00000000e+00 0.00000000e+00 2.22612319e-02
  3.62771904e-02 0.00000000e+00 0.00000000e+00 1.36993360e-01
  0.00000000e+00 0.00000000e+00 8.68894926e-02]
 [1.02823529e-01 2.45420171e-01 3.71295144e-01 1.20734163e-01
  1.93278447e-01 3.77112377e-01 2.98557590e-01 9.00285812e-02
  3.34825424e-01 6.97971504e-01 1.32210769e+00 1.02334323e+00
  7.19168757e-01 1.50897220e+00 1.92595975e+00]]

3
----------------------------------------------------------------------------------
[[2.05633222e-01 2.93766489e-01 5.00141584e-01 2.58336198e-01
  2.80327238e-01 4.01400134e-01 2.57652054e-01 2.73933892e-01
  2.06841034e-01 3.47870485e-01 0.00000000e+00 0.00000000e+00
  3.55094602e-02 0.00000000e+00 2.73854882e-01]
 [1.73155431e-01 2.41173505e-01 2.80611201e-01 1.44339316e-01
  1.72096110e-01 2.36578895e-01 9.78359100e-02 1.93987549e-01
  1.16480891e-01 0.00000000e+00 0.00000000e+00 0.00000000e+00
  0.00000000e+00 0.00000000e+00 1.58253776e-01]
 [2.26534643e-01 2.11461815e-01 1.49747286e-01 8.40692173e-02
  6.57952515e-02 1.94091291e-01 5.61826823e-02 2.45511119e-01
  0.00000000e+00 0.00000000e+00 1.74402523e-03 4.76632913e-02
  0.00000000e+00 0.00000000e+00 1.64265508e-01]
 [1.44938061e-01 2.12863731e-01 4.61306464e-01 2.58916252e-01
  1.58034463e-01 3.31164650e-01 2.78620056e-01 1.95715105e-01
  2.34091672e-01 3.33186115e-01 0.00000000e+00 0.00000000e+00
  3.86708800e-02 0.00000000e+00 3.45222742e-01]
 [1.28442338e-01 1.32948281e-01 2.29800115e-01 1.36533468e-01
  9.64654326e-02 1.87569647e-01 9.83017895e-02 1.34561732e-01
  9.52228705e-02 5.53627373e-02 0.00000000e+00 0.00000000e+00
  0.00000000e+00 0.00000000e+00 1.57664106e-01]
 [2.40662443e-01 1.07329185e-01 0.00000000e+00 1.08488396e-01
  9.39630972e-02 1.37833854e-01 0.00000000e+00 2.01466900e-01
  0.00000000e+00 0.00000000e+00 3.58174383e-02 0.00000000e+00
  0.00000000e+00 0.00000000e+00 3.62873004e-01]
 [6.80206127e-02 1.30653339e-01 9.18509867e-02 9.74471675e-02
  3.09948784e-02 1.24391503e-01 3.64512553e-04 1.39513287e-01
  0.00000000e+00 0.00000000e+00 0.00000000e+00 3.18950726e-03
  0.00000000e+00 0.00000000e+00 2.22075905e-01]
 [0.00000000e+00 8.34589097e-02 4.84333330e-01 2.84404323e-01
  1.74267650e-01 6.94800769e-01 2.64576703e-01 2.22246210e-01
  3.44255424e-01 4.82563519e-01 4.64051375e-03 2.20622731e-01
  1.68553553e-01 2.98876353e-01 8.88792451e-01]
 [0.00000000e+00 5.71189983e-02 3.35248979e-01 1.63668572e-01
  1.70044704e-01 8.31909195e-01 2.10609038e-01 2.93057775e-01
  2.37243519e-01 3.13570536e-01 6.29109754e-03 1.65869110e-01
  1.32825490e-01 2.56047262e-01 7.16328373e-01]
 [2.70486424e-01 1.88818917e-01 6.85819528e-03 3.16331582e-01
  2.71326281e-01 3.74321034e-01 2.42430041e-01 4.58350172e-01
  0.00000000e+00 2.52739603e-01 3.41525338e-01 0.00000000e+00
  0.00000000e+00 0.00000000e+00 5.99795170e-02]
 [2.35089042e-02 7.73776424e-02 1.53663967e-02 2.48576207e-02
  1.07150635e-01 6.61691614e-01 0.00000000e+00 3.01543195e-01
  4.95387455e-02 0.00000000e+00 1.28635225e-01 1.92920808e-01
  9.37217064e-02 4.25130573e-01 6.70212982e-01]
 [0.00000000e+00 3.29244775e-02 2.37889363e-01 1.29054382e-01
  1.24454431e-01 5.84731109e-01 1.49734590e-01 1.61969821e-01
  1.61562104e-01 2.80905443e-01 0.00000000e+00 0.00000000e+00
  0.00000000e+00 6.38393411e-02 2.38685032e-01]
 [0.00000000e+00 5.70728477e-02 9.12148778e-03 0.00000000e+00
  1.71435833e-01 3.73168646e-01 0.00000000e+00 2.04650168e-01
  1.62071979e-02 0.00000000e+00 8.46692216e-03 1.77614386e-03
  0.00000000e+00 0.00000000e+00 1.41937703e-01]
 [2.56285185e-02 0.00000000e+00 1.72198420e-01 0.00000000e+00
  1.36148481e-01 2.12688281e-01 4.37580273e-02 2.04172499e-01
  0.00000000e+00 5.57530599e-02 7.89041799e-02 0.00000000e+00
  0.00000000e+00 3.48379701e-02 2.37223392e-02]
 [2.90133304e-02 0.00000000e+00 1.93833462e-01 2.85873808e-02
  1.62367518e-01 2.07836275e-01 8.57080702e-02 2.02346066e-01
  0.00000000e+00 2.71694679e-02 1.17854735e-01 0.00000000e+00
  0.00000000e+00 5.24950464e-02 0.00000000e+00]
 [1.25721667e-01 7.55527491e-02 1.03312765e-01 6.86492408e-02
  2.76967436e-01 6.47727056e-02 1.19741773e-01 2.11378844e-01
  0.00000000e+00 0.00000000e+00 1.37802913e-01 1.37233800e-02
  0.00000000e+00 4.66047458e-02 3.70823251e-02]
 [4.43461064e-02 0.00000000e+00 2.80964332e-01 5.61493418e-02
  1.71705075e-01 3.33672450e-01 1.48039221e-01 1.54849920e-01
  1.41403121e-01 2.22086165e-01 4.20788702e-02 0.00000000e+00
  0.00000000e+00 6.45123765e-02 8.26359871e-02]
 [1.66347954e+00 1.78531222e+00 1.22020562e+00 1.19911644e+00
  6.78773083e-01 3.98559095e-01 9.25526145e-01 6.60386880e-01
  5.86179102e-01 7.67548080e-01 3.95084756e-01 8.62117553e-01
  6.91381213e-01 7.87860217e-01 5.72680939e-01]]

4
----------------------------------------------------------------------------------
[[3.80815609e-01 1.52935552e+00 1.83524181e+00 4.09344132e+00
  3.88428976e+00 3.05002906e+00 2.20597006e+00 1.81579550e+00
  1.04651715e+00 7.65150627e-01 7.55947273e-01 2.53965822e-01
  3.65977019e-01 9.91509108e-02 0.00000000e+00]
 [4.02707776e-01 1.40935408e+00 1.39209170e+00 2.51813888e+00
  2.39844104e+00 1.76735873e+00 9.27128386e-01 7.90654553e-01
  4.19659702e-01 2.98766370e-01 3.43812157e-01 1.90822202e-01
  2.53804113e-01 8.12080959e-03 0.00000000e+00]
 [5.43373101e-01 1.17789857e+00 1.92937402e+00 5.97488808e+00
  2.92277203e+00 9.97275512e-01 6.75489892e-01 6.29075027e-01
  3.58191247e-01 3.72393234e-01 3.45250759e-01 2.35170081e-01
  1.50808067e-01 0.00000000e+00 2.74584138e-01]
 [4.56851303e-01 2.01850796e+00 2.61166443e+00 4.67365929e+00
  5.48765092e+00 4.35786894e+00 2.88654151e+00 1.85023697e+00
  1.13934275e+00 7.65859838e-01 7.83744485e-01 2.61534194e-01
  3.02284647e-01 1.32847610e-01 1.42446808e-01]
 [7.01100197e-01 2.46126793e+00 2.45040486e+00 5.70894416e+00
  6.07499351e+00 4.64092323e+00 2.92576926e+00 1.81684227e+00
  8.80482206e-01 6.19547592e-01 5.29479875e-01 1.83587586e-01
  2.47493904e-01 1.54728995e-01 7.27689558e-03]
 [1.29967460e+00 2.42376187e+00 3.45635566e+00 8.69457650e+00
  5.87894174e+00 3.58466314e+00 2.04410256e+00 1.16359062e+00
  4.69483981e-01 4.48856324e-01 3.44711959e-01 1.88849388e-01
  1.13587596e-01 1.70446289e-02 1.27387308e-01]
 [1.27015735e+00 3.19768843e+00 3.82947428e+00 8.72563897e+00
  6.48107320e+00 3.95378201e+00 2.34648438e+00 1.34923978e+00
  6.19023289e-01 4.18286785e-01 3.88419807e-01 1.84203966e-01
  1.50860068e-01 6.78169654e-02 0.00000000e+00]
 [2.24940745e-01 6.70440618e-01 1.64255065e+00 1.23711367e+00
  7.85685356e-01 8.71588392e-01 4.38881156e-01 3.31624424e-01
  3.28996345e-01 3.47026958e-01 3.40495175e-01 2.41872181e-02
  3.79306611e-01 2.97354136e-01 9.54232904e-01]
 [1.56952373e-01 2.90923874e-01 7.34832437e-01 3.79430650e-01
  0.00000000e+00 0.00000000e+00 0.00000000e+00 0.00000000e+00
  1.94778831e-02 1.21215884e-01 1.37565257e-01 0.00000000e+00
  2.48842822e-01 1.02976091e-01 5.47765428e-01]
 [6.44074660e-01 2.71618850e-01 5.10168980e-01 1.02978905e+00
  7.30635844e-01 1.86130213e-01 2.62171380e-01 5.91695808e-02
  1.20602305e-01 3.82413306e-01 2.65562405e-01 1.37602127e-01
  1.72822066e-01 1.97185491e-01 8.23423397e-01]
 [6.45017707e-01 6.87119726e-01 1.03150471e+00 9.91125499e-01
  2.46283216e-01 0.00000000e+00 0.00000000e+00 0.00000000e+00
  0.00000000e+00 9.71678270e-03 7.35257648e-02 6.89985021e-02
  3.23513525e-01 3.47556723e-01 1.68206943e+00]
 [0.00000000e+00 0.00000000e+00 2.68548237e-01 0.00000000e+00
  0.00000000e+00 0.00000000e+00 0.00000000e+00 0.00000000e+00
  0.00000000e+00 1.63133600e-01 1.91758198e-01 3.16047888e-02
  1.38137775e-01 0.00000000e+00 4.09259004e-02]
 [3.13390079e-01 1.90199334e-01 8.96516100e-02 5.62632659e-02
  0.00000000e+00 0.00000000e+00 0.00000000e+00 0.00000000e+00
  0.00000000e+00 0.00000000e+00 6.98734087e-02 6.20217479e-02
  5.12523526e-04 0.00000000e+00 3.05240958e-01]
 [5.67476917e-02 3.19024544e-02 1.19469554e-01 0.00000000e+00
  0.00000000e+00 0.00000000e+00 0.00000000e+00 0.00000000e+00
  0.00000000e+00 1.17334773e-02 3.71945249e-03 0.00000000e+00
  4.29368585e-02 0.00000000e+00 1.40508570e-01]
 [7.94816280e-02 5.68399491e-02 1.01409083e-01 0.00000000e+00
  0.00000000e+00 0.00000000e+00 0.00000000e+00 0.00000000e+00
  0.00000000e+00 0.00000000e+00 2.53285685e-02 0.00000000e+00
  6.23710640e-02 0.00000000e+00 1.03875493e-01]
 [3.00643298e-01 1.30572129e-01 7.61441141e-02 0.00000000e+00
  0.00000000e+00 0.00000000e+00 0.00000000e+00 0.00000000e+00
  0.00000000e+00 0.00000000e+00 0.00000000e+00 0.00000000e+00
  3.73011954e-02 0.00000000e+00 2.73216447e-01]
 [0.00000000e+00 1.64810863e-03 2.39222926e-01 6.68013549e-03
  0.00000000e+00 0.00000000e+00 0.00000000e+00 0.00000000e+00
  0.00000000e+00 1.81331813e-01 1.17737257e-01 4.39164209e-02
  1.49631535e-01 0.00000000e+00 5.25369497e-02]
 [4.37888071e-01 3.22608367e-01 1.74115277e-01 4.55533376e-01
  9.01322872e-01 1.19126778e+00 1.30131774e+00 9.64621779e-01
  8.33608957e-01 2.43661909e-01 2.04340774e-01 3.55261600e-01
  1.49911815e-01 3.78453271e-01 2.88408397e-01]]

5
----------------------------------------------------------------------------------
[[0.20440834 0.         0.         0.         0.         0.
  0.21696422 0.51250473 0.27160766 0.39304811 0.90544184 1.59992591
  2.35689161 2.3441426  2.09536626]
 [0.06594331 0.         0.         0.         0.         0.
  0.18774886 0.10500851 0.19107876 0.24995938 0.50014132 1.68383174
  3.75667708 3.54317936 2.17201626]
 [0.099419   0.         0.         0.         0.         0.
  0.         0.16873419 0.29251067 0.28686887 0.25722828 0.95665182
  1.10982198 2.24314745 3.04809457]
 [0.27269187 0.         0.         0.         0.         0.
  0.08907727 1.4718915  0.35695534 0.58216597 1.28391393 2.24493528
  4.53844085 3.57232496 4.40145358]
 [0.17119355 0.         0.         0.         0.         0.
  0.14927121 0.32216095 0.37239455 0.66890804 1.33410054 2.83864654
  5.6354144  4.73539197 4.42495668]
 [0.07372401 0.         0.         0.         0.         0.
  0.         0.21791502 0.44254311 0.96658396 0.9803444  1.74562591
  3.27777465 3.67653501 5.80736305]
 [0.10593889 0.         0.         0.         0.         0.
  0.         0.08537456 0.30390992 0.90632723 1.26940037 2.7631451
  5.33710165 4.90849546 4.86406509]
 [0.38963395 0.         0.         0.         0.         0.
  0.         1.35159393 0.         0.05943018 0.3919641  0.79784804
  0.159655   0.51621733 0.41813614]
 [0.22224874 0.         0.         0.         0.         0.
  0.07781967 0.69314786 0.         0.05470418 0.14660106 0.8116797
  0.02692507 0.19673387 0.2362282 ]
 [0.         0.         0.         0.         0.         0.
  0.         0.27168315 0.16710963 0.73881913 0.25941928 0.33648935
  0.28702892 0.         0.55100328]
 [0.02171855 0.         0.         0.         0.         0.
  0.21105716 0.21200888 0.10261569 0.15827772 0.15022534 0.67769198
  0.10782306 0.         0.17974209]
 [0.14829562 0.         0.         0.         0.         0.
  0.         0.28504575 0.         0.12223057 0.07997676 0.32123325
  0.         0.         0.00639913]
 [0.         0.         0.         0.         0.         0.
  0.         0.07183737 0.08747737 0.1359024  0.         0.26458532
  0.02974376 0.         0.10863314]
 [0.         0.04498103 0.02572676 0.         0.         0.
  0.11628277 0.04701648 0.         0.15778365 0.         0.34798121
  0.         0.         0.19035447]
 [0.05880427 0.15256194 0.1122631  0.         0.         0.
  0.0808626  0.05836418 0.         0.196051   0.         0.3117015
  0.         0.         0.2445127 ]
 [0.087678   0.0794156  0.         0.         0.         0.
  0.03795025 0.04166921 0.0212251  0.21896262 0.         0.31028514
  0.         0.         0.22724048]
 [0.         0.01813413 0.12160905 0.         0.         0.07149697
  0.20614946 0.11060926 0.         0.30780066 0.         0.35462291
  0.         0.         0.13337176]
 [0.29960632 0.71648941 0.98780629 1.31845017 0.66320837 0.71545969
  1.17187072 0.16028862 0.33838913 0.17754692 0.44507314 0.10841906
  0.4859674  0.79295317 0.28499026]]

6
----------------------------------------------------------------------------------
[[7.38857341e-01 3.65180598e-01 4.86438063e-01 2.31712076e-01
  2.32066992e-01 1.34043508e-01 8.61603926e-02 3.65979523e-01
  4.44968949e-02 0.00000000e+00 7.62298283e-02 1.84930864e-01
  2.17892270e-01 0.00000000e+00 0.00000000e+00]
 [4.99775971e-01 3.72461116e-01 2.70301604e-01 0.00000000e+00
  4.97896785e-02 1.98220179e-01 3.51989555e-02 1.23430087e-01
  0.00000000e+00 4.70504589e-02 6.56876853e-03 0.00000000e+00
  1.30025109e-01 0.00000000e+00 2.33862976e-02]
 [1.16033148e+00 4.75691395e-01 1.49084981e-01 1.50149358e-01
  1.94609754e-01 2.18853743e-01 1.61389912e-01 1.26250642e-02
  1.65322397e-02 8.12166301e-02 1.14228653e-01 1.99483819e-03
  1.64993515e-01 0.00000000e+00 1.19336090e-01]
 [1.13799607e+00 8.17082463e-01 7.87885288e-01 4.43250777e-01
  3.36530521e-01 2.35336944e-01 1.73693479e-01 1.81981847e-01
  3.05258321e-02 9.66380969e-02 3.17044863e-02 2.06835903e-01
  1.39515612e-01 0.00000000e+00 0.00000000e+00]
 [1.31082623e+00 8.38887654e-01 8.51365657e-01 4.27251481e-01
  1.89723240e-01 2.30854559e-01 1.48588270e-01 8.80216758e-02
  8.63369663e-02 2.23979641e-03 0.00000000e+00 8.45169165e-02
  8.50191797e-02 0.00000000e+00 0.00000000e+00]
 [1.86048544e+00 1.26193960e+00 7.86985063e-01 4.03438500e-01
  3.19104927e-01 3.67948780e-01 3.45177417e-01 0.00000000e+00
  7.67716268e-02 7.16787599e-02 0.00000000e+00 0.00000000e+00
  1.49506190e-01 3.71474712e-02 1.30292902e-01]
 [1.76422256e+00 1.28847459e+00 1.00581407e+00 4.47336282e-01
  1.41104047e-01 4.13526546e-01 2.22282497e-01 0.00000000e+00
  5.98248032e-02 5.91913981e-03 0.00000000e+00 1.25142969e-02
  7.48069337e-02 0.00000000e+00 0.00000000e+00]
 [0.00000000e+00 0.00000000e+00 0.00000000e+00 0.00000000e+00
  1.78244364e-01 4.10103890e-02 6.87799138e-02 1.20669066e-01
  0.00000000e+00 0.00000000e+00 1.02928544e-01 9.56055420e-02
  1.63682527e-01 0.00000000e+00 1.17130952e-03]
 [0.00000000e+00 0.00000000e+00 0.00000000e+00 0.00000000e+00
  7.91139525e-02 1.70373980e-02 4.04408449e-02 1.43983787e-01
  0.00000000e+00 0.00000000e+00 1.92330448e-02 7.85995576e-02
  1.32440758e-01 0.00000000e+00 0.00000000e+00]
 [2.26001125e-01 0.00000000e+00 0.00000000e+00 1.54349463e-02
  5.65250288e-01 3.34045065e-02 3.12224805e-01 3.68146134e-01
  1.72533934e-01 2.28585017e-01 0.00000000e+00 0.00000000e+00
  2.75171762e-01 2.13045298e-01 4.71165185e-01]
 [8.03382311e-02 5.00841678e-03 0.00000000e+00 0.00000000e+00
  0.00000000e+00 5.55734604e-02 1.10306725e-01 0.00000000e+00
  0.00000000e+00 0.00000000e+00 0.00000000e+00 1.16322546e-02
  5.24120663e-02 0.00000000e+00 0.00000000e+00]
 [0.00000000e+00 0.00000000e+00 0.00000000e+00 0.00000000e+00
  7.46150920e-02 0.00000000e+00 1.69711323e-02 6.05578244e-02
  0.00000000e+00 0.00000000e+00 6.15319398e-03 0.00000000e+00
  1.09319715e-01 0.00000000e+00 0.00000000e+00]
 [0.00000000e+00 0.00000000e+00 0.00000000e+00 0.00000000e+00
  1.56894425e-02 0.00000000e+00 9.93982970e-02 0.00000000e+00
  0.00000000e+00 0.00000000e+00 0.00000000e+00 0.00000000e+00
  7.85269909e-02 0.00000000e+00 8.04264029e-02]
 [0.00000000e+00 0.00000000e+00 0.00000000e+00 0.00000000e+00
  1.36323596e-01 0.00000000e+00 9.01512738e-02 0.00000000e+00
  0.00000000e+00 0.00000000e+00 4.81640627e-02 0.00000000e+00
  0.00000000e+00 0.00000000e+00 5.13459925e-02]
 [0.00000000e+00 0.00000000e+00 0.00000000e+00 0.00000000e+00
  1.36066557e-01 0.00000000e+00 1.34934442e-01 0.00000000e+00
  0.00000000e+00 2.20825805e-02 1.08208543e-01 0.00000000e+00
  4.03655662e-02 0.00000000e+00 2.80797100e-02]
 [0.00000000e+00 0.00000000e+00 0.00000000e+00 0.00000000e+00
  7.35571804e-02 0.00000000e+00 1.57374300e-01 0.00000000e+00
  1.01475135e-02 1.43428581e-02 7.53715383e-02 0.00000000e+00
  1.90455259e-02 0.00000000e+00 9.09287311e-02]
 [0.00000000e+00 0.00000000e+00 0.00000000e+00 0.00000000e+00
  1.87048953e-01 0.00000000e+00 1.89282344e-02 6.03752695e-02
  0.00000000e+00 0.00000000e+00 1.00425915e-01 1.79857995e-02
  1.03732706e-01 0.00000000e+00 4.01211597e-02]
 [4.45051691e-01 8.33412338e-01 1.53137330e+00 4.64943259e-01
  2.19226622e-01 2.25473030e-01 2.57364998e-01 3.25882454e-01
  2.05032807e-01 1.67160186e-01 3.23097333e-01 2.25433966e-01
  1.62652885e-01 3.35800890e-01 1.50074686e-01]]

6
----------------------------------------------------------------------------------
[[0.         0.04659792 0.00329924 0.235647   0.         0.02626624
  0.        ]
 [0.         0.         0.05281768 0.25492601 0.06872856 0.
  0.028746  ]
 [0.         0.11423969 0.         0.24084369 0.15369329 0.10536674
  0.01899394]
 [0.         0.01252271 0.         0.23296401 0.         0.03589472
  0.01130326]
 [0.         0.         0.00328976 0.19136951 0.         0.0122608
  0.01729452]
 [0.         0.         0.         0.2035696  0.16629075 0.07812226
  0.        ]
 [0.         0.         0.         0.15119563 0.10944254 0.03832257
  0.        ]
 [0.03032177 0.0219028  0.         0.23614072 0.         0.12385709
  0.00337055]
 [0.         0.         0.         0.16998669 0.         0.03663694
  0.        ]
 [0.         0.2688781  0.         0.36372345 0.06881843 0.1503243
  0.        ]
 [0.         0.         0.         0.04780675 0.0652702  0.08464312
  0.        ]
 [0.05885281 0.         0.         0.12531633 0.         0.02696967
  0.00452513]
 [0.         0.         0.         0.0944273  0.15083045 0.06405236
  0.        ]
 [0.06054435 0.         0.         0.         0.00384767 0.03787001
  0.        ]
 [0.07791343 0.         0.         0.         0.         0.05315987
  0.        ]
 [0.01099245 0.         0.         0.         0.17104439 0.02941086
  0.        ]
 [0.06879054 0.         0.         0.06360024 0.         0.09729305
  0.02598157]
 [0.44780859 0.16761051 0.80352533 0.26585022 0.3108891  0.35131448
  0.3350809 ]]