

1
----------------------------------------------------------------------------------
[[0.         0.         0.03147761 0.         0.         0.
  0.29667328 0.         0.         0.21815584 0.         0.
  0.         0.08453415 0.        ]
 [0.         0.04883518 0.         0.         0.         0.
  0.27442433 0.         0.         0.14905252 0.         0.
  0.         0.09976958 0.02516066]
 [0.14501595 0.14238976 0.         0.         0.         0.0778836
  0.4073482  0.         0.         0.18897703 0.04219226 0.
  0.00511439 0.15002643 0.0271136 ]
 [0.         0.         0.         0.         0.         0.
  0.24139933 0.         0.         0.15354745 0.         0.
  0.         0.02588132 0.        ]
 [0.         0.         0.         0.         0.         0.
  0.13723888 0.         0.         0.05254988 0.         0.
  0.         0.02689367 0.02140195]
 [0.0614876  0.11071234 0.         0.         0.         0.
  0.32287167 0.         0.         0.04020147 0.06270022 0.
  0.01719056 0.10442673 0.        ]
 [0.         0.0273091  0.         0.         0.         0.
  0.12523571 0.         0.         0.02429518 0.         0.
  0.         0.08745918 0.        ]
 [0.         0.01463713 0.03102545 0.         0.         0.
  0.27998995 0.01006957 0.         0.20777033 0.         0.
  0.         0.01131758 0.        ]
 [0.00889925 0.00341568 0.         0.         0.         0.
  0.19616724 0.         0.         0.12218881 0.         0.
  0.         0.         0.        ]
 [0.23943122 0.24219928 0.         0.18850041 0.         0.03587032
  0.72024212 0.08376081 0.07743298 0.06930681 0.14342358 0.
  0.07391099 0.2493221  0.18432464]
 [0.09488928 0.17255407 0.         0.         0.         0.
  0.25607283 0.         0.         0.         0.         0.
  0.         0.04666398 0.        ]
 [0.00580106 0.         0.         0.         0.         0.
  0.2050979  0.         0.         0.09171992 0.         0.
  0.         0.02699368 0.        ]
 [0.00339507 0.10063791 0.         0.         0.         0.
  0.24236655 0.         0.         0.         0.0150635  0.
  0.         0.09859034 0.        ]
 [0.01448066 0.         0.         0.         0.         0.
  0.08169366 0.         0.         0.01680943 0.         0.0492739
  0.00128717 0.10958238 0.        ]
 [0.02826436 0.         0.         0.         0.         0.
  0.13147577 0.         0.         0.         0.         0.10182794
  0.         0.11864138 0.        ]
 [0.07775402 0.04574145 0.04667767 0.         0.         0.
  0.18715263 0.         0.         0.02542425 0.         0.04499371
  0.06140786 0.1370333  0.        ]
 [0.01696697 0.         0.         0.         0.         0.
  0.16717903 0.         0.04475214 0.01604811 0.         0.
  0.         0.13438426 0.        ]
 [0.23183361 0.23365493 0.31191007 0.53042245 0.5761093  0.5018714
  0.12876868 0.27741997 0.40920156 0.11218123 0.17628949 0.40382095
  0.27349516 0.05532201 0.21942696]]

2
----------------------------------------------------------------------------------
[[0.         0.         0.21755335 0.14377021 0.         0.11879011
  0.18925152 0.         0.03152276 0.06036202 0.         0.11269915
  0.15928937 0.01384633 0.11720966]
 [0.         0.         0.06703879 0.13514105 0.         0.16191033
  0.14534071 0.         0.17279259 0.07340869 0.         0.05785686
  0.09384727 0.04244664 0.        ]
 [0.02426926 0.01107706 0.10627003 0.22283684 0.         0.16168475
  0.33214908 0.17923139 0.14842607 0.         0.04708314 0.10406626
  0.10001442 0.         0.08278957]
 [0.         0.         0.22504139 0.15239199 0.         0.11427596
  0.17080242 0.         0.         0.06548327 0.         0.0881592
  0.18808799 0.         0.11613704]
 [0.         0.         0.13793862 0.07107683 0.         0.09182289
  0.15033443 0.         0.0767073  0.04133731 0.         0.04183466
  0.10513257 0.         0.        ]
 [0.         0.10346913 0.16778989 0.2219826  0.         0.0797149
  0.18312141 0.06525164 0.03989992 0.         0.02574642 0.04086649
  0.07446511 0.         0.09353969]
 [0.         0.0146875  0.08812641 0.09175558 0.         0.09326325
  0.11916839 0.02146148 0.08124183 0.         0.         0.03357741
  0.03030847 0.         0.        ]
 [0.01748127 0.         0.24017609 0.20016398 0.         0.
  0.09646116 0.09295367 0.38565525 0.         0.         0.07915064
  0.23125888 0.         0.17995785]
 [0.12777469 0.         0.14730941 0.14373726 0.         0.
  0.07088286 0.11779456 0.58838325 0.         0.         0.041808
  0.13889192 0.         0.03915065]
 [0.12853963 0.12748052 0.51945592 0.20423201 0.31034351 0.25942864
  0.65423981 0.26590114 0.05997206 0.1020612  0.15045845 0.16038712
  0.43006081 0.06050388 0.2363193 ]
 [0.         0.         0.09340848 0.18818532 0.0124893  0.
  0.02400674 0.30831606 0.36416144 0.         0.00075349 0.05235069
  0.04796417 0.         0.08532022]
 [0.00632882 0.         0.15172849 0.11285445 0.         0.
  0.05408986 0.         0.2086745  0.         0.         0.03312013
  0.1373356  0.         0.07584827]
 [0.02116672 0.         0.10822837 0.15310212 0.         0.04429667
  0.04483595 0.14707081 0.23161477 0.         0.02642609 0.03818108
  0.04593652 0.         0.09598477]
 [0.         0.         0.02559444 0.04300675 0.02763871 0.
  0.         0.         0.         0.         0.         0.
  0.01087339 0.         0.08470234]
 [0.         0.         0.         0.04746576 0.07695469 0.
  0.00298047 0.         0.         0.         0.         0.
  0.06003465 0.         0.13018661]
 [0.         0.0503073  0.         0.08352196 0.09441712 0.
  0.10642955 0.03328588 0.         0.         0.00431806 0.
  0.02849295 0.         0.07834316]
 [0.         0.         0.11307414 0.         0.         0.
  0.         0.         0.         0.         0.         0.
  0.16000183 0.03655626 0.14280278]
 [0.32395985 0.26147396 0.28414772 0.25831511 0.26617753 0.14794731
  0.13106951 0.18242406 0.37081641 0.35951931 0.1810597  0.13084954
  0.0868367  0.50653622 0.12608916]]

3
----------------------------------------------------------------------------------
[[0.00000000e+00 3.60981666e-03 0.00000000e+00 2.82430476e-02
  6.24031608e-02 7.84792633e-02 4.60247738e-02 8.56137691e-02
  1.51684738e-01 0.00000000e+00 0.00000000e+00 0.00000000e+00
  3.53968243e-01 9.80178965e-02 2.38533210e-03]
 [1.40631276e-02 5.64567656e-02 0.00000000e+00 3.70434966e-02
  2.36725260e-02 1.18855313e-02 3.62613344e-02 3.45383200e-03
  5.26464871e-02 0.00000000e+00 0.00000000e+00 0.00000000e+00
  0.00000000e+00 1.14325595e-01 1.13833165e-01]
 [0.00000000e+00 1.90660550e-01 2.16780924e-02 5.84093167e-02
  0.00000000e+00 0.00000000e+00 1.26739528e-01 0.00000000e+00
  0.00000000e+00 0.00000000e+00 0.00000000e+00 4.90469541e-02
  0.00000000e+00 0.00000000e+00 1.44404600e+00]
 [0.00000000e+00 0.00000000e+00 0.00000000e+00 4.53181670e-02
  7.20497847e-02 1.01212634e-01 1.98996202e-02 2.54446067e-02
  1.39109014e-01 0.00000000e+00 0.00000000e+00 0.00000000e+00
  3.27707470e-01 1.16502817e-01 1.44833598e-01]
 [0.00000000e+00 0.00000000e+00 0.00000000e+00 3.06733716e-02
  0.00000000e+00 3.63824583e-02 7.86520366e-03 0.00000000e+00
  2.73547453e-02 0.00000000e+00 0.00000000e+00 0.00000000e+00
  8.67347135e-02 8.81050829e-02 8.52889429e-02]
 [0.00000000e+00 4.86491286e-02 0.00000000e+00 3.07955266e-02
  0.00000000e+00 0.00000000e+00 8.96983069e-02 3.40741970e-03
  3.06287078e-03 9.81414859e-02 0.00000000e+00 1.41650833e-01
  0.00000000e+00 0.00000000e+00 2.31946998e+00]
 [0.00000000e+00 2.68718890e-02 0.00000000e+00 0.00000000e+00
  0.00000000e+00 2.82788878e-03 3.57314896e-02 0.00000000e+00
  6.02527670e-02 6.44238734e-02 0.00000000e+00 6.19223596e-03
  0.00000000e+00 0.00000000e+00 1.54206241e+00]
 [0.00000000e+00 0.00000000e+00 0.00000000e+00 9.68527330e-02
  7.98299501e-02 5.71344450e-02 0.00000000e+00 7.45729614e-02
  0.00000000e+00 0.00000000e+00 0.00000000e+00 5.66127338e-03
  3.56261603e-01 2.83806844e-01 4.29916805e-01]
 [0.00000000e+00 0.00000000e+00 0.00000000e+00 6.66649681e-02
  2.69730141e-02 3.99558998e-02 0.00000000e+00 5.66311029e-02
  0.00000000e+00 9.51033011e-02 0.00000000e+00 3.57046825e-02
  1.04037254e-01 2.70773037e-01 2.78772375e-01]
 [6.51301734e-02 2.28141426e-01 5.82678058e-03 2.02154648e-01
  3.07156425e-01 1.55989450e-01 4.19689153e-01 1.44294143e-01
  1.20525498e-01 1.27990156e-01 0.00000000e+00 9.23593929e-01
  0.00000000e+00 1.01812891e-01 3.87579804e-01]
 [0.00000000e+00 2.81748529e-02 0.00000000e+00 0.00000000e+00
  0.00000000e+00 0.00000000e+00 0.00000000e+00 7.23211500e-02
  0.00000000e+00 0.00000000e+00 0.00000000e+00 5.84508347e-02
  1.14612802e-01 4.05986744e-01 1.03846315e+00]
 [0.00000000e+00 0.00000000e+00 0.00000000e+00 6.89729886e-02
  3.92664766e-02 2.00884117e-02 0.00000000e+00 1.81859303e-02
  0.00000000e+00 1.82910573e-01 0.00000000e+00 0.00000000e+00
  2.35104160e-01 9.93816735e-02 0.00000000e+00]
 [0.00000000e+00 1.33269856e-02 0.00000000e+00 0.00000000e+00
  0.00000000e+00 1.96262595e-02 5.34504253e-02 3.71724549e-02
  2.91999222e-01 0.00000000e+00 0.00000000e+00 6.47167216e-02
  0.00000000e+00 0.00000000e+00 1.76943304e-01]
 [0.00000000e+00 4.73454186e-02 0.00000000e+00 0.00000000e+00
  0.00000000e+00 0.00000000e+00 4.17314555e-02 4.95913288e-02
  0.00000000e+00 1.08121290e-01 4.21409170e-02 0.00000000e+00
  2.94691744e-02 0.00000000e+00 0.00000000e+00]
 [0.00000000e+00 2.47082207e-02 0.00000000e+00 7.72054609e-05
  2.87365184e-02 0.00000000e+00 3.64667222e-02 6.86257273e-02
  0.00000000e+00 1.30239594e-01 1.53405927e-02 2.55494792e-02
  5.23469413e-02 0.00000000e+00 1.05916102e-03]
 [0.00000000e+00 4.15388392e-02 0.00000000e+00 1.24551262e-02
  0.00000000e+00 0.00000000e+00 7.38062398e-02 3.01087660e-02
  0.00000000e+00 1.34517131e-01 2.63893356e-02 7.42371133e-02
  0.00000000e+00 0.00000000e+00 7.33684909e-02]
 [0.00000000e+00 0.00000000e+00 0.00000000e+00 6.18727574e-02
  6.98507518e-02 0.00000000e+00 1.84014657e-02 3.74978678e-02
  0.00000000e+00 6.08888448e-02 6.94512223e-02 0.00000000e+00
  1.87489040e-01 0.00000000e+00 0.00000000e+00]
 [1.88615826e-01 1.36711889e-01 2.46136563e-01 1.78596285e-01
  1.81712119e-01 3.25773396e-01 1.58055897e-01 2.85983112e-01
  9.77034472e-01 5.83578597e-01 7.06674670e-01 2.90072142e-01
  5.05530177e-01 5.06133739e-01 4.28617452e-01]]

4
----------------------------------------------------------------------------------
[[4.08826500e+00 4.51020670e+00 2.69313148e+00 1.73519778e+00
  7.30945194e-01 8.25131326e-01 3.60268556e-01 6.33005397e-02
  3.06098274e-01 0.00000000e+00 5.97384195e-02 1.37406457e+00
  3.93006901e+00 3.74021474e+00 1.95826832e+00]
 [1.96923001e+00 2.41080552e+00 2.13644865e+00 1.31065157e+00
  3.73277042e-01 3.56443866e-01 1.88831388e-01 0.00000000e+00
  1.86706023e-01 0.00000000e+00 0.00000000e+00 8.78133687e-01
  3.76102345e+00 5.88115989e+00 8.73706999e-01]
 [5.09310476e+00 5.12205888e+00 1.69062272e+00 7.84252942e-01
  2.95604885e-01 1.57921940e-01 1.07825682e-01 0.00000000e+00
  3.35961311e-02 0.00000000e+00 0.00000000e+00 4.79286326e-01
  2.30251683e+00 4.85125718e+00 3.67912436e+00]
 [5.55757878e+00 5.87161616e+00 2.99082243e+00 2.14647199e+00
  1.10013092e+00 1.08649895e+00 4.56336969e-01 5.99031322e-02
  2.75465782e-01 0.00000000e+00 2.55165579e-01 2.06710981e+00
  6.40818520e+00 5.75822336e+00 2.14611227e+00]
 [4.12956866e+00 5.27229569e+00 3.49064252e+00 2.65658848e+00
  1.45488504e+00 1.19529557e+00 5.84605417e-01 1.48122249e-01
  1.93777260e-01 9.87525755e-04 3.15798749e-01 2.20927094e+00
  6.67731621e+00 5.82154631e+00 2.17641305e+00]
 [6.14734057e+00 3.43518727e+00 1.90249337e+00 1.20386127e+00
  3.07226857e-01 3.07753925e-01 1.90671405e-01 0.00000000e+00
  2.02914667e-02 0.00000000e+00 0.00000000e+00 5.44420642e-01
  3.80431969e+00 1.14932932e+01 5.78154084e+00]
 [5.60444357e+00 4.45916600e+00 2.70845492e+00 1.93410017e+00
  7.30599912e-01 5.56094417e-01 2.46533614e-01 0.00000000e+00
  1.02494288e-01 0.00000000e+00 1.60729263e-01 1.28040181e+00
  5.68244396e+00 8.67205653e+00 3.88284409e+00]
 [1.59162401e+00 1.39620862e+00 7.92677783e-01 3.66716889e-01
  0.00000000e+00 1.56709035e-01 0.00000000e+00 0.00000000e+00
  8.48354641e-02 0.00000000e+00 0.00000000e+00 3.15138661e-02
  2.35940093e+00 3.26631717e+00 2.47141790e+00]
 [9.10631298e-01 5.36628045e-01 4.90977382e-01 1.53577348e-01
  7.61822962e-02 0.00000000e+00 5.53479798e-03 0.00000000e+00
  3.25307262e-02 0.00000000e+00 0.00000000e+00 2.32467907e-01
  1.28946802e+00 3.63397078e+00 2.79147351e+00]
 [8.00997380e-01 8.96249164e-01 7.26955966e-01 4.63548761e-01
  1.32033467e-03 3.44795531e-02 8.98673493e-02 0.00000000e+00
  9.76060716e-02 0.00000000e+00 0.00000000e+00 5.38045437e-01
  1.45642692e+00 1.12218957e+00 6.02933268e-01]
 [8.50679840e-01 4.00693779e-01 4.45348647e-01 2.79693889e-01
  3.53029668e-02 0.00000000e+00 0.00000000e+00 0.00000000e+00
  0.00000000e+00 0.00000000e+00 0.00000000e+00 3.75149714e-01
  1.82297825e+00 3.74519790e+00 1.31409889e+00]
 [1.80638892e-01 3.96562021e-01 2.34617603e-01 5.65106834e-02
  9.20111658e-02 0.00000000e+00 0.00000000e+00 0.00000000e+00
  3.40497754e-02 0.00000000e+00 0.00000000e+00 2.31479293e-01
  4.93564021e-01 1.32618034e+00 8.86225394e-01]
 [9.76966203e-03 3.35066246e-01 2.47325940e-01 0.00000000e+00
  6.75364811e-03 0.00000000e+00 0.00000000e+00 0.00000000e+00
  5.69761445e-02 0.00000000e+00 0.00000000e+00 2.28284097e-01
  3.97160910e-01 1.59872229e+00 9.78924402e-02]
 [7.76025862e-01 9.62371076e-01 6.62879720e-01 3.57810808e-01
  3.01161982e-01 0.00000000e+00 0.00000000e+00 8.09616214e-02
  0.00000000e+00 0.00000000e+00 0.00000000e+00 4.20946232e-01
  1.03516368e+00 1.06478773e+00 6.05344702e-01]
 [8.46498594e-01 9.82626038e-01 6.81390295e-01 3.84345102e-01
  3.34741707e-01 0.00000000e+00 0.00000000e+00 7.33590631e-02
  0.00000000e+00 0.00000000e+00 0.00000000e+00 4.86968376e-01
  1.06376745e+00 1.10874461e+00 6.60826330e-01]
 [7.90529437e-01 9.78311412e-01 6.37272463e-01 2.10642978e-01
  3.23043070e-01 0.00000000e+00 0.00000000e+00 1.02803605e-02
  0.00000000e+00 0.00000000e+00 0.00000000e+00 4.42546430e-01
  1.10630759e+00 1.01291688e+00 6.09305026e-01]
 [8.08512747e-01 8.55124340e-01 6.66553532e-01 3.73661675e-01
  3.17232441e-01 0.00000000e+00 0.00000000e+00 9.94906191e-02
  4.32862787e-02 0.00000000e+00 0.00000000e+00 4.57788929e-01
  1.01938565e+00 1.10827683e+00 6.72231766e-01]
 [6.17800024e-01 4.48751221e-01 1.44246652e-01 2.61280691e-01
  3.99023344e-01 3.49559557e-01 3.33755765e-01 3.79032979e-01
  2.13809045e-01 6.18924087e-01 3.57684128e-01 2.92258654e-01
  4.38672423e-01 6.25057733e-01 9.81511580e-01]]

5
----------------------------------------------------------------------------------
[[9.53123553e-02 0.00000000e+00 1.55583522e-01 2.92393577e-01
  2.68976499e-01 0.00000000e+00 1.90504748e-01 2.62263172e-01
  2.60252015e-02 1.21346672e-01 0.00000000e+00 0.00000000e+00
  0.00000000e+00 0.00000000e+00 0.00000000e+00]
 [0.00000000e+00 0.00000000e+00 8.12956594e-02 2.94032331e-01
  2.45841497e-01 0.00000000e+00 2.79271733e-01 1.44272744e-01
  0.00000000e+00 8.69616380e-02 0.00000000e+00 0.00000000e+00
  2.37030937e-04 0.00000000e+00 0.00000000e+00]
 [4.44203823e-01 1.88707120e-01 3.96457313e-01 2.38178745e-01
  1.87294720e-01 8.67757689e-03 3.66732913e-01 2.49614447e-01
  2.70772454e-02 1.13117483e-01 0.00000000e+00 3.44702819e-02
  1.58370452e-01 4.84386772e-02 0.00000000e+00]
 [0.00000000e+00 0.00000000e+00 2.67922083e-01 2.07447613e-01
  1.45528610e-01 0.00000000e+00 1.20963022e-01 3.33898174e-01
  6.39128355e-02 7.64118998e-02 1.80110491e-02 0.00000000e+00
  0.00000000e+00 0.00000000e+00 3.47335097e-02]
 [0.00000000e+00 0.00000000e+00 1.73131894e-01 6.16349374e-02
  7.98285334e-02 0.00000000e+00 1.19476701e-01 1.18933253e-01
  0.00000000e+00 6.81755692e-02 0.00000000e+00 0.00000000e+00
  0.00000000e+00 0.00000000e+00 0.00000000e+00]
 [5.65813772e-01 0.00000000e+00 3.91701712e-01 8.06581857e-02
  4.57682790e-03 0.00000000e+00 2.55101034e-01 1.79551684e-01
  0.00000000e+00 1.08157677e-01 0.00000000e+00 1.06059406e-01
  8.87154892e-02 0.00000000e+00 0.00000000e+00]
 [1.33067366e-01 0.00000000e+00 2.88604081e-01 8.10743938e-03
  3.84231480e-02 0.00000000e+00 1.54082452e-01 1.04246561e-01
  0.00000000e+00 9.46932480e-02 0.00000000e+00 0.00000000e+00
  0.00000000e+00 8.00940142e-03 0.00000000e+00]
 [0.00000000e+00 0.00000000e+00 8.66191565e-02 3.50836046e-01
  2.74176205e-01 0.00000000e+00 0.00000000e+00 7.07443860e-01
  7.28867590e-02 1.02442699e-01 5.42988262e-02 0.00000000e+00
  0.00000000e+00 0.00000000e+00 1.02520830e-01]
 [0.00000000e+00 0.00000000e+00 0.00000000e+00 2.21657063e-01
  2.43246790e-01 0.00000000e+00 0.00000000e+00 5.92083308e-01
  0.00000000e+00 9.83164581e-02 0.00000000e+00 0.00000000e+00
  0.00000000e+00 0.00000000e+00 0.00000000e+00]
 [0.00000000e+00 1.37858169e-01 2.49971683e-01 3.65125493e-01
  8.96950801e-02 4.69421801e-02 5.90752143e-01 6.01930776e-01
  1.78714203e-01 3.63598295e-01 0.00000000e+00 4.53175626e-02
  3.03116727e-01 1.62310623e-01 1.09761248e-01]
 [0.00000000e+00 0.00000000e+00 0.00000000e+00 8.44618227e-02
  5.75972692e-02 0.00000000e+00 0.00000000e+00 1.02757444e-01
  0.00000000e+00 6.61569182e-02 0.00000000e+00 3.07623614e-02
  7.24669559e-02 0.00000000e+00 0.00000000e+00]
 [0.00000000e+00 0.00000000e+00 2.93920510e-02 2.05655202e-01
  1.54205011e-01 0.00000000e+00 0.00000000e+00 2.98690965e-01
  0.00000000e+00 9.55453703e-02 0.00000000e+00 0.00000000e+00
  0.00000000e+00 0.00000000e+00 0.00000000e+00]
 [0.00000000e+00 0.00000000e+00 0.00000000e+00 7.06110936e-02
  0.00000000e+00 0.00000000e+00 2.52727241e-02 1.25485263e-01
  0.00000000e+00 1.38898491e-01 0.00000000e+00 8.62365900e-02
  8.52487215e-02 0.00000000e+00 0.00000000e+00]
 [2.58971245e-01 1.86124636e-01 1.28586143e-01 8.45996640e-03
  3.86457585e-02 0.00000000e+00 0.00000000e+00 1.99538949e-01
  1.40875732e-02 4.78858097e-02 0.00000000e+00 8.49312868e-02
  1.32597418e-01 0.00000000e+00 0.00000000e+00]
 [2.88328523e-01 2.80385227e-01 1.80815659e-01 0.00000000e+00
  2.36744080e-02 1.07708813e-03 0.00000000e+00 2.20155705e-01
  0.00000000e+00 8.78031648e-02 0.00000000e+00 4.45577421e-02
  1.83672118e-01 0.00000000e+00 0.00000000e+00]
 [3.74073356e-01 1.28778935e-01 1.02601600e-01 2.77731246e-02
  0.00000000e+00 0.00000000e+00 2.68658222e-02 1.70362873e-01
  0.00000000e+00 4.62188657e-02 0.00000000e+00 1.66137725e-01
  2.38642409e-01 0.00000000e+00 0.00000000e+00]
 [1.94677976e-01 2.24456555e-01 1.55454691e-01 5.11386932e-02
  7.40936037e-02 7.27326419e-02 0.00000000e+00 2.99864075e-01
  2.04735433e-02 3.32471067e-02 0.00000000e+00 4.78177018e-02
  1.03910319e-01 0.00000000e+00 4.18745657e-02]
 [8.32947971e-01 6.90862930e-01 2.21703336e-01 2.57460640e-01
  1.94675038e-01 3.77341126e-01 5.61171368e-01 2.23722176e-01
  2.16125516e-01 1.72785547e-01 3.21701204e-01 3.91892061e-01
  1.90111534e-01 2.32425323e-01 2.58779837e-01]]

6
----------------------------------------------------------------------------------
[[0.         0.14687721 0.         0.10028831 0.         0.
  0.01266106 0.07338208 0.         0.         0.         0.05346707
  0.22552578 0.12749582 0.05215737]
 [0.03914189 0.16825618 0.02997278 0.         0.         0.
  0.0346972  0.         0.         0.         0.         0.
  0.08178196 0.0596817  0.14746377]
 [0.065971   0.14441774 0.014147   0.         0.         0.02738702
  0.06255542 0.         0.         0.03895979 0.02949403 0.04758374
  0.18559482 0.019802   0.33326726]
 [0.         0.11858199 0.00561427 0.14629514 0.01696764 0.
  0.04153856 0.00358105 0.         0.         0.01806033 0.06488457
  0.23787489 0.16289759 0.10254924]
 [0.         0.16752188 0.02732717 0.00526424 0.         0.
  0.         0.         0.         0.         0.         0.
  0.12986235 0.03033464 0.04555876]
 [0.02421496 0.12149981 0.01762292 0.         0.         0.00223466
  0.01982597 0.         0.         0.         0.         0.13620731
  0.28104913 0.         0.27456575]
 [0.         0.12719313 0.02550403 0.         0.         0.
  0.00175009 0.         0.         0.         0.         0.
  0.12345876 0.         0.12811118]
 [0.         0.00529655 0.03602417 0.23269454 0.08090547 0.
  0.03318979 0.03764618 0.         0.         0.11343535 0.09850162
  0.24338324 0.23714149 0.15809167]
 [0.         0.01466793 0.0512214  0.12677706 0.02159738 0.
  0.         0.04843068 0.         0.         0.         0.01935689
  0.21118534 0.12398885 0.07557911]
 [0.1408347  0.34212177 0.11498456 0.186107   0.28403783 0.29162078
  0.18016155 0.         0.19408164 0.         0.23589451 0.79508328
  0.43068276 0.26008757 0.4743555 ]
 [0.02764397 0.03606139 0.05187033 0.         0.         0.
  0.02781129 0.         0.         0.         0.         0.13690388
  0.25458121 0.         0.20002922]
 [0.         0.02213399 0.07326486 0.09329336 0.03990531 0.01394033
  0.00731598 0.10680786 0.         0.         0.         0.04925195
  0.22628871 0.11203458 0.04614084]
 [0.03945656 0.03632375 0.02666519 0.         0.00554659 0.01499401
  0.07720917 0.         0.         0.         0.         0.08706877
  0.26792286 0.         0.17851026]
 [0.05390516 0.         0.04490969 0.08767914 0.11635058 0.
  0.04991883 0.02298074 0.         0.         0.         0.12796277
  0.10247007 0.12660555 0.03235567]
 [0.03210589 0.         0.02622322 0.10420261 0.14885725 0.
  0.03707016 0.         0.         0.         0.         0.21394072
  0.13987509 0.14565158 0.06478588]
 [0.14601537 0.00373132 0.09667363 0.13066953 0.08062246 0.0387862
  0.03229654 0.         0.         0.         0.         0.25202617
  0.22042824 0.08967058 0.13271229]
 [0.01704916 0.         0.05285805 0.1358847  0.18499507 0.
  0.03375463 0.08543272 0.         0.         0.         0.1571359
  0.07377946 0.28438652 0.04685475]
 [0.16266668 0.15951217 0.2849492  0.26140971 0.19559604 0.15490308
  0.08755825 0.39837778 0.269023   0.39745842 0.1663888  0.19902864
  0.33783219 0.16467915 0.11166047]]

7
----------------------------------------------------------------------------------
[[0.         0.         0.         0.0231909  0.         0.
  0.         0.2076458 ]
 [0.         0.         0.         0.03056622 0.00864591 0.
  0.         0.2109715 ]
 [0.03762875 0.         0.         0.02416138 0.0124309  0.
  0.         0.49440158]
 [0.         0.         0.         0.01544213 0.         0.
  0.         0.0927714 ]
 [0.         0.         0.         0.002162   0.         0.
  0.         0.        ]
 [0.08400527 0.         0.         0.         0.         0.
  0.         0.27545612]
 [0.         0.         0.         0.         0.         0.
  0.         0.01842764]
 [0.04710995 0.02432229 0.         0.00666558 0.         0.
  0.         0.10916636]
 [0.01164352 0.         0.         0.         0.         0.
  0.         0.08980629]
 [0.34861244 0.23614512 0.13984169 0.26721805 0.79518837 0.17602096
  0.13298883 0.74897503]
 [0.05592706 0.03499538 0.         0.         0.         0.
  0.         0.        ]
 [0.         0.         0.         0.         0.         0.
  0.         0.03828181]
 [0.06127502 0.02303365 0.         0.         0.         0.
  0.00981705 0.08322849]
 [0.0593612  0.01889098 0.         0.         0.         0.24515665
  0.3351845  0.34159787]
 [0.07493081 0.         0.         0.         0.         0.25173358
  0.35888902 0.39950134]
 [0.09632019 0.02768688 0.         0.         0.         0.31306365
  0.52586951 0.40279282]
 [0.05883009 0.02992416 0.         0.         0.         0.17829148
  0.20477037 0.4213497 ]
 [0.34570611 0.22067746 0.32671825 0.20903691 0.17022807 0.54050279
  0.76389594 0.3330807 ]]