

1
----------------------------------------------------------------------------------
[[0.         0.02388197 0.06587933 0.12084259 0.         0.
  0.         0.11189526 0.         0.07419914 0.14472062 0.21551257
  0.         0.23607903 0.        ]
 [0.         0.         0.02654972 0.         0.00764576 0.
  0.         0.         0.         0.1646111  0.         0.
  0.         0.13329181 0.        ]
 [0.08390335 0.         0.10073438 0.         0.08397396 0.
  0.         0.         0.         0.03464984 0.         0.
  0.         0.23937005 0.04278912]
 [0.         0.00246914 0.07070092 0.11028273 0.         0.07707864
  0.         0.20666345 0.         0.         0.17351954 0.1763791
  0.         0.20810928 0.        ]
 [0.         0.         0.         0.01897889 0.         0.
  0.         0.         0.         0.05856543 0.         0.
  0.         0.05181026 0.        ]
 [0.08491238 0.         0.07223258 0.         0.19010686 0.02215483
  0.         0.         0.         0.         0.         0.
  0.         0.21112618 0.02316716]
 [0.         0.         0.         0.         0.0311292  0.
  0.         0.         0.         0.05153988 0.         0.
  0.         0.0727766  0.        ]
 [0.         0.         0.15119205 0.1243084  0.         0.1858252
  0.         0.3109091  0.         0.         0.22478625 0.1737824
  0.         0.2396887  0.        ]
 [0.         0.         0.00917754 0.04530191 0.         0.
  0.         0.01877024 0.         0.         0.05194015 0.02863552
  0.         0.19544173 0.        ]
 [0.25702678 0.23837148 0.30754591 0.185414   0.51216902 0.44795378
  0.24332719 0.51896483 0.18750403 0.         0.         0.
  0.         0.43722668 0.0820695 ]
 [0.01500635 0.         0.         0.         0.03658304 0.
  0.         0.         0.         0.         0.         0.
  0.         0.2027068  0.01561021]
 [0.         0.         0.01553735 0.09932412 0.         0.
  0.         0.02777376 0.         0.         0.05670889 0.01568167
  0.         0.10720236 0.        ]
 [0.00311736 0.         0.         0.         0.0259094  0.
  0.         0.         0.         0.         0.         0.
  0.         0.1277185  0.        ]
 [0.01462561 0.         0.         0.10397938 0.         0.
  0.         0.         0.         0.         0.05679571 0.07078739
  0.         0.03337151 0.0124848 ]
 [0.00391975 0.         0.         0.11217262 0.         0.
  0.         0.         0.         0.         0.08785939 0.09403204
  0.         0.00135766 0.        ]
 [0.02702969 0.         0.         0.07372938 0.08529024 0.
  0.         0.         0.         0.         0.         0.0678142
  0.         0.12101669 0.08101334]
 [0.05857623 0.         0.         0.13896539 0.         0.
  0.         0.02866661 0.         0.         0.26440456 0.0648375
  0.         0.         0.        ]
 [0.21320265 0.25073103 0.16179126 0.5457317  0.23349386 0.32809039
  0.59565603 0.42345392 0.79813939 0.54551259 0.83472728 0.25598474
  0.4489931  0.3225634  0.37724027]]

2
----------------------------------------------------------------------------------
[[0.01248285 0.02928039 0.27746112 0.11826984 0.         0.2076683
  0.         0.10042588 0.         0.30901865 0.         0.03466427
  0.08926037 0.         0.        ]
 [0.         0.         0.02074484 0.0967824  0.         0.05698963
  0.         0.02823986 0.         0.11391697 0.         0.00523351
  0.07198339 0.         0.        ]
 [0.0427069  0.         0.05618946 0.19761858 0.         0.
  0.         0.03089619 0.         0.11885009 0.06580064 0.13230751
  0.08977563 0.         0.        ]
 [0.02828251 0.00890487 0.27443335 0.08802095 0.         0.1901138
  0.         0.09888185 0.         0.25897772 0.         0.03618396
  0.09384006 0.         0.        ]
 [0.         0.         0.05785577 0.06251948 0.         0.07015176
  0.         0.         0.         0.09041039 0.         0.00766219
  0.10166362 0.         0.        ]
 [0.15281962 0.         0.03989608 0.04785295 0.         0.00157064
  0.         0.         0.         0.1216044  0.01509959 0.13484296
  0.01654223 0.01766899 0.        ]
 [0.02225284 0.         0.         0.01884621 0.         0.02244175
  0.         0.         0.         0.         0.         0.00211481
  0.01117826 0.         0.        ]
 [0.1332883  0.0612203  0.37397197 0.         0.05989623 0.18761156
  0.         0.18697814 0.         0.23953941 0.         0.06852763
  0.0125737  0.         0.        ]
 [0.08556325 0.06791313 0.14418605 0.         0.04292149 0.06413985
  0.         0.12027951 0.         0.14516013 0.         0.02804055
  0.05638642 0.         0.        ]
 [0.23115922 0.3739611  0.27197029 0.38905349 0.19421212 0.27168723
  0.         0.22151516 0.12460739 0.43621061 0.03477269 0.887882
  0.08706465 0.49949866 0.        ]
 [0.16571972 0.         0.24224241 0.         0.21182864 0.08925822
  0.         0.07590002 0.         0.0790076  0.         0.11420159
  0.         0.         0.        ]
 [0.02109031 0.         0.17716977 0.23127963 0.         0.19121851
  0.         0.         0.         0.08276404 0.         0.0195088
  0.03851774 0.         0.        ]
 [0.11682995 0.         0.3616225  0.         0.         0.01082095
  0.         0.00747474 0.         0.0547149  0.         0.09705935
  0.         0.         0.        ]
 [0.07920199 0.         0.22443389 0.10903178 0.         0.10131003
  0.         0.00645929 0.02959624 0.07225603 0.         0.05412335
  0.         0.         0.        ]
 [0.1023526  0.         0.25182104 0.09410221 0.         0.15331263
  0.         0.         0.10511438 0.08745816 0.         0.
  0.         0.         0.02705267]
 [0.17066915 0.         0.29556283 0.07356586 0.         0.12189023
  0.         0.10256297 0.00488484 0.09814831 0.         0.15494888
  0.02491162 0.         0.03262289]
 [0.06107958 0.         0.31927842 0.13910543 0.         0.23440576
  0.         0.         0.09374672 0.07588986 0.07729046 0.
  0.         0.         0.03637829]
 [0.25320741 0.16177125 0.15436437 1.08706038 0.37775004 0.18123113
  0.42667204 0.20378757 0.35199948 0.14691606 0.4830238  0.22360648
  0.2923123  0.34566863 0.63259863]]

3
----------------------------------------------------------------------------------
[[0.         0.04736001 0.         0.14032947 0.20349291 0.
  0.12438898 0.         0.00837669 0.0481759  0.2613137  0.16412971
  0.27258637 0.03899039 0.        ]
 [0.12673106 0.04386736 0.         0.         0.21795614 0.
  0.09186266 0.         0.         0.06623713 0.01819244 0.11880851
  0.05135602 0.00908916 0.        ]
 [0.25085894 0.07654181 0.0876701  0.         0.25625449 0.
  0.09502225 0.         0.00218785 0.14349921 0.         0.10903041
  0.         0.00449165 0.        ]
 [0.01064043 0.03397362 0.         0.16520256 0.1252868  0.
  0.09224005 0.         0.         0.06917065 0.252632   0.137288
  0.24439666 0.         0.        ]
 [0.04290114 0.         0.         0.         0.17675904 0.
  0.0505778  0.         0.         0.03875501 0.04887742 0.084451
  0.07516591 0.02669154 0.        ]
 [0.19340268 0.15824482 0.04098846 0.00128544 0.19252066 0.
  0.04822481 0.         0.         0.01930889 0.         0.08316679
  0.         0.         0.        ]
 [0.07676623 0.         0.         0.         0.13722752 0.
  0.00100761 0.         0.         0.00744799 0.         0.10039808
  0.         0.         0.        ]
 [0.         0.         0.03749884 0.14753869 0.01181296 0.
  0.06743885 0.02577414 0.         0.04104883 0.30546914 0.06790555
  0.27856513 0.         0.        ]
 [0.         0.         0.         0.01552957 0.0200968  0.
  0.0369339  0.         0.         0.04461143 0.10896373 0.04186977
  0.21908133 0.         0.        ]
 [0.27475065 0.26136461 0.         0.15024825 0.29911576 0.10253954
  0.17266102 0.05303376 0.22184855 0.13650579 0.         0.11682146
  0.         0.         0.        ]
 [0.16660654 0.08782784 0.         0.         0.13196692 0.
  0.01547032 0.         0.         0.         0.         0.
  0.         0.         0.        ]
 [0.         0.         0.03367054 0.0687994  0.02201219 0.
  0.03091911 0.         0.         0.05743335 0.1292804  0.06371103
  0.21349492 0.         0.        ]
 [0.19378112 0.1102744  0.         0.         0.10739561 0.
  0.01653669 0.         0.         0.         0.         0.10586458
  0.         0.         0.        ]
 [0.00870991 0.0564929  0.11799784 0.22668213 0.         0.
  0.         0.03524323 0.         0.03478422 0.08714653 0.03667453
  0.12758281 0.         0.        ]
 [0.         0.07759747 0.13494199 0.28470582 0.         0.01547454
  0.00964708 0.05589588 0.         0.0311693  0.1433605  0.02643339
  0.1574058  0.         0.        ]
 [0.02172396 0.1812149  0.         0.24397759 0.01168022 0.
  0.03388817 0.00170515 0.         0.         0.         0.
  0.04397511 0.         0.        ]
 [0.03647296 0.03917027 0.2156729  0.35433562 0.         0.01238697
  0.         0.         0.         0.13346137 0.15242562 0.05318253
  0.28940858 0.         0.        ]
 [0.1709675  0.14572581 0.26462101 0.30870572 0.20289412 0.24425724
  0.11094001 0.23555303 0.21572871 0.32975603 0.33205853 0.16209624
  0.20014199 0.30719048 0.33388182]]

4
----------------------------------------------------------------------------------
[[0.10469224 0.         0.44770287 0.41583288 0.51092864 0.59023925
  3.30982278 3.98697636 2.67371486 1.26676084 0.87707081 0.84445114
  0.67234855 0.92971361 0.74495789]
 [0.         0.         0.26148748 0.32864994 0.57812384 0.67787774
  1.55430921 2.0545348  1.66806884 1.0077549  0.61322139 0.50185196
  0.15638224 0.58156501 0.43354957]
 [0.1338751  0.02576231 0.72008186 0.73198524 1.59101681 3.18981485
  3.57027095 1.7388478  1.38943046 0.83799084 0.42470176 0.19885127
  0.         0.10123933 0.27841685]
 [0.08465614 0.         0.38509667 0.37206096 0.46935587 0.75059193
  3.93298286 5.6707652  3.81842391 1.81427885 1.4190101  1.20550792
  0.90041345 1.1675632  0.82956485]
 [0.         0.         0.28598089 0.44024651 0.84572921 1.05686277
  3.24521719 4.48917682 3.28902027 1.77731502 1.37251708 1.29384478
  0.83595846 1.15940897 0.79272192]
 [0.43660176 0.20722265 1.45872694 1.30047315 2.75596709 5.05827038
  4.84004875 2.88666977 1.6957511  0.73094708 0.3673137  0.27941084
  0.         0.21099217 0.28872125]
 [0.17868288 0.         1.13080767 1.13938159 2.3177798  3.6263287
  5.16260359 4.01952293 2.66753232 1.33924019 0.77767936 0.61285464
  0.10970475 0.50254413 0.34671292]
 [0.13912402 0.         0.10343013 0.07346862 0.         0.
  1.21439071 2.23152801 0.96412404 0.29825457 0.38901218 0.03091838
  0.         0.19579178 0.12126002]
 [0.09319718 0.         0.07111317 0.04565621 0.         0.
  0.46541594 0.83626805 0.53132808 0.09338226 0.09446036 0.
  0.         0.07731642 0.        ]
 [0.11831334 0.         0.2034809  0.29028651 0.28144    0.8423323
  0.37635267 0.50004296 0.13981195 0.25556617 0.         0.15088402
  0.         0.06457722 0.29359618]
 [0.         0.         0.1311946  0.1860103  0.29745247 0.28022572
  0.42277162 0.43513645 0.40002985 0.08588054 0.0487671  0.
  0.         0.         0.0580735 ]
 [0.03359061 0.         0.         0.12693525 0.         0.05061
  0.10013138 0.02818622 0.1962085  0.         0.         0.
  0.         0.00949255 0.        ]
 [0.         0.         0.         0.         0.         0.
  0.0075123  0.21049198 0.13140656 0.03758621 0.         0.
  0.         0.         0.09153497]
 [0.10317892 0.1905997  0.19026297 0.1557803  0.04553379 0.21343608
  0.52111914 0.50889344 0.68437956 0.46710538 0.4539749  0.44134816
  0.41183077 0.28536075 0.26614461]
 [0.06689421 0.24333057 0.19825094 0.16061888 0.08837502 0.17433905
  0.55732318 0.55180009 0.7552433  0.48689018 0.50195032 0.49625935
  0.41954573 0.26628353 0.34638008]
 [0.06194186 0.35736428 0.10271239 0.03100965 0.15398022 0.06410533
  0.64136389 0.49761033 0.64070987 0.34557871 0.48776515 0.41706601
  0.42346637 0.12617937 0.31381889]
 [0.10951902 0.08227413 0.19135551 0.33153406 0.03552093 0.17369753
  0.44406268 0.44949441 0.69931407 0.49880789 0.41858161 0.52205484
  0.39574638 0.30533245 0.22220708]
 [0.46372155 0.56653423 0.39441117 0.19864854 0.28651102 0.47918376
  0.44885352 0.19380768 0.14709569 0.2548398  0.35392357 0.39706385
  0.6984318  0.34505954 0.27890862]]

5
----------------------------------------------------------------------------------
[[0.00000000e+00 2.07396865e-01 8.44473296e-02 0.00000000e+00
  0.00000000e+00 2.52374925e-02 1.75114265e-01 0.00000000e+00
  2.20562708e-01 2.34952361e-01 1.39872391e-01 7.25133302e-02
  0.00000000e+00 0.00000000e+00 0.00000000e+00]
 [0.00000000e+00 1.22191518e-01 0.00000000e+00 0.00000000e+00
  0.00000000e+00 1.92618778e-01 2.29615517e-01 0.00000000e+00
  1.49380521e-01 4.45696441e-02 0.00000000e+00 0.00000000e+00
  0.00000000e+00 9.28760014e-02 0.00000000e+00]
 [0.00000000e+00 7.23140501e-02 0.00000000e+00 0.00000000e+00
  0.00000000e+00 3.41645607e-01 2.93031006e-01 1.14244546e-01
  0.00000000e+00 0.00000000e+00 0.00000000e+00 0.00000000e+00
  0.00000000e+00 2.97588346e-01 0.00000000e+00]
 [0.00000000e+00 2.17776000e-01 6.92646377e-02 5.20775507e-02
  0.00000000e+00 0.00000000e+00 6.55727470e-02 0.00000000e+00
  2.99720744e-01 2.39887446e-01 2.81747902e-01 4.78441128e-02
  3.79280400e-02 0.00000000e+00 0.00000000e+00]
 [0.00000000e+00 2.15762829e-01 6.28484675e-03 0.00000000e+00
  0.00000000e+00 0.00000000e+00 1.07757194e-01 0.00000000e+00
  2.40099472e-01 1.76955441e-01 0.00000000e+00 0.00000000e+00
  0.00000000e+00 0.00000000e+00 0.00000000e+00]
 [0.00000000e+00 5.69295476e-02 0.00000000e+00 0.00000000e+00
  0.00000000e+00 1.75573882e-01 2.27354753e-01 1.17793006e-01
  0.00000000e+00 0.00000000e+00 1.06354071e-01 0.00000000e+00
  0.00000000e+00 7.52947154e-02 0.00000000e+00]
 [0.00000000e+00 1.48351411e-01 0.00000000e+00 0.00000000e+00
  0.00000000e+00 1.41474144e-01 1.44832277e-01 6.85280084e-02
  8.68551746e-02 4.88036971e-02 0.00000000e+00 0.00000000e+00
  0.00000000e+00 5.94809843e-02 0.00000000e+00]
 [0.00000000e+00 1.79056468e-01 0.00000000e+00 9.61714361e-02
  0.00000000e+00 3.77560336e-01 9.11387847e-01 2.90227266e-02
  1.76430693e-01 1.34997773e-01 3.94085528e-01 3.49960100e-01
  2.36994328e-01 0.00000000e+00 0.00000000e+00]
 [0.00000000e+00 7.64546368e-02 0.00000000e+00 3.98935433e-02
  0.00000000e+00 4.48133450e-01 8.48069912e-01 7.51399045e-02
  1.87209058e-01 7.40156517e-02 2.11100263e-01 1.53325936e-01
  0.00000000e+00 4.32331179e-01 0.00000000e+00]
 [7.78992915e-04 1.21979382e-01 0.00000000e+00 1.60228606e-02
  5.39827065e-03 1.34184966e-01 2.74964123e-01 2.34832672e-01
  0.00000000e+00 1.02154744e-01 3.65087824e-01 7.08468500e-02
  0.00000000e+00 1.19111044e-01 0.00000000e+00]
 [0.00000000e+00 0.00000000e+00 0.00000000e+00 4.84641161e-02
  0.00000000e+00 9.06864952e-01 2.76478711e-01 8.65076867e-02
  0.00000000e+00 0.00000000e+00 1.05226748e-01 1.69616617e-02
  0.00000000e+00 0.00000000e+00 0.00000000e+00]
 [0.00000000e+00 8.54810210e-02 9.13133289e-03 0.00000000e+00
  0.00000000e+00 1.16842631e-03 2.30480636e-01 1.34690861e-04
  5.33417498e-02 3.63700113e-02 1.99576796e-01 8.94518718e-02
  0.00000000e+00 0.00000000e+00 0.00000000e+00]
 [0.00000000e+00 3.50860636e-02 0.00000000e+00 8.25500548e-02
  0.00000000e+00 3.53721154e-02 9.14045148e-02 5.70424372e-02
  0.00000000e+00 0.00000000e+00 3.42571380e-02 0.00000000e+00
  0.00000000e+00 0.00000000e+00 0.00000000e+00]
 [5.78721655e-02 7.74398045e-02 3.57052988e-02 1.17916880e-01
  1.75198271e-01 2.00491841e-02 0.00000000e+00 0.00000000e+00
  0.00000000e+00 0.00000000e+00 3.15179068e-01 1.60313548e-01
  0.00000000e+00 0.00000000e+00 0.00000000e+00]
 [1.08596250e-01 1.08901948e-01 2.65801582e-02 1.10116240e-01
  2.45986493e-01 7.23446851e-02 2.44255234e-02 0.00000000e+00
  0.00000000e+00 0.00000000e+00 4.17458453e-01 2.23158376e-01
  0.00000000e+00 0.00000000e+00 0.00000000e+00]
 [1.91908695e-02 1.26508849e-01 0.00000000e+00 1.65680908e-01
  1.12190275e-01 3.01444549e-02 1.41631336e-01 4.33858819e-02
  0.00000000e+00 0.00000000e+00 3.55112030e-01 3.07950052e-01
  0.00000000e+00 0.00000000e+00 0.00000000e+00]
 [1.12099985e-01 1.52742350e-01 7.19964644e-03 9.57756699e-02
  2.60070842e-01 9.84516148e-02 0.00000000e+00 0.00000000e+00
  2.29040358e-02 0.00000000e+00 4.00685214e-01 2.25779289e-01
  3.81992794e-02 0.00000000e+00 0.00000000e+00]
 [4.30897723e-01 1.07523572e-01 4.78425949e-01 2.41876852e-01
  4.79654611e-01 7.93067015e-01 1.04541065e-01 3.91224153e-01
  3.56146034e-01 2.63975415e-01 3.93145262e-01 3.87903703e-01
  3.15382611e-01 8.80265701e-01 3.38733751e-01]]

6
----------------------------------------------------------------------------------
[[5.49407413e-03 0.00000000e+00 3.28476158e-02 3.29643533e-02
  8.86316758e-03 1.06009506e-01 0.00000000e+00 1.49113522e-02
  7.18843928e-02 0.00000000e+00 1.74666827e-01 3.40530941e-01
  0.00000000e+00 1.90357961e-01 5.35712699e-02]
 [0.00000000e+00 0.00000000e+00 0.00000000e+00 1.36387640e-01
  0.00000000e+00 0.00000000e+00 0.00000000e+00 0.00000000e+00
  3.34824718e-02 0.00000000e+00 1.03162254e-01 2.98141247e-01
  0.00000000e+00 1.34953272e-01 1.22878536e-01]
 [5.88147578e-02 0.00000000e+00 0.00000000e+00 2.66799977e-01
  0.00000000e+00 0.00000000e+00 0.00000000e+00 1.90282383e-03
  0.00000000e+00 0.00000000e+00 3.94775112e-02 1.27046179e-01
  0.00000000e+00 1.44028670e-01 1.19206918e-01]
 [0.00000000e+00 0.00000000e+00 2.16903348e-01 7.16204345e-02
  0.00000000e+00 1.27414977e-01 0.00000000e+00 0.00000000e+00
  2.46707869e-02 0.00000000e+00 2.21690251e-01 3.74906169e-01
  0.00000000e+00 2.75801084e-01 8.27706252e-02]
 [0.00000000e+00 0.00000000e+00 4.92914114e-02 1.12618595e-01
  0.00000000e+00 6.27283427e-02 0.00000000e+00 0.00000000e+00
  9.55020663e-03 0.00000000e+00 1.63867239e-01 4.51160903e-01
  0.00000000e+00 2.34285653e-01 1.27141416e-01]
 [1.77529586e-02 0.00000000e+00 0.00000000e+00 2.35698856e-01
  0.00000000e+00 0.00000000e+00 0.00000000e+00 0.00000000e+00
  3.33804444e-02 0.00000000e+00 7.48402143e-02 1.37690384e-01
  0.00000000e+00 8.18724896e-02 1.59475695e-01]
 [0.00000000e+00 0.00000000e+00 0.00000000e+00 1.38066690e-01
  0.00000000e+00 0.00000000e+00 0.00000000e+00 0.00000000e+00
  0.00000000e+00 0.00000000e+00 1.08567676e-01 2.12458452e-01
  0.00000000e+00 1.58327424e-01 1.79117781e-01]
 [0.00000000e+00 0.00000000e+00 1.13753411e-01 0.00000000e+00
  2.46045358e-02 1.34724723e-01 0.00000000e+00 1.93351498e-01
  4.66198347e-02 0.00000000e+00 3.60854722e-02 1.42992250e-01
  0.00000000e+00 3.83486759e-02 1.46384526e-01]
 [0.00000000e+00 0.00000000e+00 5.59431170e-02 0.00000000e+00
  1.18285451e-02 9.43561002e-02 0.00000000e+00 8.45387576e-02
  4.22301755e-02 0.00000000e+00 0.00000000e+00 8.57061116e-02
  0.00000000e+00 0.00000000e+00 8.97528076e-02]
 [2.48709835e-02 1.31359157e-02 0.00000000e+00 1.96650075e-01
  0.00000000e+00 0.00000000e+00 5.50011194e-02 0.00000000e+00
  0.00000000e+00 9.38247853e-02 7.38555063e-02 4.90994128e-04
  0.00000000e+00 2.03320089e-01 6.65195686e-02]
 [0.00000000e+00 0.00000000e+00 0.00000000e+00 6.36304532e-02
  0.00000000e+00 0.00000000e+00 0.00000000e+00 0.00000000e+00
  0.00000000e+00 0.00000000e+00 0.00000000e+00 0.00000000e+00
  0.00000000e+00 6.36433849e-02 8.86997752e-03]
 [0.00000000e+00 0.00000000e+00 5.53821923e-02 0.00000000e+00
  3.26674665e-02 1.30682196e-01 0.00000000e+00 1.03651058e-01
  1.86153992e-02 0.00000000e+00 0.00000000e+00 9.41552226e-02
  0.00000000e+00 2.60649602e-02 1.02463096e-01]
 [0.00000000e+00 0.00000000e+00 3.06858413e-02 1.21341153e-01
  0.00000000e+00 0.00000000e+00 0.00000000e+00 0.00000000e+00
  0.00000000e+00 0.00000000e+00 5.74551683e-02 0.00000000e+00
  0.00000000e+00 9.80641839e-02 0.00000000e+00]
 [0.00000000e+00 0.00000000e+00 1.09583974e-01 0.00000000e+00
  0.00000000e+00 8.33820945e-02 8.24968593e-02 9.47385359e-02
  0.00000000e+00 0.00000000e+00 2.35407638e-03 0.00000000e+00
  4.32425572e-03 5.36971885e-02 3.27156586e-02]
 [0.00000000e+00 1.35731857e-02 1.40799552e-01 0.00000000e+00
  0.00000000e+00 1.00774038e-01 6.82690519e-02 1.10572607e-01
  0.00000000e+00 5.89707150e-03 3.09018251e-04 0.00000000e+00
  6.51287164e-02 5.84315792e-02 7.64062644e-02]
 [2.85831913e-02 1.09255986e-01 1.04097301e-01 2.19147642e-02
  1.48911625e-02 4.14488641e-03 1.20793527e-01 6.81619875e-02
  0.00000000e+00 4.47060978e-02 0.00000000e+00 0.00000000e+00
  0.00000000e+00 1.22836349e-01 7.14520041e-02]
 [0.00000000e+00 0.00000000e+00 1.85452148e-01 0.00000000e+00
  3.40575081e-02 1.82323878e-01 4.28450919e-02 2.23727899e-01
  1.21827352e-02 0.00000000e+00 3.33691121e-02 2.58281850e-02
  4.45074348e-02 2.34646221e-02 6.68149746e-02]
 [2.62975707e-01 2.89537966e-01 2.81182514e-01 2.40644509e-01
  2.51914114e-01 3.31847334e-01 2.58829462e-01 2.43292082e-01
  2.78839034e-01 2.51868417e-01 2.79671858e-01 1.69450113e-01
  3.87570245e-01 7.73951384e-02 1.70396588e-01]]

7
----------------------------------------------------------------------------------
[[0.07048096 0.         0.14706946 0.         0.27155445 0.22350743
  0.15885591 0.14641248 0.02015939 0.24971185 0.22165393]
 [0.         0.         0.01522442 0.         0.18849572 0.05986431
  0.15046477 0.         0.04036529 0.16501446 0.17536697]
 [0.         0.         0.08187879 0.11892856 0.14797183 0.
  0.24453278 0.         0.21813203 0.2134465  0.00761781]
 [0.08072736 0.         0.20546783 0.         0.2784256  0.26539385
  0.16900448 0.19826845 0.06749714 0.40125751 0.26855491]
 [0.07415606 0.01282735 0.15800243 0.         0.20524396 0.07034032
  0.21444059 0.0221387  0.03130963 0.21727657 0.42712503]
 [0.         0.         0.29477007 0.20606411 0.08122931 0.
  0.28151877 0.07623461 0.22795661 0.3611367  0.14262593]
 [0.         0.         0.22253509 0.00424115 0.19312773 0.05022947
  0.22311316 0.         0.06067822 0.22096917 0.26223876]
 [0.         0.         0.19416345 0.08216055 0.2560239  0.21397803
  0.07935454 0.02435149 0.10892175 0.41161839 0.0574832 ]
 [0.         0.         0.09283038 0.00215816 0.12746213 0.07415754
  0.05802996 0.         0.04324839 0.23916058 0.        ]
 [0.         0.         0.06989985 0.28791304 0.         0.04838088
  0.2464457  0.11907925 0.20397279 0.4100708  0.09728913]
 [0.         0.         0.         0.18155498 0.01532981 0.
  0.1627969  0.03827457 0.12684466 0.21565738 0.        ]
 [0.         0.         0.10728581 0.0116198  0.07872769 0.09255804
  0.01193134 0.         0.04677397 0.24034238 0.        ]
 [0.         0.         0.00586475 0.09739338 0.         0.
  0.15814627 0.05817188 0.14292318 0.23307461 0.        ]
 [0.00788266 0.         0.03997246 0.10596137 0.04759862 0.
  0.         0.03874686 0.00698912 0.0949238  0.        ]
 [0.         0.         0.08677745 0.11206953 0.12838435 0.00384959
  0.         0.04810545 0.01601083 0.10252667 0.        ]
 [0.         0.         0.01556045 0.16358036 0.0013105  0.
  0.14028725 0.11152946 0.03822225 0.19561202 0.        ]
 [0.01045356 0.         0.16648585 0.04420902 0.12821287 0.07624023
  0.         0.         0.05284749 0.15318935 0.        ]
 [0.35057921 0.55670372 0.1814096  0.32190032 0.21845561 0.33490851
  0.18206982 0.18986495 0.11539612 0.15985253 0.24111605]]