

1
----------------------------------------------------------------------------------
[[0.00000000e+00 4.09236319e-01 2.14113681e-01 4.37189239e-01
  3.68615370e-02 3.20731376e-01 1.24371907e-01 1.83266482e-01
  3.48197796e-01 0.00000000e+00 3.76689568e-01 3.62307782e-01
  0.00000000e+00 6.39856550e-02 5.19848876e-05]
 [0.00000000e+00 1.62091109e-02 6.73244930e-02 1.87659244e-01
  9.22414180e-02 9.68013389e-02 0.00000000e+00 0.00000000e+00
  2.35163645e-01 3.06595471e-01 1.25616556e-01 1.68394679e-01
  0.00000000e+00 6.64122765e-03 0.00000000e+00]
 [1.88487071e-01 3.46703743e-04 7.25361906e-02 1.70561176e-01
  1.13014781e-01 0.00000000e+00 0.00000000e+00 1.46346539e-01
  2.37128767e-01 3.76367105e-01 0.00000000e+00 4.16101641e-02
  1.98897383e-01 4.96788817e-02 0.00000000e+00]
 [0.00000000e+00 2.01537655e-01 0.00000000e+00 1.22063198e-01
  0.00000000e+00 3.65493430e-01 9.24607270e-02 1.21630990e-01
  2.43204604e-01 0.00000000e+00 1.79667644e-01 1.64355541e-01
  0.00000000e+00 8.45983892e-02 0.00000000e+00]
 [0.00000000e+00 4.70250146e-02 4.95088594e-02 1.71197223e-01
  7.55338088e-02 9.83621801e-03 6.39479224e-02 0.00000000e+00
  1.28966155e-01 1.07937719e-01 6.41191539e-02 1.95553785e-01
  0.00000000e+00 0.00000000e+00 4.83211799e-02]
 [1.55073433e-01 9.71253259e-02 2.21934032e-02 5.86865862e-02
  3.04714906e-03 0.00000000e+00 1.19164846e-02 5.53918556e-02
  2.49662201e-01 4.08399356e-01 0.00000000e+00 0.00000000e+00
  2.14611125e-01 2.00838744e-01 0.00000000e+00]
 [7.02403059e-03 3.43794304e-02 9.52273253e-02 1.39663528e-01
  7.20767900e-03 0.00000000e+00 0.00000000e+00 0.00000000e+00
  1.17393435e-01 2.20978894e-01 3.89688156e-02 9.15022833e-02
  1.77411762e-03 3.52023535e-02 0.00000000e+00]
 [0.00000000e+00 2.02013492e-01 0.00000000e+00 1.22558311e-01
  0.00000000e+00 4.07990769e-01 3.46056163e-02 0.00000000e+00
  5.19398675e-02 0.00000000e+00 2.53798716e-01 6.87126999e-02
  0.00000000e+00 1.29694242e-01 0.00000000e+00]
 [0.00000000e+00 1.28797628e-01 0.00000000e+00 1.04067642e-01
  0.00000000e+00 2.70623159e-01 0.00000000e+00 0.00000000e+00
  1.24838769e-01 0.00000000e+00 8.87746149e-02 6.05350300e-02
  0.00000000e+00 8.15789477e-02 0.00000000e+00]
 [1.50998927e-01 2.13356538e-01 7.17114577e-02 1.08588751e-01
  0.00000000e+00 0.00000000e+00 9.25903877e-02 1.12098440e-01
  1.12183366e-01 3.16657566e-01 0.00000000e+00 0.00000000e+00
  2.55237376e-01 2.51251612e-01 0.00000000e+00]
 [3.82681553e-02 0.00000000e+00 0.00000000e+00 1.24798956e-01
  0.00000000e+00 0.00000000e+00 0.00000000e+00 0.00000000e+00
  2.12035588e-01 2.19794624e-01 0.00000000e+00 0.00000000e+00
  6.95439172e-02 0.00000000e+00 0.00000000e+00]
 [0.00000000e+00 3.72462060e-02 0.00000000e+00 8.68947376e-02
  0.00000000e+00 1.60967455e-01 1.12562625e-01 2.61336886e-03
  3.39265935e-02 0.00000000e+00 1.65698369e-01 0.00000000e+00
  0.00000000e+00 1.08943956e-01 0.00000000e+00]
 [1.38002827e-01 0.00000000e+00 0.00000000e+00 1.68418018e-01
  0.00000000e+00 0.00000000e+00 0.00000000e+00 3.39021475e-02
  1.52658257e-01 1.04590315e-01 0.00000000e+00 0.00000000e+00
  1.39740267e-01 1.71818488e-02 0.00000000e+00]
 [1.01281530e-01 8.14285167e-02 0.00000000e+00 7.19412923e-03
  0.00000000e+00 0.00000000e+00 1.45459004e-01 5.96853508e-02
  2.06872013e-01 0.00000000e+00 7.46401492e-02 0.00000000e+00
  0.00000000e+00 1.31908634e-01 0.00000000e+00]
 [1.36707367e-01 5.61807588e-01 0.00000000e+00 4.05332319e-01
  0.00000000e+00 5.06721160e-02 6.42201039e-01 1.54228545e-01
  6.82530007e-01 0.00000000e+00 0.00000000e+00 0.00000000e+00
  0.00000000e+00 1.22161523e-01 0.00000000e+00]
 [2.33240023e-01 8.55879263e-02 0.00000000e+00 0.00000000e+00
  0.00000000e+00 0.00000000e+00 1.79988429e-01 1.63568859e-01
  1.79933700e-01 0.00000000e+00 0.00000000e+00 0.00000000e+00
  6.62860982e-02 0.00000000e+00 0.00000000e+00]
 [0.00000000e+00 4.93973053e-01 0.00000000e+00 1.88626956e-01
  0.00000000e+00 1.65844053e-01 1.67797095e-01 1.30837702e-01
  1.25258728e-01 0.00000000e+00 2.06051529e-01 0.00000000e+00
  0.00000000e+00 4.11739773e-02 9.24303283e-02]
 [8.05936781e-01 2.72776858e-01 7.46903017e-01 3.26545429e-01
  9.53213662e-01 4.75853591e-01 1.88338328e-01 3.29497581e-01
  1.63553273e-01 1.50718065e+00 9.71962461e-01 5.67858878e-01
  1.08751940e+00 6.10810072e-01 8.66924036e-01]]

2
----------------------------------------------------------------------------------
[[2.11226449e-01 1.51031872e-01 5.18102981e-01 0.00000000e+00
  0.00000000e+00 1.04301945e+00 3.58900901e+00 4.25906979e+00
  8.98824072e-01 1.26611969e+00 5.60111453e-01 0.00000000e+00
  0.00000000e+00 0.00000000e+00 4.02359599e-01]
 [3.94061510e-02 0.00000000e+00 3.38313481e-01 0.00000000e+00
  0.00000000e+00 4.53673409e+00 4.18033492e+01 1.19530927e+01
  0.00000000e+00 3.52976591e-01 0.00000000e+00 0.00000000e+00
  0.00000000e+00 0.00000000e+00 0.00000000e+00]
 [1.52744156e-01 5.22535586e-02 2.06780558e-01 1.19131599e-01
  0.00000000e+00 3.05820976e+00 4.92455442e+00 1.05447117e+00
  0.00000000e+00 8.80399147e-01 1.91137079e-01 0.00000000e+00
  0.00000000e+00 0.00000000e+00 3.11106595e-01]
 [3.14103478e-01 2.32571061e-01 5.08999637e-01 1.93140366e-01
  1.44738962e+00 4.69119448e+00 6.23546032e+00 4.11927245e+00
  9.34258740e-01 6.06612204e-01 1.66437761e-01 0.00000000e+00
  0.00000000e+00 0.00000000e+00 0.00000000e+00]
 [8.33125873e-02 3.98163398e-02 2.57006320e-01 3.22534890e-01
  1.51163020e+00 5.13868887e+00 6.81610626e+00 3.73087874e+00
  1.40639998e+00 3.99370998e-01 0.00000000e+00 0.00000000e+00
  0.00000000e+00 0.00000000e+00 0.00000000e+00]
 [3.71776026e-01 9.61762912e-02 2.21253453e-01 8.71330080e-01
  2.16453334e+00 7.76958511e+00 9.28741924e+00 4.09378270e+00
  8.14105203e-01 6.47481582e-01 0.00000000e+00 0.00000000e+00
  0.00000000e+00 0.00000000e+00 0.00000000e+00]
 [2.37536732e-01 0.00000000e+00 2.13576991e-01 4.61061915e-01
  2.09880092e+00 7.63027537e+00 9.60526683e+00 4.19808511e+00
  9.01791357e-01 4.66584779e-01 1.24902706e-01 0.00000000e+00
  0.00000000e+00 0.00000000e+00 0.00000000e+00]
 [1.24813301e+00 4.08396431e-01 3.87345398e-01 1.54681141e-01
  1.64301952e-01 3.95239098e-01 1.27045643e+00 5.14042864e-01
  0.00000000e+00 0.00000000e+00 0.00000000e+00 0.00000000e+00
  0.00000000e+00 0.00000000e+00 0.00000000e+00]
 [1.80786748e+00 4.56211796e-01 5.67401194e-01 1.53794921e-01
  0.00000000e+00 0.00000000e+00 0.00000000e+00 0.00000000e+00
  0.00000000e+00 0.00000000e+00 0.00000000e+00 0.00000000e+00
  0.00000000e+00 0.00000000e+00 0.00000000e+00]
 [3.79195303e-01 3.13144349e-01 1.86370042e-01 1.17893940e-01
  0.00000000e+00 0.00000000e+00 5.75106247e+00 1.56391583e+00
  0.00000000e+00 5.62836700e-01 0.00000000e+00 0.00000000e+00
  0.00000000e+00 0.00000000e+00 3.64749939e-02]
 [1.75300468e+00 3.45630701e-01 7.05404662e-01 5.75006033e-01
  6.31503540e-01 5.10637785e-01 4.51798331e+00 0.00000000e+00
  0.00000000e+00 2.93993753e-02 0.00000000e+00 0.00000000e+00
  0.00000000e+00 0.00000000e+00 0.00000000e+00]
 [1.40082036e+00 3.13432147e-01 2.70565945e-01 0.00000000e+00
  0.00000000e+00 0.00000000e+00 0.00000000e+00 0.00000000e+00
  0.00000000e+00 0.00000000e+00 0.00000000e+00 0.00000000e+00
  0.00000000e+00 0.00000000e+00 0.00000000e+00]
 [4.32153856e-01 3.56495041e-02 1.67467458e-01 2.52824647e-01
  0.00000000e+00 0.00000000e+00 0.00000000e+00 0.00000000e+00
  0.00000000e+00 0.00000000e+00 0.00000000e+00 0.00000000e+00
  0.00000000e+00 0.00000000e+00 0.00000000e+00]
 [3.21369881e-02 1.35446537e-01 2.47180955e-01 0.00000000e+00
  0.00000000e+00 0.00000000e+00 0.00000000e+00 0.00000000e+00
  0.00000000e+00 0.00000000e+00 0.00000000e+00 0.00000000e+00
  0.00000000e+00 0.00000000e+00 1.16530595e-01]
 [2.94201336e-01 2.86433193e-01 2.60464475e-01 0.00000000e+00
  0.00000000e+00 0.00000000e+00 0.00000000e+00 0.00000000e+00
  0.00000000e+00 0.00000000e+00 0.00000000e+00 0.00000000e+00
  0.00000000e+00 1.12262568e-01 3.08406941e-02]
 [1.17822087e-01 0.00000000e+00 2.70214765e-02 0.00000000e+00
  0.00000000e+00 0.00000000e+00 0.00000000e+00 0.00000000e+00
  0.00000000e+00 0.00000000e+00 0.00000000e+00 0.00000000e+00
  0.00000000e+00 0.00000000e+00 0.00000000e+00]
 [2.46881741e-01 2.24634614e-01 0.00000000e+00 0.00000000e+00
  0.00000000e+00 0.00000000e+00 0.00000000e+00 0.00000000e+00
  0.00000000e+00 0.00000000e+00 0.00000000e+00 0.00000000e+00
  0.00000000e+00 0.00000000e+00 0.00000000e+00]
 [1.39506062e-01 2.54820422e-01 7.91049843e-01 9.68147982e-01
  2.87726910e+00 3.88300494e+00 4.46974827e+00 4.26853406e+00
  3.43320415e+00 8.43814070e-01 8.45430266e-01 3.18139646e+00
  2.91800478e+00 2.76447271e+00 1.00352228e+00]]

3
----------------------------------------------------------------------------------
[[0.         0.01461922 0.02347342 0.23167448 0.36477222 0.
  0.         0.33826695 0.64466792 0.         0.31530408 0.47580366
  0.         0.10187563 0.6369166 ]
 [0.         0.         0.02098035 0.11446964 0.27378449 0.024331
  0.         0.00304696 0.5009012  0.14106904 0.17349402 0.
  0.         0.         0.95602971]
 [0.         0.09617317 0.05520473 0.3544731  0.24033455 0.04777858
  0.         0.16706607 0.53140204 0.05286055 0.32300815 0.12713601
  0.         0.07197349 0.71345582]
 [0.         0.         0.         0.0479758  0.26084543 0.
  0.         0.09797875 0.52758403 0.         0.         0.05272039
  0.         0.         0.50491216]
 [0.         0.         0.         0.00513751 0.19023119 0.
  0.         0.         0.3896225  0.         0.         0.
  0.         0.         0.47233197]
 [0.         0.         0.         0.14549254 0.28783698 0.
  0.         0.         0.28350266 0.         0.19290325 0.
  0.         0.         0.46569199]
 [0.         0.         0.         0.05090651 0.28101428 0.
  0.         0.         0.32029225 0.         0.         0.
  0.         0.         0.49788768]
 [0.         0.         0.         0.0573206  0.14140342 0.
  0.         0.10993987 0.40949349 0.         0.         0.04107278
  0.         0.06123033 0.39440086]
 [0.         0.         0.         0.04054248 0.17131236 0.
  0.         0.04532626 0.31711139 0.         0.         0.
  0.         0.         0.26743974]
 [0.         0.         0.         0.23812044 0.28325723 0.13430667
  0.         0.         0.23210031 0.         0.02525951 0.31354194
  0.         0.         0.09640666]
 [0.         0.         0.         0.07706032 0.1747292  0.09599398
  0.         0.         0.15221777 0.         0.         0.00918601
  0.         0.         0.27494667]
 [0.         0.         0.         0.02524053 0.13010541 0.
  0.         0.103754   0.24752575 0.         0.         0.
  0.         0.02514401 0.1233486 ]
 [0.         0.         0.         0.02057044 0.1374859  0.01084748
  0.         0.         0.13863542 0.         0.         0.
  0.         0.         0.21902997]
 [0.06160468 0.27353527 0.14745329 0.00573391 0.         0.
  0.02947001 0.12460253 0.03068575 0.         0.         0.08075327
  0.         0.09104319 0.        ]
 [0.3028419  0.26980287 0.         0.         0.05552991 0.08338228
  0.05355206 0.31818986 0.06781857 0.         0.02467947 0.20136477
  0.06424036 0.14439454 0.        ]
 [0.         0.12604503 0.         0.04856443 0.10088642 0.
  0.         0.         0.03623143 0.         0.         0.05463689
  0.         0.         0.        ]
 [0.20430146 0.18821845 0.3205945  0.06896183 0.         0.
  0.09624847 0.25768015 0.20473845 0.         0.25309444 0.
  0.01319001 0.39348298 0.0826877 ]
 [1.29364664 0.8063391  0.74804266 0.25887275 0.41897648 0.4135857
  0.81096325 0.33124822 0.25192604 0.9916897  0.36710736 0.31117547
  1.69698681 0.44801383 0.62436975]]

4
----------------------------------------------------------------------------------
[[0.11322943 0.         0.25978021 0.0979342  0.64447256 0.65366638
  0.30164764 0.10212223 0.33838959 0.1349062  0.51024937 0.41948587
  0.         0.43741539 0.09933163]
 [0.07800885 0.         0.21509085 0.         0.40256772 0.17981099
  0.30818012 0.2252818  0.78174625 0.16021023 0.28684517 0.56450068
  0.13327904 0.09764692 0.25969529]
 [0.         0.02695754 0.2623926  0.05385862 0.47195506 0.2615606
  0.24741018 0.33464887 0.42811717 0.1908706  0.83373498 0.22193165
  0.39989677 0.32888534 0.10536293]
 [0.         0.         0.0682236  0.         0.41126748 0.09989091
  0.         0.         0.23802505 0.         0.03719549 0.06400342
  0.         0.0026616  0.        ]
 [0.         0.         0.10461969 0.         0.27370883 0.04499414
  0.         0.         0.32263035 0.11013499 0.09665116 0.17042283
  0.066774   0.04029979 0.03325347]
 [0.         0.09884477 0.14885254 0.         0.19487395 0.17644995
  0.0799445  0.14449853 0.38250981 0.09554118 0.3091114  0.25816107
  0.2933762  0.07366516 0.        ]
 [0.         0.03507187 0.11830673 0.         0.1439307  0.08681147
  0.         0.         0.40975969 0.12835348 0.17703115 0.14058652
  0.13845682 0.1561011  0.        ]
 [0.         0.         0.         0.         0.82600679 0.17306409
  0.         0.         0.         0.9989517  0.53539268 0.13976505
  0.         0.34408452 0.00285459]
 [0.         0.         0.         0.         1.13508959 0.14453279
  0.         0.         0.         1.55138604 0.376816   0.04379997
  0.         0.1832194  0.0757828 ]
 [0.         0.18668005 0.10337584 0.         0.07458349 0.33366513
  0.22877    0.36030259 0.05177215 0.4837302  0.22680557 0.0547267
  0.32295324 0.         0.03477601]
 [0.         0.13066459 0.         0.         0.83590648 0.20070478
  0.05456721 0.03717955 0.         1.90123204 0.36119488 0.19965127
  0.2200643  0.25271545 0.        ]
 [0.         0.         0.04321493 0.         0.73066356 0.19861386
  0.00528259 0.         0.         1.11950789 0.23382833 0.03222875
  0.         0.11429905 0.        ]
 [0.         0.04020546 0.         0.         0.52802629 0.12621476
  0.02224509 0.         0.         1.26330644 0.23847737 0.12398578
  0.12009803 0.27336141 0.        ]
 [0.         0.         0.         0.09369869 0.         0.0942396
  0.0849419  0.10339337 0.         0.         0.14857525 0.02893132
  0.         0.02035297 0.        ]
 [0.15494017 0.00250464 0.08529406 0.23423957 0.17578591 0.33889204
  0.19858904 0.15861577 0.         0.15081593 0.40888688 0.29639249
  0.         0.11086745 0.08092812]
 [0.         0.0205249  0.07128463 0.         0.         0.32727507
  0.12444758 0.09394772 0.         0.         0.41275538 0.01222431
  0.0319791  0.         0.18385632]
 [0.21495199 0.         0.         0.37585435 0.40597117 0.36857502
  0.03050716 0.14565271 0.06430468 0.         0.35612221 0.29447904
  0.         0.15920119 0.37680483]
 [0.32174655 1.06555392 1.2958468  0.39366743 0.3463276  0.10677465
  0.24266257 0.28027433 0.91921473 0.94821596 0.21406051 0.28814026
  1.24232866 0.71283787 0.38141889]]

5
----------------------------------------------------------------------------------
[[1.55688738e+00 2.47790777e+00 4.48294724e+00 2.99016068e+00
  5.82076836e-01 1.59836596e+00 1.60686826e+00 0.00000000e+00
  1.23583806e-01 1.03955857e+00 5.64850791e-01 1.23432572e-01
  2.04882284e-01 2.39326611e-01 1.02360456e-01]
 [8.82649768e-01 8.82808314e+00 6.81408309e+00 1.27884860e+00
  9.04341201e-01 5.82616433e-01 9.49311014e-01 1.66549590e-01
  1.54087734e-01 2.86923136e-01 3.09895314e-01 0.00000000e+00
  0.00000000e+00 4.32262060e-01 2.71652546e-01]
 [6.81288302e-01 8.77489381e+00 2.30809049e+00 3.10242316e-01
  7.48253693e-01 3.65696259e-01 2.81835865e-01 0.00000000e+00
  3.85735823e-01 2.30897040e-01 4.37574378e-01 0.00000000e+00
  1.24405281e-01 5.18717999e-01 6.12530624e-01]
 [2.52412013e+00 5.68696013e+00 5.50182848e+00 2.36851026e+00
  7.55992655e-01 1.25008605e+00 2.96176311e-01 4.04990229e-01
  5.23500472e-01 3.61669172e-01 4.66601071e-01 6.14342954e-02
  3.41393869e-02 3.84903692e-01 3.52787984e-02]
 [6.72530057e-01 7.48137787e+00 7.37181419e+00 3.10058767e+00
  1.12499542e+00 1.49866320e+00 2.73307809e-01 5.74116459e-01
  3.56646301e-01 1.32851674e-01 2.94704958e-01 0.00000000e+00
  0.00000000e+00 2.28800556e-01 7.11113603e-03]
 [4.24874013e+00 1.37569981e+01 1.21915808e+01 1.79870963e+00
  1.11440059e+00 1.06250510e+00 3.04827903e-01 6.17763257e-01
  8.94221104e-01 6.49251074e-01 8.00528331e-01 0.00000000e+00
  3.06978004e-02 5.12838104e-01 2.83241803e-02]
 [1.19823284e+00 1.00904893e+01 8.22643559e+00 2.18627838e+00
  8.75426232e-01 1.21296231e+00 3.38498040e-01 5.65943926e-01
  3.66289777e-01 5.71203117e-01 3.55169204e-01 0.00000000e+00
  0.00000000e+00 2.95860415e-01 2.08069454e-01]
 [1.67222405e+00 2.07642505e-01 4.84921181e-01 0.00000000e+00
  1.73253909e-01 1.65182542e-01 0.00000000e+00 0.00000000e+00
  2.19476476e-01 0.00000000e+00 3.29941860e-01 0.00000000e+00
  0.00000000e+00 2.83802853e-01 0.00000000e+00]
 [2.42688925e-01 0.00000000e+00 1.38480719e+00 0.00000000e+00
  2.55045082e-01 0.00000000e+00 0.00000000e+00 0.00000000e+00
  3.72005803e-02 1.81780719e-02 1.70299942e-02 0.00000000e+00
  1.16306104e-02 2.19072967e-01 8.87584746e-04]
 [1.62690864e+00 1.19342252e+00 3.50469217e-01 5.08768452e-01
  6.77333753e-01 0.00000000e+00 0.00000000e+00 0.00000000e+00
  3.53791507e-01 1.29089294e-01 4.53005985e-01 0.00000000e+00
  0.00000000e+00 4.22335068e-01 0.00000000e+00]
 [4.94873897e-01 5.24595810e-01 1.31639045e+00 1.10425375e-01
  4.72154924e-01 5.78292489e-02 0.00000000e+00 0.00000000e+00
  1.10085427e-02 7.50758387e-02 2.40662553e-01 0.00000000e+00
  2.24238144e-02 2.18289817e-01 0.00000000e+00]
 [1.23825209e-02 0.00000000e+00 1.09354376e+00 0.00000000e+00
  2.79093897e-01 0.00000000e+00 7.55545933e-02 0.00000000e+00
  0.00000000e+00 1.02677309e-01 1.77397904e-01 0.00000000e+00
  2.68848128e-02 7.20812765e-02 3.74700578e-02]
 [1.47475252e-01 1.50837128e+00 9.28103912e-01 3.40550399e-01
  3.84843810e-01 0.00000000e+00 2.86171210e-02 0.00000000e+00
  1.33908392e-01 1.69357510e-02 2.08766978e-01 0.00000000e+00
  3.98837320e-02 1.67627659e-01 0.00000000e+00]
 [0.00000000e+00 0.00000000e+00 9.12553968e-01 0.00000000e+00
  2.76916925e-01 0.00000000e+00 2.59659912e-01 0.00000000e+00
  6.42509540e-02 1.79813999e-02 1.66373156e-01 0.00000000e+00
  8.43865412e-02 8.75679474e-02 1.36099885e-01]
 [1.75272782e-01 0.00000000e+00 1.19273505e+00 0.00000000e+00
  3.07782655e-01 9.41158980e-02 2.78872607e-01 0.00000000e+00
  6.22958153e-02 3.07880976e-01 2.49347438e-01 0.00000000e+00
  7.31822738e-02 2.38886012e-01 5.62890749e-02]
 [0.00000000e+00 0.00000000e+00 8.97044745e-01 0.00000000e+00
  6.15517756e-01 0.00000000e+00 2.02438125e-01 0.00000000e+00
  3.43885154e-02 1.12172478e-01 1.89943916e-01 0.00000000e+00
  7.66640487e-02 1.47405954e-01 0.00000000e+00]
 [2.73469480e-01 0.00000000e+00 8.05631892e-01 0.00000000e+00
  4.59920693e-01 0.00000000e+00 3.25369924e-01 0.00000000e+00
  1.60623291e-01 5.58942574e-02 2.66309131e-01 8.99919339e-02
  2.16080119e-01 3.18816304e-02 0.00000000e+00]
 [5.01811809e-01 1.27303498e+00 2.64231695e-01 1.56472026e+00
  1.66953407e-01 9.21294086e-01 8.10145618e-01 1.01143746e+00
  4.93270800e-01 2.92908214e-01 1.45082373e-01 1.48381629e+00
  6.55872219e-01 2.75411138e-01 9.33565654e-01]]

6
----------------------------------------------------------------------------------
[[0.24743951 0.22791922 0.29819089 0.55334073 0.5087556  0.5606557
  0.07500381 0.18632159 0.49714694 0.48334941 0.         0.
  0.28220743 0.         0.38046964]
 [0.07968373 0.20857807 0.09409614 0.20342401 0.27061034 0.25049377
  0.12236668 0.08279122 0.20198537 0.25858058 0.         0.
  0.16315583 0.         0.18671475]
 [0.38961214 0.25689192 0.         0.50403133 0.33243747 0.50099772
  0.1580014  0.08155833 0.21969531 0.20381625 0.05696277 0.07525597
  0.15051257 0.         0.3749616 ]
 [0.06306915 0.05169833 0.19038251 0.20028909 0.30892918 0.41960964
  0.10341014 0.         0.30379694 0.69843742 0.         0.
  0.29630052 0.         0.21616701]
 [0.         0.03805328 0.02058489 0.07337315 0.20492053 0.06247971
  0.11607793 0.         0.18184686 0.15370185 0.         0.
  0.18801654 0.         0.11855568]
 [0.02062333 0.24933318 0.         0.39062127 0.20502163 0.24718894
  0.         0.18364377 0.03758951 0.12493022 0.         0.
  0.07230534 0.         0.23963228]
 [0.04286302 0.15763069 0.         0.15496039 0.19834187 0.13150789
  0.10983457 0.07061513 0.131825   0.10175874 0.         0.
  0.0779769  0.         0.17460959]
 [0.         0.         0.28536728 0.00876888 0.28909651 0.01739327
  0.         0.         0.16805105 0.46313708 0.         0.
  0.30461998 0.         0.18678028]
 [0.         0.06161312 0.09113424 0.         0.20339497 0.02227963
  0.         0.         0.16841586 0.27057627 0.         0.
  0.17107641 0.         0.08279965]
 [0.         0.32742938 0.         0.3586291  0.18190791 0.29313329
  0.         0.18133464 0.08208512 0.28395551 0.00129892 0.07884343
  0.         0.         0.20758558]
 [0.         0.08426133 0.         0.16147553 0.05810044 0.07013809
  0.         0.         0.         0.05226341 0.         0.
  0.         0.         0.13950874]
 [0.11596341 0.16596861 0.08555335 0.         0.22833699 0.08792841
  0.00610189 0.         0.129308   0.3797066  0.         0.
  0.1397519  0.         0.14199544]
 [0.         0.17825124 0.         0.12527114 0.09987739 0.1561441
  0.         0.         0.01906598 0.05051948 0.02220175 0.
  0.         0.         0.10589808]
 [0.         0.         0.         0.10874021 0.         0.
  0.         0.         0.         0.0948675  0.         0.12235724
  0.03292566 0.         0.06501879]
 [0.06060942 0.16361656 0.         0.23839276 0.17566785 0.14268353
  0.         0.         0.12839967 0.25199791 0.1757123  0.17591499
  0.19321979 0.05904314 0.02969582]
 [0.         0.10843436 0.         0.24274548 0.03484284 0.03757001
  0.         0.         0.         0.00924164 0.         0.02001647
  0.         0.03370571 0.20378728]
 [0.         0.         0.         0.14607326 0.31943033 0.16091588
  0.         0.01924939 0.13637058 0.44375942 0.         0.28305201
  0.22634384 0.         0.12469574]
 [0.51755086 0.83633731 0.80471116 0.25611842 0.30067172 0.22960167
  0.83748668 0.58589996 0.31682517 0.14983698 0.83505864 0.23318375
  0.41323124 0.85531925 0.28585702]]

6
----------------------------------------------------------------------------------
[[0.295668   0.05545241 0.         0.48071923 0.42179896 0.33556641
  0.6783424 ]
 [0.         0.0140785  0.         0.         0.         0.
  0.        ]
 [0.         0.         0.         0.         0.         0.
  0.08808943]
 [0.09244743 0.07785375 0.         0.01437907 0.08457057 0.34934462
  0.4625379 ]
 [0.         0.         0.         0.06138906 0.         0.06606058
  0.14033806]
 [0.         0.06055695 0.         0.         0.         0.
  0.        ]
 [0.         0.05570095 0.         0.00392579 0.         0.
  0.        ]
 [0.16296845 0.         0.         0.08900261 0.         0.06445354
  0.37908019]
 [0.         0.02443325 0.         0.10599917 0.         0.
  0.30554931]
 [0.         0.         0.04564988 0.         0.00574989 0.0563535
  0.14473735]
 [0.         0.         0.         0.         0.         0.
  0.        ]
 [0.00869523 0.         0.00408109 0.02139966 0.         0.06557706
  0.32875632]
 [0.         0.         0.         0.         0.         0.
  0.        ]
 [0.         0.         0.06184358 0.         0.03881095 0.05298709
  0.07020429]
 [0.26933118 0.0393747  0.09895889 0.         0.21466627 0.31015048
  0.41358542]
 [0.         0.         0.0414983  0.         0.11615881 0.08925875
  0.08554103]
 [0.13816887 0.19328821 0.07561357 0.         0.12302029 0.21754342
  0.52911621]
 [0.41958601 0.44612663 0.5368569  0.68912553 0.38016518 0.37135034
  0.17651495]]