

1
----------------------------------------------------------------------------------
[[1.96162588e-01 1.13982872e-01 0.00000000e+00 3.36515443e-02
  2.64821656e-02 1.74001333e-01 1.33856571e-01 0.00000000e+00
  1.18414518e-01 0.00000000e+00 2.78821089e-01 0.00000000e+00
  1.14809875e-03 6.13094857e-02 0.00000000e+00]
 [8.41001788e-02 1.72562689e-01 6.25547637e-03 0.00000000e+00
  0.00000000e+00 2.41558089e-02 1.53988059e-01 5.37482959e-02
  0.00000000e+00 0.00000000e+00 2.20015764e-01 0.00000000e+00
  4.89871776e-02 1.92163485e-01 1.03714117e-01]
 [6.88561331e-02 8.67272217e-02 0.00000000e+00 0.00000000e+00
  0.00000000e+00 1.11816421e-01 6.11320510e-02 0.00000000e+00
  0.00000000e+00 4.48006785e-02 1.21075931e-01 0.00000000e+00
  5.83491637e-02 2.59493668e-01 0.00000000e+00]
 [3.52886124e-02 1.53159987e-01 1.20395965e-01 4.78093392e-02
  0.00000000e+00 1.18621327e-01 1.78489160e-01 1.90702824e-01
  0.00000000e+00 0.00000000e+00 2.00934747e-01 0.00000000e+00
  0.00000000e+00 4.15296378e-02 0.00000000e+00]
 [3.02285928e-03 1.48377743e-01 0.00000000e+00 4.33988696e-02
  0.00000000e+00 4.39953496e-02 1.18670760e-01 1.00202087e-01
  0.00000000e+00 0.00000000e+00 6.97130869e-02 0.00000000e+00
  0.00000000e+00 1.32133678e-01 0.00000000e+00]
 [7.17779958e-02 9.18373246e-02 0.00000000e+00 0.00000000e+00
  0.00000000e+00 2.26387205e-01 1.46961737e-01 0.00000000e+00
  0.00000000e+00 1.25062112e-01 3.83939532e-01 1.70532986e-03
  0.00000000e+00 3.64719815e-01 0.00000000e+00]
 [5.05339058e-02 8.36149679e-02 0.00000000e+00 4.30940581e-02
  0.00000000e+00 7.71303116e-02 1.15390806e-01 3.41097007e-02
  0.00000000e+00 0.00000000e+00 1.70077328e-01 0.00000000e+00
  7.05576116e-02 2.50946157e-01 7.40929862e-03]
 [3.23617376e-02 2.40144019e-02 3.16052546e-01 0.00000000e+00
  4.26487046e-02 1.10156046e-01 1.48298021e-01 0.00000000e+00
  0.00000000e+00 0.00000000e+00 2.11856287e-01 0.00000000e+00
  0.00000000e+00 0.00000000e+00 0.00000000e+00]
 [7.30487699e-02 5.25574754e-01 3.41757693e-01 0.00000000e+00
  5.55733389e-02 3.90188357e-02 1.38983295e-01 5.43777918e-02
  0.00000000e+00 0.00000000e+00 1.60212056e-01 0.00000000e+00
  0.00000000e+00 1.21655062e-01 0.00000000e+00]
 [1.47343729e-01 2.82371655e-01 0.00000000e+00 0.00000000e+00
  7.02956041e-02 2.91662254e-01 0.00000000e+00 0.00000000e+00
  0.00000000e+00 0.00000000e+00 3.51916551e-01 5.27839714e-02
  0.00000000e+00 4.79343473e-01 0.00000000e+00]
 [0.00000000e+00 1.18514617e+00 1.09053127e-01 0.00000000e+00
  0.00000000e+00 8.72098094e-02 5.14361608e-02 7.13501426e-02
  0.00000000e+00 0.00000000e+00 1.51309806e-01 1.25951713e-02
  0.00000000e+00 8.77811194e-02 0.00000000e+00]
 [4.70191985e-03 2.35323643e-01 2.39629397e-01 0.00000000e+00
  4.21515734e-02 8.68094965e-02 9.68155814e-02 6.74079365e-02
  0.00000000e+00 0.00000000e+00 1.26005483e-01 0.00000000e+00
  0.00000000e+00 7.06555711e-02 0.00000000e+00]
 [4.92329559e-02 5.65701785e-01 9.26114703e-02 0.00000000e+00
  0.00000000e+00 6.55457586e-02 4.35082099e-02 0.00000000e+00
  0.00000000e+00 4.31643582e-02 1.21795860e-01 3.78744506e-02
  0.00000000e+00 2.02021779e-01 0.00000000e+00]
 [4.86511400e-03 0.00000000e+00 1.20136992e-01 0.00000000e+00
  0.00000000e+00 1.74462871e-01 8.41709563e-02 0.00000000e+00
  1.96616937e-02 2.04412297e-01 1.46747762e-02 0.00000000e+00
  0.00000000e+00 1.68613129e-01 0.00000000e+00]
 [7.68074690e-02 0.00000000e+00 6.25268171e-02 0.00000000e+00
  4.11055446e-02 1.27209080e-01 1.52842753e-01 0.00000000e+00
  9.90773998e-02 4.97015621e-02 1.32554525e-01 5.50912761e-02
  0.00000000e+00 1.11395009e-01 0.00000000e+00]
 [0.00000000e+00 0.00000000e+00 5.83126982e-03 0.00000000e+00
  0.00000000e+00 6.63878082e-02 1.61493986e-01 0.00000000e+00
  0.00000000e+00 1.87532502e-01 1.22673663e-01 1.41145062e-01
  0.00000000e+00 6.93692242e-02 4.82945761e-04]
 [1.38805255e-01 1.38724086e-02 1.06673663e-01 0.00000000e+00
  1.89146039e-01 1.56897925e-01 0.00000000e+00 2.54729620e-02
  7.71814764e-02 0.00000000e+00 3.12224183e-01 0.00000000e+00
  0.00000000e+00 1.19848100e-01 1.19847065e-02]
 [2.03751468e-01 3.80624087e-01 2.80334077e-01 7.61621557e-01
  6.06771092e-01 1.13654299e-01 3.80444375e-01 4.41358537e-01
  3.81788403e-01 4.89916488e-01 1.87078425e-01 5.09566608e-01
  7.72097759e-01 3.20493259e-01 5.65464812e-01]]

2
----------------------------------------------------------------------------------
[[0.00000000e+00 2.15167111e-01 2.43729644e-01 1.08810990e+00
  6.82009506e-01 3.39612987e+00 3.13855626e+00 4.43352390e+00
  3.13487635e+00 1.75294783e+00 5.65930941e-01 9.68098807e-01
  2.18276698e-01 4.02104680e-01 0.00000000e+00]
 [0.00000000e+00 7.27986071e-02 1.04598757e-01 5.86468265e-01
  1.55999613e+00 1.14983518e+01 1.52993809e+01 1.32332994e+01
  2.04806807e+00 1.23982962e+00 4.16137574e-01 6.04848961e-01
  0.00000000e+00 8.03675968e-02 0.00000000e+00]
 [0.00000000e+00 1.15569230e-01 2.68254069e-01 9.09927805e-01
  6.65641575e-01 4.13817717e+00 2.82084665e+00 3.11423186e+00
  1.30196165e+00 4.24800637e-01 2.87039457e-01 2.71157733e-01
  1.39586483e-01 5.42585767e-02 0.00000000e+00]
 [0.00000000e+00 2.30774122e-01 7.32722559e-01 2.21622740e+00
  9.68295251e-01 4.75815972e+00 4.29926843e+00 3.95106717e+00
  2.49327311e+00 1.12990464e+00 8.09625761e-01 5.17287811e-01
  0.00000000e+00 2.58417858e-01 0.00000000e+00]
 [4.00282215e-02 9.85003059e-02 3.47245580e-01 1.70723626e+00
  1.09738189e+00 4.54107801e+00 4.87579248e+00 4.75935273e+00
  2.71818860e+00 1.39659858e+00 1.07603596e+00 5.58181299e-01
  0.00000000e+00 0.00000000e+00 0.00000000e+00]
 [1.05318822e-01 3.09445767e-01 1.50029557e+00 2.72916801e+00
  3.28297538e+00 8.45291952e+00 5.71989091e+00 4.54014964e+00
  2.31324864e+00 1.67267818e+00 9.92666938e-01 4.44653221e-01
  1.04601499e-01 0.00000000e+00 0.00000000e+00]
 [0.00000000e+00 3.53599427e-02 3.41815536e-01 1.51246865e+00
  1.92952020e+00 7.18844976e+00 5.51489881e+00 5.93974573e+00
  3.43859094e+00 1.39285729e+00 1.07218401e+00 3.47265688e-01
  3.40720311e-03 0.00000000e+00 0.00000000e+00]
 [8.02144749e-02 1.23687532e-01 2.44346882e-01 1.05060150e+00
  1.15114105e+00 1.19834139e+00 5.02090818e-01 4.69960695e-01
  0.00000000e+00 0.00000000e+00 0.00000000e+00 2.48940701e-01
  0.00000000e+00 4.07014318e-01 0.00000000e+00]
 [1.99733691e-01 2.20979561e-01 3.94628952e-01 3.14720786e+00
  1.67333391e+00 1.06865529e+00 9.76131042e-01 6.75137135e-01
  2.50050883e-01 0.00000000e+00 0.00000000e+00 2.35470411e-01
  0.00000000e+00 4.61134111e-02 0.00000000e+00]
 [0.00000000e+00 3.36554270e-01 2.15699922e-01 7.77855867e-01
  0.00000000e+00 1.27370528e+00 1.81524833e+00 1.44030771e+00
  1.19678795e-01 0.00000000e+00 3.32602844e-01 5.98312507e-01
  0.00000000e+00 3.17661118e-01 0.00000000e+00]
 [7.61799001e-02 1.97288128e-01 6.28431125e-01 4.11876470e+00
  3.01871155e+00 9.66129598e-01 3.12484212e+00 6.61456930e-01
  1.78067541e-01 0.00000000e+00 0.00000000e+00 1.51124912e-01
  0.00000000e+00 0.00000000e+00 0.00000000e+00]
 [0.00000000e+00 2.01607805e-01 2.13802885e-01 2.09952005e+00
  9.09214397e-01 5.72779378e-01 6.99144557e-01 5.21140796e-01
  3.03122903e-01 0.00000000e+00 0.00000000e+00 2.16550249e-01
  0.00000000e+00 5.43111284e-02 0.00000000e+00]
 [0.00000000e+00 1.06204498e-01 0.00000000e+00 2.72495019e+00
  7.19574884e-02 7.78709301e-01 6.96365965e-01 7.21560422e-01
  4.38842455e-01 0.00000000e+00 0.00000000e+00 2.50277642e-01
  0.00000000e+00 0.00000000e+00 0.00000000e+00]
 [0.00000000e+00 1.15259159e-01 1.11095146e-01 0.00000000e+00
  3.00868438e-01 1.03183578e+00 4.89558661e-01 6.33168353e-01
  3.52954908e-01 0.00000000e+00 0.00000000e+00 5.24683812e-03
  0.00000000e+00 0.00000000e+00 0.00000000e+00]
 [0.00000000e+00 2.54298551e-01 1.16725688e-01 0.00000000e+00
  4.81894960e-01 1.22237503e+00 7.09324659e-01 6.83203065e-01
  5.98123679e-01 0.00000000e+00 0.00000000e+00 3.29357724e-02
  1.15042532e-01 4.13979523e-02 0.00000000e+00]
 [0.00000000e+00 9.06784067e-02 1.04596398e-01 2.10481965e-02
  3.91830755e-01 1.03209418e+00 6.59876091e-01 5.51678426e-01
  4.19942187e-01 0.00000000e+00 0.00000000e+00 1.30444508e-01
  0.00000000e+00 0.00000000e+00 0.00000000e+00]
 [0.00000000e+00 2.13757829e-01 1.20594893e-01 1.40656915e-01
  4.73177993e-01 1.26076625e+00 4.76708955e-01 7.40153766e-01
  4.02856492e-01 0.00000000e+00 0.00000000e+00 0.00000000e+00
  0.00000000e+00 2.39542668e-01 7.55159265e-02]
 [8.14850052e-01 1.51270607e-01 1.85248418e-01 1.67341120e-01
  1.12191549e+00 1.21911194e+00 4.02040924e-01 2.34847094e-01
  3.86833666e-01 8.72157438e-01 6.88393101e-01 3.26334458e-01
  6.73861574e-01 6.35464541e-01 9.09778115e-01]]

3
----------------------------------------------------------------------------------
[[1.54308233 1.32309314 0.14297897 0.6397681  1.1490231  0.50359076
  0.78431443 0.         0.71235022 0.78410231 0.52340995 0.
  0.10956368 0.23460981 0.        ]
 [1.05254742 0.88136623 0.18458828 0.39424339 0.97584899 0.21551567
  0.24747001 0.         0.52414827 0.59288465 0.48816962 0.
  0.         0.13818966 0.        ]
 [1.42952739 1.09300973 0.17772834 1.00976781 1.49086667 0.66121077
  0.68418636 0.         0.73602414 0.77600563 0.62652134 0.
  0.         0.72036621 0.        ]
 [0.9134971  0.71157186 0.         0.1965563  0.59643696 0.06818089
  0.23465686 0.         0.33447733 0.3140389  0.10514586 0.
  0.         0.         0.        ]
 [0.38334425 0.26932715 0.         0.         0.22691571 0.
  0.         0.         0.         0.00690468 0.         0.
  0.         0.         0.        ]
 [0.4138689  0.22854051 0.         0.07333295 0.52310876 0.
  0.         0.         0.25141491 0.30866514 0.11826842 0.
  0.         0.05590156 0.        ]
 [0.20485223 0.02828879 0.         0.         0.16660525 0.
  0.         0.         0.         0.         0.         0.
  0.         0.         0.        ]
 [0.96530091 0.7746683  0.         0.         0.30130347 0.
  0.27339706 0.         0.15968136 0.18151548 0.21862747 0.
  0.         0.         0.        ]
 [0.63372608 0.43187252 0.         0.         0.12308067 0.
  0.         0.         0.         0.         0.33345546 0.
  0.         0.         0.        ]
 [0.47307793 0.09314187 0.         0.25828982 0.62379506 0.
  0.         0.         0.36202767 0.11571672 0.32142794 0.
  0.         0.17849162 0.        ]
 [0.         0.         0.         0.         0.00535822 0.
  0.         0.         0.         0.         0.24712421 0.
  0.         0.         0.        ]
 [0.51270632 0.43254806 0.         0.         0.         0.
  0.         0.         0.         0.         0.         0.
  0.         0.         0.        ]
 [0.         0.         0.         0.         0.         0.
  0.         0.         0.         0.         0.         0.
  0.         0.         0.        ]
 [0.15532735 0.19575058 0.2735228  0.19105195 0.17325748 0.02500605
  0.29740735 0.04110892 0.22939123 0.12877377 0.09595362 0.22898436
  0.         0.23817677 0.        ]
 [0.33829458 0.50458139 0.2942675  0.30947486 0.5090645  0.12622323
  0.39548091 0.20635329 0.3376881  0.1520178  0.17363598 0.25274245
  0.18538599 0.17059451 0.07586785]
 [0.00513474 0.         0.12938039 0.         0.         0.
  0.         0.         0.05379441 0.         0.         0.08053426
  0.         0.         0.        ]
 [0.54019813 0.12978753 0.         0.32375076 0.         0.04455356
  0.37413549 0.         0.38711883 0.         0.09478234 0.00698263
  0.         0.         0.09681001]
 [0.47981496 0.63501799 0.90204009 0.87894889 0.64199449 1.08032262
  1.01492784 1.35418401 0.65570987 0.56741054 0.62695958 1.31003743
  0.88578716 0.71217651 0.98324587]]

4
----------------------------------------------------------------------------------
[[0.00000000e+00 6.02006318e-01 0.00000000e+00 0.00000000e+00
  0.00000000e+00 3.25803186e-01 4.46039816e-01 4.64470844e-01
  3.66017868e-01 4.18280581e-01 3.77468425e-02 7.49632889e-02
  1.26237621e-01 1.48706669e-01 0.00000000e+00]
 [0.00000000e+00 3.45792538e-01 4.98805576e-02 0.00000000e+00
  0.00000000e+00 1.37622200e-01 3.08168460e-01 4.74445925e-01
  2.14159616e-01 1.19932192e-01 0.00000000e+00 8.95996185e-02
  1.63110136e-01 0.00000000e+00 0.00000000e+00]
 [1.22011469e-01 6.31900032e-01 5.77955530e-01 0.00000000e+00
  0.00000000e+00 2.62158738e-01 3.40493621e-01 2.76633954e-01
  2.13905330e-01 2.96339550e-01 1.05317676e-01 9.81980409e-02
  1.23147408e-01 1.56705154e-01 0.00000000e+00]
 [0.00000000e+00 3.44529602e-01 0.00000000e+00 0.00000000e+00
  0.00000000e+00 1.48074041e-01 3.42759510e-01 2.79051427e-01
  2.51526578e-01 5.87905674e-02 0.00000000e+00 0.00000000e+00
  1.02478361e-01 3.65701760e-02 0.00000000e+00]
 [0.00000000e+00 1.65399353e-01 0.00000000e+00 0.00000000e+00
  0.00000000e+00 0.00000000e+00 3.28060315e-01 2.00971911e-01
  1.56000313e-01 5.13630587e-02 0.00000000e+00 6.02177729e-04
  9.39096037e-02 0.00000000e+00 0.00000000e+00]
 [0.00000000e+00 2.74898480e-01 5.04506624e-02 0.00000000e+00
  4.46551309e-02 1.25800987e-01 2.52250181e-01 1.80707538e-01
  6.38255121e-02 1.81670748e-01 0.00000000e+00 9.61580176e-02
  6.81715422e-02 0.00000000e+00 0.00000000e+00]
 [0.00000000e+00 5.39385464e-02 0.00000000e+00 0.00000000e+00
  0.00000000e+00 0.00000000e+00 2.99848684e-01 1.59902969e-01
  1.04583637e-01 9.61577512e-02 0.00000000e+00 7.63046589e-02
  0.00000000e+00 0.00000000e+00 0.00000000e+00]
 [1.27618203e-02 3.06454910e-01 0.00000000e+00 0.00000000e+00
  0.00000000e+00 4.98123379e-03 6.37758338e-02 1.55356710e-01
  7.29337837e-02 1.94279179e-02 4.66577087e-01 1.30921253e+00
  0.00000000e+00 8.30487717e-02 0.00000000e+00]
 [0.00000000e+00 5.32956372e-02 0.00000000e+00 0.00000000e+00
  0.00000000e+00 2.31792777e-02 1.99029802e-01 8.84702432e-02
  1.31920955e-01 0.00000000e+00 7.50204572e-01 1.39440134e+00
  3.78100140e-02 1.58741667e-01 2.69869140e-02]
 [0.00000000e+00 6.26977251e-01 1.75724846e-01 0.00000000e+00
  0.00000000e+00 1.57222973e-01 6.14058433e-02 2.04977048e-01
  0.00000000e+00 1.43573917e-01 1.89842256e-01 4.31663018e-01
  8.50111778e-02 0.00000000e+00 0.00000000e+00]
 [0.00000000e+00 7.96523163e-02 0.00000000e+00 0.00000000e+00
  0.00000000e+00 0.00000000e+00 1.91296996e-01 4.14481213e-02
  0.00000000e+00 1.41762867e-01 1.95590529e+00 8.87914370e-01
  0.00000000e+00 3.65584435e-02 5.24418808e-04]
 [0.00000000e+00 5.99165864e-03 0.00000000e+00 0.00000000e+00
  0.00000000e+00 0.00000000e+00 2.20839568e-01 1.21138566e-01
  6.69840677e-02 0.00000000e+00 6.17631479e-01 2.26650548e+00
  8.16075688e-03 1.46782379e-01 0.00000000e+00]
 [0.00000000e+00 4.95804243e-02 0.00000000e+00 0.00000000e+00
  0.00000000e+00 3.56087021e-03 1.71530645e-01 0.00000000e+00
  1.38847915e-02 1.05931696e-01 1.71418683e+00 5.09610853e-01
  0.00000000e+00 9.66226148e-02 1.49281726e-02]
 [1.69944231e-01 2.09838963e-01 0.00000000e+00 2.05402475e-01
  0.00000000e+00 0.00000000e+00 6.87230156e-02 0.00000000e+00
  0.00000000e+00 8.91330001e-02 3.33459454e-02 0.00000000e+00
  0.00000000e+00 1.03442868e-01 1.15461220e-01]
 [2.50298379e-01 4.28045865e-01 1.35434528e-01 2.76552221e-01
  1.91469591e-02 2.18124149e-01 0.00000000e+00 8.25675643e-02
  0.00000000e+00 9.25126519e-02 0.00000000e+00 0.00000000e+00
  1.88652734e-01 2.09186333e-01 2.24987687e-01]
 [0.00000000e+00 6.03692828e-02 0.00000000e+00 1.75332670e-01
  0.00000000e+00 2.11391060e-03 0.00000000e+00 0.00000000e+00
  0.00000000e+00 8.38063377e-02 0.00000000e+00 1.07615093e-01
  0.00000000e+00 4.38666544e-02 1.72349835e-01]
 [4.85348073e-01 0.00000000e+00 1.52941929e-01 0.00000000e+00
  2.07952372e-01 3.52424533e-02 7.58916122e-02 1.40307875e-01
  0.00000000e+00 6.63187991e-02 7.41923966e-02 0.00000000e+00
  6.98492848e-02 1.07662572e-01 5.24242706e-02]
 [7.03861041e-01 3.31143125e-01 4.44842916e-01 8.08667045e-01
  5.94942411e-01 2.93183977e-01 6.79180435e-01 2.42351503e-01
  8.51500494e-01 1.90584123e-01 6.73801840e-01 5.48256393e-01
  1.63088368e-01 3.18883945e-01 5.48878095e-01]]

5
----------------------------------------------------------------------------------
[[5.78100956e-01 0.00000000e+00 0.00000000e+00 4.24237141e-01
  3.75810419e-01 9.31674275e-02 2.02198936e-01 3.70695179e-01
  1.55947016e+00 5.46801430e+00 1.27205278e+00 8.56858014e-01
  1.51913310e+00 7.41316317e-01 2.66858043e-01]
 [6.32613308e-01 0.00000000e+00 0.00000000e+00 2.00292915e-01
  4.91287777e-02 0.00000000e+00 8.99218449e-02 5.33350188e-01
  2.12332713e+00 1.88414851e+01 3.47208307e+00 2.44164531e+00
  1.91559022e+00 5.24922963e-01 6.10506742e-01]
 [6.21976367e-01 0.00000000e+00 0.00000000e+00 1.74928057e-01
  1.23364265e-01 0.00000000e+00 1.14944798e-01 4.03402600e-01
  6.12493020e-01 6.43381079e+00 1.05631475e+00 2.81720056e-01
  1.12348931e+00 6.00439789e-01 5.23969672e-01]
 [3.52092298e-01 0.00000000e+00 0.00000000e+00 1.08760077e-01
  2.12420312e-01 2.71796861e-01 1.20413483e-01 8.90029516e-01
  3.22941150e+00 6.75138887e+00 3.51873922e+00 2.49948861e+00
  2.51674853e+00 1.37358244e+00 4.54991531e-03]
 [2.85872326e-01 0.00000000e+00 0.00000000e+00 2.85751311e-02
  4.55237251e-02 1.39483483e-01 1.44550879e-01 1.28516666e+00
  5.24711712e+00 8.06385248e+00 3.63492008e+00 2.04632996e+00
  2.07962087e+00 6.67768916e-01 1.55429081e-01]
 [4.44536347e-01 0.00000000e+00 0.00000000e+00 0.00000000e+00
  7.12731174e-02 3.17793874e-02 9.01595805e-02 1.34484120e+00
  5.64141413e+00 1.36857970e+01 2.95720866e+00 4.22215148e+00
  2.33445119e+00 9.49489201e-01 1.13616559e-01]
 [3.41036692e-01 0.00000000e+00 0.00000000e+00 0.00000000e+00
  0.00000000e+00 6.00363619e-02 0.00000000e+00 1.34789519e+00
  7.70353301e+00 1.25106903e+01 4.05173205e+00 2.92490764e+00
  2.18462384e+00 6.16780338e-01 1.36681277e-01]
 [8.03714014e-02 1.51185332e-02 0.00000000e+00 4.42890115e-02
  2.84963212e-01 2.67595955e-02 1.31687534e-02 0.00000000e+00
  5.76878570e-02 6.07764070e-01 3.17164445e-01 2.19770548e-01
  6.04723598e-01 5.30129579e-01 1.33388564e-02]
 [1.26885225e-01 3.06239077e-02 0.00000000e+00 9.79114797e-02
  1.70604287e-01 7.47790108e-02 0.00000000e+00 0.00000000e+00
  0.00000000e+00 6.41625485e-01 9.34189637e-02 1.61214136e-01
  3.45278883e-01 2.45064152e-01 1.85459149e-01]
 [4.07277804e-01 0.00000000e+00 0.00000000e+00 9.75088680e-02
  3.83307287e-02 0.00000000e+00 0.00000000e+00 6.71859337e-02
  2.39882880e-01 1.15013245e+00 4.54042787e-01 3.81655287e-01
  3.34165127e-01 4.55183428e-01 2.52631939e-02]
 [2.90573239e-01 0.00000000e+00 0.00000000e+00 1.78755337e-01
  1.46547820e-01 1.29851920e-01 0.00000000e+00 2.25908972e-02
  0.00000000e+00 1.11773848e+00 7.48620169e-01 6.74020044e-01
  1.06203623e+00 2.48139430e-01 1.26671651e-01]
 [5.45336426e-02 0.00000000e+00 0.00000000e+00 5.18422019e-02
  1.57895630e-01 1.33933964e-01 0.00000000e+00 0.00000000e+00
  0.00000000e+00 6.53717024e-01 1.63805333e-01 3.03723797e-02
  4.68636880e-01 1.01350074e-01 1.24731269e-01]
 [2.34685802e-01 0.00000000e+00 0.00000000e+00 1.17580709e-01
  4.17733823e-02 6.83547942e-02 2.59493423e-02 9.20985716e-03
  0.00000000e+00 1.62645387e+00 6.01455324e-01 5.20554956e-01
  7.68176647e-01 1.94107066e-01 1.25883127e-01]
 [4.93987768e-03 1.65980021e-01 0.00000000e+00 2.91892684e-02
  0.00000000e+00 0.00000000e+00 0.00000000e+00 0.00000000e+00
  0.00000000e+00 8.02035679e-01 0.00000000e+00 0.00000000e+00
  4.00681611e-01 2.76091917e-02 8.44759914e-02]
 [1.34094921e-02 1.16403311e-01 5.23408749e-03 9.16224312e-02
  8.56106195e-02 0.00000000e+00 9.21677288e-03 2.12328974e-02
  0.00000000e+00 1.05250815e+00 0.00000000e+00 0.00000000e+00
  5.96563397e-01 1.52897684e-01 2.42212322e-01]
 [3.12621053e-02 0.00000000e+00 0.00000000e+00 5.84848599e-02
  0.00000000e+00 0.00000000e+00 0.00000000e+00 0.00000000e+00
  0.00000000e+00 8.30734913e-01 0.00000000e+00 0.00000000e+00
  3.75414077e-01 9.92958360e-02 1.51527520e-01]
 [0.00000000e+00 1.38502346e-02 1.64563178e-01 1.26305618e-01
  1.16123617e-01 0.00000000e+00 3.84304445e-02 0.00000000e+00
  0.00000000e+00 8.39539339e-01 0.00000000e+00 4.54264078e-02
  3.45028730e-01 2.38783148e-02 1.30359917e-01]
 [3.58204870e-01 5.36837552e-01 7.60966593e-01 2.00462112e-01
  1.82327936e-01 6.30785945e-01 2.37338755e-01 2.43484043e-01
  9.70250783e-01 3.02403916e-01 5.85470804e-01 8.23431346e-01
  2.04719214e-01 2.39901780e-01 3.49500236e-01]]

6
----------------------------------------------------------------------------------
[[4.11877178e-01 4.89528301e-01 2.69450095e-01 6.99939034e-02
  1.84415194e-01 1.98919300e-01 9.90609351e-02 2.33005188e-01
  0.00000000e+00 0.00000000e+00 1.98271899e-01 5.21966900e-02
  1.05622854e-01 0.00000000e+00 0.00000000e+00]
 [1.82905344e-01 1.37774137e-01 2.33843595e-01 1.48726183e-01
  9.20319844e-02 4.96373915e-02 2.19286486e-01 3.45070042e-01
  0.00000000e+00 0.00000000e+00 1.74613626e-01 1.70012002e-01
  7.12147440e-03 0.00000000e+00 1.34801144e-01]
 [0.00000000e+00 8.76292625e-02 2.93716654e-01 4.30533743e-01
  2.37986729e-01 2.43780841e-01 3.10623662e-01 2.53077145e-01
  1.02343921e-02 2.38423831e-02 1.46585908e-01 2.27616520e-01
  0.00000000e+00 0.00000000e+00 1.45066734e-01]
 [0.00000000e+00 1.61698493e-01 1.28842748e-01 2.82146812e-01
  8.01622008e-02 2.09023952e-01 1.89484585e-02 1.79621706e-01
  1.40897171e-01 7.57920170e-02 2.40413369e-01 2.06943423e-01
  9.27607331e-02 0.00000000e+00 0.00000000e+00]
 [0.00000000e+00 3.71033438e-02 1.39475101e-02 2.14738724e-01
  5.15594153e-02 1.73304741e-01 9.31231359e-02 1.51176984e-01
  5.87373247e-02 0.00000000e+00 1.84216647e-01 1.51258148e-01
  0.00000000e+00 0.00000000e+00 3.60192709e-02]
 [0.00000000e+00 3.25781381e-01 2.92230278e-01 5.22168313e-01
  9.62633421e-02 3.82217804e-01 3.78791626e-02 0.00000000e+00
  2.60335886e-01 7.28745739e-02 1.74360401e-01 1.77359507e-01
  0.00000000e+00 0.00000000e+00 1.34098134e-03]
 [8.09933803e-03 1.14895120e-01 7.19227611e-02 3.10258440e-01
  9.01818148e-02 1.37148558e-01 6.92854330e-02 0.00000000e+00
  7.80955243e-02 0.00000000e+00 1.84314519e-01 1.57012442e-01
  0.00000000e+00 0.00000000e+00 7.99347465e-02]
 [7.65695479e-02 3.31594015e-01 0.00000000e+00 1.74207490e-01
  1.15957114e-01 3.69226132e-02 0.00000000e+00 0.00000000e+00
  0.00000000e+00 1.11811009e-01 1.06539507e-01 1.51938349e-01
  5.88332267e-02 0.00000000e+00 0.00000000e+00]
 [0.00000000e+00 1.29665487e-01 0.00000000e+00 1.34597541e-01
  6.60771302e-02 1.01077381e-01 0.00000000e+00 1.44555735e-01
  1.34856915e-01 6.12204579e-02 7.48207720e-02 1.95544967e-01
  1.11698869e-01 1.81448526e-02 1.19625257e-02]
 [0.00000000e+00 1.79119135e-01 2.84932170e-01 3.26872866e-01
  9.05792057e-02 2.46329852e-01 8.43338042e-02 0.00000000e+00
  0.00000000e+00 3.58800829e-02 0.00000000e+00 7.44633320e-02
  0.00000000e+00 1.47067415e-02 0.00000000e+00]
 [0.00000000e+00 1.07302373e-01 4.00128372e-02 3.24387791e-01
  1.08968323e-01 2.39877261e-01 1.26194999e-01 0.00000000e+00
  9.21308150e-02 0.00000000e+00 7.86333068e-02 1.64449834e-01
  0.00000000e+00 1.01966497e-02 0.00000000e+00]
 [1.24156143e-01 1.20662079e-01 0.00000000e+00 9.95049899e-02
  3.98168952e-02 9.42135725e-02 0.00000000e+00 1.47844193e-01
  1.36574565e-01 4.87064953e-02 1.13613187e-01 1.45325170e-01
  9.68197773e-02 3.10896246e-02 1.46722824e-02]
 [0.00000000e+00 4.22168238e-02 8.91874289e-02 2.74999948e-01
  1.23112912e-01 2.43812838e-01 1.29297650e-01 0.00000000e+00
  1.17982045e-01 0.00000000e+00 1.11962627e-01 1.63459212e-01
  9.85145023e-03 6.28820973e-02 1.46484700e-02]
 [0.00000000e+00 7.26326860e-02 0.00000000e+00 2.74876997e-02
  2.06103676e-01 1.44371713e-01 0.00000000e+00 0.00000000e+00
  0.00000000e+00 0.00000000e+00 1.93302570e-01 8.90495698e-02
  7.68301531e-02 1.26790583e-01 4.03503437e-02]
 [1.79348550e-02 2.48115356e-01 2.93139004e-01 1.06235491e-01
  3.01006500e-01 9.75192374e-02 9.85173085e-02 7.19830883e-02
  0.00000000e+00 0.00000000e+00 1.90200313e-01 9.57907731e-02
  1.31093188e-01 6.43233275e-02 0.00000000e+00]
 [0.00000000e+00 6.01107622e-05 1.20654345e-01 1.42675856e-01
  2.12452285e-01 1.11699630e-01 9.34687528e-02 0.00000000e+00
  0.00000000e+00 0.00000000e+00 5.32303311e-02 0.00000000e+00
  1.87330064e-02 2.43918175e-01 0.00000000e+00]
 [6.93933272e-02 3.55475344e-01 9.43562572e-02 0.00000000e+00
  1.12892645e-01 0.00000000e+00 0.00000000e+00 0.00000000e+00
  0.00000000e+00 0.00000000e+00 8.40210830e-02 2.58922047e-02
  2.25439899e-01 8.09816992e-02 3.58347746e-02]
 [5.88555371e-01 2.76145423e-01 2.76615801e-01 2.53110771e-01
  1.62528603e-01 4.53268493e-01 4.37639778e-01 7.54288388e-01
  5.53487144e-01 3.28126534e-01 3.04373729e-01 2.04912050e-01
  2.17616987e-01 3.70386747e-01 4.22444260e-01]]

6
----------------------------------------------------------------------------------
[[0.03471603 0.07031915 0.         0.17437026 0.07446999 0.29560572
  0.13547391]
 [0.14321113 0.1511578  0.         0.11103493 0.         0.0456222
  0.        ]
 [0.09381723 0.15519355 0.13923404 0.         0.         0.05054906
  0.2439324 ]
 [0.20339268 0.20469659 0.         0.20760847 0.0502306  0.28245701
  0.15999387]
 [0.13286157 0.07852852 0.         0.06183335 0.03745461 0.05694941
  0.        ]
 [0.11865097 0.11171852 0.04695102 0.         0.         0.13938577
  0.07345032]
 [0.14631869 0.14436532 0.00267728 0.0181604  0.         0.0368813
  0.0535276 ]
 [0.08777414 0.20175391 0.         0.20796892 0.         0.24558022
  0.10112299]
 [0.20343504 0.19258058 0.         0.25695539 0.         0.13580616
  0.10687684]
 [0.07315359 0.05100125 0.19603662 0.         0.00813877 0.2237624
  0.28791007]
 [0.20795775 0.15754258 0.01750702 0.         0.         0.01752731
  0.11251398]
 [0.17300513 0.19690546 0.         0.22971733 0.         0.15461539
  0.14129687]
 [0.15168346 0.20583348 0.         0.         0.         0.
  0.15824235]
 [0.04993403 0.15090863 0.         0.         0.         0.17857715
  0.06781531]
 [0.02023206 0.1517364  0.         0.00661019 0.00841348 0.34523983
  0.14672538]
 [0.04782818 0.00783796 0.         0.         0.05698026 0.09869939
  0.26434904]
 [0.01644568 0.01565136 0.         0.05743952 0.00300914 0.22488962
  0.33097216]
 [0.61057465 0.44839078 0.37952414 0.72074929 0.25808433 0.31472031
  0.27270876]]