

1
----------------------------------------------------------------------------------
[[0.         0.         0.18280978 0.10071251 0.04925724 0.24135321
  0.1160348  0.         0.01165377 0.45607901 0.26072119 0.15661559
  0.10886634 0.19925692 0.        ]
 [0.         0.         0.         0.         0.         0.12171369
  0.12169417 0.         0.12113391 0.15934176 0.20394966 0.07389459
  0.         0.05813087 0.        ]
 [0.         0.         0.00802912 0.01920094 0.         0.13415508
  0.16633961 0.         0.08780998 0.23035316 0.22789871 0.11730465
  0.         0.04635428 0.        ]
 [0.         0.0354705  0.08646867 0.04203958 0.         0.21215761
  0.10679954 0.         0.12261997 0.25324217 0.20119599 0.09155165
  0.         0.11416837 0.        ]
 [0.         0.         0.00416424 0.         0.         0.07994181
  0.         0.         0.05718678 0.12623241 0.19591197 0.03196342
  0.         0.02780716 0.        ]
 [0.01822896 0.01623954 0.02861799 0.13958209 0.         0.12441715
  0.07494975 0.         0.21199495 0.22135893 0.18439922 0.06183671
  0.         0.01468369 0.01368888]
 [0.         0.         0.         0.03437121 0.         0.04899714
  0.04932302 0.         0.09607783 0.12506897 0.14823547 0.05871112
  0.         0.04104517 0.        ]
 [0.         0.         0.01261407 0.07365631 0.         0.20717947
  0.05432325 0.         0.49681899 0.67097503 0.21359551 0.
  0.0350902  0.18378871 0.        ]
 [0.         0.         0.00301107 0.19267348 0.         0.16686291
  0.11034386 0.         1.34272458 1.16373628 0.10092762 0.01897645
  0.         0.19727408 0.        ]
 [0.         0.         0.13033723 0.07290613 0.         0.00894575
  0.26506419 0.         0.14764069 0.09415208 0.15690537 0.15847797
  0.         0.05370771 0.        ]
 [0.         0.         0.17829235 0.2538018  0.         0.03761835
  0.11296498 0.0050802  2.39154187 0.31820916 0.13741078 0.06592289
  0.         0.         0.        ]
 [0.         0.         0.01088861 0.10314373 0.         0.10591314
  0.04410592 0.         0.81484943 0.70011984 0.11913525 0.03830209
  0.01561624 0.14327521 0.        ]
 [0.         0.         0.10729933 0.09128153 0.         0.00397099
  0.14480725 0.         1.10968305 0.1372684  0.07850577 0.04924853
  0.         0.         0.        ]
 [0.05972771 0.12321439 0.02943541 0.08783377 0.0578542  0.05525999
  0.13387565 0.         0.01112617 0.         0.07613821 0.04027986
  0.07328824 0.1517935  0.12648356]
 [0.27579506 0.         0.10955991 0.0963871  0.14807578 0.08427218
  0.02554729 0.         0.         0.         0.11689828 0.09737312
  0.09638701 0.11943143 0.15773351]
 [0.05487974 0.         0.         0.02859631 0.         0.01459657
  0.14139341 0.         0.         0.         0.1349756  0.05773163
  0.         0.02242692 0.06554937]
 [0.05962712 0.04068344 0.07591297 0.07896997 0.03331173 0.13035149
  0.01786182 0.         0.         0.06807272 0.12352971 0.05573011
  0.12105792 0.10212763 0.        ]
 [0.49558907 0.3514754  0.14372368 0.21055187 0.23422412 0.13691341
  0.45318026 0.52549434 0.52016348 0.17929759 0.09241003 0.13914122
  0.21297834 0.20183993 0.3010458 ]]

2
----------------------------------------------------------------------------------
[[0.00000000e+00 1.68788541e-01 1.04574013e-01 2.39217188e-01
  1.43875807e-01 1.16914830e-01 1.21863759e-01 6.71187510e-02
  1.12149121e-01 1.19048760e-01 0.00000000e+00 0.00000000e+00
  3.94455132e-02 6.18544531e-02 1.35341194e-01]
 [0.00000000e+00 1.45897227e-01 2.50626052e-01 9.21775457e-02
  1.21548162e-01 1.09372565e-01 1.37036418e-01 0.00000000e+00
  5.12489882e-02 0.00000000e+00 5.99085572e-02 0.00000000e+00
  2.38682465e-01 2.37286777e-02 2.56936044e-01]
 [0.00000000e+00 2.14057669e-01 4.32370275e-01 2.07221864e-01
  1.17229461e-01 1.55722174e-01 1.53444644e-01 0.00000000e+00
  7.89135246e-02 3.08408024e-03 1.57780034e-01 0.00000000e+00
  4.60433703e-01 0.00000000e+00 5.01801594e-01]
 [0.00000000e+00 2.06972118e-01 3.21023681e-01 1.27847558e-01
  4.59817607e-02 1.89578070e-01 1.18726088e-01 2.08327132e-01
  1.30746801e-01 6.43054271e-02 0.00000000e+00 0.00000000e+00
  1.57537249e-01 4.34183823e-02 2.06642004e-01]
 [0.00000000e+00 2.42278761e-03 2.48530799e-01 8.26718357e-02
  4.95696648e-02 1.31346995e-01 2.95841397e-02 5.57075640e-02
  5.14229460e-02 0.00000000e+00 1.40083536e-02 0.00000000e+00
  8.98189849e-02 6.35658995e-02 1.66304445e-01]
 [0.00000000e+00 5.70594670e-02 2.65682469e-01 2.62921766e-01
  0.00000000e+00 3.93019887e-02 0.00000000e+00 0.00000000e+00
  1.56033898e-01 0.00000000e+00 2.09456555e-01 0.00000000e+00
  2.81932533e-01 3.36739935e-02 3.70851246e-01]
 [0.00000000e+00 7.82740837e-02 1.73032482e-01 1.91222121e-01
  4.67059792e-02 1.16775259e-01 0.00000000e+00 0.00000000e+00
  1.98742588e-02 0.00000000e+00 5.15517796e-02 0.00000000e+00
  1.36774889e-01 0.00000000e+00 1.70741573e-01]
 [0.00000000e+00 1.58236089e-01 2.79562202e-01 7.22612047e-02
  0.00000000e+00 2.11242509e-02 6.17869723e-01 2.60276000e-02
  1.24137300e-01 2.40584327e-02 0.00000000e+00 0.00000000e+00
  0.00000000e+00 0.00000000e+00 2.07791963e-01]
 [0.00000000e+00 2.10983629e-01 2.75672451e-01 2.19694158e-01
  0.00000000e+00 0.00000000e+00 1.61210681e+00 1.03995711e-01
  1.12599360e-01 3.59024219e-02 0.00000000e+00 0.00000000e+00
  5.23160767e-02 0.00000000e+00 4.43445374e-01]
 [2.58879465e-03 0.00000000e+00 3.11531454e-01 1.29067784e-01
  4.73413945e-02 0.00000000e+00 0.00000000e+00 0.00000000e+00
  1.68116167e-01 9.09212204e-02 3.58165281e-02 0.00000000e+00
  1.63129165e-01 1.01829666e-02 3.52750047e-01]
 [9.08259558e-04 7.04091408e-02 1.44132146e-01 6.20845332e-02
  0.00000000e+00 4.48559306e-01 1.66110333e+00 0.00000000e+00
  1.60721748e-01 4.19724050e-02 0.00000000e+00 0.00000000e+00
  2.46966112e-01 0.00000000e+00 7.78325758e-01]
 [0.00000000e+00 1.13204421e-01 1.70356939e-01 1.49486344e-01
  0.00000000e+00 0.00000000e+00 1.46384302e+00 4.40908512e-02
  1.39734181e-01 8.14285524e-02 0.00000000e+00 0.00000000e+00
  0.00000000e+00 0.00000000e+00 2.12007404e-01]
 [0.00000000e+00 6.74531948e-03 1.73099912e-01 7.49790844e-02
  0.00000000e+00 1.89764201e-01 8.74173216e-01 0.00000000e+00
  7.13898715e-02 1.77638329e-02 9.43954761e-03 0.00000000e+00
  2.59101173e-01 0.00000000e+00 5.87464718e-01]
 [0.00000000e+00 7.09506486e-02 9.13166059e-02 6.40620437e-02
  4.51889610e-02 0.00000000e+00 4.53091078e-02 0.00000000e+00
  7.20964266e-02 5.46333136e-02 6.68780493e-02 0.00000000e+00
  8.41915459e-02 0.00000000e+00 9.25241660e-02]
 [2.06500709e-02 1.25679742e-01 1.01448896e-01 1.39881025e-01
  1.05482501e-02 0.00000000e+00 0.00000000e+00 0.00000000e+00
  6.19790485e-02 1.34053254e-01 9.74630302e-02 8.55915506e-02
  3.98052368e-02 1.05762136e-01 0.00000000e+00]
 [0.00000000e+00 0.00000000e+00 3.52566132e-02 5.86764839e-02
  0.00000000e+00 0.00000000e+00 0.00000000e+00 0.00000000e+00
  5.73595779e-02 2.42008347e-02 7.31385326e-02 0.00000000e+00
  1.43525640e-01 0.00000000e+00 1.71887578e-01]
 [0.00000000e+00 2.83352137e-02 1.38308780e-01 1.75611879e-01
  1.30426950e-01 0.00000000e+00 0.00000000e+00 0.00000000e+00
  1.07197041e-01 0.00000000e+00 0.00000000e+00 2.84717039e-03
  0.00000000e+00 0.00000000e+00 1.35908906e-02]
 [4.75406523e-01 5.15320942e-01 1.74387743e-01 2.82366066e-01
  3.06657189e-01 7.03078594e-01 3.84804727e-01 4.95157588e-01
  1.04349051e-01 1.56519210e-01 4.98726061e-01 4.77139344e-01
  3.76894147e-01 3.95344022e-01 3.00206792e-01]]

3
----------------------------------------------------------------------------------
[[3.19722668e-01 1.36756720e-01 0.00000000e+00 4.44485242e-01
  8.84802685e-01 2.16575952e+00 6.01752838e+00 5.15816617e+00
  3.94763396e+00 1.68801074e+00 8.49300010e-01 3.51879903e-01
  1.92191086e-01 3.30736958e-01 1.82822111e-01]
 [2.39974744e-01 2.75635235e-02 5.52093201e-02 2.93595708e-01
  4.05609197e-01 5.01270584e+00 5.11091270e+01 8.20791369e+00
  2.58316641e+00 4.05514746e-01 1.80641250e-01 0.00000000e+00
  1.46577008e-01 2.79940678e-01 1.43632424e-01]
 [2.39128970e-01 3.53503803e-02 0.00000000e+00 4.36806337e-01
  4.72668860e-01 3.82499945e+00 5.80192944e+00 2.78854852e+00
  6.99510767e-01 4.23155737e-01 2.17527676e-01 0.00000000e+00
  2.91864153e-01 2.42810793e-01 2.71147961e-01]
 [3.86516094e-01 3.91597514e-01 1.15313599e-01 1.04434543e+00
  1.74340834e+00 4.91320446e+00 7.27750336e+00 6.40484371e+00
  3.55167439e+00 2.10599796e+00 1.20685708e+00 3.88475591e-01
  1.87581132e-01 2.42407448e-01 7.46182803e-02]
 [2.35944276e-01 6.24798330e-02 0.00000000e+00 6.93718659e-01
  1.04583787e+00 4.52122998e+00 6.76909965e+00 5.26674991e+00
  3.90260849e+00 1.62894336e+00 9.05378992e-01 1.77192485e-01
  9.01691957e-02 2.32951374e-01 3.32436476e-02]
 [2.08945580e-01 8.53791442e-02 0.00000000e+00 1.48332311e+00
  1.60344109e+00 7.48211534e+00 7.36198161e+00 5.73416914e+00
  2.56525346e+00 1.37508500e+00 5.07551505e-01 2.70182019e-01
  2.59370023e-01 8.23194043e-02 2.37937140e-01]
 [1.91363543e-01 1.89391546e-02 0.00000000e+00 9.19558365e-01
  1.13728519e+00 7.61860726e+00 1.06673887e+01 9.60899607e+00
  6.54665839e+00 1.62131310e+00 7.63118044e-01 2.43781482e-01
  1.30818523e-01 1.15827873e-01 2.38923207e-01]
 [4.73989873e-01 6.04957803e-01 1.18094845e-02 1.56693462e+00
  1.98963917e+00 2.62792800e+00 1.62956808e+00 1.13769947e+00
  6.29548531e-01 1.24696866e-01 0.00000000e+00 0.00000000e+00
  0.00000000e+00 1.08472462e-01 2.25023482e-01]
 [5.13547803e-01 5.68352761e-01 1.77010085e-01 2.15357932e+00
  1.32116798e+00 1.54902778e+00 1.12844263e+00 0.00000000e+00
  0.00000000e+00 5.00220802e-02 0.00000000e+00 0.00000000e+00
  0.00000000e+00 1.24637585e-01 2.25543925e-01]
 [2.17624492e-01 1.31009708e-01 0.00000000e+00 3.90467424e-01
  6.97369889e-01 2.58110013e+00 6.96028617e+00 1.76231277e+00
  6.88957205e-01 1.06463528e+00 6.15291155e-01 8.20049096e-01
  3.15087370e-01 2.47971640e-01 2.21706587e-01]
 [6.37441711e-01 7.18766866e-01 8.14801891e-01 2.47320404e+00
  2.06547624e+00 5.45405530e+00 1.18119342e+00 0.00000000e+00
  0.00000000e+00 0.00000000e+00 2.38266566e-02 0.00000000e+00
  9.17663180e-02 0.00000000e+00 2.83437962e-01]
 [2.89411222e-01 2.45044474e-01 0.00000000e+00 1.03516806e+00
  6.20837758e-01 4.45334420e-01 6.27460075e-01 0.00000000e+00
  0.00000000e+00 2.45770257e-02 0.00000000e+00 0.00000000e+00
  0.00000000e+00 4.51936883e-02 6.43925075e-02]
 [2.66774576e-01 2.56020143e-01 5.00774668e-02 1.06386297e+00
  8.09023379e-01 1.42654899e+00 9.81590997e-01 0.00000000e+00
  0.00000000e+00 0.00000000e+00 2.17748934e-02 0.00000000e+00
  4.80603366e-02 0.00000000e+00 1.86743670e-01]
 [1.38103692e-01 4.63930188e-02 0.00000000e+00 0.00000000e+00
  1.05240079e-01 0.00000000e+00 1.03381479e+00 0.00000000e+00
  0.00000000e+00 1.66644162e-01 1.66581891e-01 0.00000000e+00
  0.00000000e+00 3.10070253e-02 1.07956957e-01]
 [0.00000000e+00 8.74505916e-02 0.00000000e+00 0.00000000e+00
  6.24485508e-03 0.00000000e+00 1.26664478e+00 0.00000000e+00
  0.00000000e+00 2.80323827e-01 4.57308451e-01 0.00000000e+00
  0.00000000e+00 1.74800515e-01 1.62841342e-01]
 [7.89859858e-02 0.00000000e+00 0.00000000e+00 0.00000000e+00
  8.34593534e-02 0.00000000e+00 1.13785775e+00 0.00000000e+00
  0.00000000e+00 4.67299580e-02 4.86675308e-02 3.78697262e-02
  5.32344963e-02 0.00000000e+00 1.00646150e-01]
 [1.44530348e-01 2.48992914e-01 0.00000000e+00 0.00000000e+00
  1.05241500e-01 0.00000000e+00 1.11898345e+00 0.00000000e+00
  0.00000000e+00 2.01601471e-01 4.21189685e-02 0.00000000e+00
  4.13741489e-02 1.24561428e-01 1.00137730e-01]
 [1.72854883e-01 1.16858724e-01 4.66142668e-01 4.48899994e-01
  2.18430648e-01 5.95278083e-01 3.79299984e-01 1.46077059e+00
  8.64385376e-01 3.34642811e-01 3.31858566e-01 4.14141724e-01
  2.27994701e-01 2.30284432e-01 4.17277139e-01]]

4
----------------------------------------------------------------------------------
[[2.26964787e-01 3.47477381e-01 1.18269828e-01 1.77768231e-01
  4.19654142e-01 1.95563468e-01 1.65486933e-01 3.31086133e-01
  1.52790397e-01 3.05296857e-01 7.96768331e-02 1.45319693e-01
  1.58983611e-01 3.66845923e-01 4.79437182e-02]
 [8.16947348e-02 1.37049201e-01 8.56854766e-02 1.14265758e-01
  3.24742570e-01 2.77922331e-01 1.57395150e-01 3.09749825e-01
  1.63911616e-01 1.47812722e-01 8.95890904e-02 1.12305140e-01
  5.33432771e-02 3.87202230e-01 2.40247863e-02]
 [1.71503352e-01 0.00000000e+00 2.03102032e-01 2.38807674e-01
  4.31460036e-01 3.70674008e-01 1.90853835e-01 2.60725406e-01
  1.28455507e-01 2.66186608e-01 1.94457185e-01 5.97083259e-02
  1.50646112e-01 2.11146942e-01 1.16361603e-02]
 [1.39217514e-01 7.94693524e-02 7.48501107e-02 1.21669804e-01
  3.45822533e-01 1.49025059e-01 1.85233453e-01 2.99561467e-01
  1.15304386e-01 1.19888530e-01 0.00000000e+00 1.18409025e-01
  1.21813142e-01 4.22960973e-01 0.00000000e+00]
 [1.47506978e-01 1.12272455e-02 1.37032835e-01 7.55717722e-02
  3.71992998e-01 9.02526579e-02 1.05105222e-01 1.71270392e-01
  2.44176956e-02 4.90927513e-02 2.49902874e-03 2.26226979e-02
  7.80814103e-02 2.77735151e-01 9.05709589e-02]
 [8.75759040e-02 0.00000000e+00 2.26467225e-01 2.34088031e-01
  3.11887910e-01 3.21290952e-01 1.31284705e-01 2.43908743e-01
  1.36584781e-01 0.00000000e+00 1.34848917e-01 0.00000000e+00
  1.07783237e-01 1.24927535e-01 0.00000000e+00]
 [3.69505313e-02 0.00000000e+00 2.03193672e-01 1.39652118e-01
  2.48955983e-01 1.03317530e-01 9.50418473e-02 2.44007141e-01
  6.36272340e-02 0.00000000e+00 2.96646880e-02 0.00000000e+00
  1.60118931e-01 1.13712568e-01 2.20042576e-02]
 [0.00000000e+00 2.87750140e-02 0.00000000e+00 1.08603215e-01
  0.00000000e+00 4.79700154e-02 1.28865314e-02 2.25666971e-01
  4.22840947e-02 7.50269117e-03 3.23543363e-02 2.91621577e-01
  6.79919860e-02 3.63691143e-02 2.31915076e-02]
 [3.55745864e-01 1.75051544e-01 1.09396636e-01 7.79702035e-02
  1.43885624e-01 1.29909892e-01 9.15297871e-02 2.50363311e-01
  1.23309100e-01 8.12613665e-02 1.32946620e-01 4.55181187e-01
  5.39132814e-02 1.13152714e-01 4.99632396e-02]
 [1.47527566e-01 2.63662895e-02 1.31875856e-01 2.05673146e-01
  9.60916727e-02 3.62769584e-01 1.00523534e-01 2.38273055e-01
  0.00000000e+00 4.90265773e-02 1.55724757e-01 5.25616969e-02
  6.96031735e-02 2.94353432e-01 0.00000000e+00]
 [4.83330276e-01 8.34721378e-02 8.86782506e-02 1.12383971e-01
  3.01552177e-01 2.67834164e-01 6.92443474e-02 1.67291808e-01
  1.75903009e-01 0.00000000e+00 5.88128194e-01 1.94487375e-01
  1.29091898e-01 1.35391422e-01 0.00000000e+00]
 [1.36967177e-01 0.00000000e+00 0.00000000e+00 2.94236459e-02
  0.00000000e+00 4.65869564e-02 7.34264673e-02 1.46869873e-01
  5.36908328e-02 0.00000000e+00 7.74865231e-02 3.77692128e-01
  0.00000000e+00 8.36158938e-02 1.03728826e-02]
 [2.82784014e-01 0.00000000e+00 9.08480375e-02 1.21466584e-01
  1.96142470e-01 1.51147249e-01 6.50984881e-02 1.43617753e-01
  1.36076505e-01 0.00000000e+00 3.47525347e-01 0.00000000e+00
  6.77085672e-02 2.89834604e-02 0.00000000e+00]
 [9.27905942e-02 6.24680314e-02 4.51567430e-02 1.88598312e-01
  1.20993376e-01 4.31383876e-02 1.74273306e-01 1.89373710e-01
  5.05369674e-02 0.00000000e+00 0.00000000e+00 1.32442851e-01
  6.27225094e-02 0.00000000e+00 2.82426293e-03]
 [7.88367190e-02 7.33747375e-03 0.00000000e+00 2.79049652e-01
  9.61080149e-02 1.46077745e-01 1.17103552e-01 2.02010168e-01
  4.23807953e-02 1.44870392e-01 6.32376553e-02 8.25599247e-02
  9.27881044e-02 0.00000000e+00 4.15677949e-02]
 [0.00000000e+00 7.14042383e-02 7.68504120e-03 1.40469358e-01
  1.80163774e-02 7.16242437e-02 5.19889438e-02 1.38270374e-01
  0.00000000e+00 2.21738117e-02 0.00000000e+00 2.63103876e-02
  2.59579009e-02 0.00000000e+00 6.35281831e-06]
 [1.82426848e-01 4.96407601e-02 1.10893557e-01 3.22491150e-01
  3.58793985e-03 0.00000000e+00 4.62242870e-02 8.55169959e-02
  2.75619074e-02 5.56704442e-03 4.79663605e-02 1.42562141e-01
  4.12586918e-02 0.00000000e+00 1.43460298e-01]
 [3.00306662e-01 2.76772487e-01 2.74122990e-01 8.29380575e-02
  4.28498969e-01 3.25353414e-01 1.30606056e-01 1.34214257e-01
  3.29167841e-01 1.75395995e-01 1.99797627e-01 2.39775875e-01
  1.39925392e-01 2.67537248e-01 2.31600030e-01]]

5
----------------------------------------------------------------------------------
[[4.63200595e-02 1.14176638e-01 1.88500833e-01 0.00000000e+00
  6.21001256e-01 2.98864125e+00 3.61216842e+00 3.09166929e+00
  1.93230533e+00 1.13120758e+00 7.16665803e-01 6.46086955e-01
  4.25813905e-01 0.00000000e+00 2.46525752e-02]
 [2.05962163e-02 0.00000000e+00 0.00000000e+00 0.00000000e+00
  2.72877096e-01 2.55627320e+00 6.36859985e+00 5.05774789e+00
  2.64316352e+00 1.71628051e+00 1.07859985e+00 5.35054976e-01
  2.46217876e-01 1.17425810e-01 1.44593064e-01]
 [4.08160438e-02 1.80393998e-02 0.00000000e+00 0.00000000e+00
  6.36876824e-01 3.16526109e+00 4.91186167e+00 3.55730752e+00
  2.22413402e+00 6.96850604e-01 4.05472507e-01 3.77609586e-01
  7.97009322e-02 0.00000000e+00 1.44645670e-01]
 [7.18059765e-02 6.47557237e-02 2.07326176e-01 0.00000000e+00
  1.75934355e+00 5.41235118e+00 5.65114463e+00 4.55909644e+00
  2.13839177e+00 1.58125914e+00 1.25067470e+00 5.03629581e-01
  3.19708872e-01 9.76454118e-02 0.00000000e+00]
 [2.13200266e-02 7.52581433e-02 1.09783065e-01 3.03607138e-02
  1.70827011e-01 3.18627163e+00 8.50585598e+00 5.94316163e+00
  2.56954001e+00 1.86101929e+00 1.15637140e+00 4.56979306e-01
  3.22150216e-01 1.08251911e-01 0.00000000e+00]
 [0.00000000e+00 4.63508702e-02 0.00000000e+00 0.00000000e+00
  5.62611935e+00 1.77278295e+01 8.37230003e+00 5.60336491e+00
  2.37009416e+00 1.72662777e+00 8.26188935e-01 5.18708498e-01
  2.29321496e-01 2.36386551e-01 1.73588912e-01]
 [0.00000000e+00 3.20078492e-02 0.00000000e+00 0.00000000e+00
  7.85737968e-01 4.23207466e+00 1.12283642e+01 4.00766960e+00
  2.37547881e+00 1.46223772e+00 9.28415192e-01 4.71636057e-01
  2.07686792e-01 2.45880032e-01 7.31636070e-02]
 [0.00000000e+00 1.40728308e-01 0.00000000e+00 0.00000000e+00
  5.07784170e-01 1.20220051e+00 1.03739695e+00 5.85816822e-01
  4.48282933e-01 0.00000000e+00 2.38741478e-01 4.00749995e-01
  2.17518181e-01 0.00000000e+00 0.00000000e+00]
 [0.00000000e+00 3.82293713e-01 0.00000000e+00 0.00000000e+00
  5.07403787e-01 1.53396029e+00 1.52679445e+00 1.09296358e+00
  5.22941095e-01 2.97381281e-02 3.29376512e-01 3.05509824e-01
  1.71290206e-01 1.92589811e-01 1.55458110e-01]
 [0.00000000e+00 5.66557756e-02 0.00000000e+00 0.00000000e+00
  1.73979051e+00 6.35476358e-01 8.19092362e+00 8.10261797e-01
  0.00000000e+00 1.67473507e-01 2.80338289e-01 3.23705994e-01
  2.05084156e-01 0.00000000e+00 2.24031171e-01]
 [9.31939117e-03 3.55817956e-01 0.00000000e+00 0.00000000e+00
  1.04426555e+00 1.43706401e+00 2.64625883e+00 9.70985988e-01
  4.77427787e-01 2.18894333e-01 6.90726383e-01 1.73813888e-01
  1.53836352e-01 2.12853197e-01 4.18242926e-02]
 [0.00000000e+00 1.86969680e-01 0.00000000e+00 0.00000000e+00
  0.00000000e+00 7.15132829e-02 7.14382391e-01 6.77339778e-01
  3.98375904e-01 1.14983676e-01 2.08481592e-01 3.13508090e-01
  1.41802697e-01 0.00000000e+00 4.16335211e-02]
 [0.00000000e+00 1.24823110e-01 0.00000000e+00 0.00000000e+00
  2.96866987e-01 9.03027552e-01 3.27955120e+00 9.64824957e-01
  2.33295019e-01 8.78668026e-02 9.14856359e-02 1.56781820e-01
  0.00000000e+00 1.24435729e-01 8.55809085e-03]
 [0.00000000e+00 1.67421027e-02 0.00000000e+00 6.67159933e-03
  3.74356821e-01 6.32020127e-01 8.85897962e-01 7.04669133e-01
  2.48249110e-01 2.60377745e-01 0.00000000e+00 1.04011107e-01
  7.67268478e-02 5.15742002e-02 6.86167460e-02]
 [0.00000000e+00 1.32396182e-01 0.00000000e+00 3.29628399e-02
  5.41704369e-01 8.22678223e-01 1.01525302e+00 9.92065147e-01
  4.21445564e-01 3.90438430e-01 5.53667650e-02 2.99778280e-01
  2.31421208e-01 3.82097744e-02 2.54437025e-03]
 [0.00000000e+00 5.09059460e-02 0.00000000e+00 0.00000000e+00
  3.81542872e-01 6.39551046e-01 8.51759804e-01 8.11871595e-01
  4.00726656e-01 3.35930384e-01 0.00000000e+00 1.04795697e-01
  4.29785745e-03 1.72275223e-02 0.00000000e+00]
 [0.00000000e+00 1.31528488e-02 1.30335671e-01 0.00000000e+00
  3.95305479e-01 7.74964148e-01 8.45494156e-01 5.42640431e-01
  4.40671507e-01 1.58790921e-01 0.00000000e+00 2.46619921e-01
  2.66040880e-01 0.00000000e+00 1.70612741e-01]
 [2.71606466e-01 3.64863602e-01 3.25266209e-01 6.40007191e-01
  8.51308686e-01 6.80039525e-01 5.16264516e-01 3.74532895e-01
  5.11389374e-01 4.39756284e-01 2.45846582e-01 2.06448621e-01
  1.58711046e-01 5.42035129e-01 4.56790196e-01]]

6
----------------------------------------------------------------------------------
[[2.05888502e-03 1.00483287e-01 0.00000000e+00 1.71119234e-01
  3.64880995e-02 1.35703983e-01 1.21893623e-01 4.00865987e-02
  0.00000000e+00 1.88183173e-01 1.42148569e-02 4.02140582e-01
  1.25320197e-01 2.90486486e-01 3.61822190e-01]
 [6.04484813e-04 0.00000000e+00 0.00000000e+00 5.70878600e-02
  1.15607495e-01 0.00000000e+00 4.63815631e-02 1.75305142e-02
  1.72277263e-02 1.50368924e-02 1.21386033e-01 1.37316729e-01
  1.41388957e-01 3.50054143e-01 3.47936059e-01]
 [6.75263507e-02 6.26284262e-03 0.00000000e+00 1.18575642e-01
  3.56638014e-02 0.00000000e+00 1.47873958e-01 0.00000000e+00
  1.78234499e-01 2.03952729e-02 2.78822839e-01 1.45515713e-01
  1.03575175e-01 4.48032866e-01 2.83944146e-01]
 [2.23172326e-02 3.22265480e-02 6.00690084e-03 6.82032210e-02
  0.00000000e+00 2.35257838e-02 1.15807886e-01 2.56562335e-02
  1.61037444e-01 1.89351119e-02 2.04382489e-01 2.13251153e-01
  2.26822142e-01 2.20196577e-01 1.89882155e-01]
 [0.00000000e+00 9.94141576e-03 0.00000000e+00 6.49931911e-02
  0.00000000e+00 0.00000000e+00 3.48389297e-02 0.00000000e+00
  2.38373462e-02 0.00000000e+00 2.07062620e-01 1.21257527e-01
  1.20822671e-01 2.45692882e-01 2.15091301e-01]
 [1.78121412e-01 9.47386873e-02 0.00000000e+00 1.35415100e-01
  2.79202219e-02 0.00000000e+00 1.48309273e-01 0.00000000e+00
  8.54991603e-02 8.35261228e-02 4.60674386e-01 1.40581505e-01
  0.00000000e+00 2.73279303e-01 2.12600447e-01]
 [0.00000000e+00 4.67530655e-02 0.00000000e+00 1.94986979e-02
  1.40885942e-02 0.00000000e+00 4.74229803e-02 0.00000000e+00
  0.00000000e+00 0.00000000e+00 1.76076364e-01 1.08523320e-01
  2.93698461e-02 2.11320097e-01 2.48882872e-01]
 [1.21739293e-01 0.00000000e+00 4.31466835e-02 2.96422636e-02
  1.33525397e-01 5.87446191e-01 7.74944700e-02 0.00000000e+00
  0.00000000e+00 0.00000000e+00 1.23952016e-01 8.82901333e-02
  1.89708650e-01 1.22820908e-01 1.03430976e-01]
 [0.00000000e+00 0.00000000e+00 4.65539673e-03 0.00000000e+00
  8.77242023e-01 1.27098412e+00 1.68631524e-01 0.00000000e+00
  0.00000000e+00 0.00000000e+00 1.23799892e-01 1.44817958e-01
  2.69641105e-01 1.55585570e-01 4.66436915e-02]
 [7.28131195e-02 3.71876966e-02 0.00000000e+00 4.71872820e-02
  0.00000000e+00 0.00000000e+00 1.66939783e-01 0.00000000e+00
  5.86376720e-02 0.00000000e+00 9.13980215e-02 9.83823959e-02
  0.00000000e+00 2.54439854e-01 3.03224951e-01]
 [0.00000000e+00 3.63355477e-03 0.00000000e+00 0.00000000e+00
  1.67236282e+00 4.90940994e-01 7.48248215e-02 0.00000000e+00
  1.64197407e-01 0.00000000e+00 1.28431369e-01 1.28204005e-01
  0.00000000e+00 1.95392332e-01 1.56514026e-01]
 [0.00000000e+00 2.45795084e-02 0.00000000e+00 0.00000000e+00
  4.31460882e-01 6.67522886e-01 1.19798243e-01 0.00000000e+00
  0.00000000e+00 0.00000000e+00 1.09833224e-01 4.13635585e-02
  1.33562656e-01 1.65722236e-01 9.22566170e-02]
 [0.00000000e+00 0.00000000e+00 0.00000000e+00 6.36372519e-02
  7.62494652e-01 1.64879457e-01 1.80821683e-01 0.00000000e+00
  9.92381047e-02 0.00000000e+00 1.47787888e-01 5.51933738e-02
  0.00000000e+00 2.17250880e-01 1.16893784e-01]
 [9.16604408e-02 1.33872253e-02 0.00000000e+00 1.29263048e-01
  1.22032016e-01 3.16774659e-02 2.04591245e-02 0.00000000e+00
  0.00000000e+00 0.00000000e+00 5.70261496e-02 6.65160184e-02
  4.32131295e-02 7.78060011e-02 8.73098089e-02]
 [4.57347315e-02 8.15345834e-02 0.00000000e+00 2.50478573e-01
  1.16608390e-01 1.24461840e-01 8.73672334e-02 0.00000000e+00
  0.00000000e+00 0.00000000e+00 7.31595297e-02 1.16977892e-01
  0.00000000e+00 2.40589088e-01 3.93447239e-01]
 [8.72903179e-02 2.47467513e-02 0.00000000e+00 5.81162183e-02
  5.75828279e-02 3.17976838e-02 1.22706343e-01 0.00000000e+00
  9.61688481e-02 2.95091490e-02 7.72943980e-02 0.00000000e+00
  0.00000000e+00 7.70270000e-03 1.93130215e-01]
 [1.63291459e-04 1.39392173e-01 0.00000000e+00 1.81081719e-01
  0.00000000e+00 2.06801588e-01 1.12581597e-01 0.00000000e+00
  0.00000000e+00 2.76728166e-02 9.27330903e-02 1.52544181e-01
  5.60531991e-02 1.84822655e-01 2.40540984e-01]
 [2.41071934e-01 1.87932030e-01 5.21152846e-01 1.45840643e-01
  4.94152166e-01 2.14863858e-01 1.14568311e-01 4.53160093e-01
  5.43696746e-01 5.17672722e-01 2.04923008e-01 3.44264605e-01
  2.56418015e-01 2.05872979e-01 1.36280231e-01]]

7
----------------------------------------------------------------------------------
[[7.18471388e-02 0.00000000e+00 1.23642434e-01 3.37078754e-01
  2.02190138e-01 1.52396421e-01 3.72471194e-01 2.06598080e-02
  9.40883534e-02 1.75727056e-02 3.10805448e-01 1.41833782e-01
  0.00000000e+00 1.45462585e-01 2.94324849e-01]
 [2.15919583e-02 0.00000000e+00 0.00000000e+00 8.53925244e-02
  1.45617668e-01 0.00000000e+00 1.68112928e-01 4.28152665e-02
  9.63466008e-02 2.52745996e-02 1.63970469e-01 0.00000000e+00
  2.48111901e-02 3.03895314e-02 8.50063801e-02]
 [9.80174858e-02 0.00000000e+00 1.96716874e-02 3.69972255e-01
  1.05048815e-01 8.55958313e-02 2.98414855e-01 1.50680424e-01
  1.14891372e-01 1.81845182e-01 2.26951889e-01 6.89690935e-02
  0.00000000e+00 7.74924103e-02 2.19213195e-01]
 [1.54040588e-01 3.12576948e-02 5.11269719e-02 1.52107629e-01
  2.21650399e-01 1.85480734e-02 2.75868338e-01 4.76793800e-02
  1.15677451e-01 1.26393892e-02 2.85121441e-01 3.59349876e-02
  0.00000000e+00 1.66223321e-01 1.95067998e-01]
 [5.06456136e-02 0.00000000e+00 0.00000000e+00 1.32107885e-01
  3.71926194e-02 0.00000000e+00 1.75467098e-01 2.03910498e-02
  0.00000000e+00 2.51923206e-03 1.62418505e-01 0.00000000e+00
  1.05792055e-03 3.29367061e-02 5.51932853e-02]
 [1.38792140e-01 0.00000000e+00 6.39893728e-02 1.50061354e-01
  8.82472373e-02 1.43784692e-02 9.95708995e-02 1.17870654e-01
  1.81558149e-01 1.32340245e-01 2.47063233e-01 4.97218789e-02
  1.47801238e-02 2.05803154e-01 2.53296395e-01]
 [9.86983219e-02 0.00000000e+00 0.00000000e+00 8.65076727e-02
  4.40886839e-02 9.84604286e-03 6.73545008e-02 4.35501959e-02
  4.39741701e-02 1.38264060e-02 1.43541762e-01 2.10174025e-02
  1.53899425e-03 1.55074698e-01 6.61442144e-02]
 [6.99391274e-02 0.00000000e+00 0.00000000e+00 2.11191197e-01
  6.92418396e-02 0.00000000e+00 1.54536179e-01 3.97517326e-02
  8.00030474e-02 0.00000000e+00 3.36401827e-01 5.13602470e-02
  0.00000000e+00 6.57196634e-02 1.12158456e-01]
 [4.44354999e-02 0.00000000e+00 0.00000000e+00 7.97715178e-02
  1.80082978e-01 0.00000000e+00 1.95611944e-01 6.61709472e-02
  5.76472151e-02 3.41078769e-02 3.14521168e-01 8.62675524e-02
  5.12356957e-02 1.29000190e-02 1.74224019e-01]
 [1.40484556e-01 0.00000000e+00 1.40058348e-01 8.47238080e-02
  3.27299008e-01 5.47479972e-02 2.87633192e-02 1.43950962e-01
  5.60423407e-02 7.55390165e-02 2.33450637e-01 1.76037099e-01
  0.00000000e+00 2.21387085e-01 1.74640243e-01]
 [1.51381469e-01 0.00000000e+00 0.00000000e+00 3.97299537e-02
  9.98768773e-02 3.46188176e-02 1.11704061e-02 7.40152524e-02
  9.14596664e-02 1.48449881e-01 2.01215467e-01 3.78982695e-02
  0.00000000e+00 9.62096315e-02 1.47766933e-01]
 [1.60243959e-02 0.00000000e+00 0.00000000e+00 2.97373842e-02
  1.51068931e-01 0.00000000e+00 1.34964433e-01 8.59920753e-02
  4.11585611e-03 0.00000000e+00 2.07653867e-01 7.56841117e-02
  0.00000000e+00 1.32480722e-01 1.28934773e-01]
 [9.94083043e-02 0.00000000e+00 0.00000000e+00 4.88597707e-02
  6.72005974e-02 3.18164547e-02 0.00000000e+00 7.53349168e-02
  6.90930796e-02 1.66523541e-01 1.29365043e-01 2.23458571e-02
  0.00000000e+00 9.40507719e-02 1.65446440e-01]
 [1.65305292e-01 2.09840788e-02 1.03909519e-01 0.00000000e+00
  1.31834108e-01 1.06485981e-01 1.40712966e-01 6.71055539e-02
  1.14080862e-02 1.79974628e-01 8.64913269e-02 7.09627940e-02
  8.70313022e-02 1.38109093e-01 8.83510856e-02]
 [2.64782614e-01 1.47985543e-01 9.54454896e-02 0.00000000e+00
  1.16627416e-01 2.10723969e-01 3.18336046e-01 1.18688353e-01
  7.88333846e-02 1.97110532e-01 1.56731497e-01 3.93781123e-02
  0.00000000e+00 1.33229037e-01 1.37760358e-01]
 [1.74830471e-01 0.00000000e+00 0.00000000e+00 0.00000000e+00
  7.86127472e-02 7.13918161e-02 3.85744140e-02 9.71322374e-02
  0.00000000e+00 1.68945897e-01 5.56432008e-02 8.53412786e-02
  0.00000000e+00 1.08595830e-01 3.68374509e-02]
 [1.65898280e-01 3.56761204e-04 1.05021549e-01 0.00000000e+00
  1.59923674e-01 1.01460326e-01 1.68155195e-01 1.60657897e-01
  0.00000000e+00 1.79624786e-01 1.35037170e-01 5.83950077e-02
  6.53267701e-02 6.57458441e-02 3.34443657e-01]
 [1.31765869e-01 4.17671024e-01 1.77224747e-01 3.29858937e-01
  2.57731929e-01 1.92932342e-01 1.94755627e-01 1.82697407e-01
  2.77537300e-01 2.71644666e-01 1.90498792e-01 1.65838483e-01
  6.11113829e-01 1.04174300e-01 1.86851686e-01]]

7
----------------------------------------------------------------------------------
[[0.00000000e+000]
 [0.00000000e+000]
 [0.00000000e+000]
 [0.00000000e+000]
 [0.00000000e+000]
 [0.00000000e+000]
 [0.00000000e+000]
 [0.00000000e+000]
 [0.00000000e+000]
 [0.00000000e+000]
 [0.00000000e+000]
 [0.00000000e+000]
 [0.00000000e+000]
 [0.00000000e+000]
 [0.00000000e+000]
 [0.00000000e+000]
 [0.00000000e+000]
 [6.92332172e-310]]