

1
----------------------------------------------------------------------------------
[[0.04900665 0.         0.33624846 0.         0.16286056 0.33184053
  0.         0.10393481 0.         0.26775229 0.         0.
  0.         0.10062949 0.        ]
 [0.         0.28410285 0.08839032 0.09323991 0.06785588 0.07964231
  0.         0.09161938 0.         0.11643955 0.         0.
  0.         0.04009507 0.        ]
 [0.06016776 0.46754215 0.10011591 0.11993737 0.24962333 0.06012149
  0.         0.418993   0.         0.         0.         0.
  0.         0.05306931 0.        ]
 [0.02891833 0.16501784 0.23720549 0.12234599 0.10506054 0.25123022
  0.         0.12152556 0.         0.16945265 0.         0.
  0.         0.01961356 0.        ]
 [0.         0.17673602 0.09201815 0.1120448  0.10515884 0.08417597
  0.         0.09131953 0.         0.15650871 0.         0.
  0.         0.09607166 0.        ]
 [0.12572695 0.27597635 0.12553011 0.19165047 0.285915   0.03493663
  0.         0.39025137 0.         0.         0.15800942 0.08267213
  0.         0.14616033 0.        ]
 [0.07295355 0.2171899  0.05618922 0.14492282 0.21426866 0.04425947
  0.         0.17615783 0.         0.         0.08465822 0.05217545
  0.         0.11149484 0.        ]
 [0.06644887 0.         0.09122592 0.7294131  0.15597825 0.23685902
  0.         0.0778994  0.06644789 0.         0.05039473 0.
  0.         0.         0.        ]
 [0.         0.09079014 0.04113925 1.73007678 0.25599616 0.28072049
  0.         0.20961797 0.07355215 0.         0.00327966 0.
  0.         0.         0.        ]
 [0.40604792 0.17202702 0.24573323 0.27363296 0.51672702 0.05310139
  0.         0.83041548 0.         0.         0.14132801 0.0896564
  0.         0.         0.        ]
 [0.06606482 0.17955152 0.33201011 1.6372117  0.20935969 0.0157551
  0.         0.73915877 0.15170062 0.         0.0871258  0.
  0.10737301 0.03258094 0.        ]
 [0.         0.02940316 0.04811591 0.99040341 0.23335709 0.18243101
  0.         0.12487859 0.         0.0160645  0.00850246 0.
  0.         0.         0.        ]
 [0.03609543 0.16524159 0.11552891 0.92353931 0.27535602 0.
  0.         0.53169115 0.04065032 0.         0.04551823 0.05766769
  0.03474367 0.05699102 0.        ]
 [0.         0.         0.07325172 0.         0.2026773  0.04745789
  0.         0.06949155 0.01110924 0.         0.11323839 0.01144672
  0.         0.01682424 0.        ]
 [0.12404163 0.         0.16962648 0.         0.412816   0.16425763
  0.         0.06293324 0.26357412 0.         0.12915224 0.
  0.         0.02275658 0.02046325]
 [0.17669517 0.         0.00406538 0.         0.3339631  0.05299011
  0.         0.17057016 0.         0.         0.13622808 0.
  0.         0.         0.        ]
 [0.05290802 0.         0.15256774 0.04822485 0.12809973 0.13137946
  0.         0.         0.48022203 0.         0.20930954 0.
  0.         0.         0.        ]
 [0.27383804 0.51315153 0.22637898 0.46517841 0.24847573 0.11439358
  0.80888323 0.20678931 0.49916532 1.62579263 0.28564091 0.75175353
  0.37825062 0.62896253 0.3274913 ]]

2
----------------------------------------------------------------------------------
[[0.00000000e+00 4.14553371e-02 1.55870951e-01 3.62878961e-01
  0.00000000e+00 3.46319773e-02 4.63839151e-02 0.00000000e+00
  2.85198323e-01 6.80819353e-02 0.00000000e+00 0.00000000e+00
  4.77430497e-02 0.00000000e+00 1.78827011e-02]
 [0.00000000e+00 0.00000000e+00 8.82503103e-02 7.58209846e-02
  0.00000000e+00 1.97202314e-01 5.28692992e-02 0.00000000e+00
  2.02424341e-01 0.00000000e+00 0.00000000e+00 2.90247964e-02
  8.60329394e-02 0.00000000e+00 0.00000000e+00]
 [0.00000000e+00 2.94945670e-02 4.19191180e-02 1.28702541e-01
  1.83520139e-01 2.18918810e-01 0.00000000e+00 0.00000000e+00
  2.48471267e-01 0.00000000e+00 5.38898077e-02 0.00000000e+00
  3.14543330e-01 0.00000000e+00 4.54361243e-02]
 [0.00000000e+00 0.00000000e+00 1.88724843e-01 2.80015247e-01
  0.00000000e+00 3.46784898e-03 2.48974879e-01 0.00000000e+00
  2.29337045e-01 5.82201957e-02 0.00000000e+00 0.00000000e+00
  0.00000000e+00 0.00000000e+00 5.27564415e-02]
 [0.00000000e+00 6.39612769e-02 1.49550848e-01 1.07777529e-02
  0.00000000e+00 1.76645558e-02 8.36079863e-02 0.00000000e+00
  1.49031436e-01 0.00000000e+00 0.00000000e+00 3.41555261e-02
  6.08332605e-02 0.00000000e+00 0.00000000e+00]
 [0.00000000e+00 6.86633545e-02 7.40138121e-03 1.84879357e-01
  9.01895849e-02 7.66763990e-02 0.00000000e+00 0.00000000e+00
  2.47700210e-01 0.00000000e+00 1.24483380e-01 0.00000000e+00
  3.55040774e-01 0.00000000e+00 6.45365195e-02]
 [0.00000000e+00 3.05774071e-02 2.35346939e-02 8.32729255e-02
  3.64538334e-02 9.94645203e-02 0.00000000e+00 0.00000000e+00
  8.28581422e-02 0.00000000e+00 1.13617776e-01 0.00000000e+00
  1.38811795e-01 6.86499411e-02 3.05745044e-02]
 [0.00000000e+00 0.00000000e+00 1.25194938e-01 1.93390280e-01
  0.00000000e+00 0.00000000e+00 2.96103016e-02 0.00000000e+00
  1.69965924e-01 6.62156140e-02 0.00000000e+00 0.00000000e+00
  0.00000000e+00 0.00000000e+00 0.00000000e+00]
 [0.00000000e+00 0.00000000e+00 1.24625545e-01 8.41300238e-02
  0.00000000e+00 0.00000000e+00 1.04487104e-01 0.00000000e+00
  1.19170978e-01 5.69440106e-02 0.00000000e+00 0.00000000e+00
  0.00000000e+00 0.00000000e+00 0.00000000e+00]
 [0.00000000e+00 0.00000000e+00 1.78109131e-01 3.94580730e-02
  3.03980356e-02 2.14116106e-01 0.00000000e+00 3.43179573e-02
  9.09803304e-02 0.00000000e+00 1.75615927e-01 3.44963091e-02
  1.78015439e-02 0.00000000e+00 2.24575889e-01]
 [0.00000000e+00 4.09083773e-02 0.00000000e+00 2.86959203e-02
  1.37238594e-01 0.00000000e+00 0.00000000e+00 0.00000000e+00
  6.85957666e-02 0.00000000e+00 1.10433911e-01 0.00000000e+00
  2.12558782e-01 0.00000000e+00 5.66514436e-02]
 [0.00000000e+00 0.00000000e+00 1.04513630e-01 8.13069283e-02
  0.00000000e+00 0.00000000e+00 1.08672384e-01 0.00000000e+00
  5.10685183e-02 2.82971266e-02 0.00000000e+00 0.00000000e+00
  0.00000000e+00 0.00000000e+00 0.00000000e+00]
 [0.00000000e+00 1.38704525e-02 0.00000000e+00 3.59796056e-02
  0.00000000e+00 1.29656159e-01 0.00000000e+00 0.00000000e+00
  5.99532850e-02 0.00000000e+00 5.79421742e-02 0.00000000e+00
  2.22007378e-01 0.00000000e+00 3.60601484e-02]
 [0.00000000e+00 1.24827975e-02 0.00000000e+00 1.37644917e-01
  0.00000000e+00 0.00000000e+00 0.00000000e+00 1.01255076e-01
  2.23756736e-01 6.50622061e-02 0.00000000e+00 0.00000000e+00
  6.64802825e-02 0.00000000e+00 9.36786136e-03]
 [0.00000000e+00 1.30612531e-01 4.40168295e-02 2.96387579e-01
  0.00000000e+00 0.00000000e+00 0.00000000e+00 1.99920613e-01
  2.57561519e-01 1.32060639e-02 0.00000000e+00 0.00000000e+00
  1.47448145e-02 0.00000000e+00 1.02241313e-01]
 [0.00000000e+00 1.01580877e-01 0.00000000e+00 8.08458663e-02
  0.00000000e+00 0.00000000e+00 0.00000000e+00 0.00000000e+00
  1.97567898e-01 0.00000000e+00 0.00000000e+00 0.00000000e+00
  0.00000000e+00 0.00000000e+00 0.00000000e+00]
 [0.00000000e+00 2.60022818e-02 4.36325573e-03 1.79415401e-01
  0.00000000e+00 0.00000000e+00 8.63625244e-03 1.28996606e-01
  5.40494803e-01 0.00000000e+00 0.00000000e+00 1.36454056e-01
  0.00000000e+00 0.00000000e+00 1.18628400e-03]
 [1.23071536e+00 2.55256129e-01 3.56585332e-01 1.35479128e-01
  6.51293168e-01 7.32237417e-01 4.16497757e-01 5.47330258e-01
  1.59160622e-01 3.34295679e-01 9.16602520e-01 5.64755690e-01
  5.62283675e-01 9.89938048e-01 2.27721948e-01]]

3
----------------------------------------------------------------------------------
[[0.00000000e+00 1.23526298e-01 0.00000000e+00 5.75142666e-02
  1.09517084e-01 4.00264050e-02 0.00000000e+00 0.00000000e+00
  0.00000000e+00 1.06562261e+00 3.85042692e+00 3.84226547e+00
  2.35589084e+00 1.96436008e+00 1.02435772e+00]
 [2.81340901e-01 2.88079416e-01 5.11719354e-02 0.00000000e+00
  6.66760965e-02 0.00000000e+00 2.43267573e-01 0.00000000e+00
  0.00000000e+00 2.86188152e-01 1.13578137e+01 3.06905332e+01
  8.10590278e+00 2.51075535e+00 5.88914082e-01]
 [5.70334198e-01 2.79416211e-01 3.67155771e-02 0.00000000e+00
  9.45116469e-02 6.25483447e-02 3.62485234e-01 0.00000000e+00
  0.00000000e+00 3.83782477e-01 3.62486909e+00 3.93131000e+00
  4.15939189e+00 1.93211919e+00 1.01967472e+00]
 [0.00000000e+00 0.00000000e+00 0.00000000e+00 0.00000000e+00
  1.25226856e-01 5.86640040e-02 0.00000000e+00 2.16786347e-02
  0.00000000e+00 1.50445959e+00 5.72171266e+00 6.49703743e+00
  4.54844571e+00 2.90884280e+00 1.35510595e+00]
 [5.86094178e-02 1.57635917e-01 0.00000000e+00 0.00000000e+00
  6.50191189e-02 0.00000000e+00 1.56826495e-01 0.00000000e+00
  1.02585298e-01 1.38797286e+00 6.44210177e+00 6.30928114e+00
  4.80323623e+00 3.60946493e+00 1.33057315e+00]
 [4.13788709e-01 1.29978183e-01 3.57577693e-02 0.00000000e+00
  1.71861897e-01 9.72848665e-02 4.08170136e-01 0.00000000e+00
  3.66225142e-02 1.77349108e+00 7.75767230e+00 9.98522350e+00
  5.29896649e+00 2.91598830e+00 1.67163170e+00]
 [2.67611072e-01 2.18508601e-01 0.00000000e+00 0.00000000e+00
  3.79673117e-02 0.00000000e+00 2.53131312e-01 0.00000000e+00
  9.21946422e-03 9.09744971e-01 7.07069376e+00 9.13366554e+00
  6.71851394e+00 2.60543249e+00 1.33581660e+00]
 [0.00000000e+00 0.00000000e+00 0.00000000e+00 0.00000000e+00
  4.47716768e-02 0.00000000e+00 0.00000000e+00 0.00000000e+00
  0.00000000e+00 9.65868078e-01 1.31868617e+00 9.14527816e-01
  8.82953202e-01 5.28414700e-01 0.00000000e+00]
 [6.97463103e-02 0.00000000e+00 0.00000000e+00 0.00000000e+00
  1.72181576e-02 0.00000000e+00 1.38875408e-02 0.00000000e+00
  0.00000000e+00 2.79933146e+00 1.43761517e+00 1.28362096e+00
  1.36425357e+00 6.54652237e-01 1.72405619e-01]
 [5.73109873e-01 3.28791080e-01 1.15932130e+00 3.55540847e-02
  9.09764361e-01 1.77077057e-01 1.09836925e+00 6.55114631e-01
  1.35338814e-01 9.36261410e-01 1.38115849e+00 9.06111297e+00
  2.93825531e+00 2.90405531e+00 1.30912573e+00]
 [1.10427897e-01 2.66220027e-01 0.00000000e+00 0.00000000e+00
  1.46450225e-01 3.25429075e-02 3.08888682e-01 0.00000000e+00
  2.52643139e-01 2.35084484e+00 1.45692882e+00 1.62240605e+00
  2.43279031e+00 8.84981948e-01 2.79056557e-01]
 [1.47225811e-03 0.00000000e+00 0.00000000e+00 0.00000000e+00
  1.05067189e-02 3.78623914e-02 0.00000000e+00 0.00000000e+00
  0.00000000e+00 2.34704257e+00 4.96379616e-01 9.43929733e-01
  1.00674424e+00 5.28775781e-01 4.88583484e-02]
 [1.56215074e-01 1.29489991e-01 3.91049961e-02 0.00000000e+00
  1.22881918e-01 6.41045433e-02 2.69671571e-01 0.00000000e+00
  2.19302977e-01 1.57441479e+00 1.33388911e+00 3.94409193e+00
  9.62041779e-01 6.02397110e-01 7.46302841e-02]
 [0.00000000e+00 8.69297466e-02 0.00000000e+00 2.65981839e-02
  1.54669889e-01 1.47522313e-02 0.00000000e+00 0.00000000e+00
  0.00000000e+00 0.00000000e+00 1.02514096e+00 1.32395250e+00
  1.03642738e+00 3.39349246e-01 0.00000000e+00]
 [0.00000000e+00 1.61566483e-01 0.00000000e+00 1.98216267e-01
  8.55087216e-02 1.07755333e-01 0.00000000e+00 0.00000000e+00
  0.00000000e+00 0.00000000e+00 1.30003984e+00 1.58781151e+00
  1.26346210e+00 6.21633404e-01 0.00000000e+00]
 [4.46684791e-03 6.61884292e-02 0.00000000e+00 0.00000000e+00
  1.57145938e-01 3.43074246e-02 2.03108863e-01 2.85945623e-03
  0.00000000e+00 0.00000000e+00 1.09920176e+00 1.72779456e+00
  1.27057720e+00 3.52383449e-01 0.00000000e+00]
 [0.00000000e+00 1.49393808e-01 0.00000000e+00 6.88331848e-02
  1.03506999e-01 2.40044983e-02 0.00000000e+00 0.00000000e+00
  0.00000000e+00 0.00000000e+00 1.19110146e+00 1.27091998e+00
  1.04305575e+00 4.09957353e-01 0.00000000e+00]
 [7.50842533e-01 4.01248463e-01 9.12976093e-01 3.18869266e-01
  1.90524737e-01 1.45990487e-01 4.89071508e-01 1.06246025e+00
  1.05414568e+00 7.41663051e-01 1.05038966e+00 7.59596324e-01
  3.42546183e-01 3.85089130e-01 4.17008977e-01]]

4
----------------------------------------------------------------------------------
[[0.5898451  0.16259279 0.         0.18660434 0.         0.
  0.34548325 0.         0.19042854 0.         0.         0.
  0.         0.         0.02660817]
 [0.78274322 0.         0.         0.         0.         0.
  0.33817958 0.         0.14249302 0.         0.         0.
  0.         0.         0.        ]
 [0.87569656 0.24583842 0.         0.15209351 0.         0.
  0.54457629 0.         0.09808695 0.         0.22169173 0.
  0.         0.         0.        ]
 [0.23137389 0.         0.         0.         0.         0.
  0.14735839 0.         0.         0.         0.         0.
  0.         0.         0.03973656]
 [0.0870367  0.         0.         0.         0.         0.
  0.         0.         0.         0.         0.         0.
  0.         0.         0.        ]
 [0.20661409 0.19234041 0.         0.         0.         0.
  0.1059275  0.09748084 0.         0.00597134 0.14775891 0.
  0.         0.         0.        ]
 [0.05774663 0.         0.         0.         0.         0.
  0.         0.         0.         0.         0.         0.
  0.         0.         0.        ]
 [0.17534128 0.         0.         0.00771502 0.         0.
  0.16633    0.         0.         0.         0.         0.
  0.         0.         0.        ]
 [0.252375   0.         0.         0.         0.         0.
  0.07284849 0.         0.         0.         0.         0.
  0.         0.         0.        ]
 [0.37939528 0.15688639 0.00684912 0.         0.         0.
  0.14342576 0.         0.         0.07979078 0.16763737 0.
  0.         0.         0.        ]
 [0.21181784 0.         0.         0.         0.         0.
  0.00195452 0.01689548 0.         0.01255657 0.33304179 0.
  0.         0.         0.        ]
 [0.15790342 0.         0.         0.         0.         0.
  0.04718049 0.         0.         0.         0.         0.
  0.         0.         0.        ]
 [0.14911614 0.         0.         0.         0.         0.
  0.         0.         0.         0.02590903 0.0996683  0.
  0.         0.         0.        ]
 [0.         0.         0.31960886 0.0358489  0.16450691 0.18762664
  0.1170091  0.18682546 0.01939863 0.08381136 0.         0.03814991
  0.19844756 0.09413652 0.13383797]
 [0.0638638  0.         0.36526228 0.0313763  0.25501514 0.09111431
  0.34314212 0.19580512 0.0126414  0.18755251 0.09027294 0.2036603
  0.18850835 0.08465734 0.10822585]
 [0.         0.13009849 0.22064881 0.         0.20319941 0.
  0.         0.20534989 0.         0.15677717 0.         0.08504641
  0.         0.01524633 0.        ]
 [0.04664048 0.         0.27811488 0.08204647 0.         0.
  0.44950198 0.         0.17292274 0.         0.         0.06570397
  0.11381473 0.         0.00536541]
 [0.29219978 0.95570526 0.83068513 0.83740014 0.75585392 0.91243867
  0.1738738  0.65751563 0.44826661 0.62008496 0.85303487 0.78633174
  0.68278006 1.04893465 0.79570099]]

5
----------------------------------------------------------------------------------
[[3.45067748e-02 9.09600633e-01 4.25523838e-01 0.00000000e+00
  1.82559126e-01 4.17228239e-01 2.93618305e-02 1.75010770e-01
  1.46411998e-01 1.63100752e-01 1.05474657e-01 1.27806830e-01
  6.41623861e-01 1.64725056e-01 7.34647281e-02]
 [0.00000000e+00 1.09277485e+00 2.14101255e-01 0.00000000e+00
  5.25546127e-02 2.72465372e-01 6.69856413e-02 0.00000000e+00
  1.50373672e-01 1.23448208e-01 7.97755541e-02 1.39908083e-01
  4.46441155e-01 8.77483161e-02 0.00000000e+00]
 [0.00000000e+00 8.73777617e-01 1.96706662e-01 0.00000000e+00
  2.22878757e-01 1.91158229e-01 1.54523583e-01 1.39681004e-01
  2.27584286e-01 2.47393881e-01 2.72161031e-01 3.38344654e-01
  2.37646918e-01 3.67719796e-02 0.00000000e+00]
 [0.00000000e+00 7.59286226e-01 2.08839019e-01 0.00000000e+00
  0.00000000e+00 6.90910545e-02 1.75109544e-01 6.35452030e-02
  0.00000000e+00 1.65404089e-01 2.14192393e-01 1.07985804e-01
  6.16209394e-01 0.00000000e+00 6.79210823e-02]
 [0.00000000e+00 6.28024364e-01 1.62675850e-01 0.00000000e+00
  2.30315673e-02 3.86842563e-02 1.06734753e-01 0.00000000e+00
  3.82552369e-02 1.64569045e-01 1.16485686e-01 4.83328506e-02
  4.22223767e-01 0.00000000e+00 2.02442845e-02]
 [0.00000000e+00 8.34577825e-01 5.80314243e-02 0.00000000e+00
  3.88634898e-02 1.08535382e-01 0.00000000e+00 0.00000000e+00
  2.40394232e-01 8.98100833e-02 1.51760818e-01 3.25269067e-02
  1.49523111e-01 2.22841529e-02 7.51548355e-02]
 [0.00000000e+00 6.18246106e-01 1.14437044e-01 0.00000000e+00
  0.00000000e+00 0.00000000e+00 2.58867209e-02 0.00000000e+00
  1.14720876e-01 1.54869513e-01 1.02558173e-01 3.50807941e-02
  3.13310320e-01 0.00000000e+00 0.00000000e+00]
 [0.00000000e+00 3.31608461e-01 2.16293037e-01 0.00000000e+00
  0.00000000e+00 6.56868319e-02 9.44946473e-02 2.59975908e-01
  0.00000000e+00 1.58616821e-01 8.33825099e-02 1.01267615e-02
  4.31945290e-01 2.35428555e-01 1.70026476e+00]
 [2.11819639e-01 3.65845998e-01 1.43711758e-01 0.00000000e+00
  1.58490637e-03 7.69116149e-02 1.42022379e-01 9.08624935e-02
  3.15867097e-02 3.47114389e-01 2.10656246e-01 8.34560223e-02
  3.51863324e-01 2.77994772e-01 2.43458345e+00]
 [0.00000000e+00 4.49672419e-01 3.05950529e-02 0.00000000e+00
  0.00000000e+00 8.09114190e-02 9.31322205e-02 7.94843231e-04
  2.58317398e-01 7.15006814e-02 2.08689592e-01 1.49515785e-01
  0.00000000e+00 8.15972597e-02 3.34466665e-01]
 [1.61278291e-01 4.75103076e-01 0.00000000e+00 0.00000000e+00
  1.01881937e-01 8.48303959e-02 1.06176289e-01 0.00000000e+00
  2.10703825e-01 5.92686295e-01 1.76048800e-01 8.94293731e-02
  0.00000000e+00 4.73860455e-01 3.01306045e+00]
 [1.81196156e-02 3.24672896e-01 3.90171932e-02 0.00000000e+00
  8.14579903e-03 5.29182384e-02 7.97702684e-02 1.47787770e-01
  0.00000000e+00 2.81923659e-01 1.68948372e-01 5.18548811e-02
  2.99582705e-01 1.63975551e-01 2.46260361e+00]
 [4.22449713e-02 4.74342248e-01 0.00000000e+00 0.00000000e+00
  1.48649999e-01 0.00000000e+00 5.54750072e-02 0.00000000e+00
  1.86146856e-01 4.22076171e-01 1.63312606e-01 5.99264942e-02
  1.67108741e-02 2.63613445e-01 2.18164773e+00]
 [6.14908238e-02 4.04148581e-02 5.52058164e-02 0.00000000e+00
  1.22587050e-01 3.34923985e-02 4.36920921e-02 0.00000000e+00
  3.80905673e-02 5.89224533e-02 3.72796158e-02 4.53067052e-02
  2.61966666e-02 3.78548373e-02 7.26425528e-02]
 [1.04123119e-01 9.17146065e-02 1.37528962e-01 0.00000000e+00
  2.14923559e-01 3.19373232e-01 3.40082795e-02 1.84348255e-01
  1.32856567e-01 1.78914623e-01 2.15407277e-02 5.51473276e-02
  0.00000000e+00 1.41857105e-01 0.00000000e+00]
 [2.65087428e-02 2.54549566e-02 6.77193194e-02 0.00000000e+00
  2.65691735e-02 1.49581019e-01 1.58891387e-01 3.05238092e-03
  2.33778205e-01 1.62406581e-01 1.03629710e-01 8.45670111e-03
  0.00000000e+00 8.72981751e-04 0.00000000e+00]
 [5.42147482e-02 4.76547025e-02 1.09461329e-01 0.00000000e+00
  1.95682642e-01 1.45197425e-01 5.26991137e-02 2.94842818e-01
  2.11219090e-02 1.85435913e-01 8.64331976e-02 8.65629322e-02
  0.00000000e+00 1.86560683e-01 0.00000000e+00]
 [5.23361927e-01 2.02130004e-01 1.55420364e-01 6.27874010e-01
  4.24332241e-01 1.66142676e-01 2.99900010e-01 4.36346127e-01
  1.86174098e-01 1.46817837e-01 2.62322201e-01 3.38318498e-01
  7.10782707e-01 2.69421085e-01 5.63969554e-01]]

6
----------------------------------------------------------------------------------
[[6.49706981e-02 1.83152801e-01 0.00000000e+00 5.05217652e-02
  3.00097268e-01 9.13715226e-01 4.72178862e-01 0.00000000e+00
  1.31877824e+00 2.33147575e+00 1.16326860e+00 3.35458133e+00
  2.44153185e+00 1.07565305e+00 5.75573831e-01]
 [1.29252815e-01 2.62792133e-01 0.00000000e+00 4.96011370e-02
  2.57398627e-01 3.52448044e-01 3.87477361e-01 1.08742763e-02
  1.32781726e+00 1.37123188e+00 2.24739097e+00 8.20469370e+00
  3.91556027e+00 1.55883452e+00 4.30556293e-01]
 [0.00000000e+00 2.54848214e-01 0.00000000e+00 5.33997550e-02
  8.40945353e-02 2.01504758e-01 2.16202671e-01 0.00000000e+00
  1.75811642e+00 6.07316543e-01 1.80943237e+00 5.84290976e+00
  1.69533745e+00 6.82840153e-01 2.90533187e-01]
 [5.85626994e-02 2.02900557e-01 3.90510831e-03 2.53701017e-02
  5.67930827e-01 1.14839487e+00 2.75194419e-01 0.00000000e+00
  2.91609889e+00 3.22896476e+00 2.09748260e+00 4.22128029e+00
  3.47178311e+00 1.57196704e+00 1.17501291e+00]
 [0.00000000e+00 2.47795325e-01 1.01356803e-01 1.20610914e-02
  7.20581805e-01 1.01289212e+00 2.54785677e-01 0.00000000e+00
  1.56293786e+00 2.29139666e+00 3.41242488e+00 4.94596558e+00
  3.54854113e+00 1.38707961e+00 9.93842531e-01]
 [0.00000000e+00 2.67175951e-01 0.00000000e+00 6.53744797e-02
  3.46481000e-01 4.74826311e-01 6.86308452e-02 2.66038630e-01
  8.23811712e+00 2.70475891e+00 5.85732216e+00 6.55573940e+00
  4.30028298e+00 1.66326349e+00 1.09953289e+00]
 [0.00000000e+00 1.95077588e-01 0.00000000e+00 3.65516492e-02
  3.35673547e-01 4.63116887e-01 8.21469570e-02 1.21410854e-01
  4.77739079e+00 2.37127582e+00 4.74965808e+00 6.75695685e+00
  3.72012929e+00 1.60925443e+00 1.17706578e+00]
 [0.00000000e+00 2.32612904e-01 0.00000000e+00 0.00000000e+00
  1.22765466e-01 3.71739293e-01 2.49668810e-01 0.00000000e+00
  1.38894200e+00 1.27032119e+00 4.11051224e-01 2.80033590e-01
  5.05096594e-01 0.00000000e+00 1.69196316e-01]
 [4.30481896e-02 3.08523570e-01 0.00000000e+00 0.00000000e+00
  1.60722853e-01 2.80535330e-01 3.84132331e-02 0.00000000e+00
  1.82478781e-01 2.55114753e-01 1.57292204e-01 8.62486388e-01
  6.20554365e-01 3.36581749e-02 2.20990169e-01]
 [0.00000000e+00 1.33720529e-02 0.00000000e+00 3.28066348e-03
  8.24418995e-02 1.07381172e-01 2.82497655e-01 0.00000000e+00
  7.62012856e-01 6.10996136e-01 1.03022113e-01 6.58051604e-01
  2.00619491e-01 4.21846332e-01 3.00808883e-01]
 [1.07945551e-02 4.54404974e-01 0.00000000e+00 0.00000000e+00
  1.85951360e-01 1.40588885e-01 5.84733336e-02 1.51827823e-03
  9.35667067e-01 5.14695248e-01 2.95162136e-01 6.90162035e-01
  1.00190267e+00 1.30675895e-01 5.08038456e-01]
 [0.00000000e+00 1.15578524e-01 0.00000000e+00 0.00000000e+00
  2.94928502e-02 2.09179533e-01 1.24648066e-01 0.00000000e+00
  4.66833174e-02 0.00000000e+00 1.47676378e-01 6.77963146e-01
  4.92136319e-01 1.04525239e-02 7.84181931e-02]
 [0.00000000e+00 2.80671160e-01 0.00000000e+00 0.00000000e+00
  1.98181609e-02 3.86398583e-02 0.00000000e+00 0.00000000e+00
  7.54172571e-01 1.36518017e-01 9.30578217e-02 5.02250289e-01
  6.39896237e-01 9.56726754e-02 2.81324929e-01]
 [1.46327683e-01 0.00000000e+00 0.00000000e+00 1.07130221e-01
  0.00000000e+00 4.90178320e-02 6.36802069e-02 0.00000000e+00
  9.20154858e-02 0.00000000e+00 0.00000000e+00 9.34899742e-01
  4.53455331e-01 2.44937625e-01 7.80484323e-02]
 [3.86646247e-02 0.00000000e+00 0.00000000e+00 1.33505159e-01
  3.68058629e-02 9.88831469e-02 1.52140282e-01 0.00000000e+00
  1.13584690e-01 0.00000000e+00 0.00000000e+00 1.21948117e+00
  6.69295419e-01 2.80721833e-01 1.47129746e-01]
 [1.13208789e-01 0.00000000e+00 0.00000000e+00 0.00000000e+00
  0.00000000e+00 0.00000000e+00 3.10127762e-02 0.00000000e+00
  0.00000000e+00 0.00000000e+00 0.00000000e+00 8.59565905e-01
  5.85888798e-01 1.88386924e-01 3.49248944e-02]
 [0.00000000e+00 0.00000000e+00 0.00000000e+00 1.14073436e-02
  0.00000000e+00 1.59175023e-01 1.56659431e-01 0.00000000e+00
  2.06355669e-01 3.47704968e-02 0.00000000e+00 9.81849772e-01
  3.59657314e-01 1.02685168e-01 0.00000000e+00]
 [6.20467251e-01 3.94900362e-01 6.39536285e-01 2.57490327e-01
  2.81190518e-01 1.40892812e-01 2.25018481e-01 5.57612507e-01
  5.76827792e-01 6.40785857e-01 5.99765636e-01 6.20189527e-01
  2.22934015e-01 4.45197942e-01 2.72377472e-01]]

7
----------------------------------------------------------------------------------
[[0.23748768 0.         0.15292141 0.         0.52668913 0.
  0.50037565 0.13109784 0.         0.         0.4024696  0.75084366
  0.41760557 0.84658742 0.98562364]
 [0.         0.         0.48514985 0.         0.53231599 0.
  0.36178339 0.1471228  0.         0.         0.35111783 0.40150311
  0.26432374 0.65716082 0.45837829]
 [0.02119503 0.16457374 0.55745754 0.         0.69191284 0.11194588
  0.56735542 0.17623641 0.         0.         0.67476197 0.51195872
  0.43051109 0.79345482 0.74373569]
 [0.45569326 0.         0.05084702 0.         0.20222056 0.
  0.39255386 0.1759963  0.         0.         0.23500655 0.32852603
  0.30448756 0.6773225  0.63972192]
 [0.26142994 0.         0.188268   0.         0.18989587 0.
  0.25968574 0.13728336 0.         0.         0.11363894 0.0541003
  0.         0.36370143 0.25250197]
 [0.28061667 0.10913486 0.28160932 0.         0.34242699 0.04674506
  0.27285493 0.05126653 0.         0.         0.31751184 0.02217061
  0.14040417 0.21271841 0.29966955]
 [0.21006051 0.         0.13151074 0.         0.20432816 0.00753593
  0.13425419 0.07553246 0.         0.         0.13165709 0.
  0.         0.30623606 0.10571869]
 [0.06364369 0.         0.         0.         0.15080061 0.
  0.36192327 0.         0.         0.         0.23661774 0.40699502
  0.17054687 0.55200579 0.84167855]
 [0.11041991 0.         0.04428579 0.         0.16340311 0.
  0.20144997 0.         0.         0.         0.08960201 0.14648974
  0.         0.35938919 0.47200075]
 [0.09950396 0.05067518 0.25979424 0.         0.38997383 0.
  0.3575546  0.12071253 0.         0.         0.49061554 0.37769639
  0.12991792 0.23447417 0.29984922]
 [0.02135656 0.         0.21619393 0.         0.29313404 0.00718909
  0.09547133 0.         0.         0.         0.1199162  0.01085635
  0.         0.1697407  0.05045766]
 [0.         0.         0.10326783 0.         0.14351435 0.
  0.22089088 0.         0.         0.         0.         0.17497842
  0.         0.36651279 0.38494825]
 [0.         0.         0.26124587 0.         0.31097391 0.03367486
  0.12437456 0.         0.         0.         0.10305896 0.
  0.         0.0645039  0.02945675]
 [0.06640144 0.         0.11701925 0.         0.11699967 0.05677494
  0.         0.         0.         0.         0.05530813 0.09892895
  0.         0.05073046 0.07065439]
 [0.         0.         0.01398324 0.         0.0833077  0.01759757
  0.21805289 0.         0.         0.         0.15141556 0.2236675
  0.08449318 0.33902682 0.21672882]
 [0.02440514 0.         0.13730356 0.         0.05447774 0.03642943
  0.07135775 0.         0.         0.         0.13531782 0.
  0.         0.14252106 0.11184741]
 [0.09646369 0.         0.         0.         0.08007841 0.
  0.         0.         0.         0.         0.03701061 0.277405
  0.01145043 0.13407634 0.1749304 ]
 [0.65527955 0.38864038 0.32000855 0.86110398 0.11690388 0.40190839
  0.29901263 0.43175613 0.68637713 0.86660962 0.32414221 0.29103376
  0.39485847 0.27542403 0.33357669]]

7
----------------------------------------------------------------------------------
[[0.         0.31564265 0.07140279 0.         0.04614152 0.03315753]
 [0.         0.14995447 0.00432805 0.         0.         0.        ]
 [0.         0.39244395 0.28075112 0.         0.12514314 0.14002244]
 [0.         0.14170038 0.         0.         0.0926174  0.15563938]
 [0.         0.         0.         0.         0.02776321 0.07477395]
 [0.         0.03756314 0.         0.         0.         0.        ]
 [0.         0.         0.         0.         0.11337728 0.08711032]
 [0.         0.04455688 0.         0.         0.         0.12166555]
 [0.         0.         0.         0.         0.07055074 0.        ]
 [0.         0.53626553 0.         0.         0.11604447 0.11495028]
 [0.         0.         0.         0.         0.         0.        ]
 [0.         0.         0.         0.         0.         0.09521299]
 [0.         0.         0.         0.         0.         0.        ]
 [0.05693491 0.         0.02378094 0.         0.         0.        ]
 [0.08060721 0.         0.0802494  0.18472334 0.05358004 0.01144566]
 [0.         0.         0.         0.02038847 0.         0.        ]
 [0.09389433 0.00708599 0.         0.         0.         0.08526645]
 [0.84663793 0.64377894 0.45784066 0.89849852 0.61497007 0.63864502]]