

1
----------------------------------------------------------------------------------
[[0.23685343 0.13590214 0.0520426  0.         0.19923732 0.27052073
  0.15560862 0.         0.03260584 0.04641839 0.         0.04814898
  0.         0.20948136 0.01136603]
 [0.         0.19449249 0.01193458 0.09551942 0.         0.1699647
  0.17503688 0.15370833 0.         0.         0.         0.
  0.         0.15301531 0.02861132]
 [0.06101766 0.1063058  0.15468619 0.10941285 0.         0.27213725
  0.06962929 0.23782739 0.         0.         0.         0.
  0.         0.23562253 0.00421613]
 [0.19891109 0.28679991 0.         0.         0.2235701  0.15449479
  0.01863783 0.02215701 0.08010631 0.07437967 0.         0.02005181
  0.         0.17612661 0.09080778]
 [0.02290879 0.17503765 0.         0.         0.03027862 0.14176459
  0.03230552 0.0359465  0.05999984 0.         0.         0.
  0.         0.09494007 0.0163087 ]
 [0.02333745 0.10148272 0.09068853 0.11799255 0.0041464  0.24987008
  0.05637346 0.22662355 0.         0.01202205 0.         0.
  0.         0.18035443 0.        ]
 [0.         0.18331246 0.         0.0557835  0.         0.1099018
  0.10097049 0.20901659 0.         0.         0.         0.
  0.         0.11962188 0.03219081]
 [0.24709163 0.12439883 0.         0.         0.         0.22845004
  0.10731619 0.40523219 0.         0.         0.         0.08630729
  0.         0.13579609 0.0776716 ]
 [0.15486531 0.23929876 0.         0.         0.09555583 0.24399506
  0.1494021  0.98992064 0.         0.         0.         0.
  0.19089954 0.13539765 0.03584577]
 [0.00315759 0.         0.05540176 0.02794658 0.         0.21100825
  0.04533531 0.09933472 0.         0.         0.         0.
  0.         0.31759786 0.00677255]
 [0.         0.12426011 0.         0.09983678 0.         0.15102939
  0.20861774 0.85145996 0.         0.         0.         0.06350778
  0.18839868 0.18276177 0.0199845 ]
 [0.11332041 0.09966295 0.00494867 0.         0.08151534 0.1046808
  0.05435606 0.46722827 0.         0.         0.         0.01487283
  0.1213358  0.13618959 0.006182  ]
 [0.         0.06788989 0.01481052 0.01914473 0.         0.1421899
  0.10488981 0.36506237 0.         0.         0.         0.08923034
  0.09227969 0.16459802 0.        ]
 [0.06544876 0.03830866 0.02187924 0.14806141 0.         0.05563543
  0.02204523 0.04313184 0.03742709 0.02858654 0.         0.08515554
  0.0663631  0.08375163 0.        ]
 [0.11517048 0.         0.         0.0179042  0.         0.23347416
  0.         0.03289564 0.02625305 0.         0.         0.13502037
  0.01141342 0.15967959 0.03287975]
 [0.         0.         0.01906376 0.05932574 0.         0.06835992
  0.         0.10553008 0.         0.         0.         0.1567823
  0.05680487 0.09796045 0.00201094]
 [0.15655558 0.06443524 0.02572419 0.         0.08228819 0.21548801
  0.0335079  0.         0.07911464 0.0868767  0.         0.08407186
  0.04594445 0.2932955  0.02732176]
 [0.2002276  0.50074119 0.28855773 0.29061603 0.27736194 0.08080148
  0.27505626 0.3584742  0.39053222 0.29748418 0.35411647 0.25498223
  0.26582723 0.14144832 0.25069558]]

2
----------------------------------------------------------------------------------
[[0.06405285 0.54918668 0.         0.17625211 0.23825464 0.
  0.15478322 0.33607231 0.05990951 0.02580352 0.05543514 0.39330506
  0.08135273 0.18465307 0.45972347]
 [0.1551495  0.24885637 0.         0.         0.05437272 0.02678807
  0.06886859 0.16473157 0.05977892 0.         0.11473076 0.02227235
  0.16466864 0.         0.37847556]
 [0.18998061 0.33745381 0.         0.0084327  0.1420419  0.13319047
  0.         0.15599955 0.12763341 0.04146869 0.         0.16453973
  0.37553242 0.         0.29879117]
 [0.17044022 0.28049133 0.         0.00970734 0.03436687 0.
  0.14982596 0.07362255 0.         0.12387621 0.20222819 0.09285179
  0.07721803 0.19193429 1.09199315]
 [0.02573913 0.1878541  0.         0.01597889 0.06344396 0.
  0.07719422 0.08477422 0.04987253 0.01309951 0.10140842 0.07009989
  0.06259509 0.04960532 0.89727924]
 [0.06731242 0.05093083 0.         0.0686035  0.1951866  0.05946398
  0.         0.15660741 0.15567127 0.11711131 0.01654733 0.14104984
  0.29826724 0.09593897 0.67934471]
 [0.09752525 0.09144401 0.         0.00653599 0.0692665  0.04069905
  0.         0.0991885  0.08212976 0.00483137 0.04744382 0.05386808
  0.16314734 0.00807105 0.56225013]
 [0.09208028 0.30781078 0.         0.01981713 0.         0.
  0.04376169 0.02268486 0.         0.15477823 0.20319888 0.03176263
  0.09643501 0.         0.07807588]
 [0.04929977 0.24115095 0.         0.         0.         0.
  0.11153326 0.04794984 0.         0.11578872 0.13140838 0.02884654
  0.06538632 0.         0.15013104]
 [0.06980805 0.16236774 0.         0.00160992 0.05684192 0.
  0.         0.08475492 0.05545431 0.07402499 0.07240409 0.10442269
  0.37292017 0.13035726 0.04875161]
 [0.         0.10498722 0.         0.         0.12045688 0.04834412
  0.         0.03957234 0.07093623 0.0153927  0.         0.12496633
  0.25946726 0.         0.04123649]
 [0.03798241 0.26377446 0.         0.         0.02078558 0.
  0.06157754 0.02369033 0.         0.08938198 0.07573347 0.10294449
  0.11212207 0.         0.        ]
 [0.         0.05043713 0.         0.         0.10546134 0.05855
  0.         0.03846374 0.08006519 0.         0.         0.11657909
  0.24407365 0.         0.        ]
 [0.08817472 0.05434418 0.         0.0241469  0.06371161 0.01320971
  0.         0.08700727 0.0237377  0.04115357 0.00801761 0.08919789
  0.11557592 0.0869961  0.        ]
 [0.11953439 0.15077342 0.06185273 0.11048889 0.30094331 0.05610877
  0.07114127 0.12304068 0.         0.02208266 0.00785646 0.08272422
  0.18349811 0.31312013 0.11121779]
 [0.05141252 0.         0.         0.         0.06483001 0.0810907
  0.         0.09170348 0.02900366 0.         0.03248093 0.09155779
  0.11036725 0.         0.        ]
 [0.0746084  0.04395604 0.00713792 0.04619833 0.2769191  0.05843949
  0.         0.1353248  0.         0.08025168 0.09989889 0.07967456
  0.16090865 0.18852914 0.        ]
 [0.16615237 0.33080772 0.39046914 0.22057135 0.13612572 0.27321928
  0.41422039 0.12776497 0.24777572 0.1373285  0.14425473 0.25085784
  0.08165776 0.36876431 0.31817248]]

3
----------------------------------------------------------------------------------
[[1.16804163e+00 1.07040960e+00 1.22615311e+00 2.84822497e+00
  7.59412719e-01 1.28279490e+00 8.08829559e-01 1.49234267e+00
  2.02889600e+00 1.45904754e+00 1.60826803e+00 4.55976968e-01
  1.56941574e-01 0.00000000e+00 2.75204540e-02]
 [1.31695046e+00 9.73210126e-01 1.51229974e+00 4.81131488e+00
  2.03109640e+00 1.47783124e+00 7.75000722e-01 2.38968763e+00
  2.96214099e+00 2.50865877e+00 8.92101592e-01 2.96279515e-01
  1.01767909e-01 0.00000000e+00 0.00000000e+00]
 [1.16570771e+00 9.10120705e-01 1.60635199e+00 1.98246559e+00
  6.27587752e-01 6.22861291e-01 6.30552980e-01 9.70981073e-01
  1.47407244e+00 1.26267564e+00 8.22852986e-01 3.75680866e-01
  3.87893077e-02 0.00000000e+00 6.11749891e-02]
 [2.22282576e+00 1.82638023e+00 2.01887528e+00 3.31543097e+00
  1.76660664e+00 1.07171502e+00 7.41042332e-01 1.43014848e+00
  1.85691662e+00 1.84011999e+00 1.41760872e+00 7.25436076e-01
  4.12695297e-01 1.08508712e-01 1.99000391e-01]
 [2.39461758e+00 1.78801479e+00 2.30720167e+00 3.94921146e+00
  2.19824253e+00 1.31546304e+00 1.03197673e+00 1.58740182e+00
  1.86266440e+00 1.44348531e+00 1.17433563e+00 5.49817716e-01
  2.31412727e-01 0.00000000e+00 1.08688997e-01]
 [2.27322251e+00 1.74855853e+00 3.66132437e+00 3.71009999e+00
  2.40245704e+00 1.02776830e+00 1.13134789e+00 2.13340301e+00
  2.65906066e+00 1.87802332e+00 1.69857010e+00 9.65062328e-01
  1.73819733e-01 2.94579907e-01 2.73163520e-01]
 [2.35968821e+00 1.83139800e+00 3.21424145e+00 4.54805329e+00
  2.17584695e+00 1.38163783e+00 1.25403783e+00 1.86563745e+00
  2.19895614e+00 1.85202985e+00 1.48207387e+00 8.13278699e-01
  2.12461740e-01 1.24174793e-01 1.50335032e-01]
 [2.65537858e-01 1.70354055e-01 9.65932995e-02 2.83357755e-01
  0.00000000e+00 4.41334470e-01 1.52573410e-01 0.00000000e+00
  3.59814502e-01 7.25510781e-01 5.07924236e-01 3.37275417e-01
  3.43099784e-01 1.27172129e-01 0.00000000e+00]
 [2.08107740e-01 8.86450285e-02 1.77554525e-01 7.12673752e-01
  0.00000000e+00 3.57496012e-01 1.61808785e-01 0.00000000e+00
  1.39868153e-01 2.68016421e-01 1.78033862e-01 0.00000000e+00
  0.00000000e+00 0.00000000e+00 0.00000000e+00]
 [4.16210616e-01 4.58740148e-02 3.07986729e-01 4.72746857e-01
  1.43467288e-01 2.69943799e-01 2.40539670e-01 1.49682026e-01
  1.01562065e+00 8.18729541e-01 9.56719240e-01 3.92129254e-01
  1.71839184e-01 8.91543553e-02 2.60130539e-01]
 [3.97240550e-01 2.25270960e-01 1.74177672e-01 5.46409146e-01
  0.00000000e+00 4.61107627e-03 1.68223841e-01 0.00000000e+00
  1.21189046e-01 3.52688813e-01 9.18203621e-02 2.08635246e-02
  0.00000000e+00 0.00000000e+00 2.80460286e-02]
 [1.46851867e-01 0.00000000e+00 1.30564052e-01 7.86104954e-01
  0.00000000e+00 4.36047879e-01 1.69353260e-01 0.00000000e+00
  3.11573454e-01 1.93728443e-01 1.09754132e-01 0.00000000e+00
  0.00000000e+00 0.00000000e+00 0.00000000e+00]
 [1.62346900e-01 1.00348209e-01 2.30840837e-01 1.06815035e+00
  0.00000000e+00 1.27562153e-01 2.28714261e-01 9.05549021e-02
  1.23544435e-01 3.20601817e-01 0.00000000e+00 0.00000000e+00
  0.00000000e+00 0.00000000e+00 0.00000000e+00]
 [9.13468174e-02 3.50362011e-02 2.19981550e-01 7.32858301e-01
  0.00000000e+00 0.00000000e+00 5.27892195e-02 3.47339847e-02
  3.12909236e-01 3.58953933e-01 0.00000000e+00 0.00000000e+00
  0.00000000e+00 0.00000000e+00 0.00000000e+00]
 [2.48405642e-01 1.64849856e-01 3.93076723e-01 8.77903743e-01
  0.00000000e+00 0.00000000e+00 9.26820001e-02 1.39395785e-01
  6.05678904e-01 4.68270014e-01 0.00000000e+00 0.00000000e+00
  1.64742988e-02 1.45046051e-02 0.00000000e+00]
 [2.86406288e-03 1.46175160e-01 2.74687186e-01 9.77205474e-01
  0.00000000e+00 0.00000000e+00 1.33307411e-01 2.19574849e-01
  4.11196683e-01 4.89253777e-01 0.00000000e+00 0.00000000e+00
  0.00000000e+00 0.00000000e+00 0.00000000e+00]
 [2.32903770e-01 1.13319805e-01 2.53822593e-01 1.09013843e+00
  0.00000000e+00 2.76337477e-02 2.47742124e-02 0.00000000e+00
  5.92794771e-01 3.26781720e-01 0.00000000e+00 0.00000000e+00
  1.90611123e-02 5.66293090e-02 0.00000000e+00]
 [1.05513741e-01 2.61094546e-01 2.72682601e-01 2.65742321e-01
  6.77120406e-01 2.78615703e-01 1.67637938e-01 3.26748277e-01
  2.22506274e-01 1.58914523e-01 3.56199272e-01 4.36529800e-01
  4.60504005e-01 7.12272233e-01 1.12129986e+00]]

4
----------------------------------------------------------------------------------
[[0.00000000e+00 4.99561378e-02 1.30382469e-01 0.00000000e+00
  5.73420228e-02 0.00000000e+00 6.47945244e-01 6.85654047e-01
  5.24330540e-01 3.24013042e-01 3.84883695e-01 1.62845849e-01
  1.18376969e-01 2.19118667e-01 2.85905110e-01]
 [1.72844314e-01 0.00000000e+00 3.31238789e-01 9.91054408e-02
  0.00000000e+00 1.03775692e-01 4.62861177e-01 5.18726806e-01
  4.20659515e-01 3.35592195e-01 0.00000000e+00 1.42396325e-01
  7.46216074e-02 3.91033778e-02 1.57945416e-01]
 [1.20350155e-01 5.10875103e-01 2.36651822e-01 4.13001832e-01
  1.04781244e-02 3.20682195e-01 6.07025565e-01 6.69617082e-01
  8.73564867e-01 4.50047942e-01 1.26835754e-01 7.87006851e-02
  1.65020131e-01 1.67931689e-01 2.84791839e-01]
 [3.59132693e-03 1.51710125e-01 1.77708180e-01 0.00000000e+00
  0.00000000e+00 0.00000000e+00 5.49007277e-01 5.23288500e-01
  1.53238722e-01 1.01873683e-01 0.00000000e+00 7.84197382e-03
  0.00000000e+00 7.41234064e-02 1.59579296e-01]
 [2.65080119e-02 4.73739353e-03 4.32003441e-02 0.00000000e+00
  1.96482151e-02 0.00000000e+00 5.90951550e-01 4.72246646e-01
  1.53483695e-01 1.47298159e-01 0.00000000e+00 0.00000000e+00
  0.00000000e+00 3.72077193e-02 6.57074971e-02]
 [2.69652983e-01 1.29968160e-01 5.68809613e-02 2.78301008e-01
  0.00000000e+00 2.41580877e-01 7.48665460e-01 1.99046023e-01
  4.41633648e-01 3.09355477e-01 3.78884821e-02 2.29137765e-02
  0.00000000e+00 1.07392366e-01 7.95236450e-02]
 [1.25898748e-01 1.02991111e-01 6.86629480e-02 1.87698580e-01
  0.00000000e+00 1.70504326e-01 6.85446048e-01 3.68770108e-01
  3.09620250e-01 2.32349964e-01 3.07689863e-02 0.00000000e+00
  0.00000000e+00 4.89680217e-02 4.73699155e-02]
 [9.01559591e-02 2.64100398e-01 1.28569861e-01 0.00000000e+00
  0.00000000e+00 0.00000000e+00 3.57348995e-01 4.27033407e-01
  9.51561247e-02 1.04276993e-01 0.00000000e+00 0.00000000e+00
  0.00000000e+00 3.55139766e-02 1.23009904e-01]
 [6.25008435e-03 2.34533824e-01 1.56479809e-01 0.00000000e+00
  0.00000000e+00 0.00000000e+00 3.52771785e-01 3.24574684e-01
  7.53480809e-02 1.50221107e-01 0.00000000e+00 0.00000000e+00
  0.00000000e+00 6.68823239e-02 1.26593129e-02]
 [1.95801690e-01 1.64353874e-02 2.14606335e-01 2.35739028e-01
  0.00000000e+00 2.94872691e-01 1.68731768e-01 4.21147780e-01
  3.87296862e-01 1.54018495e-01 0.00000000e+00 7.69328693e-02
  1.78995825e-01 1.50431810e-01 3.34554309e-02]
 [1.55674141e-01 1.01089674e-01 8.19323748e-02 1.94645053e-01
  0.00000000e+00 1.33798866e-01 3.06188593e-01 1.16853410e-01
  3.80198529e-01 1.51302612e-01 1.01760219e-01 0.00000000e+00
  0.00000000e+00 8.20158960e-02 4.51706434e-03]
 [2.31358926e-02 4.06108036e-02 2.43169795e-01 0.00000000e+00
  1.27566224e-02 0.00000000e+00 2.88697695e-01 2.57071622e-01
  1.46905259e-01 6.16348644e-02 0.00000000e+00 0.00000000e+00
  0.00000000e+00 8.86752346e-02 1.22320828e-02]
 [1.41295656e-01 7.18410795e-02 8.13070540e-02 1.65476679e-01
  0.00000000e+00 1.41909444e-01 2.69859791e-01 1.23823151e-01
  3.15555064e-01 1.74843384e-01 1.20283247e-01 0.00000000e+00
  0.00000000e+00 1.14711559e-01 1.28012732e-02]
 [1.03561817e-01 5.36431792e-02 1.19794967e-01 1.23640034e-01
  1.30764221e-02 1.83013444e-01 6.33011478e-02 0.00000000e+00
  1.01448340e-01 0.00000000e+00 9.55867487e-02 0.00000000e+00
  1.12415702e-01 1.03833690e-01 6.30840424e-02]
 [1.59435154e-01 1.65484491e-02 1.86723144e-01 2.17530735e-01
  1.91978650e-01 3.35736403e-01 0.00000000e+00 2.23234254e-01
  7.31043793e-02 0.00000000e+00 5.60381895e-02 2.00607400e-03
  3.43382453e-01 2.99672845e-02 1.37813946e-01]
 [2.00974909e-01 0.00000000e+00 1.70140469e-01 2.47075609e-01
  1.14661578e-01 2.09639137e-01 2.03506829e-02 2.24467563e-02
  2.61801100e-01 6.40134265e-02 1.20279107e-01 0.00000000e+00
  1.79243741e-01 9.20746485e-02 1.25535485e-01]
 [1.14107200e-01 0.00000000e+00 2.88530636e-01 9.53677884e-03
  1.82367466e-01 3.00860573e-01 0.00000000e+00 2.11395998e-01
  1.88262140e-04 0.00000000e+00 0.00000000e+00 6.82938367e-02
  7.38064887e-02 1.21110157e-01 0.00000000e+00]
 [7.02456100e-01 1.24157488e+00 1.15461741e+00 1.40339343e+00
  1.99706432e+00 1.66328924e+00 1.05918372e+00 1.23701985e+00
  6.73067307e-01 2.39370828e-01 5.30042569e-01 3.27709431e-01
  3.83295983e-01 3.15261197e-01 2.81482581e-01]]

5
----------------------------------------------------------------------------------
[[4.29567429e-01 1.72878365e-01 2.13934542e-01 1.95669962e-01
  4.13510735e-01 4.00079400e-01 2.63837480e-01 2.37783997e-01
  1.50387376e-01 2.51892081e-01 2.07245408e-01 1.71495121e-01
  4.16958465e-01 6.91493379e-01 3.66651221e+00]
 [4.15860683e-01 3.35804599e-02 0.00000000e+00 1.50329016e-01
  2.16213150e-01 2.45610348e-01 3.36731408e-01 2.38725964e-01
  2.53440066e-01 0.00000000e+00 1.18397663e-01 7.35698901e-02
  1.10378581e-01 2.89283137e-01 9.00703803e+00]
 [5.08522247e-01 0.00000000e+00 0.00000000e+00 2.60305756e-02
  2.33372344e-01 2.50113594e-01 1.27568587e-01 4.60851974e-01
  6.87125068e-02 1.22429647e-01 3.40344461e-01 1.30904673e-01
  2.51435415e-01 5.91427572e-01 6.11271413e+00]
 [4.72396414e-01 8.55097149e-02 1.40103159e-01 4.36110511e-02
  3.11467128e-01 2.61778555e-01 1.33333727e-01 1.50799759e-01
  7.48126412e-02 1.21704743e-01 2.26344985e-01 1.03593028e-01
  1.37033689e-01 2.20965587e+00 6.15028478e+00]
 [3.69359027e-01 7.10251970e-03 5.81023446e-02 0.00000000e+00
  1.90100477e-01 1.57834192e-01 1.50542847e-01 2.51304185e-01
  4.07313355e-02 0.00000000e+00 1.19973370e-02 0.00000000e+00
  1.12433264e-01 1.10943639e+00 9.32880165e+00]
 [4.97926362e-01 0.00000000e+00 3.15198512e-02 0.00000000e+00
  4.76549715e-02 4.38003584e-02 1.16029604e-01 2.87516130e-01
  9.55652939e-02 1.08621670e-01 5.98613407e-01 4.34694971e-01
  3.07430431e-01 5.06961598e+00 1.37678987e+01]
 [3.95715781e-01 0.00000000e+00 5.51444914e-02 0.00000000e+00
  9.19433903e-02 4.15039600e-02 8.33230060e-02 2.34261012e-01
  1.11527247e-02 7.59330328e-02 1.15908996e-01 1.35810541e-01
  1.31294393e-01 1.65504778e+00 1.20211695e+01]
 [2.62814327e-01 0.00000000e+00 3.28073430e-02 2.04322264e-02
  2.40359995e-01 2.92695992e-01 2.13213416e-03 2.69414994e-03
  9.32402790e-02 5.80472363e-02 7.78942763e-02 5.86449573e-02
  0.00000000e+00 6.35350016e-01 4.69186080e-02]
 [2.33045839e-01 0.00000000e+00 5.65741231e-02 3.65301564e-03
  1.56388134e-01 2.49577926e-01 0.00000000e+00 2.46338513e-02
  5.78344107e-02 3.90962956e-03 0.00000000e+00 0.00000000e+00
  1.38565162e-02 0.00000000e+00 0.00000000e+00]
 [2.74291309e-01 0.00000000e+00 3.59394006e-02 8.71279764e-03
  5.05655522e-02 0.00000000e+00 0.00000000e+00 2.95426702e-01
  1.18471946e-02 0.00000000e+00 4.68411965e-01 0.00000000e+00
  0.00000000e+00 8.32072952e-01 4.09961116e-01]
 [2.55505736e-01 0.00000000e+00 0.00000000e+00 0.00000000e+00
  9.31554979e-04 9.94681767e-03 3.20039474e-02 2.85848189e-01
  4.75274488e-02 6.43271237e-02 2.19056353e-01 1.22879835e-02
  0.00000000e+00 0.00000000e+00 0.00000000e+00]
 [8.40761853e-02 0.00000000e+00 1.73698615e-02 0.00000000e+00
  1.14338365e-01 1.84680225e-01 0.00000000e+00 0.00000000e+00
  1.16191098e-01 2.17879063e-02 0.00000000e+00 0.00000000e+00
  0.00000000e+00 0.00000000e+00 0.00000000e+00]
 [2.40463289e-01 0.00000000e+00 4.10929965e-03 0.00000000e+00
  0.00000000e+00 6.96627227e-03 1.59423978e-02 2.58443496e-01
  0.00000000e+00 7.53029096e-02 1.81363660e-01 0.00000000e+00
  1.22314472e-03 0.00000000e+00 9.53781208e-02]
 [1.23802085e-01 0.00000000e+00 1.51870200e-02 0.00000000e+00
  5.28896297e-02 4.15426434e-02 0.00000000e+00 1.03199910e-01
  8.56310746e-02 2.06256931e-02 1.99793466e-02 0.00000000e+00
  2.41785122e-02 0.00000000e+00 0.00000000e+00]
 [1.11551773e-01 0.00000000e+00 0.00000000e+00 1.99499090e-01
  8.91018252e-02 1.64834880e-01 3.15262514e-02 1.81249132e-02
  2.08364978e-01 1.38829018e-01 1.51926143e-01 3.78422562e-02
  0.00000000e+00 0.00000000e+00 0.00000000e+00]
 [7.63119783e-02 0.00000000e+00 0.00000000e+00 1.22643591e-01
  0.00000000e+00 3.45699759e-03 8.39307152e-03 1.30071466e-01
  7.02160683e-02 7.35807794e-02 1.88419377e-01 0.00000000e+00
  0.00000000e+00 0.00000000e+00 0.00000000e+00]
 [1.67178987e-01 0.00000000e+00 2.14439790e-03 3.87078123e-02
  1.01163820e-01 1.78577924e-01 1.64807064e-01 1.19388786e-01
  2.92126326e-01 5.33327727e-02 0.00000000e+00 0.00000000e+00
  4.82097604e-02 0.00000000e+00 0.00000000e+00]
 [4.03561101e-01 3.24478497e-01 3.26685100e-01 2.09610373e-01
  2.62762933e-01 1.55288472e-01 2.35684162e-01 2.40221094e-01
  1.29771891e-01 3.85266066e-01 2.32066555e-01 3.82356589e-01
  3.20686628e-01 5.11770134e-01 1.46232430e+00]]

6
----------------------------------------------------------------------------------
[[1.42262362e+00 1.93136199e+00 8.59122387e-01 6.96572160e-01
  7.72875162e-01 5.93933622e-01 8.67578081e-02 0.00000000e+00
  3.63960010e-01 5.13122807e-01 4.17685823e-01 1.83807123e-01
  1.69536415e-02 7.52069725e-02 9.84907739e-02]
 [5.61986154e+00 3.79261237e+00 1.32754770e+00 6.57049408e-01
  6.19789271e-01 5.07470032e-01 2.93933869e-02 5.09343417e-02
  1.85537927e-01 3.47303407e-01 3.41532053e-01 4.65400637e-02
  2.08150732e-02 0.00000000e+00 1.50297496e-01]
 [7.86711437e-01 7.37853702e-01 7.46465561e-01 4.40436851e-01
  6.92938470e-01 7.49129813e-01 3.09584762e-01 1.78880885e-01
  3.67826025e-01 3.96521592e-01 1.61238535e-01 1.09744657e-01
  0.00000000e+00 0.00000000e+00 3.58510521e-01]
 [2.06214512e+00 2.05547331e+00 1.13340859e+00 5.09281190e-01
  7.11685482e-01 6.32115795e-01 5.23113753e-01 2.00514418e-01
  2.25768242e-01 3.22696826e-01 1.82073482e-01 4.59729873e-02
  1.29765435e-02 9.00750611e-02 2.66658160e-01]
 [2.84756235e+00 2.68335581e+00 1.26171486e+00 5.21669150e-01
  8.28785842e-01 6.00316453e-01 3.49311116e-01 3.23566937e-03
  4.98012682e-03 6.77480019e-02 1.13873304e-01 0.00000000e+00
  0.00000000e+00 5.90668569e-02 1.23685454e-01]
 [1.47450513e+00 1.81039808e+00 1.31994853e+00 1.26529479e+00
  1.41754598e+00 1.39106238e+00 6.64518674e-01 2.12896313e-01
  3.13215585e-01 5.64254100e-02 2.40013929e-03 0.00000000e+00
  0.00000000e+00 1.20015798e-01 9.65539972e-02]
 [2.34952936e+00 2.91195097e+00 1.68716626e+00 1.25073085e+00
  1.31058388e+00 1.08693915e+00 5.80847349e-01 1.15952683e-01
  1.44549624e-01 6.03196876e-02 3.76653389e-03 0.00000000e+00
  0.00000000e+00 7.64675927e-02 1.43708189e-01]
 [1.78779096e-01 7.65816596e-02 1.30352784e-01 0.00000000e+00
  2.40255729e-01 7.71902952e-02 1.15873603e-02 1.13605459e-01
  1.02088066e-02 1.57097950e-01 2.06823026e-01 0.00000000e+00
  0.00000000e+00 0.00000000e+00 0.00000000e+00]
 [1.73029197e-01 1.78632274e-01 0.00000000e+00 1.31493711e-01
  1.50517737e-01 5.28060614e-02 2.11389170e-02 0.00000000e+00
  1.42726515e-02 1.02450146e-01 1.30371702e-01 7.58617659e-03
  2.10169647e-02 2.30987567e-02 1.31670522e-01]
 [5.61518831e-02 1.29970041e-01 8.94816645e-02 0.00000000e+00
  7.50378890e-02 4.37967250e-01 0.00000000e+00 2.44760880e-01
  1.74993901e-01 7.45387840e-02 2.64806822e-02 5.05064572e-02
  2.87034263e-02 0.00000000e+00 9.53630977e-02]
 [1.65515762e-01 8.88592342e-02 2.75538570e-03 0.00000000e+00
  1.03379617e-01 2.62189462e-01 2.80282521e-02 6.36794580e-02
  1.49146820e-01 0.00000000e+00 2.52666557e-02 0.00000000e+00
  0.00000000e+00 0.00000000e+00 9.34791077e-02]
 [8.38853161e-02 9.65276374e-02 6.41904814e-02 1.75146235e-01
  1.08510569e-01 3.93931568e-02 0.00000000e+00 0.00000000e+00
  7.01877282e-03 6.29287520e-02 4.51590387e-02 0.00000000e+00
  3.57097213e-03 0.00000000e+00 7.27221960e-02]
 [2.75726105e-01 1.38777534e-01 1.12950287e-01 0.00000000e+00
  1.33089914e-01 8.78515446e-02 0.00000000e+00 1.45795337e-01
  9.13898815e-02 0.00000000e+00 8.67559168e-02 0.00000000e+00
  0.00000000e+00 0.00000000e+00 1.68871874e-01]
 [3.67841032e-01 3.62833972e-01 2.21999503e-01 3.32991858e-01
  8.61741400e-02 4.83650095e-03 0.00000000e+00 1.65380718e-02
  5.64747025e-02 1.15426207e-01 3.71913167e-02 9.34581313e-03
  0.00000000e+00 0.00000000e+00 6.72132068e-02]
 [5.34258396e-01 4.81970918e-01 3.21908723e-01 6.57218256e-01
  1.57018362e-01 1.31731443e-01 0.00000000e+00 7.81059704e-02
  1.45593165e-01 2.12683699e-01 0.00000000e+00 8.53411072e-02
  9.63469766e-02 0.00000000e+00 1.69122505e-01]
 [5.51606922e-01 3.29799787e-01 3.23803117e-01 3.14326120e-01
  1.20032875e-01 0.00000000e+00 0.00000000e+00 1.31915851e-01
  1.24159975e-01 8.15084712e-02 9.69591639e-03 0.00000000e+00
  0.00000000e+00 0.00000000e+00 8.49765214e-02]
 [4.56388652e-01 2.63869520e-01 3.03088929e-01 6.20982796e-01
  2.51604860e-01 4.06218857e-02 3.20238877e-02 0.00000000e+00
  1.53591327e-01 2.21122830e-01 1.06758767e-02 5.66139540e-02
  1.50289431e-01 0.00000000e+00 1.83687428e-01]
 [2.25374849e-01 1.68060232e-01 2.68897415e-01 4.61961416e-01
  1.83808644e-01 1.26716060e-01 5.93910442e-01 2.98218992e-01
  1.81253496e-01 2.53726246e-01 3.16625662e-01 1.52738014e-01
  1.96677574e-01 5.01825738e-01 1.53949122e-01]]

7
----------------------------------------------------------------------------------
[[1.19795153e-01 4.18913455e-02 9.41977442e-02 0.00000000e+00
  2.10509908e-01 2.45265358e-01 1.48844751e-01 1.31277440e-01
  3.97865980e-01]
 [1.91562944e-03 5.47335830e-02 4.23299417e-02 1.46213448e-02
  5.87355837e-02 9.80778130e-03 1.55584009e-01 4.14624076e-02
  1.75104997e-01]
 [6.77997019e-02 7.62711049e-02 9.60343355e-02 0.00000000e+00
  9.27855228e-02 4.44146339e-02 9.76647787e-02 1.15832770e-01
  1.64098239e-01]
 [0.00000000e+00 1.06422504e-01 1.42613759e-01 0.00000000e+00
  7.20463056e-02 2.63041345e-01 2.10602792e-01 1.87196403e-01
  4.17682883e-01]
 [0.00000000e+00 0.00000000e+00 0.00000000e+00 0.00000000e+00
  4.76346620e-02 7.14928615e-02 7.78770674e-02 3.47542821e-02
  7.03453585e-02]
 [5.52443982e-02 5.38449307e-02 1.21227022e-01 4.26439110e-02
  1.10985562e-01 6.90900721e-02 0.00000000e+00 1.25834231e-01
  2.30599076e-01]
 [2.71117096e-02 0.00000000e+00 3.11849213e-02 0.00000000e+00
  1.05557758e-01 2.57083899e-02 7.20009748e-02 3.78074453e-02
  4.43518118e-02]
 [0.00000000e+00 0.00000000e+00 0.00000000e+00 0.00000000e+00
  5.49348124e-02 1.78229659e-01 0.00000000e+00 1.57615638e-01
  5.24382003e-01]
 [4.40111727e-02 3.41646457e-02 5.72383240e-02 0.00000000e+00
  1.25380589e-01 4.88557383e-02 4.08577113e-02 7.82444221e-03
  3.35504389e-01]
 [0.00000000e+00 5.12215981e-04 5.23534517e-02 0.00000000e+00
  3.64071327e-02 1.38791667e-01 0.00000000e+00 1.86140838e-01
  2.70000172e-01]
 [0.00000000e+00 1.00888473e-02 0.00000000e+00 0.00000000e+00
  3.44211022e-02 9.81150071e-03 1.02183494e-02 1.24569249e-01
  6.64099300e-02]
 [1.93729383e-02 8.17555362e-02 4.87156863e-02 0.00000000e+00
  6.36220964e-02 4.58898596e-02 4.87823296e-04 5.46054934e-02
  3.69881059e-01]
 [0.00000000e+00 2.57260495e-02 0.00000000e+00 0.00000000e+00
  3.64254944e-02 1.63033635e-02 3.41412472e-03 7.36967957e-02
  9.01578173e-02]
 [4.48974752e-02 0.00000000e+00 7.25733398e-02 2.79297931e-02
  3.96938583e-02 8.56950636e-02 0.00000000e+00 0.00000000e+00
  1.12076920e-02]
 [1.79255738e-01 0.00000000e+00 2.70745861e-01 1.97202395e-02
  2.26712631e-01 1.43599832e-01 0.00000000e+00 1.70247599e-01
  2.66042791e-01]
 [6.93411805e-02 0.00000000e+00 1.07476085e-01 0.00000000e+00
  3.46487243e-02 1.39207146e-02 0.00000000e+00 5.69079950e-02
  9.92464381e-02]
 [9.74748674e-02 0.00000000e+00 3.77572650e-01 9.59336396e-02
  1.74865203e-01 1.70875445e-01 3.06870370e-02 1.45281757e-01
  1.99412716e-01]
 [2.14075094e-01 3.05273399e-01 1.31736441e-01 5.00119077e-01
  1.03108439e-01 2.25498201e-01 4.56105767e-01 1.08130884e-01
  1.14631361e-01]]