

1
----------------------------------------------------------------------------------
[[1.58556847e-01 4.55065081e-02 1.73148623e-01 1.76593503e-01
  1.44373890e-01 9.37229971e-02 1.84020563e-01 2.41559461e-01
  1.94417720e-01 2.07911825e-01 2.67438089e-01 1.70177790e-01
  1.51645330e-01 0.00000000e+00 0.00000000e+00]
 [7.04594074e-02 0.00000000e+00 0.00000000e+00 1.33797868e-02
  0.00000000e+00 0.00000000e+00 9.78247019e-02 5.96507261e-02
  6.46889823e-02 1.91646679e-01 0.00000000e+00 4.95650905e-03
  3.35637523e-02 0.00000000e+00 0.00000000e+00]
 [1.58890755e-01 0.00000000e+00 7.36964013e-02 1.63612285e-01
  0.00000000e+00 0.00000000e+00 1.55638132e-01 1.58985338e-01
  1.82103449e-01 1.98423994e-01 2.78347180e-02 8.79142964e-04
  0.00000000e+00 0.00000000e+00 7.69774388e-03]
 [1.84287248e-01 1.75531651e-01 5.76914213e-02 2.84616431e-01
  1.83664399e-01 1.78914007e-01 0.00000000e+00 2.64959278e-01
  5.58051641e-02 2.05580632e-01 2.32083442e-01 2.56881482e-01
  7.36582197e-02 0.00000000e+00 0.00000000e+00]
 [5.30123231e-02 0.00000000e+00 0.00000000e+00 1.77391748e-02
  4.58837451e-02 0.00000000e+00 1.71975366e-04 2.71279328e-02
  6.02721110e-02 9.17414328e-02 5.10407430e-02 6.55648355e-02
  1.78383609e-02 0.00000000e+00 0.00000000e+00]
 [8.94256810e-02 0.00000000e+00 8.70660014e-02 1.23613585e-01
  0.00000000e+00 7.14204051e-02 2.63874789e-02 1.29769456e-01
  1.65906224e-01 2.61137880e-01 1.23716823e-01 0.00000000e+00
  3.96509573e-02 5.19040175e-02 6.94144444e-02]
 [5.55369270e-02 0.00000000e+00 6.16741595e-03 0.00000000e+00
  0.00000000e+00 3.81938469e-02 6.40831007e-02 3.93333603e-02
  4.05821167e-02 1.08910635e-01 2.75982929e-02 0.00000000e+00
  1.22967561e-02 0.00000000e+00 0.00000000e+00]
 [6.41434538e-02 2.34792952e-01 1.47506656e-01 1.54836717e-01
  2.24091306e-01 1.47858602e-01 1.80341250e-02 1.60199587e-01
  6.71978226e-02 1.06658875e-01 2.23101454e-01 1.19654587e+00
  4.65925271e-02 0.00000000e+00 0.00000000e+00]
 [1.53163952e-01 7.61751976e-01 1.47953251e-01 1.82451174e-01
  1.46375753e-01 0.00000000e+00 6.59950371e-02 3.44284296e-02
  6.98797781e-02 1.66815598e-01 0.00000000e+00 2.29876127e+00
  1.22266220e-01 0.00000000e+00 0.00000000e+00]
 [2.15142460e-01 2.22729713e-01 1.30780016e-01 3.69859457e-01
  0.00000000e+00 1.89470224e-01 3.67451416e-02 4.47292365e-02
  1.62916234e-01 3.22680814e-01 3.80241565e-02 8.52176366e-02
  4.65104579e-02 4.15420778e-02 1.11712862e-01]
 [8.62892651e-02 5.81760069e-01 1.01725122e-01 1.15197143e-01
  0.00000000e+00 3.65436020e-03 0.00000000e+00 2.37588008e-02
  6.58548201e-02 1.89701460e-01 4.11473641e-01 1.56735597e+00
  0.00000000e+00 1.29491675e-02 0.00000000e+00]
 [1.12147225e-01 5.13517427e-01 2.78064313e-01 1.43648843e-01
  1.51593400e-01 2.06133061e-02 4.61223493e-02 1.76788273e-01
  3.63694966e-02 1.37389039e-01 1.31314407e-03 1.38396187e+00
  8.51665475e-02 0.00000000e+00 1.98767200e-02]
 [4.19446454e-02 4.38465298e-02 1.19382176e-01 6.37443963e-02
  0.00000000e+00 2.36746793e-02 0.00000000e+00 0.00000000e+00
  3.30233589e-02 1.50859245e-01 5.27714591e-02 5.35130745e-01
  0.00000000e+00 2.27550158e-02 0.00000000e+00]
 [0.00000000e+00 6.62742709e-02 1.32142973e-01 9.12946725e-02
  1.09890680e-01 1.10907203e-01 0.00000000e+00 0.00000000e+00
  2.95272467e-03 1.24453735e-01 1.86695677e-02 7.36084566e-02
  0.00000000e+00 0.00000000e+00 0.00000000e+00]
 [1.32233693e-01 4.96995522e-04 2.15857880e-01 1.67260815e-01
  1.10824727e-01 2.60227525e-01 4.32867424e-03 0.00000000e+00
  4.03781480e-02 2.51348912e-01 2.19111946e-01 1.39023321e-01
  3.97311547e-02 9.26296565e-02 1.56513755e-01]
 [0.00000000e+00 0.00000000e+00 1.91556822e-01 1.81468878e-01
  6.25512767e-02 1.42239942e-01 0.00000000e+00 0.00000000e+00
  1.39249274e-02 1.25125308e-01 0.00000000e+00 4.28453250e-02
  0.00000000e+00 1.02607530e-01 0.00000000e+00]
 [2.58156383e-01 4.81610535e-02 2.88483088e-01 4.08639492e-01
  3.34928413e-01 2.42245537e-01 1.32387648e-01 2.00628129e-01
  7.62829279e-02 2.75670957e-01 3.66636400e-02 1.80749217e-01
  6.70997997e-02 0.00000000e+00 0.00000000e+00]
 [3.11680912e-01 3.40015274e-01 1.72833137e-01 2.77206058e-01
  4.36074627e-01 2.71209641e-01 3.53366352e-01 3.02024557e-01
  1.95905917e-01 1.39828852e-01 2.48123578e-01 2.90721309e-01
  2.98813716e-01 3.40189117e-01 2.87522358e-01]]

2
----------------------------------------------------------------------------------
[[0.05495292 0.41289617 0.         0.19888918 0.21786589 0.15582573
  0.         0.08143095 0.21297283 0.06429367 0.04509004 0.1114723
  0.36928394 0.24059061 0.        ]
 [0.23306832 0.13268408 0.         0.         0.13302173 0.00214247
  0.         0.03715733 0.00886493 0.03330156 0.06175224 0.08181843
  0.         0.         0.        ]
 [0.48397882 0.         0.         0.14556275 0.11881341 0.02591126
  0.         0.0905954  0.         0.10190484 0.25923959 0.31166822
  0.         0.14690101 0.        ]
 [0.         0.42088502 0.         0.11908436 0.24482769 0.18826909
  0.         0.2380159  0.17999999 0.08927278 0.07098048 0.11793312
  0.20449134 0.         0.13240599]
 [0.00913455 0.14120692 0.         0.02307685 0.04921257 0.01624557
  0.         0.07941795 0.06046754 0.         0.00456476 0.02698837
  0.         0.         0.        ]
 [0.39928919 0.         0.05954864 0.08409925 0.13235275 0.04883614
  0.03464294 0.09276701 0.09541789 0.07090634 0.15547876 0.3821929
  0.         0.08726068 0.        ]
 [0.169774   0.         0.         0.         0.00594955 0.
  0.         0.05470841 0.04555568 0.         0.08047893 0.11842872
  0.         0.         0.        ]
 [0.         0.37035987 0.         0.20033065 0.26603113 0.15849446
  0.         0.32906685 0.20908032 0.08328291 0.05350672 0.15559077
  0.30131339 0.         0.13856568]
 [0.         0.234841   0.         0.16828723 0.20452716 0.06514087
  0.         0.21299522 0.13482292 0.04871974 0.         0.05481737
  0.18445666 0.         0.07112546]
 [0.3907301  0.         0.         0.28575922 0.15144594 0.25352462
  0.22048405 0.09062105 0.08424928 0.29948337 0.29148473 0.41547453
  0.         0.13841098 0.        ]
 [0.18861772 0.         0.         0.08710654 0.02288668 0.
  0.01327368 0.         0.         0.         0.12801578 0.2647749
  0.         0.05220149 0.        ]
 [0.         0.2580576  0.         0.14841565 0.13097647 0.10885028
  0.         0.13444349 0.06409161 0.03278732 0.         0.06103874
  0.16126491 0.         0.05024791]
 [0.20072517 0.         0.         0.01698946 0.03614348 0.
  0.         0.03596033 0.         0.00253629 0.12382955 0.23104769
  0.         0.11915917 0.03950791]
 [0.01907493 0.0282413  0.         0.02492714 0.0645833  0.07825287
  0.00414822 0.07828669 0.04507743 0.11564538 0.         0.07838367
  0.05143811 0.         0.08492536]
 [0.04488051 0.         0.11924651 0.26548913 0.29270394 0.19911405
  0.05579888 0.30376713 0.40120291 0.13840967 0.18322658 0.15703781
  0.20850436 0.21723575 0.25627603]
 [0.11197206 0.         0.         0.06978369 0.07289424 0.10481042
  0.         0.01691921 0.01677957 0.13260661 0.11715135 0.34068194
  0.05566559 0.26866346 0.22116997]
 [0.1433228  0.12790873 0.         0.18352142 0.15610305 0.15342642
  0.08637441 0.40603638 0.37415896 0.24765161 0.26831529 0.22556476
  0.24081706 0.         0.00577127]
 [0.2907985  0.35885499 0.39546848 0.16520129 0.1572538  0.10928008
  0.32753816 0.1624571  0.15738774 0.15273375 0.20785358 0.12845555
  0.26544539 0.42497006 0.46893816]]

3
----------------------------------------------------------------------------------
[[7.08598665e-01 1.99277511e+00 4.36235323e+00 5.52162551e+00
  4.44815077e+00 3.33331536e+00 1.40704895e+00 7.42071811e-01
  6.09026593e-01 0.00000000e+00 0.00000000e+00 0.00000000e+00
  4.20686937e-02 0.00000000e+00 1.31532885e-01]
 [4.23166090e-01 2.79715229e+00 7.68539743e+00 1.84013249e+01
  6.86445449e+00 3.54991141e+00 1.83604095e+00 6.50691626e-01
  1.56606792e-01 0.00000000e+00 3.47219812e-02 2.53815550e-02
  1.95525546e-01 0.00000000e+00 0.00000000e+00]
 [3.68989193e-01 1.45447510e+00 3.60677030e+00 6.15774689e+00
  2.18203017e+00 1.39611660e+00 4.76962796e-01 3.99969209e-01
  1.46364209e-01 4.42588804e-02 1.14988570e-01 0.00000000e+00
  4.21249777e-01 0.00000000e+00 0.00000000e+00]
 [9.92445457e-01 3.00382741e+00 6.22082121e+00 7.46016495e+00
  4.10931451e+00 2.63209480e+00 1.69308153e+00 3.34048914e-01
  5.50988389e-01 2.24989314e-02 0.00000000e+00 6.76923225e-02
  3.51121768e-02 0.00000000e+00 1.99488248e-01]
 [8.45099288e-01 2.72662544e+00 6.05169662e+00 5.71990600e+00
  3.85859011e+00 2.27378087e+00 9.80395642e-01 1.92242749e-01
  3.44294581e-01 0.00000000e+00 0.00000000e+00 2.31685769e-02
  5.80641171e-02 0.00000000e+00 4.89012705e-02]
 [9.07258246e-01 2.79059405e+00 7.56363612e+00 9.48355058e+00
  3.04483844e+00 2.48697056e+00 9.92646456e-01 6.51314539e-01
  1.92488577e-01 3.08061452e-01 1.93531913e-01 0.00000000e+00
  3.37556998e-01 0.00000000e+00 0.00000000e+00]
 [9.69853705e-01 3.32222831e+00 8.66893376e+00 1.02051322e+01
  3.75174889e+00 2.79752180e+00 1.10153159e+00 4.42678618e-01
  2.49061005e-01 0.00000000e+00 6.40159655e-02 0.00000000e+00
  3.21293696e-01 0.00000000e+00 0.00000000e+00]
 [1.41557506e-01 1.23973724e-01 3.54752774e-01 5.27965201e-01
  8.84918421e-01 7.01447023e-01 7.40643297e-01 2.83422674e-01
  4.84895417e-01 1.11706975e-01 1.02772844e-01 6.24562649e-02
  1.06366421e-02 0.00000000e+00 1.93781299e-01]
 [1.16105355e-01 1.35570234e-01 4.98349078e-01 7.54116950e-01
  3.69204580e-01 3.67842682e-01 7.52324204e-02 2.53249467e-01
  2.13545679e-01 1.19803238e-02 0.00000000e+00 9.06716137e-02
  0.00000000e+00 0.00000000e+00 8.96062923e-02]
 [1.88846863e-04 2.91398184e-01 1.63567534e+00 2.05816951e+00
  9.16189711e-01 1.30635496e+00 5.16501764e-01 5.25790352e-01
  2.75668644e-01 5.18310298e-01 2.90592955e-01 6.83963788e-04
  3.00018236e-01 0.00000000e+00 0.00000000e+00]
 [5.86550735e-02 3.42009414e-01 7.75673682e-01 5.75441348e-01
  2.95397022e-01 4.25403944e-01 0.00000000e+00 3.82427338e-02
  0.00000000e+00 1.01929133e-01 6.63436497e-02 0.00000000e+00
  1.99846081e-01 0.00000000e+00 0.00000000e+00]
 [5.64125494e-02 2.94034065e-01 4.74474677e-01 7.52287590e-01
  4.19246416e-01 2.84425135e-01 3.54747018e-02 2.99467624e-01
  2.24759466e-01 0.00000000e+00 0.00000000e+00 1.99899948e-01
  3.42056315e-02 0.00000000e+00 4.78471154e-02]
 [0.00000000e+00 2.10876335e-01 1.43101457e+00 1.93207704e+00
  8.52274964e-01 3.01349335e-01 0.00000000e+00 0.00000000e+00
  0.00000000e+00 1.56470069e-01 8.48402107e-02 0.00000000e+00
  1.68755571e-01 0.00000000e+00 0.00000000e+00]
 [0.00000000e+00 3.91693448e-01 7.17556373e-01 1.35698308e+00
  7.85470897e-01 5.54418958e-01 0.00000000e+00 8.67531362e-02
  1.53541295e-01 1.18071060e-01 0.00000000e+00 1.04852255e-02
  7.58208476e-02 8.39874717e-02 0.00000000e+00]
 [0.00000000e+00 5.17711058e-01 8.40969487e-01 1.40108916e+00
  1.12615482e+00 7.40683321e-01 4.78914458e-02 3.40071990e-01
  2.86013305e-01 4.83795302e-01 1.39270012e-01 1.43295603e-01
  1.97979752e-01 1.75180873e-01 4.83330411e-02]
 [0.00000000e+00 3.16861708e-01 8.72927351e-01 1.31239548e+00
  9.29160610e-01 3.13771235e-01 0.00000000e+00 0.00000000e+00
  1.49719433e-01 1.32502409e-01 1.09237979e-01 0.00000000e+00
  1.00281221e-01 8.50318135e-02 0.00000000e+00]
 [0.00000000e+00 5.85824100e-01 6.06154369e-01 1.30149243e+00
  7.40838990e-01 5.60465098e-01 2.28897799e-01 4.42294771e-01
  3.46456730e-01 7.55070343e-02 2.69845288e-01 2.00811976e-01
  4.80471562e-02 7.15827581e-02 1.29450631e-02]
 [3.94223069e-01 3.15218165e-01 1.53739469e-01 3.48037518e-01
  3.84213229e-01 1.72046112e-01 5.11051250e-01 2.75832388e-01
  2.11609116e-01 3.61249700e-01 3.38109371e-01 3.75871244e-01
  1.80039019e-01 4.04528377e-01 2.53626636e-01]]

4
----------------------------------------------------------------------------------
[[0.23484261 0.21808234 0.35614727 0.19685512 0.08516226 0.4130424
  0.16484539 0.08843509 0.5547655  0.2938925  0.38062984 0.72741938
  0.39661206 0.35339713 0.05222707]
 [0.24163399 0.06116314 0.12037743 0.10443736 0.04133705 0.26841952
  0.0764618  0.05684862 0.15360002 0.1460465  0.22244051 0.21030454
  0.30904117 0.         0.        ]
 [0.23750318 0.3195711  0.20544305 0.         0.         0.1868024
  0.37988835 0.         0.18652326 0.27790001 0.28587141 0.17433545
  0.21224081 0.         0.        ]
 [0.11789989 0.01390289 0.21462004 0.11821998 0.01553643 0.2939892
  0.09912477 0.         0.33680677 0.1635313  0.21043521 0.42701031
  0.         0.         0.07846945]
 [0.19792071 0.         0.1314989  0.         0.05236716 0.05438537
  0.07956081 0.         0.08907758 0.07121001 0.07860949 0.15424456
  0.06845876 0.         0.        ]
 [0.08538806 0.04671337 0.         0.         0.         0.1239842
  0.30960712 0.         0.09150083 0.28610355 0.30501343 0.14458156
  0.         0.         0.        ]
 [0.14335809 0.         0.         0.         0.         0.04746441
  0.16891153 0.         0.04371113 0.10373193 0.09159268 0.
  0.07438018 0.         0.        ]
 [0.09670481 0.1600154  0.26055507 0.18593519 0.06146719 0.24356848
  0.         0.02992081 0.11922116 0.00225874 0.16066448 0.25744971
  0.         0.         0.        ]
 [0.11514651 0.10367437 0.16078238 0.07702858 0.01840666 0.18392666
  0.         0.15894324 0.13598609 0.         0.08271654 0.20363656
  0.         0.         0.        ]
 [0.31911477 0.07006627 0.19961811 0.11777329 0.         0.22436376
  0.35897941 0.17936085 0.33058079 0.19299527 0.21783099 0.31342228
  0.31320099 0.         0.12610137]
 [0.09240534 0.         0.01669043 0.         0.         0.03971153
  0.1729357  0.         0.         0.06444262 0.06140913 0.01618083
  0.09773933 0.         0.        ]
 [0.14657126 0.08280542 0.03788109 0.10098067 0.10344535 0.21982628
  0.         0.07308197 0.11369715 0.         0.06271611 0.1661649
  0.01564137 0.         0.        ]
 [0.11868938 0.         0.         0.         0.         0.06706065
  0.13403863 0.02667432 0.         0.08932308 0.01210428 0.02999048
  0.00233113 0.         0.        ]
 [0.         0.08993199 0.04347063 0.0421439  0.13367541 0.14735362
  0.         0.05716095 0.02316555 0.04421637 0.06483683 0.10860446
  0.         0.16940163 0.10713241]
 [0.12166549 0.07319675 0.11040462 0.06023529 0.22703633 0.21874426
  0.06319224 0.11462126 0.14950458 0.03715983 0.22146004 0.41743594
  0.24692073 0.3163877  0.16585542]
 [0.07979683 0.         0.01302688 0.08377138 0.04236866 0.10034677
  0.20956251 0.         0.067444   0.02313838 0.         0.12370041
  0.         0.13497347 0.2749406 ]
 [0.         0.18638707 0.1697262  0.04878339 0.17657    0.24382795
  0.         0.06437481 0.2295981  0.04064731 0.18472128 0.22080881
  0.06915685 0.26826581 0.26703387]
 [0.34324693 0.14621807 0.14046352 0.35513294 0.31010623 0.07078251
  0.33187759 0.4243597  0.11674637 0.28667703 0.19158779 0.12362687
  0.31653018 0.63575953 0.48789479]]

5
----------------------------------------------------------------------------------
[[7.46941592e-01 7.45849749e-01 3.32536110e-01 1.18583734e-01
  0.00000000e+00 2.51304274e-02 2.24617815e-01 4.11189862e-01
  2.86162626e-01 2.27577553e-01 2.12618629e+00 3.67710122e+00
  2.14362142e+00 9.42222362e-01 8.58717464e-01]
 [2.42248054e-01 3.82884208e-01 5.82252814e-02 2.65723478e-01
  0.00000000e+00 0.00000000e+00 2.02879405e-01 2.04663756e-01
  1.72710963e-01 2.50119626e-01 8.91116626e+00 9.16887376e+00
  4.49338122e+00 1.05137255e+00 8.23177319e-01]
 [5.94441877e-01 3.32168944e-01 8.49758658e-02 5.75571936e-01
  0.00000000e+00 0.00000000e+00 4.06414161e-01 5.91712726e-01
  6.72379168e-02 3.29028968e-01 5.41917307e+00 5.74719808e+00
  1.47991255e+00 4.82859348e-01 4.60925852e-01]
 [4.73276556e-01 6.74876147e-01 0.00000000e+00 1.38137262e-02
  0.00000000e+00 5.65375962e-02 3.50191589e-01 4.85125488e-01
  5.16661999e-01 2.66150139e-01 2.78998594e+00 5.17662544e+00
  2.88953233e+00 7.79437869e-01 1.30505579e+00]
 [4.09412819e-01 3.30826609e-01 1.28649383e-01 9.93127466e-02
  0.00000000e+00 0.00000000e+00 2.29985282e-01 3.23514090e-01
  2.89890895e-01 9.18299304e-02 6.78092144e+00 7.84709271e+00
  4.13560745e+00 1.16567470e+00 1.40919318e+00]
 [6.15855989e-01 5.04167937e-01 3.03813850e-02 1.43457701e-01
  0.00000000e+00 0.00000000e+00 4.32685726e-01 3.88723585e-01
  2.75820947e-01 2.02148725e+00 9.47344949e+00 1.07188671e+01
  2.33964212e+00 8.14428820e-01 1.15522444e+00]
 [3.86789948e-01 2.11824986e-01 1.55122958e-01 1.53510458e-01
  0.00000000e+00 0.00000000e+00 2.04746892e-01 2.82706798e-01
  3.47787226e-02 7.95839308e-01 8.73900971e+00 6.95403771e+00
  3.15069774e+00 1.03133176e+00 1.24178955e+00]
 [3.84028939e-01 1.74802543e-01 1.25886031e-02 7.97568998e-02
  3.16075444e-02 1.09267682e-01 3.47366016e-02 2.66083423e-01
  1.54758295e-01 0.00000000e+00 2.01828907e-01 4.38463041e-01
  1.73625830e-01 9.74331811e-02 8.43025778e-02]
 [1.70718819e-01 1.71831264e-01 4.57610917e-02 9.89550466e-02
  7.61378595e-02 0.00000000e+00 0.00000000e+00 1.57111546e-01
  1.05061233e-01 1.01485045e-01 6.16367937e-01 8.83175016e-01
  1.94498588e-01 1.92392558e-01 5.32160710e-02]
 [2.82925299e-01 3.37297159e-01 0.00000000e+00 3.11574269e-01
  2.20527681e-03 6.33307837e-02 8.69535729e-02 8.96492364e-02
  0.00000000e+00 0.00000000e+00 4.77944978e-01 6.53588175e-01
  2.43894372e-01 4.31145288e-01 0.00000000e+00]
 [9.44475989e-02 1.29525129e-01 0.00000000e+00 1.57829099e-01
  0.00000000e+00 0.00000000e+00 1.81055218e-02 3.46551693e-02
  0.00000000e+00 0.00000000e+00 4.49345358e-01 1.63139394e+00
  1.14036236e-01 1.67850655e-01 7.30351363e-02]
 [1.69737422e-01 8.37801313e-02 0.00000000e+00 1.49776950e-01
  0.00000000e+00 0.00000000e+00 0.00000000e+00 4.45496924e-02
  2.70174533e-02 6.80110871e-02 7.96498184e-01 9.80336908e-01
  9.77174542e-02 1.27373317e-01 7.08641328e-02]
 [9.05055205e-02 8.41597635e-02 0.00000000e+00 1.80820321e-01
  0.00000000e+00 0.00000000e+00 0.00000000e+00 0.00000000e+00
  0.00000000e+00 0.00000000e+00 4.60085728e-01 8.06068294e-01
  2.70279593e-01 2.43050465e-01 9.01508275e-02]
 [8.94768056e-02 3.03081484e-02 2.29887523e-01 2.25525953e-01
  6.97491434e-02 5.29742275e-02 0.00000000e+00 0.00000000e+00
  9.51843553e-02 2.27585464e-01 1.07153543e+00 1.30441340e+00
  2.43540495e-01 2.89936314e-01 1.07329612e-01]
 [2.67821521e-01 4.88466266e-02 2.68733718e-01 5.25262685e-01
  7.63214185e-02 2.76915011e-01 5.14056641e-02 0.00000000e+00
  1.33191946e-01 2.63860831e-01 1.13958805e+00 1.70002785e+00
  3.75262835e-01 5.03200530e-01 2.24934834e-01]
 [0.00000000e+00 4.36295416e-02 0.00000000e+00 2.66947194e-01
  3.59330950e-02 6.71586026e-02 0.00000000e+00 0.00000000e+00
  3.14308878e-02 1.35245203e-01 9.29608667e-01 1.38339216e+00
  3.46201924e-01 3.59897131e-01 2.54805728e-01]
 [2.13376829e-01 1.40649337e-01 0.00000000e+00 2.16505937e-01
  1.41517478e-01 1.96059702e-01 0.00000000e+00 5.65994283e-02
  2.20291026e-02 1.86075626e-01 1.24899618e+00 1.57364472e+00
  3.53218581e-01 2.04573503e-01 8.13549739e-02]
 [1.72883412e-01 2.17343070e-01 3.66430416e-01 2.59768295e-01
  3.87187170e-01 3.34065649e-01 2.22511535e-01 3.10298129e-01
  3.41198854e-01 4.92204355e-01 5.19642017e-01 2.44445827e-01
  3.36615812e-01 2.29489596e-01 3.08119180e-01]]

6
----------------------------------------------------------------------------------
[[0.75659706 0.17969308 0.64642172 0.35279297 0.29863262 0.02003945
  0.2593083  0.23383188 0.1229018  0.34495454 0.27545271 0.01947597
  0.34610542 0.2017601  0.        ]
 [0.3245242  0.17490146 0.29261692 0.06947294 0.22410759 0.02343444
  0.11396033 0.14168919 0.         0.13558568 0.2073658  0.08166832
  0.26984095 0.09486519 0.00830549]
 [0.38904451 0.03205462 0.22363825 0.         0.23932542 0.02355582
  0.08637255 0.23868529 0.23164087 0.28481666 0.20671502 0.1633846
  0.37454929 0.03104357 0.01035389]
 [0.54043028 0.19909884 0.43355782 0.03072065 0.36112293 0.00668114
  0.44114262 0.3084504  0.         0.2896077  0.1625779  0.02371049
  0.15951735 0.18098425 0.24123182]
 [0.38069998 0.         0.27701678 0.         0.15825718 0.
  0.20040625 0.2255491  0.         0.12552859 0.10141832 0.
  0.15293082 0.0298903  0.03967344]
 [0.89175789 0.0572658  0.39260521 0.         0.11991685 0.20711744
  0.20011253 0.29988901 0.35351733 0.28901228 0.         0.07377266
  0.13895405 0.         0.        ]
 [0.60929226 0.         0.1928265  0.         0.00974667 0.
  0.15607605 0.19370039 0.06236184 0.10135187 0.06606625 0.0763089
  0.10692279 0.         0.02087651]
 [0.         0.         0.11592527 0.         0.28870588 0.
  0.25514741 0.37173432 0.06055125 0.3104834  0.16054773 0.
  0.10070569 0.13843117 0.08567202]
 [0.         0.         0.06098019 0.         0.1204547  0.
  0.16673553 0.2993641  0.01094518 0.20752224 0.14163945 0.04358903
  0.10254726 0.01818321 0.06937137]
 [0.03359126 0.         0.55297523 0.27183311 0.22992545 0.38823758
  0.03259475 0.30660457 0.1968883  0.31933091 0.         0.12144422
  0.16277388 0.         0.        ]
 [0.         0.         0.1345384  0.         0.11814598 0.07362888
  0.01529829 0.1266332  0.0711888  0.10588607 0.         0.
  0.18233684 0.         0.        ]
 [0.         0.         0.09595509 0.04501846 0.0918448  0.
  0.11617379 0.23652108 0.01174237 0.14298909 0.18737136 0.05832422
  0.06249378 0.06930391 0.        ]
 [0.         0.         0.20126649 0.         0.16062957 0.16672327
  0.         0.09314216 0.         0.17198443 0.         0.01186061
  0.1657785  0.         0.        ]
 [0.21446727 0.         0.11110088 0.06839849 0.15478002 0.
  0.         0.07220869 0.07096844 0.09262594 0.06419813 0.06107511
  0.         0.         0.0302489 ]
 [0.13177287 0.09062614 0.11204725 0.26537952 0.22243538 0.02702236
  0.         0.22679076 0.36727019 0.16706361 0.02043813 0.13638339
  0.01042112 0.         0.04266418]
 [0.0267456  0.08746307 0.28245508 0.05956407 0.23963575 0.10990621
  0.         0.12829264 0.         0.34914898 0.         0.0311817
  0.06542936 0.         0.        ]
 [0.21255577 0.         0.21565516 0.19091252 0.15703567 0.
  0.11552344 0.41352528 0.44650633 0.10186707 0.06144263 0.14840781
  0.         0.         0.06590512]
 [0.31974807 0.43627002 0.09517569 0.29520038 0.13177954 0.27602094
  0.2387247  0.25912114 0.20546298 0.1082684  0.3904635  0.16310519
  0.41872472 0.57079045 0.35248591]]

7
----------------------------------------------------------------------------------
[[0.17695856 0.         0.13636174 0.06675571 0.27460962 0.13015084
  0.06259785 0.21816393 0.10149431 0.22010061]
 [0.05626989 0.         0.         0.04724544 0.13010288 0.08897502
  0.         0.05304326 0.         0.01506579]
 [0.06457374 0.         0.02192219 0.17616185 0.15793919 0.16386581
  0.05200318 0.17990415 0.         0.10669391]
 [0.12962015 0.         0.         0.02298361 0.14855168 0.15175294
  0.07822622 0.21138619 0.02800156 0.15719701]
 [0.06061453 0.         0.         0.00848953 0.12772254 0.0402876
  0.         0.11486676 0.         0.01826695]
 [0.10609259 0.         0.09493148 0.17122951 0.15245684 0.10454162
  0.         0.23019768 0.04507658 0.1698312 ]
 [0.01576039 0.         0.         0.         0.12394169 0.04568903
  0.         0.12158851 0.         0.        ]
 [0.03887642 0.002247   0.         0.04422647 0.28965909 0.11751897
  0.08502197 0.10498664 0.03203828 0.23959393]
 [0.0338934  0.         0.0095375  0.05428146 0.26234346 0.10426712
  0.1103544  0.16059912 0.         0.06018265]
 [0.         0.         0.08886648 0.18455801 0.25542698 0.21520046
  0.         0.13515515 0.         0.38363374]
 [0.         0.         0.05877639 0.04360662 0.09513987 0.03989836
  0.         0.14143398 0.         0.01220974]
 [0.0962339  0.         0.         0.0263022  0.20348681 0.05030256
  0.0518777  0.08377478 0.02576375 0.16994383]
 [0.         0.         0.05017163 0.05454401 0.07385279 0.06813721
  0.         0.11691468 0.         0.        ]
 [0.02886529 0.04812725 0.         0.01376602 0.08165067 0.10362786
  0.14200307 0.01235537 0.         0.11186494]
 [0.02738797 0.         0.27463147 0.20759939 0.10759295 0.29771332
  0.22389139 0.02313317 0.1692547  0.35563127]
 [0.         0.         0.01046638 0.03653085 0.02527839 0.0762368
  0.         0.         0.11288832 0.09969013]
 [0.23299629 0.00911508 0.07320458 0.14421699 0.21785008 0.22429321
  0.22877522 0.10168424 0.07282475 0.4465888 ]
 [0.30874659 0.43040614 0.24356038 0.12219374 0.15592502 0.09394306
  0.22356166 0.29535622 0.20732819 0.14937472]]