

1
----------------------------------------------------------------------------------
[[2.24652506e-01 1.29033712e-01 3.91155242e-01 2.02320434e-01
  3.68203131e-01 1.27105527e-01 0.00000000e+00 0.00000000e+00
  3.99483465e-01 0.00000000e+00 2.38021410e-01 3.74134612e-01
  0.00000000e+00 4.09666263e-01 2.00517513e-01]
 [0.00000000e+00 0.00000000e+00 8.84416244e-02 1.59861251e-02
  1.81016640e-01 0.00000000e+00 0.00000000e+00 0.00000000e+00
  9.74911571e-02 0.00000000e+00 1.92112717e-01 0.00000000e+00
  0.00000000e+00 1.09867149e-01 1.07405090e-01]
 [1.96455950e-02 0.00000000e+00 0.00000000e+00 1.27697111e-01
  1.77345891e-01 0.00000000e+00 4.28042896e-02 9.46000520e-02
  4.81759442e-04 0.00000000e+00 3.11784986e-01 0.00000000e+00
  0.00000000e+00 6.56598248e-02 8.84519551e-02]
 [9.21637656e-03 0.00000000e+00 2.42134431e-01 7.80564340e-02
  3.46960127e-01 0.00000000e+00 1.18171920e-02 0.00000000e+00
  1.95739359e-01 0.00000000e+00 1.37452160e-01 5.93834111e-02
  1.32206216e-02 5.00727598e-02 1.70572586e-01]
 [0.00000000e+00 0.00000000e+00 8.90128527e-02 0.00000000e+00
  2.46167770e-01 0.00000000e+00 0.00000000e+00 2.53280250e-02
  8.50612206e-02 0.00000000e+00 1.32095638e-01 0.00000000e+00
  0.00000000e+00 8.76849163e-02 7.11590037e-02]
 [7.71345790e-02 0.00000000e+00 0.00000000e+00 2.07164727e-01
  8.32955287e-02 0.00000000e+00 0.00000000e+00 1.20980558e-01
  0.00000000e+00 0.00000000e+00 1.60131496e-01 0.00000000e+00
  0.00000000e+00 5.29487669e-02 1.02006594e-01]
 [0.00000000e+00 0.00000000e+00 0.00000000e+00 5.49784702e-02
  9.91253447e-02 0.00000000e+00 0.00000000e+00 4.60614634e-02
  0.00000000e+00 0.00000000e+00 9.85495306e-02 0.00000000e+00
  0.00000000e+00 4.83667818e-03 3.73044732e-02]
 [0.00000000e+00 0.00000000e+00 2.29385122e-01 9.76629889e-02
  3.14623849e-01 0.00000000e+00 0.00000000e+00 0.00000000e+00
  3.21082376e-01 4.55897437e-02 7.08698720e-03 7.59710829e-02
  0.00000000e+00 1.09142351e-01 1.42152819e-01]
 [0.00000000e+00 0.00000000e+00 8.85827981e-02 6.60219398e-02
  3.79039803e-01 0.00000000e+00 0.00000000e+00 0.00000000e+00
  1.24463402e-01 1.27163732e-01 0.00000000e+00 4.28540399e-04
  0.00000000e+00 2.58959488e-01 1.00725098e-01]
 [0.00000000e+00 0.00000000e+00 0.00000000e+00 2.71569086e-01
  1.19196858e-01 0.00000000e+00 4.51038461e-02 1.02555046e-01
  0.00000000e+00 0.00000000e+00 1.89578957e-01 0.00000000e+00
  0.00000000e+00 1.45327786e-01 1.41589418e-02]
 [0.00000000e+00 0.00000000e+00 0.00000000e+00 1.79502362e-01
  1.32770191e-01 0.00000000e+00 1.00451787e-01 3.81475352e-02
  0.00000000e+00 0.00000000e+00 1.02886655e-02 0.00000000e+00
  0.00000000e+00 3.86913959e-01 4.47426298e-03]
 [0.00000000e+00 0.00000000e+00 4.62545230e-02 1.10039288e-01
  3.89286783e-01 0.00000000e+00 0.00000000e+00 0.00000000e+00
  1.92798524e-01 9.17231592e-02 4.19618407e-03 2.30619142e-02
  0.00000000e+00 2.20089785e-01 8.37920464e-02]
 [0.00000000e+00 0.00000000e+00 0.00000000e+00 1.74938380e-01
  4.30789352e-02 0.00000000e+00 5.30522948e-02 7.48076855e-02
  0.00000000e+00 0.00000000e+00 0.00000000e+00 0.00000000e+00
  0.00000000e+00 1.94495279e-01 8.09562602e-03]
 [0.00000000e+00 0.00000000e+00 0.00000000e+00 1.11933711e-01
  6.07648442e-02 0.00000000e+00 2.44802741e-02 7.42374426e-02
  9.42086542e-02 7.50814114e-02 0.00000000e+00 0.00000000e+00
  0.00000000e+00 0.00000000e+00 1.52974188e-01]
 [1.25931732e-01 0.00000000e+00 0.00000000e+00 3.30011607e-01
  2.05792998e-01 0.00000000e+00 6.53456766e-02 1.56408940e-01
  3.11441318e-01 9.38315660e-02 1.10049713e-01 0.00000000e+00
  1.36139634e-02 1.45836782e-01 3.82511037e-01]
 [0.00000000e+00 0.00000000e+00 0.00000000e+00 2.42655016e-01
  0.00000000e+00 0.00000000e+00 3.40631901e-02 1.10411550e-01
  0.00000000e+00 0.00000000e+00 0.00000000e+00 0.00000000e+00
  0.00000000e+00 2.17161287e-02 6.22028949e-02]
 [0.00000000e+00 1.52156951e-01 2.19535585e-02 1.73653503e-01
  5.39256083e-01 0.00000000e+00 3.65767952e-01 1.40344113e-01
  2.68065279e-01 3.31155809e-01 2.32783226e-01 5.19076819e-02
  8.29107003e-02 3.25006280e-01 2.39283909e-01]
 [5.73232994e-01 8.79698279e-01 9.62339183e-01 2.08772834e-01
  1.55159937e-01 4.79716562e-01 4.52968116e-01 3.69025092e-01
  1.99692930e-01 2.54209461e-01 2.05071383e-01 5.22672963e-01
  4.23737775e-01 2.54824758e-01 1.98155030e-01]]

2
----------------------------------------------------------------------------------
[[4.23260548e-01 2.12842046e-01 2.70703616e-01 5.76242540e-01
  2.88014737e-01 2.25876410e-01 3.50345400e-01 5.63842316e-02
  2.56729136e-01 0.00000000e+00 9.98970576e-02 4.57950295e-01
  2.49069403e-01 1.24994153e-01 7.07140730e-01]
 [8.35319115e-02 1.74708703e-02 0.00000000e+00 2.24250136e-02
  7.06318288e-02 0.00000000e+00 9.52496298e-02 8.05408435e-02
  1.35428808e-02 0.00000000e+00 0.00000000e+00 1.44242461e-01
  0.00000000e+00 6.43744039e-02 2.84128243e-02]
 [8.86325909e-02 6.18916135e-02 4.03904577e-02 0.00000000e+00
  1.36552937e-02 7.88166002e-02 9.31589209e-02 1.99119473e-01
  3.94162815e-02 0.00000000e+00 0.00000000e+00 1.18656544e-01
  0.00000000e+00 2.38428386e-01 4.67793182e-02]
 [3.22423154e-01 2.41815802e-01 1.14922428e-01 2.27417531e-01
  5.93346774e-02 1.47815895e-01 1.81551482e-01 1.64089699e-01
  1.47036305e-02 0.00000000e+00 1.06950188e-01 4.53070232e-03
  3.15980193e-01 3.06014607e-01 2.56622471e-01]
 [9.32804097e-02 3.37098411e-02 0.00000000e+00 9.34715096e-02
  6.29727629e-02 0.00000000e+00 1.03466442e-01 2.08623558e-02
  1.30571596e-02 0.00000000e+00 0.00000000e+00 5.36335705e-04
  3.40604478e-02 9.82871789e-02 8.99491068e-02]
 [2.25175429e-02 4.45396180e-02 9.76554195e-02 4.92858805e-02
  1.09148696e-01 0.00000000e+00 8.69559811e-02 2.15246103e-01
  0.00000000e+00 0.00000000e+00 0.00000000e+00 7.56596665e-02
  0.00000000e+00 2.45670385e-01 1.54441897e-01]
 [7.23684328e-02 2.98716755e-02 0.00000000e+00 0.00000000e+00
  6.23570113e-02 0.00000000e+00 4.31245009e-02 1.19180761e-01
  0.00000000e+00 0.00000000e+00 0.00000000e+00 2.37933933e-02
  0.00000000e+00 5.37603915e-02 0.00000000e+00]
 [3.58023407e-01 1.53297674e-02 7.69083187e-02 1.71353069e-01
  1.45802528e-01 1.76113079e-01 8.37960664e-02 6.71110416e-02
  2.13296542e-01 0.00000000e+00 0.00000000e+00 1.13624709e-01
  1.77269003e-01 3.20639836e-02 2.36068587e-01]
 [1.62195306e-01 6.71858473e-03 0.00000000e+00 7.02567556e-02
  5.31965242e-02 7.02206665e-03 1.04976979e-01 6.53341181e-02
  3.75597619e-02 0.00000000e+00 0.00000000e+00 6.13892097e-02
  1.04686564e-01 0.00000000e+00 1.10702627e-01]
 [3.76397117e-02 6.10374360e-02 1.77615241e-01 1.06419279e-01
  1.15818424e-01 0.00000000e+00 9.87699416e-02 1.50456563e-01
  0.00000000e+00 0.00000000e+00 0.00000000e+00 0.00000000e+00
  0.00000000e+00 3.20432408e-01 0.00000000e+00]
 [1.27226229e-02 1.01889703e-02 0.00000000e+00 2.37310373e-02
  5.76194224e-02 2.38437748e-02 6.72188065e-02 1.18748112e-01
  0.00000000e+00 0.00000000e+00 0.00000000e+00 0.00000000e+00
  0.00000000e+00 3.55346498e-02 0.00000000e+00]
 [1.93552398e-01 3.36397962e-03 0.00000000e+00 7.71626880e-02
  6.10925492e-02 4.89710782e-02 1.12022359e-01 1.34346879e-02
  4.61596719e-02 0.00000000e+00 0.00000000e+00 1.46929380e-01
  1.27056970e-01 3.79799578e-02 1.52452981e-01]
 [0.00000000e+00 5.92366884e-03 0.00000000e+00 0.00000000e+00
  5.42567626e-02 0.00000000e+00 1.65393013e-02 1.63252999e-01
  0.00000000e+00 0.00000000e+00 0.00000000e+00 0.00000000e+00
  0.00000000e+00 1.20866143e-01 0.00000000e+00]
 [7.33299798e-02 7.10278261e-02 3.36373531e-02 5.60892891e-03
  2.57521821e-02 2.31725426e-02 4.90234408e-02 1.09262594e-03
  0.00000000e+00 0.00000000e+00 1.21282748e-01 0.00000000e+00
  3.74248435e-02 0.00000000e+00 1.20469838e-01]
 [1.32444938e-01 9.57544946e-02 1.87584933e-03 1.96171931e-01
  7.41852216e-02 1.61188826e-01 2.00867210e-01 1.65290089e-01
  5.86449182e-02 0.00000000e+00 2.15923826e-01 0.00000000e+00
  1.02124141e-01 2.09210643e-01 1.45716825e-01]
 [1.55693351e-02 5.40542571e-03 3.63893990e-03 6.56130483e-02
  6.03073618e-02 5.72127964e-03 0.00000000e+00 1.16022242e-01
  0.00000000e+00 0.00000000e+00 1.52668911e-02 0.00000000e+00
  7.86222936e-03 1.77311284e-01 0.00000000e+00]
 [6.60128307e-02 1.80707035e-01 1.46149731e-01 3.01859178e-01
  1.39295340e-02 1.97634093e-01 3.73382831e-01 1.51679195e-01
  5.36052311e-02 0.00000000e+00 2.18398530e-01 1.71348610e-01
  2.50210718e-01 4.50229732e-02 4.04446099e-01]
 [6.72361451e-02 1.61464619e-01 3.03649761e-01 1.39042790e-01
  2.61630718e-01 2.81200397e-01 2.17883107e-01 3.78005042e-01
  2.52692702e-01 5.61620680e-01 3.91945026e-01 8.31366482e-01
  2.95208561e-01 4.13172390e-01 1.70744216e-01]]

3
----------------------------------------------------------------------------------
[[6.14636001e-01 5.48543389e-01 2.90258545e-01 1.71262777e+00
  3.51963983e+00 4.53171360e+00 3.85489552e+00 3.16047819e+00
  2.56677019e+00 1.35925538e+00 9.64462730e-01 4.63237878e-01
  2.34158182e-01 2.35238196e-01 0.00000000e+00]
 [2.90996365e-01 1.56875520e-01 0.00000000e+00 5.60227439e-01
  7.63937282e+00 1.14453970e+01 1.00486276e+01 4.46674899e+00
  1.90120530e+00 6.17236163e-01 4.02012358e-02 7.78667347e-02
  0.00000000e+00 8.75817219e-02 0.00000000e+00]
 [4.33281604e-01 2.49034709e-01 0.00000000e+00 7.59556329e-01
  3.76414198e+00 5.42073208e+00 2.67133971e+00 2.26058930e+00
  1.81373013e+00 3.69003895e-01 0.00000000e+00 2.59698296e-01
  1.33134330e-01 1.94162408e-01 0.00000000e+00]
 [3.92398771e-01 6.19443270e-02 3.56559694e-01 1.68231209e+00
  5.02097533e+00 3.75548928e+00 2.76999487e+00 3.83635820e+00
  2.92239916e+00 1.85652955e+00 8.89764255e-01 6.34749885e-01
  2.90844369e-01 6.89355020e-02 0.00000000e+00]
 [3.14443881e-01 1.27362176e-01 6.55404116e-02 1.63649961e+00
  6.45103531e+00 4.29041986e+00 3.45263598e+00 3.74836331e+00
  2.72385660e+00 1.60562122e+00 6.09042523e-01 4.35275661e-01
  2.81476022e-02 0.00000000e+00 0.00000000e+00]
 [4.39090006e-01 2.71807683e-01 8.13012834e-02 1.77490758e+00
  5.50497481e+00 5.36468786e+00 3.92321183e+00 4.31165787e+00
  3.17099040e+00 1.24614486e+00 2.35319063e-01 4.42895608e-01
  3.22145823e-02 2.28756323e-01 0.00000000e+00]
 [2.68038995e-01 2.11767322e-01 0.00000000e+00 1.30537020e+00
  6.79963151e+00 4.47181394e+00 3.79947753e+00 3.85688570e+00
  2.91634504e+00 1.46226651e+00 6.03523096e-01 3.85536356e-01
  0.00000000e+00 0.00000000e+00 0.00000000e+00]
 [2.09031210e-01 0.00000000e+00 1.90434124e-01 2.10390991e-01
  3.90010104e-01 6.98669881e-01 2.03425024e-01 6.80419788e-01
  5.34092881e-01 4.03942800e-02 2.09820315e-01 7.12216402e-02
  1.73352192e-01 0.00000000e+00 0.00000000e+00]
 [2.59486105e-01 0.00000000e+00 5.03836988e-02 1.84514748e-01
  4.92732426e-01 3.07111744e-01 3.23044693e-01 4.28546769e-01
  2.12903171e-01 0.00000000e+00 0.00000000e+00 0.00000000e+00
  0.00000000e+00 1.45841722e-02 0.00000000e+00]
 [3.08054393e-01 2.70980933e-01 0.00000000e+00 3.81624871e-01
  8.14814185e-01 1.27894196e+00 7.63288051e-01 8.97028880e-01
  8.13589841e-01 0.00000000e+00 0.00000000e+00 7.64588265e-02
  7.56139709e-02 1.75432556e-01 1.20250421e-02]
 [2.60675897e-01 1.76838679e-01 0.00000000e+00 2.71781242e-01
  1.04608114e+00 3.84815732e-01 2.33610820e-01 5.39225646e-01
  2.86352956e-01 0.00000000e+00 0.00000000e+00 0.00000000e+00
  0.00000000e+00 5.99241180e-02 0.00000000e+00]
 [1.96396797e-01 0.00000000e+00 9.38483386e-02 2.75444446e-01
  6.63928636e-01 3.57251870e-01 3.42195677e-01 5.28700670e-01
  2.18485269e-01 0.00000000e+00 0.00000000e+00 0.00000000e+00
  0.00000000e+00 3.29176395e-03 0.00000000e+00]
 [2.00310951e-01 1.39567349e-01 0.00000000e+00 1.51024403e-01
  1.13884155e+00 7.70922445e-01 3.68135142e-01 4.54245604e-01
  3.18718485e-01 0.00000000e+00 0.00000000e+00 0.00000000e+00
  1.45066202e-02 6.51497785e-02 0.00000000e+00]
 [9.28777821e-02 0.00000000e+00 2.23969826e-01 2.27658495e-01
  6.79568834e-01 3.27985430e-01 5.19724961e-01 4.99247458e-01
  1.09051380e-01 0.00000000e+00 0.00000000e+00 0.00000000e+00
  0.00000000e+00 8.76002685e-03 0.00000000e+00]
 [5.60334507e-02 4.47428471e-02 3.53619786e-01 2.21270718e-01
  9.61410907e-01 5.84436900e-01 7.65258869e-01 7.24488981e-01
  2.97420954e-01 0.00000000e+00 0.00000000e+00 0.00000000e+00
  0.00000000e+00 1.11221759e-01 0.00000000e+00]
 [5.47839429e-02 7.71022199e-02 0.00000000e+00 2.59566864e-01
  9.19011281e-01 5.58852932e-01 5.94656614e-01 5.40515480e-01
  9.23889085e-02 0.00000000e+00 0.00000000e+00 0.00000000e+00
  0.00000000e+00 6.65681169e-02 0.00000000e+00]
 [8.21002320e-02 0.00000000e+00 3.54948803e-01 4.10133180e-01
  8.82837600e-01 3.64123355e-01 4.67648756e-01 5.04982670e-01
  1.57278592e-01 0.00000000e+00 0.00000000e+00 0.00000000e+00
  1.49889231e-01 2.97361734e-01 3.56774770e-02]
 [2.27266082e-01 2.62524676e-01 3.08460766e-01 1.84455512e-01
  2.35395982e-01 2.01493042e-01 2.76726637e-01 1.65673517e-01
  3.37148071e-01 1.79877675e+00 1.52157526e+00 5.09248358e-01
  2.84716589e-01 2.55563715e-01 6.85716483e-01]]

4
----------------------------------------------------------------------------------
[[0.41740034 0.11200219 0.37564677 0.         0.33025074 0.05265142
  0.         0.42805673 0.         0.         0.         0.03631627
  0.28589972 0.33970328 0.10528303]
 [0.24519205 0.         0.35817252 0.         0.38958738 0.07823858
  0.         0.27152045 0.         0.         0.         0.
  0.         0.24540019 0.03736341]
 [0.20639386 0.         0.34433044 0.         0.19658058 0.36433796
  0.         0.36577758 0.16898175 0.         0.         0.
  0.         0.06925942 0.06567826]
 [0.32778057 0.         0.44013194 0.         0.04424789 0.
  0.         0.01282548 0.         0.         0.         0.03313732
  0.08857236 0.25622555 0.14993267]
 [0.04830283 0.         0.20032219 0.         0.         0.
  0.         0.         0.         0.         0.         0.
  0.         0.         0.        ]
 [0.         0.         0.0617302  0.         0.         0.
  0.         0.10702599 0.         0.         0.         0.
  0.         0.         0.        ]
 [0.         0.         0.13545995 0.         0.         0.
  0.         0.         0.         0.         0.         0.
  0.         0.         0.        ]
 [0.16071196 0.09548113 0.18848834 0.13215835 0.         0.
  0.         0.         0.         0.         0.         0.03310086
  0.15170123 0.12701511 0.07286366]
 [0.0581326  0.         0.08635028 0.         0.         0.
  0.         0.         0.         0.         0.         0.
  0.         0.07552668 0.        ]
 [0.         0.         0.04351205 0.         0.         0.
  0.         0.02658955 0.         0.         0.         0.
  0.         0.         0.        ]
 [0.07423381 0.         0.03859481 0.         0.         0.
  0.         0.         0.         0.         0.         0.
  0.         0.         0.        ]
 [0.0765729  0.         0.12714815 0.         0.         0.
  0.         0.         0.         0.         0.         0.
  0.         0.07428395 0.        ]
 [0.         0.         0.         0.         0.         0.
  0.         0.         0.         0.         0.         0.
  0.         0.         0.        ]
 [0.06215122 0.         0.04432993 0.00797189 0.07009719 0.
  0.02269524 0.17822519 0.08610677 0.05184182 0.12038272 0.11961321
  0.1362844  0.09691316 0.020237  ]
 [0.05011484 0.         0.22454501 0.12793096 0.12206292 0.03289706
  0.08673697 0.09796438 0.16554182 0.35137628 0.37556846 0.17983183
  0.20932504 0.15916254 0.12379022]
 [0.06552417 0.         0.05555195 0.         0.         0.
  0.         0.14051604 0.         0.05385062 0.06741737 0.07720489
  0.03610542 0.05911805 0.00117119]
 [0.34414166 0.09312338 0.0438145  0.01231592 0.30119293 0.
  0.13133468 0.         0.30894387 0.30645881 0.         0.14126417
  0.2734589  0.03014282 0.12340509]
 [0.26804308 0.42300059 0.15951459 0.56432237 0.35864092 0.54084276
  0.85582772 0.50404395 0.63142002 0.71025785 0.66021912 0.3524993
  0.38429976 0.16974065 0.18946654]]

5
----------------------------------------------------------------------------------
[[0.14714666 0.26444204 0.12901484 0.15672854 0.         0.
  0.02930495 0.44228862 0.1418126  0.80594244 0.21174184 0.34897093
  0.592298   0.68016122 0.17532819]
 [0.03761969 0.         0.09055171 0.         0.         0.
  0.21761059 0.32041991 0.16480336 0.39287754 0.46471232 0.28048869
  0.33933068 0.21787027 0.04162027]
 [0.         0.         0.10112774 0.         0.         0.
  0.14853251 0.26933363 0.50244494 0.37146297 0.2708378  0.10131779
  0.19875918 0.         0.145039  ]
 [0.03165104 0.1196248  0.22249142 0.02529422 0.         0.
  0.00288622 0.4069667  0.08070913 0.59652103 0.08445823 0.2563573
  1.02988631 0.71416189 0.12855286]
 [0.         0.         0.01842081 0.         0.         0.
  0.02881665 0.16938777 0.10348584 0.16509795 0.05287294 0.52994673
  1.07508189 0.77254099 0.        ]
 [0.02444768 0.         0.03461135 0.         0.         0.
  0.14840721 0.05451922 0.33488767 0.07619986 0.12062815 0.31131179
  0.06342866 0.23121054 0.        ]
 [0.         0.         0.03021896 0.         0.         0.
  0.05231616 0.08523066 0.21809854 0.13107643 0.12411305 0.36300165
  0.25014534 0.16836873 0.        ]
 [0.02920008 0.07512266 0.         0.         0.         0.
  0.         0.30535835 0.         0.20151866 0.20167333 0.01225767
  0.06396256 0.04021075 0.        ]
 [0.         0.03929462 0.         0.         0.         0.
  0.         0.10810428 0.01450535 0.25247994 0.09050788 0.
  0.12095592 0.0787062  0.        ]
 [0.01921793 0.         0.         0.         0.         0.
  0.04175843 0.03492988 0.2604991  0.04412732 0.15112824 0.02091445
  0.         0.         0.        ]
 [0.         0.         0.         0.         0.         0.
  0.         0.         0.25525383 0.06777019 0.14377043 0.00773926
  0.11634272 0.05559947 0.01437796]
 [0.         0.03898166 0.         0.         0.         0.
  0.         0.04935149 0.05991406 0.31934462 0.04944883 0.
  0.10622825 0.11973184 0.        ]
 [0.         0.         0.         0.         0.         0.
  0.         0.         0.22536972 0.05769696 0.13604069 0.
  0.15721414 0.02141146 0.00876676]
 [0.         0.12194354 0.         0.0670704  0.05198741 0.08107485
  0.03157369 0.00643726 0.05925196 0.01258469 0.02861098 0.
  0.30160575 0.2453333  0.12343244]
 [0.0332247  0.24564158 0.         0.06473942 0.45262386 0.
  0.10924315 0.13021641 0.12784266 0.31368213 0.13656099 0.
  0.33866357 0.34673866 0.28190803]
 [0.03305321 0.         0.         0.         0.10675327 0.14711326
  0.09586097 0.         0.1234874  0.         0.11273137 0.
  0.35350949 0.22286332 0.18378362]
 [0.15247757 0.27116106 0.26374766 0.18137483 0.43393464 0.03462495
  0.00878723 0.1186835  0.2533058  0.70517823 0.48458747 0.03202151
  0.34735484 0.54731908 0.18772598]
 [0.30045009 0.19766311 0.38293003 1.19174226 1.48377572 1.16151555
  1.32460844 1.01423988 0.50618659 0.4308345  0.17848556 0.308172
  0.33252955 0.3151168  0.51857621]]

6
----------------------------------------------------------------------------------
[[1.80957035e-01 1.22261278e-01 2.02380797e-01 5.05710379e-01
  1.60788002e+00 4.12858131e+00 3.53526520e+00 2.71282287e+00
  1.89637490e+00 5.80668128e-01 5.64351989e-01 1.59044752e-01
  4.04830991e-01 4.26657090e-01 5.23031320e-01]
 [2.39103955e-01 0.00000000e+00 2.31952668e-01 4.84511840e-01
  2.19131413e+00 7.12417276e+00 6.91668106e+00 2.07894953e+00
  4.90939609e-01 3.64264720e-01 6.44651916e-01 1.59832449e-01
  4.77571636e-01 3.81055096e-01 6.58617025e-01]
 [0.00000000e+00 0.00000000e+00 2.90750865e-01 3.82094679e-01
  2.86110641e+00 6.08173076e+00 4.57744770e+00 1.70318071e+00
  1.95465001e-01 2.96801114e-01 3.40032796e-01 0.00000000e+00
  0.00000000e+00 2.84642162e-01 5.36170477e-01]
 [1.14803416e-01 1.10798675e-03 1.02481834e-01 4.91406570e-01
  2.60045795e+00 7.96695763e+00 3.82708887e+00 2.79527280e+00
  8.04158778e-01 3.47400878e-02 3.03515015e-01 0.00000000e+00
  1.96223362e-02 1.90843173e-01 1.23472060e-01]
 [1.77348506e-01 0.00000000e+00 6.65943464e-02 3.93092314e-01
  3.54051670e+00 7.19468759e+00 2.82879114e+00 2.07095574e+00
  1.34335013e-01 0.00000000e+00 1.29406690e-01 0.00000000e+00
  0.00000000e+00 8.66879747e-02 1.42254284e-01]
 [0.00000000e+00 0.00000000e+00 2.50453215e-01 3.45789155e-01
  4.28389025e+00 1.18750384e+01 5.19050631e+00 2.73192173e+00
  5.44529653e-01 9.05975631e-03 2.51028637e-01 0.00000000e+00
  6.55487836e-02 1.79945530e-01 2.51870381e-01]
 [5.97692328e-02 0.00000000e+00 1.21127048e-01 2.56323208e-01
  3.55079178e+00 1.00021625e+01 3.65139966e+00 2.75757761e+00
  4.17778232e-01 0.00000000e+00 2.17658975e-01 0.00000000e+00
  7.52369848e-02 3.86456517e-02 1.82568859e-01]
 [0.00000000e+00 0.00000000e+00 6.71945645e-02 1.05555563e-01
  8.04259698e-02 8.04177121e-01 1.27661763e-01 8.18086746e-01
  0.00000000e+00 0.00000000e+00 7.02400534e-02 0.00000000e+00
  3.42671831e-02 1.68344278e-01 1.60379512e-01]
 [0.00000000e+00 0.00000000e+00 3.24558641e-02 2.55002754e-01
  4.35810451e-01 9.47306592e-01 7.12081326e-01 5.29418367e-01
  0.00000000e+00 5.57629121e-02 1.53449249e-01 0.00000000e+00
  1.83982709e-02 1.85645236e-01 1.08362541e-01]
 [0.00000000e+00 0.00000000e+00 1.93322226e-01 1.41630052e-01
  8.54176939e-01 1.13320288e+00 1.06734266e-01 1.13686830e+00
  0.00000000e+00 0.00000000e+00 2.08181707e-01 0.00000000e+00
  5.21740994e-02 1.45642757e-01 1.64389123e-01]
 [0.00000000e+00 0.00000000e+00 1.12206112e-01 2.27239844e-01
  6.00999502e-01 1.00522080e+00 4.77616005e-01 9.61632035e-01
  6.04011240e-02 0.00000000e+00 1.52858607e-01 0.00000000e+00
  1.88727825e-02 0.00000000e+00 1.13675625e-01]
 [0.00000000e+00 0.00000000e+00 4.31562701e-02 2.64946469e-01
  4.50291955e-01 8.74498187e-01 5.77768892e-01 4.98132069e-01
  4.16663170e-02 1.52576732e-01 1.31577259e-01 0.00000000e+00
  2.53608412e-03 1.79163899e-01 1.16539881e-01]
 [0.00000000e+00 0.00000000e+00 1.10891015e-01 2.43579989e-01
  5.51435093e-01 9.81177262e-01 1.58925375e-01 4.53937764e-01
  0.00000000e+00 2.15484745e-03 9.89273436e-02 0.00000000e+00
  0.00000000e+00 3.24806091e-02 9.54275318e-02]
 [4.92852149e-02 0.00000000e+00 5.65471573e-02 1.67612048e-01
  5.22092872e-01 1.23761585e+00 6.56481969e-01 6.65419431e-02
  9.94887782e-02 1.15699773e-01 0.00000000e+00 0.00000000e+00
  4.00749028e-02 5.24294228e-02 6.55094992e-02]
 [4.88877772e-02 3.89901941e-02 1.53516100e-01 2.87046384e-01
  5.83305128e-01 1.50805541e+00 9.99773441e-01 1.42160280e-01
  2.13584859e-01 2.74038065e-01 1.51908929e-01 0.00000000e+00
  8.90560338e-02 1.04613448e-01 1.51485370e-01]
 [0.00000000e+00 0.00000000e+00 4.98677060e-02 2.29323350e-01
  5.86917125e-01 1.19896387e+00 6.79061125e-01 1.92017877e-02
  7.52340231e-02 9.50746037e-02 8.78563902e-03 0.00000000e+00
  1.26154868e-02 0.00000000e+00 0.00000000e+00]
 [2.18509994e-01 3.02713920e-01 2.63774101e-01 3.67776911e-01
  5.37614471e-01 1.09112806e+00 9.11410734e-01 1.75863852e-01
  2.44996781e-01 2.27559578e-01 2.06236595e-01 0.00000000e+00
  8.41972861e-02 2.35475558e-01 2.63589509e-01]
 [6.00736634e-01 6.27902812e-01 1.35855493e-01 5.22752094e-02
  3.59006879e-01 5.25097072e-01 7.46767496e-01 1.62792264e-01
  6.25792326e-01 5.96998200e-01 1.45823026e-01 3.49245845e-01
  2.69663221e-01 8.68850798e-02 2.79857050e-01]]

7
----------------------------------------------------------------------------------
[[0.68590055 0.36106969 0.         0.3656909  0.21917026 0.19166575
  0.2344883  0.41065579 0.194712   0.17510523 0.36597087 0.22143576]
 [0.26344444 0.04142132 0.12126847 0.10176119 0.         0.
  0.10277728 0.         0.         0.         0.05057681 0.        ]
 [0.28369706 0.         0.20274418 0.         0.         0.
  0.29396198 0.05113949 0.         0.         0.         0.        ]
 [0.47598683 0.         0.         0.41034607 0.05854039 0.0504124
  0.17187096 0.         0.11306785 0.         0.13224935 0.0644597 ]
 [0.18440917 0.15251035 0.04295393 0.0854857  0.0611712  0.01534008
  0.01898277 0.         0.         0.         0.00524088 0.        ]
 [0.10142145 0.         0.         0.         0.         0.02930082
  0.13726541 0.         0.         0.         0.         0.        ]
 [0.095986   0.         0.02770178 0.         0.         0.00645651
  0.01752926 0.         0.         0.         0.         0.        ]
 [0.47542571 0.         0.         0.25654492 0.08232012 0.
  0.16504505 0.         0.04131003 0.06518325 0.03662916 0.02510737]
 [0.35542252 0.         0.         0.18697597 0.0588817  0.
  0.10643078 0.         0.0029786  0.04575653 0.         0.02932674]
 [0.0610308  0.         0.03283266 0.         0.         0.
  0.08990938 0.07716001 0.         0.         0.         0.        ]
 [0.06678913 0.         0.         0.         0.         0.07879514
  0.02064228 0.         0.         0.         0.         0.        ]
 [0.30752851 0.         0.         0.19401959 0.04208404 0.
  0.10309414 0.         0.02254268 0.02437125 0.         0.04204095]
 [0.09077286 0.         0.         0.         0.         0.04024571
  0.02001613 0.         0.         0.         0.         0.        ]
 [0.10222129 0.         0.         0.03088444 0.         0.04629663
  0.06793804 0.13579969 0.11582976 0.03645278 0.01328359 0.08644627]
 [0.23951406 0.         0.         0.06720103 0.10419611 0.24475602
  0.17731686 0.27692522 0.25447726 0.10504783 0.03972911 0.05151216]
 [0.15971217 0.         0.         0.         0.         0.04924804
  0.03917322 0.11555095 0.18477206 0.         0.00281633 0.        ]
 [0.29453992 0.10676744 0.         0.15791204 0.15650131 0.35561114
  0.27118923 0.39687766 0.21711954 0.19517035 0.21912812 0.50448376]
 [0.12061577 0.65843276 0.87856217 0.24491366 0.19993425 0.25259255
  0.09134432 0.3213392  0.26724665 0.40091926 0.3444085  0.41246079]]