

1
----------------------------------------------------------------------------------
[[6.37868297e-01 4.05783999e-01 4.62171933e-01 3.27652891e-01
  4.02122841e-01 3.86399566e-02 3.42864344e-01 2.71906020e-01
  1.69792499e-01 4.98210462e-01 8.65962250e-02 5.17893427e-01
  5.03961229e-01 2.65728696e-01 1.95338070e-01]
 [0.00000000e+00 0.00000000e+00 0.00000000e+00 1.35459334e-01
  4.63178067e-03 0.00000000e+00 7.34225234e-02 0.00000000e+00
  0.00000000e+00 9.48839738e-02 0.00000000e+00 3.47233877e-01
  8.60275588e-02 3.77244222e-02 0.00000000e+00]
 [8.51778915e-02 0.00000000e+00 6.13677561e-02 1.23740841e-01
  0.00000000e+00 0.00000000e+00 1.03855351e-01 1.01197361e-01
  0.00000000e+00 7.42789711e-02 5.49914895e-02 4.08806413e-01
  1.62844055e-01 2.79208165e-02 0.00000000e+00]
 [8.83264510e-03 2.92252731e-02 2.01215860e-01 7.42527920e-02
  4.63392050e-02 0.00000000e+00 2.88795510e-01 8.75371353e-02
  1.36569825e-01 1.37259033e-01 9.55778352e-02 2.54633220e-01
  2.89190695e-01 1.85391956e-01 6.01009333e-02]
 [0.00000000e+00 9.90610627e-02 1.08720175e-02 8.12626670e-02
  4.64172080e-02 0.00000000e+00 1.53167018e-01 1.69458280e-02
  1.51051346e-02 2.58793207e-02 0.00000000e+00 1.25429759e-01
  1.10765046e-01 7.24262198e-02 3.06425088e-03]
 [1.29421733e-01 0.00000000e+00 3.46205777e-02 3.18387566e-02
  0.00000000e+00 0.00000000e+00 4.52297346e-01 9.12762558e-02
  0.00000000e+00 0.00000000e+00 4.46942296e-02 2.91902037e-01
  2.93800635e-04 1.74923135e-02 0.00000000e+00]
 [0.00000000e+00 0.00000000e+00 0.00000000e+00 8.85309125e-02
  0.00000000e+00 0.00000000e+00 1.89938209e-02 3.77320640e-03
  0.00000000e+00 0.00000000e+00 0.00000000e+00 2.10072879e-01
  2.32940557e-02 1.76993800e-02 0.00000000e+00]
 [0.00000000e+00 2.91623554e-02 2.40884011e-01 0.00000000e+00
  1.45084832e-02 0.00000000e+00 6.01454375e-01 4.64944242e-01
  1.19491415e-02 2.20931861e-02 7.93835090e-02 1.53612495e-01
  3.41628499e-01 3.34382581e-01 1.31154238e-01]
 [0.00000000e+00 0.00000000e+00 1.08951165e-01 0.00000000e+00
  0.00000000e+00 0.00000000e+00 1.39397553e+00 8.23132315e-01
  0.00000000e+00 0.00000000e+00 1.27195450e-02 1.26725477e-01
  7.85253159e-02 2.66433152e-01 2.34821293e-02]
 [8.54829893e-02 1.61459579e-02 4.80167561e-02 0.00000000e+00
  0.00000000e+00 0.00000000e+00 2.23785143e-01 1.06130566e-01
  0.00000000e+00 0.00000000e+00 5.13478200e-02 2.28099558e-01
  8.82415386e-04 5.28089378e-03 2.85488593e-02]
 [0.00000000e+00 0.00000000e+00 0.00000000e+00 0.00000000e+00
  0.00000000e+00 0.00000000e+00 1.68731969e+00 3.64904808e-01
  0.00000000e+00 0.00000000e+00 0.00000000e+00 1.07449865e-01
  0.00000000e+00 3.35307536e-02 0.00000000e+00]
 [0.00000000e+00 0.00000000e+00 1.24411023e-01 3.70196151e-02
  7.82083744e-02 0.00000000e+00 1.09700583e+00 6.81397627e-01
  2.55174738e-02 0.00000000e+00 4.74493364e-02 1.40228486e-01
  1.03766811e-01 2.54511531e-01 1.38199485e-02]
 [3.91060573e-02 0.00000000e+00 0.00000000e+00 2.40992212e-03
  0.00000000e+00 0.00000000e+00 1.13737149e+00 2.92403267e-01
  0.00000000e+00 0.00000000e+00 0.00000000e+00 1.20119331e-01
  0.00000000e+00 0.00000000e+00 0.00000000e+00]
 [1.39332444e-02 1.10377939e-01 3.01252279e-02 1.03397915e-02
  0.00000000e+00 1.59946379e-01 1.19611997e-01 6.94685419e-02
  1.16243242e-01 0.00000000e+00 9.52711155e-02 7.16223692e-03
  3.34736365e-02 4.09820299e-02 5.05740948e-02]
 [2.58051079e-01 1.01512954e-01 7.18268978e-02 5.58739727e-02
  5.00975100e-02 1.49746225e-01 1.86649082e-01 2.17405525e-01
  2.48908297e-01 0.00000000e+00 1.82914197e-01 1.10605759e-01
  8.38106668e-02 1.32605912e-01 5.69215303e-02]
 [9.30239146e-02 0.00000000e+00 0.00000000e+00 0.00000000e+00
  0.00000000e+00 3.85180972e-03 1.37350403e-01 1.02612901e-01
  2.43090185e-04 0.00000000e+00 1.21425084e-01 1.86368958e-02
  0.00000000e+00 2.36219179e-04 6.12166136e-02]
 [0.00000000e+00 2.44740366e-01 2.28023013e-01 3.20374487e-01
  3.90571413e-01 4.18301392e-01 2.48375812e-01 2.49722616e-01
  3.39741176e-01 0.00000000e+00 1.25339176e-01 9.11299658e-02
  2.73118440e-01 1.05808502e-01 2.21431352e-02]
 [3.05383469e-01 3.19991756e-01 1.65013985e-01 2.01833305e-01
  2.44093662e-01 4.39427824e-01 9.15803808e-02 1.09598261e-01
  2.79429576e-01 2.63752281e-01 1.83405086e-01 1.70676970e-01
  2.24880775e-01 1.10616456e-01 1.62805595e-01]]

2
----------------------------------------------------------------------------------
[[1.33231450e-01 1.33691420e-01 1.43397523e-01 4.83269239e-01
  2.89346601e-01 3.18975144e-01 1.22887421e-01 1.97796050e-01
  1.54536602e-01 5.12052803e-01 2.32644111e-01 2.75463921e+00
  3.51884096e+00 2.18484745e+00 2.47099513e+00]
 [2.90578151e-02 3.05794432e-02 1.09749576e-01 0.00000000e+00
  0.00000000e+00 3.90640657e-02 0.00000000e+00 9.07836920e-02
  3.80584676e-02 1.47987133e-02 1.47534790e-01 1.50327225e+00
  5.74937536e+00 4.16456091e+00 8.05338430e+00]
 [1.90540188e-02 8.18553897e-02 2.05110466e-01 1.03922044e-01
  0.00000000e+00 0.00000000e+00 6.06928879e-02 9.81521684e-02
  1.22896503e-01 0.00000000e+00 3.25737674e-02 9.97789407e-01
  2.19659250e+00 1.62478036e+00 3.75345693e+00]
 [0.00000000e+00 0.00000000e+00 1.21141045e-02 1.48424122e-01
  1.33875241e-01 3.05554154e-01 2.57263771e-02 0.00000000e+00
  1.39202911e-01 8.99174473e-02 6.33425079e-01 3.72640358e+00
  5.45140521e+00 2.84457479e+00 3.15214108e+00]
 [0.00000000e+00 0.00000000e+00 4.28979309e-02 7.98826147e-02
  8.54802116e-02 1.30645152e-01 0.00000000e+00 1.24846923e-02
  5.23765029e-02 3.83479783e-02 6.92323901e-01 3.69967975e+00
  5.18806920e+00 3.13550192e+00 3.19714844e+00]
 [1.06763895e-02 7.98834828e-02 6.70185098e-02 5.90252352e-02
  0.00000000e+00 0.00000000e+00 3.73650756e-02 7.64151593e-03
  8.10902325e-02 0.00000000e+00 8.27333171e-01 3.13833180e+00
  4.41451317e+00 3.53028905e+00 5.62501040e+00]
 [0.00000000e+00 6.93811293e-03 7.28287016e-02 9.27329880e-03
  0.00000000e+00 5.64297766e-03 0.00000000e+00 5.57381776e-02
  6.02141929e-02 0.00000000e+00 6.33333676e-01 3.32787230e+00
  4.89863022e+00 2.84798554e+00 3.86713175e+00]
 [0.00000000e+00 0.00000000e+00 3.33560908e-02 4.41695919e-01
  2.88674893e-01 2.33233569e-01 1.78940665e-02 0.00000000e+00
  9.51412338e-02 0.00000000e+00 0.00000000e+00 5.48416948e-01
  1.05658403e+00 0.00000000e+00 2.62630521e-02]
 [0.00000000e+00 2.53874054e-02 0.00000000e+00 2.33103540e-01
  9.75377131e-02 6.09320128e-02 1.54162477e-02 0.00000000e+00
  0.00000000e+00 0.00000000e+00 0.00000000e+00 3.22296869e-01
  6.33928070e-01 2.86283175e-01 2.16379613e-01]
 [0.00000000e+00 5.48802220e-02 0.00000000e+00 1.37790260e-01
  0.00000000e+00 3.79244765e-03 2.13381682e-02 0.00000000e+00
  1.36992028e-01 0.00000000e+00 0.00000000e+00 0.00000000e+00
  5.84102311e-01 2.22967347e-01 6.24846001e-01]
 [0.00000000e+00 9.67434654e-02 3.80547463e-02 7.41300285e-02
  0.00000000e+00 2.86306753e-02 0.00000000e+00 3.58107471e-02
  2.37729740e-02 0.00000000e+00 0.00000000e+00 1.65257272e-01
  4.46291623e-01 0.00000000e+00 1.54762447e-01]
 [8.48691621e-02 3.57351385e-02 0.00000000e+00 1.24371849e-01
  5.33080035e-02 2.62192862e-02 4.60519703e-02 0.00000000e+00
  5.07379275e-02 4.18402785e-02 0.00000000e+00 1.64981217e-01
  6.68680374e-01 2.69339608e-01 3.77524083e-01]
 [0.00000000e+00 9.10842730e-02 2.28784021e-02 6.30271915e-02
  0.00000000e+00 6.22885859e-02 0.00000000e+00 4.69768961e-03
  6.43998950e-02 0.00000000e+00 0.00000000e+00 0.00000000e+00
  4.31375052e-01 9.47635577e-03 4.85494530e-01]
 [3.16709777e-02 0.00000000e+00 0.00000000e+00 1.70245273e-01
  2.33142669e-02 1.11204107e-01 6.97755821e-02 3.17223668e-02
  3.71091833e-02 3.24123033e-02 0.00000000e+00 0.00000000e+00
  2.76861800e-01 3.69252891e-01 7.29380216e-01]
 [1.37803042e-01 4.60475563e-02 0.00000000e+00 2.97381356e-01
  4.39161450e-01 2.51281428e-01 2.24083348e-01 7.43532812e-02
  2.60004005e-01 7.93914110e-02 0.00000000e+00 1.01734097e-01
  3.45578225e-01 6.82017035e-01 9.24139963e-01]
 [4.74046856e-02 7.50545521e-02 1.70615038e-03 2.13818397e-01
  2.97627229e-02 3.49066979e-02 7.33001487e-02 0.00000000e+00
  6.98750295e-02 0.00000000e+00 0.00000000e+00 0.00000000e+00
  3.75281332e-01 2.42673462e-01 1.04830324e+00]
 [1.61810689e-01 1.67492930e-01 8.84582314e-02 3.94826849e-01
  3.20380874e-01 2.92453393e-01 2.47758645e-01 3.87060602e-01
  4.33048399e-01 3.87612439e-01 0.00000000e+00 3.29919747e-01
  2.86914292e-01 6.54451330e-01 6.68629868e-01]
 [1.75677372e-01 4.48439131e-01 3.03071295e-01 2.84893923e-01
  2.16681666e-01 2.38908580e-01 1.92530689e-01 2.54931230e-01
  1.06013494e-01 5.00305216e-01 6.40117255e-01 8.47638542e-01
  1.87012769e-01 6.06332701e-01 5.30091337e-01]]

3
----------------------------------------------------------------------------------
[[1.36874743 1.54022271 1.22748048 0.51765843 1.28169405 0.23172597
  0.74890771 1.04772093 0.31074765 0.49924933 0.16661606 0.
  0.16329269 0.16431976 0.1669604 ]
 [1.43146244 1.36727851 1.37842452 0.58441045 0.83937418 0.14975256
  0.93409951 0.84156099 0.34711021 0.44717161 0.06442983 0.
  0.04688062 0.         0.20025685]
 [1.54767946 1.53992902 0.99972806 0.4284482  0.41734369 0.
  0.93557838 0.76572919 0.43100664 0.38993715 0.         0.
  0.0894669  0.         0.12694832]
 [1.83940309 1.16914797 0.55634648 0.00878655 0.65445599 0.05659173
  0.69268766 0.66775647 0.15457339 0.48503743 0.12325452 0.
  0.01123042 0.02563059 0.0639187 ]
 [1.8168314  0.72820613 0.         0.         0.12597612 0.
  0.58662447 0.58500413 0.05891765 0.30874772 0.03695077 0.
  0.04140084 0.         0.        ]
 [1.78786031 1.09260335 0.37479844 0.         0.         0.
  0.4367645  0.50969319 0.13528971 0.14816844 0.         0.00661013
  0.07686664 0.         0.0431031 ]
 [1.8056023  0.75799553 0.07353607 0.         0.         0.
  0.48339233 0.40692738 0.11242545 0.15782172 0.         0.
  0.11927039 0.         0.        ]
 [0.31401535 0.48968612 0.70664818 0.         0.60325801 0.
  0.4202813  0.38715901 0.19488848 0.16949848 0.21961934 0.
  0.09837648 0.         0.        ]
 [0.34949012 0.80703005 0.67943926 0.         0.32519732 0.
  0.41016989 0.4212813  0.06700063 0.15296821 0.         0.
  0.         0.         0.        ]
 [0.16505359 0.24284938 0.         0.         0.         0.
  0.28232058 0.44138937 0.06400339 0.02654649 0.         0.
  0.06589386 0.         0.02884164]
 [0.32465277 0.46277912 0.20061518 0.         0.         0.
  0.15958196 0.33003732 0.02591162 0.         0.         0.
  0.         0.         0.        ]
 [0.40237854 0.83777938 0.68334349 0.         0.32987241 0.
  0.34660286 0.43923347 0.02042552 0.17346703 0.         0.
  0.         0.         0.        ]
 [0.44147712 0.49058437 0.14652255 0.         0.         0.
  0.15127125 0.31575802 0.01628527 0.         0.         0.
  0.         0.         0.        ]
 [0.70363328 0.35657821 0.12075673 0.00664909 0.23034415 0.13765363
  0.12457892 0.06624708 0.03931812 0.08263425 0.         0.0623317
  0.         0.         0.10908431]
 [0.68682424 0.55620576 0.33966731 0.         0.30153087 0.14271764
  0.24175379 0.13807868 0.23390248 0.24613706 0.1352156  0.24259731
  0.         0.05227526 0.27178489]
 [0.83302636 0.27700332 0.00363978 0.         0.22346222 0.
  0.         0.08044447 0.         0.         0.         0.
  0.         0.         0.        ]
 [0.74156565 0.91829646 0.59517154 0.         0.40627031 0.
  0.50005368 0.15113319 0.32190142 0.20309037 0.1617835  0.13518817
  0.05644744 0.10404774 0.17827127]
 [0.38803222 0.20511063 0.37934696 0.86797641 0.60394761 0.72453675
  0.20029003 0.07889184 0.28065363 0.15909452 0.30372324 0.37431368
  0.30464275 0.43114175 0.26317617]]

4
----------------------------------------------------------------------------------
[[0.0297434  0.41963621 0.32107194 0.41382868 0.33180199 0.2439929
  0.         0.19260958 0.62570802 0.217555   0.         0.22861575
  0.43341693 0.25043734 0.35719299]
 [0.1172528  0.14813953 0.48439501 0.3980925  0.47708939 0.
  0.         0.11745707 0.49247613 0.25927912 0.         0.
  0.27859181 0.29731023 0.22740674]
 [0.07539047 0.06145675 0.51800206 0.29607771 0.54810414 0.1371655
  0.         0.22603862 0.40017338 0.06045836 0.         0.04584417
  0.08175026 0.25786496 0.28188698]
 [0.         0.31151194 0.43519612 0.29204392 0.24503747 0.
  0.         0.0073091  0.59061394 0.15048839 0.         0.36391229
  0.10698027 0.19668843 0.18954731]
 [0.         0.02276776 0.16442291 0.30758438 0.15360576 0.
  0.         0.         0.30415696 0.00150518 0.         0.13524167
  0.         0.16240518 0.18022972]
 [0.         0.         0.32388842 0.25043378 0.34151646 0.
  0.         0.         0.25184846 0.         0.         0.
  0.07604881 0.14840531 0.27784943]
 [0.         0.         0.22902529 0.27768993 0.19764955 0.
  0.         0.         0.30945317 0.         0.         0.
  0.         0.04867743 0.22798382]
 [0.         0.38894975 0.41968406 0.31246976 0.06990284 0.
  0.         0.         0.49247651 0.17496976 0.         0.05272838
  0.11393061 0.13776489 0.04964269]
 [0.         0.32350339 0.31996849 0.25529107 0.03120843 0.
  0.         0.         0.38453152 0.04862161 0.         0.
  0.         0.         0.00828887]
 [0.1153717  0.         0.42360785 0.13516653 0.27888435 0.00851353
  0.         0.06439788 0.22673324 0.         0.         0.
  0.08920936 0.13672682 0.09127887]
 [0.         0.04313068 0.2694708  0.14281864 0.10953574 0.
  0.         0.         0.21807275 0.         0.         0.
  0.03332457 0.12063985 0.06030832]
 [0.         0.28917975 0.3241749  0.22848713 0.03692349 0.
  0.         0.         0.37552373 0.05245217 0.         0.
  0.         0.00400511 0.07204863]
 [0.         0.04760045 0.2432696  0.14572934 0.09030938 0.
  0.         0.         0.18855065 0.         0.         0.
  0.03000781 0.10425232 0.05610191]
 [0.         0.03061305 0.14219501 0.00633477 0.18721959 0.1317311
  0.         0.         0.07116734 0.02959483 0.03497857 0.10793037
  0.12237832 0.16485557 0.14923608]
 [0.11699055 0.23625755 0.23837126 0.04815981 0.25653041 0.38010628
  0.         0.00194902 0.16513841 0.17024956 0.0931659  0.15677719
  0.23296601 0.25947107 0.25610088]
 [0.         0.04597182 0.16388164 0.         0.         0.19146003
  0.         0.         0.12960052 0.03464128 0.0285952  0.
  0.18041411 0.05023606 0.        ]
 [0.12573886 0.17643808 0.30534582 0.27778173 0.15233276 0.27171047
  0.         0.05967859 0.15312084 0.14405419 0.22776556 0.27693348
  0.17226433 0.1750343  0.01020838]
 [0.35486439 0.1650965  0.3182098  0.17586372 0.2312055  0.60118275
  0.77904745 0.40995498 0.44883239 0.15013621 0.55114497 0.38774256
  0.19165836 0.15688276 0.27767552]]

5
----------------------------------------------------------------------------------
[[7.34632698e-02 1.66901387e-01 2.85535674e-01 4.65845935e-02
  2.27282654e-01 2.29190006e-01 8.48775736e-02 3.37948580e-01
  1.33959068e+00 2.72052231e+00 3.53772195e+00 2.73212688e+00
  1.48343309e+00 1.53986581e+00 1.07098457e+00]
 [5.27234885e-02 2.12806093e-02 1.11243059e-01 6.46323198e-02
  2.00054631e-01 3.40835469e-01 1.49614230e-01 2.55373094e-01
  2.33928850e+00 4.70727546e+00 4.07035462e+00 1.62986166e+00
  1.56616266e+00 1.23616949e+00 5.97571082e-01]
 [1.65066784e-01 0.00000000e+00 1.11437907e-01 0.00000000e+00
  5.51659181e-02 4.58930400e-02 2.58173479e-01 1.29088918e-01
  8.83385999e-01 4.40829481e+00 3.33577785e+00 1.31632911e+00
  2.55200662e+00 1.74762477e+00 7.15519635e-01]
 [9.69531161e-03 1.00277348e-01 2.81965439e-01 1.95707804e-01
  1.44935008e-01 1.42440320e-01 1.23498318e-01 5.06921955e-01
  2.03796213e+00 5.18693994e+00 4.61102062e+00 2.21468437e+00
  2.36024324e+00 2.29164455e+00 1.21200884e+00]
 [0.00000000e+00 0.00000000e+00 1.08950365e-01 0.00000000e+00
  9.58833975e-02 0.00000000e+00 1.06051664e-01 4.17851899e-01
  2.89506129e+00 6.64211969e+00 5.43743509e+00 1.91617202e+00
  2.18057137e+00 1.57747408e+00 3.98398996e-01]
 [1.69486313e-01 0.00000000e+00 8.84275827e-02 0.00000000e+00
  6.13508277e-02 0.00000000e+00 1.92753165e-01 2.42086484e-01
  2.61509800e+00 6.22359173e+00 6.19398239e+00 2.37474184e+00
  5.05948956e+00 3.74597500e+00 1.38303387e+00]
 [6.33725023e-02 0.00000000e+00 8.88739885e-02 0.00000000e+00
  8.37499227e-02 6.39562872e-03 1.89135518e-01 2.39043311e-01
  3.24310577e+00 4.00521146e+00 4.61663194e+00 1.75350944e+00
  3.26626651e+00 2.50991573e+00 9.76827044e-01]
 [8.58091158e-02 0.00000000e+00 5.81273919e-02 6.11222675e-02
  1.58583926e-01 8.53484358e-02 0.00000000e+00 3.24912400e-01
  5.11137733e-01 5.86899271e-01 3.79377852e-02 4.53686244e-02
  1.35515544e-01 7.10495888e-01 3.30864720e-01]
 [1.82164705e-02 0.00000000e+00 4.78536436e-02 0.00000000e+00
  1.91709707e-02 7.30305697e-02 0.00000000e+00 5.14170347e-02
  3.05198412e-01 4.57150140e-01 4.42427175e-01 2.08038654e-01
  2.70570545e-01 5.55982681e-01 2.47046877e-01]
 [3.32806393e-01 0.00000000e+00 8.64888825e-02 0.00000000e+00
  0.00000000e+00 3.89534767e-03 1.13573804e-01 0.00000000e+00
  4.33207401e-01 5.36076767e-01 3.83126436e-01 0.00000000e+00
  7.43770379e-01 9.09161825e-01 6.12337400e-01]
 [1.57765993e-01 0.00000000e+00 3.67019632e-03 0.00000000e+00
  0.00000000e+00 0.00000000e+00 1.27840756e-02 0.00000000e+00
  2.49808364e-01 5.72921635e-01 4.93684610e-01 1.80144270e-01
  2.81970186e-01 7.12569275e-01 4.30571785e-01]
 [4.74699394e-02 1.03582142e-02 6.17768423e-02 0.00000000e+00
  0.00000000e+00 4.51513553e-02 0.00000000e+00 4.39102488e-02
  2.90762563e-01 4.36777113e-01 6.16874611e-01 4.04013522e-01
  3.03563610e-01 3.86522429e-01 2.08209821e-01]
 [1.63257839e-01 0.00000000e+00 0.00000000e+00 0.00000000e+00
  0.00000000e+00 0.00000000e+00 1.74477538e-02 0.00000000e+00
  1.99281151e-01 4.76577567e-01 3.53895257e-01 1.18501747e-01
  2.79763905e-01 3.76894799e-01 2.76097814e-01]
 [2.02209802e-02 0.00000000e+00 2.89945814e-03 0.00000000e+00
  0.00000000e+00 4.80227557e-02 0.00000000e+00 0.00000000e+00
  4.16545041e-01 8.52733562e-01 1.07173639e+00 4.14115028e-01
  4.63608470e-01 3.51803959e-01 1.56524041e-01]
 [2.31251761e-01 1.18975445e-01 1.95090233e-01 2.52939956e-01
  0.00000000e+00 3.35281326e-02 1.59559855e-01 2.81781850e-01
  5.33677840e-01 9.91425716e-01 1.33132476e+00 6.73256798e-01
  5.99359023e-01 4.63632681e-01 3.63478626e-01]
 [1.87131945e-01 0.00000000e+00 0.00000000e+00 0.00000000e+00
  0.00000000e+00 0.00000000e+00 2.22419755e-02 0.00000000e+00
  4.38385652e-01 9.03433847e-01 9.30841753e-01 4.94269979e-01
  4.60477236e-01 3.25875729e-01 1.88839266e-01]
 [3.24299256e-01 0.00000000e+00 9.98201216e-02 3.44235424e-01
  3.13537918e-01 1.27160633e-01 4.04173841e-02 1.73029878e-01
  6.26471668e-01 7.14977060e-01 1.53104436e+00 5.00223555e-01
  3.73772926e-01 2.35122555e-01 3.50204794e-01]
 [2.94265635e-01 3.49676229e-01 1.55496448e-01 2.70112533e-01
  3.86170140e-01 2.49784592e-01 2.41760449e-01 1.83964889e-01
  1.42343736e-01 1.97314554e-01 4.79054925e-01 4.92127742e-01
  2.79949544e-01 2.90019980e-01 2.65383965e-01]]

6
----------------------------------------------------------------------------------
[[0.75311434 0.62249122 0.10914693 0.41049196 0.43508472 0.47006692
  0.14106264 0.6114299  0.30569921 0.2439859  0.13712958 0.25951489
  0.58811101 0.31794637 0.        ]
 [0.31008368 0.26753494 0.06793914 0.01155966 0.07609986 0.
  0.         0.         0.14888436 0.04128292 0.03878489 0.15580868
  0.048667   0.0102375  0.        ]
 [0.08403339 0.16676589 0.         0.08064939 0.09049464 0.12990307
  0.         0.         0.15337255 0.12788924 0.01426186 0.06322171
  0.10431957 0.         0.        ]
 [0.13621927 0.27462502 0.06388519 0.41520874 0.12212406 0.04072374
  0.         0.23552437 0.09119523 0.09685202 0.11081325 0.18093908
  0.17012169 0.13477382 0.        ]
 [0.         0.         0.         0.24735527 0.0409748  0.
  0.         0.1143724  0.11570305 0.10949135 0.11097753 0.12002806
  0.01122636 0.         0.        ]
 [0.08449715 0.37653068 0.         0.16152748 0.15035677 0.11633755
  0.         0.         0.02085179 0.02924708 0.         0.04950524
  0.21331071 0.         0.        ]
 [0.         0.15576318 0.         0.12655462 0.05563316 0.
  0.         0.01002822 0.00215803 0.00110093 0.0419773  0.00597406
  0.03924447 0.         0.        ]
 [0.         0.15519922 0.         0.3723416  0.08968762 0.
  0.         0.1180077  0.02640751 0.05570885 0.02509834 0.20418793
  0.07747824 0.17468914 0.        ]
 [0.         0.00836977 0.         0.29140036 0.07356622 0.
  0.         0.09285156 0.03927243 0.         0.0359661  0.11347304
  0.05340311 0.14201159 0.        ]
 [0.07447411 0.48155116 0.         0.25258364 0.2055529  0.08435634
  0.         0.         0.08849328 0.1228837  0.         0.0653023
  0.22250954 0.         0.        ]
 [0.         0.23034458 0.         0.14200966 0.13222733 0.12767796
  0.         0.         0.         0.00150846 0.         0.
  0.14533954 0.         0.        ]
 [0.         0.06273457 0.         0.27057189 0.08228098 0.
  0.         0.16991248 0.04896453 0.05423229 0.         0.08432067
  0.04864604 0.12246872 0.        ]
 [0.         0.19561253 0.         0.08952917 0.09850086 0.10769853
  0.         0.         0.         0.03782078 0.         0.
  0.15170585 0.         0.        ]
 [0.00414145 0.05831866 0.10493114 0.02893904 0.07452072 0.09967839
  0.05697591 0.05231209 0.04015916 0.11739658 0.         0.03793528
  0.07103128 0.         0.        ]
 [0.10180003 0.28314551 0.36055898 0.08310906 0.18833728 0.10403696
  0.08811346 0.15477775 0.32899117 0.28834039 0.09243414 0.22068254
  0.23973517 0.1063874  0.05315977]
 [0.02677389 0.16118893 0.05863439 0.         0.10494194 0.09517162
  0.         0.         0.0353117  0.0867353  0.         0.06830387
  0.11153672 0.         0.00299029]
 [0.0073677  0.25571487 0.45108392 0.35097772 0.26037555 0.12412096
  0.         0.31087827 0.20885972 0.32754694 0.12988418 0.11364546
  0.24589125 0.17888606 0.15332725]
 [0.35584217 0.21454727 0.49094017 0.19957106 0.12673832 0.25693777
  0.33567254 0.19508646 0.19288191 0.15704305 0.31964392 0.11747282
  0.09461801 0.16990127 0.65625768]]

7
----------------------------------------------------------------------------------
[[1.72840146e-01 2.31229712e-01 6.57873452e-01 5.94257010e-01
  1.62473900e-01 3.56090527e-01 8.99218589e-01 5.80835205e-01]
 [8.24422509e-03 2.01682148e-01 3.43178607e-02 2.19155558e-01
  1.04155831e-01 7.72371790e-02 2.72527146e-01 1.70457100e-03]
 [3.87124619e-02 1.55033265e-01 2.06703361e-01 2.34876622e-01
  1.61385460e-01 9.74789071e-02 2.48324863e-01 9.89572733e-02]
 [1.52104373e-01 1.84995995e-01 1.38128646e-01 1.37802743e-01
  3.39561203e-01 2.13666442e-01 4.42189728e-01 3.46785264e-01]
 [2.12805415e-02 9.32642106e-02 2.36525275e-04 1.61413113e-01
  9.42765569e-02 6.00852343e-03 1.55208792e-01 3.54772613e-02]
 [3.95527303e-02 8.05520803e-02 2.07642319e-01 5.32358394e-02
  1.06175049e-01 6.16943188e-02 1.73240111e-01 3.93812655e-02]
 [0.00000000e+00 7.83450364e-02 2.29617660e-02 8.44881501e-02
  8.87015973e-02 0.00000000e+00 9.95381229e-02 0.00000000e+00]
 [6.49137252e-02 3.15470045e-02 3.13187284e-02 1.93638248e-01
  1.44333287e-01 9.25886477e-02 4.62830192e-01 7.63151281e-02]
 [0.00000000e+00 1.40133632e-01 5.67148612e-02 1.71421544e-01
  1.36500027e-01 6.46128928e-02 3.23820504e-01 1.91790479e-01]
 [1.83684779e-01 1.36264660e-02 3.17401333e-01 2.26941841e-02
  1.21890305e-01 8.42217838e-02 2.11298772e-01 1.74051363e-01]
 [3.75657976e-02 4.11060738e-03 1.40608598e-01 0.00000000e+00
  9.89541340e-02 2.21370307e-02 4.76521660e-02 2.50033432e-02]
 [6.99713926e-02 1.58965349e-01 7.67935619e-02 2.00574875e-01
  7.97011463e-02 1.48314398e-01 2.49639875e-01 1.74758386e-01]
 [6.50047047e-02 4.29515287e-02 1.39676694e-01 0.00000000e+00
  9.14923322e-02 2.93638967e-02 6.09611978e-02 0.00000000e+00]
 [0.00000000e+00 1.08419093e-01 2.45364546e-01 0.00000000e+00
  1.38362253e-01 9.91913804e-02 3.43939715e-02 1.27912430e-01]
 [1.74600767e-01 2.00830946e-01 2.69568692e-01 2.56454333e-01
  2.37022580e-01 9.15783127e-02 9.10129810e-02 2.24887296e-01]
 [5.99925155e-02 2.21115086e-02 1.43410997e-01 0.00000000e+00
  7.87626729e-02 0.00000000e+00 1.64117918e-02 9.60636497e-03]
 [4.11406808e-02 2.16385442e-01 4.98656669e-01 3.01690542e-01
  1.61518261e-01 1.79861873e-01 1.38332383e-01 3.24782347e-01]
 [2.56057737e-01 2.91787846e-01 1.29410252e-01 2.41917411e-01
  2.87265317e-01 9.30951041e-02 2.37212133e-01 3.20547635e-01]]