

1
----------------------------------------------------------------------------------
[[1.97980326e-01 1.66797995e-01 7.24563725e-02 3.56277980e-01
  3.75724314e-01 2.17668848e-01 5.54485430e-01 4.77959757e-01
  0.00000000e+00 2.62472083e-01 3.23623006e-01 2.17138166e-01
  7.13301476e-01 2.55254699e-01 2.02319078e-01]
 [0.00000000e+00 0.00000000e+00 0.00000000e+00 0.00000000e+00
  8.40201455e-02 9.26009597e-02 1.96504996e-01 2.52938856e-02
  0.00000000e+00 0.00000000e+00 0.00000000e+00 6.46083949e-02
  2.89670777e-02 2.17173954e-01 4.53369973e-02]
 [0.00000000e+00 0.00000000e+00 0.00000000e+00 0.00000000e+00
  2.21948053e-01 6.60105344e-02 3.48026820e-01 1.86754863e-01
  2.80913067e-02 6.59740447e-03 0.00000000e+00 1.53385495e-01
  0.00000000e+00 2.12126334e-01 0.00000000e+00]
 [1.83440500e-01 2.30057205e-01 2.60118009e-02 1.98391450e-01
  1.59358427e-01 3.68482737e-01 2.28362839e-01 2.20825576e-01
  0.00000000e+00 1.77692703e-01 1.04527921e-01 7.23993584e-02
  3.37217940e-01 2.26981458e-01 7.91586878e-02]
 [4.54560952e-02 6.20610115e-02 2.15911897e-02 9.75547813e-02
  9.44955684e-02 1.03020831e-01 2.29276137e-01 1.32118879e-01
  0.00000000e+00 0.00000000e+00 3.57537962e-02 4.69495233e-02
  1.10244647e-01 1.74660474e-01 4.81665738e-02]
 [0.00000000e+00 3.67427291e-02 0.00000000e+00 0.00000000e+00
  2.60321041e-01 1.04625162e-01 3.18106409e-01 1.62722174e-01
  3.33878118e-02 1.09948812e-02 0.00000000e+00 1.01055833e-01
  0.00000000e+00 1.91389836e-01 0.00000000e+00]
 [3.03590145e-03 9.66841085e-02 0.00000000e+00 0.00000000e+00
  1.31217850e-01 3.12624528e-02 2.35906578e-01 1.23454790e-02
  0.00000000e+00 5.22654883e-02 0.00000000e+00 3.08090908e-02
  0.00000000e+00 1.77138803e-01 0.00000000e+00]
 [8.57491758e-02 1.66787895e-01 4.99763984e-02 3.66411829e-01
  6.34647623e-02 1.67992801e-01 1.01141659e-01 3.24625637e-01
  1.36439360e-02 1.26917486e-01 8.17232149e-02 1.95184578e-01
  3.25096815e-01 2.59106294e-01 1.36316333e-01]
 [1.63716646e-01 1.36458317e-01 0.00000000e+00 1.84665740e-01
  1.46979418e-01 2.27448383e-01 1.21640579e-01 1.73187212e-01
  0.00000000e+00 4.63108820e-02 6.41853839e-02 5.60309510e-02
  2.30163719e-01 1.49877456e-01 0.00000000e+00]
 [0.00000000e+00 1.22571407e-01 2.94100025e-02 2.30191564e-02
  2.42225301e-01 9.58324275e-03 2.55021199e-01 1.78315503e-01
  7.64125322e-02 0.00000000e+00 0.00000000e+00 3.96055554e-04
  0.00000000e+00 1.69552068e-01 0.00000000e+00]
 [0.00000000e+00 4.76821135e-02 0.00000000e+00 0.00000000e+00
  2.05412133e-01 2.65634788e-03 1.80812041e-01 6.53591096e-02
  0.00000000e+00 0.00000000e+00 0.00000000e+00 4.07251172e-02
  0.00000000e+00 3.76236048e-01 1.52804801e-02]
 [1.83167658e-01 2.31771476e-01 2.08264352e-02 2.83479183e-01
  1.19434228e-01 2.40659131e-01 1.48385098e-01 2.01619822e-01
  0.00000000e+00 2.23773440e-02 3.57809144e-02 3.36427307e-02
  3.01154413e-01 8.83862956e-02 6.71454234e-02]
 [0.00000000e+00 7.94609119e-03 0.00000000e+00 1.86646194e-03
  1.51812286e-01 1.21279406e-02 1.38704176e-01 5.59424617e-02
  0.00000000e+00 0.00000000e+00 0.00000000e+00 0.00000000e+00
  0.00000000e+00 1.53494988e-01 0.00000000e+00]
 [1.31490508e-01 5.52965723e-02 0.00000000e+00 5.45434016e-02
  1.83993204e-01 1.09220524e-01 8.26826245e-02 6.04348498e-02
  5.76032119e-02 7.36310926e-02 2.32326031e-03 5.67821697e-02
  8.89183349e-02 8.69375685e-02 0.00000000e+00]
 [7.07159514e-01 2.34047511e-01 2.35517233e-01 1.84473252e-01
  2.42711706e-01 2.06649030e-01 1.34775282e-01 2.31181832e-01
  2.20645354e-01 1.58801276e-01 1.00118706e-01 1.42353370e-01
  4.85530596e-01 2.20287244e-01 2.08908457e-01]
 [0.00000000e+00 1.30155922e-01 0.00000000e+00 2.03167727e-01
  2.29125051e-01 9.09136628e-02 4.67083660e-02 2.21019404e-02
  1.42315989e-01 9.97984057e-02 0.00000000e+00 0.00000000e+00
  9.57330283e-02 1.08415528e-01 0.00000000e+00]
 [6.13720533e-01 3.05715644e-01 2.05556452e-01 3.05531542e-01
  3.30053201e-01 2.26730342e-01 5.70683232e-01 5.32771075e-01
  2.91786887e-01 3.00872870e-01 3.45186371e-01 3.29286189e-01
  5.77390216e-01 2.96870156e-01 3.62732195e-01]
 [2.59152957e-01 2.84781982e-01 2.11598743e-01 2.48861737e-01
  2.54633297e-01 7.87182340e-02 7.91784234e-02 7.94992172e-02
  2.79285217e-01 1.59339251e-01 1.59734134e-01 3.64623805e-01
  3.89128768e-01 9.48922012e-02 1.93651198e-01]]

2
----------------------------------------------------------------------------------
[[3.87486528e-01 2.17588800e-01 2.51483056e-01 2.62915448e-01
  2.51717976e-01 3.84902850e-01 2.51671580e-01 9.86183458e-02
  2.85874030e-01 0.00000000e+00 1.24572839e-01 1.84640768e-01
  3.52496833e-02 5.50352435e-01 3.68410451e-01]
 [3.01061831e-01 0.00000000e+00 3.62237969e-02 2.12484446e-02
  0.00000000e+00 0.00000000e+00 9.16208599e-03 0.00000000e+00
  2.34901471e-01 0.00000000e+00 0.00000000e+00 1.24930586e-01
  0.00000000e+00 3.34529873e-02 0.00000000e+00]
 [2.84557148e-01 0.00000000e+00 4.87160317e-02 5.46063210e-02
  0.00000000e+00 9.04063004e-02 5.79222463e-02 0.00000000e+00
  1.44554335e-01 0.00000000e+00 1.04618741e-01 1.19157458e-01
  1.10251043e-01 6.79233109e-02 0.00000000e+00]
 [3.08937074e-01 0.00000000e+00 3.28037521e-02 0.00000000e+00
  5.82764293e-02 0.00000000e+00 5.81756626e-02 5.83189617e-02
  2.60602265e-01 0.00000000e+00 0.00000000e+00 6.97426439e-02
  0.00000000e+00 3.62315324e-01 2.41280313e-02]
 [1.64269618e-01 0.00000000e+00 7.54015016e-03 3.77473935e-02
  0.00000000e+00 0.00000000e+00 5.66605300e-02 1.93134925e-02
  1.29913965e-01 0.00000000e+00 0.00000000e+00 6.08459826e-02
  0.00000000e+00 4.08846107e-02 0.00000000e+00]
 [1.62617190e-01 9.52762365e-03 7.06875909e-02 3.80913375e-02
  0.00000000e+00 2.89883859e-02 1.70089474e-01 5.53354302e-02
  8.77014987e-02 0.00000000e+00 1.02032869e-01 1.40267531e-01
  8.76323097e-02 0.00000000e+00 0.00000000e+00]
 [1.65206741e-01 0.00000000e+00 1.78286141e-02 5.90237226e-02
  0.00000000e+00 0.00000000e+00 2.93686911e-02 0.00000000e+00
  9.96637569e-02 0.00000000e+00 0.00000000e+00 7.63633479e-02
  4.26380765e-02 3.57303245e-02 0.00000000e+00]
 [1.95947484e-01 0.00000000e+00 0.00000000e+00 0.00000000e+00
  1.54360658e-03 0.00000000e+00 5.81926794e-02 1.65637765e-02
  1.96433367e-01 0.00000000e+00 0.00000000e+00 3.96907010e-02
  0.00000000e+00 2.94164020e-01 0.00000000e+00]
 [1.63608186e-01 0.00000000e+00 0.00000000e+00 0.00000000e+00
  0.00000000e+00 0.00000000e+00 0.00000000e+00 1.08482893e-03
  1.92534677e-01 0.00000000e+00 0.00000000e+00 6.17225969e-02
  5.10062265e-02 1.83371736e-01 0.00000000e+00]
 [1.69365809e-01 4.43430509e-02 7.23811776e-02 0.00000000e+00
  0.00000000e+00 9.40056765e-02 1.08082884e-02 2.99493534e-02
  0.00000000e+00 0.00000000e+00 5.47993458e-02 1.24458782e-01
  1.02818272e-01 1.67333048e-02 0.00000000e+00]
 [9.80616125e-02 0.00000000e+00 9.84238747e-02 0.00000000e+00
  0.00000000e+00 0.00000000e+00 2.52250211e-02 2.30565724e-03
  6.62470477e-02 0.00000000e+00 0.00000000e+00 4.94405122e-02
  2.06786578e-02 0.00000000e+00 0.00000000e+00]
 [1.67332344e-01 0.00000000e+00 0.00000000e+00 0.00000000e+00
  0.00000000e+00 1.02583824e-02 7.68504095e-02 0.00000000e+00
  1.34114528e-01 0.00000000e+00 0.00000000e+00 4.72463986e-02
  0.00000000e+00 2.71146409e-01 1.85305154e-02]
 [1.21149902e-01 0.00000000e+00 3.92474030e-02 8.98149042e-03
  0.00000000e+00 0.00000000e+00 0.00000000e+00 0.00000000e+00
  5.35355836e-02 0.00000000e+00 0.00000000e+00 7.90201761e-02
  0.00000000e+00 0.00000000e+00 0.00000000e+00]
 [8.44060897e-02 7.59642095e-02 0.00000000e+00 0.00000000e+00
  1.19139688e-01 0.00000000e+00 7.36883820e-02 1.19746506e-01
  4.77953162e-02 0.00000000e+00 4.48683564e-02 1.94084914e-02
  7.82097363e-02 6.57648899e-02 1.71266762e-04]
 [1.55453381e-01 2.44786324e-01 2.78418433e-01 1.66619201e-01
  2.26351228e-01 1.07811769e-01 2.20595979e-01 2.81770796e-01
  1.39028341e-01 0.00000000e+00 8.83289596e-02 1.17765838e-01
  1.25425411e-01 2.69242132e-01 1.02617751e-01]
 [4.28241238e-02 9.16288609e-02 4.11386453e-02 0.00000000e+00
  8.40117666e-02 5.51328090e-02 0.00000000e+00 1.06092778e-01
  1.03286664e-03 2.12955762e-02 0.00000000e+00 9.53365656e-02
  7.93039442e-02 1.47860244e-02 0.00000000e+00]
 [3.67683376e-01 3.81236621e-01 1.42421907e-01 1.38860301e-01
  3.60638224e-01 3.29800604e-01 3.68155143e-01 2.03433427e-01
  2.16345994e-01 0.00000000e+00 2.55650314e-01 1.44577425e-01
  7.47510275e-02 3.21274882e-01 1.63831267e-01]
 [1.79711459e-01 2.69465001e-01 2.99141616e-01 3.22048038e-01
  2.83174301e-01 2.30191253e-01 1.60657546e-01 2.05474185e-01
  1.63230765e-01 4.80225430e-01 3.11002728e-01 2.27098179e-01
  3.11026498e-01 1.04066758e-01 2.55311640e-01]]

3
----------------------------------------------------------------------------------
[[4.01093109e-02 1.79097560e-01 7.40846829e-02 5.39817977e-01
  4.63040829e-01 3.39854980e-01 1.69876811e-01 1.62584163e+00
  6.22426975e+00 6.15283037e+00 4.62991032e+00 2.87951621e+00
  1.71136949e+00 4.47504715e-01 6.59557797e-01]
 [3.99954602e-02 2.76585498e-02 1.37102502e-01 6.02198102e-02
  0.00000000e+00 7.46156173e-02 1.10833750e-01 1.30789201e+00
  1.14443909e+01 1.83861901e+01 1.10624274e+01 2.14940464e+00
  6.31153235e-01 2.60769379e-01 3.42401226e-01]
 [1.03599284e-01 0.00000000e+00 1.76899964e-01 9.38048656e-02
  0.00000000e+00 1.04348772e-01 1.86703227e-01 1.01855732e+00
  6.54770701e+00 1.06049392e+01 6.88669840e+00 2.23569573e+00
  8.34548233e-01 0.00000000e+00 4.23304813e-01]
 [0.00000000e+00 7.96795979e-02 5.27252090e-02 3.81623214e-01
  1.55808929e-01 1.61663900e-01 3.84556432e-01 1.81043274e+00
  7.58536271e+00 1.45347761e+01 6.10082491e+00 3.88356980e+00
  1.72463549e+00 4.28718655e-01 4.79298765e-01]
 [3.11057028e-02 2.94423134e-02 1.15505763e-01 5.89029268e-02
  7.38077197e-04 1.16040807e-01 1.72212262e-01 1.54248160e+00
  6.29210194e+00 7.03934337e+00 4.96105005e+00 2.96569459e+00
  1.37082455e+00 4.30849358e-01 2.47960095e-01]
 [6.61815085e-02 9.50403627e-02 1.25954619e-01 1.19929529e-01
  0.00000000e+00 3.83347460e-02 3.00399766e-01 2.44555107e+00
  8.64281776e+00 1.00590127e+01 7.64963911e+00 4.08984750e+00
  1.38792218e+00 2.16021629e-01 4.35717516e-01]
 [5.86596425e-02 1.54448427e-02 8.06039581e-02 3.74797169e-02
  0.00000000e+00 9.94440697e-02 1.56315974e-01 2.14765968e+00
  8.97057638e+00 9.89409349e+00 5.41803689e+00 3.01861993e+00
  1.29227350e+00 3.25415121e-01 2.93699156e-01]
 [0.00000000e+00 7.55937648e-02 1.47153242e-02 3.35473689e-01
  1.54748036e-01 2.21551544e-01 0.00000000e+00 1.25078725e-01
  6.29358299e-01 1.14521563e+00 1.22498820e+00 9.48616951e-01
  3.83283378e-01 1.91603120e-01 1.61120165e-01]
 [0.00000000e+00 0.00000000e+00 1.01411942e-01 1.78933442e-01
  3.87713779e-02 1.85102268e-01 1.58754152e-02 1.25157361e-01
  3.05376129e-01 7.59521151e-01 5.62339784e-01 4.14264112e-01
  4.32384574e-02 2.94047546e-02 2.49981000e-01]
 [3.67500581e-02 0.00000000e+00 1.83887040e-01 1.28076538e-01
  0.00000000e+00 4.26573799e-02 8.82752482e-02 1.57381020e-01
  5.42048922e-01 1.56297878e+00 1.20729446e+00 9.69875959e-01
  9.78816039e-02 0.00000000e+00 4.03135686e-01]
 [3.49654082e-02 0.00000000e+00 7.43398166e-02 1.50645060e-02
  0.00000000e+00 5.67575718e-02 1.79454585e-02 1.18316871e-01
  6.15710877e-01 7.68382484e-01 8.09641758e-01 4.78332988e-01
  6.18541184e-02 0.00000000e+00 2.45485736e-01]
 [0.00000000e+00 4.97366308e-02 1.63637400e-01 1.93893170e-01
  3.72154398e-02 1.37462390e-01 9.81774330e-03 2.55599646e-01
  6.40882644e-02 7.42764182e-01 3.54628282e-01 2.18990537e-01
  0.00000000e+00 1.19819578e-01 2.88489567e-01]
 [6.62743264e-02 0.00000000e+00 7.62384213e-02 4.72029765e-02
  0.00000000e+00 3.05452918e-02 2.14257100e-02 1.74385725e-01
  5.84964603e-01 3.72460542e+00 9.47004077e-01 2.79804131e-01
  0.00000000e+00 0.00000000e+00 1.87468447e-01]
 [0.00000000e+00 9.48517251e-04 4.22194383e-02 0.00000000e+00
  0.00000000e+00 6.30929575e-02 1.10587837e-02 3.36105365e-01
  0.00000000e+00 1.06689731e+00 7.72214892e-01 3.37119822e-01
  0.00000000e+00 0.00000000e+00 1.04003994e-01]
 [0.00000000e+00 1.61120032e-01 2.28076842e-01 5.47265021e-02
  4.66593993e-02 1.11380816e-01 5.76782076e-02 2.53685122e-01
  0.00000000e+00 1.23922621e+00 1.03091932e+00 5.02293439e-01
  0.00000000e+00 0.00000000e+00 1.69402839e-01]
 [0.00000000e+00 0.00000000e+00 9.50406286e-02 3.23231438e-02
  0.00000000e+00 5.94549376e-02 0.00000000e+00 3.15794820e-01
  0.00000000e+00 1.32057873e+00 1.00672015e+00 3.06598372e-01
  0.00000000e+00 0.00000000e+00 7.82054589e-02]
 [3.68673539e-02 1.92361543e-01 4.53716540e-02 3.64218210e-01
  2.13609877e-01 4.23730162e-01 1.07778456e-01 3.12242225e-01
  0.00000000e+00 1.19489620e+00 5.47805122e-01 3.70574504e-01
  0.00000000e+00 0.00000000e+00 1.28045344e-01]
 [4.03666742e-01 2.50385744e-01 2.00753372e-01 2.43278817e-01
  4.54396250e-01 7.28581721e-02 2.67438033e-01 1.33274569e-01
  7.13573842e-01 2.12103291e-01 2.93320680e-01 3.95988876e-01
  5.50290978e-01 6.74923836e-01 6.69734585e-02]]

4
----------------------------------------------------------------------------------
[[0.20264255 0.38917445 0.13990412 0.13631778 0.17907115 0.31899181
  0.25475723 0.34906441 0.33520338 0.20913766 0.         0.54385459
  0.20506651 0.23059714 0.68595109]
 [0.09644821 0.40055705 0.         0.13874615 0.17290122 0.13832849
  0.03342355 0.27037951 0.13368427 0.16264267 0.25475156 0.18907332
  0.08852221 0.22063947 0.74051436]
 [0.13634355 0.34372049 0.1256557  0.14862902 0.         0.
  0.         0.11574245 0.18836644 0.06730741 0.         0.2729978
  0.04031161 0.04827212 0.820213  ]
 [0.31451189 0.22153975 0.18562346 0.01701912 0.13857752 0.22745679
  0.06420999 0.13138069 0.19539705 0.31493467 0.0304722  0.28402765
  0.23184948 0.25011984 0.56455662]
 [0.12237621 0.10372464 0.0332921  0.         0.         0.08399146
  0.         0.16152074 0.20056298 0.12443572 0.         0.04517227
  0.         0.06088272 0.11301451]
 [0.06600581 0.31108898 0.         0.1703835  0.         0.
  0.         0.01140149 0.07081432 0.00396196 0.         0.04562856
  0.         0.         0.45089895]
 [0.04326542 0.196164   0.03896213 0.08679807 0.         0.
  0.         0.07061339 0.09862505 0.04790346 0.         0.05491458
  0.         0.03333579 0.24186465]
 [0.         0.26155408 0.23375785 0.06080357 0.01511213 0.38149281
  0.20501061 0.3502836  0.26244577 0.18728508 0.         0.06702527
  0.0686696  0.31389681 0.4032999 ]
 [0.         0.27303197 0.13704995 0.06117146 0.0281959  0.3513828
  0.03646033 0.14361867 0.03796514 0.12231282 0.         0.01531439
  0.         0.172071   0.32584326]
 [0.1730535  0.39598326 0.00627527 0.28245972 0.         0.
  0.         0.1071491  0.03817135 0.         0.         0.
  0.         0.05980032 0.48731482]
 [0.0618327  0.3031537  0.01134037 0.23691089 0.01054008 0.0180799
  0.00618875 0.11545686 0.00316112 0.         0.         0.00642294
  0.         0.01173535 0.34989535]
 [0.         0.25544422 0.07652662 0.02418623 0.0617425  0.25532488
  0.         0.0840378  0.06495071 0.01236225 0.         0.
  0.01224652 0.19794419 0.29570676]
 [0.073026   0.18881998 0.         0.15929944 0.         0.
  0.         0.05501138 0.         0.         0.         0.
  0.         0.01249625 0.31868724]
 [0.         0.12650463 0.07717593 0.05374459 0.09854596 0.05817753
  0.02475497 0.06695861 0.         0.02235002 0.         0.
  0.06907472 0.11040432 0.16147723]
 [0.08658414 0.28790719 0.08197116 0.11401287 0.32161452 0.08266359
  0.13861878 0.12795477 0.12966587 0.1608461  0.         0.07736464
  0.21794259 0.26949599 0.19280046]
 [0.01566644 0.07413567 0.01339625 0.1871675  0.         0.
  0.         0.06129799 0.         0.         0.         0.
  0.05457461 0.07258423 0.21570923]
 [0.         0.38360984 0.17187929 0.20594194 0.34014557 0.22854255
  0.1685632  0.17703015 0.09481675 0.38921654 0.         0.26660893
  0.23304709 0.24187575 0.38524742]
 [0.27877651 0.3503839  0.29650239 0.23519987 0.20908993 0.39023014
  0.3720916  0.1286386  0.19102896 0.32655947 0.34003772 0.29405283
  0.24370433 0.22358437 0.06380574]]

5
----------------------------------------------------------------------------------
[[0.75830974 0.61517451 0.67011912 0.20819456 0.14883155 0.22032711
  0.10091532 0.24397926 0.0474865  0.39622008 0.26181632 0.36343971
  0.19519991 0.32113084 0.32155549]
 [0.6531334  0.61989983 0.28379893 0.11239415 0.         0.06000596
  0.         0.18273688 0.00342984 0.17601664 0.         0.0112795
  0.14534026 0.10401253 0.10119862]
 [0.67492687 0.59331554 0.1545687  0.2427297  0.         0.11222384
  0.00977268 0.10139982 0.04641084 0.12578808 0.         0.10546268
  0.05578467 0.2819303  0.04720544]
 [0.64208385 0.25084084 0.35964356 0.02923451 0.20871987 0.0948158
  0.14198674 0.16097905 0.         0.31705488 0.22730308 0.16011474
  0.12274789 0.19367038 0.15961125]
 [0.2850938  0.16868012 0.16422673 0.1040766  0.         0.01418181
  0.00302444 0.13190401 0.         0.21338969 0.03189029 0.
  0.07878868 0.16633511 0.03515723]
 [0.3738121  0.34152551 0.3300156  0.18418204 0.         0.13568575
  0.0041663  0.06924999 0.09374725 0.16616903 0.08026039 0.19851292
  0.05284208 0.22105744 0.03233637]
 [0.25695725 0.21407962 0.39288431 0.11936798 0.         0.06344304
  0.         0.07674746 0.         0.12338096 0.         0.04344868
  0.         0.12096269 0.0334132 ]
 [0.59199195 0.23335031 0.48378319 0.09510469 0.21880815 0.02433719
  0.05892066 0.         0.08731606 0.28990386 0.14028019 0.18178434
  0.18672314 0.23314246 0.03268231]
 [0.41058293 0.17878825 0.29477889 0.1254063  0.01968713 0.07621395
  0.         0.00883692 0.         0.06091784 0.04943398 0.
  0.06773414 0.2189358  0.        ]
 [0.21725863 0.35354471 0.10339245 0.14040501 0.         0.
  0.01896128 0.03313434 0.16663151 0.15738369 0.         0.00116454
  0.03211802 0.08348177 0.08613572]
 [0.18831849 0.23411219 0.05426516 0.02347247 0.         0.01251831
  0.         0.04856138 0.10758215 0.05174538 0.         0.
  0.04105273 0.13969057 0.03500696]
 [0.36055703 0.08940695 0.2519355  0.05710562 0.08509072 0.00368878
  0.         0.         0.00885445 0.04692886 0.03741413 0.08664373
  0.06893444 0.19761577 0.        ]
 [0.0974323  0.15012566 0.0295348  0.         0.         0.
  0.         0.04290588 0.12865274 0.00941415 0.         0.
  0.02467003 0.10686853 0.0627732 ]
 [0.11103715 0.10654472 0.11406829 0.         0.0326985  0.02446547
  0.12078466 0.01108865 0.07803935 0.03703434 0.00412822 0.
  0.09053009 0.15208761 0.05650463]
 [0.39343276 0.24975331 0.27142026 0.         0.39705517 0.1529973
  0.26403733 0.1154903  0.16156293 0.07680258 0.06381265 0.14147062
  0.15931068 0.29675463 0.24617127]
 [0.         0.15796526 0.07223261 0.         0.00325243 0.02889432
  0.05597565 0.         0.23978414 0.         0.         0.
  0.03178428 0.0637836  0.03348614]
 [0.52586634 0.21364622 0.35767004 0.11944288 0.29360514 0.39039941
  0.3452819  0.20164686 0.01789242 0.06449181 0.36244319 0.14571356
  0.2054959  0.39380106 0.29844408]
 [0.24829543 0.20954561 0.16040348 0.31461423 0.40544124 0.17015662
  0.29221229 0.23351637 0.26082061 0.33885221 0.21811978 0.17465251
  0.15486637 0.07227343 0.2789189 ]]

6
----------------------------------------------------------------------------------
[[3.56665583e-01 1.80636248e-01 3.82293046e-01 3.28703178e-01
  3.84255266e-02 1.03685127e-01 3.38357134e-01 3.76060785e+00
  4.14353161e+00 3.12543548e+00 1.72728369e+00 1.73680762e+00
  1.64172406e+00 9.17151373e-01 7.22762706e-01]
 [0.00000000e+00 1.53002264e-01 1.05270863e-01 3.47214332e-03
  1.13677296e-01 2.26884925e-01 2.56979082e-01 7.77419435e+00
  6.81287482e+00 1.98976706e+00 1.52453717e+00 3.64319502e+00
  2.54125412e+00 7.40642008e-01 6.04390993e-01]
 [1.87716127e-01 0.00000000e+00 0.00000000e+00 1.08697691e-01
  1.05421153e-01 0.00000000e+00 2.25047727e-01 6.41804892e+00
  4.97290502e+00 2.01702413e+00 1.46214712e+00 2.40296890e+00
  1.05780649e+00 9.01000953e-01 6.43436197e-01]
 [1.75822845e-01 3.09550360e-01 2.68974130e-01 1.70715625e-01
  3.29310415e-03 2.19979019e-01 3.42972387e-01 5.14597985e+00
  5.66969057e+00 3.94102027e+00 3.78630884e+00 4.33955499e+00
  2.43315350e+00 1.38841740e+00 1.05570911e+00]
 [1.14633384e-01 1.64231539e-01 1.01499072e-02 8.91622924e-02
  0.00000000e+00 8.62504033e-02 6.81629265e-01 8.52287285e+00
  7.39853451e+00 3.74971551e+00 2.68082189e+00 4.09746207e+00
  1.76182996e+00 9.89566160e-01 5.11836801e-01]
 [1.75626156e-01 0.00000000e+00 0.00000000e+00 0.00000000e+00
  0.00000000e+00 2.36849508e-02 6.60797360e-01 1.03162069e+01
  7.44778745e+00 4.18980479e+00 3.21121633e+00 4.92647338e+00
  1.85483034e+00 1.48422355e+00 9.69429702e-01]
 [6.94583887e-02 0.00000000e+00 1.41038413e-02 0.00000000e+00
  3.36713148e-02 3.40716226e-02 6.77582157e-01 1.10156250e+01
  6.11347315e+00 3.85247946e+00 3.18675025e+00 4.46698320e+00
  1.91940141e+00 1.11730512e+00 6.15068025e-01]
 [6.40334738e-02 1.38757112e-01 6.22139842e-02 1.63120938e-01
  0.00000000e+00 0.00000000e+00 0.00000000e+00 2.75799124e-01
  4.77114106e-01 3.98467447e-01 1.96755872e-01 8.46404001e-01
  6.86939129e-01 5.97419536e-01 4.76896245e-01]
 [0.00000000e+00 1.04567005e-01 8.45273559e-02 9.45326481e-02
  0.00000000e+00 0.00000000e+00 1.55443081e-01 4.13962692e-01
  5.26832633e-01 3.00728172e-01 2.79679202e-01 2.75474734e-01
  2.94438084e-01 3.51912795e-01 2.65631420e-01]
 [2.42052001e-01 0.00000000e+00 0.00000000e+00 0.00000000e+00
  0.00000000e+00 0.00000000e+00 0.00000000e+00 6.93205060e-01
  7.33336238e-01 4.11268931e-01 2.41842778e-01 8.55210012e-01
  2.85028917e-01 6.64295197e-01 3.84542480e-01]
 [7.09687432e-02 0.00000000e+00 0.00000000e+00 0.00000000e+00
  0.00000000e+00 0.00000000e+00 1.33049930e-01 4.63297518e-01
  4.92726653e-01 2.43434853e-01 2.75712089e-01 1.11855076e+00
  1.92286397e-01 5.28617271e-01 4.31699240e-01]
 [0.00000000e+00 6.73928220e-02 6.25244591e-02 1.52962906e-01
  4.64754935e-02 0.00000000e+00 1.32459619e-01 5.07674493e-01
  5.49819860e-01 2.14884990e-01 3.31577973e-01 1.15605521e-01
  2.06831795e-01 1.76415610e-01 1.55088863e-01]
 [1.00568659e-01 0.00000000e+00 0.00000000e+00 0.00000000e+00
  0.00000000e+00 0.00000000e+00 1.79167511e-01 5.47187411e-01
  5.81369751e-01 2.40728212e-01 2.03767986e-01 6.52251399e-01
  1.91578686e-02 3.02094827e-01 1.92378382e-01]
 [7.28783909e-02 0.00000000e+00 0.00000000e+00 3.74137730e-02
  0.00000000e+00 6.36760494e-02 3.46896139e-01 8.35165830e-01
  6.53878554e-01 2.69891509e-01 3.77826702e-01 0.00000000e+00
  2.48422682e-01 9.23175003e-02 1.36229848e-01]
 [4.01379562e-02 1.90288681e-01 0.00000000e+00 1.54911046e-01
  1.15756697e-01 3.30121511e-01 4.30403267e-01 1.10295474e+00
  7.77734437e-01 5.55051472e-01 6.27641162e-01 0.00000000e+00
  3.69315722e-01 1.67575473e-01 3.11492462e-01]
 [1.95009523e-01 0.00000000e+00 0.00000000e+00 0.00000000e+00
  0.00000000e+00 0.00000000e+00 3.28779020e-01 9.84799598e-01
  7.03744134e-01 2.74080577e-01 4.93743387e-01 0.00000000e+00
  1.84531035e-01 1.61442059e-01 1.12086300e-01]
 [2.00571044e-01 2.38681292e-01 3.98070289e-02 1.64363142e-01
  1.52344794e-01 1.95121688e-01 6.50493812e-01 8.91165765e-01
  7.05561202e-01 5.04642895e-01 4.85347026e-01 0.00000000e+00
  1.06695023e-01 3.08527933e-01 4.04947404e-01]
 [2.79036052e-01 2.78351851e-01 6.16538074e-01 3.48047065e-01
  4.54277066e-01 3.66507300e-01 2.81449769e-01 3.73744543e-01
  2.94221609e-01 2.41690428e-01 1.87367968e-01 6.48088236e-01
  2.65046083e-01 1.23845743e-01 1.04717568e-01]]

7
----------------------------------------------------------------------------------
[[0.37345453 0.22145551 0.11139812 0.27705112 0.27362107 0.29907271
  0.11287056 0.22011095 1.63462159]
 [0.22926136 0.16630056 0.         0.06274834 0.03474837 0.32012575
  0.04899583 0.17625454 0.22916332]
 [0.         0.06829568 0.         0.         0.01313589 0.23408193
  0.07498252 0.84888937 0.09412383]
 [0.         0.3541931  0.17140984 0.05438299 0.16665002 0.1079053
  0.05676697 0.4900596  1.10335063]
 [0.         0.12905145 0.07758835 0.         0.         0.16146846
  0.         0.05488869 0.3674456 ]
 [0.         0.10072887 0.1521755  0.09891988 0.03665339 0.16742376
  0.15465556 0.70810879 0.34638726]
 [0.         0.08230233 0.06028677 0.04374057 0.         0.07936559
  0.01754157 0.00354329 0.        ]
 [0.08665668 0.19944577 0.17289703 0.         0.19568336 0.05940152
  0.03653703 0.66503847 1.12454282]
 [0.         0.2023286  0.1736494  0.         0.16255061 0.01847268
  0.         0.34672714 0.65458506]
 [0.         0.02021632 0.06245478 0.         0.         0.09371323
  0.22056903 1.04791843 0.49146854]
 [0.         0.0382574  0.06435911 0.         0.         0.00510663
  0.14420138 0.49250541 0.05615587]
 [0.09500405 0.20308501 0.         0.07748861 0.10588539 0.1046194
  0.00758184 0.36990157 0.76455641]
 [0.         0.06112239 0.0367281  0.         0.         0.10067308
  0.12556151 0.47811803 0.03293225]
 [0.01232811 0.09316552 0.         0.03281792 0.01147063 0.05058498
  0.14161259 0.29530677 0.22667039]
 [0.0868052  0.14761731 0.25178888 0.19892675 0.1677518  0.46733617
  0.15745557 0.32317237 0.19048296]
 [0.         0.01271918 0.09372518 0.         0.         0.05169471
  0.14078448 0.42558832 0.16378825]
 [0.16065917 0.17025049 0.28604488 0.21298542 0.2820441  0.68240967
  0.3609476  0.61110323 0.60909904]
 [0.53239037 0.20183748 0.47069148 0.22285226 0.21444107 0.14130409
  0.25096221 0.27858351 0.30046016]]