

1
----------------------------------------------------------------------------------
[[7.06984315e-01 6.75518317e-01 2.95204396e-01 3.34054782e-01
  5.78894984e-01 7.90367335e-02 4.96231001e-01 2.28723333e-01
  4.43382009e-01 1.59649913e-01 4.07919772e-01 4.31104408e-01
  9.35517181e-02 4.09229966e-01 5.89501562e-02]
 [3.55260451e-02 6.53640012e-02 8.17527431e-02 5.14153362e-02
  1.02187671e-01 0.00000000e+00 1.94082756e-01 1.54617856e-01
  5.15350039e-02 0.00000000e+00 0.00000000e+00 6.88194247e-03
  0.00000000e+00 4.34699147e-02 5.00193165e-02]
 [2.44395308e-01 2.20343038e-01 0.00000000e+00 2.90027529e-02
  1.25884650e-01 0.00000000e+00 3.80743445e-01 8.16422107e-04
  1.33084527e-01 0.00000000e+00 2.47445218e-02 0.00000000e+00
  0.00000000e+00 8.90600655e-02 0.00000000e+00]
 [2.18256111e-01 1.85311244e-01 2.98054634e-01 3.44905683e-01
  2.95770388e-01 0.00000000e+00 4.20450689e-01 8.12641286e-02
  1.36578152e-01 0.00000000e+00 1.95283433e-01 2.39665135e-01
  0.00000000e+00 0.00000000e+00 7.95427004e-02]
 [7.33199050e-02 3.75185889e-03 1.63154012e-01 1.60816973e-01
  9.42678115e-02 0.00000000e+00 1.59175247e-01 1.16745705e-01
  0.00000000e+00 0.00000000e+00 0.00000000e+00 0.00000000e+00
  0.00000000e+00 0.00000000e+00 9.83222653e-02]
 [2.67787108e-01 1.62709288e-01 0.00000000e+00 2.92788915e-02
  1.20854897e-01 0.00000000e+00 3.58413181e-01 3.81190735e-02
  1.43734157e-01 0.00000000e+00 1.16185410e-01 0.00000000e+00
  0.00000000e+00 3.19215350e-03 0.00000000e+00]
 [3.13602595e-02 3.80738974e-02 0.00000000e+00 4.02871474e-02
  3.14019748e-02 0.00000000e+00 1.49053801e-01 1.03389033e-01
  1.86226105e-02 0.00000000e+00 0.00000000e+00 0.00000000e+00
  0.00000000e+00 0.00000000e+00 4.52025490e-02]
 [1.90404833e-01 1.60345235e-01 0.00000000e+00 7.21353103e-01
  2.91183235e-01 3.38847485e-02 3.38867499e-01 2.08723123e-01
  2.49409951e-01 0.00000000e+00 1.05572223e-01 2.11951813e-01
  0.00000000e+00 0.00000000e+00 1.09393186e-01]
 [6.84835959e-02 0.00000000e+00 0.00000000e+00 9.08170531e-01
  2.99284215e-01 0.00000000e+00 2.87727561e-01 7.87780683e-02
  3.47159954e-01 0.00000000e+00 3.96635290e-02 1.13577785e-01
  0.00000000e+00 0.00000000e+00 4.41018632e-01]
 [4.38168911e-01 2.63323058e-01 0.00000000e+00 1.05600846e-01
  2.09190744e-01 0.00000000e+00 4.52769576e-01 0.00000000e+00
  2.00914996e-01 8.96741277e-02 1.38945935e-01 0.00000000e+00
  0.00000000e+00 6.44512875e-02 0.00000000e+00]
 [2.21340760e-01 1.12652979e-01 6.72877522e-01 5.55859369e-01
  9.76713939e-02 0.00000000e+00 2.75595779e-01 0.00000000e+00
  4.21805316e-01 2.97245271e-02 3.07601664e-02 5.07673876e-02
  0.00000000e+00 2.04400036e-03 1.06472992e+00]
 [1.01412014e-01 1.18926957e-01 1.60642517e-01 8.31099364e-01
  2.43737369e-01 0.00000000e+00 2.79114571e-01 9.89988079e-02
  1.99466894e-01 0.00000000e+00 1.14602753e-01 2.04722495e-01
  0.00000000e+00 0.00000000e+00 3.60843031e-01]
 [1.80428746e-01 7.49482277e-02 1.07077214e-01 6.08205802e-02
  5.83833663e-02 0.00000000e+00 2.71665298e-01 0.00000000e+00
  1.36126578e-01 0.00000000e+00 4.08930913e-02 0.00000000e+00
  0.00000000e+00 1.08399559e-02 1.66683126e-01]
 [1.06058941e-01 0.00000000e+00 0.00000000e+00 7.07695134e-02
  1.33664443e-01 5.73082440e-02 1.52365319e-01 3.58091001e-02
  7.41569728e-02 9.99578070e-02 1.20120910e-01 7.69286349e-02
  0.00000000e+00 3.50303587e-02 0.00000000e+00]
 [4.44366405e-01 7.37856443e-01 2.33921422e-01 2.13752676e-01
  3.19736121e-01 6.20629895e-02 3.31503851e-01 1.22149719e-02
  2.47616715e-01 2.54103944e-01 2.11391821e-01 2.85177377e-01
  0.00000000e+00 1.91637045e-01 0.00000000e+00]
 [2.23406517e-01 7.46739988e-02 0.00000000e+00 7.53503191e-02
  1.26952748e-01 2.41288042e-02 3.02940922e-01 0.00000000e+00
  0.00000000e+00 1.21399336e-01 1.93090165e-01 4.78210791e-03
  0.00000000e+00 1.77801933e-03 0.00000000e+00]
 [7.03687729e-01 1.89705325e+00 4.55210957e-01 4.38651845e-01
  5.54748460e-01 2.66949220e-01 6.48039983e-01 3.72450250e-01
  4.22871596e-01 2.36740724e-01 2.26097179e-01 5.87094994e-01
  2.00636722e-01 4.05547624e-01 0.00000000e+00]
 [1.30853214e-01 2.65894901e-01 4.61104273e-01 8.97647131e-02
  1.33103476e-01 5.27337218e-01 8.76139912e-02 4.95943906e-01
  2.14894462e-01 3.19725640e-01 2.47543537e-01 1.27572197e-01
  5.61120882e-01 4.68971935e-01 3.27209944e-01]]

2
----------------------------------------------------------------------------------
[[0.10338992 0.30386362 0.24063729 0.72585602 0.33521328 0.33823857
  0.41058385 0.08842575 0.29385763 0.45184874 0.24961605 0.20485292
  0.36446819 0.14307581 0.30324461]
 [0.         0.         0.2532902  0.15702043 0.06181951 0.10723017
  0.         0.02116301 0.02993791 0.05467698 0.         0.07531972
  0.08595235 0.14629617 0.00377121]
 [0.13020528 0.02238163 0.37884873 0.         0.24482585 0.06989612
  0.         0.05472982 0.03346297 0.26357945 0.00479046 0.11394276
  0.         0.15548638 0.14389618]
 [0.07272537 0.20695852 0.04142026 0.45461814 0.05308782 0.1019877
  0.11629385 0.06857331 0.27716181 0.09258967 0.03030651 0.13189196
  0.28526364 0.15961044 0.18878347]
 [0.         0.07511742 0.15596461 0.22617415 0.03516824 0.03500635
  0.         0.05382696 0.10709034 0.06347627 0.         0.06045319
  0.14605865 0.08486873 0.0373637 ]
 [0.10605289 0.         0.20393678 0.         0.29156441 0.16313182
  0.         0.07329947 0.15273816 0.15384417 0.         0.13775418
  0.         0.10989887 0.21565746]
 [0.01117435 0.         0.44112903 0.         0.07096826 0.29364598
  0.02089086 0.05638175 0.10273688 0.12013552 0.         0.10026165
  0.         0.08485395 0.03568474]
 [0.02576316 0.32109957 0.00815231 0.43815892 0.         0.
  0.17591353 0.05881965 0.26949566 0.171011   0.15400093 0.03616067
  0.34022313 0.         0.03073616]
 [0.         0.15077466 0.         0.18611373 0.         0.07043344
  0.01639813 0.05108101 0.10020936 0.0674793  0.06773259 0.04120019
  0.05676966 0.         0.03562345]
 [0.17542338 0.         0.31243175 0.         0.31637518 0.05813906
  0.         0.09993176 0.07872227 0.24536176 0.         0.10987565
  0.         0.06776051 0.23565887]
 [0.21102801 0.         0.12368286 0.10581654 0.09990864 0.03515767
  0.         0.03599497 0.06329254 0.18826955 0.         0.09753458
  0.         0.03942807 0.08808993]
 [0.10795919 0.14006899 0.01704252 0.30354828 0.         0.08152957
  0.09155724 0.05381985 0.20732303 0.11852051 0.14653037 0.12429015
  0.05729799 0.14196447 0.06508457]
 [0.11281734 0.         0.09691258 0.         0.15051536 0.03153991
  0.         0.01403498 0.         0.18919249 0.         0.07460833
  0.         0.05637758 0.06007372]
 [0.0859801  0.05742484 0.         0.         0.06187527 0.04877372
  0.         0.04648087 0.01870343 0.09744317 0.01799811 0.
  0.         0.00288255 0.00331143]
 [0.14363895 0.23903195 0.15337934 0.05338877 0.17409742 0.104165
  0.06024082 0.14764098 0.18653757 0.33192129 0.05915329 0.19274849
  0.17088396 0.19351449 0.15078168]
 [0.08949742 0.         0.         0.         0.23923275 0.01375204
  0.         0.03527089 0.04157019 0.08193316 0.         0.00861224
  0.         0.01255982 0.03324548]
 [0.17756091 0.4305716  0.17517897 0.49164893 0.33708518 0.12415662
  0.0999306  0.22413495 0.22059776 0.43812613 0.13788704 0.14696652
  0.05929195 0.22801828 0.23524448]
 [0.17142223 0.17067968 0.18944119 0.27974867 0.34933064 0.27952072
  0.43557889 0.3197568  0.25198494 0.11928685 0.39440558 0.21610995
  0.31249494 0.21547156 0.12388858]]

3
----------------------------------------------------------------------------------
[[2.16896676e-01 3.64106815e-01 2.14501840e-01 9.03661095e-02
  4.50798990e-01 3.36661963e-01 2.90594514e-01 2.20040777e-01
  2.76574922e-01 2.06227182e-01 2.23052278e-01 3.36186682e-01
  2.65369089e-01 2.08529061e-01 1.12490902e-01]
 [0.00000000e+00 1.37687685e-02 3.37666887e-02 2.03874551e-03
  4.01310076e-02 2.82074757e-02 0.00000000e+00 0.00000000e+00
  0.00000000e+00 1.62381399e-02 4.27474451e-03 0.00000000e+00
  9.73172378e-02 1.29770704e-01 5.17354568e-02]
 [0.00000000e+00 2.10663089e-01 2.25920063e-01 1.12152857e-01
  4.17658946e-02 5.10835841e-02 0.00000000e+00 0.00000000e+00
  9.80372712e-02 7.00942749e-02 0.00000000e+00 0.00000000e+00
  1.33724606e-01 7.45739211e-02 7.43218923e-02]
 [9.03759756e-02 2.29833001e-01 1.19275077e-01 1.94416074e-01
  1.54980522e-01 1.15068448e-02 1.98667551e-01 2.64314280e-02
  1.08597549e-01 5.52701139e-02 3.02324820e-01 4.95517858e-02
  0.00000000e+00 7.69525653e-02 1.86827351e-01]
 [4.75836574e-02 8.52075645e-02 3.09003905e-02 8.09788577e-02
  6.91781580e-02 3.81915142e-03 9.50146590e-02 0.00000000e+00
  8.01562644e-02 2.88295047e-02 1.11829875e-01 4.68082053e-02
  1.14384241e-01 8.82856783e-02 1.62511734e-01]
 [0.00000000e+00 1.98776140e-01 1.81312507e-01 1.22670337e-01
  3.45720466e-02 0.00000000e+00 0.00000000e+00 0.00000000e+00
  1.33137545e-01 0.00000000e+00 3.75143576e-02 0.00000000e+00
  7.44067978e-02 2.49798674e-02 5.87383376e-03]
 [0.00000000e+00 4.94489570e-02 4.93109809e-02 7.10211443e-02
  1.12707484e-02 0.00000000e+00 0.00000000e+00 2.99735104e-03
  0.00000000e+00 0.00000000e+00 0.00000000e+00 5.55073307e-03
  5.14359794e-02 4.30676638e-02 5.19014693e-02]
 [3.27151628e-01 2.68980096e-01 1.32241110e-01 3.43062739e-01
  1.37167117e-01 9.18318802e-02 0.00000000e+00 2.80583985e-01
  1.22376703e-01 9.18883011e-02 1.82049772e-01 0.00000000e+00
  0.00000000e+00 0.00000000e+00 2.33307054e-01]
 [1.13276696e-01 1.79911692e-01 1.06817962e-01 2.73042602e-01
  5.99614677e-02 0.00000000e+00 4.49745703e-02 8.54245229e-02
  1.69039149e-02 0.00000000e+00 1.75346330e-01 0.00000000e+00
  0.00000000e+00 0.00000000e+00 1.24071473e-01]
 [0.00000000e+00 2.12553743e-01 2.44784031e-01 8.84370711e-02
  0.00000000e+00 6.66587622e-04 0.00000000e+00 4.69318825e-02
  1.86809481e-01 5.59099639e-02 1.17121387e-01 0.00000000e+00
  2.26791091e-03 0.00000000e+00 0.00000000e+00]
 [0.00000000e+00 1.27030200e-01 1.66616410e-01 5.08489077e-02
  7.12968756e-03 0.00000000e+00 0.00000000e+00 0.00000000e+00
  5.16500510e-02 0.00000000e+00 0.00000000e+00 0.00000000e+00
  3.19979553e-02 5.65507991e-04 0.00000000e+00]
 [1.58212179e-01 2.60461172e-01 1.56274716e-01 2.81225552e-01
  1.04000415e-01 0.00000000e+00 9.30171702e-02 1.12446030e-01
  1.53673759e-01 4.90184670e-02 1.80002587e-01 7.58497680e-02
  2.92946559e-02 1.39214447e-02 1.00275106e-01]
 [0.00000000e+00 1.25964327e-01 9.04871082e-02 8.48770289e-02
  0.00000000e+00 0.00000000e+00 0.00000000e+00 3.85247355e-02
  4.58706864e-02 0.00000000e+00 0.00000000e+00 0.00000000e+00
  0.00000000e+00 0.00000000e+00 0.00000000e+00]
 [1.41203645e-01 5.47734876e-02 3.98940395e-02 3.36671346e-02
  4.91255149e-02 0.00000000e+00 1.03971763e-01 9.23464988e-02
  4.66212893e-02 7.50834232e-03 0.00000000e+00 0.00000000e+00
  3.25142750e-02 0.00000000e+00 6.26313797e-02]
 [3.31631534e-01 1.65998064e-01 4.27902914e-01 2.85937322e-01
  1.71783072e-01 2.41088529e-01 9.00949249e-02 1.08914321e-01
  6.93612347e-02 1.21281589e-01 9.09799500e-02 1.63615171e-01
  7.62445711e-02 1.20155299e-01 0.00000000e+00]
 [3.38311241e-02 1.91051606e-01 9.37105167e-02 7.23728670e-02
  0.00000000e+00 0.00000000e+00 0.00000000e+00 9.11695993e-02
  0.00000000e+00 0.00000000e+00 0.00000000e+00 0.00000000e+00
  4.72238903e-02 0.00000000e+00 0.00000000e+00]
 [4.55238098e-01 2.72267081e-01 4.11116441e-01 6.77544657e-01
  2.43788114e-01 1.95721208e-01 2.74428955e-01 2.06474661e-01
  1.57940953e-01 8.71190759e-02 2.46167307e-01 7.22456649e-01
  9.26721165e-02 1.22230728e-01 8.85626030e-02]
 [3.75933679e-01 9.74353969e-02 2.07105305e-01 2.22065580e-01
  7.26555781e-02 3.52195253e-01 4.73512373e-01 2.48937774e-01
  1.33578668e-01 2.42495324e-01 1.99357849e-01 2.48191531e-01
  3.55595106e-01 2.91040029e-01 5.54180529e-01]]

4
----------------------------------------------------------------------------------
[[1.53635016e-01 2.69986167e-01 2.01814639e-01 4.65219153e-01
  2.94931901e-01 4.09191020e-01 6.66605332e-01 2.61556355e+00
  8.79203922e+00 6.66480082e+00 2.60763284e+00 9.06280123e-01
  0.00000000e+00 0.00000000e+00 0.00000000e+00]
 [0.00000000e+00 6.66906220e-02 2.44244420e-03 0.00000000e+00
  5.22763079e-02 1.12263702e-01 3.27097662e-01 5.14638613e+00
  1.58598464e+01 2.00855967e+01 2.01958556e+00 4.85093419e-01
  0.00000000e+00 0.00000000e+00 0.00000000e+00]
 [0.00000000e+00 1.64022328e-01 7.18945388e-02 0.00000000e+00
  1.45541418e-01 1.66007854e-01 4.81770212e-01 2.59142455e+00
  9.48481773e+00 1.89455618e+01 4.03435168e+00 1.76640718e-01
  0.00000000e+00 0.00000000e+00 0.00000000e+00]
 [1.98193908e-01 1.87546269e-01 1.07771485e-01 6.36721187e-02
  6.26848629e-02 4.28546175e-01 8.23277678e-01 4.46198494e+00
  1.18094541e+01 1.33378668e+01 4.78341936e+00 1.68758234e+00
  0.00000000e+00 0.00000000e+00 0.00000000e+00]
 [1.84871550e-02 8.78809114e-02 6.52770070e-02 4.56405263e-02
  2.72423983e-01 1.10312354e-01 6.70362468e-01 4.72853373e+00
  8.68780331e+00 6.38454530e+00 3.74528144e+00 1.45644479e+00
  0.00000000e+00 0.00000000e+00 0.00000000e+00]
 [0.00000000e+00 2.16215328e-01 8.23946104e-02 0.00000000e+00
  2.27324889e-01 1.76921943e-01 6.82234202e-01 5.66891163e+00
  1.13847084e+01 8.14750585e+00 3.82857794e+00 1.28803133e+00
  0.00000000e+00 0.00000000e+00 0.00000000e+00]
 [0.00000000e+00 8.73600265e-02 0.00000000e+00 0.00000000e+00
  2.13679003e-02 6.03762010e-02 4.45069650e-01 6.53054468e+00
  9.38293670e+00 6.40503334e+00 2.60819667e+00 9.24959405e-01
  1.25719613e-01 1.33674409e-03 0.00000000e+00]
 [2.04948544e-01 1.63390595e-01 9.30490993e-02 2.96523603e-01
  6.45695336e-01 8.24131458e-01 7.67551996e-01 6.71074222e-01
  1.09749947e+00 3.02760355e+00 1.76327482e+00 7.67991083e-01
  0.00000000e+00 5.85887991e-02 1.64661319e-01]
 [1.77239027e-01 2.93591342e-01 8.20730505e-02 1.16963355e-01
  1.27379433e+00 9.19052041e-01 7.53850422e-01 6.75126709e-01
  8.85399553e-01 1.18707176e+00 6.11736918e-02 0.00000000e+00
  0.00000000e+00 1.02123898e-01 0.00000000e+00]
 [0.00000000e+00 2.79969830e-01 4.40133392e-02 3.45503333e-02
  2.85496555e-01 2.74175516e-01 4.14102125e-01 4.74512579e-01
  1.48067778e+00 1.33031948e+00 7.29973073e-01 1.64657462e-02
  0.00000000e+00 0.00000000e+00 0.00000000e+00]
 [0.00000000e+00 2.37428399e-01 0.00000000e+00 2.00184510e-01
  1.40374195e+00 6.25730735e-01 9.17617491e-01 1.00112940e+00
  1.61018375e+00 1.55464507e+00 9.38433630e-02 0.00000000e+00
  0.00000000e+00 1.33195615e-02 0.00000000e+00]
 [1.64622973e-01 2.16408548e-01 1.10692346e-01 3.26189304e-01
  8.69504206e-01 5.55966229e-01 4.21393801e-01 1.22657063e-01
  3.62771120e-01 3.58515672e-01 0.00000000e+00 1.96590384e-01
  0.00000000e+00 0.00000000e+00 2.05344860e-01]
 [0.00000000e+00 1.52540783e-01 1.67211815e-02 5.59287768e-02
  4.57955434e-01 8.45918694e-02 4.74266770e-02 1.09904509e-01
  1.12861966e+00 0.00000000e+00 0.00000000e+00 0.00000000e+00
  0.00000000e+00 0.00000000e+00 0.00000000e+00]
 [0.00000000e+00 7.89891637e-02 4.32184634e-02 9.86660024e-02
  9.67019878e-02 1.28298381e-01 0.00000000e+00 0.00000000e+00
  1.24634302e-01 0.00000000e+00 0.00000000e+00 0.00000000e+00
  0.00000000e+00 1.81386412e-02 0.00000000e+00]
 [1.16429322e-01 2.26921609e-01 1.23843998e-01 2.01946984e-01
  2.27497990e-01 2.11243508e-01 2.37374607e-01 0.00000000e+00
  1.71771935e-01 0.00000000e+00 0.00000000e+00 0.00000000e+00
  2.88131472e-02 1.61041341e-01 2.02502632e-01]
 [0.00000000e+00 1.83982976e-01 4.50372263e-02 8.19653511e-02
  1.17169082e-01 0.00000000e+00 0.00000000e+00 0.00000000e+00
  1.46595129e-01 0.00000000e+00 0.00000000e+00 0.00000000e+00
  0.00000000e+00 0.00000000e+00 0.00000000e+00]
 [1.62716933e-01 4.02575260e-01 2.09834263e-01 3.53168656e-01
  2.63923637e-01 6.09870221e-01 5.11318851e-01 1.07933100e-01
  1.42173736e-01 0.00000000e+00 0.00000000e+00 6.23668799e-01
  1.83405094e-02 1.89898010e-01 4.16481923e-01]
 [4.16774184e-01 7.01179746e-02 1.64642853e-01 2.10495045e-01
  1.15396992e-01 1.90502130e-01 4.62795403e-01 5.54473176e-01
  5.97191787e-01 1.14139863e+00 1.48892504e+00 1.48233251e+00
  9.26568578e-01 7.76756665e-01 4.61156030e-01]]

5
----------------------------------------------------------------------------------
[[4.51042424e-01 2.97387334e-01 1.90335608e-01 3.27890820e-01
  2.61745755e-01 2.89772984e-01 4.12958764e-01 4.65136041e-02
  9.28287609e-01 3.76301246e+00 4.16676771e+00 2.79347214e+00
  1.64914131e+00 8.81964935e-01 3.21284641e-01]
 [1.19563153e-01 4.91432870e-01 1.34904477e-01 4.55262228e-01
  2.06027579e-01 9.44331189e-02 1.32856782e-01 3.54568556e-01
  1.71913790e+00 1.61979162e+01 7.62896623e+00 3.49746120e+00
  1.12624068e+00 5.55976200e-01 7.71425278e-02]
 [1.91181329e-01 5.41542534e-01 2.12725765e-02 5.05969896e-01
  9.97058048e-02 0.00000000e+00 2.19508276e-02 4.84620925e-01
  2.84431079e+00 6.33736674e+00 3.66669858e+00 2.07254258e+00
  1.09923074e+00 8.26426295e-01 2.22147013e-01]
 [1.56489722e-01 8.54621264e-01 6.34073612e-02 5.68939884e-01
  3.92293006e-01 3.91187334e-01 3.22102092e-01 1.48329641e-01
  1.65366550e+00 7.64429463e+00 1.42019138e+01 4.24089890e+00
  2.60460511e+00 1.51137422e+00 6.02821444e-01]
 [0.00000000e+00 7.09647409e-01 0.00000000e+00 4.09134164e-01
  1.56282923e-01 3.53117043e-01 0.00000000e+00 6.96012387e-01
  2.57260730e+00 1.17555622e+01 7.26448019e+00 3.88363406e+00
  2.12607820e+00 1.32559088e+00 8.01766042e-02]
 [6.14126746e-01 9.34616496e-01 1.81782300e-01 4.33650849e-01
  7.59108286e-02 3.05518613e-01 0.00000000e+00 2.15897728e+00
  5.96132982e+00 1.06024876e+01 6.54538123e+00 3.01372105e+00
  1.78823305e+00 8.91533417e-01 2.98286704e-01]
 [1.35859165e-01 6.38073257e-01 1.93346906e-02 3.32518627e-01
  3.96779857e-02 3.25203816e-01 0.00000000e+00 1.33937723e+00
  3.49131533e+00 1.09134642e+01 7.77706450e+00 3.71578363e+00
  1.94236000e+00 9.40398426e-01 5.47977804e-02]
 [2.20868881e-01 6.55152616e-01 9.03793734e-02 5.47409805e-01
  4.20185092e-01 0.00000000e+00 8.67162621e-02 0.00000000e+00
  3.52777602e-01 2.79610071e+00 1.51587391e+00 9.01177065e-01
  7.12110159e-01 6.22926097e-01 9.09081938e-02]
 [1.23033377e-01 3.29774303e-01 0.00000000e+00 2.31162030e-01
  2.36285494e-01 0.00000000e+00 0.00000000e+00 0.00000000e+00
  0.00000000e+00 2.73820155e+00 6.28172395e-01 3.09442208e-01
  2.82620437e-01 3.68395175e-01 0.00000000e+00]
 [1.36146949e-01 2.88455921e-01 0.00000000e+00 1.64142407e-01
  1.61373112e-01 0.00000000e+00 0.00000000e+00 8.00570021e-02
  4.65809310e-01 3.93035234e+00 7.95023653e-01 5.05373802e-01
  7.02419247e-01 2.64071773e-01 3.73461660e-02]
 [1.74437986e-01 3.35168649e-02 0.00000000e+00 8.40175818e-02
  1.72208628e-01 0.00000000e+00 0.00000000e+00 0.00000000e+00
  5.24677290e-01 3.60166565e+00 1.24144271e+00 2.30701591e-01
  3.68577010e-01 2.52717978e-01 4.11292639e-02]
 [1.15601740e-01 1.42477028e-01 8.17217661e-02 2.18311199e-01
  3.22567800e-01 0.00000000e+00 0.00000000e+00 0.00000000e+00
  0.00000000e+00 1.10105275e+00 0.00000000e+00 3.32704774e-02
  1.12422792e-01 2.55623612e-01 0.00000000e+00]
 [7.16734563e-03 1.26529346e-03 0.00000000e+00 4.83932483e-02
  1.26355115e-01 0.00000000e+00 0.00000000e+00 0.00000000e+00
  0.00000000e+00 4.97034278e-01 3.26322513e-01 0.00000000e+00
  1.91777275e-01 0.00000000e+00 0.00000000e+00]
 [2.32738192e-01 0.00000000e+00 0.00000000e+00 1.75722066e-02
  1.88479705e-01 0.00000000e+00 3.33625201e-02 0.00000000e+00
  0.00000000e+00 0.00000000e+00 0.00000000e+00 0.00000000e+00
  0.00000000e+00 1.59118907e-01 1.02634871e-01]
 [1.45430230e-01 1.17704730e-02 0.00000000e+00 2.02294113e-01
  2.05700696e-01 0.00000000e+00 2.05086689e-01 0.00000000e+00
  0.00000000e+00 0.00000000e+00 0.00000000e+00 0.00000000e+00
  7.96632305e-02 1.77067009e-01 4.11460725e-01]
 [1.12667112e-01 0.00000000e+00 0.00000000e+00 1.75602784e-04
  1.36997270e-01 0.00000000e+00 0.00000000e+00 0.00000000e+00
  0.00000000e+00 0.00000000e+00 0.00000000e+00 0.00000000e+00
  0.00000000e+00 9.22413125e-02 7.38445877e-02]
 [6.23578175e-01 4.03137049e-01 2.12860696e-01 7.25842453e-01
  4.68779418e-01 9.77317438e-02 2.81564989e-01 0.00000000e+00
  0.00000000e+00 2.30015445e-01 0.00000000e+00 2.09175319e-01
  1.32925495e-01 3.28377078e-01 5.45657838e-01]
 [2.87586790e-01 3.66881814e-01 4.67414721e-01 9.02298426e-02
  2.16118630e-01 4.28518075e-01 4.34849202e-01 8.31434980e-01
  1.07052432e+00 1.09808918e+00 8.70619909e-01 4.66832021e-01
  2.95600505e-01 1.68812781e-01 3.58927734e-01]]

6
----------------------------------------------------------------------------------
[[1.99853411e-01 2.58160773e-01 2.49023947e-02 5.23735944e-01
  2.61677179e-01 2.94596907e-01 9.47696990e-02 3.61644350e-01
  6.41626267e-02 9.94081751e-02 5.53357493e-01 4.67189443e-02
  5.24651391e-02 2.46737446e-01 1.90208526e-01]
 [0.00000000e+00 1.50707608e-01 0.00000000e+00 3.03638143e-01
  0.00000000e+00 2.52773947e-02 0.00000000e+00 0.00000000e+00
  0.00000000e+00 0.00000000e+00 2.23802247e-01 9.40873892e-02
  5.09706822e-02 2.53933576e-01 0.00000000e+00]
 [0.00000000e+00 3.32636636e-02 0.00000000e+00 8.95199681e-02
  0.00000000e+00 0.00000000e+00 0.00000000e+00 0.00000000e+00
  0.00000000e+00 1.83758967e-01 3.26464798e-02 5.30109750e-02
  0.00000000e+00 2.65049069e-01 8.56376979e-03]
 [3.84527876e-01 2.37899036e-01 0.00000000e+00 4.10285230e-01
  0.00000000e+00 2.22301644e-01 5.68128644e-02 8.53137933e-02
  0.00000000e+00 0.00000000e+00 2.08601764e-01 9.17512779e-02
  1.17530115e-01 2.07414359e-01 1.55738624e-04]
 [1.60682529e-01 2.11795280e-02 0.00000000e+00 3.38317905e-01
  0.00000000e+00 6.41791020e-02 0.00000000e+00 0.00000000e+00
  0.00000000e+00 0.00000000e+00 1.05910235e-01 9.12995011e-02
  0.00000000e+00 1.90448284e-01 0.00000000e+00]
 [0.00000000e+00 1.48375803e-01 0.00000000e+00 9.98901396e-02
  0.00000000e+00 0.00000000e+00 0.00000000e+00 5.70724009e-02
  9.91764104e-02 8.45990658e-02 1.33271826e-01 1.82268649e-01
  1.22313393e-02 2.45557831e-01 0.00000000e+00]
 [2.58996959e-02 5.16750916e-02 0.00000000e+00 2.16173110e-01
  0.00000000e+00 0.00000000e+00 0.00000000e+00 0.00000000e+00
  0.00000000e+00 6.35520358e-02 0.00000000e+00 1.46885523e-02
  0.00000000e+00 1.64030761e-01 0.00000000e+00]
 [5.49103743e-01 1.18951602e-01 0.00000000e+00 4.81940677e-01
  0.00000000e+00 2.14104069e-01 1.98098324e-01 1.13801549e-02
  1.26843959e-02 7.61538722e-02 1.35058192e-01 1.31274912e-01
  1.56203750e-01 2.52278548e-01 0.00000000e+00]
 [3.18659331e-01 3.91209807e-02 0.00000000e+00 3.86881908e-01
  0.00000000e+00 1.56705095e-01 4.71867439e-02 0.00000000e+00
  0.00000000e+00 5.88850419e-02 8.92769238e-02 4.44972871e-02
  9.91388388e-02 1.98386360e-01 8.76824873e-03]
 [0.00000000e+00 3.55353677e-02 0.00000000e+00 4.55996118e-02
  0.00000000e+00 1.93565867e-02 0.00000000e+00 1.86913770e-02
  0.00000000e+00 1.26407014e-01 3.92585486e-03 0.00000000e+00
  0.00000000e+00 2.00839706e-01 1.98994610e-02]
 [6.13895524e-02 7.35623582e-02 0.00000000e+00 2.09306082e-02
  0.00000000e+00 0.00000000e+00 0.00000000e+00 7.68311776e-02
  0.00000000e+00 2.56257827e-02 8.87418958e-02 0.00000000e+00
  0.00000000e+00 2.58609496e-01 0.00000000e+00]
 [1.66315072e-01 2.40942458e-01 9.02097980e-02 2.55892880e-01
  9.04479983e-02 1.93959241e-01 3.95612867e-02 0.00000000e+00
  0.00000000e+00 7.61820043e-02 1.79267763e-01 5.41197607e-02
  1.32427437e-01 1.58847549e-01 4.45960161e-02]
 [0.00000000e+00 0.00000000e+00 0.00000000e+00 3.19970667e-02
  0.00000000e+00 0.00000000e+00 0.00000000e+00 0.00000000e+00
  0.00000000e+00 5.88904823e-02 0.00000000e+00 0.00000000e+00
  7.32987639e-03 8.29812254e-02 0.00000000e+00]
 [5.32469700e-02 4.24784491e-02 2.31681751e-01 4.12752422e-02
  5.60501889e-02 5.32879185e-02 1.04395753e-01 5.79939931e-02
  0.00000000e+00 1.17804008e-02 8.79602455e-02 5.96909642e-02
  7.36157601e-02 0.00000000e+00 5.08230391e-02]
 [3.90323092e-01 2.44254841e-01 3.91021831e-01 1.49220926e-01
  8.67277064e-02 2.73673715e-01 1.53294411e-01 4.03886008e-01
  0.00000000e+00 1.38133855e-01 3.22330003e-01 2.25112622e-01
  4.90292593e-01 2.11691477e-01 6.27153548e-01]
 [0.00000000e+00 0.00000000e+00 1.83468306e-01 1.36454428e-01
  0.00000000e+00 2.08455990e-02 2.55962253e-02 7.45287921e-02
  0.00000000e+00 5.78242507e-02 1.18917072e-01 0.00000000e+00
  1.98127236e-01 4.08532865e-02 3.69316823e-02]
 [4.57433110e-01 5.70803393e-01 5.09248525e-01 5.85632473e-01
  5.33483712e-01 4.70631138e-01 2.78237405e-01 1.40454696e-01
  2.28624084e-01 3.15313903e-01 4.41815116e-01 4.51629727e-01
  8.48681183e-01 3.77518605e-01 2.53894310e-01]
 [5.29207298e-01 1.10722432e-01 6.03646063e-01 1.75149874e-01
  4.09429765e-01 1.83687806e-01 5.23111817e-01 2.44630408e-01
  3.44498177e-01 2.93134130e-01 1.38798294e-01 1.92582605e-01
  4.08917129e-01 3.88288620e-01 1.72169687e-01]]

6
----------------------------------------------------------------------------------
[[0.05736383 0.11084834 0.2297053  0.17443038 0.88967029 0.51414402]
 [0.0438616  0.         0.02764536 0.         0.21512848 0.68360834]
 [0.         0.         0.         0.         0.00619127 0.92821182]
 [0.         0.         0.121065   0.05529916 0.47391862 0.2585076 ]
 [0.01013615 0.         0.12136994 0.         0.13343019 0.2534746 ]
 [0.         0.         0.         0.         0.0066022  0.56471311]
 [0.07946754 0.         0.03457117 0.         0.         0.41643233]
 [0.02060332 0.         0.0122855  0.01159766 0.48247583 0.        ]
 [0.         0.         0.05926394 0.         0.23240354 0.        ]
 [0.         0.         0.         0.07838946 0.18755535 0.41826147]
 [0.         0.         0.         0.00821081 0.         0.23531019]
 [0.         0.         0.18119868 0.00681758 0.35578652 0.        ]
 [0.         0.         0.01225225 0.00327555 0.         0.14636071]
 [0.00645441 0.         0.01992096 0.19377736 0.34945304 0.39124476]
 [0.         0.08119601 0.13651372 0.38677512 0.39847609 1.13008215]
 [0.         0.         0.         0.3765629  0.52719783 0.31333859]
 [0.83709779 0.21869473 0.40741537 0.58033854 0.40369805 2.12786437]
 [0.34011714 0.37683909 0.24703329 0.22115298 0.36817749 0.34143744]]