

1
----------------------------------------------------------------------------------
[[0.01759747 0.17463933 0.02485433 0.         0.08327821 0.15737965
  0.         0.         0.         0.19369059 0.41661306 0.29549364
  0.21373794 0.18291745 0.        ]
 [0.07409901 0.06590722 0.         0.00156209 0.0565284  0.20460096
  0.02108408 0.         0.01436519 0.11822685 0.15326356 0.24140301
  0.07089151 0.14960408 0.        ]
 [0.18373752 0.00244167 0.13427555 0.21402546 0.19476172 0.27688216
  0.11300998 0.         0.08805739 0.50039788 0.23116348 0.36305821
  0.09142314 0.14572514 0.        ]
 [0.         0.21710793 0.04343335 0.         0.07473239 0.12418599
  0.         0.         0.         0.22805673 0.32614105 0.31685358
  0.13495127 0.09668842 0.        ]
 [0.         0.09538416 0.         0.         0.00821061 0.11309731
  0.         0.         0.00081141 0.04664053 0.12638262 0.17884841
  0.0396535  0.03203499 0.        ]
 [0.23580903 0.02961973 0.09394472 0.15557181 0.10946255 0.16244201
  0.         0.         0.06825337 0.35714261 0.20562777 0.30223251
  0.         0.10677833 0.        ]
 [0.10857674 0.07155601 0.03202539 0.         0.06989077 0.13938828
  0.         0.         0.07253145 0.12441083 0.07399157 0.16930002
  0.         0.06002166 0.        ]
 [0.         0.27604978 0.0976202  0.         0.11653333 0.12982397
  0.         0.         0.         0.45004763 0.36036338 0.24540211
  0.21432424 0.11427971 0.        ]
 [0.         0.31421255 0.03427376 0.         0.07905434 0.01336347
  0.         0.         0.         0.36520148 0.26999494 0.18752578
  0.15323711 0.03391473 0.        ]
 [0.21326929 0.0175145  0.24048447 0.4427559  0.34370848 0.39127582
  0.13558887 0.         0.18795063 0.60590006 0.30179511 0.4613086
  0.06356321 0.12011743 0.00852016]
 [0.14290273 0.10762966 0.00294745 0.18697306 0.16127103 0.14180117
  0.         0.         0.         0.31819975 0.10021622 0.26293111
  0.03333714 0.08018365 0.        ]
 [0.02306258 0.22149693 0.         0.         0.06730519 0.02892413
  0.         0.         0.         0.17365141 0.25403418 0.17649756
  0.05788749 0.01981846 0.        ]
 [0.24996288 0.02401587 0.03668551 0.21017035 0.21303646 0.13484083
  0.06244438 0.         0.         0.24402074 0.00185279 0.20127627
  0.05880906 0.0419687  0.        ]
 [0.00789279 0.02746215 0.         0.0337024  0.10153921 0.16123407
  0.         0.00560099 0.         0.01663212 0.04870041 0.06137345
  0.         0.         0.        ]
 [0.027049   0.04125723 0.         0.06013438 0.13982616 0.1995785
  0.         0.06800051 0.0339139  0.04802501 0.11567788 0.08038537
  0.         0.         0.        ]
 [0.18471913 0.         0.01973142 0.17564835 0.17876457 0.22754143
  0.         0.         0.13481043 0.12149618 0.07560625 0.19419755
  0.03805109 0.00365927 0.        ]
 [0.         0.18836352 0.         0.03264469 0.13284378 0.21917787
  0.01283708 0.0228666  0.         0.07950469 0.15235166 0.
  0.         0.         0.        ]
 [0.19940732 0.16762509 0.20102718 0.15212495 0.08587568 0.12082428
  0.25353284 0.39831278 0.47790664 0.14803951 0.14102687 0.1386241
  0.34050706 0.11991465 0.20679544]]

2
----------------------------------------------------------------------------------
[[1.71996032e-01 0.00000000e+00 4.03170648e-01 6.65200319e-01
  4.90117740e-01 3.51591493e-01 0.00000000e+00 4.24090669e-01
  5.95783672e-01 3.10171254e+00 1.31087413e+00 7.68484908e-01
  4.71957883e-01 2.73884778e-01 2.37240076e-01]
 [1.04173326e-01 2.40323685e-02 2.11213485e-01 0.00000000e+00
  1.75873363e-01 6.51795766e-02 0.00000000e+00 3.07345939e-01
  2.10274582e-01 1.78487145e+00 8.88110531e-01 8.47939037e-01
  2.93956676e-01 3.12794255e-01 2.56147127e-01]
 [8.77299497e-02 1.44667048e-03 3.77765333e-01 3.07368341e-01
  1.78832049e-01 1.20443399e-01 0.00000000e+00 3.74451126e-01
  4.72273038e-01 1.74151002e+00 9.21070974e-01 8.05699574e-01
  3.60494915e-01 2.49176822e-01 5.86894042e-02]
 [1.48520589e-01 0.00000000e+00 5.09407508e-01 1.02835588e+00
  4.92943760e-01 4.62010222e-01 0.00000000e+00 4.17580537e-01
  7.65786698e-01 3.60310529e+00 1.77017368e+00 1.30818198e+00
  5.91539922e-01 4.35651525e-01 3.73891949e-01]
 [8.39403515e-02 0.00000000e+00 2.96648023e-01 4.87242004e-01
  4.06046983e-01 1.38428404e-01 0.00000000e+00 2.53033736e-01
  5.62212054e-01 3.60752920e+00 2.20884896e+00 1.77997385e+00
  8.14130978e-01 7.78227162e-01 5.29682746e-01]
 [4.94306091e-02 0.00000000e+00 6.36060530e-01 8.96411808e-01
  2.92769759e-01 1.51253252e-01 0.00000000e+00 1.90763905e-01
  7.65016922e-01 2.69143221e+00 1.51262312e+00 1.34408397e+00
  3.91137217e-01 2.91005757e-01 7.10412338e-02]
 [3.39105676e-02 0.00000000e+00 4.21844117e-01 4.95928874e-01
  2.97339655e-01 1.64628516e-02 0.00000000e+00 1.40620412e-01
  4.77787334e-01 2.87007328e+00 2.00827269e+00 1.79408963e+00
  7.24241311e-01 6.64606176e-01 3.42964004e-01]
 [3.60635877e-02 0.00000000e+00 3.72657770e-01 1.62714063e-01
  0.00000000e+00 5.89532317e-01 0.00000000e+00 2.28240225e-01
  3.51597252e-01 1.15029787e+00 2.72915823e-01 5.68751719e-01
  1.40884986e-02 4.23660715e-02 6.62921617e-02]
 [5.75240901e-02 0.00000000e+00 2.66404685e-01 8.34006392e-02
  0.00000000e+00 4.01510862e-01 0.00000000e+00 2.01304295e-01
  3.91079400e-01 5.94594312e-01 6.83688853e-03 2.89984876e-01
  1.43617766e-01 0.00000000e+00 4.02234327e-02]
 [9.22681559e-02 0.00000000e+00 3.59209434e-01 0.00000000e+00
  1.22211301e-01 1.01725523e-01 0.00000000e+00 2.85049273e-01
  5.18103138e-01 4.93864068e-01 3.72201344e-02 3.30209414e-01
  8.65007865e-02 0.00000000e+00 2.49214524e-03]
 [0.00000000e+00 0.00000000e+00 3.44430703e-01 0.00000000e+00
  0.00000000e+00 9.93687952e-02 0.00000000e+00 9.38035284e-02
  3.54720928e-01 5.20542682e-01 8.19566714e-02 2.96709511e-01
  1.55394320e-01 0.00000000e+00 0.00000000e+00]
 [1.16448773e-01 0.00000000e+00 1.10298808e-01 1.57540508e-01
  0.00000000e+00 3.37096538e-01 0.00000000e+00 2.15786823e-01
  4.42512880e-01 1.58848743e-01 0.00000000e+00 2.38976374e-01
  1.17376249e-01 0.00000000e+00 4.42719699e-02]
 [4.48869694e-02 1.03122200e-01 2.02899431e-01 0.00000000e+00
  0.00000000e+00 6.37349446e-03 0.00000000e+00 1.73224863e-01
  1.68360291e-01 9.19582817e-02 0.00000000e+00 1.80022187e-01
  2.04678960e-01 0.00000000e+00 7.56095878e-02]
 [6.71636783e-02 0.00000000e+00 8.05758040e-02 1.93912011e-01
  4.09216994e-02 6.78312538e-02 3.87437849e-02 9.40296216e-03
  1.07190078e-01 0.00000000e+00 0.00000000e+00 9.61489780e-02
  1.67940691e-01 0.00000000e+00 7.86836481e-02]
 [6.38111089e-02 3.06705415e-02 7.39912328e-02 2.02688178e-01
  3.63806077e-02 1.10232830e-01 7.16910829e-02 0.00000000e+00
  1.72983280e-01 0.00000000e+00 0.00000000e+00 6.35309127e-02
  1.92035094e-01 0.00000000e+00 7.69418702e-02]
 [8.97940277e-02 2.11901936e-02 1.76381886e-01 1.11769124e-01
  2.12988402e-01 5.54713972e-03 2.52852147e-02 3.80673391e-02
  7.73025073e-02 2.25534758e-02 0.00000000e+00 3.44624414e-02
  2.74799103e-01 0.00000000e+00 1.02396136e-01]
 [1.23695119e-01 0.00000000e+00 7.77438070e-02 3.25516387e-01
  0.00000000e+00 2.61670132e-01 0.00000000e+00 1.59330603e-01
  3.16836093e-01 0.00000000e+00 0.00000000e+00 1.53558114e-01
  1.72577707e-01 0.00000000e+00 0.00000000e+00]
 [1.19181714e-01 2.06772298e-01 6.86370206e-02 3.67312550e-01
  2.91349560e-01 3.03635179e-01 5.49488275e-01 1.59449155e-01
  3.20659816e-01 3.66807041e-01 4.94350360e-01 1.65219544e-01
  2.03796049e-01 2.92884631e-01 2.12254299e-01]]

3
----------------------------------------------------------------------------------
[[0.         0.         0.         0.15926547 0.01810521 0.
  0.13996347 0.         0.12164216 0.02121769 0.07571633 0.
  0.         0.         0.11531865]
 [0.         0.         0.         0.         0.08381367 0.
  0.08503547 0.         0.08520198 0.         0.         0.02421093
  0.         0.         0.08055852]
 [0.         0.         0.         0.         0.23408217 0.07128866
  0.0279988  0.         0.04873014 0.         0.01319632 0.05485675
  0.03288464 0.02156108 0.        ]
 [0.         0.         0.         0.10849335 0.         0.03820614
  0.12526518 0.         0.12802506 0.         0.         0.
  0.         0.         0.16817631]
 [0.         0.         0.         0.         0.         0.00747384
  0.01426614 0.         0.11562233 0.         0.         0.
  0.         0.         0.19614998]
 [0.         0.         0.         0.         0.14778727 0.13601815
  0.03401069 0.         0.044325   0.         0.         0.0811208
  0.04890537 0.         0.        ]
 [0.         0.02448576 0.         0.         0.0784215  0.12438845
  0.         0.         0.07143787 0.         0.         0.
  0.03351998 0.         0.13052906]
 [0.         0.         0.         0.13731344 0.         0.12983238
  0.12092042 0.         0.19613385 0.03823206 0.         0.
  0.         0.         0.01059152]
 [0.         0.         0.         0.         0.         0.02103549
  0.0491014  0.         0.06594139 0.         0.         0.
  0.         0.         0.        ]
 [0.         0.         0.         0.         0.23009443 0.0240258
  0.         0.03168621 0.         0.         0.01481135 0.14836142
  0.06597624 0.03803524 0.        ]
 [0.         0.         0.         0.         0.03445023 0.02141392
  0.         0.         0.         0.         0.         0.07196876
  0.         0.         0.        ]
 [0.03916034 0.00909893 0.         0.03475397 0.         0.
  0.00368375 0.         0.0945065  0.         0.06718147 0.
  0.         0.         0.        ]
 [0.         0.         0.         0.         0.03200108 0.
  0.         0.         0.         0.         0.00484095 0.06416552
  0.03264239 0.         0.        ]
 [0.08667598 0.         0.         0.         0.         0.02831285
  0.         0.         0.         0.00983087 0.07039078 0.
  0.         0.01680846 0.        ]
 [0.07727185 0.         0.         0.         0.         0.01930651
  0.         0.01248192 0.         0.01758564 0.05402052 0.
  0.         0.00571853 0.        ]
 [0.03632767 0.         0.         0.         0.         0.
  0.         0.07040029 0.         0.01002188 0.12603056 0.
  0.         0.         0.        ]
 [0.10528279 0.         0.04715893 0.01195424 0.         0.15785106
  0.02402988 0.05599807 0.04239084 0.01510113 0.17496374 0.
  0.         0.         0.        ]
 [0.33499491 0.58556906 0.52582159 0.26263639 0.35880948 0.31713308
  0.19497618 0.43195182 0.33843503 0.27694711 0.19065711 0.36131846
  0.26911752 0.25883732 0.33978814]]

4
----------------------------------------------------------------------------------
[[1.01319154e-01 1.05955734e-01 8.43851975e-02 1.57469111e-01
  3.33167234e-01 6.53616133e-02 2.00317043e-02 0.00000000e+00
  9.20381102e-02 0.00000000e+00 3.71474163e-01 3.45563743e-01
  0.00000000e+00 2.97678604e-01 1.06764962e-01]
 [1.53907178e-02 4.79273010e-02 5.14748199e-02 2.26245989e-01
  4.74068005e-01 1.04929625e-01 3.96605502e-02 0.00000000e+00
  0.00000000e+00 2.06603395e-02 2.57949212e-01 5.64618720e-01
  0.00000000e+00 2.57405432e-01 1.33346300e-01]
 [8.06163017e-02 0.00000000e+00 3.03279053e-02 1.92216278e-01
  2.92572560e-01 8.95220007e-02 7.19547071e-02 9.50902837e-02
  0.00000000e+00 1.05837544e-01 3.36092911e-01 4.60794807e-01
  0.00000000e+00 1.27955014e-01 1.21997485e-01]
 [6.47690342e-02 1.18026775e-01 1.21028475e-01 1.80870281e-01
  2.50681792e-01 9.87827196e-02 0.00000000e+00 0.00000000e+00
  0.00000000e+00 0.00000000e+00 3.53147094e-01 3.85934181e-01
  0.00000000e+00 3.46952205e-01 1.66727126e-01]
 [0.00000000e+00 3.85965909e-02 1.07345895e-01 3.53432858e-01
  6.16599855e-01 1.13625437e-01 0.00000000e+00 0.00000000e+00
  0.00000000e+00 0.00000000e+00 2.85003366e-01 7.92800523e-01
  0.00000000e+00 5.27196804e-01 2.90013958e-01]
 [1.41210201e-02 0.00000000e+00 0.00000000e+00 2.24864643e-01
  3.29779628e-01 3.48943963e-03 0.00000000e+00 1.04524630e-01
  0.00000000e+00 7.24531821e-02 2.88550372e-01 6.90078693e-01
  0.00000000e+00 2.23900176e-01 2.55269146e-01]
 [0.00000000e+00 2.02518170e-04 0.00000000e+00 3.04035268e-01
  6.33848416e-01 6.25230695e-02 1.67047752e-02 0.00000000e+00
  0.00000000e+00 4.92977431e-02 3.25864597e-01 8.41055679e-01
  0.00000000e+00 4.45697037e-01 2.83907145e-01]
 [5.75702688e-02 1.82778713e-01 0.00000000e+00 4.32910694e-03
  4.88417032e-02 5.75530334e-02 6.03806339e-03 0.00000000e+00
  7.77563285e-02 0.00000000e+00 1.59154271e-01 1.00253843e-01
  0.00000000e+00 1.18792526e-01 2.19425956e-02]
 [3.25688515e-03 1.15133823e-01 1.19470655e-02 1.95017420e-03
  3.56139326e-02 4.76939193e-02 1.27723341e-02 0.00000000e+00
  1.17749994e-01 0.00000000e+00 9.54909896e-02 3.22186327e-02
  0.00000000e+00 7.65930760e-02 1.78321364e-02]
 [2.04710299e-02 1.02218342e-02 1.52311168e-02 0.00000000e+00
  4.53152519e-02 3.55972106e-02 9.48848908e-02 1.70238935e-01
  0.00000000e+00 2.77648464e-02 1.13783755e-01 1.11987995e-01
  0.00000000e+00 0.00000000e+00 1.64220083e-01]
 [0.00000000e+00 0.00000000e+00 0.00000000e+00 0.00000000e+00
  1.61617620e-02 1.84804612e-02 5.86078682e-02 7.04778482e-02
  1.24299866e-01 2.46040922e-02 4.23223071e-02 1.03190062e-01
  0.00000000e+00 0.00000000e+00 7.13155498e-02]
 [0.00000000e+00 9.87446106e-02 9.32044175e-03 6.76124973e-03
  0.00000000e+00 9.29601768e-02 3.81616797e-02 0.00000000e+00
  1.39189096e-01 0.00000000e+00 7.52359784e-02 2.26759545e-02
  4.00152011e-03 7.16010937e-02 4.82933800e-02]
 [0.00000000e+00 0.00000000e+00 0.00000000e+00 0.00000000e+00
  1.10742142e-01 1.63200458e-02 6.18247343e-02 4.34796818e-02
  0.00000000e+00 1.83227272e-02 0.00000000e+00 1.61104827e-02
  0.00000000e+00 0.00000000e+00 1.22070791e-01]
 [0.00000000e+00 2.08162277e-02 0.00000000e+00 0.00000000e+00
  0.00000000e+00 0.00000000e+00 4.44593719e-02 0.00000000e+00
  2.64232228e-02 0.00000000e+00 0.00000000e+00 0.00000000e+00
  0.00000000e+00 0.00000000e+00 3.42285864e-02]
 [0.00000000e+00 5.93585244e-02 0.00000000e+00 0.00000000e+00
  0.00000000e+00 0.00000000e+00 4.24566865e-02 0.00000000e+00
  4.33122463e-03 0.00000000e+00 0.00000000e+00 0.00000000e+00
  0.00000000e+00 0.00000000e+00 4.26637881e-02]
 [0.00000000e+00 8.45781610e-03 0.00000000e+00 0.00000000e+00
  1.10136348e-03 3.84973524e-04 5.71524804e-02 0.00000000e+00
  0.00000000e+00 0.00000000e+00 0.00000000e+00 0.00000000e+00
  0.00000000e+00 0.00000000e+00 6.66409776e-02]
 [8.73394940e-02 1.30205789e-01 0.00000000e+00 7.74359239e-03
  0.00000000e+00 7.77811759e-02 5.59436564e-02 0.00000000e+00
  2.16096900e-01 0.00000000e+00 0.00000000e+00 0.00000000e+00
  0.00000000e+00 2.22328786e-02 3.57921162e-02]
 [3.32495917e-01 2.39622293e-01 3.30022466e-01 2.34227608e-01
  2.53568122e-01 8.10883717e-02 4.58726861e-01 4.17755477e-01
  6.80653551e-01 4.45271203e-01 3.10903785e-01 3.08230102e-01
  2.63494816e-01 3.71480686e-01 1.09722043e-01]]

5
----------------------------------------------------------------------------------
[[4.63011885e-01 2.21507675e+00 2.29815806e+00 1.12735628e+00
  2.70865819e-01 2.29678042e-01 3.28451440e-01 0.00000000e+00
  0.00000000e+00 3.97225750e-03 0.00000000e+00 1.64751117e-01
  6.33546291e-02 1.60982788e-01 0.00000000e+00]
 [4.11622684e-01 1.52130248e+00 1.06017710e+00 4.29289025e-01
  1.03352228e-01 1.11326848e-01 1.58654176e-02 0.00000000e+00
  2.95263895e-02 0.00000000e+00 0.00000000e+00 7.68436647e-02
  0.00000000e+00 1.49061449e-03 0.00000000e+00]
 [6.35362601e-01 1.13370248e+00 6.97501751e-01 3.55079194e-01
  2.08024997e-01 1.74860297e-01 6.07087325e-02 2.34977119e-02
  1.21780016e-01 0.00000000e+00 6.28643525e-02 7.90348219e-02
  1.12252924e-01 3.67205463e-02 1.84821520e-02]
 [7.30640755e-01 2.91440277e+00 2.92289421e+00 1.46085255e+00
  3.74391320e-01 3.08618712e-01 2.24456420e-01 0.00000000e+00
  0.00000000e+00 1.33098842e-02 6.18940685e-02 1.92346467e-01
  0.00000000e+00 1.11838968e-01 0.00000000e+00]
 [9.50270847e-01 2.83219353e+00 2.31798700e+00 1.08069758e+00
  2.03297927e-01 1.44906522e-01 1.60718502e-01 0.00000000e+00
  0.00000000e+00 0.00000000e+00 0.00000000e+00 9.23819364e-02
  0.00000000e+00 6.24849726e-02 0.00000000e+00]
 [1.17753209e+00 2.60834098e+00 1.93976635e+00 1.03527862e+00
  3.83179233e-01 2.16091068e-01 1.53024367e-01 0.00000000e+00
  0.00000000e+00 0.00000000e+00 0.00000000e+00 0.00000000e+00
  7.44268252e-02 0.00000000e+00 1.59286190e-02]
 [1.19174725e+00 2.60625394e+00 1.69597352e+00 8.90537707e-01
  1.87107631e-01 1.36896374e-01 7.36042447e-02 0.00000000e+00
  0.00000000e+00 0.00000000e+00 0.00000000e+00 1.71872159e-02
  0.00000000e+00 2.24264390e-02 0.00000000e+00]
 [9.26179305e-02 3.10923913e-01 3.98276180e-01 2.46461857e-01
  0.00000000e+00 1.19991393e-01 6.50918090e-02 0.00000000e+00
  2.06845692e-03 2.53013730e-02 5.09174844e-02 1.84420936e-01
  0.00000000e+00 9.15594584e-02 0.00000000e+00]
 [1.07727321e-01 1.20554168e-01 1.68490217e-01 3.16253798e-02
  0.00000000e+00 2.49867736e-02 2.48230661e-02 0.00000000e+00
  0.00000000e+00 0.00000000e+00 2.35260942e-02 9.84189821e-02
  0.00000000e+00 9.66127507e-02 0.00000000e+00]
 [2.33930857e-02 1.17952539e-01 1.97006289e-02 0.00000000e+00
  4.25915578e-02 9.59186004e-02 0.00000000e+00 0.00000000e+00
  0.00000000e+00 1.17790321e-02 1.04247128e-01 5.41116565e-02
  1.13190152e-01 0.00000000e+00 0.00000000e+00]
 [6.44344180e-03 1.14568254e-01 2.18424041e-02 0.00000000e+00
  0.00000000e+00 1.57758545e-02 0.00000000e+00 0.00000000e+00
  0.00000000e+00 0.00000000e+00 0.00000000e+00 0.00000000e+00
  4.00239788e-02 0.00000000e+00 0.00000000e+00]
 [1.43562290e-01 6.17019845e-02 9.59884314e-02 0.00000000e+00
  1.24646861e-03 1.02891831e-01 6.44165757e-02 0.00000000e+00
  0.00000000e+00 0.00000000e+00 6.40532577e-02 1.60052080e-01
  0.00000000e+00 7.22914571e-02 0.00000000e+00]
 [8.13757212e-02 0.00000000e+00 0.00000000e+00 0.00000000e+00
  1.17199435e-01 4.03222171e-02 0.00000000e+00 6.46047050e-02
  2.13234269e-02 0.00000000e+00 0.00000000e+00 2.46873092e-02
  1.26175330e-01 3.71968538e-02 0.00000000e+00]
 [1.64592969e-01 0.00000000e+00 0.00000000e+00 0.00000000e+00
  0.00000000e+00 6.55298696e-02 0.00000000e+00 5.15078891e-02
  0.00000000e+00 6.30870059e-02 1.36604295e-01 0.00000000e+00
  2.07701824e-02 4.14789209e-02 0.00000000e+00]
 [1.58853295e-01 0.00000000e+00 0.00000000e+00 0.00000000e+00
  1.64988280e-02 8.29084367e-02 0.00000000e+00 3.57131773e-02
  1.22164616e-02 7.84997724e-02 1.75039513e-01 1.67900476e-02
  5.94068163e-02 4.15232037e-02 0.00000000e+00]
 [1.75254461e-01 0.00000000e+00 0.00000000e+00 0.00000000e+00
  0.00000000e+00 1.12402375e-01 0.00000000e+00 9.97999729e-02
  8.89565763e-02 6.71889983e-02 1.42565472e-01 5.79053465e-02
  1.31001677e-01 1.27241117e-02 0.00000000e+00]
 [1.88081304e-01 6.23624614e-02 1.41518263e-02 0.00000000e+00
  8.11034345e-04 1.16443395e-01 0.00000000e+00 1.96727009e-02
  0.00000000e+00 9.47247835e-02 2.05749022e-01 9.48174729e-02
  0.00000000e+00 5.65214518e-02 0.00000000e+00]
 [2.92150445e-01 2.79432239e-01 3.75743468e-01 3.46097343e-01
  2.88191184e-01 1.83662657e-01 2.40825345e-01 2.86005014e-01
  1.82707644e-01 3.18883249e-01 1.92916093e-01 8.86028738e-02
  1.32578112e-01 2.13077903e-01 3.17743882e-01]]

6
----------------------------------------------------------------------------------
[[0.06863538 0.02515528 0.         0.09861489 0.13166566 0.
  0.         0.03255471 0.09804709 0.11699803 0.12586246 0.04901186
  0.01017929 0.03569913 0.12596605]
 [0.067929   0.         0.         0.         0.07860593 0.
  0.         0.         0.00440969 0.01287369 0.         0.06297474
  0.07944632 0.         0.        ]
 [0.         0.         0.06745008 0.04395686 0.07788777 0.02877349
  0.         0.         0.         0.         0.         0.1180545
  0.1698091  0.         0.01026746]
 [0.04262182 0.01712981 0.         0.10731237 0.13930949 0.
  0.         0.05191737 0.04636261 0.10851712 0.20098455 0.00457951
  0.0006192  0.02070456 0.07476714]
 [0.04340148 0.         0.         0.03902565 0.09065987 0.
  0.         0.         0.02414033 0.04926634 0.03519401 0.02211178
  0.05753567 0.         0.03489025]
 [0.         0.         0.         0.         0.01071184 0.01789605
  0.         0.         0.         0.         0.         0.08616899
  0.10151349 0.         0.        ]
 [0.01084834 0.         0.         0.         0.04601571 0.
  0.         0.         0.         0.         0.         0.06323772
  0.122861   0.         0.        ]
 [0.04429647 0.19687011 0.00080923 0.0943938  0.17352684 0.02961279
  0.         0.08748041 0.00662626 0.00609888 0.24410218 0.0832807
  0.         0.00740217 0.10945798]
 [0.01317327 0.06537713 0.         0.0601762  0.10889156 0.
  0.         0.0634464  0.00684272 0.00820787 0.13174042 0.0281063
  0.         0.         0.06778742]
 [0.00136862 0.         0.         0.05369424 0.04682122 0.
  0.15875174 0.         0.         0.         0.         0.13605677
  0.02713213 0.         0.        ]
 [0.         0.         0.         0.         0.00813219 0.
  0.         0.         0.         0.         0.         0.09584592
  0.03440025 0.         0.        ]
 [0.         0.06055866 0.         0.09929966 0.11872494 0.
  0.         0.03998046 0.02931851 0.0384565  0.08636482 0.03103349
  0.         0.02781381 0.0263011 ]
 [0.         0.         0.         0.         0.0353987  0.0175558
  0.         0.04662607 0.01719716 0.         0.         0.12950627
  0.03489216 0.         0.03975542]
 [0.04994238 0.         0.         0.08691185 0.07045609 0.
  0.         0.         0.         0.06968934 0.10878573 0.
  0.         0.04809771 0.03590946]
 [0.04169043 0.         0.         0.0684066  0.05527641 0.
  0.         0.05248561 0.         0.05868925 0.15879955 0.0008083
  0.00380986 0.02785822 0.03657282]
 [0.02922687 0.         0.03170614 0.07613411 0.03011812 0.
  0.00710689 0.         0.         0.13860279 0.         0.0863275
  0.03223455 0.         0.02558463]
 [0.07920853 0.06446943 0.         0.13651993 0.13481273 0.
  0.         0.13613828 0.         0.12343712 0.27254003 0.01578579
  0.         0.03579402 0.05891736]
 [0.31991269 0.41509935 0.39429807 0.17086046 0.15892011 0.3445358
  0.213426   0.32001049 0.41775946 0.26739972 0.38301712 0.07967701
  0.24460945 0.46862818 0.16838323]]

7
----------------------------------------------------------------------------------
[[3.51060645e-02 0.00000000e+00 9.97652177e-02 0.00000000e+00
  9.88982555e-02 0.00000000e+00 0.00000000e+00 7.46478474e-02
  0.00000000e+00 4.64995547e-01 9.33868059e-02]
 [0.00000000e+00 0.00000000e+00 0.00000000e+00 0.00000000e+00
  7.36870761e-02 0.00000000e+00 0.00000000e+00 0.00000000e+00
  0.00000000e+00 2.00932165e-01 5.86440303e-02]
 [0.00000000e+00 0.00000000e+00 0.00000000e+00 8.01752154e-03
  1.56434079e-02 0.00000000e+00 0.00000000e+00 0.00000000e+00
  3.41939989e-01 0.00000000e+00 2.46407516e-02]
 [4.74661329e-02 0.00000000e+00 9.86547643e-02 0.00000000e+00
  2.97598172e-02 0.00000000e+00 0.00000000e+00 9.57525034e-02
  9.70126226e-03 3.57210383e-01 6.00445078e-02]
 [0.00000000e+00 0.00000000e+00 0.00000000e+00 0.00000000e+00
  0.00000000e+00 0.00000000e+00 0.00000000e+00 1.14503365e-02
  0.00000000e+00 2.07649686e-01 4.99027230e-02]
 [0.00000000e+00 0.00000000e+00 0.00000000e+00 2.85445325e-02
  0.00000000e+00 0.00000000e+00 0.00000000e+00 0.00000000e+00
  2.94711670e-01 0.00000000e+00 8.71461022e-02]
 [0.00000000e+00 0.00000000e+00 0.00000000e+00 0.00000000e+00
  0.00000000e+00 0.00000000e+00 0.00000000e+00 0.00000000e+00
  5.70003320e-02 3.20792652e-02 6.89415347e-02]
 [6.10724146e-02 0.00000000e+00 2.56290612e-01 0.00000000e+00
  4.53040256e-02 0.00000000e+00 0.00000000e+00 9.88440952e-02
  2.01468093e-01 3.99349634e-01 8.88104830e-02]
 [1.71499327e-02 0.00000000e+00 6.69119666e-02 0.00000000e+00
  0.00000000e+00 0.00000000e+00 0.00000000e+00 8.19156004e-02
  4.89297946e-02 2.49208231e-01 3.15831930e-02]
 [0.00000000e+00 0.00000000e+00 0.00000000e+00 9.10087818e-02
  4.70197104e-02 0.00000000e+00 8.78085565e-02 8.08810008e-02
  2.94550590e-01 4.51553486e-04 0.00000000e+00]
 [0.00000000e+00 0.00000000e+00 0.00000000e+00 3.67501542e-03
  0.00000000e+00 0.00000000e+00 0.00000000e+00 0.00000000e+00
  5.85488606e-02 0.00000000e+00 0.00000000e+00]
 [9.16099485e-02 0.00000000e+00 3.28673192e-02 0.00000000e+00
  9.91093739e-04 0.00000000e+00 0.00000000e+00 6.12127006e-02
  1.17646527e-01 2.39629731e-01 2.47794465e-02]
 [0.00000000e+00 0.00000000e+00 0.00000000e+00 1.05249433e-01
  3.88762382e-02 0.00000000e+00 0.00000000e+00 0.00000000e+00
  2.78789377e-02 0.00000000e+00 4.25442177e-02]
 [0.00000000e+00 0.00000000e+00 0.00000000e+00 2.84637886e-02
  7.79425002e-03 0.00000000e+00 3.01980760e-02 1.51815366e-01
  1.66527423e-01 0.00000000e+00 0.00000000e+00]
 [0.00000000e+00 0.00000000e+00 0.00000000e+00 6.56888983e-02
  4.02211839e-02 0.00000000e+00 6.78567201e-02 1.72141375e-01
  1.71370601e-01 7.29880805e-03 2.08740939e-03]
 [0.00000000e+00 0.00000000e+00 0.00000000e+00 1.82108296e-01
  5.29377400e-02 0.00000000e+00 1.52738524e-01 1.90514717e-01
  1.00809986e-01 1.94608721e-02 1.76557360e-02]
 [1.08574675e-01 0.00000000e+00 3.96614597e-02 1.87516848e-03
  5.25379800e-02 2.82819678e-02 5.90671727e-02 1.59012242e-01
  2.73109182e-01 5.60913059e-02 0.00000000e+00]
 [3.66646198e-01 4.28169287e-01 3.12463477e-01 2.06649728e-01
  1.19020045e-01 3.97193577e-01 4.51987757e-01 4.64502891e-01
  2.35913836e-01 2.72748995e-01 2.13665163e-01]]