

1
----------------------------------------------------------------------------------
[[0.251516   0.33742231 0.         0.19398503 0.26999303 0.12980556
  0.         0.         0.         0.44620821 0.         0.04520458
  0.         0.07804929 0.        ]
 [0.35562306 0.41064463 0.09942979 0.14503016 0.01348282 0.12073893
  0.         0.         0.04069015 0.23596031 0.12145324 0.
  0.02357432 0.09143473 0.        ]
 [0.38393945 0.2972211  0.16687917 0.37263458 0.04487578 0.31506763
  0.11145562 0.         0.         0.09366745 0.02457877 0.08498924
  0.         0.05159884 0.        ]
 [0.18240423 0.32160089 0.         0.         0.18184232 0.05469442
  0.         0.         0.         0.43205799 0.00540193 0.
  0.         0.07594448 0.04602608]
 [0.16839208 0.21647395 0.02872889 0.04058579 0.14029084 0.10194278
  0.         0.         0.         0.25361144 0.01520571 0.
  0.         0.06740704 0.02872642]
 [0.3130723  0.31348001 0.04895587 0.28007869 0.         0.20447385
  0.070658   0.         0.         0.03968445 0.         0.07303282
  0.         0.14894798 0.        ]
 [0.26196493 0.1934412  0.05860973 0.15929415 0.05642093 0.17000793
  0.01183928 0.         0.         0.12844359 0.07784054 0.0401147
  0.01008281 0.10080481 0.0503465 ]
 [0.09588502 0.44962685 0.         0.         0.30168653 0.20843806
  0.         0.         0.         0.41855157 0.         0.08559577
  0.         0.03510368 0.05176014]
 [0.2035558  0.27499187 0.         0.         0.19911887 0.18356434
  0.         0.         0.         0.2274631  0.         0.
  0.         0.08648953 0.        ]
 [0.39005792 0.35388411 0.05400635 0.1918659  0.         0.18901686
  0.12202551 0.         0.         0.06211204 0.21722448 0.11715074
  0.24194432 0.0925062  0.25120525]
 [0.25802205 0.14475016 0.02240811 0.11396504 0.         0.21704136
  0.03797083 0.         0.         0.         0.07409405 0.05872807
  0.         0.05830731 0.03077912]
 [0.17455995 0.295608   0.         0.         0.21849179 0.1867505
  0.         0.         0.         0.18130528 0.         0.
  0.         0.09411282 0.        ]
 [0.23925104 0.07358962 0.0125548  0.13990889 0.         0.22273822
  0.02719415 0.         0.         0.         0.05230555 0.03342104
  0.         0.0612293  0.        ]
 [0.         0.04186126 0.         0.         0.         0.
  0.         0.1335404  0.00115575 0.         0.06190441 0.
  0.0043312  0.01004792 0.12578383]
 [0.         0.12098723 0.         0.         0.         0.
  0.         0.         0.04466138 0.         0.07536254 0.
  0.05848095 0.01114945 0.12119111]
 [0.00827072 0.1555971  0.         0.         0.         0.
  0.         0.01504843 0.06050906 0.         0.28317593 0.
  0.27370758 0.01807204 0.23169421]
 [0.05954777 0.25446972 0.         0.         0.00814416 0.
  0.         0.         0.15764856 0.         0.1857698  0.
  0.33278865 0.00683346 0.33540261]
 [0.29755469 0.30000056 0.48805268 0.51062662 0.3031433  0.33810539
  0.41434959 0.39091263 0.54330617 0.50534813 0.30595852 0.33544449
  0.53388802 0.11405894 0.1757709 ]]

2
----------------------------------------------------------------------------------
[[0.         0.08527984 0.15885826 0.0465199  0.08246304 0.
  0.07741162 0.11818615 0.         0.15388575 0.03431037 0.
  0.16467399 0.         0.        ]
 [0.         0.11169622 0.01039998 0.0176793  0.05607893 0.03872106
  0.06335444 0.         0.         0.15939276 0.17486086 0.
  0.31821957 0.05875907 0.        ]
 [0.         0.03663387 0.08941722 0.10910416 0.09882824 0.
  0.         0.         0.15883273 0.02580225 0.2534782  0.
  0.2481533  0.10724808 0.        ]
 [0.         0.07289087 0.09880351 0.05264022 0.08849124 0.12872464
  0.19646497 0.18900388 0.         0.2135964  0.04059949 0.
  0.365161   0.         0.        ]
 [0.         0.05277539 0.08908625 0.01142563 0.00065426 0.02400349
  0.08910059 0.1009091  0.         0.08959428 0.06440587 0.
  0.18710093 0.         0.        ]
 [0.06333709 0.03775817 0.         0.12519611 0.08192853 0.13247141
  0.         0.         0.14705165 0.01503173 0.220806   0.05751702
  0.26180001 0.20145317 0.        ]
 [0.         0.04691278 0.02628251 0.02830482 0.         0.09813462
  0.         0.         0.         0.03646016 0.12781007 0.
  0.24550667 0.05310416 0.        ]
 [0.         0.14824444 0.10417212 0.0402639  0.15249622 0.15812792
  0.48970919 0.05953565 0.10791721 0.12916051 0.14289999 0.
  0.30191011 0.30102498 0.        ]
 [0.         0.         0.11404844 0.00380346 0.17889511 0.01935298
  0.00717071 0.04297952 0.         0.18233471 0.         0.
  0.18064688 0.05422905 0.        ]
 [0.03681755 0.06841031 0.         0.10767131 0.12031541 0.0476641
  0.22524222 0.         0.08313287 0.20496829 0.50983202 0.09495112
  0.33514877 0.32074723 0.        ]
 [0.         0.         0.         0.11487295 0.12802839 0.
  0.         0.         0.10468633 0.025754   0.23800815 0.01997043
  0.1029013  0.14601199 0.        ]
 [0.         0.         0.08805937 0.02385022 0.17182342 0.01983204
  0.         0.03281425 0.         0.19685335 0.         0.
  0.16583947 0.06135405 0.        ]
 [0.         0.         0.         0.10038835 0.09244757 0.
  0.01414227 0.         0.08864194 0.05766741 0.20594465 0.01352983
  0.11389812 0.11020527 0.        ]
 [0.         0.03381146 0.         0.01406062 0.08593169 0.
  0.16377209 0.04256432 0.         0.         0.13179701 0.03074373
  0.         0.08635156 0.06518945]
 [0.         0.08177053 0.         0.05446274 0.08679343 0.02725581
  0.25381501 0.13375027 0.         0.02209721 0.09155351 0.
  0.         0.08002037 0.0430367 ]
 [0.         0.         0.         0.01387003 0.06428941 0.12064482
  0.22915557 0.06987652 0.         0.12179793 0.27244571 0.
  0.05300443 0.07576882 0.        ]
 [0.         0.05648065 0.         0.         0.00702862 0.27903898
  0.4284051  0.         0.         0.11856085 0.29183745 0.
  0.27381943 0.12384754 0.        ]
 [0.2994087  0.22102947 0.47292879 0.09695404 0.3365499  0.29948949
  0.22422367 0.44840651 0.26642177 0.2363377  0.11889035 0.29244347
  0.25801172 0.24919457 0.48426778]]

3
----------------------------------------------------------------------------------
[[0.00000000e+00 6.97861264e-01 3.00374339e-01 4.81323792e-01
  1.48334898e-01 4.32620538e-01 6.61188124e-01 1.93311982e-01
  4.45761499e-01 2.17416448e-01 0.00000000e+00 1.81117821e-01
  1.93391998e-01 2.04892030e-01 4.65565462e-01]
 [0.00000000e+00 3.69965876e-01 9.40755332e-02 1.57042992e-01
  2.32279512e-01 7.62743287e-01 1.50571100e+00 6.34946647e-01
  5.39245036e-01 3.75523749e-01 3.96054438e-02 2.20709298e-01
  3.78582721e-01 5.26164327e-01 1.50749724e+00]
 [7.44700358e-02 4.45430429e-01 1.63709264e-01 0.00000000e+00
  1.69772722e-01 4.30147093e-01 3.93808924e-01 1.77663353e-01
  2.92480875e-01 2.15986609e-01 1.67390233e-01 9.01867054e-02
  9.87192938e-02 8.17269960e-02 2.59870475e-01]
 [0.00000000e+00 8.01471496e-01 5.17879747e-01 9.74133218e-01
  7.48191508e-01 8.87065701e-01 1.69742591e+00 7.71557498e-01
  5.53087030e-01 3.74364547e-01 2.71962154e-02 1.18822350e-01
  2.73368353e-01 2.21293523e-01 9.46163815e-01]
 [0.00000000e+00 6.15711175e-01 5.57217244e-01 7.65535826e-01
  7.61849587e-01 1.53762423e+00 2.23132529e+00 7.23745726e-01
  4.26420558e-01 3.37599070e-01 1.77727784e-02 3.62024631e-01
  7.07778335e-01 6.34506551e-01 1.84226349e+00]
 [5.06788788e-02 4.76250745e-01 3.66964487e-01 3.11785450e-01
  4.69687676e-01 1.16607452e+00 1.04803439e+00 7.02100705e-01
  6.86278784e-01 4.94089005e-01 1.31267812e-01 1.21475875e-01
  8.38117470e-02 1.15307190e-01 9.84477412e-01]
 [0.00000000e+00 4.90315526e-01 2.39282251e-01 4.05671424e-01
  6.54438143e-01 2.35943382e+00 1.91166268e+00 8.08290906e-01
  5.84111734e-01 4.55821150e-01 1.24013531e-01 3.74428650e-01
  2.69033544e-01 4.41916333e-01 1.60893060e+00]
 [0.00000000e+00 6.24510389e-01 2.82821827e-03 4.49131226e-01
  2.02257337e-03 4.46859749e-01 4.10171369e-01 2.90755129e-01
  3.03485089e-01 8.89226548e-02 0.00000000e+00 2.79226040e-01
  5.68842137e-02 0.00000000e+00 2.03661865e-01]
 [0.00000000e+00 4.56508894e-01 0.00000000e+00 2.58526806e-01
  0.00000000e+00 8.06715550e-02 1.24125407e-01 2.09727088e-01
  1.97285423e-01 0.00000000e+00 0.00000000e+00 6.06741342e-01
  2.60709690e-01 0.00000000e+00 1.96031511e-01]
 [2.43675520e-01 1.61396509e-01 2.76551465e-02 2.85340013e-01
  2.34510023e-01 3.80199494e-01 1.39358058e-01 1.29120265e-01
  2.38714036e-01 2.46616921e-01 0.00000000e+00 3.74829875e-01
  6.82414025e-02 7.81287872e-02 1.70593040e-02]
 [0.00000000e+00 2.62955245e-01 0.00000000e+00 0.00000000e+00
  3.55521987e-01 1.09649544e-01 0.00000000e+00 2.13979142e-01
  0.00000000e+00 0.00000000e+00 0.00000000e+00 5.67825220e-01
  2.21467512e-01 5.73732228e-02 3.22231321e-01]
 [0.00000000e+00 4.47748525e-01 8.08465306e-03 2.54815409e-01
  0.00000000e+00 2.36402189e-01 1.96508254e-01 2.39544473e-01
  2.27956837e-01 0.00000000e+00 0.00000000e+00 5.88119378e-01
  3.11138933e-01 3.12709269e-02 2.60551235e-01]
 [0.00000000e+00 2.09337491e-01 0.00000000e+00 0.00000000e+00
  2.98658390e-01 3.02354743e-02 0.00000000e+00 2.43496236e-01
  0.00000000e+00 0.00000000e+00 0.00000000e+00 6.14487751e-01
  1.90204813e-01 0.00000000e+00 2.17804793e-01]
 [6.60308022e-02 5.69207408e-02 1.37081587e-01 3.42138289e-01
  8.43046339e-02 1.63682140e-01 8.52430319e-02 3.51916422e-01
  2.08592415e-01 0.00000000e+00 0.00000000e+00 2.53658304e-02
  1.04748870e-01 1.87077901e-02 0.00000000e+00]
 [3.39944722e-02 2.18757094e-01 1.39654874e-01 5.57961696e-01
  3.45416800e-02 1.60810218e-01 4.50745970e-02 3.59779313e-01
  1.00532497e-01 0.00000000e+00 4.71806851e-03 4.13232265e-02
  1.47458831e-02 0.00000000e+00 0.00000000e+00]
 [0.00000000e+00 1.43383708e-01 0.00000000e+00 4.53080317e-01
  9.72723916e-02 1.93954873e-01 2.40388692e-01 2.89716704e-01
  1.80079665e-01 1.08735613e-01 0.00000000e+00 6.11232835e-02
  0.00000000e+00 0.00000000e+00 0.00000000e+00]
 [1.04410013e-02 2.91553794e-01 3.04003168e-02 8.77252266e-01
  3.93347335e-02 6.37082808e-01 7.39616169e-01 3.74367739e-01
  2.04322526e-01 1.17666031e-01 0.00000000e+00 0.00000000e+00
  0.00000000e+00 0.00000000e+00 2.51614061e-02]
 [3.85598851e-01 2.15429618e-01 2.22127793e-01 3.77082689e-01
  2.07969597e-01 4.21343810e-01 3.54617909e-01 2.77628157e-01
  2.34597048e-01 1.94264349e-01 4.51517877e-01 1.77299894e-01
  3.70011388e-01 4.02742878e-01 3.25414065e-01]]

4
----------------------------------------------------------------------------------
[[1.36606563 1.39975363 0.26212367 0.31822782 0.5158191  0.63660242
  0.2798205  0.24270822 0.487066   0.52952093 0.20698702 0.10318615
  0.23752884 0.         0.        ]
 [1.26344349 0.50912392 0.14831886 0.25525405 0.28274447 0.15205098
  0.01286144 0.43040646 1.29842574 0.72371003 0.49496361 0.11565205
  0.12821851 0.         0.12274233]
 [0.39960835 0.27614993 0.14681157 0.02461639 0.18905951 0.31301846
  0.10880086 0.18729014 0.36217563 0.17439974 0.25879845 0.
  0.05815493 0.         0.05984617]
 [3.92992588 3.47368454 0.38925548 0.78924976 0.94225265 0.80774755
  1.18482557 0.94236823 1.58205368 1.12816596 0.54888751 0.47714074
  0.16097086 0.         0.        ]
 [4.96849578 2.85033084 0.1686064  0.71532187 0.80797072 0.610975
  1.27827933 0.68086954 3.21937717 1.56957276 0.79748104 0.32707468
  0.30665361 0.         0.13711133]
 [1.96533325 1.46207595 0.19058906 0.0947572  0.4250131  0.23980359
  0.34881517 0.56356353 0.90111512 0.57655648 0.59973881 0.17878113
  0.         0.         0.04713012]
 [3.92588998 1.71910852 0.20627292 0.30219356 0.44940117 0.1643763
  0.50970921 0.70663721 2.23976207 1.06624276 0.79027499 0.21052431
  0.00574127 0.         0.07697526]
 [0.17090765 0.79974432 0.05573848 0.45724542 1.05262741 0.353964
  0.017997   0.         0.         0.         0.         0.10144475
  0.09262183 0.         0.        ]
 [0.12340873 0.27500949 0.10288306 0.26077033 1.11193294 0.04531178
  0.         0.         0.         0.         0.         0.
  0.23643589 0.         0.02849365]
 [0.72556162 0.         0.03870086 0.20984347 0.45488918 0.47267767
  0.         0.         0.         0.         0.03959706 0.13337399
  0.         0.07896775 0.        ]
 [0.02892265 0.         0.10299384 0.20702079 1.04219881 0.
  0.         0.06335756 0.         0.         0.05937509 0.
  0.06692397 0.         0.04585186]
 [0.4369544  0.30365581 0.07661548 0.2628437  1.09802244 0.04626102
  0.         0.         0.         0.00591635 0.         0.
  0.2269085  0.         0.03320578]
 [0.13463479 0.         0.11603278 0.15633166 0.9022313  0.03200603
  0.         0.07859372 0.         0.         0.         0.
  0.08349252 0.         0.06314406]
 [0.24096924 0.         0.         0.01957614 0.06551747 0.1276913
  0.         0.         0.         0.         0.         0.
  0.         0.         0.        ]
 [0.19353278 0.         0.01477048 0.11520009 0.03681055 0.25073886
  0.         0.         0.         0.         0.         0.
  0.         0.         0.        ]
 [0.53562468 0.         0.01233925 0.19242642 0.11545897 0.52032583
  0.         0.         0.         0.         0.         0.07383002
  0.         0.         0.        ]
 [0.39926604 0.         0.0168361  0.25569786 0.19039768 0.48544722
  0.0726479  0.         0.         0.         0.         0.
  0.         0.         0.        ]
 [0.49529855 0.46080429 0.25936426 0.18437867 0.12974032 0.28219765
  0.55191385 0.59917902 0.63235167 0.42628294 0.43850548 0.22115873
  0.40962952 0.29825745 0.41366684]]

5
----------------------------------------------------------------------------------
[[0.08004528 0.         0.20038163 0.         0.10351969 0.0186624
  0.17251963 0.12373276 0.03871611 0.         0.08152262 0.
  0.19624886 0.24829142 0.0588455 ]
 [0.         0.         0.23399594 0.         0.11215483 0.00404501
  0.08550939 0.0603216  0.10621671 0.         0.13918673 0.
  0.24319343 0.08702775 0.06184525]
 [0.01527117 0.         0.02400011 0.         0.15357688 0.00693071
  0.21401779 0.03162851 0.09436373 0.         0.20197156 0.01602018
  0.31733208 0.0149488  0.01919995]
 [0.14933033 0.         0.33953118 0.         0.07380781 0.
  0.02751764 0.06504134 0.17426446 0.         0.14751947 0.
  0.17831303 0.1883272  0.01175908]
 [0.01558314 0.         0.21425559 0.         0.06705834 0.
  0.11374348 0.01118571 0.08416077 0.         0.03918414 0.
  0.06656492 0.07054586 0.        ]
 [0.         0.         0.12807698 0.         0.17766961 0.02326147
  0.15357133 0.10861276 0.168525   0.         0.28426745 0.00190117
  0.33109302 0.04254016 0.        ]
 [0.         0.         0.15103776 0.         0.146339   0.
  0.08754319 0.01083664 0.1364785  0.         0.09502136 0.
  0.15433104 0.04249353 0.00087267]
 [0.18762694 0.         0.24327438 0.         0.03107146 0.
  0.04771425 0.22731209 0.17864521 0.         0.15298181 0.01868923
  0.23223207 0.24421196 0.16459309]
 [0.01682728 0.         0.07286309 0.0146797  0.03496549 0.
  0.2260945  0.07622159 0.02386373 0.         0.11610241 0.
  0.10263489 0.16827542 0.        ]
 [0.08569494 0.15116654 0.1448832  0.         0.0729186  0.
  0.05290816 0.13306576 0.38000539 0.         0.40587862 0.07892243
  0.43156753 0.11336568 0.20025009]
 [0.         0.         0.00890101 0.         0.1432634  0.
  0.0587851  0.08281149 0.0566158  0.         0.16539362 0.
  0.27804697 0.         0.        ]
 [0.01329546 0.00399127 0.08900161 0.00911185 0.0408888  0.
  0.19823678 0.07893806 0.04603502 0.         0.10578883 0.
  0.11608183 0.16876894 0.        ]
 [0.         0.         0.01033782 0.         0.12625115 0.
  0.0525583  0.12284306 0.08167568 0.         0.15557351 0.
  0.29965648 0.         0.        ]
 [0.04321401 0.02945461 0.         0.01836211 0.         0.
  0.         0.11023723 0.         0.         0.         0.
  0.03376221 0.         0.02481804]
 [0.23061069 0.10287571 0.         0.         0.         0.
  0.         0.06620735 0.1154106  0.00196134 0.00643135 0.
  0.0127746  0.         0.07602686]
 [0.21131715 0.10462213 0.09968321 0.         0.         0.
  0.         0.15456015 0.0710196  0.         0.13885055 0.1385192
  0.11331578 0.         0.        ]
 [0.32372302 0.23872115 0.1864406  0.         0.         0.
  0.         0.06359132 0.09281091 0.         0.09678798 0.16264703
  0.         0.         0.        ]
 [0.18561752 0.35953196 0.25262324 0.37417512 0.23808144 0.29967117
  0.28663362 0.13091142 0.36709408 0.307894   0.33609627 0.21704339
  0.21950213 0.30106117 0.2492258 ]]

6
----------------------------------------------------------------------------------
[[0.09769081 0.         0.         0.         0.02213254 0.12581485
  0.63029205 0.63596592 0.12625624 0.         0.1481298  0.02673046
  0.         0.18245141 0.27422721]
 [0.         0.         0.         0.         0.1798038  0.16046592
  0.352779   0.67723256 0.31208404 0.         0.06391216 0.01781636
  0.20042842 0.28960921 0.10986096]
 [0.         0.01356118 0.         0.         0.29235653 0.26318911
  0.         0.37761111 0.34412255 0.03750606 0.11631731 0.
  0.14193637 0.17809293 0.0254834 ]
 [0.07502415 0.         0.         0.         0.         0.21516894
  1.63065506 1.30470097 0.28130439 0.13342993 0.09303356 0.09636936
  0.         0.01155411 0.38364572]
 [0.         0.         0.         0.         0.02375882 0.16840268
  2.44281092 1.9393887  0.20064234 0.         0.15503483 0.04502412
  0.02963029 0.11124224 0.27990768]
 [0.         0.         0.         0.03334012 0.3901162  0.49723698
  0.63907249 1.05379111 0.54608167 0.13162933 0.04855367 0.00490506
  0.12679226 0.12622229 0.24187047]
 [0.         0.         0.         0.01865734 0.29268981 0.47929328
  1.29845563 1.44432145 0.32744304 0.08555692 0.02816589 0.
  0.13825947 0.30548675 0.22198172]
 [0.12481313 0.         0.00693268 0.         0.         0.13172866
  0.         0.16025316 0.         0.         0.         0.19836018
  0.016581   0.17430828 0.3005525 ]
 [0.11828044 0.         0.         0.         0.         0.15222713
  0.         0.         0.         0.         0.02423173 0.
  0.0194713  0.         0.03149195]
 [0.02933865 0.         0.         0.01279362 0.24335892 0.0708526
  0.         0.0197016  0.56010968 0.0416392  0.07293972 0.20643792
  0.31102059 0.22788896 0.20782231]
 [0.         0.         0.         0.00264106 0.22832755 0.13858231
  0.         0.         0.24420747 0.         0.07023372 0.09460609
  0.11467465 0.13150263 0.        ]
 [0.15010916 0.         0.         0.         0.         0.18293699
  0.11651293 0.10511833 0.03486535 0.00964612 0.         0.00763489
  0.03911779 0.         0.08443196]
 [0.         0.         0.         0.         0.23518884 0.16296367
  0.         0.         0.21429455 0.01607841 0.05536713 0.0979476
  0.15960347 0.08035358 0.        ]
 [0.         0.         0.         0.05186895 0.03486768 0.2306711
  0.         0.0658446  0.09440652 0.04702085 0.         0.13789875
  0.06459617 0.06751618 0.03014757]
 [0.04310139 0.         0.         0.05576149 0.03327347 0.26730652
  0.         0.09363218 0.06936027 0.1098933  0.00865126 0.21208767
  0.03533305 0.16579061 0.0657452 ]
 [0.01592879 0.00348946 0.         0.07617099 0.06661992 0.15400703
  0.         0.12947782 0.2151577  0.04993233 0.         0.21070739
  0.04766025 0.29397958 0.04941884]
 [0.00363218 0.         0.         0.05015013 0.06441667 0.15136394
  0.         0.27893853 0.25238869 0.10422852 0.00756106 0.38104216
  0.20502709 0.67818997 0.2568819 ]
 [0.10703155 0.44051471 0.38968235 0.45182808 0.25257742 0.28824915
  0.57381031 0.27062383 0.50105881 0.18560532 0.21529995 0.24612637
  0.21164255 0.31888689 0.15731222]]

7
----------------------------------------------------------------------------------
[[0.00000000e+00 1.12588617e-01 5.99048736e-02 1.30899400e-01
  0.00000000e+00 9.52416424e-02 2.87998780e-01 1.72891415e-01
  3.40382741e-01 3.14678030e-01]
 [1.28467552e-02 0.00000000e+00 0.00000000e+00 6.17100793e-02
  1.89836456e-02 9.36386058e-02 1.16758593e-01 9.22684542e-02
  2.99731266e-01 0.00000000e+00]
 [0.00000000e+00 2.13334847e-02 2.05735684e-01 2.36181309e-01
  2.20320835e-02 1.38428612e-01 0.00000000e+00 1.53605927e-01
  2.07830016e-01 0.00000000e+00]
 [1.61955048e-01 0.00000000e+00 0.00000000e+00 0.00000000e+00
  5.28282988e-02 4.57445803e-02 4.53991043e-01 1.09941333e-01
  6.78264506e-02 3.19629090e-01]
 [6.96627169e-03 0.00000000e+00 0.00000000e+00 3.57319460e-02
  3.19224597e-02 4.11929329e-02 2.52396635e-01 1.86471114e-02
  7.39386259e-02 5.63594943e-02]
 [9.57221828e-02 0.00000000e+00 1.32391483e-01 1.79879285e-01
  2.31581453e-02 1.49928039e-01 0.00000000e+00 1.02351929e-01
  9.47165272e-02 9.66500648e-02]
 [1.54090012e-02 0.00000000e+00 6.63693330e-02 5.21382882e-02
  7.62055703e-02 9.65492171e-02 0.00000000e+00 1.10370694e-01
  9.20651669e-02 0.00000000e+00]
 [1.00548684e-01 2.80988463e-02 0.00000000e+00 0.00000000e+00
  1.76695142e-02 7.95842693e-02 2.34368002e-01 1.64327476e-01
  9.87371806e-01 3.71891376e-01]
 [1.53919635e-02 2.27465693e-02 3.30774106e-02 0.00000000e+00
  0.00000000e+00 8.62685724e-02 1.65766790e-01 5.51234803e-02
  2.30513147e-02 2.33465551e-01]
 [1.38881240e-01 5.83529336e-02 1.95670131e-02 1.43011911e-01
  1.65808923e-01 2.97453645e-01 6.56277180e-02 8.31705506e-02
  2.76702313e-01 4.33177342e-01]
 [1.64686995e-02 0.00000000e+00 1.12258874e-01 1.54653563e-01
  5.02531705e-02 2.08356914e-01 0.00000000e+00 0.00000000e+00
  1.16437268e-01 1.44878357e-01]
 [5.48821957e-02 1.83810189e-02 1.03657070e-02 0.00000000e+00
  0.00000000e+00 4.89505366e-02 2.38170482e-01 8.35846107e-02
  4.40378260e-02 1.94863325e-01]
 [2.04291106e-04 0.00000000e+00 1.02885472e-01 1.53478007e-01
  3.05386094e-02 1.67100052e-01 0.00000000e+00 2.35923723e-02
  4.85229933e-02 8.98323890e-02]
 [7.62982865e-02 5.84731438e-02 0.00000000e+00 0.00000000e+00
  1.25400543e-02 1.97151089e-02 1.37826638e-01 1.16408005e-01
  2.14779169e-01 1.36153266e-01]
 [6.76321470e-02 1.98231015e-02 0.00000000e+00 0.00000000e+00
  4.59672132e-02 4.09848550e-02 1.89960343e-01 1.28445075e-01
  1.97397689e-01 1.69173669e-01]
 [8.61098384e-02 0.00000000e+00 0.00000000e+00 0.00000000e+00
  4.91222090e-02 4.11452900e-02 1.42431127e-01 8.41392843e-02
  4.47560836e-01 1.07885688e-01]
 [3.19404312e-01 7.12906660e-02 0.00000000e+00 0.00000000e+00
  2.13797178e-01 1.93728594e-01 8.29954883e-01 6.17034687e-02
  7.58725163e-01 5.42221945e-02]
 [2.36460506e-01 2.45667852e-01 5.80499179e-01 4.06493169e-01
  2.45669392e-01 1.61296679e-01 4.31181896e-01 3.05346423e-01
  1.53446070e-01 2.40849624e-01]]