

1
----------------------------------------------------------------------------------
[[2.50654477e-01 1.26343425e-01 5.15251692e-01 3.41394594e-01
  0.00000000e+00 0.00000000e+00 0.00000000e+00 2.00267580e-02
  2.13071468e-01 8.91757839e-02 0.00000000e+00 0.00000000e+00
  3.56135759e-02 6.33379148e-03 1.47892691e-01]
 [1.47255347e-01 1.42461858e-01 2.75453536e-01 2.20806185e-01
  0.00000000e+00 0.00000000e+00 0.00000000e+00 9.17001085e-03
  3.49269069e-02 1.47020382e-01 3.64035879e-02 0.00000000e+00
  8.35285433e-02 0.00000000e+00 3.91857155e-02]
 [2.13946657e-01 2.64658654e-01 4.52377589e-01 7.07046185e-02
  0.00000000e+00 0.00000000e+00 0.00000000e+00 7.14402564e-02
  8.45084385e-02 1.02340217e-01 0.00000000e+00 1.90644362e-02
  2.69717869e-02 0.00000000e+00 1.07926003e-01]
 [2.77047846e-01 2.50774585e-01 4.17093982e-01 2.50434882e-01
  0.00000000e+00 4.90770127e-02 0.00000000e+00 1.59869359e-02
  3.16273740e-01 7.18628392e-02 1.10299868e-01 2.17946373e-02
  8.94943106e-03 4.25815377e-02 1.88767741e-01]
 [1.30361773e-01 6.48944603e-02 2.75274381e-01 1.07895696e-01
  0.00000000e+00 2.58647531e-03 0.00000000e+00 0.00000000e+00
  2.22481999e-01 5.74892808e-02 4.55448583e-02 4.12123669e-02
  8.01613837e-02 0.00000000e+00 1.20176012e-01]
 [2.79641338e-01 1.07349807e-01 5.67402378e-01 1.72428381e-01
  5.69893332e-02 1.18583921e-01 0.00000000e+00 5.61744562e-02
  4.71725585e-02 1.20296736e-01 2.75759116e-04 8.10025065e-02
  3.78600855e-02 0.00000000e+00 1.89128331e-01]
 [1.98384225e-01 7.77678055e-02 3.27344425e-01 8.50590417e-02
  0.00000000e+00 5.48999038e-02 0.00000000e+00 2.12312158e-02
  8.81004269e-02 4.18908174e-02 3.35121286e-02 6.21272018e-02
  0.00000000e+00 0.00000000e+00 1.43295244e-01]
 [1.66940822e-01 1.30274871e-01 4.11257045e-01 3.19452174e-01
  0.00000000e+00 0.00000000e+00 0.00000000e+00 5.28278158e-02
  2.48850937e-01 2.14596189e-02 3.97098208e-03 8.30730798e-03
  3.40085619e-02 1.24539502e-01 9.03178233e-02]
 [6.52342806e-02 1.20778080e-01 3.39862353e-01 2.01978931e-01
  7.52526573e-02 0.00000000e+00 1.34969868e-01 6.04560542e-02
  2.51121444e-01 9.75713043e-03 0.00000000e+00 0.00000000e+00
  0.00000000e+00 1.59873058e-02 7.68432199e-02]
 [1.19011354e-01 1.50309484e-01 3.17235401e-01 1.34222850e-01
  0.00000000e+00 1.17817092e-01 3.38117129e-02 1.19482115e-01
  5.13811404e-02 5.08137152e-02 0.00000000e+00 1.31037391e-01
  9.00264599e-02 9.88865013e-02 7.55990358e-02]
 [5.21163501e-02 1.64950982e-01 3.13742744e-01 6.27617149e-02
  0.00000000e+00 2.18418924e-01 6.17051903e-02 4.79986054e-02
  9.80145150e-03 8.72957373e-02 0.00000000e+00 9.75003480e-02
  0.00000000e+00 0.00000000e+00 1.20054933e-01]
 [0.00000000e+00 4.42395655e-02 1.11134039e-01 1.58599599e-01
  0.00000000e+00 0.00000000e+00 0.00000000e+00 0.00000000e+00
  1.29631320e-01 8.21805172e-02 0.00000000e+00 0.00000000e+00
  0.00000000e+00 3.75194950e-02 0.00000000e+00]
 [2.28346698e-02 7.65605065e-02 2.06996305e-01 1.25054110e-01
  0.00000000e+00 3.91993866e-02 0.00000000e+00 0.00000000e+00
  0.00000000e+00 1.77980749e-02 0.00000000e+00 0.00000000e+00
  0.00000000e+00 0.00000000e+00 4.90754162e-02]
 [0.00000000e+00 3.93355501e-02 0.00000000e+00 1.58005314e-01
  1.88414314e-01 0.00000000e+00 0.00000000e+00 1.89289904e-01
  4.88007339e-02 1.14432090e-02 0.00000000e+00 3.76563493e-02
  0.00000000e+00 3.17020337e-03 5.89582763e-02]
 [0.00000000e+00 4.70315648e-02 0.00000000e+00 1.79821521e-01
  0.00000000e+00 0.00000000e+00 1.08503278e-02 1.10488751e-01
  1.23500336e-01 0.00000000e+00 0.00000000e+00 9.62472900e-03
  0.00000000e+00 3.99881345e-02 1.62030628e-02]
 [0.00000000e+00 8.83152710e-02 0.00000000e+00 2.34583512e-01
  0.00000000e+00 0.00000000e+00 3.98523183e-02 1.63840257e-01
  3.98983808e-02 0.00000000e+00 0.00000000e+00 1.52623145e-01
  3.69399901e-02 6.84161311e-02 0.00000000e+00]
 [0.00000000e+00 0.00000000e+00 0.00000000e+00 1.92039048e-01
  0.00000000e+00 0.00000000e+00 0.00000000e+00 1.00224357e-01
  3.00226156e-01 9.07058202e-02 9.44174283e-02 0.00000000e+00
  0.00000000e+00 8.59168874e-02 0.00000000e+00]
 [3.02554945e-01 1.56148191e-01 1.69411140e-01 8.24618070e-02
  8.55398172e-01 4.77038029e-01 2.58143593e-01 1.56835353e-01
  1.47085360e-01 1.80595565e-01 1.88759447e-01 1.58919278e-01
  3.20070593e-01 5.09286378e-01 1.77662597e-01]]

2
----------------------------------------------------------------------------------
[[0.0860727  0.         0.         0.25212788 0.03672417 0.09888852
  0.08316257 0.19215976 0.56387145 0.         0.49526707 0.28925046
  0.57702769 0.78837488 0.38733187]
 [0.10278364 0.         0.         0.0983511  0.         0.
  0.         0.         0.00763148 0.         0.16752786 0.
  0.14705373 0.14163607 0.10259854]
 [0.06772669 0.         0.         0.11389231 0.         0.
  0.         0.17183518 0.05072158 0.049083   0.24950348 0.96777542
  0.93900566 0.83035666 0.73320973]
 [0.10336757 0.         0.         0.2358068  0.03301222 0.12799509
  0.20932722 0.40009926 0.87252046 0.40460529 0.69496303 0.67719188
  1.06045336 1.01331401 0.77118549]
 [0.0455883  0.         0.         0.13738147 0.02449478 0.02790957
  0.06567428 0.27396163 0.58023449 0.14437264 0.5392468  0.38079203
  0.55205365 0.85724076 0.48255911]
 [0.06123078 0.         0.         0.09348982 0.         0.
  0.         0.27833965 0.23518732 0.         0.43345294 1.42642544
  2.04169314 1.54444689 1.35066509]
 [0.05213599 0.         0.         0.13182444 0.         0.
  0.         0.16843811 0.16260997 0.         0.36252662 1.02009041
  1.23378672 0.98577892 1.01777117]
 [0.16852878 0.         0.         0.14094314 0.1876868  0.12162065
  0.19084247 0.06563795 0.         0.         0.06252712 0.
  0.08775038 0.04995411 0.        ]
 [0.11322025 0.         0.         0.11680385 0.01187472 0.27204979
  0.79490122 0.14154467 0.01029549 0.         0.10878655 0.02458648
  0.03545505 0.19069577 0.05830036]
 [0.         0.         0.         0.01560757 0.05086021 0.
  0.         0.02853206 0.         0.02460777 0.19067545 0.09191322
  0.12053451 0.14123539 0.08407155]
 [0.10007896 0.         0.         0.11669888 0.         0.41222691
  0.34496354 0.15097158 0.00985851 0.         0.2404719  0.11021257
  0.42675357 0.44378355 0.27970808]
 [0.03121121 0.         0.         0.07620414 0.00922852 0.07896844
  0.18009595 0.11209377 0.         0.         0.04718253 0.
  0.         0.15543865 0.03899594]
 [0.05961957 0.         0.         0.00717148 0.         0.14954337
  0.09214512 0.07987766 0.01340416 0.01733448 0.06699119 0.
  0.10625105 0.11554837 0.19924176]
 [0.         0.         0.         0.04259761 0.         0.
  0.         0.10703967 0.10068441 0.006663   0.         0.
  0.13177722 0.08526389 0.13642331]
 [0.         0.         0.         0.09311311 0.03013544 0.
  0.         0.03500529 0.05703654 0.01590612 0.06232063 0.
  0.08319169 0.13487785 0.09249211]
 [0.         0.         0.         0.02991378 0.         0.
  0.         0.098543   0.07179481 0.01328063 0.0840181  0.
  0.13907989 0.12097917 0.03632575]
 [0.1082658  0.         0.01922541 0.04874518 0.02767713 0.
  0.03068536 0.         0.09881933 0.         0.0426274  0.
  0.13540127 0.2340735  0.06592131]
 [0.438915   0.31879058 0.27016117 0.26411803 0.20865266 0.48946664
  0.3352114  0.19863314 0.2933608  0.62184766 0.10966163 0.277337
  0.19937499 0.1887312  0.14127061]]

3
----------------------------------------------------------------------------------
[[0.43833517 0.16544307 0.06487357 0.         0.         0.
  0.         0.         0.         0.00749552 0.10992164 0.
  0.         0.         0.        ]
 [0.06400367 0.         0.07146534 0.         0.         0.
  0.         0.         0.         0.         0.         0.
  0.         0.         0.        ]
 [0.30634036 0.05979557 0.10304599 0.         0.         0.
  0.         0.         0.         0.         0.         0.11943481
  0.         0.08264537 0.01936184]
 [0.66198676 0.16004009 0.10229487 0.         0.         0.
  0.         0.         0.         0.03792119 0.12173474 0.
  0.         0.         0.05443758]
 [0.38808908 0.16207961 0.06460997 0.         0.         0.
  0.         0.         0.         0.         0.         0.
  0.         0.         0.04976955]
 [0.56339729 0.11130094 0.1834137  0.         0.         0.
  0.         0.         0.         0.00382227 0.         0.2148403
  0.01084205 0.24554994 0.28661398]
 [0.30658047 0.06799108 0.19218506 0.         0.         0.
  0.         0.         0.         0.         0.         0.15033885
  0.07514887 0.12157642 0.4601388 ]
 [0.57935978 0.05387883 0.06351126 0.         0.         0.
  0.         0.         0.         0.00717488 0.04904089 0.
  0.         0.         0.        ]
 [0.95330599 0.08150326 0.07698472 0.         0.         0.
  0.26774462 0.         0.         0.         0.0472671  0.
  0.         0.         0.        ]
 [0.12714991 0.         0.05583006 0.03415553 0.         0.
  0.         0.         0.         0.11438485 0.         0.0071395
  0.         0.10195094 0.        ]
 [0.72079922 0.         0.09825216 0.10537189 0.         0.
  0.         0.         0.         0.11174659 0.         0.0597548
  0.         0.         0.        ]
 [0.16690212 0.         0.         0.         0.         0.
  0.         0.         0.         0.00381076 0.         0.0504381
  0.02079812 0.         0.        ]
 [0.15013937 0.         0.0733519  0.         0.         0.
  0.         0.         0.         0.         0.         0.04124592
  0.         0.         0.        ]
 [0.24801046 0.05631237 0.09732493 0.11071742 0.02920784 0.02583583
  0.         0.0170875  0.         0.         0.         0.
  0.         0.         0.        ]
 [0.17234779 0.12112706 0.08834982 0.11334879 0.05231779 0.01624492
  0.         0.         0.         0.         0.         0.
  0.         0.         0.        ]
 [0.02576542 0.03956757 0.11668813 0.05495345 0.01617023 0.
  0.         0.         0.         0.         0.         0.
  0.         0.         0.        ]
 [0.06425285 0.11488117 0.11011382 0.         0.06096299 0.
  0.         0.         0.         0.         0.         0.
  0.         0.         0.        ]
 [0.24875632 0.37244401 0.13881027 0.29297059 0.48869513 0.63988845
  0.48956008 0.40665166 0.46440834 0.18844493 0.24637152 0.1915433
  0.69781867 1.08074936 0.54359787]]

4
----------------------------------------------------------------------------------
[[2.86292849e-01 3.06759567e-01 0.00000000e+00 1.51700710e-02
  2.07650011e-01 2.31931735e-01 0.00000000e+00 2.88024924e-01
  2.58600908e-01 2.90460676e-02 0.00000000e+00 1.03498315e-01
  2.01333965e-01 0.00000000e+00 5.52379669e-02]
 [0.00000000e+00 2.10769019e-01 9.57814249e-02 0.00000000e+00
  3.54979440e-01 2.22836086e-02 0.00000000e+00 8.23933913e-02
  6.04147525e-02 1.47724818e-01 4.81701079e-02 0.00000000e+00
  1.60999637e-01 9.94709751e-03 7.41981872e-02]
 [0.00000000e+00 2.43511156e-01 0.00000000e+00 6.11367438e-02
  1.22142957e-01 0.00000000e+00 2.00577144e-01 2.42714073e-01
  1.27284914e-01 8.93838666e-02 0.00000000e+00 0.00000000e+00
  3.93743552e-03 5.00469072e-02 1.66411815e-02]
 [0.00000000e+00 3.24796925e-01 0.00000000e+00 0.00000000e+00
  3.02200859e-01 2.01609605e-01 5.63911390e-03 1.76621694e-01
  1.37364637e-01 0.00000000e+00 0.00000000e+00 0.00000000e+00
  1.32202813e-01 0.00000000e+00 0.00000000e+00]
 [0.00000000e+00 3.03890242e-01 0.00000000e+00 0.00000000e+00
  3.57234012e-01 2.48275633e-01 0.00000000e+00 4.23691924e-02
  8.88132571e-02 0.00000000e+00 0.00000000e+00 0.00000000e+00
  1.52008328e-01 0.00000000e+00 0.00000000e+00]
 [0.00000000e+00 1.34596174e-01 0.00000000e+00 1.66859308e-01
  1.84681295e-01 5.44075870e-02 2.29417667e-01 1.95619268e-01
  1.11148871e-01 2.88658801e-01 0.00000000e+00 0.00000000e+00
  0.00000000e+00 0.00000000e+00 1.08006959e-01]
 [1.09451848e-04 2.07000874e-01 0.00000000e+00 1.01610640e-01
  3.18456519e-01 0.00000000e+00 0.00000000e+00 1.30582458e-01
  1.18355151e-01 9.02045190e-02 8.01108206e-02 0.00000000e+00
  3.26140116e-02 3.37404426e-02 0.00000000e+00]
 [3.51758067e-01 4.44196484e-01 0.00000000e+00 5.16241197e-02
  0.00000000e+00 5.28519652e-01 3.81884293e-01 5.79189584e-01
  4.09600539e-01 1.31457562e-01 2.26454369e-01 2.99576466e-01
  7.98623754e-02 1.11472410e-01 1.70775609e-01]
 [1.71552101e-01 5.51987521e-01 0.00000000e+00 1.32972215e-01
  5.61733105e-02 3.61659959e-01 5.26768815e-01 4.66634669e-01
  4.54494835e-01 2.23721426e-01 2.17574330e-01 1.21002022e-01
  1.15398467e-01 0.00000000e+00 6.62989802e-02]
 [3.66508157e-01 4.09785206e-01 0.00000000e+00 5.44111036e-03
  0.00000000e+00 5.28742504e-01 6.34915656e-01 3.62069115e-01
  4.33186815e-01 4.11452231e-01 1.29418984e-01 1.39645735e-02
  1.31857286e-01 7.82989249e-02 1.34521550e-01]
 [3.48982750e-01 4.87484776e-01 0.00000000e+00 7.91753662e-02
  9.48819368e-02 5.10516335e-01 7.43474520e-01 5.07666145e-01
  7.03912964e-01 5.84765465e-01 2.33379735e-01 0.00000000e+00
  9.41757400e-02 0.00000000e+00 1.56106635e-01]
 [2.13875954e-01 3.67938448e-01 0.00000000e+00 4.62053578e-02
  0.00000000e+00 2.96256653e-01 2.62189658e-01 2.86891761e-01
  1.49359926e-01 8.83837279e-02 1.09517885e-02 7.45049753e-02
  7.74266876e-02 0.00000000e+00 2.56009126e-02]
 [5.20349705e-01 4.99665700e-01 0.00000000e+00 3.27947692e-02
  0.00000000e+00 5.72340732e-02 2.54434753e-01 3.61465344e-01
  6.48555057e-01 3.39232363e-01 2.63999459e-01 0.00000000e+00
  6.26474682e-02 1.42231787e-01 6.56845765e-02]
 [4.93870626e-02 7.22563816e-02 1.72599717e-01 7.61398693e-02
  4.79809336e-02 1.40493528e-01 3.32885406e-01 0.00000000e+00
  1.51419238e-01 0.00000000e+00 0.00000000e+00 0.00000000e+00
  0.00000000e+00 0.00000000e+00 9.16991858e-02]
 [8.02114675e-03 2.72785712e-01 2.05237357e-01 0.00000000e+00
  0.00000000e+00 2.35867130e-01 3.64113867e-01 1.05315451e-01
  1.05045782e-01 1.16155147e-01 6.53740674e-02 2.49986129e-02
  0.00000000e+00 0.00000000e+00 2.09720227e-01]
 [1.45533450e-01 7.74620342e-02 2.29798417e-01 1.66870437e-02
  0.00000000e+00 1.85600115e-01 2.58563756e-01 1.72915549e-01
  4.72473043e-02 2.09190194e-01 1.96896358e-01 3.15932606e-01
  0.00000000e+00 0.00000000e+00 1.92107682e-01]
 [2.32514642e-01 2.83411058e-01 1.64580445e-01 1.00781978e-01
  0.00000000e+00 4.33328653e-01 5.78529508e-01 2.61166458e-01
  2.20356131e-01 1.57343466e-02 5.99921224e-03 9.12444241e-02
  3.57759374e-02 4.80348919e-02 1.81343086e-01]
 [5.37547347e-01 2.23071240e-01 4.90860227e-01 2.31838277e-01
  4.40266321e-01 5.76604568e-01 5.24029030e-01 1.84387777e-01
  3.24951473e-01 1.66434183e-01 4.84748412e-01 6.67193603e-01
  2.80990770e-01 2.43733640e-01 2.69310155e-01]]

5
----------------------------------------------------------------------------------
[[0.00000000e+00 0.00000000e+00 1.61241414e-02 0.00000000e+00
  1.62672874e-01 9.47045972e-01 2.60999729e+00 1.87274220e+00
  9.46436087e-01 5.99291849e-01 6.03180871e-01 6.13957418e-02
  8.20843512e-02 3.40942344e-01 2.12648627e-01]
 [1.95957864e-02 0.00000000e+00 0.00000000e+00 0.00000000e+00
  0.00000000e+00 6.31007866e-01 1.11258601e+00 6.81912271e-01
  1.68054615e-01 0.00000000e+00 0.00000000e+00 0.00000000e+00
  0.00000000e+00 3.97260604e-02 0.00000000e+00]
 [0.00000000e+00 3.02421982e-02 0.00000000e+00 0.00000000e+00
  0.00000000e+00 1.12377595e+00 1.96550876e+00 1.94524909e+00
  6.60681765e-01 0.00000000e+00 4.16286133e-01 0.00000000e+00
  0.00000000e+00 1.94515256e-01 0.00000000e+00]
 [0.00000000e+00 0.00000000e+00 4.08438694e-03 0.00000000e+00
  5.00070025e-01 1.40778881e+00 2.75155709e+00 2.15284036e+00
  1.27845152e+00 5.92898254e-01 4.52189730e-01 0.00000000e+00
  6.93709496e-02 3.13476387e-01 1.62603589e-01]
 [0.00000000e+00 0.00000000e+00 0.00000000e+00 0.00000000e+00
  0.00000000e+00 1.77906991e+00 2.86321598e+00 1.90077139e+00
  9.51594882e-01 3.48833923e-01 2.74124990e-01 2.80740571e-02
  0.00000000e+00 2.55660062e-01 7.84171434e-02]
 [0.00000000e+00 0.00000000e+00 0.00000000e+00 0.00000000e+00
  5.64706941e-01 2.01988916e+00 8.45421328e+00 6.75474347e+00
  1.40085232e+00 5.87388617e-01 7.95394168e-01 0.00000000e+00
  0.00000000e+00 3.04285044e-01 0.00000000e+00]
 [0.00000000e+00 0.00000000e+00 0.00000000e+00 0.00000000e+00
  1.59827730e-01 1.30357140e+00 2.05804328e+00 2.02597832e+00
  5.73381096e-01 0.00000000e+00 2.19043449e-01 0.00000000e+00
  0.00000000e+00 9.72870500e-02 0.00000000e+00]
 [0.00000000e+00 0.00000000e+00 2.17298879e-02 0.00000000e+00
  8.81076355e-01 0.00000000e+00 6.52875217e-01 6.49302022e-01
  1.30681680e-01 0.00000000e+00 1.23565209e-01 0.00000000e+00
  4.26564044e-02 1.02078585e-02 1.71681720e-01]
 [0.00000000e+00 0.00000000e+00 0.00000000e+00 0.00000000e+00
  1.35173265e+00 4.27183749e-01 5.62701687e-01 6.66321865e-01
  2.77438504e-01 2.32184482e-01 0.00000000e+00 0.00000000e+00
  5.15207582e-02 2.53354852e-02 1.26241077e-01]
 [0.00000000e+00 4.32662433e-02 0.00000000e+00 7.36027465e-02
  3.99767827e-01 0.00000000e+00 2.21270190e-02 3.77715521e-01
  2.16504616e-01 0.00000000e+00 0.00000000e+00 1.91704931e-02
  0.00000000e+00 1.06125724e-01 4.23978162e-02]
 [0.00000000e+00 0.00000000e+00 0.00000000e+00 1.29669471e-01
  2.70723825e+00 6.85029298e-01 1.11288307e+00 1.87154681e+00
  6.60844057e-01 1.64791187e-01 1.72139123e-01 1.45639386e-01
  0.00000000e+00 2.06721705e-01 0.00000000e+00]
 [3.06740504e-03 7.50746894e-02 2.14565702e-02 0.00000000e+00
  1.25651126e-01 0.00000000e+00 1.10639864e+00 5.16319175e-01
  1.40713255e-01 5.54721577e-02 8.58625136e-02 0.00000000e+00
  1.46201371e-01 5.06035541e-02 5.13377303e-02]
 [1.54511432e-01 9.04558597e-02 5.13699510e-02 9.82420937e-02
  6.13795880e-01 0.00000000e+00 0.00000000e+00 4.80184607e-01
  1.91294428e-01 0.00000000e+00 0.00000000e+00 5.83100576e-02
  2.19965046e-02 0.00000000e+00 0.00000000e+00]
 [0.00000000e+00 0.00000000e+00 0.00000000e+00 0.00000000e+00
  9.14634086e-02 0.00000000e+00 3.27636725e-02 1.71207179e-01
  1.68588102e-01 8.64132665e-02 1.64329694e-01 4.36867783e-01
  4.56070315e-01 0.00000000e+00 5.06819015e-03]
 [0.00000000e+00 6.65546662e-02 0.00000000e+00 4.48742448e-02
  1.60055456e-01 0.00000000e+00 0.00000000e+00 8.94367919e-02
  1.17000309e-01 1.41913750e-01 8.38841953e-02 4.46610726e-01
  7.00069187e-01 0.00000000e+00 0.00000000e+00]
 [4.08086401e-02 2.07367947e-01 3.44087258e-02 2.00145000e-01
  3.71592674e-01 0.00000000e+00 0.00000000e+00 1.08225848e-01
  2.58914722e-01 3.11612141e-02 5.72548313e-02 6.16965573e-01
  5.20680927e-01 1.20491482e-01 1.98630861e-01]
 [1.30211204e-01 0.00000000e+00 4.18147623e-02 0.00000000e+00
  3.29340545e-01 0.00000000e+00 0.00000000e+00 7.90564303e-02
  1.60330488e-01 0.00000000e+00 5.10552495e-02 4.67190835e-02
  5.12581835e-01 0.00000000e+00 0.00000000e+00]
 [4.66755677e-01 3.27754681e-01 3.84948889e-01 1.21580452e+00
  1.21593487e+00 9.52866014e-01 4.50422255e-01 1.56147456e-01
  2.55894994e-01 5.49469022e-01 2.74296374e-01 4.06860099e-01
  3.86632498e-01 3.29455961e-01 3.63223133e-01]]

6
----------------------------------------------------------------------------------
[[0.00000000e+00 0.00000000e+00 0.00000000e+00 0.00000000e+00
  0.00000000e+00 2.73220675e-01 0.00000000e+00 0.00000000e+00
  1.17798371e-01 0.00000000e+00 0.00000000e+00 6.03835763e-02
  0.00000000e+00 2.68152438e-02 0.00000000e+00]
 [5.97862092e-02 0.00000000e+00 1.36570475e-02 4.96547082e-02
  1.05603337e-01 1.04178121e+00 6.79240730e-02 9.61448625e-02
  3.62168768e-01 0.00000000e+00 1.77479099e-01 1.02367567e-01
  0.00000000e+00 1.48440072e-02 0.00000000e+00]
 [0.00000000e+00 0.00000000e+00 0.00000000e+00 0.00000000e+00
  0.00000000e+00 1.79102520e-01 6.57049282e-02 1.19425764e-01
  4.53680849e-02 3.85997485e-02 7.31352321e-02 0.00000000e+00
  0.00000000e+00 4.52361534e-02 0.00000000e+00]
 [0.00000000e+00 0.00000000e+00 0.00000000e+00 0.00000000e+00
  0.00000000e+00 3.33150682e-01 1.00623732e-01 2.30282527e-01
  1.86682746e-02 0.00000000e+00 2.32348942e-04 1.90569568e-02
  0.00000000e+00 4.80412473e-02 0.00000000e+00]
 [0.00000000e+00 0.00000000e+00 0.00000000e+00 0.00000000e+00
  0.00000000e+00 5.33475046e-01 6.00951483e-02 9.53630834e-02
  1.31004045e-01 0.00000000e+00 6.54668278e-02 1.06173910e-01
  1.45995285e-02 7.22437786e-02 0.00000000e+00]
 [0.00000000e+00 0.00000000e+00 0.00000000e+00 0.00000000e+00
  0.00000000e+00 2.33660792e-01 9.66154622e-02 1.96026129e-01
  1.45061896e-02 1.89019603e-01 1.18959246e-01 0.00000000e+00
  0.00000000e+00 2.18110174e-01 0.00000000e+00]
 [0.00000000e+00 0.00000000e+00 0.00000000e+00 0.00000000e+00
  0.00000000e+00 2.92697110e-01 1.27846735e-01 1.02295361e-01
  7.41329256e-02 1.11436641e-01 2.09483828e-01 7.96738069e-02
  0.00000000e+00 1.31223938e-01 0.00000000e+00]
 [0.00000000e+00 0.00000000e+00 0.00000000e+00 0.00000000e+00
  0.00000000e+00 0.00000000e+00 0.00000000e+00 0.00000000e+00
  2.00167128e-01 0.00000000e+00 2.34245313e-02 8.77249936e-02
  0.00000000e+00 2.29904904e-02 1.82198748e-04]
 [0.00000000e+00 0.00000000e+00 0.00000000e+00 0.00000000e+00
  0.00000000e+00 0.00000000e+00 0.00000000e+00 0.00000000e+00
  0.00000000e+00 0.00000000e+00 0.00000000e+00 8.08754582e-02
  0.00000000e+00 0.00000000e+00 5.34119108e-02]
 [2.35867030e-01 0.00000000e+00 0.00000000e+00 3.56203192e-01
  1.90646287e-01 2.23647307e-01 1.60517710e-01 0.00000000e+00
  2.27847795e-01 1.46018786e-01 1.49646636e-01 7.27273911e-02
  1.11960002e-01 1.13214753e-01 0.00000000e+00]
 [0.00000000e+00 0.00000000e+00 0.00000000e+00 0.00000000e+00
  0.00000000e+00 1.18423246e-01 0.00000000e+00 8.73878123e-02
  4.23438234e-02 6.40484291e-02 0.00000000e+00 9.64896772e-03
  0.00000000e+00 6.03145690e-02 0.00000000e+00]
 [3.11180619e-02 0.00000000e+00 0.00000000e+00 0.00000000e+00
  3.04363185e-02 1.21536360e-01 0.00000000e+00 0.00000000e+00
  8.49579683e-02 0.00000000e+00 0.00000000e+00 1.35344448e-02
  0.00000000e+00 0.00000000e+00 0.00000000e+00]
 [1.07073600e-01 2.51132552e-03 7.94228527e-02 1.76183375e-01
  1.61785258e-01 2.17254540e-01 1.81719315e-02 0.00000000e+00
  7.50483034e-02 0.00000000e+00 5.53040611e-02 0.00000000e+00
  0.00000000e+00 0.00000000e+00 0.00000000e+00]
 [2.01094421e-01 7.72515677e-03 2.70902719e-01 3.37404940e-01
  2.19548735e-01 2.44482672e-01 4.82785287e-02 0.00000000e+00
  8.17514805e-03 0.00000000e+00 3.24155558e-02 1.36903107e-01
  7.25126325e-02 3.29527410e-02 1.29541282e-01]
 [2.77873796e-01 1.38953273e-01 2.90454407e-01 3.32645909e-01
  2.51225628e-01 1.88191477e-01 8.24538755e-02 0.00000000e+00
  1.08593552e-01 0.00000000e+00 3.89858787e-02 1.02097329e-01
  3.17311585e-02 0.00000000e+00 3.88836969e-02]
 [3.06970553e-01 1.35175643e-01 2.66678945e-01 4.59916900e-01
  3.09456531e-01 2.53751099e-01 1.48152037e-01 0.00000000e+00
  2.75742010e-01 0.00000000e+00 6.22152535e-02 1.21433295e-01
  0.00000000e+00 0.00000000e+00 0.00000000e+00]
 [3.50935791e-01 1.43345457e-01 2.55852690e-01 3.66615516e-01
  3.18311569e-01 1.63837283e-01 1.28707473e-01 0.00000000e+00
  3.28141762e-01 0.00000000e+00 0.00000000e+00 1.81504437e-01
  8.68362522e-02 5.44681918e-04 0.00000000e+00]
 [7.79061297e-01 1.23736852e+00 2.18621874e+00 2.62018397e+00
  1.71498262e+00 2.60880148e-01 2.89698086e-01 8.76387836e-01
  2.52632418e-01 1.10734428e+00 2.88990380e-01 3.81356336e-01
  2.45578359e-01 2.24528568e-01 4.01898157e-01]]

7
----------------------------------------------------------------------------------
[[0.14820644 0.13229304 0.10094663 0.14403428 0.18625473 0.33229927
  0.11100732 0.09302369 0.14799129 0.13038984 0.        ]
 [0.27774024 0.22905429 0.10280596 0.27371738 0.04446634 0.30932598
  0.06511064 0.2268725  0.20485569 0.         0.        ]
 [0.18908004 0.06592974 0.01912473 0.03616489 0.23226084 0.03824924
  0.13325449 0.08488318 0.26199452 0.         0.        ]
 [0.18808227 0.1133106  0.26440845 0.28526713 0.21044864 0.34441778
  0.23145961 0.13055805 0.02921494 0.         0.        ]
 [0.36592561 0.3139952  0.43679094 0.37341253 0.33209249 0.33148222
  0.18245746 0.13138234 0.00398511 0.         0.        ]
 [0.2342186  0.32332208 0.12891475 0.08782682 0.3381241  0.02301894
  0.3917015  0.07410049 0.23146182 0.         0.56558355]
 [0.55574097 0.53235155 0.44469551 0.25813319 0.26477327 0.24923174
  0.25136877 0.20120496 0.03036369 0.         0.10255914]
 [0.08921801 0.14510969 0.01429677 0.10348187 0.0626017  0.15800591
  0.11532404 0.0948778  0.06796375 0.13002932 0.        ]
 [0.00999647 0.09091189 0.04929459 0.06295646 0.14034248 0.05630074
  0.11279012 0.         0.00570367 0.02481901 0.04723247]
 [0.09372197 0.24118181 0.10855303 0.09231045 0.1765418  0.06858817
  0.00802619 0.27377464 0.00210932 0.         0.23859259]
 [0.02973806 0.17764376 0.07845428 0.03364657 0.25202328 0.
  0.05906195 0.         0.08248964 0.         0.22229134]
 [0.00346142 0.02912057 0.07246034 0.07382522 0.         0.07771374
  0.         0.05882314 0.04021566 0.08469393 0.        ]
 [0.         0.13969987 0.0288402  0.13265344 0.         0.02185846
  0.         0.         0.0365658  0.         0.03396696]
 [0.01305463 0.08226775 0.08820087 0.01255188 0.00546997 0.
  0.05859208 0.         0.06006133 0.06261892 0.36715963]
 [0.0396928  0.04651694 0.15174973 0.01403785 0.02203463 0.
  0.02706618 0.         0.10421106 0.0728744  0.24461132]
 [0.05738968 0.10288165 0.12440845 0.         0.03984975 0.00137717
  0.         0.01954843 0.06360728 0.01966104 0.15137529]
 [0.03704173 0.05738326 0.06167036 0.08054673 0.         0.
  0.         0.         0.01330806 0.07951681 0.03081724]
 [0.11779389 0.19716438 0.26993115 0.14679488 0.61554708 0.19513397
  0.47187643 0.24629462 0.19369254 0.31856005 0.66278067]]