

1
----------------------------------------------------------------------------------
[[1.89508143e-01 5.85789699e-02 6.93872434e-02 9.35562576e-02
  1.47828252e-02 3.76529505e-02 1.01591536e-02 3.54656200e-02
  2.32673404e-01 5.87720570e-04 0.00000000e+00 1.90878527e-02
  5.68113414e-02 8.91395282e-02 0.00000000e+00]
 [1.92908676e-01 0.00000000e+00 1.84055452e-01 5.41505276e-03
  7.44350522e-02 6.74337991e-02 3.59079811e-02 1.02125367e-01
  1.39083950e-01 0.00000000e+00 0.00000000e+00 6.80005787e-02
  3.73010153e-02 5.11225016e-02 0.00000000e+00]
 [1.30197410e-01 5.55821951e-02 1.57842121e-01 1.49858543e-01
  4.86952008e-02 1.18776933e-01 0.00000000e+00 2.85158492e-01
  2.44262806e-01 1.07577642e-01 1.14111990e-01 1.86797505e-01
  2.44679515e-01 3.00531611e-01 2.90428454e-02]
 [2.64504441e-01 1.43951210e-01 7.54109007e-02 2.11525666e-02
  2.56956573e-02 2.41285973e-02 3.05770069e-02 1.65013891e-02
  1.33242484e-01 0.00000000e+00 0.00000000e+00 0.00000000e+00
  5.87239700e-02 1.21602206e-01 0.00000000e+00]
 [1.60115347e-01 2.98355984e-02 0.00000000e+00 3.98766433e-02
  1.09493565e-02 4.24560846e-02 0.00000000e+00 4.52727087e-02
  1.08665807e-01 0.00000000e+00 0.00000000e+00 1.44039126e-01
  3.14618204e-02 4.65923208e-03 0.00000000e+00]
 [1.30463649e-01 2.30140115e-01 4.35703285e-02 8.41622967e-02
  0.00000000e+00 1.31689984e-01 2.77294440e-02 3.55180307e-02
  2.24002958e-01 2.13567413e-02 2.58347110e-02 2.17563631e-01
  2.80527954e-01 1.96340095e-01 0.00000000e+00]
 [9.96174395e-02 9.33031928e-02 3.25456018e-02 2.58568325e-02
  6.66658789e-03 7.15518963e-02 0.00000000e+00 6.47239199e-02
  1.33249565e-01 0.00000000e+00 0.00000000e+00 1.05396058e-01
  1.04653943e-01 8.20550607e-02 0.00000000e+00]
 [3.68771132e-01 5.98201848e-02 1.02108277e-01 8.67618202e-02
  1.00254293e-01 1.85524923e-01 2.66596288e-01 0.00000000e+00
  1.29802948e-01 0.00000000e+00 0.00000000e+00 3.52938645e-02
  2.39733457e-01 2.61835642e-01 1.23682467e-01]
 [1.17504293e-01 5.65428074e-02 5.47371310e-02 1.65554831e-02
  0.00000000e+00 0.00000000e+00 1.86099989e-01 0.00000000e+00
  9.35342865e-02 0.00000000e+00 0.00000000e+00 6.11218828e-02
  6.06472544e-01 7.05163219e-01 5.20981929e-02]
 [3.71657910e-01 2.96610099e-03 1.23811369e-01 0.00000000e+00
  0.00000000e+00 1.14188648e-01 0.00000000e+00 3.10133907e-01
  3.12589180e-01 2.73692036e-01 3.09005229e-01 6.98483074e-01
  7.66377496e-01 2.83668962e-01 8.18770190e-02]
 [3.56982558e-02 2.17802172e-01 4.22140842e-02 5.53465241e-02
  0.00000000e+00 9.92711619e-02 0.00000000e+00 0.00000000e+00
  1.15735707e-01 0.00000000e+00 4.19485189e-02 9.16958060e-02
  6.93007957e-01 5.06285315e-01 1.38404148e-01]
 [2.00169442e-01 0.00000000e+00 9.28987155e-03 0.00000000e+00
  0.00000000e+00 8.55430180e-02 0.00000000e+00 2.96409972e-02
  3.78357793e-02 1.85465603e-02 0.00000000e+00 6.83709377e-03
  2.06698386e-01 1.48798772e-01 0.00000000e+00]
 [1.24502652e-01 1.84075217e-02 1.27329286e-01 0.00000000e+00
  0.00000000e+00 7.72276060e-02 0.00000000e+00 1.13572615e-01
  1.72997966e-01 3.72107744e-02 0.00000000e+00 2.18352916e-01
  4.30389521e-01 2.30869937e-01 7.39477806e-02]
 [0.00000000e+00 0.00000000e+00 3.55758582e-02 0.00000000e+00
  0.00000000e+00 3.74878170e-02 1.46880741e-02 0.00000000e+00
  4.74984898e-02 0.00000000e+00 1.25818243e-02 3.74097477e-02
  1.95242686e-01 0.00000000e+00 7.89214930e-02]
 [3.68574933e-02 0.00000000e+00 4.04146907e-02 0.00000000e+00
  2.61110183e-02 1.12959011e-01 0.00000000e+00 5.29607382e-02
  8.04436672e-02 1.01156286e-01 8.02266231e-02 1.37579792e-01
  2.26279882e-01 0.00000000e+00 1.31233594e-01]
 [0.00000000e+00 0.00000000e+00 6.13729403e-02 0.00000000e+00
  1.10670273e-01 8.26932113e-02 0.00000000e+00 4.86059057e-02
  1.90343640e-01 2.10626192e-01 1.90407854e-01 2.33635470e-01
  4.23826601e-01 0.00000000e+00 2.28562210e-01]
 [4.64791536e-02 0.00000000e+00 1.86727604e-01 0.00000000e+00
  0.00000000e+00 1.29130628e-01 6.83941648e-02 8.12073961e-02
  5.33300369e-02 0.00000000e+00 7.27794151e-02 1.43935760e-01
  2.17989806e-01 0.00000000e+00 2.74297949e-02]
 [3.78200179e-01 3.42889190e-01 2.66108496e-01 5.78513676e-01
  3.25551314e-01 1.34498140e-01 2.13644648e-01 1.62252570e-01
  1.59069053e-01 2.34717744e-01 2.98739263e-01 2.02963613e-01
  1.63244954e-01 4.07621710e-01 2.61368077e-01]]

2
----------------------------------------------------------------------------------
[[4.62612483e-02 0.00000000e+00 0.00000000e+00 6.94234552e-02
  0.00000000e+00 0.00000000e+00 0.00000000e+00 0.00000000e+00
  1.51502063e-01 6.04918339e-02 1.39607722e-01 8.24510218e-02
  0.00000000e+00 1.24802548e-02 0.00000000e+00]
 [0.00000000e+00 1.33582001e-01 0.00000000e+00 1.28043892e-01
  1.16170806e-02 1.43892393e-02 4.82665181e-03 0.00000000e+00
  1.94141432e-01 5.25532389e-02 2.90866749e-02 1.51730268e-02
  0.00000000e+00 0.00000000e+00 0.00000000e+00]
 [0.00000000e+00 1.71322811e-01 4.39496967e-02 5.46264887e-02
  1.80669593e-01 1.32634621e-01 0.00000000e+00 8.49729421e-03
  1.65276780e-01 4.03160233e-02 0.00000000e+00 1.17223072e-01
  0.00000000e+00 0.00000000e+00 0.00000000e+00]
 [0.00000000e+00 0.00000000e+00 0.00000000e+00 5.94713991e-02
  0.00000000e+00 2.90957330e-02 0.00000000e+00 0.00000000e+00
  2.03626056e-01 1.07068194e-01 1.80862175e-01 1.74420873e-01
  0.00000000e+00 9.96771595e-03 0.00000000e+00]
 [0.00000000e+00 1.61517290e-02 2.22120824e-02 3.64117005e-02
  0.00000000e+00 7.22799925e-03 0.00000000e+00 0.00000000e+00
  9.23557055e-02 1.14126815e-01 4.30625976e-02 1.38926181e-01
  0.00000000e+00 9.08386280e-02 0.00000000e+00]
 [0.00000000e+00 1.04642165e-01 0.00000000e+00 1.02638533e-01
  1.04623483e-01 1.86251589e-01 0.00000000e+00 1.58993624e-01
  1.82385864e-01 1.80778164e-01 1.93739669e-01 1.01732280e-01
  0.00000000e+00 0.00000000e+00 0.00000000e+00]
 [0.00000000e+00 6.64754287e-02 0.00000000e+00 0.00000000e+00
  0.00000000e+00 6.05525787e-02 0.00000000e+00 1.48686824e-02
  8.38842402e-02 7.41775939e-02 1.58874758e-01 6.38087822e-02
  0.00000000e+00 0.00000000e+00 0.00000000e+00]
 [2.15132657e-01 8.64814057e-02 1.55593569e-01 5.65804061e-01
  6.93815205e-02 0.00000000e+00 5.23288413e-02 0.00000000e+00
  2.93066836e-02 7.57716853e-02 0.00000000e+00 8.48281403e-02
  0.00000000e+00 3.15370805e-02 0.00000000e+00]
 [0.00000000e+00 0.00000000e+00 3.74858470e-01 1.15225242e+00
  2.49067232e-02 8.61751995e-02 0.00000000e+00 0.00000000e+00
  1.34295243e-01 8.15515415e-02 2.35684968e-01 1.55287551e-01
  1.83850498e-02 4.00342658e-02 0.00000000e+00]
 [0.00000000e+00 6.05375491e-02 9.69126585e-02 4.27044377e-01
  2.60730564e-01 3.38616950e-01 1.95666686e-01 4.20164140e-01
  1.99039086e-01 1.69594938e-01 0.00000000e+00 5.01295526e-02
  2.12329019e-01 2.15443163e-01 0.00000000e+00]
 [0.00000000e+00 3.94566927e-03 6.59819915e-01 9.07181156e-01
  5.65697997e-02 0.00000000e+00 0.00000000e+00 4.95492445e-02
  1.61780267e-01 9.02086182e-02 2.15427348e-01 2.25111121e-02
  0.00000000e+00 0.00000000e+00 0.00000000e+00]
 [0.00000000e+00 0.00000000e+00 6.19003595e-02 8.37328683e-02
  0.00000000e+00 3.17116083e-02 1.86086823e-02 0.00000000e+00
  5.40486640e-02 4.52967008e-02 0.00000000e+00 1.58075887e-01
  0.00000000e+00 2.78026091e-02 0.00000000e+00]
 [0.00000000e+00 4.41126638e-02 1.25133589e-01 2.84157872e-01
  8.61235560e-02 5.29369195e-02 0.00000000e+00 1.10680196e-01
  1.88304472e-01 6.16571650e-02 4.39947591e-02 0.00000000e+00
  2.75020937e-02 9.64111918e-04 0.00000000e+00]
 [0.00000000e+00 0.00000000e+00 0.00000000e+00 0.00000000e+00
  0.00000000e+00 2.36180316e-01 0.00000000e+00 2.34776666e-02
  6.35372992e-02 1.15524743e-01 4.61020732e-02 0.00000000e+00
  0.00000000e+00 0.00000000e+00 0.00000000e+00]
 [0.00000000e+00 0.00000000e+00 7.43376652e-03 8.27939192e-02
  7.21577937e-04 1.29483496e-01 5.38948858e-02 3.19840622e-02
  6.88600231e-02 5.09718273e-02 4.99063106e-02 0.00000000e+00
  0.00000000e+00 7.58800797e-02 0.00000000e+00]
 [0.00000000e+00 0.00000000e+00 9.37271126e-02 1.76042727e-01
  2.37307158e-01 1.53243778e-01 0.00000000e+00 1.43035588e-01
  4.87756230e-02 8.85273312e-02 0.00000000e+00 0.00000000e+00
  0.00000000e+00 2.45608937e-02 0.00000000e+00]
 [0.00000000e+00 6.42887405e-03 0.00000000e+00 3.65158001e-02
  2.83539398e-02 6.62065318e-02 1.60464506e-02 2.17905174e-02
  3.76127570e-02 8.35406390e-02 0.00000000e+00 0.00000000e+00
  0.00000000e+00 3.62880860e-02 0.00000000e+00]
 [3.44018101e-01 2.60380212e-01 2.91833766e-01 1.45671640e-01
  2.07964148e-01 3.22273067e-01 3.55995368e-01 3.74079180e-01
  1.66236630e-01 1.10591545e-01 4.89712762e-01 4.96630885e-01
  3.22772028e-01 2.65668256e-01 3.60497690e-01]]

3
----------------------------------------------------------------------------------
[[0.         0.19549649 0.19597361 0.3031305  0.         0.1114418
  0.         0.         0.11922582 0.37587194 1.00337065 1.28904624
  1.19441627 0.69573396 0.25232344]
 [0.02875661 0.         0.25708252 0.14906057 0.         0.13931884
  0.         0.         0.         0.         0.09528596 0.27695295
  0.15831079 0.         0.38307084]
 [0.13136311 0.00933489 0.25653107 0.         0.         0.00718372
  0.         0.         0.         0.         0.49055668 0.87256643
  0.97439493 0.33594749 0.50787256]
 [0.02706296 0.25946751 0.         0.22265385 0.00932775 0.
  0.         0.         0.20031783 0.84322302 2.02790804 2.69859005
  1.91081035 0.88594616 0.61988396]
 [0.05458372 0.19835779 0.12247367 0.25194742 0.02632351 0.03203892
  0.         0.         0.17118191 0.59489734 1.65339228 2.06371694
  1.42458346 0.69531554 0.40980238]
 [0.17513616 0.12418155 0.06925251 0.01261317 0.1653953  0.
  0.         0.         0.12302616 0.13893164 0.92600885 2.46710763
  2.03429007 1.00426016 0.91824963]
 [0.12094272 0.10493545 0.09045123 0.07475281 0.         0.
  0.         0.         0.118246   0.03242874 0.52801335 1.97485264
  1.5325344  0.63301178 0.82489556]
 [0.05067011 0.14273355 0.08030604 0.18247683 0.         0.
  0.22759415 0.         0.         0.09818044 0.11222607 0.33839858
  0.         0.         0.31667902]
 [0.40049849 0.19267374 0.         0.12221318 0.         0.
  0.         0.         0.         0.0241664  0.49685098 0.44992227
  0.03829147 0.         0.19007877]
 [0.05096661 0.27928023 0.20666604 0.02689759 0.         0.10295725
  0.         0.         0.         0.         0.29364375 0.02666441
  0.         0.         0.70428227]
 [0.38272462 0.15869565 0.12054944 0.02314413 0.02455094 0.
  0.         0.         0.00713227 0.         0.38273529 0.48837278
  0.         0.17083085 0.43000751]
 [0.04358354 0.0338764  0.         0.05605174 0.         0.06178872
  0.         0.         0.         0.         0.2143833  0.26534193
  0.19411146 0.         0.15641645]
 [0.07992571 0.04093264 0.20186088 0.03185928 0.         0.03329856
  0.         0.         0.         0.         0.10396126 0.
  0.         0.01451889 0.30101289]
 [0.         0.         0.0197805  0.         0.06695399 0.
  0.         0.         0.08088897 0.         0.04400481 0.25658142
  0.16637022 0.16191584 0.06278148]
 [0.0028284  0.05992778 0.33741201 0.         0.         0.
  0.         0.         0.01802996 0.         0.09359243 0.24414199
  0.05384726 0.11862716 0.14061082]
 [0.15316139 0.04262104 0.27507726 0.         0.         0.20587252
  0.         0.         0.         0.         0.07022466 0.04521878
  0.         0.         0.07815406]
 [0.         0.04739403 0.31552637 0.         0.         0.
  0.         0.         0.         0.02658031 0.04432554 0.01922995
  0.05547516 0.02288786 0.22150535]
 [0.23951683 0.17277265 0.32140717 0.27970871 0.72293557 0.56094018
  0.29711762 0.55228934 0.59939465 0.55919052 0.10010957 0.31838994
  0.75161992 0.66871169 0.2197889 ]]

4
----------------------------------------------------------------------------------
[[3.30512481e-01 4.36832839e-01 0.00000000e+00 1.08834040e-01
  2.67366566e-01 1.87130387e-01 1.43230906e-01 0.00000000e+00
  4.05539873e-02 0.00000000e+00 1.24428376e-02 2.13088515e-01
  7.61198724e-02 0.00000000e+00 0.00000000e+00]
 [1.53468190e-01 5.54800122e-01 2.31116000e-01 3.49334770e-01
  0.00000000e+00 5.52586979e-01 2.14696798e-01 1.74061063e-02
  8.62797009e-03 0.00000000e+00 3.09460014e-02 3.18576437e-01
  1.43847461e-01 0.00000000e+00 0.00000000e+00]
 [7.65412763e-02 4.47271033e-01 8.08689710e-02 1.94401053e-01
  1.96881893e-01 4.41503462e-01 1.08627663e-01 0.00000000e+00
  2.17092655e-02 0.00000000e+00 1.12195637e-01 2.66825927e-01
  8.42376204e-02 0.00000000e+00 0.00000000e+00]
 [2.91611713e-01 3.80045533e-01 0.00000000e+00 2.28997320e-01
  1.24420730e-01 1.59844300e-02 5.40595276e-02 5.85124147e-02
  1.04161919e-01 0.00000000e+00 0.00000000e+00 1.96711911e-01
  5.80686020e-02 0.00000000e+00 0.00000000e+00]
 [2.19725643e-01 2.14795531e-01 3.29673519e-01 4.55182947e-01
  0.00000000e+00 1.47415135e-01 1.21594405e-01 3.32260294e-02
  1.21812477e-02 0.00000000e+00 0.00000000e+00 1.73159459e-01
  4.20645518e-02 0.00000000e+00 0.00000000e+00]
 [4.15221004e-01 6.49721916e-01 3.30472860e-01 3.72585995e-01
  0.00000000e+00 3.32618266e-01 6.04991748e-02 1.21648297e-01
  1.40995942e-01 6.12347314e-04 3.70598984e-02 2.38784125e-01
  9.25841599e-02 0.00000000e+00 0.00000000e+00]
 [5.37687951e-01 7.26345496e-01 5.28334651e-01 6.03681778e-01
  0.00000000e+00 4.86261134e-01 1.22998180e-01 2.39467656e-01
  0.00000000e+00 0.00000000e+00 0.00000000e+00 1.68452469e-01
  1.01362247e-01 0.00000000e+00 0.00000000e+00]
 [3.89986523e-01 8.37217849e-01 0.00000000e+00 1.89175257e-01
  7.19122630e-01 4.20287581e-01 8.19861705e-02 1.48758553e-01
  1.29475236e-02 0.00000000e+00 0.00000000e+00 1.82704660e-01
  4.22185283e-02 0.00000000e+00 0.00000000e+00]
 [2.80697687e-01 7.38362213e-01 0.00000000e+00 1.56271055e-02
  4.38381380e-01 3.11114281e-01 5.88539579e-02 9.78452021e-02
  0.00000000e+00 0.00000000e+00 0.00000000e+00 9.58065622e-02
  0.00000000e+00 0.00000000e+00 0.00000000e+00]
 [3.15695670e-01 1.00073411e+00 0.00000000e+00 1.83030719e-02
  4.90227055e-01 1.62177425e-01 2.54723698e-02 0.00000000e+00
  8.60019158e-02 0.00000000e+00 1.15099781e-01 1.12369923e-01
  7.23161343e-02 0.00000000e+00 0.00000000e+00]
 [2.36175220e-01 7.34698176e-01 0.00000000e+00 0.00000000e+00
  2.81971837e-01 2.30681699e-01 5.25838217e-02 1.23879064e-01
  3.57907049e-02 0.00000000e+00 5.41640108e-02 1.04430092e-01
  1.31530866e-02 0.00000000e+00 0.00000000e+00]
 [6.47910034e-02 4.93392332e-01 0.00000000e+00 0.00000000e+00
  2.14898347e-01 1.45764412e-01 0.00000000e+00 5.89382073e-02
  0.00000000e+00 0.00000000e+00 0.00000000e+00 8.48421926e-03
  0.00000000e+00 0.00000000e+00 0.00000000e+00]
 [0.00000000e+00 4.12579927e-01 0.00000000e+00 0.00000000e+00
  2.33907985e-01 2.86515021e-01 1.11747225e-01 0.00000000e+00
  1.09649285e-02 0.00000000e+00 9.59967047e-02 1.10540607e-02
  0.00000000e+00 0.00000000e+00 2.30847947e-02]
 [0.00000000e+00 1.42831664e-01 1.18098869e-01 2.31807439e-01
  5.64248022e-02 1.33662669e-01 3.62786642e-02 2.89542296e-01
  1.59812734e-03 5.46626472e-02 0.00000000e+00 0.00000000e+00
  0.00000000e+00 0.00000000e+00 6.26922906e-02]
 [0.00000000e+00 3.03822194e-01 2.44034010e-03 1.47431968e-01
  2.35908095e-01 1.50726054e-01 1.31811974e-01 1.52119204e-01
  4.91450403e-02 2.01271566e-03 0.00000000e+00 0.00000000e+00
  0.00000000e+00 0.00000000e+00 2.89899356e-02]
 [0.00000000e+00 3.96651654e-01 0.00000000e+00 4.41732334e-02
  1.38269738e-01 2.37158466e-01 1.96217960e-01 9.32096536e-02
  9.21913998e-02 7.35131836e-02 0.00000000e+00 5.13301713e-02
  5.79562544e-02 0.00000000e+00 1.42875102e-01]
 [0.00000000e+00 4.57792028e-01 0.00000000e+00 0.00000000e+00
  4.12091106e-01 2.73943554e-01 0.00000000e+00 1.27551503e-01
  0.00000000e+00 0.00000000e+00 0.00000000e+00 8.81392255e-02
  0.00000000e+00 0.00000000e+00 6.49162139e-02]
 [4.02725426e-01 2.75715160e-01 6.28151241e-01 3.05544857e-01
  6.12327160e-01 2.21403221e-01 1.60459928e-01 3.13097719e-01
  1.74280500e-01 4.34087596e-01 3.41276521e-01 1.65683637e-01
  1.75801484e-01 6.91941029e-01 6.06984721e-01]]

5
----------------------------------------------------------------------------------
[[0.00000000e+00 0.00000000e+00 1.53853662e-01 0.00000000e+00
  4.53208547e-01 1.48665634e+00 9.96047978e-01 1.02762958e+00
  3.61858079e-01 1.18076830e-01 1.47424018e-01 3.63324842e-02
  2.10921794e-01 1.59651612e-02 1.05340066e-01]
 [1.11839813e-01 0.00000000e+00 5.20562775e-02 0.00000000e+00
  0.00000000e+00 2.66481262e-01 0.00000000e+00 1.81990566e-01
  0.00000000e+00 0.00000000e+00 1.04912108e-01 0.00000000e+00
  6.19592181e-02 0.00000000e+00 1.58031350e-01]
 [2.21927256e-01 0.00000000e+00 2.45229480e-01 3.86905244e-01
  1.05286471e+00 1.05913662e+00 1.80649678e+00 7.52040338e-01
  5.38780910e-01 2.09170820e-01 8.56806941e-02 3.59169856e-02
  3.06273942e-01 0.00000000e+00 1.04395031e-01]
 [9.22734277e-02 0.00000000e+00 3.21417790e-01 2.35038421e-02
  1.26281590e+00 2.07574826e+00 1.59787091e+00 1.20768932e+00
  3.66751510e-01 2.27434740e-01 3.37489509e-01 5.86539222e-02
  2.90652495e-01 0.00000000e+00 1.91976829e-01]
 [1.45420829e-01 0.00000000e+00 1.84012127e-01 0.00000000e+00
  8.01542275e-01 1.99521407e+00 1.32905917e+00 1.07658281e+00
  2.66488982e-01 4.14101451e-03 1.83466836e-01 7.15923043e-02
  1.75113742e-01 0.00000000e+00 8.51382930e-02]
 [3.34093116e-01 0.00000000e+00 2.36337887e-01 8.80859967e-01
  2.68264355e+00 5.70804597e+00 1.68690153e+00 1.07108973e+00
  8.87790714e-01 3.54625640e-01 2.00420458e-01 0.00000000e+00
  5.37185565e-01 0.00000000e+00 0.00000000e+00]
 [2.56442009e-01 0.00000000e+00 1.51340619e-01 3.90878270e-01
  1.00564068e+00 1.65069302e+00 9.27147410e-01 5.48874771e-01
  5.38635238e-01 7.97110382e-02 1.45558046e-01 0.00000000e+00
  2.70513648e-01 0.00000000e+00 2.47919540e-02]
 [5.77592670e-01 1.50165919e-01 8.53457105e-02 0.00000000e+00
  0.00000000e+00 0.00000000e+00 0.00000000e+00 0.00000000e+00
  0.00000000e+00 8.84804549e-02 1.86784466e-01 3.07664030e-02
  7.18870501e-02 2.04599605e-01 1.57542264e-01]
 [8.68080393e-01 0.00000000e+00 4.92174202e-02 0.00000000e+00
  0.00000000e+00 0.00000000e+00 5.14603828e-02 0.00000000e+00
  0.00000000e+00 1.32376973e-02 2.98160187e-01 7.41448873e-02
  1.18501902e-01 0.00000000e+00 1.63088417e-01]
 [1.45235786e-01 0.00000000e+00 2.72071306e-01 0.00000000e+00
  0.00000000e+00 0.00000000e+00 0.00000000e+00 0.00000000e+00
  1.64435320e-01 1.96146763e-02 3.37461924e-01 1.05013433e-01
  3.57370747e-01 0.00000000e+00 1.68189528e-01]
 [5.25735528e-01 0.00000000e+00 2.37442214e-01 0.00000000e+00
  0.00000000e+00 3.22398128e-01 5.13483277e-02 7.55292059e-02
  1.49191347e-01 1.32641985e-01 3.81842309e-01 5.68657984e-02
  2.96146062e-01 0.00000000e+00 6.69394139e-02]
 [0.00000000e+00 0.00000000e+00 1.30400542e-01 0.00000000e+00
  0.00000000e+00 5.67965653e-01 1.53675863e-01 1.41879487e-02
  0.00000000e+00 5.86523240e-02 1.08628422e-01 0.00000000e+00
  0.00000000e+00 0.00000000e+00 1.78502891e-01]
 [8.69681587e-02 0.00000000e+00 1.65007062e-01 0.00000000e+00
  0.00000000e+00 6.99827146e-02 6.43690241e-02 2.11164282e-02
  1.10011485e-01 6.25853368e-02 9.47343620e-02 6.39006658e-02
  9.93107738e-02 1.08875096e-01 4.67216161e-02]
 [0.00000000e+00 1.29483117e-01 8.01781663e-02 0.00000000e+00
  0.00000000e+00 7.59132834e-02 0.00000000e+00 0.00000000e+00
  2.63458983e-02 0.00000000e+00 1.50979445e-01 9.59704142e-02
  6.32711282e-02 4.20743384e-02 1.83145028e-01]
 [0.00000000e+00 1.39770504e-01 1.65676806e-01 0.00000000e+00
  0.00000000e+00 7.50579903e-02 0.00000000e+00 0.00000000e+00
  5.91429271e-02 0.00000000e+00 1.04283624e-01 9.95474423e-02
  3.61054539e-02 1.56420523e-01 1.98548673e-01]
 [0.00000000e+00 1.81831633e-01 3.52333113e-01 0.00000000e+00
  0.00000000e+00 0.00000000e+00 0.00000000e+00 0.00000000e+00
  0.00000000e+00 0.00000000e+00 2.22274351e-01 2.06685064e-01
  5.75086105e-02 1.90794626e-01 1.96482501e-01]
 [0.00000000e+00 1.73918918e-01 1.60052917e-01 0.00000000e+00
  0.00000000e+00 0.00000000e+00 0.00000000e+00 0.00000000e+00
  0.00000000e+00 8.85590300e-02 1.09689348e-01 9.55537915e-02
  4.77862146e-02 2.55344277e-01 2.10180085e-01]
 [4.00317915e-01 1.00266603e+00 2.20015143e-01 8.48651869e-01
  1.21261325e+00 7.51078882e-01 7.99211165e-01 3.98422337e-01
  4.92682438e-01 2.19177249e-01 2.13194370e-01 2.29392768e-01
  2.05724857e-01 7.55917276e-01 1.78541990e-01]]

6
----------------------------------------------------------------------------------
[[0.15539629 0.16426294 0.13637298 0.         0.03049554 0.03036801
  0.0427771  0.03805179 0.04341164 0.06367605 0.15437409 0.05855376
  0.18672483 0.10783509 0.24404447]
 [0.09373645 0.11374829 0.         0.         0.01751289 0.03184592
  0.00092466 0.         0.01478907 0.         0.10913168 0.03070577
  0.29161363 0.16344855 0.12917384]
 [0.12327679 0.12942887 0.         0.02923056 0.10047042 0.
  0.         0.05589037 0.0612314  0.06513091 0.20562267 0.04477483
  0.05213344 0.18834389 0.07111251]
 [0.15260165 0.30018005 0.13794801 0.03536993 0.01457956 0.
  0.04607013 0.15120214 0.11636177 0.12280395 0.12522339 0.07318298
  0.         0.09745864 0.14173123]
 [0.08513413 0.09931438 0.0184545  0.042727   0.         0.03514364
  0.03770861 0.07502565 0.06758542 0.13723026 0.08141175 0.02715953
  0.00363606 0.0745826  0.08990976]
 [0.10527965 0.17465532 0.0077859  0.         0.         0.
  0.00474793 0.18505721 0.09104429 0.08736784 0.05555288 0.01181842
  0.         0.0930996  0.00883894]
 [0.05036367 0.05720928 0.00510322 0.01977176 0.04440054 0.
  0.         0.0865295  0.03021793 0.0458821  0.0291216  0.00936923
  0.         0.06749929 0.        ]
 [0.19052996 0.29841538 0.13656849 0.         0.         0.
  0.         0.02296734 0.09197499 0.         0.03355414 0.13980485
  0.11987143 0.18975144 0.06450918]
 [0.1253697  0.25549076 0.18863638 0.         0.         0.
  0.         0.10550276 0.09762783 0.         0.09379492 0.02115952
  0.         0.01247987 0.02808884]
 [0.15874382 0.30107603 0.17355729 0.         0.04524708 0.
  0.         0.23622752 0.05319885 0.04383092 0.11874713 0.12206025
  0.10988702 0.32885669 0.22397624]
 [0.12005528 0.15463846 0.10475321 0.         0.         0.
  0.         0.16160413 0.05348384 0.01395467 0.05807375 0.06164123
  0.         0.         0.0739974 ]
 [0.06629144 0.16818782 0.10283446 0.         0.         0.
  0.02411285 0.06638449 0.0297892  0.         0.04685593 0.08561252
  0.15300441 0.16186766 0.06026778]
 [0.12682316 0.16697243 0.05418862 0.         0.         0.
  0.         0.05166776 0.         0.         0.06169193 0.09410115
  0.0940178  0.06250943 0.20970586]
 [0.10571173 0.20131647 0.14898297 0.02165639 0.0062885  0.
  0.         0.02357554 0.06099598 0.19924732 0.02275675 0.04328368
  0.02576843 0.10471826 0.19573736]
 [0.14298624 0.15259939 0.19169417 0.         0.02166285 0.
  0.         0.05598556 0.04911412 0.08276775 0.0450735  0.10392431
  0.08754379 0.19515403 0.23836974]
 [0.17527312 0.24505911 0.10501881 0.         0.         0.
  0.         0.05603964 0.03682257 0.03228599 0.         0.09416529
  0.18907258 0.19370118 0.19659563]
 [0.17484977 0.1833066  0.20492851 0.         0.         0.
  0.01581873 0.         0.08472934 0.04362991 0.07879944 0.01510489
  0.17827146 0.10953527 0.14137505]
 [0.27194064 0.32585044 0.48481859 0.30675225 0.17653691 0.41490808
  0.1565113  0.1673267  0.14475872 0.31327128 0.13323141 0.11368897
  0.39472007 0.19710534 0.16718203]]

7
----------------------------------------------------------------------------------
[[1.54800933e-01 0.00000000e+00 0.00000000e+00 0.00000000e+00
  3.17717610e-02 1.23049935e-01 6.28344963e-01 1.22725953e-01]
 [1.16922810e-01 8.85470987e-02 0.00000000e+00 0.00000000e+00
  1.22080516e-01 2.65611520e-01 7.44822321e-01 4.69123687e-01]
 [2.11771449e-02 7.82350625e-02 0.00000000e+00 0.00000000e+00
  1.33201884e-01 1.96116200e-01 4.35446598e-01 3.05331895e-01]
 [1.15877482e-01 0.00000000e+00 4.62736594e-02 0.00000000e+00
  4.67933782e-04 9.12246825e-02 2.44646720e-01 3.06192326e-01]
 [1.13668177e-01 8.45583312e-03 0.00000000e+00 0.00000000e+00
  0.00000000e+00 2.49096193e-02 2.99055750e-01 5.65418854e-01]
 [6.61087550e-02 0.00000000e+00 0.00000000e+00 0.00000000e+00
  6.82680606e-02 2.55409994e-01 4.43002091e-02 4.25137969e-01]
 [1.39524788e-01 0.00000000e+00 0.00000000e+00 7.79619919e-03
  3.43812521e-02 1.73182374e-01 4.40517349e-01 3.23525640e-01]
 [6.51453962e-02 0.00000000e+00 0.00000000e+00 0.00000000e+00
  1.41555769e-01 1.38149528e-01 2.02872306e-01 7.37975065e-01]
 [2.23445819e-02 0.00000000e+00 0.00000000e+00 0.00000000e+00
  0.00000000e+00 0.00000000e+00 4.17197485e-01 1.08619602e+00]
 [2.87603240e-01 0.00000000e+00 0.00000000e+00 0.00000000e+00
  1.38458603e-01 3.04554135e-01 1.24673533e-01 2.79706451e-01]
 [4.20160205e-02 5.89741149e-02 0.00000000e+00 0.00000000e+00
  7.40193609e-02 1.93561838e-01 4.39909302e-01 7.95016137e-01]
 [8.02373272e-02 8.08552976e-02 0.00000000e+00 0.00000000e+00
  1.15698649e-01 2.48190665e-01 1.52805775e-01 3.94407095e-01]
 [2.50197586e-02 9.25009385e-02 0.00000000e+00 0.00000000e+00
  7.36585242e-02 1.21917137e-01 4.92326139e-01 6.43926149e-01]
 [3.00241882e-02 2.66395389e-02 0.00000000e+00 0.00000000e+00
  1.59007276e-02 1.26607433e-01 2.34247022e-03 7.12784966e-02]
 [7.84810577e-02 0.00000000e+00 0.00000000e+00 0.00000000e+00
  9.32890235e-03 4.14258735e-02 0.00000000e+00 5.16586105e-02]
 [1.26910271e-01 0.00000000e+00 0.00000000e+00 0.00000000e+00
  3.35634192e-02 1.03449559e-01 2.88706679e-01 2.79976989e-01]
 [1.02283542e-01 0.00000000e+00 4.20742261e-03 0.00000000e+00
  2.32671037e-01 2.76255015e-01 1.12950817e-01 3.61876312e-02]
 [1.45071197e-01 5.20399409e-01 5.68458835e-01 4.60743811e-01
  2.77673244e-01 5.13795154e-01 3.20615576e-01 3.00150584e-01]]