

1
----------------------------------------------------------------------------------
[[0.00000000e+00 1.51331049e-01 0.00000000e+00 2.64952551e-02
  2.97169402e-02 2.85557523e-01 6.76502750e-02 2.58410705e-01
  3.40576959e-02 1.29561046e-02 5.91372399e-02 2.36870878e-01
  8.55455615e-01 9.21550439e-01 1.14653453e-01]
 [0.00000000e+00 2.16652864e-03 8.10258434e-02 0.00000000e+00
  0.00000000e+00 0.00000000e+00 7.05940075e-02 4.93268184e-02
  3.40438194e-02 1.03899501e-02 0.00000000e+00 0.00000000e+00
  1.00306277e-01 2.42409405e-01 5.34775929e-02]
 [0.00000000e+00 0.00000000e+00 6.50351061e-02 0.00000000e+00
  7.45462474e-02 0.00000000e+00 1.67899494e-02 6.64708374e-02
  5.39813956e-02 3.24719173e-02 6.72220905e-02 9.78770493e-02
  2.10985345e-01 2.22821327e-01 2.16923716e-01]
 [0.00000000e+00 2.36543126e-01 0.00000000e+00 2.15554552e-01
  6.15595155e-02 4.94860766e-01 1.34474066e-01 2.57055984e-01
  9.62217413e-02 3.92439850e-02 1.43093506e-01 4.18498473e-01
  1.45428077e+00 1.15977147e+00 1.54112521e-01]
 [6.75980561e-02 9.95708528e-02 0.00000000e+00 1.41332470e-01
  5.48828211e-02 2.24837770e-01 6.93742422e-02 1.36602519e-01
  7.82627297e-02 0.00000000e+00 8.87687784e-02 2.07168991e-01
  1.09800928e+00 8.65147603e-01 2.52057136e-02]
 [0.00000000e+00 0.00000000e+00 1.55769110e-02 1.64617286e-01
  1.01288544e-01 9.46278235e-02 2.05295965e-01 3.01361332e-02
  1.07100950e-01 2.77176393e-02 4.28045886e-02 2.45698217e-01
  1.08482737e+00 3.72950021e-01 4.75483343e-01]
 [0.00000000e+00 0.00000000e+00 0.00000000e+00 1.94988280e-01
  3.75626738e-02 1.18246823e-01 1.57514713e-01 8.10246211e-02
  1.23647929e-01 7.30659304e-03 2.96088801e-02 8.91339777e-02
  9.07149333e-01 4.42128007e-01 3.63818462e-01]
 [4.88052741e-01 1.36169296e-01 5.08505825e-03 1.22675178e-01
  0.00000000e+00 4.99138977e-01 1.29186470e-01 2.65661902e-01
  1.66800535e-01 2.62772429e-02 5.51275337e-02 2.66527516e-02
  2.67153445e-01 2.49635513e-01 2.98499078e-01]
 [1.05264883e+00 1.64024788e-01 6.53400640e-02 2.73065969e-01
  9.09041268e-02 4.41845574e-01 1.46172822e-01 1.28985306e-01
  2.03565332e-01 0.00000000e+00 8.77145541e-02 5.59995306e-02
  3.24412109e-01 1.07290990e-01 2.74703684e-01]
 [0.00000000e+00 0.00000000e+00 0.00000000e+00 0.00000000e+00
  1.31224291e-03 2.09689602e-02 1.68928105e-01 4.79250580e-02
  7.46397379e-02 2.52363227e-02 0.00000000e+00 1.22918656e-01
  2.25233130e-01 1.17676581e-02 2.02013705e-01]
 [6.94561378e-01 0.00000000e+00 7.75798838e-02 3.67232875e-01
  1.59218861e-01 1.42429185e-01 1.70234325e-01 1.13343054e-01
  1.86922500e-01 0.00000000e+00 1.25695473e-02 2.99438307e-02
  4.44653871e-01 4.07782468e-02 2.99250794e-01]
 [3.38317421e-01 7.17406450e-02 0.00000000e+00 1.56407086e-01
  0.00000000e+00 2.64597871e-01 8.18265404e-02 9.67229452e-02
  1.06035886e-01 9.47701702e-04 1.47082722e-02 3.83657456e-02
  1.31056759e-01 3.52476126e-02 2.09462288e-01]
 [8.84632023e-02 0.00000000e+00 3.62231063e-02 0.00000000e+00
  1.42027724e-01 3.75752098e-02 8.60532862e-02 0.00000000e+00
  2.78355930e-02 0.00000000e+00 0.00000000e+00 3.24770735e-02
  1.08973516e-01 0.00000000e+00 4.45496458e-02]
 [1.75510111e-01 0.00000000e+00 2.41304125e-02 2.17862361e-01
  5.18388114e-02 1.26750486e-01 5.02185465e-02 2.17629378e-02
  1.18395375e-01 2.93848076e-02 2.43297335e-02 9.86902502e-02
  8.25754369e-03 0.00000000e+00 1.95315856e-01]
 [2.61904246e-02 0.00000000e+00 4.55235792e-02 1.60592318e-01
  6.95460975e-02 4.69870833e-02 7.91100846e-02 1.98218003e-02
  3.19737188e-02 9.44350187e-02 7.91469530e-02 1.67973748e-01
  1.07477128e-01 0.00000000e+00 8.02616026e-02]
 [1.68947219e-01 0.00000000e+00 6.99402691e-02 1.99005082e-01
  2.43230004e-02 0.00000000e+00 4.41093411e-02 0.00000000e+00
  5.57280743e-02 6.09104822e-02 1.60413123e-02 1.48079415e-01
  1.49571767e-01 0.00000000e+00 2.94411921e-01]
 [6.13252097e-02 0.00000000e+00 0.00000000e+00 2.07398436e-01
  0.00000000e+00 1.41619160e-01 1.47718237e-01 1.60766534e-02
  4.96909856e-02 1.93910338e-02 9.79161544e-03 1.76262839e-02
  0.00000000e+00 0.00000000e+00 2.68115261e-01]
 [5.26199219e-01 5.30057246e-01 1.73977434e-01 5.07786242e-01
  1.93234325e-01 2.97028357e-01 1.24394449e-01 1.27089708e-01
  7.79650890e-02 8.82592568e-02 1.14117281e-01 9.27408934e-02
  2.54632830e-01 1.99671522e-01 2.76320547e-01]]

2
----------------------------------------------------------------------------------
[[1.26976365 1.45955244 0.85612951 0.42693633 0.2353331  0.11366712
  0.13926153 0.18380566 0.03237114 0.13934795 0.06074794 0.
  0.         0.05794006 0.00419797]
 [1.32776698 1.34645771 1.64263502 0.73830796 0.16960502 0.25438739
  0.13101517 0.10485368 0.         0.11435861 0.13299015 0.
  0.         0.03192611 0.        ]
 [0.78852338 0.40834836 1.65859684 0.88753758 0.0584107  0.14881104
  0.         0.16752841 0.         0.10273385 0.         0.
  0.         0.         0.        ]
 [2.12246041 1.82140487 1.04299536 0.55729646 0.48351751 0.20242958
  0.28200165 0.01537305 0.13991261 0.22078179 0.33959498 0.11630023
  0.         0.4675349  0.24814115]
 [2.18254227 2.07432839 1.40034575 0.72542097 0.39713573 0.23438567
  0.31363842 0.03641241 0.00508955 0.17577991 0.36103893 0.18662391
  0.         0.17994481 0.19580263]
 [2.54475019 2.16072843 2.34680853 1.00035281 0.08183543 0.45085788
  0.13300261 0.         0.         0.17834482 0.24422404 0.32129952
  0.         0.         0.13795307]
 [2.66067107 2.58617364 2.17244531 0.99954825 0.16965782 0.33988479
  0.18658391 0.01334337 0.         0.20349003 0.38366814 0.30685476
  0.         0.04816665 0.20432549]
 [0.28617032 0.17833847 0.42020305 0.20266362 0.08743901 0.
  0.         0.         0.20700467 0.28068431 0.16499934 0.
  0.         0.40633383 0.1386658 ]
 [0.3578175  0.03590249 0.45869273 0.24859387 0.23785719 0.
  0.10481071 0.         0.24902168 0.96267993 0.43772703 0.13113331
  0.         0.38452488 0.17846184]
 [0.         0.         0.76928119 0.182621   0.         0.07368277
  0.06577534 0.0587175  0.         0.06332617 0.         0.23754778
  0.         0.         0.        ]
 [0.5544412  0.15424604 1.38135519 0.43426452 0.02038993 0.13471581
  0.02360793 0.         0.13869212 1.69293079 0.25081573 0.25560333
  0.         0.0189997  0.08942687]
 [0.         0.         0.15994924 0.18353019 0.10637332 0.
  0.         0.         0.11273419 0.61135183 0.12160662 0.11387221
  0.         0.2473894  0.10339047]
 [0.         0.         0.41721335 0.23147481 0.         0.03738282
  0.         0.         0.         0.92477353 0.02980682 0.
  0.         0.         0.        ]
 [0.         0.         0.22921948 0.12877998 0.10143101 0.01353578
  0.02067312 0.         0.04185811 0.11017355 0.10824572 0.25029555
  0.         0.26158807 0.16253845]
 [0.         0.         0.13917132 0.15170589 0.         0.03700954
  0.         0.         0.         0.13462745 0.09795998 0.02917336
  0.         0.13853176 0.15883836]
 [0.         0.         0.41504464 0.02374797 0.1111423  0.
  0.10582762 0.         0.         0.06742186 0.04447724 0.29925465
  0.         0.00776578 0.04290163]
 [0.         0.         0.16960287 0.26549669 0.08573201 0.
  0.         0.         0.05537672 0.10202722 0.19059364 0.02499997
  0.         0.19732645 0.17206575]
 [0.51043835 0.69071213 0.23715995 0.1742031  0.3872721  0.16255615
  0.58963186 0.21670774 0.25512291 0.07499245 0.34432681 0.76574178
  0.32109423 0.31966919 0.27770313]]

3
----------------------------------------------------------------------------------
[[0.00000000e+00 0.00000000e+00 2.12009619e-02 3.39410247e-02
  9.86140784e-02 0.00000000e+00 2.87673801e-03 0.00000000e+00
  1.48662875e-01 0.00000000e+00 1.44569393e-01 0.00000000e+00
  9.09279727e-02 1.24776270e-01 0.00000000e+00]
 [1.63140767e-02 0.00000000e+00 5.75670353e-02 0.00000000e+00
  3.20098563e-02 0.00000000e+00 2.59507584e-02 4.92258244e-02
  2.28315175e-01 0.00000000e+00 1.11415494e-01 0.00000000e+00
  0.00000000e+00 6.51234301e-02 9.65288732e-02]
 [0.00000000e+00 0.00000000e+00 2.33139168e-02 0.00000000e+00
  1.21729801e-01 0.00000000e+00 0.00000000e+00 0.00000000e+00
  0.00000000e+00 1.47178290e-01 0.00000000e+00 0.00000000e+00
  0.00000000e+00 6.63344629e-02 9.46945428e-02]
 [0.00000000e+00 1.17870316e-01 1.79488980e-02 1.45113556e-01
  1.35556160e-01 0.00000000e+00 3.72047948e-01 2.92191528e-01
  1.87891374e-01 3.21166143e-02 3.86968032e-01 1.46399066e-01
  2.72914628e-01 2.62920280e-01 6.53310030e-03]
 [0.00000000e+00 3.59472005e-02 1.02415797e-02 4.63384384e-02
  1.18811284e-01 4.33785145e-02 3.01718014e-01 3.68233959e-01
  3.44701337e-01 0.00000000e+00 2.70368369e-01 6.99798721e-02
  1.88568468e-01 1.89841306e-01 9.49628866e-03]
 [0.00000000e+00 5.84171313e-02 4.57154476e-02 3.96994607e-02
  7.81089746e-02 5.19764591e-02 1.96683201e-01 2.02087457e-01
  1.33551327e-01 0.00000000e+00 1.52109670e-01 7.72593875e-02
  8.77966085e-02 1.50011014e-01 6.77933734e-02]
 [0.00000000e+00 3.15075754e-02 5.48101984e-02 6.51108256e-02
  7.62213825e-02 7.32971255e-02 2.27553823e-01 2.64397530e-01
  2.75104239e-01 0.00000000e+00 2.14602505e-01 0.00000000e+00
  9.96973559e-02 1.45179575e-01 6.13453650e-02]
 [0.00000000e+00 1.62005244e-01 6.39167695e-02 6.36881590e-02
  2.45800989e-01 0.00000000e+00 5.09782755e-01 4.41189854e-01
  2.00104244e-01 7.44421466e-02 3.63762414e-01 1.37319301e-01
  2.92239305e-01 9.93349299e-02 0.00000000e+00]
 [0.00000000e+00 2.09992999e-01 8.30564983e-04 9.81554933e-02
  2.36103490e-01 0.00000000e+00 9.74288970e-01 1.18407948e+00
  3.26248623e-01 3.43081832e-02 4.72875738e-01 1.95494655e-01
  1.88117029e-01 8.66603830e-02 0.00000000e+00]
 [0.00000000e+00 1.17028533e-02 0.00000000e+00 5.20312958e-02
  1.15311168e-01 1.23944443e-01 0.00000000e+00 0.00000000e+00
  1.88781726e-01 1.51244310e-01 1.83534907e-01 0.00000000e+00
  0.00000000e+00 1.58132986e-01 3.41933805e-02]
 [0.00000000e+00 0.00000000e+00 0.00000000e+00 1.49661557e-01
  2.20250837e-01 1.97166946e-02 1.54719410e+00 7.63858175e-01
  2.49601323e-01 0.00000000e+00 1.29038429e-01 2.04679664e-01
  2.56995056e-02 1.04224511e-01 1.20517063e-01]
 [0.00000000e+00 7.19838022e-02 1.57642099e-02 6.01365853e-02
  1.55820129e-01 0.00000000e+00 3.52848454e-01 3.85737193e-01
  1.93346523e-01 0.00000000e+00 3.24888595e-01 7.31280290e-02
  9.54207575e-02 9.84759160e-02 0.00000000e+00]
 [0.00000000e+00 4.36989374e-02 5.63298231e-02 1.99293833e-02
  1.00084197e-01 0.00000000e+00 4.81982480e-01 2.73680221e-01
  9.22156330e-02 6.40017936e-02 5.08853841e-02 1.31443802e-02
  0.00000000e+00 6.10789656e-03 2.21130480e-02]
 [0.00000000e+00 4.54976763e-02 0.00000000e+00 0.00000000e+00
  2.01059429e-02 0.00000000e+00 1.56891518e-01 7.21389657e-02
  2.01501137e-01 0.00000000e+00 3.46058201e-01 6.45940504e-02
  1.40753712e-01 5.66005293e-03 1.21539747e-02]
 [0.00000000e+00 4.43563330e-02 2.97769578e-02 4.73196499e-02
  2.34548312e-02 0.00000000e+00 9.65456292e-02 5.23030755e-02
  1.42134524e-01 0.00000000e+00 1.66951668e-01 4.12560663e-02
  1.04379084e-01 3.13921993e-04 0.00000000e+00]
 [0.00000000e+00 1.13768097e-01 5.71074979e-02 0.00000000e+00
  2.39550712e-02 8.64074614e-02 4.34746193e-02 0.00000000e+00
  2.69248661e-01 0.00000000e+00 3.65013638e-01 4.76348820e-02
  1.25857398e-01 0.00000000e+00 4.14977621e-02]
 [0.00000000e+00 9.75469561e-02 2.18798182e-02 0.00000000e+00
  6.64014627e-02 0.00000000e+00 1.72265489e-01 5.75991394e-02
  1.45537613e-01 0.00000000e+00 2.78647623e-01 8.42104644e-02
  1.43794103e-01 7.21518365e-02 0.00000000e+00]
 [2.77875309e-01 3.27963545e-01 8.70631213e-02 1.31161342e-01
  7.15621271e-02 3.21777744e-01 4.31574290e-01 6.25554008e-01
  7.60698980e-01 4.34637527e-01 2.45589294e-01 3.57084875e-01
  2.09596960e-01 3.32288763e-01 3.46656716e-01]]

4
----------------------------------------------------------------------------------
[[1.06376794e-01 8.63123572e-02 6.30069607e-02 5.27846925e-02
  0.00000000e+00 0.00000000e+00 1.19053299e-01 1.21712667e-01
  2.11658736e-02 1.70872984e-02 3.41034609e-02 0.00000000e+00
  0.00000000e+00 1.78856939e-01 0.00000000e+00]
 [7.99109012e-02 2.45286782e-02 6.44533340e-02 0.00000000e+00
  9.17330980e-03 5.51873342e-02 7.49023847e-02 1.16374617e-01
  2.24237783e-02 6.17872282e-02 0.00000000e+00 0.00000000e+00
  0.00000000e+00 6.88227712e-03 0.00000000e+00]
 [7.27186124e-02 1.19404287e-01 7.43430392e-02 1.56585960e-02
  3.13903128e-02 0.00000000e+00 6.87111540e-03 6.58354307e-02
  3.53566629e-02 4.11923990e-02 1.98082775e-02 2.76693296e-02
  0.00000000e+00 5.48165768e-02 0.00000000e+00]
 [2.57495787e-01 3.20620915e-01 2.95884167e-01 2.17899220e-01
  4.86197266e-02 7.85910116e-02 5.35816461e-01 2.50080007e-01
  0.00000000e+00 3.59756428e-02 6.46820458e-02 9.63631644e-03
  0.00000000e+00 3.64667213e-01 2.49889373e-02]
 [1.75426902e-01 4.30935166e-01 5.09731399e-01 1.73655633e-01
  2.06228638e-01 2.90796549e-01 3.51316870e-01 1.85425123e-01
  0.00000000e+00 0.00000000e+00 5.59659568e-02 0.00000000e+00
  0.00000000e+00 1.72043113e-01 5.21446061e-03]
 [2.52132784e-01 8.03287895e-02 3.93953529e-01 0.00000000e+00
  3.69562073e-03 7.15770300e-02 2.64859513e-01 1.80345849e-01
  0.00000000e+00 3.48353931e-02 1.35759773e-01 0.00000000e+00
  0.00000000e+00 9.59028988e-02 0.00000000e+00]
 [2.35194229e-01 4.07890163e-01 4.32157236e-01 1.66936553e-01
  1.86356315e-01 2.61323059e-01 2.16446018e-01 2.00098941e-01
  0.00000000e+00 0.00000000e+00 5.24878208e-02 0.00000000e+00
  0.00000000e+00 9.44890932e-02 0.00000000e+00]
 [2.14604804e-01 2.70588224e+00 2.30427575e+00 1.13466939e+00
  1.74327478e+00 9.29519990e-01 8.30734495e-01 2.45389442e-01
  4.90490059e-02 1.45315353e-02 1.20249240e-01 3.78715876e-02
  0.00000000e+00 3.57338680e-01 1.40398042e-02]
 [3.45692752e-01 2.81347060e+00 2.99573810e+00 1.23540313e+00
  2.66201456e+00 1.46944696e+00 1.20028655e+00 3.09434545e-01
  0.00000000e+00 0.00000000e+00 1.66056667e-01 8.63195743e-03
  0.00000000e+00 3.63353716e-01 4.98477934e-02]
 [5.10812075e-01 2.98587461e+00 9.26901301e-01 1.14819352e+00
  1.41530942e+00 3.57731968e-01 3.25683678e-01 5.98153715e-02
  3.22794259e-02 4.83064907e-02 1.23431978e-01 8.27936842e-02
  9.04234310e-03 7.95704275e-02 0.00000000e+00]
 [1.21366223e+00 6.17092769e+00 3.77466071e+00 1.62610862e+00
  3.45209337e+00 2.20051398e+00 1.73854841e+00 3.42417165e-01
  2.52415503e-01 9.21202076e-02 4.50574288e-02 1.36317144e-02
  9.05621384e-02 2.44532778e-01 2.04890708e-02]
 [1.53978818e-01 6.94324886e-01 8.46306099e-01 4.10469600e-01
  8.70084229e-01 5.58360670e-01 4.76660489e-01 1.71841064e-01
  8.95791241e-03 1.72917399e-02 6.41603068e-02 1.13717231e-02
  0.00000000e+00 2.00402739e-01 0.00000000e+00]
 [3.24452729e-01 3.01343780e+00 1.41057975e+00 1.05184951e-01
  6.84757115e-01 3.94672582e-01 1.52236341e-01 3.20082853e-02
  0.00000000e+00 5.81314443e-02 8.93273879e-02 0.00000000e+00
  0.00000000e+00 6.71073561e-02 0.00000000e+00]
 [1.16053519e-01 3.76595917e-03 1.08246455e-01 4.95908525e-02
  0.00000000e+00 0.00000000e+00 1.48796518e-01 8.30406195e-02
  0.00000000e+00 8.94356193e-03 7.40312453e-02 3.78765380e-02
  1.17574926e-02 6.51108970e-02 0.00000000e+00]
 [2.24581448e-02 0.00000000e+00 9.12233298e-02 0.00000000e+00
  9.73796762e-03 5.22230942e-02 5.17333490e-02 8.09575045e-03
  0.00000000e+00 5.42706333e-02 7.97105226e-02 3.60574223e-02
  7.88494806e-03 9.41400862e-02 0.00000000e+00]
 [1.44921093e-01 3.00270657e-02 2.09167639e-01 0.00000000e+00
  0.00000000e+00 0.00000000e+00 4.40771529e-02 2.23540636e-01
  0.00000000e+00 4.57117709e-02 1.27624086e-01 3.95510659e-02
  9.67545667e-02 4.79841996e-02 0.00000000e+00]
 [1.57206471e-02 2.34280168e-02 9.05543963e-02 5.38075784e-02
  1.17230031e-02 1.93057152e-02 7.70624584e-02 1.45242249e-01
  0.00000000e+00 0.00000000e+00 4.01974738e-02 3.09692078e-02
  2.33376186e-02 1.71814479e-01 1.84745290e-02]
 [1.24334458e-01 2.46873822e-01 8.84732160e-02 3.42722787e-01
  1.52687146e-01 2.59500134e-01 2.75719358e-01 3.61475089e-01
  2.02942246e-01 1.04163554e-01 9.45988587e-02 1.30797699e-01
  1.91641445e-01 2.36822275e-01 2.00524546e-01]]

5
----------------------------------------------------------------------------------
[[0.28610151 0.05088088 0.15608971 0.18662752 0.         0.10769649
  0.         0.14565207 0.         0.17939269 0.09367056 0.03339902
  0.         0.         0.        ]
 [0.17092661 0.09554634 0.11103947 0.0853378  0.         0.
  0.06024032 0.2944029  0.11823118 0.22211019 0.         0.
  0.         0.19218804 0.        ]
 [0.         0.11862936 0.06614236 0.1399353  0.         0.22439729
  0.01234639 0.05455862 0.0462151  0.205829   0.         0.
  0.03776877 0.04800076 0.        ]
 [0.30724722 0.35325534 0.33188212 0.10898471 0.30673812 0.26874627
  0.13555984 0.35439093 0.12504381 0.46578157 0.58631903 0.37108063
  0.0414163  0.25632258 0.21889716]
 [0.16416877 0.23964587 0.22570352 0.05776266 0.2388127  0.12258212
  0.07089427 0.24048032 0.07068872 0.35372227 0.30312102 0.12292087
  0.10284432 0.20042843 0.02731768]
 [0.         0.17157961 0.2102786  0.05290505 0.26562248 0.27893045
  0.3381099  0.20392639 0.16815827 0.23012338 0.28635428 0.17486161
  0.27773875 0.17849033 0.02360726]
 [0.         0.27545733 0.23472197 0.0196528  0.26607192 0.10783939
  0.28820082 0.24977212 0.11010784 0.30294009 0.22621098 0.04234128
  0.23203212 0.35417066 0.01193931]
 [0.20697943 0.25938764 0.30014125 0.18985483 0.26889543 0.4240519
  0.02992807 0.42421998 0.15423217 0.37546031 0.47819326 0.33352377
  0.00892002 0.17928479 0.16714559]
 [0.11912321 0.33776917 0.45255244 0.16116651 0.36511254 0.44285781
  0.10453763 0.48725086 0.1464009  0.35457056 0.58603976 0.3995966
  0.04269715 0.30549902 0.24871934]
 [0.         0.30249072 0.12749701 0.13487166 0.09167501 0.46784023
  0.         0.         0.04424873 0.15150311 0.05426934 0.04571123
  0.13113476 0.22464237 0.0584641 ]
 [0.09977268 0.40543996 0.18123634 0.08409964 0.2341549  0.4984703
  0.07631821 0.23511574 0.03359272 0.19045471 0.19321823 0.19227375
  0.24344958 0.15193796 0.15569901]
 [0.10852935 0.13927448 0.17898407 0.08489834 0.12834527 0.2188666
  0.11080483 0.26280995 0.09703432 0.24588127 0.31671275 0.240935
  0.01074726 0.08508584 0.07387187]
 [0.         0.13305485 0.09447585 0.10710628 0.         0.27572357
  0.         0.05076944 0.         0.11357194 0.         0.04107992
  0.03996964 0.00628147 0.01002236]
 [0.         0.14534266 0.14721345 0.         0.21992027 0.15930716
  0.         0.15441573 0.00737323 0.18846845 0.20014454 0.30304147
  0.04324629 0.13688961 0.01538218]
 [0.         0.0572168  0.02883574 0.         0.11231326 0.12054388
  0.         0.03064625 0.02463939 0.11400077 0.08461842 0.16566185
  0.         0.02800397 0.        ]
 [0.         0.26211931 0.2066849  0.04796365 0.15547598 0.21841988
  0.         0.05450545 0.07041294 0.22396436 0.15890641 0.20890852
  0.09393409 0.12529549 0.07921652]
 [0.06081593 0.13078648 0.14186273 0.05062466 0.16997659 0.2228292
  0.         0.31626263 0.09252657 0.15180992 0.2460764  0.28232406
  0.         0.14755854 0.08779742]
 [0.70462605 0.31210618 0.32500815 0.18262407 0.30479442 0.13210325
  0.24756161 0.32172628 0.12611634 0.34137535 0.50040657 0.27171318
  0.17063612 0.26027278 0.24417373]]

6
----------------------------------------------------------------------------------
[[4.06378834e-03 0.00000000e+00 2.84973008e-01 3.81792451e-02
  2.38288282e-02 2.26656939e-02 1.94100010e-01 0.00000000e+00
  6.86487763e-01 3.87010020e-01 1.27055408e+00 2.92729592e-01
  8.12223438e-02 7.51305099e-02 3.43779656e-01]
 [2.73804004e-02 0.00000000e+00 1.74051723e-01 0.00000000e+00
  0.00000000e+00 0.00000000e+00 7.96847435e-01 7.77714329e-01
  1.56982899e+00 7.40637911e-01 6.18667121e-01 0.00000000e+00
  5.21647697e-02 0.00000000e+00 1.90369979e-01]
 [3.80167895e-02 0.00000000e+00 1.02458083e-01 5.46526224e-02
  0.00000000e+00 0.00000000e+00 3.84202212e-01 5.05410263e-01
  1.50672330e+00 1.28705305e+00 8.22887602e-01 0.00000000e+00
  2.14700901e-01 0.00000000e+00 3.37170057e-02]
 [1.63728617e-01 1.25487199e-01 5.01764028e-01 0.00000000e+00
  1.91143494e-01 2.67681364e-01 7.51824615e-01 1.63820811e-01
  1.92023680e+00 1.67873169e+00 2.26021693e+00 5.70802011e-01
  2.34073462e-01 2.17375525e-01 4.44701612e-01]
 [1.32846793e-01 7.93453801e-02 3.74898552e-01 0.00000000e+00
  7.23997964e-02 5.86876843e-02 7.27885291e-01 1.13227244e-01
  2.34664101e+00 1.79007833e+00 1.63845253e+00 4.09772845e-01
  1.62365497e-01 4.54010054e-02 1.75180564e-01]
 [2.32746245e-01 5.60386757e-02 3.88891915e-01 1.93455849e-01
  2.29267195e-01 2.83707972e-02 1.06573028e+00 1.38854245e+00
  3.43232385e+00 1.69122114e+00 1.52525128e+00 1.57385018e-01
  3.39112950e-01 0.00000000e+00 9.49877794e-02]
 [1.57154862e-01 3.63805100e-02 3.86477613e-01 4.68740503e-02
  9.60777837e-02 0.00000000e+00 1.03937197e+00 6.99892200e-01
  3.14827448e+00 2.04399931e+00 1.44983315e+00 0.00000000e+00
  4.55819661e-01 4.34223733e-02 2.01104112e-01]
 [1.50730742e-01 5.33622045e-02 4.27895852e-01 4.45514332e-02
  1.94456911e-01 3.11482529e-01 2.92444245e-01 0.00000000e+00
  8.43200330e-01 0.00000000e+00 5.06750889e-01 0.00000000e+00
  2.73921347e-01 2.93603160e-01 2.15057837e-01]
 [2.20106589e-01 1.28590243e-01 5.14465103e-01 0.00000000e+00
  3.10140054e-01 3.85315993e-01 3.50986499e-01 1.10176229e-01
  6.37182781e-01 0.00000000e+00 4.42600265e-01 0.00000000e+00
  3.44765046e-01 2.33462528e-01 2.17536400e-01]
 [9.88793911e-02 2.33874549e-02 2.30262484e-01 7.96894983e-02
  2.20989454e-01 0.00000000e+00 5.55189196e-02 4.44755667e-01
  3.33856333e-01 6.46324169e-02 2.74134734e-01 2.15008280e-01
  1.89213482e-01 7.59162669e-02 0.00000000e+00]
 [2.60967997e-01 1.20343870e-01 4.30785466e-01 2.72728563e-01
  1.49086051e-01 6.15411196e-02 5.93024038e-01 5.32917105e-01
  1.22752967e+00 0.00000000e+00 1.43838527e-02 0.00000000e+00
  2.62593919e-01 2.54751429e-01 8.87966459e-03]
 [1.00677654e-01 8.97110340e-03 2.51299136e-01 0.00000000e+00
  1.62839561e-01 2.16674079e-01 1.01861759e-01 2.50219079e-01
  2.68310470e-01 0.00000000e+00 9.28965934e-02 0.00000000e+00
  1.77212868e-01 1.25965099e-01 2.05370320e-01]
 [7.87163982e-02 0.00000000e+00 1.65775220e-01 1.59047491e-01
  2.67808143e-02 0.00000000e+00 1.13959366e-01 5.92615232e-02
  3.96806053e-01 2.96846397e-01 0.00000000e+00 0.00000000e+00
  4.63415491e-02 4.74537656e-02 4.58274154e-04]
 [1.22959462e-01 7.81938605e-02 2.53529162e-01 1.13347725e-02
  1.57889750e-01 1.66627738e-01 5.35053726e-02 1.04730532e-01
  1.84474150e-01 0.00000000e+00 2.59131467e-01 0.00000000e+00
  2.14243188e-01 1.44769860e-01 9.39802345e-02]
 [9.31591377e-02 0.00000000e+00 1.90279952e-01 1.20953685e-01
  4.10781034e-02 2.02320797e-02 1.19636623e-01 1.70543580e-02
  1.87879039e-01 2.73547077e-03 1.78028650e-01 0.00000000e+00
  8.06462752e-02 4.36006001e-02 0.00000000e+00]
 [1.23246753e-01 1.69102596e-01 2.89563369e-01 1.19489729e-01
  2.60709516e-01 1.32293598e-01 2.96711006e-02 9.97893307e-02
  1.99585730e-02 1.68220654e-02 2.59965568e-01 2.05172798e-01
  1.24970863e-01 8.14697732e-02 5.49695076e-02]
 [9.28861238e-02 0.00000000e+00 2.15408461e-01 7.58332512e-02
  1.73908124e-01 1.54643377e-01 7.15887817e-02 6.52096883e-02
  2.29917378e-01 0.00000000e+00 1.39793063e-01 0.00000000e+00
  1.95437484e-01 3.68042367e-02 9.20912632e-02]
 [1.24595819e-01 4.36346064e-01 1.64746074e-01 3.28276658e-01
  1.85725391e-01 4.01277650e-01 1.72179278e-01 6.56363034e-01
  4.17689860e-01 1.23985935e+00 5.14230779e-01 7.56281674e-01
  2.04037587e-01 2.57796793e-01 2.54213296e-01]]

6
----------------------------------------------------------------------------------
[[0.         0.09038402 0.         0.05978734 0.21891006]
 [0.         0.02325246 0.0602156  0.         0.        ]
 [0.05073184 0.         0.02523008 0.         0.        ]
 [0.         0.14131157 0.         0.05464815 0.37216378]
 [0.         0.13337127 0.00380442 0.         0.16397099]
 [0.03755733 0.0600076  0.         0.02879141 0.11000813]
 [0.         0.16041092 0.00491135 0.02838223 0.03950801]
 [0.         0.1856664  0.01977855 0.15225031 0.4479338 ]
 [0.         0.18101671 0.         0.1544666  0.33434759]
 [0.         0.04452461 0.         0.0363483  0.0418943 ]
 [0.         0.11757662 0.         0.00753995 0.12085855]
 [0.         0.06297281 0.00151538 0.05594973 0.28675399]
 [0.         0.01018263 0.         0.         0.        ]
 [0.         0.08285125 0.05202049 0.0461685  0.13281635]
 [0.         0.02582815 0.         0.07132663 0.10091177]
 [0.         0.09173409 0.06145912 0.14461271 0.14474154]
 [0.         0.05752279 0.         0.15914313 0.25416515]
 [0.18926161 0.20047788 0.18501087 0.29255782 0.44946813]]