

1
----------------------------------------------------------------------------------
[[0.0956994  0.05558702 0.03246222 0.         0.         0.0261383
  0.02446048 0.15092717 0.07144332 0.11725642 0.         0.07254164
  0.0952948  0.01939069 0.0805116 ]
 [0.         0.0071529  0.0595761  0.         0.06401185 0.04586606
  0.         0.05687802 0.         0.10564947 0.         0.04637415
  0.38790143 0.         0.20016008]
 [0.03187834 0.08525792 0.09072545 0.00501956 0.02830764 0.10786631
  0.00842923 0.08732741 0.07831743 0.08859344 0.01957167 0.15535739
  0.42166085 0.         0.14024877]
 [0.1974911  0.07326003 0.1925787  0.03131078 0.01322384 0.0476977
  0.0707768  0.25101032 0.22829587 0.14548899 0.04971098 0.12032919
  0.17599671 0.         0.21254398]
 [0.10080638 0.05509995 0.10540904 0.         0.         0.0584931
  0.05190135 0.21149607 0.09777832 0.09944924 0.13257708 0.07937949
  0.07217667 0.         0.10433266]
 [0.10667046 0.06543956 0.04823838 0.0862873  0.05520967 0.12749271
  0.00158883 0.14277623 0.02689827 0.13086209 0.19040323 0.12700248
  0.10738452 0.         0.11154664]
 [0.0877788  0.04747868 0.075988   0.         0.         0.11323182
  0.04191732 0.11768961 0.04193518 0.09505826 0.20591094 0.09803708
  0.12284284 0.         0.05436605]
 [0.11078007 0.01586026 0.09193485 0.         0.03406292 0.
  0.         0.17324422 0.11114037 0.13874092 0.05137764 0.08218116
  0.19208227 0.         0.12102561]
 [0.22346813 0.11289994 0.14013366 0.         0.0807944  0.
  0.05320706 0.2632543  0.21169651 0.13161463 0.086926   0.06414848
  0.67170685 0.         0.09348477]
 [0.11020321 0.08192437 0.10391585 0.00856767 0.08936884 0.1806012
  0.04507053 0.15034249 0.0975118  0.05959991 0.12981386 0.22632337
  0.05025943 0.         0.03929543]
 [0.12206532 0.05147106 0.07211651 0.         0.02172341 0.
  0.0200399  0.25296847 0.11871972 0.14403046 0.22371589 0.05511347
  0.35955509 0.         0.02311902]
 [0.19252394 0.03328198 0.07423413 0.         0.02238897 0.00285456
  0.0517794  0.13781892 0.13132837 0.12428433 0.08439829 0.01187204
  0.38787657 0.         0.04443392]
 [0.09550024 0.02175569 0.07701971 0.00414393 0.03872488 0.
  0.         0.14695354 0.         0.10483788 0.11683738 0.
  0.12986958 0.         0.05494997]
 [0.11456556 0.12588791 0.06720466 0.         0.03643277 0.02801812
  0.02064228 0.17122377 0.0359609  0.04104068 0.1404891  0.02727562
  0.05559509 0.         0.00378412]
 [0.05788724 0.13121198 0.04025499 0.00654413 0.04444026 0.
  0.         0.12111804 0.         0.12546178 0.02581367 0.02855519
  0.03655075 0.         0.        ]
 [0.16804281 0.05343428 0.05596594 0.         0.         0.14427888
  0.         0.19594091 0.04391864 0.03051285 0.16149556 0.06917127
  0.27745886 0.         0.        ]
 [0.0848681  0.01947496 0.10573569 0.02865073 0.04224341 0.04592354
  0.01202474 0.13211422 0.05550164 0.1041842  0.04160096 0.02953431
  0.15954825 0.         0.07697906]
 [0.39317809 0.28420008 0.11479041 0.10823789 0.09664809 0.20754215
  0.18622304 0.16600031 0.1327339  0.13063999 0.40568931 0.13192394
  0.29188853 0.51239079 0.22103452]]

2
----------------------------------------------------------------------------------
[[0.28096663 0.17034187 0.16459299 0.02522728 0.10483342 0.30758909
  0.37497308 0.70393779 1.15550825 1.28797967 0.82132783 0.43784799
  0.3537046  0.52373757 0.01921716]
 [0.16651216 0.         0.05361527 0.04920872 0.07394988 0.02032487
  0.07101057 0.21014134 1.5988884  2.22360517 1.08228586 0.43520745
  0.63757046 0.75859303 0.16732844]
 [0.00816296 0.         0.06014271 0.         0.17610228 0.10342588
  0.0935539  0.16852434 0.42729513 1.0635522  0.71317235 0.27284782
  0.4606782  0.49565411 0.170321  ]
 [0.42121493 0.07727738 0.22232382 0.05266714 0.33104736 0.62076526
  0.5462842  1.37056499 2.1223987  1.83242907 1.1276013  0.4003533
  0.59664866 0.60574862 0.11634767]
 [0.07554895 0.06057187 0.09040899 0.03080383 0.20636631 0.37396416
  0.33121917 1.24193949 2.27537186 2.15545236 1.21947395 0.48302118
  0.69027668 0.72866942 0.12269755]
 [0.1639113  0.         0.00301654 0.         0.35506186 0.28437173
  0.23759614 1.0644246  2.49146407 3.01569703 1.50312492 0.68271958
  1.17517269 0.81164971 0.28402997]
 [0.         0.         0.1055086  0.03031822 0.2726716  0.26115088
  0.25016545 0.80057229 2.87861638 2.75352286 1.36023739 0.70255297
  1.07342354 0.89135623 0.24408705]
 [0.17283689 0.19071892 0.17861363 0.00718354 0.03535425 0.05763304
  0.         0.16655807 0.0325985  0.35936647 0.24382116 0.
  0.20950602 0.29915815 0.07104579]
 [0.33517544 0.11962847 0.23123287 0.13531251 0.20056903 0.61484807
  0.         0.13291563 0.         0.4616387  0.03219681 0.
  0.18640392 0.26888674 0.09499484]
 [0.16381843 0.00968931 0.         0.02461702 0.22043378 0.
  0.03548103 0.09683789 0.         0.33890493 0.08380307 0.2112883
  0.34334848 0.20160756 0.14664861]
 [0.06234356 0.         0.00838869 0.07491294 0.05691346 0.76743774
  0.         0.17776089 0.57896557 1.3804667  0.2396533  0.10176799
  0.47974965 0.36933658 0.19901218]
 [0.25576522 0.11127326 0.12964887 0.02908759 0.09536396 0.55487043
  0.         0.07757468 0.         0.25250071 0.07409827 0.
  0.14826789 0.16160122 0.07582063]
 [0.         0.         0.02625242 0.01808867 0.01844402 0.46004931
  0.         0.00355429 0.         0.34976644 0.12829985 0.05342904
  0.2644388  0.28494798 0.07372489]
 [0.15414208 0.02466305 0.03872553 0.         0.09129419 0.09943789
  0.         0.02562305 0.         0.05093984 0.00555883 0.
  0.13045219 0.06059223 0.03904289]
 [0.06986783 0.         0.02592883 0.         0.06146693 0.1259393
  0.00880172 0.         0.         0.         0.         0.
  0.1374939  0.15048167 0.01637056]
 [0.17478494 0.01280763 0.04780154 0.         0.12666235 0.0604678
  0.         0.13490297 0.         0.15193533 0.         0.
  0.20485736 0.12735095 0.09714664]
 [0.11453634 0.05586205 0.17765161 0.         0.06113153 0.10363034
  0.02441505 0.         0.         0.07535179 0.11842723 0.
  0.10893769 0.06118101 0.06932705]
 [0.19985718 0.80674369 0.21927465 0.24143243 0.20866741 0.38535475
  0.24384896 0.38808923 0.51203571 0.23225506 0.20339118 0.2625736
  0.16141871 0.34260867 0.14035814]]

3
----------------------------------------------------------------------------------
[[7.35426982e-02 0.00000000e+00 0.00000000e+00 1.23734846e-01
  1.48861573e-01 2.12223162e-01 0.00000000e+00 0.00000000e+00
  7.65749180e-02 3.31056714e-01 0.00000000e+00 3.24933799e-02
  2.33653819e-02 4.81503562e-02 1.10621536e-01]
 [0.00000000e+00 0.00000000e+00 0.00000000e+00 1.20773906e-02
  1.17905411e-01 6.01208465e-02 0.00000000e+00 0.00000000e+00
  0.00000000e+00 0.00000000e+00 0.00000000e+00 0.00000000e+00
  1.56755537e-01 3.75727186e-02 1.59580642e-02]
 [2.26693312e-02 7.70551746e-02 0.00000000e+00 1.18325821e-01
  7.29818816e-02 2.90455448e-01 2.83297011e-01 0.00000000e+00
  0.00000000e+00 0.00000000e+00 0.00000000e+00 0.00000000e+00
  2.20112286e-01 1.26990902e-01 3.05393858e-02]
 [9.14560557e-02 0.00000000e+00 0.00000000e+00 2.33800160e-01
  4.08079247e-01 1.72296898e-01 0.00000000e+00 2.94174066e-01
  4.45353182e-02 3.68565049e-01 1.23202978e-01 1.53474939e-01
  7.11978414e-02 2.03834899e-01 1.64091539e-01]
 [2.40871391e-02 0.00000000e+00 0.00000000e+00 8.32697007e-02
  2.35462381e-01 1.95487822e-01 0.00000000e+00 2.71198250e-01
  0.00000000e+00 6.85825917e-02 8.40008859e-02 1.14168837e-01
  0.00000000e+00 1.47136157e-01 3.41060073e-02]
 [0.00000000e+00 0.00000000e+00 9.52980698e-04 1.81613794e-01
  1.77113629e-01 1.28097991e-02 0.00000000e+00 1.23329586e-01
  0.00000000e+00 0.00000000e+00 8.19941514e-03 1.23675514e-01
  8.20256502e-02 1.39894916e-01 1.61539653e-01]
 [0.00000000e+00 0.00000000e+00 0.00000000e+00 1.71156005e-01
  2.67578023e-01 2.97365910e-02 0.00000000e+00 2.21461614e-01
  0.00000000e+00 0.00000000e+00 7.00683028e-02 1.15435665e-01
  0.00000000e+00 1.20889788e-01 5.46797688e-02]
 [0.00000000e+00 0.00000000e+00 1.13768173e-01 3.79222068e-01
  4.41237689e-01 1.58681694e-01 0.00000000e+00 2.92760400e-01
  1.34110014e-01 3.00309523e-01 1.04018386e-01 8.42848132e-02
  0.00000000e+00 1.51426154e-01 3.77494017e-01]
 [7.52701178e-02 0.00000000e+00 8.48891972e-02 5.13089427e-01
  5.06411329e-01 3.08819489e-01 0.00000000e+00 4.02763742e-01
  7.33259957e-02 1.59215103e-01 1.75650193e-01 1.12637905e-01
  0.00000000e+00 2.27082770e-01 9.38184089e-01]
 [0.00000000e+00 2.57433500e-01 0.00000000e+00 0.00000000e+00
  3.25498675e-01 2.84849848e-01 0.00000000e+00 1.98973250e-01
  0.00000000e+00 0.00000000e+00 1.24466686e-01 0.00000000e+00
  8.19923838e-02 0.00000000e+00 1.02774177e-01]
 [0.00000000e+00 0.00000000e+00 7.15664980e-02 4.67934601e-01
  3.96064870e-01 5.69594684e-02 2.31094742e-02 4.39071803e-02
  0.00000000e+00 0.00000000e+00 1.73110468e-01 4.89695151e-02
  1.20537791e-03 7.32854280e-02 1.45246973e+00]
 [7.20333589e-02 0.00000000e+00 1.07615812e-01 3.97199740e-01
  3.93889231e-01 1.81634359e-01 0.00000000e+00 2.65289466e-01
  1.24645750e-01 1.45025472e-01 6.34656213e-02 5.41915057e-02
  0.00000000e+00 1.50971909e-01 5.25540592e-01]
 [0.00000000e+00 1.33851372e-01 0.00000000e+00 1.69616389e-01
  2.20608081e-01 1.44175719e-01 4.26978787e-02 0.00000000e+00
  0.00000000e+00 0.00000000e+00 2.84218070e-02 0.00000000e+00
  5.50981366e-02 0.00000000e+00 7.40498477e-01]
 [0.00000000e+00 7.54267133e-02 1.33974791e-01 1.74201517e-01
  9.69761371e-02 2.65904409e-01 0.00000000e+00 2.87890315e-01
  7.85618215e-02 0.00000000e+00 1.23241027e-01 7.34442117e-02
  0.00000000e+00 1.89042351e-01 0.00000000e+00]
 [0.00000000e+00 7.70375939e-02 1.70992705e-01 2.33503272e-01
  1.88896897e-01 2.98558512e-01 0.00000000e+00 8.71961221e-02
  1.25933443e-01 0.00000000e+00 1.95226930e-01 9.44224961e-02
  0.00000000e+00 8.44940637e-02 0.00000000e+00]
 [0.00000000e+00 1.19254584e-01 1.23140678e-01 2.97583180e-01
  1.75439936e-01 3.04176065e-01 5.64058490e-02 3.50625845e-01
  7.99179851e-03 0.00000000e+00 1.09282303e-01 9.24640740e-02
  0.00000000e+00 1.64452696e-01 1.70044159e-02]
 [0.00000000e+00 3.32394445e-02 1.02547901e-01 2.31706051e-01
  1.14415439e-01 1.91231795e-01 0.00000000e+00 1.68931111e-01
  1.36435689e-01 0.00000000e+00 1.89341185e-01 7.57813581e-02
  0.00000000e+00 1.15699699e-01 7.20036610e-03]
 [7.29437982e-01 6.51036915e-01 7.60735948e-01 6.75938985e-01
  2.64458546e-01 7.74626396e-01 4.43551574e-01 3.34133813e-01
  3.73425849e-01 5.86096791e-01 7.80523592e-01 3.50215695e-01
  3.63546289e-01 1.45560525e-01 1.26949119e-01]]

4
----------------------------------------------------------------------------------
[[5.16791656e-02 1.14696864e-01 1.91443321e-02 3.95934016e-02
  2.56037745e-01 2.03481457e-01 9.01026959e-02 2.52815544e-02
  0.00000000e+00 6.02829796e-02 5.98416291e-02 0.00000000e+00
  1.32454528e-02 0.00000000e+00 0.00000000e+00]
 [3.14404527e-02 1.02285179e-02 1.62100201e-02 3.95227256e-01
  7.93922916e-01 2.49852037e-02 0.00000000e+00 2.84623548e-03
  0.00000000e+00 7.24422176e-02 5.05514811e-02 0.00000000e+00
  1.74445103e-02 0.00000000e+00 0.00000000e+00]
 [2.58281566e-02 0.00000000e+00 1.29205749e-01 2.16805294e-01
  1.19938520e-01 2.58240609e-01 1.23213233e-01 9.28535904e-02
  0.00000000e+00 2.40876954e-01 4.11901028e-02 0.00000000e+00
  0.00000000e+00 0.00000000e+00 0.00000000e+00]
 [1.71793223e-01 1.61561012e-01 1.30331669e-01 0.00000000e+00
  0.00000000e+00 1.30749867e-01 3.50174203e-01 2.58564824e-02
  5.42458971e-02 1.21113803e-01 3.16068504e-03 0.00000000e+00
  1.20761492e-01 0.00000000e+00 0.00000000e+00]
 [8.45987950e-02 1.30548253e-01 1.76594798e-03 0.00000000e+00
  0.00000000e+00 1.14209127e-02 3.98353446e-02 2.62176000e-02
  1.93370624e-01 8.17672198e-02 0.00000000e+00 0.00000000e+00
  8.58515863e-02 3.05862200e-02 0.00000000e+00]
 [7.12966418e-02 2.15914251e-03 1.17163268e-01 0.00000000e+00
  6.77028255e-02 0.00000000e+00 0.00000000e+00 0.00000000e+00
  1.61060131e-01 2.09575910e-01 0.00000000e+00 0.00000000e+00
  7.99233960e-02 0.00000000e+00 0.00000000e+00]
 [3.25605721e-02 5.89507866e-02 6.47565579e-02 0.00000000e+00
  0.00000000e+00 0.00000000e+00 0.00000000e+00 1.22969992e-01
  2.65740457e-01 1.76561499e-01 0.00000000e+00 0.00000000e+00
  7.40429430e-02 4.12237914e-02 0.00000000e+00]
 [9.34721351e-02 1.81083641e-01 9.72067114e-02 0.00000000e+00
  0.00000000e+00 2.01072863e-01 3.90613973e-01 4.23351948e-02
  1.11766546e-01 1.30789764e-01 0.00000000e+00 8.99198151e-03
  1.22837926e-01 3.71008194e-03 0.00000000e+00]
 [1.33589214e-01 1.58824521e-01 4.56583622e-02 0.00000000e+00
  0.00000000e+00 0.00000000e+00 4.17782119e-01 5.30278587e-02
  2.00624012e-01 1.62091725e-01 0.00000000e+00 4.63177258e-02
  1.65389820e-01 4.81845452e-02 0.00000000e+00]
 [6.45947692e-02 0.00000000e+00 3.24952226e-02 0.00000000e+00
  1.82086047e-01 0.00000000e+00 2.80489922e-01 3.34754064e-02
  1.17410649e-02 1.96351146e-01 0.00000000e+00 0.00000000e+00
  1.07972926e-02 1.28654470e-02 0.00000000e+00]
 [4.36790757e-02 1.57429979e-01 1.57672170e-02 1.23380205e-01
  1.41568940e-01 5.00161760e-03 0.00000000e+00 1.10265007e-01
  2.73015923e-01 1.76249274e-01 6.15066023e-03 0.00000000e+00
  4.37252340e-02 3.70809363e-03 0.00000000e+00]
 [1.33058012e-01 1.29123683e-01 3.03397273e-02 0.00000000e+00
  0.00000000e+00 3.95426501e-02 2.90976212e-01 2.93767674e-02
  4.94214701e-02 1.07965621e-01 0.00000000e+00 2.87014824e-04
  8.56045657e-02 2.56215624e-02 0.00000000e+00]
 [7.50568431e-02 0.00000000e+00 0.00000000e+00 3.02393467e-02
  0.00000000e+00 0.00000000e+00 2.78433374e-02 4.78646436e-02
  1.24351437e-01 1.29506193e-01 1.09637311e-02 0.00000000e+00
  0.00000000e+00 0.00000000e+00 0.00000000e+00]
 [1.30930271e-01 0.00000000e+00 4.47160821e-02 0.00000000e+00
  0.00000000e+00 0.00000000e+00 3.47616079e-02 1.26992536e-01
  2.06627568e-01 1.28212973e-03 6.39547362e-03 0.00000000e+00
  2.11164412e-02 3.11378930e-02 1.55092596e-02]
 [4.40522544e-02 0.00000000e+00 1.00104589e-01 0.00000000e+00
  0.00000000e+00 9.42743728e-02 0.00000000e+00 9.17834258e-02
  1.07847333e-01 4.55253427e-02 1.77252654e-02 0.00000000e+00
  7.20769107e-02 0.00000000e+00 1.77437649e-02]
 [9.68579455e-02 0.00000000e+00 9.38636827e-02 0.00000000e+00
  0.00000000e+00 0.00000000e+00 0.00000000e+00 1.05024799e-01
  2.61291189e-01 1.23253342e-01 7.90149090e-03 0.00000000e+00
  1.06404914e-01 7.01906241e-02 0.00000000e+00]
 [1.04315926e-01 1.77818080e-02 8.11152381e-02 0.00000000e+00
  0.00000000e+00 1.50531435e-01 8.82472605e-02 1.14973194e-01
  7.50071768e-02 6.73827917e-02 0.00000000e+00 2.26804949e-02
  4.79944660e-02 0.00000000e+00 0.00000000e+00]
 [1.45141533e-01 4.37429882e-01 2.38901618e-01 7.82599851e-01
  5.26405534e-01 2.90203527e-01 2.57011085e-01 2.19392205e-01
  4.21071060e-01 1.77795935e-01 1.50709243e-01 2.82938497e-01
  2.45302982e-01 4.31432279e-01 3.19560201e-01]]

5
----------------------------------------------------------------------------------
[[1.04642027e-01 1.74451201e-01 5.19721481e-02 7.14517926e-02
  1.05396814e-01 1.30084301e-01 0.00000000e+00 0.00000000e+00
  2.65752262e-02 1.38168848e-02 5.87059997e-02 1.41435124e-02
  6.70267899e-02 0.00000000e+00 0.00000000e+00]
 [7.94685111e-02 9.10193914e-02 3.98454353e-02 1.05857465e-01
  6.48394059e-02 2.56633889e-02 1.02646134e-01 0.00000000e+00
  8.57419757e-02 5.82360075e-02 5.98372395e-02 1.06166005e-01
  1.96521086e-01 0.00000000e+00 1.81370062e-02]
 [1.40611036e-01 1.53801501e-01 2.63661301e-02 1.11083860e-01
  0.00000000e+00 3.81212193e-02 2.34678079e-02 1.60769736e-02
  4.78811716e-02 6.11272014e-02 4.52392513e-03 1.27065155e-02
  1.82419831e-01 0.00000000e+00 0.00000000e+00]
 [2.33433891e-01 9.66284605e-02 1.27452119e-01 1.82171531e-01
  2.71572547e-01 2.09514480e-01 0.00000000e+00 0.00000000e+00
  1.49563085e-03 1.26592723e-03 2.53885800e-02 1.30574411e-01
  1.49877406e-01 7.41718624e-02 2.79020577e-01]
 [1.50212487e-01 1.10228103e-01 8.68832152e-02 1.92632240e-01
  2.03660837e-01 2.01723545e-01 2.44517754e-02 1.38047291e-02
  0.00000000e+00 4.15474294e-02 1.90129208e-02 8.74894993e-02
  1.38190042e-01 4.92750110e-03 1.86941695e-01]
 [1.51469813e-01 1.96747719e-01 1.08935586e-01 2.57596224e-01
  1.55246857e-01 1.27233901e-01 4.66459784e-02 4.77007015e-02
  9.28637339e-04 8.72482773e-02 1.02910229e-01 3.34508805e-02
  2.12824420e-01 2.70448893e-01 1.96892063e-01]
 [1.73607349e-01 9.32953056e-02 1.05209895e-01 2.12562931e-01
  1.59076446e-01 1.26702115e-01 4.16001247e-02 3.55295114e-02
  4.34286945e-04 4.86834163e-02 1.61303881e-01 2.47419726e-02
  2.39473865e-01 1.63326532e-01 1.84672092e-01]
 [2.35653310e-01 1.44712559e-01 1.66153169e-01 1.56816697e-01
  2.89893232e-01 1.01043582e-01 1.51719238e-02 0.00000000e+00
  4.87238856e-03 1.84062444e-02 6.43621582e+00 2.57605731e+00
  2.24741482e+00 1.47161472e+00 1.16069306e+00]
 [2.22666505e-01 1.35349405e-01 1.71913995e-01 1.10879510e-01
  3.33378168e-01 1.94663515e-01 2.96860947e-02 0.00000000e+00
  0.00000000e+00 3.15011047e-02 5.08417701e+00 2.98547961e+00
  1.96785226e+00 1.97926196e+00 1.60567165e+00]
 [1.68716338e-01 3.27323821e-01 1.88977957e-01 4.05109808e-01
  4.04452909e-02 2.16360753e-01 4.26277984e-02 0.00000000e+00
  9.35883496e-03 4.89702964e-01 5.25691832e+00 5.10897554e-01
  1.75792032e+00 1.35719325e+00 1.33485928e+00]
 [1.28014652e-01 2.98100819e-01 8.49968225e-02 3.46444622e-01
  5.04298987e-02 7.92042756e-02 8.99709864e-02 2.36124791e-02
  5.04013863e-02 6.09488936e-01 7.18455805e+00 1.80013536e+00
  3.52032568e+00 3.72042159e+00 3.40687998e+00]
 [1.70906597e-01 1.20353441e-01 1.28043296e-01 1.12324018e-01
  2.75800465e-01 1.30336083e-01 3.75200007e-02 0.00000000e+00
  0.00000000e+00 2.23969792e-02 1.63929981e+00 1.80945763e+00
  1.19556510e+00 1.17341777e+00 1.12749350e+00]
 [1.06838720e-01 2.29003542e-01 4.93570534e-02 2.08194552e-01
  2.69497080e-02 5.45759405e-03 9.91393652e-02 2.09061086e-02
  2.46420204e-02 3.07900339e-01 6.85318934e+00 7.09446267e-01
  1.59241733e+00 1.20697519e+00 1.79604696e+00]
 [1.26553097e-01 6.02532335e-02 8.74066309e-02 1.57038369e-01
  9.73716732e-02 3.82000539e-02 5.93328707e-02 9.60340170e-02
  7.72813114e-02 9.89130749e-03 3.75228010e-02 7.73607139e-02
  9.64368337e-02 1.98843090e-01 2.04426133e-01]
 [1.00782932e-01 4.59859877e-03 1.05715842e-01 7.20336494e-02
  4.46166261e-02 3.79366445e-02 7.73199697e-02 1.01657842e-01
  6.88910035e-02 3.58876020e-02 2.93972165e-02 5.54826153e-02
  2.80264322e-02 1.32080898e-01 1.11853422e-01]
 [1.49879778e-01 1.74048202e-01 1.70807306e-01 2.29066497e-01
  1.52345900e-01 1.46186707e-01 9.05272480e-02 1.00582408e-01
  8.10894740e-03 7.88704104e-02 0.00000000e+00 3.17625134e-02
  2.00249166e-01 1.20985253e-01 1.88820144e-01]
 [1.10133792e-01 9.50565209e-03 7.11817263e-02 1.30859379e-01
  1.28357051e-01 8.93244992e-02 4.30640826e-03 0.00000000e+00
  2.65239808e-02 0.00000000e+00 1.44710054e-02 5.39826413e-02
  1.25182123e-01 9.16545325e-02 1.50923681e-01]
 [9.34390036e-02 1.55137349e-01 2.59073481e-01 4.40172877e-01
  1.69731823e-01 2.69293014e-01 1.19951720e-01 1.60833277e-01
  1.12024647e-01 7.89594161e-02 1.34149522e-01 2.11414129e-01
  1.97273251e-01 5.99620232e-01 2.23387390e-01]]

6
----------------------------------------------------------------------------------
[[0.         0.15357693 0.10762759 0.03666674 0.02249023 0.
  0.063987   0.08069476 0.05418927 0.0516968  0.         0.
  0.21707067 0.87762168 0.65969833]
 [0.         0.         0.04977441 0.01215129 0.05108035 0.
  0.05404978 0.10221748 0.03474804 0.12821646 0.         0.
  0.52231547 1.18590888 0.68178577]
 [0.         0.         0.04350168 0.         0.1052442  0.
  0.04517885 0.09675545 0.         0.09757387 0.00461715 0.
  0.18439235 0.56902036 1.18534359]
 [0.09430589 0.34429106 0.28603653 0.08178726 0.         0.12115723
  0.08742114 0.19741289 0.2289332  0.06517702 0.02658552 0.
  0.43598433 1.13280732 1.16667557]
 [0.09583407 0.16502748 0.12752682 0.0601098  0.01901431 0.03819764
  0.08273487 0.11966659 0.18530302 0.05751693 0.01619375 0.
  0.48977036 1.08970811 1.08374876]
 [0.11067566 0.14706935 0.08586491 0.06906066 0.05491316 0.
  0.11266933 0.13636378 0.14970716 0.1324962  0.         0.07572309
  0.72068641 1.28481306 1.8588303 ]
 [0.12447778 0.12522334 0.09001831 0.09431553 0.03973339 0.00248753
  0.11739326 0.15705878 0.15149381 0.10935718 0.03234989 0.
  0.57110669 1.37656204 2.20127388]
 [0.14760532 0.25835404 0.35268452 0.04680055 0.00524827 0.02850168
  0.07926376 0.26388628 0.23559821 0.11873153 0.02362522 0.
  0.03531533 0.55041836 0.09292299]
 [0.35339956 0.35269391 0.40529626 0.11181891 0.01116834 0.08885692
  0.10243508 0.23940835 0.19719571 0.1728136  0.07763999 0.
  0.03938838 0.41642198 0.11099144]
 [0.27877982 0.09756757 0.24857854 0.16301586 0.14527521 0.
  0.16539454 0.25047557 0.16341843 0.05666025 0.04352004 0.
  0.07015395 0.19044181 0.21995063]
 [0.78291339 0.14105376 0.17362763 0.07610468 0.03428847 0.06484486
  0.41829896 0.05335359 0.01887759 0.14013118 0.12913819 0.00985144
  0.18382171 0.64296623 0.61353736]
 [0.17870938 0.23780117 0.31208086 0.05679655 0.0089842  0.04264348
  0.03840935 0.15753525 0.07915616 0.12183202 0.02079029 0.
  0.         0.24635036 0.13388733]
 [0.2348525  0.1974516  0.07345066 0.         0.06147601 0.
  0.20821364 0.05305514 0.04118138 0.10002277 0.01109742 0.
  0.         0.17406471 0.12813547]
 [0.01773651 0.19017913 0.19911709 0.05118605 0.03998667 0.03725369
  0.06327612 0.0899247  0.09787125 0.08808053 0.00405604 0.
  0.         0.09347576 0.11385997]
 [0.         0.0099606  0.12927844 0.         0.05308249 0.04834824
  0.00580013 0.09215338 0.10396112 0.07391044 0.         0.
  0.         0.13935881 0.07323452]
 [0.13885903 0.18414357 0.26218112 0.10816885 0.09625145 0.
  0.13626857 0.1034307  0.15779728 0.08729457 0.02160622 0.
  0.01561735 0.11880115 0.04590797]
 [0.05476025 0.15963567 0.24579572 0.03896265 0.03541062 0.04790954
  0.00678725 0.09433477 0.1480868  0.11722217 0.02210349 0.
  0.00221378 0.10665943 0.13872838]
 [0.16980132 0.46290205 0.13883911 0.32753762 0.0604209  0.25218471
  0.12031787 0.1497182  0.16749484 0.1475397  0.10562123 0.18894665
  0.12445307 0.20459245 0.18874781]]

7
----------------------------------------------------------------------------------
[[1.01351047e+00 8.24935805e-01 3.86313883e-01 7.20651962e-02
  1.19895972e-01 7.90713376e-02 0.00000000e+00 0.00000000e+00
  0.00000000e+00 0.00000000e+00 0.00000000e+00 1.88944307e-01
  0.00000000e+00 1.26451031e-02]
 [4.14088749e-01 6.29956637e-01 3.33669585e-01 0.00000000e+00
  1.10361354e-01 3.65771142e-02 0.00000000e+00 0.00000000e+00
  0.00000000e+00 1.11941600e-01 3.73594326e-01 0.00000000e+00
  0.00000000e+00 2.84331832e-01]
 [4.67072329e-01 5.86952878e-01 5.07042189e-01 1.07905659e-01
  1.92388421e-01 0.00000000e+00 0.00000000e+00 1.76676799e-01
  6.72246885e-02 3.47614652e-02 2.59390756e-01 0.00000000e+00
  1.63696273e-01 9.32288978e-01]
 [1.60019213e+00 1.08589098e+00 6.30851774e-01 1.41270610e-01
  2.70262038e-01 1.68534777e-01 6.76475554e-02 2.35248461e-01
  0.00000000e+00 1.00405904e-01 0.00000000e+00 1.77205203e-01
  1.92695582e-01 0.00000000e+00]
 [1.47207955e+00 1.07057353e+00 5.02053099e-01 0.00000000e+00
  2.00589836e-01 2.01032863e-01 2.87303117e-02 1.92436303e-01
  4.08195090e-02 1.40700405e-01 0.00000000e+00 1.44613193e-02
  2.83016699e-01 0.00000000e+00]
 [9.01186788e-01 1.10197290e+00 6.53754735e-01 8.39496214e-02
  3.01667847e-01 5.35215545e-02 0.00000000e+00 4.30260764e-01
  0.00000000e+00 1.55897253e-01 2.09370902e-01 0.00000000e+00
  6.86407538e-01 7.16401728e-01]
 [1.23008136e+00 1.26919622e+00 6.21827589e-01 1.62154392e-01
  2.44605958e-01 1.27574879e-01 0.00000000e+00 3.36215046e-01
  0.00000000e+00 1.06303209e-01 7.24208058e-02 3.72500197e-02
  2.89010780e-01 1.68764896e-02]
 [1.54670821e-01 2.43109715e-01 8.26589655e-02 4.04828236e-01
  2.14077270e-02 9.69375411e-02 4.16049821e-02 3.36646424e-01
  1.88469549e-02 0.00000000e+00 4.67639831e-03 2.59403367e-01
  1.70418170e-01 0.00000000e+00]
 [0.00000000e+00 1.84750987e-01 6.30093331e-02 4.54321096e-01
  0.00000000e+00 2.53811975e-01 1.43204222e-01 5.31181542e-01
  0.00000000e+00 0.00000000e+00 0.00000000e+00 2.24066220e-01
  1.94470954e-01 0.00000000e+00]
 [8.36606751e-02 0.00000000e+00 1.21038674e-01 0.00000000e+00
  5.94057893e-02 1.95269656e-01 0.00000000e+00 2.79181102e-01
  0.00000000e+00 0.00000000e+00 1.85774444e-01 0.00000000e+00
  9.61323903e-01 8.30349736e-01]
 [0.00000000e+00 2.81210872e-01 3.00633044e-02 2.72057739e-01
  0.00000000e+00 3.46164020e-01 4.53590422e-02 4.02947836e-01
  0.00000000e+00 0.00000000e+00 1.40052473e-01 0.00000000e+00
  8.84461268e-01 2.48589770e-01]
 [0.00000000e+00 7.70575518e-02 4.97210785e-02 3.30772745e-01
  0.00000000e+00 1.41958596e-01 2.32443327e-02 3.50823779e-01
  0.00000000e+00 0.00000000e+00 0.00000000e+00 2.05722453e-01
  7.19151633e-02 0.00000000e+00]
 [0.00000000e+00 1.10140107e-01 5.76865886e-02 1.01414140e-01
  0.00000000e+00 2.18110430e-01 2.37662263e-02 2.61431016e-01
  0.00000000e+00 0.00000000e+00 1.75126533e-01 0.00000000e+00
  3.63124076e-01 4.01385879e-02]
 [0.00000000e+00 2.04481039e-02 6.43921193e-04 1.90859525e-01
  1.06796054e-02 2.19365854e-01 0.00000000e+00 2.46091458e-01
  0.00000000e+00 0.00000000e+00 0.00000000e+00 7.02498316e-02
  3.12575352e-01 0.00000000e+00]
 [0.00000000e+00 9.60422715e-03 4.49648229e-02 4.28523435e-02
  0.00000000e+00 6.32060067e-02 0.00000000e+00 1.33818904e-01
  0.00000000e+00 0.00000000e+00 9.29767213e-02 8.83243419e-02
  1.69934444e-01 6.39895156e-02]
 [0.00000000e+00 1.21845419e-02 4.82277943e-02 6.39000159e-02
  0.00000000e+00 2.89159242e-01 1.97116383e-02 3.53795321e-01
  0.00000000e+00 1.85947095e-02 4.21374998e-02 3.13033647e-02
  4.56016498e-01 4.04255162e-01]
 [0.00000000e+00 2.89254210e-02 6.11512847e-02 2.46222391e-01
  3.48252516e-02 6.08930762e-02 9.71339722e-03 2.26363984e-01
  0.00000000e+00 0.00000000e+00 0.00000000e+00 1.62177668e-01
  1.13343265e-01 0.00000000e+00]
 [2.70351761e-01 2.59330642e-01 1.72881384e-01 2.50388667e-01
  1.60555421e-01 2.82759566e-01 3.45648730e-01 4.20084219e-01
  3.54028797e-01 3.71986654e-01 2.86685124e-01 5.51062870e-01
  9.89119231e-01 6.25895225e-01]]