

1
----------------------------------------------------------------------------------
[[0.         0.         0.08146905 0.         0.08281729 0.
  0.         0.         0.         0.08051693 0.         0.
  0.         0.         0.        ]
 [0.04018703 0.02615606 0.10514443 0.         0.04803984 0.
  0.01325305 0.         0.007177   0.         0.         0.
  0.         0.01276446 0.        ]
 [0.046976   0.08021976 0.11669914 0.067039   0.02735181 0.
  0.09946481 0.07300966 0.         0.08900269 0.1729685  0.
  0.         0.         0.        ]
 [0.04713069 0.0510737  0.12966928 0.02404957 0.09632387 0.
  0.07510808 0.06054128 0.         0.09032828 0.         0.
  0.         0.12679496 0.02353294]
 [0.05128913 0.04668693 0.11943523 0.03367264 0.02319629 0.
  0.0653946  0.         0.00552837 0.         0.         0.
  0.         0.11700291 0.        ]
 [0.1218751  0.12234622 0.05009286 0.14463164 0.01600134 0.
  0.03426908 0.13679236 0.06759173 0.06059401 0.24314827 0.
  0.         0.         0.        ]
 [0.0934634  0.01076322 0.10625963 0.06598553 0.         0.
  0.03228723 0.01939972 0.01182523 0.07772908 0.0775166  0.0312813
  0.         0.02694731 0.01395616]
 [0.0677382  0.         0.02577581 0.         0.10235019 0.06271173
  0.         0.         0.         0.4628623  0.         0.04762509
  0.         0.         0.0542369 ]
 [0.03754643 0.01137267 0.10333139 0.01122645 0.11675247 0.07479465
  0.03360269 0.05173414 0.10565192 0.88670946 0.         0.
  0.         0.         0.07668473]
 [0.11960268 0.01218264 0.0314742  0.22913235 0.         0.03624759
  0.09776868 0.14111195 0.07806517 0.0946347  0.29813307 0.
  0.         0.         0.        ]
 [0.09307091 0.06342988 0.02956675 0.13490831 0.03267576 0.00458511
  0.00356367 0.1131367  0.93267657 0.69066801 0.0775089  0.01422543
  0.         0.         0.01918306]
 [0.03218782 0.         0.02294686 0.         0.05127982 0.05157178
  0.         0.04370521 0.         0.2928365  0.         0.
  0.         0.         0.        ]
 [0.10223175 0.         0.0497263  0.0616544  0.         0.
  0.         0.         0.08479432 0.16169259 0.17837505 0.
  0.         0.         0.        ]
 [0.02915066 0.         0.03109032 0.05842481 0.08061406 0.09305561
  0.         0.         0.01625628 0.00311845 0.05066075 0.
  0.07425416 0.         0.02473938]
 [0.07883742 0.         0.         0.         0.06647275 0.
  0.         0.         0.         0.13649336 0.2308196  0.
  0.         0.         0.        ]
 [0.14954794 0.02087618 0.01829833 0.13665534 0.         0.11369446
  0.01912333 0.08196074 0.1076946  0.07634517 0.17419719 0.
  0.         0.         0.        ]
 [0.01358124 0.         0.         0.         0.05023411 0.0352064
  0.         0.         0.0231458  0.17675779 0.         0.
  0.02320207 0.         0.        ]
 [0.19753794 0.30716334 0.32487516 0.36472958 0.34671148 0.51794331
  0.52234694 0.40940445 0.27307907 0.10834121 0.28503483 0.2543827
  0.67366195 0.2504387  0.65665627]]

2
----------------------------------------------------------------------------------
[[0.11493064 0.10714127 0.11946696 0.02999968 0.05424248 0.05464177
  0.08924131 0.30633838 0.08667498 0.08910512 0.04314991 0.00199172
  0.         0.01158601 0.        ]
 [0.05554293 0.03735661 0.         0.         0.08776778 0.06310494
  0.         0.09547168 0.         0.02716401 0.         0.
  0.         0.06793719 0.        ]
 [0.00601727 0.08375301 0.05538149 0.         0.10992346 0.13978307
  0.02488281 0.07605976 0.03545097 0.20196366 0.         0.12868422
  0.         0.         0.        ]
 [0.11439238 0.06367334 0.00368887 0.02383848 0.11276898 0.07549665
  0.04712491 0.32232002 0.15937591 0.0491733  0.03616932 0.
  0.05004723 0.         0.        ]
 [0.03068173 0.07660907 0.00250842 0.00143991 0.08465738 0.09337122
  0.         0.06865984 0.         0.05167657 0.02917806 0.
  0.00759905 0.         0.        ]
 [0.07316734 0.06385811 0.13839365 0.         0.01997807 0.08873833
  0.08354428 0.07642753 0.08272514 0.19847371 0.         0.12648382
  0.         0.         0.00619719]
 [0.01650792 0.05244607 0.03987681 0.         0.06506403 0.09638624
  0.00520204 0.08710176 0.01941068 0.12353678 0.         0.03939794
  0.         0.         0.        ]
 [0.15142696 0.07347509 0.05102608 0.         0.10831373 0.05647658
  0.01378569 0.30087689 0.09048828 0.         0.00476604 0.
  0.         0.00205896 0.        ]
 [0.06500269 0.09893657 0.03103729 0.         0.08593463 0.
  0.0012264  0.1706662  0.07255606 0.0398364  0.04666945 0.
  0.         0.         0.        ]
 [0.06519186 0.07093222 0.20089566 0.         0.12785775 0.08834934
  0.06861451 0.         0.         0.09202126 0.         0.07334455
  0.         0.         0.        ]
 [0.07821894 0.06608447 0.08211019 0.00976065 0.01001319 0.01493354
  0.09316031 0.01552045 0.04446444 0.07976596 0.         0.01313401
  0.         0.         0.03595794]
 [0.07058294 0.05697136 0.03140401 0.         0.00247091 0.01257865
  0.         0.17545963 0.0302282  0.01334511 0.01102172 0.
  0.         0.         0.        ]
 [0.06713512 0.04138377 0.09697901 0.         0.05607692 0.05638828
  0.04904836 0.         0.03827969 0.12977735 0.         0.02869891
  0.         0.         0.        ]
 [0.05139511 0.01246578 0.07539299 0.04757347 0.         0.06452067
  0.0657175  0.1922947  0.10255993 0.08660821 0.04807554 0.03435751
  0.         0.         0.        ]
 [0.11536768 0.08441968 0.11318134 0.0046076  0.         0.07576472
  0.1279143  0.34605812 0.30759253 0.17124066 0.01946968 0.02859023
  0.         0.         0.        ]
 [0.04097415 0.08662315 0.07780964 0.         0.015201   0.08053588
  0.13091168 0.         0.12306694 0.1161     0.         0.08513735
  0.         0.         0.0212117 ]
 [0.03428546 0.07689511 0.16095708 0.05936567 0.         0.06251948
  0.12819234 0.79894635 0.31454902 0.19920051 0.02564857 0.03106099
  0.         0.03601448 0.        ]
 [0.10017488 0.08713253 0.18360136 0.25966194 0.19867691 0.2035462
  0.10264964 0.37432684 0.15426029 0.11200224 0.26339268 0.11023492
  0.43578967 0.67769241 0.32917047]]

3
----------------------------------------------------------------------------------
[[1.20207906e-01 0.00000000e+00 0.00000000e+00 0.00000000e+00
  1.36296950e-01 1.80798621e-01 0.00000000e+00 0.00000000e+00
  1.62698719e-01 2.18389857e-01 0.00000000e+00 0.00000000e+00
  0.00000000e+00 1.47561035e-02 4.37972973e-02]
 [2.20567655e-03 0.00000000e+00 0.00000000e+00 0.00000000e+00
  2.52173549e-02 2.64312295e-02 0.00000000e+00 0.00000000e+00
  5.73741365e-02 1.05285161e-01 0.00000000e+00 0.00000000e+00
  2.68228480e-02 0.00000000e+00 0.00000000e+00]
 [1.22628517e-02 4.49670766e-02 9.11570444e-02 5.78504265e-02
  1.73816016e-02 2.15716384e-02 5.62255646e-02 0.00000000e+00
  8.14075052e-02 0.00000000e+00 0.00000000e+00 7.54338343e-03
  1.92268252e-02 1.22756572e-01 0.00000000e+00]
 [1.90193326e-01 0.00000000e+00 0.00000000e+00 0.00000000e+00
  2.65978260e-01 2.41895308e-01 0.00000000e+00 0.00000000e+00
  2.00423757e-01 2.25534587e-01 0.00000000e+00 0.00000000e+00
  1.14332388e-02 0.00000000e+00 8.78983624e-02]
 [2.76031906e-02 0.00000000e+00 0.00000000e+00 2.16716176e-02
  8.68341568e-02 7.95031283e-02 1.68329762e-02 0.00000000e+00
  9.04243736e-02 9.82650619e-02 0.00000000e+00 0.00000000e+00
  4.28149770e-03 0.00000000e+00 3.31519375e-02]
 [0.00000000e+00 5.35208714e-02 1.46773510e-01 1.44643582e-02
  0.00000000e+00 3.49330347e-03 1.15556952e-01 0.00000000e+00
  1.10136192e-01 0.00000000e+00 0.00000000e+00 0.00000000e+00
  0.00000000e+00 1.39084981e-01 0.00000000e+00]
 [3.63513587e-02 9.44778007e-03 0.00000000e+00 4.65108252e-02
  0.00000000e+00 3.04103315e-02 2.37287803e-02 0.00000000e+00
  7.96726637e-02 4.10921253e-02 0.00000000e+00 0.00000000e+00
  0.00000000e+00 0.00000000e+00 0.00000000e+00]
 [2.25798995e-01 0.00000000e+00 0.00000000e+00 0.00000000e+00
  2.25452152e-01 2.54604487e-01 0.00000000e+00 0.00000000e+00
  2.48197170e-01 2.47353907e-01 0.00000000e+00 2.70241302e-04
  7.88272022e-02 2.27650857e-01 5.53086635e-01]
 [1.53905977e-01 0.00000000e+00 0.00000000e+00 0.00000000e+00
  9.10425957e-02 1.68801456e-01 0.00000000e+00 0.00000000e+00
  1.63290809e-01 1.65156445e-01 0.00000000e+00 0.00000000e+00
  0.00000000e+00 6.57910872e-02 2.06008915e-01]
 [0.00000000e+00 1.14931157e-01 9.29849745e-02 0.00000000e+00
  0.00000000e+00 2.78086903e-02 8.35347687e-02 0.00000000e+00
  4.32104906e-02 8.34441741e-02 1.38052927e-01 3.70267209e-01
  1.55769666e-01 4.50173122e-01 1.02751538e-01]
 [0.00000000e+00 9.89378305e-03 5.12365179e-02 3.11199795e-02
  0.00000000e+00 2.25433345e-02 5.49258282e-02 0.00000000e+00
  6.38957827e-02 6.35869584e-02 0.00000000e+00 0.00000000e+00
  0.00000000e+00 2.08754365e-01 1.52913722e-02]
 [1.27999223e-01 0.00000000e+00 0.00000000e+00 0.00000000e+00
  1.10793724e-01 1.76759895e-01 0.00000000e+00 0.00000000e+00
  1.45304787e-01 2.15934171e-01 5.81826482e-01 1.36290995e+00
  1.17182199e+00 1.02675456e+00 9.48485265e-01]
 [0.00000000e+00 1.26543792e-02 5.03712683e-02 2.38960063e-03
  0.00000000e+00 1.08664848e-02 1.03060314e-01 0.00000000e+00
  2.51387581e-02 5.49018410e-01 1.98403419e+00 3.09681916e+00
  9.96487482e-01 6.44685778e-01 5.37278593e-01]
 [7.82613297e-02 4.25817006e-03 0.00000000e+00 3.33566376e-02
  7.11210961e-02 8.49919625e-02 1.20964419e-01 0.00000000e+00
  2.76411848e-01 9.63738728e-01 3.02597101e+00 5.78525794e+00
  4.52220878e+00 2.88439851e+00 1.86984037e+00]
 [0.00000000e+00 4.69669889e-02 0.00000000e+00 1.27776621e-02
  3.45008791e-02 1.14405994e-01 9.81508032e-02 0.00000000e+00
  5.48458230e-01 1.65058215e+00 4.71749932e+00 6.84624741e+00
  5.03675865e+00 3.19423526e+00 2.09474594e+00]
 [4.61557949e-02 6.36852277e-02 1.37806991e-01 0.00000000e+00
  0.00000000e+00 1.46806754e-02 2.07927775e-01 0.00000000e+00
  4.04728556e-01 3.33392379e+00 9.91826691e+00 1.32153778e+01
  7.89102421e+00 3.97880091e+00 2.58807658e+00]
 [1.62021690e-01 0.00000000e+00 0.00000000e+00 0.00000000e+00
  1.15738385e-01 1.31216150e-01 1.98823187e-02 0.00000000e+00
  4.82033809e-01 8.59876553e-01 3.71306420e+00 6.50816942e+00
  5.43449376e+00 3.60929576e+00 2.54149724e+00]
 [1.97935919e-01 2.03962004e-01 3.97561588e-01 3.37807237e-01
  3.20169467e-01 1.90307932e-01 2.21777202e-01 4.57593395e-01
  3.39464863e-01 2.90883282e-01 4.43438884e-01 4.01271509e-01
  4.38156909e-01 1.95267889e-01 2.79863023e-01]]

4
----------------------------------------------------------------------------------
[[0.04723545 0.13125179 0.         0.         0.         0.
  0.         0.         0.09146836 0.12013149 0.07149495 0.04106305
  0.00703632 0.02218977 0.09565782]
 [0.         0.17624541 0.         0.         0.         0.
  0.         0.         0.00232668 0.15942778 0.         0.0636707
  0.         0.0745796  0.        ]
 [0.         0.05021739 0.         0.         0.         0.
  0.         0.         0.         0.18629096 0.0812192  0.
  0.         0.02463994 0.05106324]
 [0.         0.09083    0.         0.         0.         0.
  0.         0.         0.07625542 0.13303937 0.06629615 0.17815809
  0.10395794 0.         0.07859988]
 [0.         0.14510603 0.         0.         0.         0.
  0.         0.         0.06133732 0.07100358 0.0703092  0.0056981
  0.00669925 0.05382064 0.03100427]
 [0.         0.05898615 0.         0.         0.         0.
  0.         0.         0.00902685 0.23555011 0.11086962 0.06455655
  0.00443775 0.16105752 0.03130415]
 [0.         0.118717   0.         0.         0.         0.
  0.         0.         0.0195498  0.11183439 0.03773935 0.
  0.03964777 0.11487874 0.03272103]
 [0.         0.51121155 0.         0.16569215 0.         0.
  0.08732157 0.03916738 0.36369036 0.21939976 0.06866575 0.
  0.05912664 0.08070172 0.        ]
 [0.         0.3870055  0.03028426 0.14439289 0.         0.
  0.07918869 0.03156861 0.4546529  0.18266422 0.04767101 0.
  0.05247293 0.01383766 0.03254169]
 [0.09912401 0.04229837 0.19764441 0.         0.         0.
  0.         0.         0.         0.29291293 0.08040186 0.23413958
  0.         0.06739221 0.        ]
 [0.         0.08522589 0.10725414 0.         0.         0.
  0.         0.         0.24415596 0.19783796 0.08749258 0.02197061
  0.         0.01673536 0.        ]
 [0.18194066 0.6295434  0.27078096 0.32476835 0.20887922 0.08718538
  0.36942245 0.16725373 0.31147898 0.30368829 0.08091772 0.
  0.01463769 0.14900968 0.01906661]
 [0.12366215 0.34375745 0.39114198 0.10769817 0.         0.
  0.08277068 0.02410165 0.15126275 0.22661917 0.00698994 0.
  0.         0.03718768 0.        ]
 [0.65017637 0.7786043  0.7443104  0.65474634 0.41704925 0.52861796
  0.3515147  0.29759593 0.30829218 0.48139022 0.         0.
  0.         0.04666167 0.        ]
 [0.58545428 0.58463212 0.46967949 0.34115124 0.36735646 0.46212025
  0.31253683 0.32579945 0.39947967 0.37409135 0.10735885 0.
  0.08382255 0.07387625 0.02538944]
 [1.00059231 0.9719904  1.11202322 0.87132906 0.22638186 0.42562085
  0.4160123  0.17918904 0.29228417 0.30122393 0.10620201 0.07124867
  0.03034153 0.10196941 0.0111324 ]
 [0.90220717 0.83193369 0.45606567 0.65829755 0.76861351 0.79703231
  0.64634149 0.64889856 0.74234519 0.61687713 0.18557658 0.
  0.11094314 0.17026466 0.14870443]
 [0.42094674 0.2655622  0.44672572 0.52875826 0.92361548 1.0187049
  0.58878566 0.79575761 0.17689435 0.27492819 0.13401433 0.39393389
  0.17711419 0.12443013 0.14827532]]

5
----------------------------------------------------------------------------------
[[2.67808895e-02 5.00537627e-02 2.52749932e-01 3.74293488e-02
  0.00000000e+00 0.00000000e+00 2.71617010e-02 0.00000000e+00
  0.00000000e+00 2.99647595e-02 0.00000000e+00 0.00000000e+00
  8.48211046e-03 0.00000000e+00 1.10198573e-01]
 [2.94752509e-02 0.00000000e+00 7.12880933e-02 0.00000000e+00
  3.43608080e-02 0.00000000e+00 6.79103108e-02 0.00000000e+00
  0.00000000e+00 3.29650354e-03 0.00000000e+00 0.00000000e+00
  1.02031003e-01 3.02755576e-02 1.67586346e-02]
 [1.64318445e-01 0.00000000e+00 1.03370155e-01 4.31599888e-02
  1.10081711e-01 1.74727796e-01 7.03969353e-02 0.00000000e+00
  3.34269162e-02 8.74940199e-03 0.00000000e+00 8.53239304e-02
  1.00308487e-01 5.01897946e-02 0.00000000e+00]
 [1.40310115e-02 8.63472080e-02 3.73883529e-01 0.00000000e+00
  0.00000000e+00 4.09651365e-02 8.71024044e-02 0.00000000e+00
  7.27810396e-02 7.10130646e-02 0.00000000e+00 0.00000000e+00
  9.61688069e-02 0.00000000e+00 1.42919964e-01]
 [7.64723913e-02 0.00000000e+00 1.28704855e-01 2.91088362e-02
  9.19083472e-03 2.73165690e-03 5.41315976e-02 0.00000000e+00
  0.00000000e+00 0.00000000e+00 0.00000000e+00 0.00000000e+00
  1.77419871e-01 9.33307435e-03 6.67353026e-02]
 [1.52853054e-01 0.00000000e+00 1.21431594e-03 0.00000000e+00
  1.63940711e-02 1.73052509e-01 9.22439874e-02 0.00000000e+00
  1.79599006e-01 8.18543394e-02 0.00000000e+00 1.75349671e-01
  4.74515583e-02 9.61313870e-02 0.00000000e+00]
 [3.28998582e-02 0.00000000e+00 3.79031636e-02 4.64232356e-04
  1.87148330e-02 0.00000000e+00 4.80492801e-02 0.00000000e+00
  0.00000000e+00 0.00000000e+00 0.00000000e+00 2.07821235e-02
  1.06579377e-01 1.13297321e-01 1.86418648e-02]
 [0.00000000e+00 6.46580805e-02 4.14731495e-01 0.00000000e+00
  0.00000000e+00 7.10104730e-02 1.38499189e-01 0.00000000e+00
  4.07282399e-01 5.95759394e-01 2.20675196e-01 6.02736262e-01
  4.30484462e-01 7.79521880e-02 2.72992973e-01]
 [7.62607130e-02 0.00000000e+00 2.35399257e-01 0.00000000e+00
  0.00000000e+00 8.95909049e-02 1.68702275e-01 2.84159541e-02
  1.40702216e-02 2.88241299e-01 1.36192452e-02 4.48551843e-01
  3.33811872e-01 7.29123596e-02 1.43245659e-01]
 [1.92592643e-01 0.00000000e+00 1.48885809e-01 1.07787727e-01
  3.20300157e-02 2.79029330e-02 0.00000000e+00 0.00000000e+00
  1.58843138e-01 1.78673380e-01 3.59253411e-01 1.29581885e+00
  5.59306526e-01 2.20589456e-01 0.00000000e+00]
 [0.00000000e+00 0.00000000e+00 8.57072301e-02 0.00000000e+00
  0.00000000e+00 5.38350985e-02 8.55379159e-02 0.00000000e+00
  0.00000000e+00 0.00000000e+00 1.73722705e-02 4.12050685e-01
  2.20545002e-01 1.27643121e-01 0.00000000e+00]
 [7.03513717e-02 0.00000000e+00 2.46289153e-01 0.00000000e+00
  0.00000000e+00 1.89074644e-01 4.29005078e-01 1.86079441e-01
  7.87601509e-01 2.47207127e+00 6.23970625e-01 3.64443466e+00
  3.06980184e+00 1.35469684e+00 7.99291168e-01]
 [4.93973605e-02 0.00000000e+00 6.87748257e-02 3.12501801e-02
  0.00000000e+00 4.56534297e-02 1.24021154e-01 1.91660476e-01
  5.04397496e-01 9.51328332e-01 1.63250688e+00 5.07254392e+00
  1.33970566e+00 4.70795034e-01 1.48881626e-01]
 [3.46053324e-02 0.00000000e+00 1.91959111e-01 1.40895048e-02
  0.00000000e+00 2.30469848e-02 1.07550841e-01 1.04299928e-01
  1.60823297e+00 3.68304487e+00 3.70897867e+00 8.96148586e+00
  5.36076229e+00 2.00841926e+00 1.07642134e+00]
 [1.00968461e-01 0.00000000e+00 6.99545861e-02 0.00000000e+00
  0.00000000e+00 3.61239954e-02 1.76302735e-01 7.86991605e-02
  1.56398166e+00 3.52238687e+00 4.74573370e+00 1.00572326e+01
  5.61601657e+00 1.89312641e+00 1.14805592e+00]
 [1.98990311e-01 0.00000000e+00 2.01524713e-02 3.97599436e-02
  1.46771179e-01 1.76108770e-01 2.10791721e-01 3.57366228e-01
  1.75235190e+00 4.58503213e+00 9.24153581e+00 1.25370811e+01
  6.85934075e+00 1.94290705e+00 1.12343405e+00]
 [4.31376445e-02 0.00000000e+00 5.97463976e-02 6.48800678e-02
  0.00000000e+00 3.25495786e-02 1.97675129e-01 1.40442183e-01
  2.06050391e+00 5.80502840e+00 2.88351953e+00 6.50656453e+00
  6.83182587e+00 2.39110958e+00 1.39360585e+00]
 [1.83019624e-01 4.90932214e-01 3.37443179e-01 3.02477422e-01
  3.97019603e-01 1.74203962e-01 1.89769903e-01 5.02121160e-01
  3.01631815e-01 3.21006973e-01 3.65698193e-01 4.03164093e-01
  3.06719488e-01 2.57781344e-01 3.28978451e-01]]

6
----------------------------------------------------------------------------------
[[0.00000000e+00 0.00000000e+00 2.19412216e-01 5.38145173e-02
  2.45982181e-01 1.36609029e-02 1.03183289e-02 0.00000000e+00
  0.00000000e+00 0.00000000e+00 1.31861813e-01 6.05557946e-02
  0.00000000e+00 0.00000000e+00 0.00000000e+00]
 [0.00000000e+00 0.00000000e+00 1.28471068e-01 4.29195344e-02
  7.67903211e-02 5.54173331e-03 1.55500790e-02 0.00000000e+00
  0.00000000e+00 0.00000000e+00 2.58587137e-02 7.06788194e-02
  0.00000000e+00 0.00000000e+00 0.00000000e+00]
 [0.00000000e+00 6.58401390e-02 1.62837647e-01 5.12396342e-02
  0.00000000e+00 7.04559017e-02 0.00000000e+00 5.53044666e-02
  9.00369174e-02 0.00000000e+00 4.29073489e-02 1.41442565e-01
  0.00000000e+00 0.00000000e+00 8.38154474e-02]
 [8.35296540e-02 4.29613822e-02 1.87780017e-01 0.00000000e+00
  1.45256223e-01 1.14584877e-02 3.46397365e-02 0.00000000e+00
  0.00000000e+00 0.00000000e+00 1.35445435e-01 3.50924215e-02
  0.00000000e+00 0.00000000e+00 1.31793806e-02]
 [4.61804204e-02 0.00000000e+00 1.31757399e-01 5.46448818e-03
  5.28252337e-02 0.00000000e+00 3.00975240e-02 0.00000000e+00
  4.03712251e-02 0.00000000e+00 3.07209670e-02 1.84829882e-02
  0.00000000e+00 0.00000000e+00 0.00000000e+00]
 [0.00000000e+00 3.40643840e-02 8.88294498e-02 4.38519218e-02
  0.00000000e+00 0.00000000e+00 5.72717716e-02 3.76045028e-02
  0.00000000e+00 0.00000000e+00 5.37575006e-02 4.38634806e-03
  0.00000000e+00 0.00000000e+00 2.23982595e-02]
 [0.00000000e+00 2.03496210e-02 5.89106711e-02 3.02211869e-02
  2.53546798e-03 1.64384255e-02 5.24951982e-02 1.53737500e-02
  4.39970528e-02 0.00000000e+00 8.36351687e-02 1.93566810e-02
  0.00000000e+00 0.00000000e+00 3.82741901e-02]
 [6.53941710e-02 0.00000000e+00 1.66577600e-01 1.40541179e-02
  9.40693051e-02 0.00000000e+00 1.39489810e-02 0.00000000e+00
  0.00000000e+00 0.00000000e+00 1.64179726e-01 0.00000000e+00
  0.00000000e+00 0.00000000e+00 2.77666339e-02]
 [9.87520576e-02 0.00000000e+00 1.23139319e-01 1.92026867e-02
  0.00000000e+00 0.00000000e+00 0.00000000e+00 0.00000000e+00
  0.00000000e+00 0.00000000e+00 1.20583125e-01 0.00000000e+00
  0.00000000e+00 0.00000000e+00 5.44815602e-02]
 [0.00000000e+00 0.00000000e+00 5.40979195e-02 4.93837148e-02
  8.25198990e-02 0.00000000e+00 6.68247645e-05 1.28417143e-01
  5.27642917e-02 0.00000000e+00 8.82992779e-02 7.45624321e-03
  0.00000000e+00 0.00000000e+00 6.79832183e-02]
 [2.13359234e-02 0.00000000e+00 1.03086662e-01 1.76741267e-02
  0.00000000e+00 0.00000000e+00 0.00000000e+00 0.00000000e+00
  0.00000000e+00 0.00000000e+00 9.91878170e-02 3.05655818e-02
  0.00000000e+00 0.00000000e+00 1.72664896e-02]
 [2.54599632e-01 0.00000000e+00 8.50537456e-02 5.64176397e-02
  1.62415459e-02 1.57859040e-02 2.21255650e-02 0.00000000e+00
  0.00000000e+00 0.00000000e+00 9.46350966e-02 1.24368535e-02
  0.00000000e+00 0.00000000e+00 3.78266068e-02]
 [8.01845912e-02 0.00000000e+00 1.40732727e-01 1.84020224e-02
  0.00000000e+00 0.00000000e+00 2.51263473e-02 3.25417615e-02
  2.28824967e-02 0.00000000e+00 1.35785802e-02 1.60054162e-02
  0.00000000e+00 0.00000000e+00 8.41138309e-02]
 [3.37730809e-01 0.00000000e+00 2.39251623e-01 1.31727314e-01
  1.91959865e-02 2.23681676e-03 1.24726386e-01 5.41150969e-02
  2.75881487e-02 5.15399155e-02 1.69366539e-01 3.51074731e-03
  4.85236584e-02 0.00000000e+00 6.29054982e-03]
 [4.46592848e-01 0.00000000e+00 3.03794817e-01 3.46928903e-01
  8.29306178e-02 4.87471018e-03 1.44812750e-01 1.50926545e-01
  0.00000000e+00 3.34563195e-02 1.47242614e-01 2.00570022e-01
  0.00000000e+00 0.00000000e+00 5.57675616e-03]
 [4.33029913e-01 0.00000000e+00 4.37346591e-01 2.09250420e-01
  5.18993326e-02 0.00000000e+00 1.73332118e-01 9.58341525e-02
  1.46044275e-01 4.47339405e-03 1.06570149e-01 7.06518223e-02
  0.00000000e+00 0.00000000e+00 2.28581979e-02]
 [4.85640218e-01 0.00000000e+00 2.44343598e-01 2.73745906e-01
  3.27315898e-02 0.00000000e+00 1.66003003e-01 7.60755482e-02
  0.00000000e+00 6.21830060e-03 1.35804460e-01 7.49535800e-02
  0.00000000e+00 0.00000000e+00 5.76088721e-02]
 [4.25404381e-01 4.17733714e-01 3.86540034e-01 1.45262131e-01
  1.79636480e-01 4.22740366e-01 1.61261023e-01 1.78046100e-01
  2.82365999e-01 4.16194742e-01 8.72591309e-02 1.39133749e-01
  4.60655750e-01 1.95740698e-01 1.99807273e-01]]

6
----------------------------------------------------------------------------------
[[0.         0.17671242 0.01454477 0.09351519 0.08617002]
 [0.00227435 0.0528706  0.03965045 0.         0.        ]
 [0.         0.01645863 0.07713401 0.01612869 0.0045408 ]
 [0.         0.15083811 0.05818679 0.13207794 0.11087279]
 [0.         0.09087301 0.01291375 0.00560144 0.01792044]
 [0.00168083 0.         0.06746299 0.07567355 0.06583222]
 [0.         0.         0.         0.00050168 0.01045511]
 [0.         0.03021926 0.08699625 0.13621739 0.20314821]
 [0.         0.01166214 0.04264752 0.04788344 0.09521714]
 [0.         0.02443119 0.20551676 0.18769842 0.17144089]
 [0.0139879  0.         0.09384732 0.         0.        ]
 [0.         0.         0.02977512 0.0604737  0.11360652]
 [0.         0.00274162 0.06561412 0.         0.        ]
 [0.         0.         0.03852348 0.0678159  0.08795936]
 [0.         0.         0.06339438 0.06945576 0.05597717]
 [0.         0.00278821 0.05780434 0.10065631 0.04625195]
 [0.         0.01816301 0.08641545 0.06994358 0.09227264]
 [0.2924163  0.3332102  0.15448772 0.14655849 0.30042515]]