

1
----------------------------------------------------------------------------------
[[5.39122668e-02 2.47192284e-02 0.00000000e+00 0.00000000e+00
  0.00000000e+00 7.18011831e-03 0.00000000e+00 9.49239006e-02
  0.00000000e+00 1.14186883e-01 0.00000000e+00 0.00000000e+00
  6.16961598e-02 1.42373908e-01 0.00000000e+00]
 [2.99218955e-02 0.00000000e+00 3.44217489e-02 0.00000000e+00
  0.00000000e+00 4.45306406e-02 2.11219049e-01 2.98984175e-02
  0.00000000e+00 7.18823825e-02 0.00000000e+00 0.00000000e+00
  6.91792490e-03 6.92501046e-02 1.26334722e-01]
 [0.00000000e+00 3.96600951e-03 2.45016370e-02 0.00000000e+00
  1.72023605e-02 1.04851702e-01 5.36910144e-02 4.43765954e-02
  0.00000000e+00 9.86088897e-02 8.25365910e-02 0.00000000e+00
  0.00000000e+00 5.76476388e-03 0.00000000e+00]
 [2.22738824e-02 4.81708568e-02 0.00000000e+00 3.06718145e-02
  0.00000000e+00 0.00000000e+00 0.00000000e+00 1.39558534e-01
  2.54490457e-02 9.67615827e-02 0.00000000e+00 0.00000000e+00
  8.58020590e-02 9.44242630e-02 0.00000000e+00]
 [7.60328449e-03 2.34773945e-02 1.33371870e-03 0.00000000e+00
  0.00000000e+00 2.86311523e-02 7.51145391e-02 9.70439441e-02
  0.00000000e+00 3.12974374e-02 0.00000000e+00 0.00000000e+00
  9.18918664e-02 8.24789930e-02 0.00000000e+00]
 [0.00000000e+00 7.17042724e-02 6.86421699e-02 0.00000000e+00
  7.71231516e-02 5.43379741e-02 0.00000000e+00 6.41289260e-02
  0.00000000e+00 1.73717933e-01 0.00000000e+00 0.00000000e+00
  2.79803050e-02 1.05049588e-02 0.00000000e+00]
 [0.00000000e+00 0.00000000e+00 3.47453958e-02 0.00000000e+00
  1.36425747e-02 6.11699675e-02 3.44187676e-02 6.75507795e-02
  0.00000000e+00 7.18699513e-02 0.00000000e+00 2.90269871e-03
  0.00000000e+00 2.65744861e-02 0.00000000e+00]
 [7.95707628e-02 2.41696593e-02 2.31416378e-02 0.00000000e+00
  0.00000000e+00 0.00000000e+00 3.00924194e-02 1.42662113e-01
  0.00000000e+00 7.95856776e-03 1.06062668e-01 0.00000000e+00
  7.98843609e-02 1.72054651e-01 5.23604510e-02]
 [0.00000000e+00 4.52933744e-02 0.00000000e+00 1.41312729e-02
  1.64556917e-02 0.00000000e+00 0.00000000e+00 1.70985309e-01
  5.83784760e-03 0.00000000e+00 0.00000000e+00 0.00000000e+00
  2.74756340e-02 7.75882575e-02 0.00000000e+00]
 [0.00000000e+00 5.78245047e-02 1.24193506e-01 0.00000000e+00
  9.92437159e-02 8.60131696e-02 5.65113045e-02 9.99692239e-02
  0.00000000e+00 1.68828458e-01 3.66371738e-02 1.37111877e-01
  2.60879729e-01 8.27820154e-02 1.44872458e-01]
 [0.00000000e+00 6.35563404e-03 2.76050675e-02 0.00000000e+00
  1.44459319e-01 0.00000000e+00 0.00000000e+00 6.96087615e-02
  0.00000000e+00 1.97471038e-02 0.00000000e+00 0.00000000e+00
  5.81842009e-02 3.74556862e-02 0.00000000e+00]
 [0.00000000e+00 3.51398186e-02 0.00000000e+00 1.59175896e-02
  0.00000000e+00 0.00000000e+00 0.00000000e+00 2.03740343e-01
  0.00000000e+00 2.77140745e-02 0.00000000e+00 0.00000000e+00
  4.97715269e-02 1.41113006e-01 0.00000000e+00]
 [0.00000000e+00 8.19753342e-03 6.72196808e-03 0.00000000e+00
  8.11862807e-02 2.52579579e-02 0.00000000e+00 4.37012352e-02
  0.00000000e+00 6.40939293e-02 0.00000000e+00 0.00000000e+00
  9.00362868e-02 4.83693977e-02 0.00000000e+00]
 [0.00000000e+00 6.31848356e-04 1.97281561e-02 0.00000000e+00
  9.46035962e-02 4.27882742e-02 5.05254817e-02 1.02048075e-02
  0.00000000e+00 1.32798266e-02 0.00000000e+00 4.16499053e-02
  1.51810679e-02 4.47127194e-02 1.39071314e+00]
 [0.00000000e+00 7.93661555e-03 0.00000000e+00 0.00000000e+00
  3.65119168e-02 7.10349754e-02 7.10431531e-02 1.33928281e-02
  0.00000000e+00 4.26728753e-03 0.00000000e+00 1.11139167e-01
  4.15901461e-02 5.47251834e-02 4.56630613e-01]
 [0.00000000e+00 5.20307822e-02 4.54441423e-02 0.00000000e+00
  0.00000000e+00 1.23199447e-02 1.78204520e-01 0.00000000e+00
  0.00000000e+00 6.31224756e-02 7.21626142e-02 1.13417107e-01
  7.19445894e-02 1.87673989e-01 2.16793450e+00]
 [0.00000000e+00 0.00000000e+00 5.73208282e-02 0.00000000e+00
  1.49729482e-02 0.00000000e+00 1.68514725e-01 0.00000000e+00
  0.00000000e+00 0.00000000e+00 7.44809243e-02 1.98144099e-01
  9.07575314e-02 2.00375605e-01 5.01889642e-01]
 [4.08440938e-01 2.17636539e-01 1.28141781e-01 3.77720627e-01
  2.41580729e-01 3.74503821e-01 3.13804096e-01 1.20456885e-01
  3.11988913e-01 1.98343282e-01 2.01677464e-01 3.19755163e-01
  1.26007171e-01 8.03778338e-02 2.90314318e-01]]

2
----------------------------------------------------------------------------------
[[0.00000000e+00 2.43547347e-01 0.00000000e+00 1.32027629e-01
  0.00000000e+00 2.41649764e-02 2.73042810e-02 5.90832173e-02
  0.00000000e+00 1.07328619e-02 1.75328844e-01 0.00000000e+00
  1.03994990e-01 1.67914237e-01 0.00000000e+00]
 [0.00000000e+00 5.26668248e-02 0.00000000e+00 5.44186871e-03
  0.00000000e+00 0.00000000e+00 1.11979309e-01 4.66296925e-02
  3.59161555e-02 1.01131059e-01 1.60602137e-01 2.16159277e-02
  5.54926346e-02 1.59226584e-01 4.93760988e-02]
 [0.00000000e+00 0.00000000e+00 0.00000000e+00 2.16303996e-02
  8.06773787e-03 0.00000000e+00 1.67005708e-01 6.59077384e-02
  0.00000000e+00 2.03408341e-01 0.00000000e+00 0.00000000e+00
  0.00000000e+00 1.40656574e-01 0.00000000e+00]
 [0.00000000e+00 8.36661794e-02 0.00000000e+00 7.36870913e-02
  0.00000000e+00 2.61928889e-02 2.60174321e-03 8.42622624e-02
  0.00000000e+00 4.04302800e-02 8.95402697e-02 0.00000000e+00
  0.00000000e+00 1.54761267e-01 0.00000000e+00]
 [0.00000000e+00 4.32588396e-03 0.00000000e+00 0.00000000e+00
  0.00000000e+00 0.00000000e+00 5.17484441e-02 5.37238789e-02
  6.88682549e-02 6.72472679e-02 7.91544694e-02 0.00000000e+00
  2.61091827e-03 9.52870542e-02 0.00000000e+00]
 [0.00000000e+00 0.00000000e+00 0.00000000e+00 5.06632585e-02
  1.34961397e-02 8.76414355e-03 1.37525183e-01 3.29398687e-02
  0.00000000e+00 1.79158817e-01 0.00000000e+00 3.61179242e-02
  0.00000000e+00 1.48199411e-01 0.00000000e+00]
 [0.00000000e+00 1.38434235e-02 0.00000000e+00 0.00000000e+00
  5.66408453e-03 0.00000000e+00 0.00000000e+00 0.00000000e+00
  0.00000000e+00 1.94043262e-01 3.56187372e-02 0.00000000e+00
  0.00000000e+00 9.72983022e-02 0.00000000e+00]
 [0.00000000e+00 0.00000000e+00 0.00000000e+00 2.42528307e-01
  2.85842631e-01 0.00000000e+00 0.00000000e+00 1.20848961e-01
  0.00000000e+00 1.23889588e-01 4.72142617e-02 0.00000000e+00
  0.00000000e+00 0.00000000e+00 2.16736940e-03]
 [0.00000000e+00 0.00000000e+00 0.00000000e+00 2.45937632e-01
  2.24102872e-01 1.06234381e-02 0.00000000e+00 5.35379139e-04
  0.00000000e+00 3.52564355e-01 0.00000000e+00 0.00000000e+00
  0.00000000e+00 0.00000000e+00 0.00000000e+00]
 [2.70013167e-01 0.00000000e+00 4.42115107e-02 2.39767583e-02
  3.53962207e-02 1.10794180e-01 1.57849415e-01 5.30541143e-02
  5.81068368e-02 1.50604962e-01 3.48249593e-02 3.53570213e-03
  0.00000000e+00 1.00852364e-01 0.00000000e+00]
 [0.00000000e+00 0.00000000e+00 0.00000000e+00 2.25720118e-01
  6.78946452e-02 3.99686604e-02 9.72883717e-02 0.00000000e+00
  4.94586859e-02 2.21859901e-01 0.00000000e+00 0.00000000e+00
  0.00000000e+00 6.00942980e-04 0.00000000e+00]
 [2.66118308e-01 1.79326063e-01 1.13626935e-02 3.46900405e-01
  1.87772837e-01 0.00000000e+00 4.99256401e-02 8.29581326e-03
  0.00000000e+00 2.91283224e-01 0.00000000e+00 0.00000000e+00
  0.00000000e+00 0.00000000e+00 0.00000000e+00]
 [3.10063207e-01 9.98438402e-03 5.10173711e-02 2.71212638e-01
  1.16897191e-01 4.58177091e-02 1.22570911e-01 9.31768097e-02
  7.02391366e-02 1.37828232e-01 4.66704757e-02 3.38596942e-02
  0.00000000e+00 0.00000000e+00 0.00000000e+00]
 [3.20886484e+00 2.47523740e+00 2.50043478e+00 1.30286328e+00
  1.03060444e+00 6.90554244e-01 3.14583056e-01 4.50253460e-01
  2.90429495e-01 1.35830948e-01 6.68866952e-02 7.38971828e-02
  2.56262447e-02 0.00000000e+00 0.00000000e+00]
 [2.26562438e+00 1.70972387e+00 1.42199469e+00 7.24072038e-01
  8.93204881e-01 5.40856444e-01 2.37334083e-01 4.21261561e-01
  1.49851039e-01 2.30739013e-01 1.45435118e-01 9.09427323e-02
  1.43659710e-03 7.15899813e-03 0.00000000e+00]
 [3.74136194e+00 1.99060168e+00 1.80002226e+00 1.04732968e+00
  7.75834161e-01 5.74524278e-01 2.20424961e-01 3.89348861e-01
  1.57803292e-01 3.15391853e-01 1.15358645e-01 8.24840591e-02
  0.00000000e+00 2.97755649e-02 0.00000000e+00]
 [3.18526215e+00 2.96773003e+00 1.63825282e+00 6.92648328e-01
  8.30879557e-01 3.28416981e-01 3.90660032e-01 2.77472648e-01
  1.71949939e-01 0.00000000e+00 5.92146336e-02 1.19534587e-01
  2.19701202e-02 0.00000000e+00 0.00000000e+00]
 [3.49158711e-01 4.13241945e-01 2.84490667e-01 3.42642450e-01
  2.41276456e-01 2.55297503e-01 2.07352411e-01 1.37489902e-01
  2.51828257e-01 2.84453848e-01 3.46715341e-01 3.06099840e-01
  8.59002950e-01 3.56992762e-01 4.40003164e-01]]

3
----------------------------------------------------------------------------------
[[1.09585701e-02 3.35899455e-02 1.14309645e-02 0.00000000e+00
  9.26485410e-02 1.19931308e-01 1.36800285e-01 3.80583151e-02
  1.12922054e-01 1.15212316e-01 9.75980533e-03 0.00000000e+00
  0.00000000e+00 0.00000000e+00 1.34138864e-01]
 [1.48561584e-01 6.11011944e-02 1.34865045e-01 0.00000000e+00
  1.27871250e-01 1.16205233e-01 1.65657531e-01 4.47612369e-03
  4.72143897e-02 9.04909983e-02 1.00425310e-02 0.00000000e+00
  0.00000000e+00 0.00000000e+00 0.00000000e+00]
 [0.00000000e+00 2.38327605e-02 0.00000000e+00 1.04329398e-01
  1.10279124e-01 9.21020382e-02 1.44696882e-01 4.85507126e-02
  0.00000000e+00 1.70276074e-02 3.22691967e-02 0.00000000e+00
  0.00000000e+00 0.00000000e+00 0.00000000e+00]
 [0.00000000e+00 8.06951285e-02 0.00000000e+00 0.00000000e+00
  6.47105605e-02 4.61699572e-02 6.48671892e-02 0.00000000e+00
  7.15480157e-02 9.09181004e-02 6.62596195e-03 0.00000000e+00
  0.00000000e+00 0.00000000e+00 1.39751851e-02]
 [0.00000000e+00 3.52288672e-02 4.80625338e-02 3.61132833e-03
  4.70547468e-02 5.85315174e-02 6.95389219e-02 0.00000000e+00
  3.04956161e-02 1.04633615e-01 1.83140810e-02 2.10466970e-02
  0.00000000e+00 0.00000000e+00 0.00000000e+00]
 [0.00000000e+00 0.00000000e+00 1.24222714e-02 8.18718582e-02
  7.73448163e-02 9.65282927e-02 9.66231145e-02 1.88071062e-02
  0.00000000e+00 5.28245463e-02 0.00000000e+00 0.00000000e+00
  0.00000000e+00 0.00000000e+00 3.54297820e-02]
 [7.73287110e-03 1.09205695e-02 6.99011695e-03 4.35259090e-02
  7.58461984e-02 7.22521180e-02 8.54959652e-02 0.00000000e+00
  1.05433127e-03 9.19604208e-02 3.93512996e-02 0.00000000e+00
  0.00000000e+00 0.00000000e+00 0.00000000e+00]
 [0.00000000e+00 1.03154972e-01 1.16806209e-02 9.18313076e-02
  5.47160775e-02 1.79260907e-02 4.53608337e-02 6.61020366e-02
  3.75978286e-02 3.18050352e-01 0.00000000e+00 1.60142832e-02
  6.06706369e-01 5.94629364e-01 2.64193591e-02]
 [0.00000000e+00 1.22416710e-02 0.00000000e+00 0.00000000e+00
  0.00000000e+00 0.00000000e+00 6.96151315e-02 2.53823953e-02
  2.65763199e-02 1.31376775e-01 0.00000000e+00 0.00000000e+00
  0.00000000e+00 2.47144369e-01 0.00000000e+00]
 [0.00000000e+00 5.78941907e-02 2.93578431e-02 1.25956551e-01
  6.75420850e-02 5.92770963e-02 5.06593854e-02 0.00000000e+00
  8.43656295e-03 2.20870889e-01 6.00090845e-03 3.66370372e-01
  8.94063038e-01 1.10907840e+00 1.93501052e-01]
 [6.65939120e-02 6.44932818e-02 0.00000000e+00 6.28736564e-02
  3.83130530e-02 4.93291219e-02 3.57904303e-02 1.50853775e-02
  0.00000000e+00 2.08892125e-02 0.00000000e+00 0.00000000e+00
  0.00000000e+00 1.07654241e-01 0.00000000e+00]
 [0.00000000e+00 0.00000000e+00 0.00000000e+00 8.87235492e-03
  2.94227388e-02 1.05369688e-02 5.13247915e-02 0.00000000e+00
  5.36347894e-02 1.29841878e-01 0.00000000e+00 0.00000000e+00
  1.05787752e+00 2.26382874e+00 2.47703536e-01]
 [0.00000000e+00 6.60817569e-02 0.00000000e+00 9.73085435e-02
  8.42532737e-02 4.10541292e-02 0.00000000e+00 0.00000000e+00
  6.30366358e-02 5.12245225e-02 1.09053339e-02 1.13240924e-01
  1.37867493e+00 1.74897806e+00 7.25822448e-01]
 [0.00000000e+00 7.35272070e-02 0.00000000e+00 6.86784351e-02
  9.03609121e-02 1.00322048e-01 2.11739800e-02 0.00000000e+00
  8.93744017e-02 4.15341720e-02 1.40491288e-01 7.80253120e-01
  5.86923902e+00 7.89532883e+00 2.47808191e+00]
 [0.00000000e+00 5.64690804e-02 0.00000000e+00 2.65116653e-02
  7.11803463e-02 7.55944223e-02 6.73801257e-02 0.00000000e+00
  9.46506524e-02 1.92013360e-02 4.32569415e-02 3.79395808e-01
  4.29438181e+00 7.11312066e+00 3.50566916e+00]
 [0.00000000e+00 3.66329195e-02 0.00000000e+00 1.27314559e-01
  7.89691411e-02 4.16531437e-02 6.94248695e-02 0.00000000e+00
  5.08063162e-02 9.06692433e-03 5.16301341e-02 8.86286085e-01
  7.27302834e+00 1.73157003e+01 3.67148863e+00]
 [0.00000000e+00 4.99497304e-02 0.00000000e+00 0.00000000e+00
  4.38424383e-02 8.17232554e-02 1.00200328e-01 5.32844952e-02
  1.23892570e-01 7.99274931e-02 1.69799696e-01 1.64849710e-02
  2.86695225e+00 7.68622070e+00 4.52374886e+00]
 [3.12751259e-01 1.86807993e-01 4.41936923e-01 1.94069219e-01
  1.02971734e-01 7.67586556e-02 1.59895231e-01 2.79089027e-01
  1.56057283e-01 2.47083512e-01 1.67658856e-01 2.31716276e-01
  4.62465663e-01 3.15750908e-01 1.99695074e-01]]

4
----------------------------------------------------------------------------------
[[4.99917936e-02 0.00000000e+00 0.00000000e+00 0.00000000e+00
  0.00000000e+00 1.86682822e-02 0.00000000e+00 1.98401248e-02
  4.24343462e-02 0.00000000e+00 0.00000000e+00 0.00000000e+00
  5.48755058e-02 2.44457396e-02 1.13293337e-01]
 [0.00000000e+00 6.60268368e-02 0.00000000e+00 0.00000000e+00
  0.00000000e+00 3.23663447e-02 0.00000000e+00 7.76081590e-02
  1.21814368e-01 0.00000000e+00 0.00000000e+00 2.68367638e-02
  3.62057823e-02 0.00000000e+00 6.55419012e-02]
 [0.00000000e+00 7.28983401e-02 0.00000000e+00 0.00000000e+00
  0.00000000e+00 5.74421400e-02 0.00000000e+00 1.67131868e-01
  1.09761462e-02 0.00000000e+00 0.00000000e+00 7.09200663e-02
  7.26223150e-03 0.00000000e+00 0.00000000e+00]
 [4.79507042e-02 0.00000000e+00 0.00000000e+00 0.00000000e+00
  0.00000000e+00 2.60481849e-02 0.00000000e+00 0.00000000e+00
  4.80673032e-02 0.00000000e+00 0.00000000e+00 1.78907588e-02
  1.43000326e-03 0.00000000e+00 5.59256427e-02]
 [0.00000000e+00 1.18313315e-02 0.00000000e+00 0.00000000e+00
  0.00000000e+00 0.00000000e+00 1.68307174e-02 0.00000000e+00
  5.98385973e-02 0.00000000e+00 0.00000000e+00 0.00000000e+00
  2.32223590e-02 0.00000000e+00 4.81714339e-04]
 [0.00000000e+00 0.00000000e+00 6.05466998e-02 0.00000000e+00
  0.00000000e+00 0.00000000e+00 0.00000000e+00 1.17044166e-01
  4.61876172e-02 0.00000000e+00 0.00000000e+00 9.24717263e-02
  0.00000000e+00 0.00000000e+00 3.15202138e-02]
 [0.00000000e+00 0.00000000e+00 0.00000000e+00 0.00000000e+00
  0.00000000e+00 0.00000000e+00 2.53628330e-02 6.73141641e-02
  4.40106764e-02 0.00000000e+00 5.26733567e-03 0.00000000e+00
  0.00000000e+00 0.00000000e+00 0.00000000e+00]
 [0.00000000e+00 0.00000000e+00 0.00000000e+00 5.16540430e-02
  4.86669526e-02 9.37207412e-02 0.00000000e+00 0.00000000e+00
  5.07873151e-02 0.00000000e+00 0.00000000e+00 4.08489989e-01
  7.39588753e-02 1.67260063e-01 2.20468793e-01]
 [0.00000000e+00 0.00000000e+00 0.00000000e+00 1.69730141e-02
  0.00000000e+00 0.00000000e+00 0.00000000e+00 0.00000000e+00
  5.72565664e-03 0.00000000e+00 5.86034165e-02 4.46109283e-01
  0.00000000e+00 4.22675693e-03 6.95079289e-02]
 [2.28099774e-02 2.49481964e-01 8.31289043e-02 2.10166025e-01
  0.00000000e+00 0.00000000e+00 0.00000000e+00 3.14689031e-01
  6.17933243e-02 0.00000000e+00 0.00000000e+00 1.66149632e-01
  7.07393224e-02 7.86645697e-02 1.22419365e-01]
 [0.00000000e+00 0.00000000e+00 0.00000000e+00 0.00000000e+00
  0.00000000e+00 4.22776173e-02 0.00000000e+00 0.00000000e+00
  0.00000000e+00 0.00000000e+00 2.19510189e-01 4.44891989e-01
  0.00000000e+00 0.00000000e+00 0.00000000e+00]
 [0.00000000e+00 0.00000000e+00 0.00000000e+00 6.22334297e-02
  3.12558826e-02 1.94792647e-02 0.00000000e+00 0.00000000e+00
  1.64946515e-01 0.00000000e+00 1.25726863e-01 4.69622512e-01
  0.00000000e+00 1.27821164e-02 6.32171451e-02]
 [0.00000000e+00 0.00000000e+00 0.00000000e+00 0.00000000e+00
  1.15119588e-02 5.90724527e-02 0.00000000e+00 2.73075335e-02
  2.12790012e-02 0.00000000e+00 1.55827893e-01 4.23980552e-01
  0.00000000e+00 0.00000000e+00 2.52633595e-02]
 [3.07446083e-01 8.89398024e-02 1.87038658e-01 5.15687849e-02
  1.15369313e-01 8.22114042e-03 0.00000000e+00 6.25121549e-03
  5.39460228e-02 0.00000000e+00 2.84241232e-02 0.00000000e+00
  0.00000000e+00 0.00000000e+00 5.61582406e-02]
 [8.64031248e-02 3.39515306e-02 2.57997388e-01 4.52043149e-02
  9.14576007e-02 0.00000000e+00 0.00000000e+00 0.00000000e+00
  5.50550496e-02 4.17441420e-02 2.85472461e-02 0.00000000e+00
  0.00000000e+00 1.91688752e-02 1.63319503e-01]
 [1.68891357e-01 1.50532583e-02 2.31794759e-01 5.77581511e-02
  0.00000000e+00 6.34243905e-02 1.94287550e-02 3.31370617e-02
  3.76194930e-02 0.00000000e+00 1.10072087e-01 1.95950993e-03
  3.66271591e-02 1.79515196e-02 1.77346746e-01]
 [5.59366716e-01 1.57354932e-01 1.81999310e-02 4.55982758e-02
  1.23761177e-01 1.26008303e-01 0.00000000e+00 0.00000000e+00
  7.24984419e-02 0.00000000e+00 1.21593926e-01 1.30324657e-01
  0.00000000e+00 5.75107290e-02 1.74413527e-01]
 [3.27580600e-01 2.88649784e-01 5.91252121e-01 2.69733560e-01
  4.23085626e-01 2.69969993e-01 4.11248743e-01 3.34883342e-01
  1.24890816e-01 3.26306205e-01 3.27051754e-01 1.45340758e-01
  2.32330067e-01 1.41606321e-01 9.73428991e-02]]

5
----------------------------------------------------------------------------------
[[0.01694954 0.03543451 0.         0.07590457 0.         0.
  0.         0.         0.10953691 0.13851768 0.         0.
  0.0720288  0.13364658 0.01436699]
 [0.         0.0312881  0.         0.         0.03578674 0.01952685
  0.         0.         0.15009212 0.19601924 0.         0.
  0.         0.03679897 0.        ]
 [0.         0.00087151 0.06147786 0.01042289 0.01656543 0.01065521
  0.         0.         0.3253501  0.17571736 0.         0.
  0.         0.         0.        ]
 [0.05047097 0.00636825 0.         0.07330239 0.         0.
  0.         0.         0.12869324 0.06669457 0.         0.
  0.02620622 0.03469216 0.01082304]
 [0.         0.         0.         0.0897697  0.01214165 0.
  0.         0.         0.14704094 0.0935453  0.         0.
  0.         0.         0.00295681]
 [0.         0.         0.03030154 0.         0.03300442 0.
  0.         0.         0.22259126 0.11223536 0.         0.04112121
  0.         0.01197738 0.        ]
 [0.00367567 0.         0.         0.00815279 0.04785187 0.
  0.         0.         0.17594072 0.13641593 0.         0.
  0.         0.07358002 0.        ]
 [0.10851434 0.0272629  0.         0.14613158 0.         0.06429667
  0.06968575 0.06592814 0.2674725  0.01240423 0.         0.10088111
  0.2007049  0.02240498 0.1342109 ]
 [0.11539326 0.00608422 0.         0.11216307 0.         0.
  0.         0.         0.0885954  0.10677722 0.         0.
  0.04600214 0.03709448 0.02921457]
 [0.08641669 0.17559952 0.14104575 0.         0.         0.
  0.         0.         0.32069116 0.13034311 0.         0.03610371
  0.13110625 0.14504132 0.00986319]
 [0.07776848 0.         0.04211118 0.         0.00415829 0.
  0.         0.         0.21180797 0.09055752 0.         0.
  0.         0.01381186 0.        ]
 [0.04750286 0.07669374 0.         0.14598357 0.         0.
  0.         0.         0.12443267 0.05582548 0.         0.01139302
  0.04611028 0.05936586 0.02128   ]
 [0.06236225 0.         0.02712599 0.         0.0092639  0.
  0.         0.         0.16101187 0.06724893 0.         0.06491644
  0.         0.04530344 0.        ]
 [0.00339913 0.0128509  0.00437338 0.         0.         0.
  0.00964688 0.         0.0369846  0.01462879 0.         0.11177565
  0.02358958 0.04114074 0.        ]
 [0.         0.06566479 0.11561468 0.03366625 0.         0.03309877
  0.02358127 0.         0.13729208 0.         0.11177077 0.13259259
  0.02280536 0.10352684 0.        ]
 [0.03844566 0.11938018 0.12250052 0.00701297 0.03886249 0.
  0.         0.         0.15479975 0.08475631 0.14464566 0.1586754
  0.06897155 0.08552873 0.00298534]
 [0.08335915 0.12852365 0.06525401 0.08739888 0.06412585 0.05193202
  0.08225217 0.         0.11825087 0.02375746 0.12179407 0.15568856
  0.10409825 0.09029132 0.        ]
 [0.19041274 0.24589399 0.32137214 0.26040122 0.2480933  0.26450233
  0.21454255 0.63102218 0.19561946 0.1843952  0.30820998 0.19873066
  0.32341349 0.10742066 0.21986573]]

6
----------------------------------------------------------------------------------
[[0.13627086 0.07294691 0.         0.03785091 0.         0.
  0.02425952 0.10754288 0.03044576 0.         0.03795392 0.06993592
  0.0122689  0.         0.        ]
 [0.11130584 0.0446783  0.         0.         0.         0.
  0.06264085 0.         0.02779059 0.         0.         0.0197071
  0.         0.         0.        ]
 [0.12885785 0.07097369 0.         0.         0.         0.
  0.10430235 0.         0.         0.         0.06891565 0.01981554
  0.         0.         0.        ]
 [0.07246902 0.03107874 0.         0.08545602 0.         0.
  0.         0.         0.01384705 0.         0.07772366 0.
  0.         0.         0.        ]
 [0.05887989 0.08191277 0.         0.0262863  0.         0.
  0.01423815 0.         0.02267115 0.         0.07798393 0.
  0.         0.         0.00329485]
 [0.05148487 0.         0.         0.         0.         0.
  0.01853489 0.         0.02204555 0.         0.04514108 0.
  0.         0.         0.        ]
 [0.05785963 0.05941142 0.         0.         0.         0.
  0.         0.         0.04370239 0.         0.07419297 0.
  0.         0.         0.00078673]
 [0.10993549 0.00210009 0.         0.13596512 0.         0.
  0.         0.21235619 0.07192336 0.15694067 0.03483778 0.08158566
  0.         0.00497425 0.063882  ]
 [0.00951271 0.00056445 0.         0.01526373 0.         0.
  0.02518494 0.01027635 0.00976347 0.04463254 0.05311332 0.
  0.         0.         0.05082606]
 [0.07994397 0.00619356 0.         0.         0.         0.03093856
  0.02287726 0.01136431 0.         0.08891086 0.09268491 0.04831548
  0.         0.         0.06632206]
 [0.10991045 0.00386853 0.         0.         0.         0.
  0.         0.         0.         0.         0.02973458 0.
  0.         0.         0.        ]
 [0.0396601  0.         0.         0.         0.         0.
  0.01344448 0.         0.01691365 0.03601243 0.         0.
  0.         0.         0.04982078]
 [0.07193241 0.         0.         0.         0.         0.
  0.01575681 0.         0.         0.         0.06685348 0.
  0.         0.         0.        ]
 [0.05490774 0.07521168 0.         0.         0.03270697 0.
  0.         0.         0.06280975 0.         0.         0.
  0.         0.         0.00618775]
 [0.1045953  0.03569864 0.01851359 0.         0.02052367 0.00990104
  0.         0.04558771 0.09865736 0.         0.         0.
  0.         0.00760128 0.02171723]
 [0.05457646 0.051643   0.         0.07261405 0.01329272 0.05292752
  0.         0.12854969 0.1018906  0.01718797 0.         0.
  0.         0.         0.02835386]
 [0.18080769 0.11313483 0.00981945 0.11011597 0.         0.
  0.         0.         0.05707391 0.16988833 0.         0.
  0.         0.         0.04043884]
 [0.08003528 0.32169002 0.35837569 0.21441966 0.27176444 0.29574013
  0.34812719 0.2403686  0.20330775 0.23646247 0.53438385 0.20161789
  0.27709656 0.23220205 0.2765283 ]]

6
----------------------------------------------------------------------------------
[[0.08055675 0.12433501 0.02875514 0.07634116 0.02529066 0.37946973]
 [0.07119783 0.12849824 0.         0.09315247 0.02636001 0.        ]
 [0.10660904 0.02047624 0.         0.08117908 0.17251682 0.01334214]
 [0.02023543 0.07112307 0.04992013 0.02009715 0.         0.46098943]
 [0.01766523 0.09511153 0.01912424 0.11335828 0.         0.11284971]
 [0.10876305 0.01637706 0.         0.         0.12836369 0.0837375 ]
 [0.0577176  0.09067516 0.         0.0720503  0.06560255 0.        ]
 [0.10200256 0.         0.19082951 0.08598243 0.08093637 0.85691512]
 [0.04358997 0.06725691 0.05185496 0.06051507 0.         0.26327903]
 [0.08055813 0.         0.         0.11563309 0.1953191  0.        ]
 [0.10012239 0.02742567 0.         0.06860826 0.0987644  0.        ]
 [0.04060657 0.09325364 0.06324216 0.06794685 0.00872511 0.38927521]
 [0.09912036 0.0176315  0.         0.04770568 0.1628379  0.0074326 ]
 [0.07103309 0.07872713 0.02631427 0.12653697 0.22164035 0.06156143]
 [0.0693065  0.05448464 0.         0.20296736 0.12607876 0.12348318]
 [0.16825385 0.04931404 0.         0.07363515 0.19847099 0.22310537]
 [0.03513866 0.21496657 0.04442026 0.21255675 0.10293094 0.38403199]
 [0.22572657 0.24096029 0.25583033 0.3516498  0.16954881 0.45122999]]