

1
----------------------------------------------------------------------------------
[[0.         0.13421123 0.         0.         0.         0.0721756
  0.         0.         0.06551106 0.12735317 0.06103675 0.
  0.13322083 0.05161198 0.        ]
 [0.         0.08575642 0.         0.         0.         0.07622084
  0.         0.         0.06877501 0.12910375 0.01689547 0.01869135
  0.19845745 0.         0.        ]
 [0.01378034 0.19642969 0.         0.         0.         0.10957821
  0.         0.         0.         0.20197993 0.10453664 0.04695918
  0.12627937 0.         0.        ]
 [0.         0.13849262 0.         0.         0.         0.
  0.         0.         0.03537516 0.05791821 0.06167874 0.
  0.1092215  0.09160756 0.        ]
 [0.         0.06360367 0.         0.         0.         0.
  0.         0.         0.04688637 0.09442796 0.03015082 0.00229211
  0.11419671 0.07723497 0.        ]
 [0.05621447 0.10762282 0.         0.         0.         0.05192333
  0.         0.04004917 0.         0.15198924 0.08649995 0.05888211
  0.         0.00348939 0.        ]
 [0.01664716 0.08536666 0.         0.         0.         0.01794482
  0.         0.         0.03964696 0.11328471 0.01725153 0.01072174
  0.06913489 0.         0.        ]
 [0.         0.15839818 0.         0.         0.01485236 0.0828194
  0.09706684 0.03428261 0.12430237 0.         0.06853991 0.0112437
  0.05397443 0.05745508 0.00728915]
 [0.         0.08166164 0.         0.         0.         0.
  0.         0.00553227 0.         0.         0.03938737 0.
  0.05320567 0.01367669 0.04637306]
 [0.03288267 0.06915189 0.         0.         0.         0.12453426
  0.00222219 0.03750283 0.         0.10164589 0.04278104 0.05540993
  0.         0.         0.        ]
 [0.07280281 0.09577058 0.0096109  0.         0.         0.
  0.         0.05362396 0.         0.09893776 0.05384548 0.
  0.         0.         0.        ]
 [0.         0.05502087 0.         0.         0.         0.03189608
  0.         0.         0.         0.         0.01911504 0.08292009
  0.01526577 0.         0.        ]
 [0.05384659 0.02544814 0.         0.         0.         0.04712135
  0.         0.         0.         0.15822    0.03784255 0.04996771
  0.         0.         0.        ]
 [0.04419756 0.         0.         0.         0.01551266 0.
  0.         0.05237116 0.         0.         0.03816945 0.00742427
  0.         0.         0.        ]
 [0.         0.         0.         0.         0.         0.
  0.         0.01408944 0.0447163  0.00690434 0.01694323 0.
  0.         0.03404741 0.        ]
 [0.         0.         0.         0.         0.         0.04194317
  0.02279655 0.         0.0215132  0.         0.08747345 0.16588914
  0.         0.11735754 0.02408695]
 [0.         0.         0.         0.         0.         0.11157768
  0.00683374 0.         0.14686892 0.         0.00367586 0.02874046
  0.         0.04389123 0.        ]
 [0.42720471 0.2263016  0.41127056 0.31346501 0.44320507 0.25503808
  0.26065781 0.47667147 0.34824724 0.33652301 0.1186018  0.33451375
  0.28228799 0.32913702 0.36615794]]

2
----------------------------------------------------------------------------------
[[8.87969594e-02 2.51767779e-01 2.97921817e-02 0.00000000e+00
  0.00000000e+00 2.78829348e-02 0.00000000e+00 0.00000000e+00
  2.93119841e-01 1.77525130e-02 0.00000000e+00 0.00000000e+00
  0.00000000e+00 3.44282703e-02 7.86643615e-02]
 [1.13559507e-01 1.49650067e-01 2.09823506e-02 0.00000000e+00
  1.80369153e-02 6.66924407e-02 0.00000000e+00 5.07616300e-03
  2.79806050e-01 7.40169725e-02 2.69468971e-02 0.00000000e+00
  0.00000000e+00 0.00000000e+00 7.77587114e-02]
 [2.66424722e-01 3.80482577e-02 5.79027894e-03 0.00000000e+00
  5.53348352e-02 1.95745490e-01 1.84328115e-01 0.00000000e+00
  5.04172220e-01 5.04824497e-02 1.26227445e-01 1.42654704e-02
  0.00000000e+00 0.00000000e+00 8.44183475e-02]
 [1.11996265e-01 1.77535262e-01 1.82764881e-02 0.00000000e+00
  1.07574925e-02 3.02292293e-02 8.17433646e-04 2.76343015e-02
  3.27270419e-01 4.26420094e-04 3.88341755e-02 0.00000000e+00
  0.00000000e+00 1.07244619e-02 5.08722513e-02]
 [1.10778373e-01 5.64495424e-02 1.45732376e-02 6.31958590e-03
  2.17883701e-02 0.00000000e+00 0.00000000e+00 0.00000000e+00
  2.30812996e-01 4.69192497e-02 1.87796371e-02 0.00000000e+00
  0.00000000e+00 7.58179213e-03 3.88445257e-02]
 [1.97902531e-01 0.00000000e+00 6.26462451e-02 2.19024941e-02
  5.89042986e-02 7.58356196e-02 1.12296102e-01 0.00000000e+00
  3.83597577e-01 3.47650355e-02 3.87200389e-02 2.34959661e-03
  7.56495568e-02 2.72058036e-02 1.54118552e-01]
 [1.76802244e-01 8.18350870e-04 1.70080119e-02 0.00000000e+00
  0.00000000e+00 4.56141422e-02 6.00700304e-03 0.00000000e+00
  2.81511765e-01 5.72649601e-02 1.76846228e-02 0.00000000e+00
  0.00000000e+00 0.00000000e+00 6.34891778e-02]
 [1.33065226e-02 1.12370475e-01 7.69317542e-02 0.00000000e+00
  0.00000000e+00 4.16114818e-02 1.85887351e-02 4.35927688e-03
  0.00000000e+00 4.04082448e-01 2.55103172e-01 9.42233828e-02
  1.15304840e-01 1.26557787e-01 4.27381926e-02]
 [1.11328792e-01 1.26629130e-01 1.88482371e-02 0.00000000e+00
  0.00000000e+00 0.00000000e+00 3.16642444e-02 1.91446863e-02
  7.69805964e-02 4.61876261e-01 3.22096949e-01 0.00000000e+00
  1.52730284e-01 5.09383547e-02 5.33819923e-02]
 [1.15211192e-01 0.00000000e+00 0.00000000e+00 1.56092354e-01
  1.10885459e-01 1.14976212e-01 6.78349333e-02 3.61699468e-02
  1.76929193e-01 1.18726290e-01 1.24536363e-01 3.90971066e-02
  1.22798995e-01 1.98338814e-01 1.20510530e-01]
 [1.04913657e-01 0.00000000e+00 2.49897942e-02 0.00000000e+00
  2.25681274e-02 0.00000000e+00 8.47989744e-02 0.00000000e+00
  1.23256390e-02 4.29413878e-01 2.36164829e-01 0.00000000e+00
  6.52898885e-02 0.00000000e+00 1.33732628e-01]
 [8.14453348e-02 1.26505872e-01 4.30054356e-02 0.00000000e+00
  0.00000000e+00 1.01083297e-02 0.00000000e+00 0.00000000e+00
  0.00000000e+00 4.19076353e-01 1.50182959e-01 0.00000000e+00
  5.10923247e-02 1.12987752e-01 2.72563527e-02]
 [1.64551023e-01 0.00000000e+00 3.00550830e-02 5.20740674e-03
  3.41352191e-02 1.52142976e-02 7.91266373e-02 4.03509779e-02
  0.00000000e+00 9.94282796e-02 3.06476428e-02 9.80368684e-03
  4.40061997e-02 1.01236333e-02 8.28884663e-02]
 [3.65539894e-02 0.00000000e+00 2.48583948e-02 0.00000000e+00
  1.71167930e-02 0.00000000e+00 6.17933319e-02 0.00000000e+00
  0.00000000e+00 0.00000000e+00 2.01926294e-02 6.11345266e-02
  1.44885982e-01 3.20218267e-02 4.66384404e-02]
 [4.88922313e-02 0.00000000e+00 0.00000000e+00 8.53087545e-02
  4.75994107e-02 5.07675161e-04 6.24782485e-02 4.17567274e-02
  0.00000000e+00 0.00000000e+00 0.00000000e+00 9.54957289e-02
  1.26505611e-01 5.25855431e-02 6.50844520e-02]
 [4.60840700e-02 0.00000000e+00 7.12427018e-02 2.00640983e-01
  4.05618700e-02 4.65441233e-02 3.10965792e-02 2.56548035e-02
  0.00000000e+00 4.14666116e-03 0.00000000e+00 8.93794215e-02
  5.45823505e-02 7.82197984e-02 2.47316861e-02]
 [2.51242044e-02 0.00000000e+00 0.00000000e+00 1.21697683e-01
  8.44599189e-02 1.62975682e-02 0.00000000e+00 0.00000000e+00
  0.00000000e+00 0.00000000e+00 0.00000000e+00 0.00000000e+00
  1.69071493e-02 1.64265951e-01 0.00000000e+00]
 [3.07156972e-01 2.80927138e-01 1.11790858e-01 2.05618230e-01
  2.57812226e-01 2.30943143e-01 3.36802151e-01 1.82053169e-01
  4.69356872e-01 2.58235986e-01 3.97322452e-01 3.09169294e-01
  1.94566431e-01 1.56685100e-01 1.71756255e-01]]

3
----------------------------------------------------------------------------------
[[1.85063584e-01 2.25020222e-02 1.45056908e-01 0.00000000e+00
  0.00000000e+00 0.00000000e+00 5.55912086e-03 9.08731587e-02
  0.00000000e+00 0.00000000e+00 0.00000000e+00 0.00000000e+00
  0.00000000e+00 1.92771663e-02 0.00000000e+00]
 [7.65451512e-02 0.00000000e+00 1.85870480e-01 3.85496801e-02
  0.00000000e+00 0.00000000e+00 0.00000000e+00 1.89597985e-02
  0.00000000e+00 0.00000000e+00 0.00000000e+00 0.00000000e+00
  0.00000000e+00 8.30554362e-02 5.70771801e-02]
 [1.85612638e-01 0.00000000e+00 1.94252450e-01 1.07533027e-01
  2.10242398e-02 0.00000000e+00 8.15552538e-02 1.02638330e-01
  1.00290481e-02 0.00000000e+00 4.96358030e-02 0.00000000e+00
  0.00000000e+00 5.14478549e-02 7.74957509e-02]
 [1.69252045e-01 4.50345960e-02 1.55844535e-01 3.97997267e-02
  0.00000000e+00 0.00000000e+00 1.03104544e-02 7.33296916e-02
  0.00000000e+00 0.00000000e+00 0.00000000e+00 0.00000000e+00
  0.00000000e+00 4.84651559e-02 0.00000000e+00]
 [1.35456809e-01 6.60487300e-03 1.50552746e-01 1.60049553e-02
  0.00000000e+00 0.00000000e+00 7.13506552e-02 4.70056047e-02
  3.89087631e-02 0.00000000e+00 0.00000000e+00 0.00000000e+00
  0.00000000e+00 5.07627109e-02 3.00061554e-02]
 [1.08088180e-01 0.00000000e+00 1.32702811e-01 5.03664419e-02
  0.00000000e+00 0.00000000e+00 4.44268837e-02 4.83862988e-02
  3.09550798e-02 0.00000000e+00 1.63643241e-02 0.00000000e+00
  0.00000000e+00 1.04588462e-01 2.76940619e-02]
 [1.39909278e-01 0.00000000e+00 1.12402453e-01 8.04077160e-04
  3.48690625e-02 0.00000000e+00 4.10158163e-02 4.78628067e-02
  4.64549206e-02 0.00000000e+00 4.99790470e-03 0.00000000e+00
  0.00000000e+00 7.36266422e-02 2.41371888e-02]
 [2.20618896e-01 1.98193360e-02 1.73875269e-01 9.57996189e-03
  0.00000000e+00 0.00000000e+00 1.43052417e-01 1.20239522e-01
  0.00000000e+00 6.86771962e-03 7.37291762e-02 0.00000000e+00
  0.00000000e+00 9.30547269e-03 3.88624503e-02]
 [3.38841062e-01 2.67626735e-02 1.15133339e-01 7.09100266e-02
  0.00000000e+00 0.00000000e+00 4.95183491e-02 3.35889162e-02
  0.00000000e+00 0.00000000e+00 1.15833358e-01 0.00000000e+00
  0.00000000e+00 0.00000000e+00 1.46225859e-02]
 [3.96622337e-02 2.54965543e-02 2.77013920e-01 6.23613291e-02
  0.00000000e+00 0.00000000e+00 1.54164222e-01 1.91408018e-01
  4.58780809e-02 0.00000000e+00 2.08649904e-01 0.00000000e+00
  6.94193578e-02 5.34257562e-02 1.02425606e-01]
 [1.32024637e-01 0.00000000e+00 1.94895547e-01 3.97249814e-02
  0.00000000e+00 0.00000000e+00 3.13936034e-02 1.19736264e-01
  3.14143694e-02 0.00000000e+00 4.85191421e-02 1.29801245e-02
  0.00000000e+00 0.00000000e+00 0.00000000e+00]
 [2.03124674e-01 6.36867406e-02 1.11354717e-01 4.14986497e-02
  0.00000000e+00 0.00000000e+00 2.17874057e-01 0.00000000e+00
  0.00000000e+00 9.16355540e-02 1.89783981e-01 5.59898475e-02
  0.00000000e+00 8.99206126e-02 0.00000000e+00]
 [1.49547347e-01 0.00000000e+00 1.34151221e-01 1.03653397e-01
  6.63878595e-02 0.00000000e+00 2.21479123e-01 1.29935705e-01
  5.83632458e-02 0.00000000e+00 1.30389460e-01 0.00000000e+00
  0.00000000e+00 0.00000000e+00 1.32525529e-02]
 [1.16006685e-02 6.79026758e-02 0.00000000e+00 8.14415919e-01
  1.49753753e+00 1.36825908e+00 1.25390112e+00 1.48001670e-01
  5.32426773e-01 1.69462396e+00 2.11987160e+00 1.51542535e+00
  2.80650715e-01 1.11387614e-01 0.00000000e+00]
 [5.79826484e-02 3.40613750e-02 0.00000000e+00 6.19410417e-01
  8.61159530e-01 9.21352569e-01 9.99114275e-01 3.30694986e-01
  3.51328757e-01 1.25705039e+00 1.50247955e+00 9.76092300e-01
  2.05441904e-01 4.83552118e-02 0.00000000e+00]
 [1.63386718e-01 4.02624755e-02 0.00000000e+00 1.25281868e+00
  1.91399746e+00 1.13013905e+00 1.11293852e+00 0.00000000e+00
  1.87281088e-01 1.14399495e+00 1.46049044e+00 4.08484954e-01
  7.59460637e-02 1.93474116e-01 2.80323858e-02]
 [1.31675860e-01 4.90410789e-02 0.00000000e+00 3.11980635e-01
  7.60817615e-01 1.56562309e+00 1.19830371e+00 2.56577726e-01
  4.03687280e-01 1.54493996e+00 1.89913400e+00 1.37583647e+00
  4.62843709e-01 3.03102545e-01 1.12463500e-01]
 [1.59925176e-01 1.28792815e-01 2.52805787e-01 1.84706163e-01
  2.61732681e-01 4.87050776e-01 2.07751589e-01 2.54377212e-01
  2.99118569e-01 2.85946207e-01 1.62760105e-01 3.72720555e-01
  2.61459915e-01 2.47599455e-01 2.16278776e-01]]

4
----------------------------------------------------------------------------------
[[0.00000000e+00 0.00000000e+00 0.00000000e+00 0.00000000e+00
  8.62772886e-02 2.23891161e-04 1.68720764e-01 0.00000000e+00
  0.00000000e+00 0.00000000e+00 1.23331203e-01 0.00000000e+00
  0.00000000e+00 0.00000000e+00 1.51578609e-01]
 [0.00000000e+00 0.00000000e+00 0.00000000e+00 0.00000000e+00
  1.50579940e-01 0.00000000e+00 3.47248706e-02 1.33797441e-02
  0.00000000e+00 0.00000000e+00 0.00000000e+00 0.00000000e+00
  0.00000000e+00 0.00000000e+00 5.89596396e-02]
 [0.00000000e+00 0.00000000e+00 0.00000000e+00 3.60714441e-02
  1.27507555e-01 0.00000000e+00 6.81991872e-03 5.98189402e-02
  1.16064934e-01 3.24191652e-02 0.00000000e+00 0.00000000e+00
  0.00000000e+00 0.00000000e+00 0.00000000e+00]
 [0.00000000e+00 0.00000000e+00 0.00000000e+00 0.00000000e+00
  6.33094010e-02 0.00000000e+00 1.38601607e-01 3.21293605e-02
  0.00000000e+00 0.00000000e+00 1.80355067e-01 0.00000000e+00
  0.00000000e+00 6.56308846e-02 1.21685511e-01]
 [0.00000000e+00 0.00000000e+00 0.00000000e+00 1.25897494e-02
  6.68471738e-02 0.00000000e+00 6.68461828e-02 1.80164293e-02
  5.96764277e-03 0.00000000e+00 7.54305661e-02 0.00000000e+00
  0.00000000e+00 0.00000000e+00 1.19764026e-01]
 [0.00000000e+00 0.00000000e+00 0.00000000e+00 5.24545827e-03
  1.29066390e-01 2.36510601e-02 5.62693706e-04 2.38343604e-02
  9.86806157e-02 0.00000000e+00 0.00000000e+00 0.00000000e+00
  0.00000000e+00 1.96384120e-02 0.00000000e+00]
 [0.00000000e+00 0.00000000e+00 0.00000000e+00 1.46784567e-03
  5.04160635e-02 0.00000000e+00 7.81691095e-03 1.18274434e-02
  3.37619565e-02 1.38374565e-02 0.00000000e+00 0.00000000e+00
  0.00000000e+00 0.00000000e+00 3.53782718e-02]
 [0.00000000e+00 0.00000000e+00 1.98427828e-01 3.78676066e-02
  4.34545038e-02 1.02088808e-02 1.63172180e-01 2.91886224e-02
  1.33848988e-01 9.89993645e-02 3.78479443e-01 0.00000000e+00
  2.14363289e-02 1.65431577e-01 2.25970032e-01]
 [0.00000000e+00 0.00000000e+00 0.00000000e+00 7.13656301e-02
  1.35321922e-02 1.84084805e-02 7.83323225e-03 0.00000000e+00
  1.86596651e-01 5.84357201e-02 1.70506621e-01 0.00000000e+00
  0.00000000e+00 1.97715847e-01 4.93083955e-02]
 [1.65186344e-01 0.00000000e+00 0.00000000e+00 2.31744019e-02
  1.65900621e-01 0.00000000e+00 2.83570834e-03 1.89074195e-01
  2.11051071e-01 3.83545174e-02 5.34333919e-02 0.00000000e+00
  0.00000000e+00 2.42993157e-01 0.00000000e+00]
 [4.72023223e-04 0.00000000e+00 0.00000000e+00 3.48994618e-02
  6.18864015e-02 0.00000000e+00 0.00000000e+00 4.00923821e-02
  1.60483520e-01 9.51394815e-02 0.00000000e+00 0.00000000e+00
  0.00000000e+00 1.43145762e-01 0.00000000e+00]
 [0.00000000e+00 0.00000000e+00 0.00000000e+00 4.88142731e-02
  8.75953325e-02 2.08899534e-02 8.78845610e-02 0.00000000e+00
  3.49130619e-02 5.90763202e-02 1.74641155e-01 0.00000000e+00
  0.00000000e+00 5.06472755e-02 2.26905637e-01]
 [2.15699180e-02 0.00000000e+00 0.00000000e+00 0.00000000e+00
  1.50250857e-01 0.00000000e+00 7.47542234e-03 4.59154548e-03
  3.21753209e-02 1.41412711e-02 0.00000000e+00 0.00000000e+00
  0.00000000e+00 6.38257839e-03 0.00000000e+00]
 [4.17152501e-02 0.00000000e+00 0.00000000e+00 6.79155812e-02
  6.35214094e-02 3.55478630e-02 1.29155308e-01 5.65627522e-02
  1.51673207e-01 1.83669977e-01 1.26374305e-01 0.00000000e+00
  0.00000000e+00 9.89584818e-02 1.54399898e-01]
 [3.03415013e-02 0.00000000e+00 0.00000000e+00 6.42402359e-02
  8.53688800e-02 5.70169691e-02 1.40585620e-01 4.93402356e-02
  1.73438116e-01 1.47552622e-01 1.24654536e-01 0.00000000e+00
  0.00000000e+00 4.84767880e-02 2.39851770e-01]
 [1.62950486e-01 6.03650103e-02 2.62598466e-02 1.16274050e-01
  1.58805911e-01 9.70266401e-03 1.19532686e-01 9.06268301e-02
  1.41987873e-01 7.19146139e-02 0.00000000e+00 0.00000000e+00
  0.00000000e+00 0.00000000e+00 3.59838132e-01]
 [0.00000000e+00 0.00000000e+00 0.00000000e+00 0.00000000e+00
  4.06198719e-02 0.00000000e+00 1.05280214e-01 4.05285308e-02
  1.55451633e-01 1.15859880e-01 2.40974188e-01 0.00000000e+00
  0.00000000e+00 1.58889949e-01 2.95515483e-01]
 [4.21348694e-01 3.82738550e-01 4.04357089e-01 2.24124647e-01
  1.11042428e-01 1.78189672e-01 1.53454701e-01 1.01258256e-01
  2.10171589e-01 1.93890893e-01 1.85718287e-01 6.40275936e-01
  4.54589686e-01 3.77799607e-01 4.43919192e-01]]

5
----------------------------------------------------------------------------------
[[0.         0.06245845 0.08733551 0.         0.14133234 0.07985089
  0.06473639 0.15091694 0.03832894 0.         0.         0.17635067
  0.08328509 0.11474832 0.        ]
 [0.         0.         0.07648195 0.         0.10519177 0.
  0.1396787  0.11729766 0.         0.         0.         0.04673103
  0.         0.10124127 0.        ]
 [0.         0.0728305  0.05633282 0.         0.08382685 0.
  0.23988101 0.09639083 0.05212174 0.06780678 0.04646127 0.
  0.         0.0809161  0.08402119]
 [0.         0.06996539 0.11021382 0.         0.16025861 0.08288727
  0.00564471 0.09849497 0.04397369 0.         0.         0.11976658
  0.03781636 0.1010032  0.        ]
 [0.         0.         0.0754587  0.         0.08585864 0.
  0.03846814 0.12123749 0.03718011 0.         0.         0.04448266
  0.         0.0773733  0.        ]
 [0.         0.         0.1702773  0.08576516 0.10748491 0.
  0.12498103 0.         0.00470725 0.06800795 0.01760723 0.
  0.         0.10601748 0.        ]
 [0.         0.         0.07224967 0.04085025 0.0725195  0.
  0.07885437 0.08222334 0.050827   0.         0.         0.05009483
  0.         0.07416933 0.        ]
 [0.         0.15880065 0.31177905 0.         0.04812518 0.05149189
  0.         0.2387792  0.         0.17696978 0.         0.10644221
  0.         0.2227017  0.        ]
 [0.         0.         0.08616302 0.         0.04653365 0.06078243
  0.02803079 0.05391077 0.         0.36664912 0.         0.10663737
  0.04769829 0.09929312 0.        ]
 [0.03192544 0.08759788 0.23598997 0.09489999 0.         0.01642115
  0.31317444 0.15737071 0.16315048 0.2033678  0.07561991 0.
  0.15210298 0.15192653 0.        ]
 [0.         0.         0.08228579 0.         0.         0.
  0.13727922 0.         0.         0.48783939 0.04846465 0.
  0.05010781 0.02877389 0.        ]
 [0.         0.07247778 0.0613472  0.         0.07607863 0.05444462
  0.         0.16569387 0.15524125 0.32806037 0.02317767 0.05561405
  0.         0.14782922 0.        ]
 [0.         0.         0.08210692 0.02706113 0.04625189 0.
  0.11013178 0.0334815  0.03409179 0.50397667 0.         0.
  0.05247052 0.05699703 0.        ]
 [0.10102356 0.         0.         0.         0.03854576 0.06952313
  0.         0.         0.         0.1776831  0.01026391 0.0579876
  0.06094431 0.04988486 0.        ]
 [0.13135593 0.18305589 0.0206207  0.05460536 0.04065505 0.
  0.         0.         0.0058158  0.10118221 0.09065244 0.
  0.         0.0220587  0.        ]
 [0.25670435 0.19901701 0.10013818 0.26176136 0.         0.
  0.         0.         0.0854078  0.         0.0821476  0.
  0.04399836 0.04253068 0.        ]
 [0.09330348 0.25409306 0.         0.         0.07812639 0.02331178
  0.         0.01128635 0.03760262 0.15505652 0.17233199 0.04742617
  0.         0.07936673 0.        ]
 [0.32113042 0.21587626 0.1609443  0.3060667  0.23519012 0.18139464
  0.21368593 0.32998499 0.23786264 0.31346966 0.16864172 0.39690113
  0.34153174 0.11566259 0.39354243]]

6
----------------------------------------------------------------------------------
[[1.61177877e-01 3.92487551e-02 5.92103517e-02 3.45672798e-02
  4.28716096e-02 0.00000000e+00 0.00000000e+00 2.07556604e-01
  9.99105591e-02 9.93419446e-02 8.06523084e-02 2.39644550e-04
  1.99749130e-01 0.00000000e+00 8.65656144e-02]
 [1.35530336e-01 0.00000000e+00 6.52991481e-02 4.26806206e-02
  0.00000000e+00 0.00000000e+00 0.00000000e+00 2.96455595e-02
  2.11665599e-02 0.00000000e+00 2.21143079e-02 0.00000000e+00
  1.29275871e-01 0.00000000e+00 4.69794177e-02]
 [1.71204045e-01 3.39798697e-02 1.52398507e-01 5.83772207e-02
  0.00000000e+00 0.00000000e+00 0.00000000e+00 3.19184105e-02
  6.70702923e-02 0.00000000e+00 0.00000000e+00 1.27103708e-01
  2.46475143e-01 0.00000000e+00 9.54774304e-02]
 [1.66693995e-01 3.73461880e-02 4.83611542e-02 3.50471393e-02
  7.64034702e-02 0.00000000e+00 4.39194003e-02 1.38109134e-01
  1.16354329e-02 1.02852561e-01 1.01032385e-01 0.00000000e+00
  1.49186532e-01 0.00000000e+00 9.40215530e-02]
 [5.91718424e-02 1.78385040e-02 2.36605816e-02 5.45193664e-02
  0.00000000e+00 0.00000000e+00 1.92294093e-02 1.80801261e-02
  2.39369692e-02 0.00000000e+00 2.60467442e-02 0.00000000e+00
  1.29967641e-01 0.00000000e+00 5.17491167e-02]
 [8.75558484e-02 6.43894770e-02 4.90791758e-02 5.43701147e-02
  2.07921943e-02 0.00000000e+00 0.00000000e+00 3.96194177e-02
  0.00000000e+00 0.00000000e+00 5.20575184e-02 2.50339481e-02
  1.76870723e-01 0.00000000e+00 3.67963050e-02]
 [3.61479618e-02 6.03402336e-03 3.75533359e-02 5.05978111e-02
  0.00000000e+00 0.00000000e+00 0.00000000e+00 3.42403932e-03
  0.00000000e+00 0.00000000e+00 1.30710776e-02 0.00000000e+00
  1.16398900e-01 0.00000000e+00 2.31854370e-02]
 [2.84012400e-01 2.29123712e-01 1.38819593e-01 7.26709655e-02
  6.51964451e-03 1.91372052e-02 4.70454907e-02 1.45436218e-01
  0.00000000e+00 1.56152667e-01 2.46917166e-01 7.38117028e-02
  1.24539070e-01 0.00000000e+00 5.65771175e-02]
 [5.79899518e-01 2.11939650e-01 5.49633667e-02 5.31797857e-02
  1.03728008e-01 0.00000000e+00 4.60491260e-02 2.09197839e-01
  4.60607775e-02 1.39841092e-02 2.00139905e-01 0.00000000e+00
  2.39324364e-01 1.39365684e-02 9.24648776e-02]
 [1.59143280e-01 5.91951086e-02 1.20514096e-01 7.66524484e-02
  5.47618778e-02 0.00000000e+00 1.22659577e-01 5.94200413e-02
  0.00000000e+00 0.00000000e+00 6.74954638e-02 0.00000000e+00
  1.47564363e-01 0.00000000e+00 3.49604469e-02]
 [6.27711765e-01 6.25673949e-02 9.26081200e-02 3.89310531e-02
  6.65847362e-02 0.00000000e+00 0.00000000e+00 1.20513926e-01
  0.00000000e+00 0.00000000e+00 4.07690040e-02 2.53588495e-02
  2.28563627e-01 0.00000000e+00 7.07564379e-02]
 [4.37589606e-01 2.19041312e-01 1.63248548e-02 6.06499964e-02
  0.00000000e+00 0.00000000e+00 5.65838975e-02 1.26692683e-01
  0.00000000e+00 2.79253200e-02 1.44817421e-01 1.87152502e-02
  1.55235740e-01 0.00000000e+00 7.92296840e-02]
 [3.70798524e-01 1.34466613e-02 4.37608584e-02 4.77748783e-02
  0.00000000e+00 0.00000000e+00 0.00000000e+00 4.58993831e-02
  0.00000000e+00 0.00000000e+00 0.00000000e+00 1.58149696e-02
  1.48347094e-01 0.00000000e+00 3.49369654e-02]
 [8.09932284e-02 4.81839218e-02 9.53935429e-03 2.26452622e-02
  5.59439678e-02 8.53551556e-02 0.00000000e+00 1.74402797e-01
  0.00000000e+00 0.00000000e+00 1.51548056e-01 4.51642353e-02
  9.80755682e-02 0.00000000e+00 0.00000000e+00]
 [4.61480097e-02 3.62688204e-02 1.07766899e-02 4.88696883e-02
  5.15992913e-02 6.44391291e-03 0.00000000e+00 2.36492160e-02
  0.00000000e+00 0.00000000e+00 8.47356041e-02 0.00000000e+00
  1.09485512e-02 0.00000000e+00 0.00000000e+00]
 [0.00000000e+00 5.55241833e-02 5.68341098e-03 9.96889418e-02
  1.38066167e-02 0.00000000e+00 5.33082746e-02 0.00000000e+00
  0.00000000e+00 0.00000000e+00 0.00000000e+00 0.00000000e+00
  0.00000000e+00 0.00000000e+00 0.00000000e+00]
 [8.33494029e-03 5.66910259e-02 0.00000000e+00 5.47407472e-02
  1.21949348e-02 4.39088775e-02 1.88026634e-02 4.32894845e-02
  0.00000000e+00 0.00000000e+00 9.83276955e-02 0.00000000e+00
  3.82815923e-02 0.00000000e+00 0.00000000e+00]
 [1.77517575e-01 6.80462460e-02 1.98212934e-01 5.36461721e-02
  4.96286487e-01 3.58629434e-01 1.16853248e-01 3.64604134e-01
  3.78687762e-01 2.58296012e-01 3.08230000e-01 2.60429978e-01
  2.32751412e-01 4.39618155e-01 2.00244146e-01]]

7
----------------------------------------------------------------------------------
[[0.05908998 0.         0.00680712 0.         0.         0.01383238
  0.         0.13143979]
 [0.14300768 0.         0.00108186 0.         0.         0.
  0.         0.04007373]
 [0.2436731  0.         0.05826628 0.01875572 0.         0.
  0.         0.        ]
 [0.05916137 0.         0.06449352 0.         0.00561233 0.02916024
  0.         0.15720448]
 [0.09258521 0.         0.         0.         0.         0.
  0.         0.10029683]
 [0.20350201 0.00505409 0.0713997  0.         0.         0.
  0.         0.        ]
 [0.10052615 0.         0.01718477 0.         0.         0.
  0.         0.046154  ]
 [0.14594274 0.05674095 0.13953211 0.         0.0284437  0.
  0.07419784 0.31375211]
 [0.11241207 0.02589684 0.16948592 0.         0.         0.
  0.         0.03052276]
 [0.22405415 0.02356472 0.12944292 0.         0.         0.01276672
  0.         0.12491345]
 [0.18424282 0.03843568 0.18446162 0.         0.         0.
  0.06107931 0.        ]
 [0.03659543 0.03063371 0.05812089 0.         0.         0.
  0.         0.11998449]
 [0.12743018 0.01428384 0.05850942 0.00114672 0.         0.
  0.00359606 0.        ]
 [0.06443944 0.         0.07915589 0.01364644 0.01796734 0.
  0.         0.00055856]
 [0.03541362 0.03136968 0.07646021 0.         0.03862832 0.03977664
  0.08495865 0.10328889]
 [0.02157799 0.06594603 0.01052787 0.         0.06242038 0.04810765
  0.07120478 0.2572636 ]
 [0.00404269 0.08393022 0.06857228 0.         0.02228674 0.06868264
  0.15235163 0.32110128]
 [0.27123025 0.10035751 0.45070438 0.35264336 0.24370434 0.3243404
  0.40064229 0.38916326]]