

1
----------------------------------------------------------------------------------
[[3.55072198e-03 5.61088181e-02 0.00000000e+00 4.22498506e-01
  1.10814346e-01 0.00000000e+00 2.50840055e-01 1.87713660e-01
  1.59108124e-01 1.15289857e-02 0.00000000e+00 9.01942102e-02
  3.61418835e-02 0.00000000e+00 1.74940081e-02]
 [5.23252679e-02 0.00000000e+00 0.00000000e+00 3.85723154e-01
  1.10666038e-01 0.00000000e+00 5.05250970e-02 7.50082948e-02
  6.95899533e-02 0.00000000e+00 6.02961322e-02 6.26604833e-02
  9.63787598e-02 0.00000000e+00 0.00000000e+00]
 [4.05945272e-02 0.00000000e+00 5.60575778e-02 3.17342716e-01
  2.04885745e-01 0.00000000e+00 0.00000000e+00 0.00000000e+00
  6.82699357e-02 2.35449261e-02 1.51550821e-01 2.33319726e-01
  2.86211176e-02 0.00000000e+00 0.00000000e+00]
 [0.00000000e+00 9.95306738e-02 0.00000000e+00 3.71559077e-01
  0.00000000e+00 0.00000000e+00 2.02612581e-01 2.46289090e-01
  1.15974808e-01 4.37044756e-02 0.00000000e+00 8.86685118e-02
  2.32432467e-02 0.00000000e+00 0.00000000e+00]
 [3.23144355e-02 0.00000000e+00 0.00000000e+00 2.32514859e-01
  1.03820400e-01 0.00000000e+00 1.16255780e-01 1.33353079e-01
  0.00000000e+00 0.00000000e+00 0.00000000e+00 1.02763207e-01
  6.50686601e-02 6.08955026e-03 1.36659328e-02]
 [1.44364272e-02 3.20727365e-02 0.00000000e+00 2.17130109e-01
  2.05761749e-01 0.00000000e+00 4.16305710e-03 5.80625255e-02
  7.02506660e-03 6.08617958e-02 9.11693370e-02 1.73022898e-01
  3.91016135e-02 0.00000000e+00 0.00000000e+00]
 [2.33666158e-02 0.00000000e+00 0.00000000e+00 2.46150044e-01
  1.60769793e-01 0.00000000e+00 6.13834611e-02 1.26124920e-01
  0.00000000e+00 0.00000000e+00 0.00000000e+00 1.44127833e-01
  3.14806641e-02 0.00000000e+00 0.00000000e+00]
 [2.11042548e-02 1.65694438e-01 0.00000000e+00 4.33914247e-01
  4.59867248e-02 0.00000000e+00 4.10150605e-01 2.29451986e-01
  1.21645158e-01 1.56013538e-01 0.00000000e+00 6.41206857e-02
  5.70240574e-03 3.17659488e-02 2.55603468e-01]
 [0.00000000e+00 1.32176139e-01 0.00000000e+00 2.65562091e-01
  2.02427700e-03 0.00000000e+00 1.34407621e-01 1.04898015e-01
  1.76667338e-01 1.78709775e-01 1.44366205e-02 1.13874977e-01
  0.00000000e+00 0.00000000e+00 0.00000000e+00]
 [4.02823795e-03 1.69849419e-03 0.00000000e+00 9.86860047e-02
  1.60507364e-01 0.00000000e+00 1.52510339e-01 0.00000000e+00
  1.34422471e-01 8.52645015e-02 9.03150068e-02 1.44777593e-01
  1.16978018e-02 1.17074771e-01 0.00000000e+00]
 [0.00000000e+00 0.00000000e+00 0.00000000e+00 1.11243450e-01
  6.90734636e-02 0.00000000e+00 0.00000000e+00 0.00000000e+00
  1.08441153e-01 1.03407499e-01 6.76938249e-02 1.79519144e-01
  8.17290943e-02 0.00000000e+00 0.00000000e+00]
 [0.00000000e+00 1.23599723e-01 0.00000000e+00 2.35506654e-01
  0.00000000e+00 0.00000000e+00 2.35085247e-01 5.78433122e-02
  1.38193663e-01 2.23130098e-03 0.00000000e+00 0.00000000e+00
  5.37944007e-02 7.17867950e-03 2.11018087e-02]
 [6.18232878e-02 7.78280780e-02 0.00000000e+00 1.06483494e-01
  1.38223790e-02 0.00000000e+00 7.57693531e-02 0.00000000e+00
  0.00000000e+00 8.29872137e-02 0.00000000e+00 1.64729828e-01
  4.37533059e-02 4.73423479e-02 0.00000000e+00]
 [5.92127761e-02 2.57576505e-01 0.00000000e+00 9.36258258e-02
  0.00000000e+00 0.00000000e+00 5.84462284e-02 2.34924158e-01
  0.00000000e+00 1.56889233e-01 0.00000000e+00 6.11794770e-02
  0.00000000e+00 1.46537137e-01 0.00000000e+00]
 [1.12066098e-01 2.62858826e-01 0.00000000e+00 1.25592493e-01
  0.00000000e+00 0.00000000e+00 1.75972213e-01 2.10780390e-01
  0.00000000e+00 8.23920321e-02 0.00000000e+00 3.31499493e-02
  0.00000000e+00 2.40022479e-01 9.82453153e-02]
 [3.07452674e-01 1.65236600e-01 1.63711545e-01 2.70615187e-01
  6.29795963e-02 0.00000000e+00 3.42154627e-01 5.19243247e-02
  0.00000000e+00 0.00000000e+00 0.00000000e+00 2.94633158e-02
  6.14389881e-03 4.54783618e-01 2.30790043e-02]
 [2.11877868e-01 3.01377563e-01 1.44969988e-01 3.28361037e-01
  0.00000000e+00 5.39132100e-02 6.44503207e-01 3.12508856e-01
  0.00000000e+00 0.00000000e+00 0.00000000e+00 0.00000000e+00
  5.86156095e-04 4.96372862e-01 0.00000000e+00]
 [1.86011770e-01 2.26193421e-01 3.57522416e-01 1.93226702e-01
  6.43564957e-01 5.44050116e-01 1.71237359e-01 3.28912009e-01
  3.78839794e-01 3.07422436e-01 3.24729745e-01 3.83146649e-01
  1.05559532e-01 2.38644648e-01 4.85275691e-01]]

2
----------------------------------------------------------------------------------
[[2.67740247e-02 1.75948089e-01 1.45863963e-02 0.00000000e+00
  2.30675438e-02 1.55959577e-02 0.00000000e+00 2.13801022e-01
  1.26706594e-01 3.54269337e-03 0.00000000e+00 9.98780267e-02
  1.10922530e-02 3.17936837e-01 0.00000000e+00]
 [5.92857395e-02 1.90347201e-01 3.13219033e-02 0.00000000e+00
  3.76310272e-02 0.00000000e+00 0.00000000e+00 1.69683662e-01
  1.65757911e-01 0.00000000e+00 0.00000000e+00 1.20607950e-01
  9.89379814e-02 3.10767689e-01 0.00000000e+00]
 [6.14045950e-02 1.23788575e-01 9.90800328e-02 0.00000000e+00
  2.29692241e-01 0.00000000e+00 3.59400283e-02 3.77704175e-01
  1.34641436e-01 0.00000000e+00 9.61688523e-02 1.28346451e-01
  2.13658664e-01 2.92351446e-01 0.00000000e+00]
 [4.49105542e-02 2.25384911e-01 2.40805381e-02 0.00000000e+00
  0.00000000e+00 0.00000000e+00 0.00000000e+00 1.81629586e-01
  1.11604430e-01 0.00000000e+00 0.00000000e+00 3.00621395e-02
  0.00000000e+00 3.50600795e-01 0.00000000e+00]
 [0.00000000e+00 1.75632045e-01 6.35753110e-02 0.00000000e+00
  0.00000000e+00 0.00000000e+00 0.00000000e+00 4.98855406e-02
  1.34071080e-01 0.00000000e+00 0.00000000e+00 0.00000000e+00
  8.85298350e-02 2.32983943e-01 0.00000000e+00]
 [1.27934458e-01 9.88804035e-02 5.19727571e-02 0.00000000e+00
  1.09889909e-01 0.00000000e+00 0.00000000e+00 3.27645124e-01
  1.45363389e-01 3.44775254e-02 5.21003049e-02 1.11044941e-01
  2.34496289e-01 1.14611374e-01 0.00000000e+00]
 [3.27391666e-02 1.65628219e-01 5.02357827e-02 0.00000000e+00
  6.85988656e-02 0.00000000e+00 0.00000000e+00 1.00975870e-01
  1.11469730e-01 0.00000000e+00 1.67345504e-02 3.61302063e-02
  1.78831455e-01 1.86179041e-01 0.00000000e+00]
 [4.70572541e-02 4.42398554e-02 1.70478613e-02 3.46886589e-02
  0.00000000e+00 9.23505288e-02 0.00000000e+00 1.39237336e-01
  5.84916688e-02 0.00000000e+00 6.41031569e-02 1.23164498e-01
  1.73282402e-01 2.04986926e-01 0.00000000e+00]
 [4.48632089e-02 0.00000000e+00 5.68898426e-03 0.00000000e+00
  0.00000000e+00 5.34176901e-02 2.11140132e-02 1.98393270e-01
  1.64546313e-01 3.03072378e-02 1.46158616e-02 1.18149562e-01
  0.00000000e+00 1.56052935e-01 0.00000000e+00]
 [4.77928952e-02 0.00000000e+00 5.70224736e-02 0.00000000e+00
  7.72336301e-02 1.00481044e-01 0.00000000e+00 3.67817835e-01
  2.69200733e-01 0.00000000e+00 1.51563249e-01 2.37482142e-03
  1.64752822e-01 1.79843986e-01 3.24753748e-02]
 [1.02741666e-01 2.97971089e-02 0.00000000e+00 0.00000000e+00
  1.35407020e-02 1.31057118e-01 0.00000000e+00 2.54578267e-01
  1.18088115e-01 2.04253262e-03 7.38039755e-02 1.40464281e-01
  1.54376898e-01 9.98576245e-03 0.00000000e+00]
 [2.14359673e-02 1.46900176e-01 0.00000000e+00 6.46974950e-02
  0.00000000e+00 0.00000000e+00 0.00000000e+00 9.10458842e-02
  1.27767042e-01 1.90660654e-03 3.88670237e-02 3.68567641e-02
  1.77679426e-02 2.86343420e-01 0.00000000e+00]
 [7.27782635e-02 8.35461294e-02 1.60544677e-02 0.00000000e+00
  1.13575324e-02 3.31238350e-02 0.00000000e+00 1.81861751e-01
  3.68528711e-02 0.00000000e+00 1.20063280e-02 6.07613832e-02
  1.68957916e-01 1.84276511e-02 0.00000000e+00]
 [3.22751204e-03 1.19755871e-02 9.05385131e-02 1.96752452e-01
  5.51219347e-02 0.00000000e+00 0.00000000e+00 1.45852743e-01
  1.12284177e-01 2.36159884e-03 2.51757960e-01 2.60292073e-01
  3.04285161e-01 7.56341136e+00 1.14158180e+00]
 [0.00000000e+00 0.00000000e+00 2.29687842e-01 3.93472607e-01
  5.19626676e-02 0.00000000e+00 0.00000000e+00 2.09582704e-01
  2.37171782e-01 0.00000000e+00 2.37799824e-01 5.76995701e-01
  5.76081537e-01 5.67183153e+00 2.10342878e+00]
 [0.00000000e+00 1.81969124e-01 0.00000000e+00 2.55315867e-01
  2.25452795e-01 0.00000000e+00 0.00000000e+00 9.66150313e-02
  7.20056894e-02 0.00000000e+00 2.59577903e-01 2.71430129e-01
  6.22894885e-01 5.53557492e-01 4.51478412e-01]
 [0.00000000e+00 6.47130995e-02 6.65943066e-02 7.47276809e-01
  0.00000000e+00 0.00000000e+00 0.00000000e+00 0.00000000e+00
  9.86363826e-02 0.00000000e+00 2.25807209e-01 0.00000000e+00
  3.21320634e-01 6.41379705e-01 3.33904283e-01]
 [2.93535983e-01 3.03875509e-01 1.99277716e-01 3.67872885e-01
  2.54601735e-01 3.99414373e-01 5.25975273e-01 2.11435214e-01
  1.51753816e-01 4.08120193e-01 1.74255913e-01 3.58700209e-01
  2.62817819e-01 2.89068939e-01 3.93381393e-01]]

3
----------------------------------------------------------------------------------
[[0.00000000e+00 0.00000000e+00 0.00000000e+00 0.00000000e+00
  0.00000000e+00 0.00000000e+00 1.59983882e-02 0.00000000e+00
  0.00000000e+00 1.80358576e-01 5.52974258e-02 1.15895353e-01
  7.28643964e-02 0.00000000e+00 0.00000000e+00]
 [0.00000000e+00 0.00000000e+00 0.00000000e+00 0.00000000e+00
  0.00000000e+00 0.00000000e+00 0.00000000e+00 0.00000000e+00
  0.00000000e+00 2.67243818e-02 8.71698447e-02 0.00000000e+00
  6.92439708e-02 6.25062116e-02 0.00000000e+00]
 [4.22818302e-02 0.00000000e+00 0.00000000e+00 0.00000000e+00
  0.00000000e+00 0.00000000e+00 0.00000000e+00 0.00000000e+00
  2.05016553e-02 0.00000000e+00 1.16650755e-01 0.00000000e+00
  1.56593383e-01 1.37761951e-01 0.00000000e+00]
 [0.00000000e+00 0.00000000e+00 0.00000000e+00 0.00000000e+00
  0.00000000e+00 0.00000000e+00 4.79458896e-02 0.00000000e+00
  0.00000000e+00 2.06000123e-01 8.28624774e-02 1.05305534e-01
  0.00000000e+00 0.00000000e+00 0.00000000e+00]
 [0.00000000e+00 1.61813792e-03 0.00000000e+00 0.00000000e+00
  0.00000000e+00 0.00000000e+00 8.66780634e-03 0.00000000e+00
  0.00000000e+00 3.34293104e-02 7.68058343e-02 3.95284626e-02
  0.00000000e+00 0.00000000e+00 0.00000000e+00]
 [2.11679745e-02 0.00000000e+00 1.68688652e-03 0.00000000e+00
  0.00000000e+00 0.00000000e+00 0.00000000e+00 9.66496430e-04
  8.81848681e-03 0.00000000e+00 1.36854509e-01 0.00000000e+00
  7.90946873e-02 5.77097884e-02 4.43572426e-03]
 [0.00000000e+00 0.00000000e+00 0.00000000e+00 0.00000000e+00
  0.00000000e+00 0.00000000e+00 0.00000000e+00 0.00000000e+00
  0.00000000e+00 0.00000000e+00 9.48608666e-02 0.00000000e+00
  4.31055259e-02 1.20222592e-03 0.00000000e+00]
 [9.07267795e-02 0.00000000e+00 0.00000000e+00 0.00000000e+00
  0.00000000e+00 0.00000000e+00 0.00000000e+00 0.00000000e+00
  1.83596675e-02 3.38201589e-01 0.00000000e+00 5.08139822e-02
  0.00000000e+00 0.00000000e+00 3.04749663e-02]
 [0.00000000e+00 0.00000000e+00 0.00000000e+00 0.00000000e+00
  0.00000000e+00 0.00000000e+00 4.64686162e-02 0.00000000e+00
  0.00000000e+00 1.32698092e-01 0.00000000e+00 8.38385008e-02
  4.55791631e-02 0.00000000e+00 0.00000000e+00]
 [8.93124427e-02 0.00000000e+00 4.19490117e-02 0.00000000e+00
  0.00000000e+00 0.00000000e+00 0.00000000e+00 1.20496158e-01
  1.53984322e-01 0.00000000e+00 0.00000000e+00 9.82468300e-03
  2.83662074e-02 0.00000000e+00 0.00000000e+00]
 [8.12492403e-02 0.00000000e+00 0.00000000e+00 5.03905449e-03
  0.00000000e+00 0.00000000e+00 5.47736600e-02 0.00000000e+00
  0.00000000e+00 5.61700599e-02 4.51182761e-02 0.00000000e+00
  4.64419622e-02 6.22374586e-02 0.00000000e+00]
 [6.75785438e-02 6.21093256e-02 1.03834592e-01 3.94110315e-02
  0.00000000e+00 0.00000000e+00 2.41195525e-03 0.00000000e+00
  1.66208959e-02 1.33404799e-01 0.00000000e+00 1.66051924e-02
  2.32500964e-02 0.00000000e+00 0.00000000e+00]
 [0.00000000e+00 0.00000000e+00 0.00000000e+00 0.00000000e+00
  0.00000000e+00 0.00000000e+00 0.00000000e+00 0.00000000e+00
  0.00000000e+00 3.22050799e-01 7.57811621e-02 0.00000000e+00
  1.18476715e-02 3.98313118e-03 0.00000000e+00]
 [6.50876501e-01 8.29535294e-01 1.15352449e+00 5.88394197e-01
  6.07917909e-02 9.34765479e-03 2.63533111e-02 1.38351653e-01
  3.68907092e-01 5.08714385e-02 3.71209560e-02 0.00000000e+00
  1.02967034e-01 0.00000000e+00 2.46600690e-02]
 [3.11556246e-01 6.59342883e-01 1.15595724e+00 4.54551988e-01
  1.52648952e-02 1.34284294e-01 2.29771039e-01 1.89100901e-01
  2.09920914e-01 1.09699349e-01 1.95410311e-02 0.00000000e+00
  9.72744390e-02 0.00000000e+00 2.10494590e-02]
 [4.07542158e-01 7.19168340e-01 1.21835155e+00 0.00000000e+00
  0.00000000e+00 0.00000000e+00 1.96965144e-01 1.01206860e-01
  1.35707478e-01 1.70505798e-01 0.00000000e+00 0.00000000e+00
  3.30152739e-02 0.00000000e+00 0.00000000e+00]
 [4.34420118e-01 7.15077131e-01 1.28280033e+00 8.33616523e-01
  2.03149923e-01 6.75221511e-02 3.40491343e-01 1.11622249e-01
  3.92328892e-01 1.38183901e-01 4.09081769e-02 6.73922809e-03
  2.55366180e-02 0.00000000e+00 0.00000000e+00]
 [2.55157454e-01 3.05672790e-01 3.72055762e-01 6.21280736e-01
  4.11739425e-01 5.11104009e-01 2.55190023e-01 2.10158695e-01
  2.49503310e-01 3.04743276e-01 2.90563599e-01 1.88427169e-01
  3.08989671e-01 3.99025638e-01 3.89945707e-01]]

4
----------------------------------------------------------------------------------
[[2.21457277e-01 0.00000000e+00 0.00000000e+00 1.35254444e-01
  0.00000000e+00 0.00000000e+00 0.00000000e+00 1.06292994e-01
  3.82988704e-02 2.48229119e-02 2.24816274e-01 1.01564104e-01
  2.23209898e-01 0.00000000e+00 1.01730549e-02]
 [1.70179800e-01 0.00000000e+00 0.00000000e+00 1.71576051e-02
  0.00000000e+00 0.00000000e+00 0.00000000e+00 3.65682179e-02
  0.00000000e+00 0.00000000e+00 1.56778406e-01 0.00000000e+00
  1.52813846e-01 4.54822977e-02 0.00000000e+00]
 [1.65313319e-01 0.00000000e+00 0.00000000e+00 0.00000000e+00
  0.00000000e+00 0.00000000e+00 0.00000000e+00 3.07903911e-02
  0.00000000e+00 0.00000000e+00 5.45553058e-02 6.24838697e-02
  1.94408897e-01 1.13270602e-01 5.78257908e-02]
 [2.06012816e-01 0.00000000e+00 0.00000000e+00 1.47981784e-01
  5.46383613e-02 0.00000000e+00 0.00000000e+00 7.65017340e-02
  6.68453077e-02 9.35347320e-02 2.25418862e-01 3.82750164e-02
  6.76800632e-02 0.00000000e+00 8.03217432e-02]
 [1.13516447e-01 0.00000000e+00 0.00000000e+00 3.20021338e-02
  0.00000000e+00 0.00000000e+00 0.00000000e+00 7.88035672e-02
  0.00000000e+00 6.76279904e-03 8.89003673e-02 2.25189986e-02
  1.07036546e-01 2.23558523e-02 1.36879356e-03]
 [7.98757380e-02 0.00000000e+00 0.00000000e+00 0.00000000e+00
  0.00000000e+00 2.10617219e-02 0.00000000e+00 0.00000000e+00
  0.00000000e+00 2.01154193e-02 1.00934680e-01 6.51408765e-02
  1.46814452e-01 1.02129187e-01 8.27727082e-02]
 [1.03326962e-01 0.00000000e+00 0.00000000e+00 0.00000000e+00
  0.00000000e+00 0.00000000e+00 0.00000000e+00 6.68409413e-02
  0.00000000e+00 0.00000000e+00 4.85092344e-02 0.00000000e+00
  9.03169776e-02 4.47540242e-02 8.84793336e-03]
 [1.52672588e-01 9.03507489e-03 1.92392479e-02 2.27850834e-01
  3.56956175e-02 2.43506434e-02 0.00000000e+00 8.42971996e-02
  9.66876708e-02 1.57343545e-01 2.38299647e-01 7.03670566e-02
  1.58437332e-01 2.71466025e-02 1.10471863e-01]
 [7.81417747e-02 0.00000000e+00 0.00000000e+00 2.11438173e-01
  0.00000000e+00 2.87058397e-02 0.00000000e+00 0.00000000e+00
  9.93731540e-02 1.46332180e-01 2.53950760e-01 8.10890334e-02
  0.00000000e+00 1.39371463e-01 2.11380766e-01]
 [1.41942120e-04 1.20532144e-01 3.35413933e-02 4.30271180e-02
  0.00000000e+00 1.16037691e-03 9.45001511e-02 8.96199635e-02
  0.00000000e+00 0.00000000e+00 4.94783077e-02 2.11598155e-01
  3.06304747e-01 1.10370489e-01 1.18276674e-01]
 [4.89716218e-02 0.00000000e+00 0.00000000e+00 5.94756713e-02
  0.00000000e+00 3.96143104e-02 0.00000000e+00 5.34761463e-03
  0.00000000e+00 3.26728055e-02 1.44366328e-01 4.84551896e-02
  1.38098647e-02 1.00753906e-01 1.36634122e-01]
 [8.57639245e-02 2.14177700e-02 4.06453029e-02 1.30793527e-01
  0.00000000e+00 1.89962361e-02 0.00000000e+00 3.14934159e-02
  3.86781855e-02 9.87286917e-02 1.92851456e-01 5.45494026e-02
  9.05772776e-02 5.56031213e-02 1.92670112e-01]
 [0.00000000e+00 0.00000000e+00 0.00000000e+00 0.00000000e+00
  0.00000000e+00 3.12690471e-02 0.00000000e+00 1.47964487e-02
  0.00000000e+00 5.53428169e-02 1.00233848e-01 7.40185133e-02
  1.41271950e-01 0.00000000e+00 3.78525857e-02]
 [9.02542725e-03 1.99415349e-02 0.00000000e+00 1.05920657e-01
  0.00000000e+00 2.39338651e-03 6.59836666e-02 6.55822171e-02
  1.42316376e-02 2.03525649e-02 1.62948574e-01 1.54756885e-01
  1.32179342e-01 0.00000000e+00 3.76352458e-01]
 [7.30019302e-02 1.54793411e-02 9.35948841e-02 3.19577030e-03
  0.00000000e+00 3.88217932e-03 6.12158380e-02 6.47810995e-02
  0.00000000e+00 5.49405223e-02 1.34257560e-01 5.50947188e-02
  1.08783109e-01 0.00000000e+00 2.53181344e-01]
 [0.00000000e+00 1.37684204e-01 1.40774743e-01 0.00000000e+00
  8.22165031e-04 0.00000000e+00 1.73212239e-01 1.43795680e-01
  0.00000000e+00 0.00000000e+00 7.40238690e-02 2.64504069e-02
  2.12996753e-01 0.00000000e+00 2.24293353e-02]
 [2.57198574e-01 2.06366373e-03 7.83518061e-02 6.96432837e-02
  1.11581672e-01 0.00000000e+00 5.11222147e-03 9.17190363e-02
  0.00000000e+00 0.00000000e+00 5.72432122e-02 0.00000000e+00
  2.03089651e-01 0.00000000e+00 3.00890826e-01]
 [2.89843692e-01 2.53300933e-01 2.03085157e-01 3.48971021e-01
  3.03656687e-01 2.00382638e-01 3.51819469e-01 1.37344586e-01
  3.99380608e-01 2.97867139e-01 2.43888274e-01 2.62794009e-01
  2.78990027e-01 3.40949120e-01 7.02413086e-01]]

5
----------------------------------------------------------------------------------
[[8.60510054e-02 5.58681301e-02 7.49556275e-02 1.47773748e-01
  6.95773218e-02 0.00000000e+00 1.38979616e-02 1.09976294e-01
  8.29654091e-02 5.07653485e-02 4.76251389e-02 1.19861640e-01
  0.00000000e+00 1.33256323e-01 1.13788274e-01]
 [1.67249778e-02 1.24576303e-02 1.31978798e-01 6.32123172e-02
  8.92994681e-02 0.00000000e+00 0.00000000e+00 7.47831703e-02
  8.28762718e-04 4.01101347e-02 0.00000000e+00 6.63067593e-02
  0.00000000e+00 1.55775441e-01 8.01421431e-02]
 [2.19240647e-03 1.01626392e-01 2.12119787e-01 1.14916779e-01
  5.66989022e-02 0.00000000e+00 0.00000000e+00 0.00000000e+00
  0.00000000e+00 1.10212945e-02 0.00000000e+00 0.00000000e+00
  0.00000000e+00 2.50978915e-01 4.29229217e-02]
 [5.48184957e-02 2.54311417e-02 1.03276130e-01 9.64722641e-02
  1.18780238e-01 0.00000000e+00 0.00000000e+00 1.19889913e-01
  4.72338597e-02 1.92564635e-02 0.00000000e+00 1.14706306e-01
  0.00000000e+00 8.41640824e-02 1.62801897e-01]
 [1.21819816e-02 0.00000000e+00 6.93178231e-02 0.00000000e+00
  6.87432023e-02 0.00000000e+00 0.00000000e+00 1.01901462e-01
  9.96122938e-03 3.28725086e-02 0.00000000e+00 7.22013308e-02
  2.62876312e-02 9.23861785e-02 3.84581458e-02]
 [6.20117192e-03 0.00000000e+00 1.91699041e-01 5.42830544e-02
  1.02069873e-01 8.13810669e-03 0.00000000e+00 0.00000000e+00
  0.00000000e+00 4.63337322e-03 0.00000000e+00 0.00000000e+00
  0.00000000e+00 1.52052406e-01 6.13200688e-02]
 [2.40327891e-02 0.00000000e+00 1.39368220e-01 8.69000435e-03
  6.89257728e-02 0.00000000e+00 0.00000000e+00 3.61967751e-02
  0.00000000e+00 0.00000000e+00 0.00000000e+00 6.10711072e-03
  2.14272195e-02 1.26727021e-01 6.34863357e-02]
 [6.99703491e-02 2.78241220e-02 1.60800792e-01 0.00000000e+00
  1.62135940e-01 1.38797367e-01 0.00000000e+00 1.54556587e-01
  1.67833836e-01 0.00000000e+00 0.00000000e+00 2.20248125e-01
  6.44716839e-02 0.00000000e+00 1.58806614e-01]
 [0.00000000e+00 1.97567234e-02 1.52962187e-01 1.04556157e-01
  2.89503144e-02 0.00000000e+00 0.00000000e+00 1.07646948e-01
  1.45636079e-01 0.00000000e+00 0.00000000e+00 1.15731480e-01
  0.00000000e+00 1.09845321e-01 6.35446098e-02]
 [4.99079703e-03 0.00000000e+00 1.00418309e-01 4.30228168e-03
  2.13789550e-01 1.12718703e-01 0.00000000e+00 0.00000000e+00
  1.15894722e-01 0.00000000e+00 0.00000000e+00 0.00000000e+00
  6.14035795e-02 1.41714481e-01 0.00000000e+00]
 [0.00000000e+00 4.32096541e-02 2.98578539e-01 8.76749748e-02
  4.44148056e-02 1.47781375e-02 0.00000000e+00 0.00000000e+00
  0.00000000e+00 7.42849911e-03 1.35256528e-01 0.00000000e+00
  0.00000000e+00 2.12276913e-01 3.64573395e-02]
 [0.00000000e+00 5.25746566e-02 8.32740079e-02 1.41813097e-01
  2.58515842e-02 1.41751790e-01 0.00000000e+00 1.84616230e-01
  9.55108398e-02 0.00000000e+00 0.00000000e+00 8.85664589e-02
  0.00000000e+00 6.54836019e-02 5.65651398e-02]
 [2.72256593e-02 9.51352548e-02 2.29363186e-01 7.04679446e-02
  6.31350723e-02 8.14245129e-02 0.00000000e+00 7.75759677e-02
  0.00000000e+00 6.57556436e-03 0.00000000e+00 3.57513880e-03
  0.00000000e+00 1.62145391e-01 2.05536084e-03]
 [9.04001834e-02 4.86352193e-02 7.65520991e-02 1.65334942e-01
  5.92876893e-04 0.00000000e+00 0.00000000e+00 1.87648606e-01
  5.98043765e-02 3.23029377e-02 8.88809523e-02 5.26636283e-02
  7.43064783e-02 0.00000000e+00 0.00000000e+00]
 [3.03552539e-02 0.00000000e+00 6.25431237e-02 1.81565065e-02
  0.00000000e+00 9.59042481e-02 0.00000000e+00 1.76102401e-01
  0.00000000e+00 3.69726565e-02 0.00000000e+00 8.34478536e-02
  1.15258152e-01 3.21716407e-02 0.00000000e+00]
 [1.12470112e-01 7.38403853e-02 1.36986653e-01 9.92626687e-02
  8.65144136e-02 1.20243239e-01 5.68681810e-03 7.92826047e-02
  0.00000000e+00 3.12024767e-02 0.00000000e+00 5.54558124e-02
  2.20495332e-01 4.03476706e-02 0.00000000e+00]
 [1.48002775e-01 0.00000000e+00 0.00000000e+00 0.00000000e+00
  0.00000000e+00 1.03771828e-01 0.00000000e+00 1.18738145e-01
  0.00000000e+00 1.15604852e-01 0.00000000e+00 1.08091214e-01
  3.16252005e-01 0.00000000e+00 0.00000000e+00]
 [1.49267027e-01 1.92164308e-01 2.49364588e-01 5.01548108e-01
  2.78366837e-01 2.66700611e-01 6.13004452e-01 1.78160492e-01
  3.32497941e-01 2.04349077e-01 4.62540874e-01 2.16237376e-01
  2.75223552e-01 1.70168621e-01 1.82133099e-01]]

6
----------------------------------------------------------------------------------
[[0.11793436 0.02465762 0.25838691 0.         0.04020497 0.
  0.         0.00096359 0.         0.         0.         0.21416093
  0.         0.         0.08004224]
 [0.11781788 0.02892654 0.13627051 0.         0.05843783 0.
  0.         0.01172879 0.         0.         0.         0.02438612
  0.04596959 0.         0.        ]
 [0.1332949  0.023942   0.23698632 0.13361884 0.21690598 0.06636476
  0.         0.         0.         0.16494571 0.         0.
  0.05306463 0.         0.        ]
 [0.07042083 0.05910416 0.18643849 0.         0.         0.03973878
  0.         0.         0.         0.         0.         0.16734916
  0.         0.         0.01934825]
 [0.05349114 0.01551666 0.12922322 0.         0.         0.
  0.         0.01404294 0.         0.         0.         0.09694989
  0.04626464 0.         0.        ]
 [0.09398086 0.06246081 0.04436736 0.10230542 0.1013764  0.0190529
  0.         0.         0.         0.15859732 0.         0.
  0.07741658 0.         0.        ]
 [0.05428015 0.02342542 0.01493266 0.         0.05131317 0.
  0.         0.04671761 0.         0.         0.         0.
  0.08558149 0.         0.        ]
 [0.         0.00677517 0.13474442 0.         0.         0.
  0.00114601 0.         0.         0.         0.         0.24140561
  0.         0.         0.        ]
 [0.00844423 0.05224999 0.26600731 0.         0.         0.
  0.         0.         0.         0.         0.         0.07292325
  0.         0.         0.        ]
 [0.0241642  0.         0.03794938 0.06584483 0.         0.
  0.         0.11088824 0.         0.11230495 0.03731874 0.
  0.19823347 0.         0.00571873]
 [0.07705349 0.02963588 0.2608025  0.1076551  0.05311341 0.10178602
  0.         0.         0.         0.14320873 0.         0.
  0.01834289 0.         0.        ]
 [0.0089841  0.0432277  0.18008332 0.         0.         0.
  0.         0.09849438 0.         0.         0.         0.16433753
  0.08352663 0.         0.        ]
 [0.         0.         0.13915057 0.0416614  0.         0.03741286
  0.         0.01847936 0.         0.00591458 0.         0.
  0.03641274 0.         0.        ]
 [0.         0.         0.09099343 0.08766463 0.         0.
  0.         0.04137481 0.         0.00115884 0.         0.11884969
  0.00470016 0.         0.        ]
 [0.         0.00198259 0.         0.0649106  0.         0.
  0.         0.09556479 0.05979578 0.         0.         0.11258215
  0.01687725 0.         0.        ]
 [0.         0.         0.         0.         0.         0.
  0.01518524 0.26149073 0.02342991 0.         0.         0.0527789
  0.19938218 0.         0.        ]
 [0.         0.07974359 0.         0.         0.         0.
  0.         0.18597951 0.11342794 0.         0.         0.2578316
  0.01851253 0.         0.        ]
 [0.36603065 0.15465324 0.27096183 0.53579    0.34909808 0.35364338
  0.28309373 0.42023069 0.28048077 0.61946349 0.48327055 0.33421597
  0.21573805 0.38146959 0.31740462]]

7
----------------------------------------------------------------------------------
[[0.20529356 0.05145851 0.         0.08425405 0.05631649 0.0893946
  0.04077683 0.12372219 0.         0.17575659 0.         0.
  0.         0.08470645 0.        ]
 [0.10001684 0.01890454 0.         0.01789492 0.0377607  0.10805283
  0.05929294 0.08320748 0.         0.19852382 0.         0.
  0.         0.         0.        ]
 [0.13835191 0.12015771 0.         0.01533938 0.16275315 0.18151901
  0.0846368  0.06419139 0.01023838 0.28835251 0.         0.
  0.07075577 0.         0.        ]
 [0.18703017 0.         0.         0.08860308 0.04339516 0.1079957
  0.         0.11340077 0.02429387 0.18770366 0.         0.
  0.         0.11919011 0.        ]
 [0.08301657 0.00457653 0.         0.07394138 0.         0.1024902
  0.         0.03097677 0.         0.07967307 0.         0.
  0.         0.17262367 0.        ]
 [0.09188551 0.05915889 0.         0.02689414 0.08296995 0.17561682
  0.0260183  0.06914922 0.00260516 0.16613297 0.         0.
  0.05602666 0.         0.        ]
 [0.0416063  0.         0.         0.02388525 0.         0.10027242
  0.         0.02261576 0.00894774 0.13706162 0.         0.
  0.         0.         0.        ]
 [0.12760623 0.         0.         0.10782496 0.         0.09835233
  0.         0.0011358  0.         0.16499794 0.         0.
  0.25032941 0.17547141 0.07083486]
 [0.15938803 0.03509758 0.         0.04821927 0.0132691  0.02240833
  0.         0.08484824 0.         0.21732546 0.         0.
  0.14485277 0.01759509 0.        ]
 [0.         0.         0.         0.         0.03217948 0.17964791
  0.         0.         0.         0.07960395 0.07196668 0.
  0.0468473  0.         0.11706572]
 [0.07415532 0.07912975 0.         0.         0.11099532 0.119858
  0.09479174 0.05139764 0.         0.21657639 0.         0.
  0.11231154 0.         0.01845525]
 [0.13418787 0.01107103 0.         0.06734391 0.         0.09185735
  0.         0.         0.         0.18698114 0.         0.
  0.07029374 0.09664852 0.        ]
 [0.06387342 0.10861832 0.         0.03547326 0.04293317 0.14099729
  0.02338919 0.         0.         0.13002511 0.         0.
  0.09433413 0.         0.        ]
 [0.         0.22773541 0.         0.3466897  0.08175684 0.27327923
  0.0183584  0.03188382 0.00922354 0.27316239 0.02025822 0.
  0.10164114 0.08571579 0.00261973]
 [0.         0.20057767 0.         0.25611228 0.07351065 0.17344903
  0.         0.         0.00500054 0.09469852 0.0877185  0.
  0.05896931 0.22489567 0.02085044]
 [0.04239693 0.15851983 0.12059963 0.28214969 0.32762905 0.27683705
  0.         0.         0.06419375 0.24386373 0.29858914 0.
  0.00866917 0.35071903 0.0521585 ]
 [0.         0.08326297 0.05901831 0.45930134 0.05318269 0.24500393
  0.         0.         0.00104463 0.03312224 0.         0.
  0.         0.18446971 0.        ]
 [0.30951338 0.28294793 0.43758305 0.27956818 0.35538851 0.06490094
  0.3931034  0.4003861  0.17934096 0.30064508 0.43916878 0.29086278
  0.24559007 0.30910664 0.65239718]]