

1
----------------------------------------------------------------------------------
[[0.00000000e+00 0.00000000e+00 5.98697674e-02 0.00000000e+00
  0.00000000e+00 0.00000000e+00 0.00000000e+00 1.43450261e-01
  4.82715699e-02 1.25795097e-01 6.74028172e-02 2.56129010e-01
  3.74455830e-02 0.00000000e+00 0.00000000e+00]
 [0.00000000e+00 0.00000000e+00 0.00000000e+00 0.00000000e+00
  0.00000000e+00 5.01629668e-02 0.00000000e+00 0.00000000e+00
  7.92187442e-02 7.43311838e-02 1.01534877e-01 0.00000000e+00
  8.41518996e-02 0.00000000e+00 0.00000000e+00]
 [0.00000000e+00 0.00000000e+00 0.00000000e+00 0.00000000e+00
  0.00000000e+00 8.10692304e-03 0.00000000e+00 0.00000000e+00
  7.74106840e-02 8.62689734e-02 1.15233788e-01 0.00000000e+00
  2.82024783e-02 0.00000000e+00 0.00000000e+00]
 [8.40079853e-02 1.22425395e-01 2.47834272e-01 7.31930149e-02
  0.00000000e+00 1.42611898e-01 1.14561974e-01 2.74290412e-01
  1.49480719e-01 2.86515753e-01 1.42720477e-01 3.29969676e-01
  9.35291815e-02 6.32631495e-02 0.00000000e+00]
 [1.33862041e-01 6.16485688e-02 3.44631110e-02 4.04095980e-03
  0.00000000e+00 0.00000000e+00 7.17905547e-02 6.40404266e-02
  2.10591156e-02 1.15558343e-01 1.51587156e-01 1.37523553e-01
  6.94784904e-02 0.00000000e+00 0.00000000e+00]
 [0.00000000e+00 0.00000000e+00 0.00000000e+00 3.63225900e-02
  0.00000000e+00 4.22901492e-02 4.29500761e-02 6.48340793e-02
  2.29784720e-01 6.32201522e-02 1.53549279e-01 0.00000000e+00
  8.50324327e-03 0.00000000e+00 0.00000000e+00]
 [6.02008337e-02 4.17831239e-02 0.00000000e+00 1.94922424e-01
  0.00000000e+00 3.32517450e-03 8.33708683e-02 6.97745297e-02
  5.81764650e-02 9.15530313e-02 1.25219746e-01 0.00000000e+00
  5.51345914e-02 2.46153059e-02 0.00000000e+00]
 [0.00000000e+00 0.00000000e+00 2.17137795e-01 2.04246709e+00
  4.28028039e+00 3.56002997e-01 2.46345175e+00 9.69376708e-01
  1.04611019e+00 7.30948259e-01 3.37779159e-01 2.65846850e-01
  1.21999933e-01 5.03158512e-02 0.00000000e+00]
 [4.48756888e-02 3.91111627e-02 3.01134256e-01 2.70777545e+00
  5.39480402e+00 4.93972092e-01 4.51810888e+00 1.62604886e+00
  1.20005922e+00 8.07818978e-01 3.77121046e-01 3.41718614e-01
  1.73696559e-01 1.04703843e-01 0.00000000e+00]
 [0.00000000e+00 0.00000000e+00 3.31418851e-02 2.79224524e-01
  0.00000000e+00 1.58131734e-02 3.89370922e-02 1.30419360e-01
  1.73719529e-01 0.00000000e+00 1.38362254e-01 0.00000000e+00
  1.20826203e-01 0.00000000e+00 0.00000000e+00]
 [8.67987801e-02 0.00000000e+00 4.90168270e-01 6.67018669e+00
  6.15275820e+00 2.00172829e+00 5.83621546e+00 2.06834955e+00
  1.91044071e+00 8.15157654e-01 5.55369931e-01 1.89198042e-02
  7.40096729e-02 6.03496893e-02 0.00000000e+00]
 [3.28928773e-03 0.00000000e+00 8.72158243e-02 5.01988274e-01
  1.51412750e+00 1.28267800e-01 1.46355251e+00 5.24858998e-01
  4.45436732e-01 2.53234042e-01 1.26655438e-01 2.29499108e-01
  6.25189038e-02 3.87004294e-03 0.00000000e+00]
 [0.00000000e+00 0.00000000e+00 1.17450826e-02 1.96304660e+00
  7.22780054e+00 5.03995773e-02 5.86307898e-01 2.62634086e-01
  1.98405198e-01 1.39010574e-01 1.74745320e-01 0.00000000e+00
  0.00000000e+00 0.00000000e+00 8.19903845e-03]
 [4.80652019e-02 1.18794403e-03 0.00000000e+00 1.01779045e-02
  0.00000000e+00 0.00000000e+00 2.43658661e-02 5.17861482e-02
  4.89137836e-02 1.33132588e-02 6.38608376e-02 5.98453818e-02
  2.61843887e-02 2.77366768e-02 0.00000000e+00]
 [0.00000000e+00 0.00000000e+00 0.00000000e+00 0.00000000e+00
  0.00000000e+00 0.00000000e+00 3.23945987e-02 1.75057557e-02
  6.72282257e-02 6.01845276e-02 6.51526783e-02 0.00000000e+00
  1.20291704e-01 9.94824891e-02 0.00000000e+00]
 [0.00000000e+00 0.00000000e+00 0.00000000e+00 9.81096612e-02
  0.00000000e+00 4.41055956e-02 9.65283583e-02 6.37950044e-02
  6.65171575e-02 9.06282400e-04 3.61552822e-02 0.00000000e+00
  6.20332672e-02 0.00000000e+00 0.00000000e+00]
 [0.00000000e+00 0.00000000e+00 1.14661630e-01 3.70626205e-02
  0.00000000e+00 4.38293647e-02 0.00000000e+00 1.26318248e-01
  7.93429659e-02 0.00000000e+00 7.97406136e-02 7.71314123e-02
  7.45610143e-02 8.52770831e-02 0.00000000e+00]
 [4.92370230e-01 7.03948806e-01 2.94520725e-01 4.57203633e-01
  4.50239229e-01 1.63331732e-01 4.33978877e-01 3.28706857e-01
  7.77314647e-02 1.22572879e-01 1.60247435e-01 3.85708637e-01
  1.10738274e-01 3.60229237e-01 3.03110355e-01]]

2
----------------------------------------------------------------------------------
[[3.49426928e-02 5.04587369e-02 1.45967151e-01 0.00000000e+00
  0.00000000e+00 7.90147508e-02 9.29706488e-02 0.00000000e+00
  7.64708559e-02 6.66393592e-02 1.80105997e-01 0.00000000e+00
  1.80341275e-02 1.93903521e-01 5.01314318e-02]
 [0.00000000e+00 9.94971867e-03 4.94862181e-02 0.00000000e+00
  0.00000000e+00 0.00000000e+00 1.07057653e-01 0.00000000e+00
  2.17069866e-03 0.00000000e+00 1.00913951e-01 0.00000000e+00
  6.25030813e-02 0.00000000e+00 0.00000000e+00]
 [0.00000000e+00 0.00000000e+00 0.00000000e+00 0.00000000e+00
  0.00000000e+00 0.00000000e+00 1.29126069e-01 0.00000000e+00
  0.00000000e+00 3.66614435e-02 4.59468524e-02 1.31610558e-02
  5.42050542e-02 0.00000000e+00 2.06187431e-02]
 [1.69653973e-01 6.14763022e-02 2.59424449e-01 0.00000000e+00
  0.00000000e+00 1.24218123e-01 1.76815162e-01 5.85998660e-02
  6.24614892e-02 9.49622072e-02 2.05892930e-01 8.82541992e-02
  6.91561211e-02 1.93933885e-01 5.24383663e-02]
 [4.99106977e-02 7.87293720e-03 4.13603994e-02 1.40624705e-03
  0.00000000e+00 0.00000000e+00 1.26249327e-01 4.68003970e-02
  1.71767207e-02 2.79998164e-02 5.43645136e-02 6.23429283e-02
  7.01512587e-02 3.65907647e-02 1.54664285e-02]
 [6.35780174e-03 0.00000000e+00 0.00000000e+00 0.00000000e+00
  0.00000000e+00 0.00000000e+00 8.15423566e-02 0.00000000e+00
  4.98576805e-02 7.87468977e-02 3.94226123e-02 9.36681773e-02
  3.95449155e-02 5.64523336e-02 4.36113250e-02]
 [8.78264722e-02 0.00000000e+00 5.74793150e-02 0.00000000e+00
  4.28165983e-02 0.00000000e+00 1.39299240e-01 0.00000000e+00
  4.24417645e-02 8.83586054e-02 1.25582340e-02 7.30043399e-02
  6.37431144e-02 9.03423512e-02 0.00000000e+00]
 [2.88238301e-01 7.94225360e-03 2.12771429e-01 0.00000000e+00
  0.00000000e+00 7.91911165e-02 1.07581650e-01 0.00000000e+00
  4.76999380e-02 8.06393100e-02 1.32706457e-01 2.64462800e-02
  8.05114291e-03 2.00227642e-01 2.75194499e-02]
 [3.88641349e-01 2.11372083e-02 1.36005349e-01 0.00000000e+00
  0.00000000e+00 1.33158617e-01 1.71428772e-01 0.00000000e+00
  4.11535083e-02 7.73778164e-02 1.39384896e-01 1.15273007e-01
  6.08459180e-02 2.21686675e-01 3.23090181e-02]
 [3.57292671e-02 2.28278027e-02 2.69007149e-02 0.00000000e+00
  7.55176668e-02 1.17321872e-01 1.65812484e-01 0.00000000e+00
  4.53454870e-02 1.89337686e-01 9.97193680e-02 1.16031826e-01
  7.39882266e-02 1.61314658e-01 4.43934537e-02]
 [3.23538947e-01 3.68395018e-02 1.69629392e-02 1.24039437e-02
  0.00000000e+00 3.14010279e-03 1.52668905e-01 0.00000000e+00
  2.08323937e-02 3.97375947e-02 0.00000000e+00 4.47380399e-02
  4.06714205e-04 1.57486975e-01 2.52245839e-02]
 [2.07078425e-01 5.63075998e-03 1.05436684e-01 0.00000000e+00
  0.00000000e+00 7.54745376e-02 7.62069640e-02 0.00000000e+00
  1.84071857e-02 3.36798435e-02 1.01482099e-01 4.10280134e-02
  0.00000000e+00 4.37465371e-02 2.57399257e-02]
 [1.17051642e-01 3.57022952e-02 0.00000000e+00 0.00000000e+00
  0.00000000e+00 2.20482571e-02 7.89566627e-02 0.00000000e+00
  1.59265175e-03 0.00000000e+00 5.94935985e-03 0.00000000e+00
  1.67762790e-04 8.48911026e-03 3.76015007e-04]
 [1.27182087e-01 2.56327212e-02 1.14300799e-02 0.00000000e+00
  0.00000000e+00 4.43286350e-03 9.56700326e-02 0.00000000e+00
  0.00000000e+00 0.00000000e+00 7.17843942e-02 1.08456141e-01
  2.40281640e-02 1.58170897e-01 3.06099825e-02]
 [1.04914579e-01 5.59050777e-02 0.00000000e+00 5.12443701e-02
  0.00000000e+00 6.83432699e-02 1.40739770e-01 0.00000000e+00
  1.46037487e-02 4.54223981e-04 1.01348792e-01 5.90791449e-02
  1.49051221e-02 5.97217811e-02 0.00000000e+00]
 [1.26891832e-01 4.34958202e-02 3.64117705e-02 0.00000000e+00
  0.00000000e+00 0.00000000e+00 1.13245781e-01 0.00000000e+00
  0.00000000e+00 1.21784478e-02 5.85251514e-02 1.78819963e-01
  8.94348525e-02 5.41720404e-02 0.00000000e+00]
 [1.80577796e-01 2.05895162e-02 6.62068658e-02 0.00000000e+00
  1.63607304e-02 1.57920766e-02 8.81121736e-02 0.00000000e+00
  5.10126850e-02 7.46078984e-02 1.26154661e-01 5.57739817e-02
  2.97735878e-02 1.52465061e-01 4.84665882e-02]
 [3.18866061e-01 1.44372415e-01 2.91970652e-01 2.59187940e-01
  2.74177462e-01 1.30782377e-01 1.03535298e-01 2.79297937e-01
  1.31045165e-01 1.56272903e-01 7.84525531e-02 2.02464430e-01
  9.35479580e-02 3.70519996e-01 2.05288609e-01]]

3
----------------------------------------------------------------------------------
[[1.37890320e-02 0.00000000e+00 2.34830062e-01 7.69050351e-02
  0.00000000e+00 0.00000000e+00 7.23276169e-02 0.00000000e+00
  4.54710954e-02 0.00000000e+00 0.00000000e+00 4.42461628e-02
  1.43043326e-01 0.00000000e+00 1.29601023e-01]
 [0.00000000e+00 0.00000000e+00 0.00000000e+00 8.69126705e-05
  0.00000000e+00 0.00000000e+00 0.00000000e+00 0.00000000e+00
  0.00000000e+00 3.04874339e-02 0.00000000e+00 0.00000000e+00
  7.85736678e-02 0.00000000e+00 9.37936762e-02]
 [3.21200464e-02 0.00000000e+00 0.00000000e+00 3.02517905e-02
  0.00000000e+00 0.00000000e+00 9.32076647e-02 0.00000000e+00
  4.36384517e-02 9.35285224e-02 0.00000000e+00 0.00000000e+00
  6.89017605e-02 0.00000000e+00 1.36359739e-01]
 [1.36637243e-02 0.00000000e+00 3.84376329e-01 1.22515617e-01
  0.00000000e+00 0.00000000e+00 1.01671559e-01 3.89487006e-02
  9.50238694e-02 1.99233698e-02 0.00000000e+00 1.24040822e-01
  2.70911356e-01 0.00000000e+00 3.35769779e-01]
 [0.00000000e+00 0.00000000e+00 1.64859540e-01 8.06739212e-02
  0.00000000e+00 0.00000000e+00 0.00000000e+00 0.00000000e+00
  0.00000000e+00 0.00000000e+00 0.00000000e+00 0.00000000e+00
  2.08120331e-01 0.00000000e+00 3.56685083e-01]
 [0.00000000e+00 0.00000000e+00 5.70819322e-02 1.30408275e-01
  6.93832124e-03 0.00000000e+00 4.19735812e-02 0.00000000e+00
  2.34933067e-02 1.05928856e-01 0.00000000e+00 0.00000000e+00
  6.76125300e-02 0.00000000e+00 3.13208878e-01]
 [0.00000000e+00 0.00000000e+00 4.71241312e-02 2.77370240e-02
  0.00000000e+00 0.00000000e+00 0.00000000e+00 0.00000000e+00
  1.74266878e-02 4.80572552e-02 0.00000000e+00 6.96121803e-03
  1.02178157e-01 0.00000000e+00 3.87919836e-01]
 [0.00000000e+00 0.00000000e+00 2.32999482e-01 7.39844783e-02
  0.00000000e+00 0.00000000e+00 6.52072501e-02 9.06661205e-03
  8.51799887e-02 0.00000000e+00 2.77455280e-01 8.26773271e-01
  1.35676373e+00 4.45925742e-01 9.37483354e-01]
 [0.00000000e+00 0.00000000e+00 3.08328702e-01 1.09346847e-01
  0.00000000e+00 0.00000000e+00 1.03730000e-01 5.51777030e-02
  1.53251502e-01 3.16289922e-02 7.84446425e-01 6.94417103e-01
  1.24811205e+00 2.11867869e-01 8.82294273e-01]
 [8.61890942e-02 2.45454104e-02 4.46987389e-02 7.02901282e-02
  2.16236160e-02 0.00000000e+00 9.88513489e-02 5.26850649e-02
  1.31545808e-01 2.39775662e-01 5.61476025e-02 4.18922451e-01
  7.80738945e-01 1.63266440e-01 7.79859073e-01]
 [0.00000000e+00 0.00000000e+00 8.39544536e-02 7.25028902e-02
  6.52420793e-03 0.00000000e+00 6.91495352e-02 0.00000000e+00
  5.40789503e-02 2.25717035e-01 5.42489149e-01 7.24052754e-01
  7.47104075e-01 0.00000000e+00 8.30580646e-01]
 [0.00000000e+00 0.00000000e+00 1.76407339e-01 2.39893723e-02
  0.00000000e+00 0.00000000e+00 0.00000000e+00 0.00000000e+00
  2.62343720e-02 7.83934415e-02 1.50314334e+00 2.94594466e+00
  3.25613050e+00 8.02039912e-01 1.04376031e+00]
 [0.00000000e+00 0.00000000e+00 0.00000000e+00 0.00000000e+00
  0.00000000e+00 0.00000000e+00 5.93685895e-02 0.00000000e+00
  0.00000000e+00 4.13852418e-01 2.27379179e+00 2.76588412e+00
  1.51675896e+00 5.44654547e-01 8.79505662e-01]
 [0.00000000e+00 0.00000000e+00 0.00000000e+00 0.00000000e+00
  0.00000000e+00 0.00000000e+00 0.00000000e+00 0.00000000e+00
  6.30649058e-02 2.30094377e-01 3.88517123e+00 7.46480410e+00
  6.59088671e+00 2.07716756e+00 1.27872739e+00]
 [0.00000000e+00 1.13212216e-02 0.00000000e+00 0.00000000e+00
  0.00000000e+00 0.00000000e+00 5.85223389e-02 0.00000000e+00
  2.86528098e-02 3.93816309e-01 4.72650541e+00 9.55749696e+00
  7.38163901e+00 3.18774221e+00 2.01752283e+00]
 [0.00000000e+00 0.00000000e+00 0.00000000e+00 0.00000000e+00
  0.00000000e+00 0.00000000e+00 3.49640175e-02 0.00000000e+00
  5.12059556e-02 7.40974294e-01 1.18604005e+01 1.33464684e+01
  5.03950153e+01 3.14853939e+00 1.63102066e+00]
 [0.00000000e+00 0.00000000e+00 1.08100343e-01 2.71467025e-02
  0.00000000e+00 5.31258639e-02 5.60006359e-02 8.43407531e-02
  4.06603009e-02 9.18820387e-02 3.89615808e+00 8.75589670e+00
  8.62596138e+00 3.31532269e+00 1.81241001e+00]
 [1.76405863e-01 2.20441400e-01 4.53941206e-01 1.73969254e-01
  2.15467342e-01 2.51546768e-01 9.50808248e-02 3.52365573e-01
  1.39143990e-01 8.75633856e-02 1.67794917e-01 3.56346887e-01
  1.26291128e-01 3.12999178e-01 1.61492207e-01]]

4
----------------------------------------------------------------------------------
[[0.05343292 0.         0.         0.         0.         0.
  0.         0.         0.         0.         0.         0.
  0.22938428 0.         0.        ]
 [0.03747348 0.         0.         0.         0.         0.
  0.         0.         0.         0.         0.         0.00455976
  0.         0.         0.        ]
 [0.         0.         0.         0.         0.         0.
  0.         0.         0.         0.         0.         0.
  0.         0.         0.        ]
 [0.13109091 0.         0.         0.         0.01887252 0.
  0.         0.         0.         0.         0.         0.040986
  0.51223088 0.         0.        ]
 [0.13178917 0.         0.         0.         0.         0.
  0.         0.         0.         0.         0.         0.01233294
  0.25482839 0.         0.        ]
 [0.15697315 0.02561991 0.         0.         0.         0.
  0.         0.         0.         0.         0.         0.
  0.         0.         0.        ]
 [0.12556642 0.00203352 0.         0.         0.         0.
  0.         0.         0.         0.         0.         0.
  0.13321131 0.         0.        ]
 [0.49705641 0.28354197 0.         0.         0.         0.02126434
  0.         0.         0.         0.20292339 0.40197802 0.01700685
  0.42619963 0.         0.        ]
 [0.46281514 0.32313964 0.         0.         0.         0.
  0.         0.         0.         0.54633793 0.47579204 0.06397305
  0.49668591 0.         0.        ]
 [0.22492252 0.10567022 0.         0.         0.         0.
  0.         0.         0.01679063 0.         0.         0.
  0.18632306 0.         0.        ]
 [0.32851243 0.10707502 0.         0.         0.         0.
  0.         0.         0.03752499 0.70310746 0.1501703  0.
  0.26740666 0.         0.1376171 ]
 [0.69930684 0.93325972 0.35970321 0.25603392 0.         0.19544394
  0.11999001 0.         0.05940928 0.21640984 0.273233   0.08963031
  0.12032456 0.         0.        ]
 [0.22614134 0.24150044 0.         0.13759977 0.02251574 0.0657423
  0.         0.         0.08553535 0.43249318 0.         0.05779471
  0.05246778 0.         0.        ]
 [0.63883213 0.7810133  1.07171883 1.6176231  0.92823574 1.15840155
  0.53466379 0.18191909 0.22840307 0.17109091 0.39513941 0.40578932
  0.32044152 0.         0.11384338]
 [0.42818739 0.49264231 0.84294907 1.26687261 1.25638334 1.15260103
  0.52851664 0.3668088  0.22872268 0.16193904 0.20077334 0.21209724
  0.13468149 0.         0.        ]
 [0.1102766  0.48611874 0.74229835 1.2507274  1.15834737 0.59490798
  0.3032992  0.03674564 0.22451528 0.32400663 0.10785045 0.23188714
  0.43193277 0.         0.21308015]
 [0.87620244 0.76556964 0.93605549 1.15392172 1.29198398 1.63313171
  0.72054663 0.39162145 0.26413531 0.28187733 0.26526513 0.24626869
  0.16800918 0.         0.        ]
 [0.25843777 0.38705542 0.66022241 0.91308347 0.73730216 0.87192701
  0.4933871  0.40476268 0.30638112 0.32847403 0.66925755 0.37808613
  0.60558548 0.86701908 1.06850869]]

5
----------------------------------------------------------------------------------
[[3.76826177e-01 2.04954396e-03 4.52177702e-02 1.07951980e-01
  0.00000000e+00 5.81256202e-02 0.00000000e+00 4.71824656e-02
  0.00000000e+00 3.02028909e-02 1.56718858e-01 1.50000088e-01
  0.00000000e+00 8.51513559e-02 4.66699096e-02]
 [6.93733661e-02 4.73617376e-02 9.10259774e-02 5.43493507e-02
  0.00000000e+00 1.12879514e-01 0.00000000e+00 0.00000000e+00
  1.07703024e-02 7.05996081e-02 7.00914544e-02 1.83875087e-01
  0.00000000e+00 0.00000000e+00 0.00000000e+00]
 [6.48437177e-02 1.23724684e-02 4.26834027e-02 2.91723542e-03
  0.00000000e+00 1.82389223e-01 2.87154878e-02 0.00000000e+00
  0.00000000e+00 6.41977685e-02 3.18854287e-02 9.22781225e-02
  4.42209594e-02 0.00000000e+00 7.94987175e-02]
 [4.08484723e-01 0.00000000e+00 1.75716207e-02 1.86949664e-01
  0.00000000e+00 3.16136513e-02 3.62337455e-03 1.74984507e-01
  0.00000000e+00 5.80255540e-02 1.61005361e-01 7.92406673e-02
  7.31470657e-03 9.27704534e-02 2.45746206e-01]
 [9.67899997e-02 0.00000000e+00 4.96301594e-02 2.80261681e-02
  0.00000000e+00 2.92793442e-02 3.08850823e-02 7.92863841e-02
  0.00000000e+00 4.14227087e-02 6.30950709e-02 7.32442453e-02
  0.00000000e+00 0.00000000e+00 1.38407400e-01]
 [1.40344433e-01 0.00000000e+00 1.13119591e-02 1.98841252e-02
  1.70393198e-02 1.91752281e-01 6.30890449e-02 1.77575111e-02
  3.21494176e-02 6.10264016e-02 1.78675140e-01 1.14779695e-01
  6.12379660e-02 0.00000000e+00 1.17591225e-01]
 [8.62289782e-02 7.61600506e-03 2.29421790e-02 8.36965244e-03
  0.00000000e+00 1.04677446e-01 7.35865792e-02 3.68112280e-03
  5.05769305e-04 2.60292211e-02 1.20711275e-01 1.09545710e-01
  0.00000000e+00 0.00000000e+00 8.26630017e-02]
 [5.20992922e-01 3.91579859e-02 2.26950457e-02 2.09344995e-01
  0.00000000e+00 4.54993237e-02 6.53958768e-02 5.42459224e-01
  6.30974428e-02 8.47008272e-02 1.74555526e-01 0.00000000e+00
  0.00000000e+00 8.58925677e-02 3.17116133e-01]
 [3.42914126e-01 0.00000000e+00 0.00000000e+00 1.70756832e-01
  3.31453845e-02 6.18619472e-02 0.00000000e+00 1.47452466e+00
  1.95288480e-01 1.04393609e-01 3.27598532e-01 4.01337964e-02
  8.19927148e-02 8.70896120e-02 3.02036957e-01]
 [1.52817921e-01 5.13923642e-02 3.00322975e-02 1.94899729e-02
  0.00000000e+00 2.69658041e-01 7.88143778e-02 4.75091673e-02
  1.08893205e-03 9.08483553e-02 2.96412849e-02 5.73102728e-02
  1.28910827e-01 0.00000000e+00 2.74665287e-01]
 [1.61747870e-01 8.71739800e-02 7.29199725e-02 1.21889977e-01
  1.19056774e-01 1.59331418e-01 1.69075029e-01 1.32276077e+00
  9.73556692e-02 1.84904125e-01 2.57774294e-01 6.19293818e-02
  8.37050121e-02 8.83917676e-04 2.37086088e-01]
 [1.09658039e-01 8.88441221e-02 2.09486677e-02 0.00000000e+00
  0.00000000e+00 4.15183830e-02 0.00000000e+00 5.05968551e-02
  1.12858568e-03 1.42864976e-02 1.43718346e-02 8.28642704e-02
  0.00000000e+00 0.00000000e+00 4.44033289e-02]
 [7.82290819e-03 1.93543960e-02 5.63482392e-02 0.00000000e+00
  0.00000000e+00 1.34298649e-01 7.34798694e-03 1.45680603e-01
  1.45518469e-02 9.65822321e-02 6.98126112e-03 6.83153996e-02
  1.67186012e-02 0.00000000e+00 8.55029728e-02]
 [5.30715241e-02 1.06385833e-01 9.62687910e-02 9.56234004e-02
  3.38557621e-02 9.25288252e-02 0.00000000e+00 8.65175129e-02
  0.00000000e+00 6.92563643e-02 2.70926367e-02 6.31433002e-02
  1.05743549e-01 1.36293265e-01 1.55730878e-01]
 [1.34497364e-01 1.26705918e-01 1.91222266e-01 1.08461230e-01
  8.49283800e-02 1.27879266e-01 0.00000000e+00 4.51269805e-02
  2.40276605e-02 1.45093232e-01 8.60775291e-02 4.09539449e-02
  6.16486083e-02 1.10459578e-01 1.29785448e-01]
 [4.91393440e-02 9.92293433e-02 1.08101211e-01 9.39202015e-03
  6.05881570e-02 1.00842009e-01 5.58911601e-03 0.00000000e+00
  1.43682548e-02 1.63282295e-01 5.44413122e-02 3.88576456e-02
  1.06780871e-01 1.80583257e-02 2.65603329e-01]
 [3.78701874e-02 3.83708652e-02 5.73346550e-02 8.93164319e-02
  0.00000000e+00 2.07458351e-01 0.00000000e+00 1.06861644e-01
  1.62198116e-02 3.26560153e-02 5.95291886e-02 1.47092748e-02
  5.52366609e-02 1.49442429e-01 4.02701402e-02]
 [1.36623083e-01 1.79359662e-01 7.60650067e-02 1.55239595e-01
  1.86825623e-01 3.19993038e-02 2.69973786e-01 3.02804546e-01
  1.40970629e-01 8.06023027e-02 1.03883300e-01 8.65287903e-02
  1.97971362e-01 1.93291996e-01 2.14853309e-01]]

6
----------------------------------------------------------------------------------
[[6.09795187e-03 6.86541135e-02 0.00000000e+00 0.00000000e+00
  7.52094510e-03 4.58189923e-02 0.00000000e+00 0.00000000e+00
  3.83476183e-01 1.45893554e-01 2.21615214e-01 1.76713822e-01
  0.00000000e+00 0.00000000e+00 0.00000000e+00]
 [1.35535332e-01 0.00000000e+00 0.00000000e+00 0.00000000e+00
  0.00000000e+00 0.00000000e+00 0.00000000e+00 1.64997702e-02
  0.00000000e+00 8.93882736e-02 0.00000000e+00 0.00000000e+00
  0.00000000e+00 0.00000000e+00 0.00000000e+00]
 [0.00000000e+00 5.18005430e-02 1.13976393e-03 0.00000000e+00
  0.00000000e+00 0.00000000e+00 3.64453321e-02 9.83688631e-02
  0.00000000e+00 1.75616760e-02 6.41683059e-02 0.00000000e+00
  3.10399318e-02 0.00000000e+00 0.00000000e+00]
 [0.00000000e+00 9.51731820e-02 0.00000000e+00 2.49713663e-02
  9.73310726e-02 1.22704874e-01 1.91975415e-01 2.50126739e-02
  5.35236705e-01 0.00000000e+00 3.87235521e-01 2.84279410e-01
  3.71219460e-02 0.00000000e+00 0.00000000e+00]
 [9.47051345e-03 8.21542458e-02 0.00000000e+00 1.00934017e-02
  5.82832125e-02 6.62688141e-02 8.25462324e-02 1.69083102e-02
  2.81009140e-01 0.00000000e+00 1.48244458e-01 1.07469761e-01
  5.34851385e-02 0.00000000e+00 0.00000000e+00]
 [0.00000000e+00 1.18812108e-01 1.08560375e-02 1.78004957e-04
  0.00000000e+00 3.86615449e-02 2.31336228e-01 1.52729595e-01
  2.97018526e-01 0.00000000e+00 1.42659768e-01 0.00000000e+00
  7.16962903e-02 0.00000000e+00 0.00000000e+00]
 [3.44965703e-02 1.09293474e-01 7.27372453e-03 0.00000000e+00
  2.03512968e-02 5.75663141e-02 1.20678955e-01 2.38736737e-02
  2.65258719e-01 0.00000000e+00 7.15151188e-02 3.06236478e-02
  3.37451084e-02 0.00000000e+00 0.00000000e+00]
 [0.00000000e+00 1.34309132e-01 0.00000000e+00 2.51104329e-02
  6.89280647e-02 6.81436038e-02 1.20312009e-01 9.34873905e-04
  7.46457785e-01 0.00000000e+00 3.13770489e-01 2.01371866e-01
  0.00000000e+00 0.00000000e+00 0.00000000e+00]
 [0.00000000e+00 7.35716848e-02 1.86815766e-02 1.27846232e-01
  4.36921714e-02 4.64775002e-02 1.61137286e-01 1.97582656e-02
  6.41768176e-01 0.00000000e+00 1.88677916e-01 1.40161159e-01
  1.77095555e-02 0.00000000e+00 0.00000000e+00]
 [1.22943187e-02 8.15218032e-02 0.00000000e+00 2.62113764e-02
  0.00000000e+00 0.00000000e+00 1.70735890e-01 2.85947802e-01
  2.71525427e-01 0.00000000e+00 1.17147288e-01 0.00000000e+00
  1.15250636e-01 0.00000000e+00 0.00000000e+00]
 [0.00000000e+00 1.75690553e-01 1.23183867e-01 1.09087946e-01
  4.11702906e-02 0.00000000e+00 4.82699024e-01 4.27994620e-02
  4.92424222e-01 0.00000000e+00 9.62233959e-02 0.00000000e+00
  1.41260032e-01 0.00000000e+00 0.00000000e+00]
 [3.50200768e-02 0.00000000e+00 0.00000000e+00 0.00000000e+00
  0.00000000e+00 0.00000000e+00 0.00000000e+00 0.00000000e+00
  1.20584967e-01 0.00000000e+00 2.75147267e-02 0.00000000e+00
  0.00000000e+00 0.00000000e+00 0.00000000e+00]
 [0.00000000e+00 7.19700090e-03 0.00000000e+00 0.00000000e+00
  0.00000000e+00 0.00000000e+00 0.00000000e+00 1.98053803e-01
  7.50193614e-03 2.14624022e-01 9.53673925e-02 0.00000000e+00
  2.27852638e-02 0.00000000e+00 0.00000000e+00]
 [0.00000000e+00 7.56482924e-02 5.85890715e-02 6.17129674e-03
  7.52968738e-02 3.62184396e-02 6.16947216e-02 5.79510335e-02
  4.06095250e-01 0.00000000e+00 4.26763454e-02 1.02177140e-01
  4.59367984e-02 1.74977215e-02 0.00000000e+00]
 [1.66212406e-02 0.00000000e+00 7.15242303e-02 0.00000000e+00
  1.17868310e-02 2.29662038e-03 0.00000000e+00 6.25126869e-02
  1.23065487e-01 2.36216186e-02 6.35370165e-02 4.02753425e-02
  1.39247626e-02 5.12170197e-03 1.16837849e-02]
 [0.00000000e+00 1.05812456e-01 2.68847269e-02 0.00000000e+00
  3.82908546e-02 0.00000000e+00 2.31988667e-01 8.78091811e-02
  4.34926877e-01 0.00000000e+00 7.95531787e-02 4.59742657e-02
  3.49309889e-02 5.60631905e-02 0.00000000e+00]
 [0.00000000e+00 3.11502416e-02 3.82435440e-02 0.00000000e+00
  6.90729334e-02 4.07868896e-02 0.00000000e+00 0.00000000e+00
  3.37232094e-01 0.00000000e+00 6.66949958e-02 0.00000000e+00
  0.00000000e+00 0.00000000e+00 6.34843734e-03]
 [2.49055146e-01 1.44337055e-01 1.74551161e-01 2.87856648e-01
  2.96335409e-01 3.18071270e-01 3.39802083e-01 1.20423125e-01
  5.05905562e-01 3.15471179e-01 7.12325930e-02 2.86859775e-01
  4.31041912e-01 3.14783386e-01 2.30940422e-01]]

7
----------------------------------------------------------------------------------
[[0.00000000e+00 8.43303449e-02 1.54051115e-01 8.98056795e-02
  5.58530438e-02 0.00000000e+00 9.77858922e-02 0.00000000e+00
  0.00000000e+00 0.00000000e+00 0.00000000e+00 2.43378775e-01
  0.00000000e+00 0.00000000e+00 2.16763798e-01]
 [0.00000000e+00 0.00000000e+00 7.47096482e-02 0.00000000e+00
  8.03442935e-02 6.26828570e-02 0.00000000e+00 0.00000000e+00
  0.00000000e+00 0.00000000e+00 0.00000000e+00 1.12883364e-01
  7.29573777e-03 0.00000000e+00 1.97230109e-01]
 [0.00000000e+00 1.66581272e-02 8.72334113e-02 0.00000000e+00
  0.00000000e+00 0.00000000e+00 6.06973881e-02 0.00000000e+00
  0.00000000e+00 0.00000000e+00 1.87635408e-01 7.33991759e-02
  8.22719063e-03 1.92778203e-02 2.42758086e-01]
 [0.00000000e+00 1.61967010e-01 3.00559938e-01 2.61067183e-01
  7.94666593e-03 0.00000000e+00 3.47770164e-01 0.00000000e+00
  0.00000000e+00 0.00000000e+00 0.00000000e+00 4.46936032e-01
  0.00000000e+00 3.86680548e-02 4.04367770e-01]
 [0.00000000e+00 4.31703505e-02 1.09817732e-01 5.24875341e-02
  2.54399008e-02 1.47648484e-02 9.94139393e-02 0.00000000e+00
  0.00000000e+00 0.00000000e+00 9.24233192e-02 2.30952018e-01
  0.00000000e+00 2.79249584e-02 4.21766982e-01]
 [0.00000000e+00 1.07894657e-01 1.71069597e-01 1.26879506e-02
  1.67787853e-02 0.00000000e+00 1.53396335e-01 0.00000000e+00
  0.00000000e+00 0.00000000e+00 3.76141996e-01 1.39039949e-01
  3.33690968e-02 1.05758256e-01 3.24231135e-01]
 [0.00000000e+00 0.00000000e+00 9.24434575e-02 7.30242485e-02
  1.02669671e-01 1.40102004e-02 5.64471647e-02 0.00000000e+00
  0.00000000e+00 2.11853140e-02 1.69255390e-01 1.50073978e-01
  0.00000000e+00 1.00558739e-01 3.28723867e-01]
 [1.96447271e-01 7.51628776e-02 2.60845623e-02 4.80288475e-01
  1.36091993e-01 3.09764832e-01 3.51780906e-01 7.01597908e-01
  8.48172666e-02 0.00000000e+00 0.00000000e+00 8.35635440e-02
  1.50672716e-01 1.15376619e+00 1.13061991e+00]
 [8.21886474e-02 7.18353118e-02 9.11602003e-02 3.44243229e-01
  1.16548075e-01 3.54355109e-01 3.52207260e-01 5.63279928e-01
  8.68897834e-02 0.00000000e+00 0.00000000e+00 1.41276175e-01
  1.98410537e-01 6.83369802e-01 1.10861186e+00]
 [0.00000000e+00 1.16251613e-01 9.48160904e-02 1.87751896e-02
  7.51245136e-02 8.34239942e-02 3.31622077e-01 1.99797058e-01
  0.00000000e+00 0.00000000e+00 8.44005643e-02 1.22804385e-02
  3.58954904e-01 3.80233192e-01 3.12273000e-01]
 [0.00000000e+00 0.00000000e+00 3.51629350e-02 3.45297032e-01
  2.55973881e-01 3.69810495e-01 1.18012767e-01 4.11858382e-01
  0.00000000e+00 4.03563470e-02 2.26432095e-01 2.49433529e-02
  3.90634688e-01 3.47904324e-01 6.59512503e-01]
 [1.41269090e-01 1.48620548e-01 1.65823935e-01 2.29923414e-01
  2.22879681e-01 3.10385166e-01 8.25547625e-01 1.33323322e+00
  3.45147017e-01 0.00000000e+00 0.00000000e+00 0.00000000e+00
  4.75580475e-01 3.70969398e+00 4.01283032e+00]
 [7.26009193e-02 7.88611013e-02 1.01626181e-01 3.89353618e-01
  2.40363544e-01 6.83094588e-01 6.08378249e-01 9.64207625e-01
  2.00614169e-01 0.00000000e+00 6.11285040e-02 0.00000000e+00
  1.44604436e+00 2.26030639e+00 1.51458441e+00]
 [1.71220930e-01 0.00000000e+00 1.04706832e-01 3.88571095e-01
  2.37674623e-01 7.19538721e-01 1.28565327e+00 3.41368552e+00
  1.30992582e+00 8.96113885e-02 4.80231678e-02 4.03422041e-01
  4.05458840e+00 6.35966022e+00 4.78434032e+00]
 [1.47664601e-01 1.13480361e-01 9.28503772e-02 4.39342186e-01
  3.28117273e-01 8.56541101e-01 1.38935380e+00 3.79562907e+00
  1.36904950e+00 2.19369604e-01 4.02487023e-01 4.34727698e-01
  4.61601543e+00 7.17573139e+00 5.71161663e+00]
 [0.00000000e+00 1.27763834e-01 8.23615264e-02 2.85719871e-01
  2.89023657e-01 1.64321143e+00 2.76280980e+00 5.57134767e+00
  1.54349656e+00 0.00000000e+00 6.87055242e-01 1.46636463e+00
  8.24383329e+00 8.25551143e+00 4.60890693e+00]
 [2.71102367e-01 1.68410603e-01 1.39440532e-01 5.05290131e-01
  4.00448397e-01 5.00927398e-01 9.18035864e-01 3.67395760e+00
  1.53970836e+00 1.32374381e-01 2.69235247e-01 1.50824178e-01
  2.76563357e+00 7.42397667e+00 6.65523737e+00]
 [4.06155366e-01 1.55595595e-01 1.00059070e-01 2.66551064e-01
  1.88723916e-01 3.03538991e-01 1.96022190e-01 6.75566018e-01
  8.83421727e-01 6.06463588e-01 3.28086835e-01 3.64959977e-01
  1.96283577e-01 1.97730051e-01 2.56962910e-01]]

8
----------------------------------------------------------------------------------
[[0.22866146 0.06288486 0.         0.         0.12029621 0.
  0.         0.05159032 0.10942083 0.13050098 0.16107427 0.08306239
  0.18489354 0.52217275]
 [0.11695403 0.07476083 0.         0.         0.02533879 0.
  0.         0.20078751 0.01038625 0.00834338 0.         0.15736414
  0.         0.        ]
 [0.09566298 0.03050578 0.         0.         0.02307409 0.
  0.         0.14180586 0.11268305 0.01879169 0.         0.0817058
  0.17769172 0.        ]
 [0.28261386 0.13737843 0.13666033 0.         0.00912201 0.
  0.         0.06653233 0.03359584 0.15003809 0.24204201 0.00370577
  0.26934741 1.06863775]
 [0.22575995 0.10742458 0.09142945 0.04871074 0.         0.
  0.         0.04611313 0.         0.08869202 0.12406036 0.
  0.16847667 0.56860029]
 [0.10060879 0.09585327 0.21217682 0.18864466 0.0266351  0.
  0.00280844 0.05789609 0.05873841 0.06586572 0.00988698 0.08663092
  1.07780018 0.        ]
 [0.17525205 0.09993269 0.19298656 0.10523781 0.0274396  0.
  0.         0.0298148  0.02736924 0.1439589  0.02920916 0.01850075
  0.31613984 0.42627756]
 [0.17927044 0.14013606 0.10514896 0.01362024 0.         0.
  0.06055372 0.0461716  0.02134746 0.11447257 0.09033418 0.
  0.25814097 0.39385288]
 [0.24382875 0.045639   0.12601526 0.02811984 0.         0.
  0.06591702 0.10853243 0.00788253 0.20583144 0.12283872 0.
  0.40298822 0.9283872 ]
 [0.0921743  0.06022472 0.08766417 0.         0.         0.
  0.         0.12654474 0.07572302 0.01513739 0.         0.04069214
  0.47015313 0.        ]
 [0.12021116 0.06394784 0.15719367 0.         0.05072477 0.
  0.         0.03767822 0.02570853 0.12234502 0.         0.03854982
  1.07978095 0.29975116]
 [0.19138434 0.17269392 0.09558653 0.05057222 0.         0.
  0.03244197 0.00384441 0.         0.08715247 0.08690946 0.
  0.10819791 0.61592712]
 [0.23566755 0.08043077 0.         0.02763135 0.00719471 0.
  0.         0.04531462 0.08953466 0.01344113 0.         0.08657672
  0.31214046 0.        ]
 [0.62914507 0.54223821 0.27902191 0.28276783 0.         0.05426257
  0.21839561 0.0657283  0.01775237 0.27538904 0.04535811 0.05525736
  0.1646317  0.18506933]
 [0.71874065 0.5374813  0.29908781 0.3743426  0.         0.12431688
  0.22460797 0.1320614  0.11178477 0.13776921 0.         0.16515896
  0.20057566 0.        ]
 [0.64827338 0.5117404  0.07965385 0.33047443 0.         0.18337936
  0.20074362 0.05848022 0.07932664 0.1141959  0.         0.17397717
  0.06023723 0.        ]
 [1.01281618 0.64375961 0.47744627 0.2718553  0.05915517 0.
  0.24321318 0.08345352 0.05914519 0.30117735 0.08814283 0.13124675
  0.08444975 0.3526064 ]
 [0.16592124 0.18748885 0.3221834  0.3775981  0.2545153  0.25926021
  0.23584812 0.12312918 0.07167956 0.25253896 0.40514524 0.21917727
  0.36631739 1.84875866]]