

1
----------------------------------------------------------------------------------
[[0.01980855 0.         0.         0.         0.02175054 0.00397626
  0.11179681 0.16541657 0.         0.04880177 0.07103894 0.0833469
  0.10396463 0.01584151 0.        ]
 [0.         0.         0.18580881 0.09757608 0.         0.
  0.04970427 0.         0.         0.05609395 0.03505612 0.
  0.         0.04157197 0.        ]
 [0.05156545 0.         0.         0.06918876 0.         0.09961382
  0.03904992 0.2143035  0.         0.07444127 0.07284988 0.
  0.         0.         0.        ]
 [0.02692732 0.10324    0.         0.         0.         0.01457206
  0.13725716 0.36601882 0.12648876 0.10677057 0.11257693 0.16637488
  0.00804631 0.09825537 0.        ]
 [0.0689106  0.04769049 0.         0.         0.03581489 0.03256214
  0.0414164  0.2799593  0.01818016 0.01751173 0.12822805 0.13970067
  0.         0.00186801 0.        ]
 [0.1027733  0.04212782 0.02218377 0.00451541 0.         0.07641546
  0.04674492 0.22514772 0.02796318 0.00936041 0.07965859 0.05724076
  0.07976661 0.06128664 0.        ]
 [0.06684078 0.1291604  0.01391408 0.         0.00765509 0.
  0.03226991 0.24852527 0.         0.04736007 0.14815566 0.03477842
  0.03060526 0.00315337 0.        ]
 [0.00285002 0.07024717 0.         0.         0.         0.
  0.1598064  0.20777535 0.08518979 0.05707074 0.15480692 0.15205911
  0.01004224 0.0959799  0.        ]
 [0.03575196 0.16357262 0.         0.         0.         0.
  0.13230998 0.34569813 0.09465948 0.05199644 0.16768352 0.26617287
  0.04104892 0.10318322 0.05180486]
 [0.13944247 0.01598497 0.         0.         0.         0.05308189
  0.0526432  0.2867042  0.         0.11623059 0.20042467 0.
  0.         0.02112548 0.        ]
 [0.24586855 0.14288366 0.         0.04886887 0.         0.06172825
  0.07645302 0.44656439 0.         0.11118967 0.18391061 0.13537666
  0.0462483  0.10069658 0.        ]
 [0.         0.         0.         0.         0.         0.00072988
  0.08995403 0.13313403 0.         0.0099841  0.03720507 0.03119239
  0.         0.03480315 0.        ]
 [0.06179638 0.         0.         0.         0.         0.
  0.07290219 0.09010684 0.         0.         0.09772484 0.
  0.03993412 0.         0.        ]
 [0.03617676 0.14130633 0.         0.         0.         0.
  0.01575554 0.17547702 0.         0.04818433 0.07465898 0.
  0.01147945 0.02462276 0.03277691]
 [0.07130406 0.11083584 0.02207636 0.         0.         0.
  0.04857761 0.09399257 0.         0.09706197 0.18907445 0.
  0.13228546 0.         0.04285805]
 [0.0834847  0.38505515 0.25033492 0.00768747 0.         0.
  0.08008984 0.15243106 0.         0.23200393 0.10644866 0.
  0.04529306 0.06815906 0.0334684 ]
 [0.06214343 0.01961261 0.         0.         0.         0.
  0.08274274 0.17051485 0.         0.09936795 0.2270312  0.
  0.01312097 0.01073563 0.01108685]
 [0.13453391 0.42146205 0.33025656 0.33003834 0.31554768 0.27009028
  0.11700945 0.2716101  0.53353759 0.1321806  0.09138319 0.28814238
  0.22853109 0.21538547 0.19605897]]

2
----------------------------------------------------------------------------------
[[0.00000000e+00 3.32760651e-02 0.00000000e+00 3.47605877e-02
  1.24008810e-02 5.82956966e-02 7.95631357e-02 0.00000000e+00
  4.35980639e-03 0.00000000e+00 0.00000000e+00 0.00000000e+00
  0.00000000e+00 1.58688675e-01 0.00000000e+00]
 [0.00000000e+00 3.02652279e-02 2.03480177e-02 3.92710484e-02
  0.00000000e+00 2.66392332e-02 0.00000000e+00 3.35563836e-03
  2.41522890e-01 0.00000000e+00 3.73136523e-02 7.12244204e-02
  0.00000000e+00 1.03242785e-01 0.00000000e+00]
 [0.00000000e+00 1.37099048e-02 5.72927787e-02 6.12180295e-02
  1.37200890e-01 1.18807125e-01 0.00000000e+00 1.08523425e-02
  1.14576322e-01 0.00000000e+00 1.35928484e-01 0.00000000e+00
  0.00000000e+00 0.00000000e+00 0.00000000e+00]
 [0.00000000e+00 9.84893554e-02 2.89911183e-02 3.05368817e-02
  1.17522134e-01 1.70566429e-01 4.20953622e-01 0.00000000e+00
  0.00000000e+00 7.27111033e-02 6.10983383e-02 0.00000000e+00
  0.00000000e+00 9.75304484e-02 7.11939496e-02]
 [0.00000000e+00 6.26120985e-02 1.34370364e-02 4.64167363e-02
  1.15672563e-01 1.18906850e-01 2.09213640e-01 0.00000000e+00
  3.05615816e-02 1.37548912e-01 0.00000000e+00 0.00000000e+00
  0.00000000e+00 0.00000000e+00 0.00000000e+00]
 [0.00000000e+00 1.61212396e-02 7.30386131e-02 4.51737967e-02
  2.07964312e-01 6.74277438e-02 1.86125979e-01 0.00000000e+00
  1.64714635e-01 0.00000000e+00 4.50866996e-03 0.00000000e+00
  0.00000000e+00 0.00000000e+00 0.00000000e+00]
 [0.00000000e+00 0.00000000e+00 0.00000000e+00 3.25758677e-02
  1.26190410e-01 7.55559580e-02 1.97161909e-01 0.00000000e+00
  1.14590214e-01 1.05984424e-01 5.46324507e-02 0.00000000e+00
  0.00000000e+00 0.00000000e+00 0.00000000e+00]
 [0.00000000e+00 6.54890406e-02 4.09654645e-02 1.11928922e-01
  3.04226104e-02 1.95039045e-01 3.48535344e-01 2.39374493e-02
  0.00000000e+00 1.92341723e-01 3.45484792e-01 2.20322948e-01
  4.79801753e-01 2.17992759e-01 3.80781961e-01]
 [0.00000000e+00 9.90338293e-02 6.74563663e-02 1.59196242e-01
  1.88176226e-01 2.74294121e-01 5.28489188e-01 4.05764832e-02
  1.12263116e-01 4.08386456e-01 8.56415734e-02 2.62617221e-01
  1.45128728e-01 2.27281255e-02 2.90971174e-01]
 [0.00000000e+00 0.00000000e+00 3.61618595e-02 1.41981324e-01
  4.27572447e-01 0.00000000e+00 1.41557017e-01 0.00000000e+00
  6.57271737e-02 0.00000000e+00 1.49808352e-01 1.14215877e-01
  4.20856124e-02 5.21922874e-04 0.00000000e+00]
 [0.00000000e+00 0.00000000e+00 4.66721620e-03 1.18389271e-01
  4.14552863e-01 1.18780929e-01 2.37550338e-01 1.06469901e-01
  1.90813418e-01 8.90472881e-02 8.25460307e-02 1.36529778e-01
  0.00000000e+00 0.00000000e+00 2.57572116e-02]
 [0.00000000e+00 5.28058953e-02 1.98736341e-02 2.40071053e-01
  4.56891694e-01 4.84917332e-01 5.95299146e-01 2.27017665e-01
  2.29987188e-01 8.39515668e-01 9.90422314e-01 7.41313252e-01
  8.07881814e-01 4.03489326e-01 4.13837843e-01]
 [0.00000000e+00 0.00000000e+00 3.78983888e-02 2.98656923e-01
  2.53917482e-01 1.79088087e-01 1.57303947e-01 1.63163746e-01
  2.45558479e-01 2.69753541e-01 6.91936387e-01 4.23279693e-01
  5.56615312e-01 4.69914172e-01 0.00000000e+00]
 [0.00000000e+00 1.11116812e-02 6.78259144e-02 4.22844170e-01
  8.18665442e-01 7.46651591e-01 7.76582928e-01 5.47329182e-01
  7.44742541e-01 1.88888050e+00 2.60909130e+00 2.33544641e+00
  2.76742912e+00 2.11251590e+00 1.48106511e+00]
 [0.00000000e+00 4.23094132e-02 1.71390786e-01 7.40303598e-01
  1.14139096e+00 1.09105097e+00 1.07443944e+00 7.40273736e-01
  8.85625676e-01 1.87752842e+00 2.29670024e+00 2.73155336e+00
  3.37152724e+00 2.35666360e+00 1.54775171e+00]
 [0.00000000e+00 0.00000000e+00 9.54212586e-02 8.98864023e-01
  2.27879330e+00 1.35166200e+00 1.28760281e+00 1.06513324e+00
  1.52758850e+00 2.51925462e+00 3.60921017e+00 3.75882713e+00
  3.87635973e+00 2.88129681e+00 1.46255746e+00]
 [0.00000000e+00 2.96631166e-02 1.16425687e-01 7.50213473e-01
  1.31712642e+00 1.16434148e+00 1.12041234e+00 5.47840552e-01
  7.26634969e-01 2.21885614e+00 3.64643824e+00 3.18640591e+00
  3.29543974e+00 2.55733548e+00 2.22375618e+00]
 [3.02619497e-01 2.29055906e-01 1.00773638e-01 9.07481818e-02
  2.82730439e-01 3.11904747e-01 4.94723732e-01 3.84112598e-01
  3.14801062e-01 4.77379457e-01 1.55525805e-01 3.90516512e-01
  3.64453685e-01 4.18505777e-01 1.13276237e+00]]

3
----------------------------------------------------------------------------------
[[2.26097379e-01 2.55168858e-02 3.05882857e-02 0.00000000e+00
  0.00000000e+00 0.00000000e+00 0.00000000e+00 3.14267384e-01
  1.73783183e-02 1.50358025e-01 0.00000000e+00 0.00000000e+00
  2.55423253e-02 6.66979074e-02 1.07829899e-02]
 [5.96333834e-02 2.88824148e-02 1.14229331e-02 0.00000000e+00
  0.00000000e+00 0.00000000e+00 8.52636982e-02 1.28804568e-02
  4.33510379e-02 1.03844869e-01 0.00000000e+00 0.00000000e+00
  0.00000000e+00 6.42017605e-02 2.87988190e-02]
 [6.46920897e-02 5.05523818e-02 5.81120180e-02 0.00000000e+00
  0.00000000e+00 0.00000000e+00 0.00000000e+00 4.76493865e-02
  4.45746783e-02 1.11132587e-01 0.00000000e+00 0.00000000e+00
  0.00000000e+00 6.40590536e-02 1.67615408e-02]
 [3.44292696e-01 3.03797000e-03 8.73226699e-02 1.31525790e-01
  6.58767299e-02 5.29587013e-02 0.00000000e+00 5.18511582e-01
  9.64715301e-02 1.08244180e-01 0.00000000e+00 0.00000000e+00
  9.84413128e-02 1.57171584e-01 5.29859536e-02]
 [7.14026950e-02 1.11916856e-01 1.11800393e-01 1.18205180e-01
  8.16807432e-02 5.06534620e-02 3.75739352e-03 1.26285924e-01
  6.60761634e-02 6.73475631e-02 0.00000000e+00 0.00000000e+00
  0.00000000e+00 7.36006581e-02 0.00000000e+00]
 [1.44499688e-02 0.00000000e+00 1.00682287e-01 2.47897627e-02
  0.00000000e+00 0.00000000e+00 0.00000000e+00 1.68214374e-01
  8.53267977e-02 1.20030843e-01 0.00000000e+00 0.00000000e+00
  0.00000000e+00 0.00000000e+00 6.19604515e-02]
 [5.63092660e-02 0.00000000e+00 1.09610486e-01 1.28093492e-01
  0.00000000e+00 9.79293255e-02 0.00000000e+00 1.32190360e-01
  3.92030614e-02 6.63241155e-02 0.00000000e+00 0.00000000e+00
  0.00000000e+00 2.36587110e-02 1.59946396e-02]
 [2.92806454e-01 2.95267863e-01 3.00173474e-01 3.33915089e-01
  2.15907784e-01 2.93229267e-01 2.45902535e-01 4.32536926e-01
  8.07010756e-02 6.93939449e-02 0.00000000e+00 5.52148505e-02
  9.59153367e-02 1.98857260e-01 7.51507532e-02]
 [3.49809523e-01 1.66435106e-01 2.40971646e-01 2.10190633e-01
  1.91659316e-01 3.34294810e-01 2.65549596e-02 4.61725554e-01
  8.74324833e-02 1.08001798e-01 2.96167209e-02 0.00000000e+00
  8.51946798e-02 1.73302128e-01 7.80066188e-02]
 [2.00811854e-01 1.92661518e-01 3.32025654e-01 3.61648690e-01
  1.37651865e-02 7.97032405e-02 4.51833081e-02 1.51132424e-01
  1.58317882e-01 3.49928418e-02 0.00000000e+00 0.00000000e+00
  0.00000000e+00 1.05415013e-01 9.52451944e-03]
 [2.45199291e-01 9.13181453e-02 1.37422479e-01 2.30782727e-01
  0.00000000e+00 2.93603174e-01 0.00000000e+00 2.32952455e-01
  3.50914225e-02 2.38260754e-02 1.58524981e-03 0.00000000e+00
  0.00000000e+00 2.09792040e-01 9.51694549e-02]
 [4.56177359e-01 8.30406961e-01 4.90198553e-01 4.95716905e-01
  3.82019035e-01 5.25367640e-01 2.59494505e-01 2.42944123e-01
  8.00782158e-02 1.13369859e-01 9.67374622e-02 5.31340928e-02
  4.42284111e-02 1.53342066e-01 1.35151138e-03]
 [2.89462306e-01 3.28238942e-01 3.36984378e-01 4.30046293e-01
  2.93594668e-01 3.38383938e-01 1.58286186e-01 1.24747164e-01
  2.37684207e-01 5.49462591e-02 1.21596194e-01 0.00000000e+00
  0.00000000e+00 1.58703140e-01 3.80069509e-02]
 [1.38831470e+00 1.62675194e+00 1.02488087e+00 1.17210315e+00
  6.23023220e-01 1.18310960e+00 5.66608067e-01 3.18531049e-01
  4.36447345e-01 2.22102739e-01 4.91384319e-01 2.21936584e-01
  6.86214514e-02 1.55784129e-01 7.32196668e-02]
 [1.18963717e+00 1.42785812e+00 7.80116051e-01 8.41812626e-01
  6.32921536e-01 9.09520912e-01 6.95963004e-01 2.73232538e-01
  4.41039450e-01 1.35479770e-01 4.21162497e-01 1.37319691e-01
  0.00000000e+00 2.98692111e-01 1.92439312e-01]
 [1.40452146e+00 1.15751322e+00 7.12494623e-01 1.09394598e+00
  4.61787924e-01 1.05765599e+00 5.85112687e-01 5.49472734e-01
  4.39986137e-01 3.40599111e-01 5.11367419e-01 6.93536063e-02
  0.00000000e+00 2.59572552e-01 1.57942058e-01]
 [1.20897274e+00 1.73503731e+00 1.20039112e+00 8.11508309e-01
  7.65885759e-01 7.93251266e-01 5.65213960e-01 2.03553457e-01
  4.08679540e-01 1.40900134e-01 4.16415544e-01 2.26682149e-01
  1.42935477e-01 2.88263291e-01 2.35934052e-01]
 [1.65009853e-01 1.64901293e-01 1.34088211e-01 4.28610005e-01
  4.07603304e-01 4.12483057e-01 2.23754354e-01 1.95971253e-01
  7.82130411e-02 1.30696721e-01 2.86036304e-01 3.20024357e-01
  4.59061082e-01 2.12455866e-01 8.70133624e-02]]

4
----------------------------------------------------------------------------------
[[0.11126329 0.06308467 0.07831082 0.00945249 0.         0.0930656
  0.07097907 0.         0.04940915 0.00828288 0.22168454 0.02759046
  0.         0.01091066 0.15004924]
 [0.         0.03239165 0.         0.         0.0187579  0.
  0.         0.11257794 0.         0.         0.         0.
  0.         0.         0.03358642]
 [0.         0.01801315 0.         0.02253009 0.08315025 0.0928646
  0.03313455 0.10709368 0.         0.         0.         0.
  0.         0.03389867 0.06278743]
 [0.28284479 0.         0.26102348 0.13499963 0.09752474 0.38153579
  0.31334049 0.         0.08170624 0.06956961 0.33510787 0.08124542
  0.05994051 0.12901807 0.12668747]
 [0.09230371 0.02010228 0.21219051 0.1238528  0.         0.20869174
  0.30189219 0.         0.         0.         0.15351491 0.02993586
  0.01792132 0.05120982 0.04479437]
 [0.05561554 0.04894588 0.0926067  0.04440788 0.04705982 0.34774779
  0.18539371 0.         0.         0.         0.06041923 0.07745144
  0.         0.06105411 0.04650046]
 [0.08491037 0.05570543 0.12957604 0.10780535 0.         0.26132755
  0.19763203 0.         0.03045561 0.         0.12381937 0.09141653
  0.         0.09462084 0.09025561]
 [0.27937458 0.04535943 0.26257103 0.11850915 0.14498149 0.42305841
  0.25319023 0.         0.09677181 0.17445355 0.35379926 0.02471424
  0.25214906 0.35046832 0.16775099]
 [0.22241669 0.         0.22364341 0.10667207 0.14548828 0.83245923
  0.37818683 0.28273325 0.0967248  0.07785889 0.33936167 0.07265948
  1.03608208 0.50150306 0.14115354]
 [0.         0.         0.10660248 0.03450611 0.20509435 0.33612146
  0.08877564 0.         0.         0.         0.03833327 0.
  0.         0.25656928 0.1688582 ]
 [0.15301402 0.         0.18681184 0.20385976 0.12800819 1.34649844
  0.4328761  0.37111908 0.         0.         0.23479434 0.30716823
  1.19310062 0.37162258 0.27824726]
 [0.02611496 0.02452869 0.07276976 0.06998187 0.1738581  0.
  0.         0.         0.         0.04895499 0.05097757 0.
  0.12768365 0.01168596 0.08105123]
 [0.00225179 0.03152574 0.07813546 0.         0.14137445 0.18986251
  0.         0.01839706 0.         0.         0.         0.
  0.         0.         0.        ]
 [0.07994822 0.02827438 0.01329131 0.04934671 0.11525003 0.263489
  0.09607063 0.         0.0768014  0.12616285 0.01942984 0.10520644
  0.         0.04631924 0.06233234]
 [0.06114455 0.10000319 0.13435355 0.04159178 0.10791507 0.15681004
  0.         0.03415428 0.02243742 0.1940344  0.         0.00451486
  0.         0.03721721 0.04201244]
 [0.13199066 0.05797801 0.14529317 0.14708309 0.25316054 0.15420309
  0.         0.04106661 0.03866883 0.08297377 0.05609064 0.07345623
  0.         0.24474618 0.09325437]
 [0.03631189 0.09949387 0.17784825 0.03579399 0.10567203 0.22157005
  0.         0.06200056 0.14904567 0.18930056 0.03488412 0.05290584
  0.08415237 0.         0.10334864]
 [0.21900734 0.08974631 0.26931712 0.12098527 0.12291486 0.50634611
  0.76374423 0.43433416 0.55537966 0.3483645  0.2911212  0.5907777
  0.48841934 0.27583416 0.19153708]]

5
----------------------------------------------------------------------------------
[[1.82088816e-01 1.26836107e-01 2.83349713e-01 2.89261773e-02
  7.06513893e-02 2.05342734e-02 3.44041200e-01 0.00000000e+00
  0.00000000e+00 2.13108046e-01 5.40205167e-02 0.00000000e+00
  3.52138807e-02 3.83645265e-02 0.00000000e+00]
 [0.00000000e+00 0.00000000e+00 0.00000000e+00 3.05428872e-02
  1.42744751e-02 1.19302473e-02 0.00000000e+00 0.00000000e+00
  5.72416496e-02 0.00000000e+00 1.03892798e-01 7.38515425e-02
  1.67106917e-03 0.00000000e+00 0.00000000e+00]
 [7.32899789e-02 0.00000000e+00 5.85866276e-02 6.13886280e-02
  1.46150255e-01 3.94688719e-02 0.00000000e+00 0.00000000e+00
  1.03079650e-01 2.20440305e-02 3.01114906e-02 1.83768877e-01
  2.38812911e-02 3.65936658e-02 0.00000000e+00]
 [3.88030068e-01 2.19041316e-01 3.95860642e-01 1.38041432e-01
  1.32548723e-01 7.39512035e-02 4.47011773e-01 1.12633582e-02
  0.00000000e+00 3.24451692e-01 0.00000000e+00 0.00000000e+00
  9.42184582e-02 2.99502988e-02 0.00000000e+00]
 [1.30452287e-01 1.20212929e-01 1.83749706e-01 3.42885729e-02
  5.06729427e-02 2.43965603e-02 1.43228453e-01 0.00000000e+00
  0.00000000e+00 1.48590966e-01 1.74811036e-03 0.00000000e+00
  5.07233700e-02 0.00000000e+00 0.00000000e+00]
 [6.23075863e-02 6.38799400e-03 2.71255711e-02 4.85876371e-02
  6.44477175e-02 4.74403375e-02 5.47326579e-02 1.35339221e-01
  0.00000000e+00 3.74045986e-02 5.76260243e-02 1.00556967e-01
  0.00000000e+00 4.30472216e-02 0.00000000e+00]
 [1.60804266e-01 8.90799472e-02 4.52038144e-02 2.58682458e-02
  4.89417662e-02 0.00000000e+00 7.32754945e-02 2.59340837e-02
  0.00000000e+00 1.54781830e-01 0.00000000e+00 3.85079376e-03
  3.61065286e-02 3.31524995e-03 0.00000000e+00]
 [3.41420442e-01 3.85951907e-01 4.79248116e-01 5.90478787e-02
  1.99105171e-01 1.03846164e-01 5.44505396e-01 4.84934520e-02
  0.00000000e+00 3.86504114e-01 0.00000000e+00 3.84612941e-02
  1.38717296e-01 3.34770820e-02 0.00000000e+00]
 [2.88690555e-01 2.93720236e-01 6.60303014e-01 2.11728323e-02
  1.24377037e-01 1.26844941e-01 3.38986050e-01 3.93210402e-02
  0.00000000e+00 3.16947969e-01 0.00000000e+00 1.27724529e-02
  1.28874780e-01 0.00000000e+00 0.00000000e+00]
 [8.43472502e-02 3.20309025e-02 9.44912098e-02 2.65075898e-02
  1.12845784e-01 0.00000000e+00 0.00000000e+00 2.56750964e-02
  1.91749779e-04 1.07815588e-01 0.00000000e+00 4.45796197e-02
  2.38560822e-02 6.84560327e-03 0.00000000e+00]
 [2.25303812e-01 6.12291977e-02 5.86641096e-01 1.45863067e-01
  2.52185637e-01 4.09193834e-02 1.00333080e-01 2.05279282e-01
  0.00000000e+00 0.00000000e+00 0.00000000e+00 0.00000000e+00
  0.00000000e+00 0.00000000e+00 0.00000000e+00]
 [1.38234938e-02 4.88252855e-02 1.36513392e-01 0.00000000e+00
  9.98388931e-02 3.86772120e-02 4.22860341e-02 0.00000000e+00
  0.00000000e+00 1.12631227e-01 0.00000000e+00 0.00000000e+00
  3.50476902e-03 0.00000000e+00 0.00000000e+00]
 [0.00000000e+00 0.00000000e+00 2.52540781e-02 0.00000000e+00
  9.56397525e-02 4.51271398e-03 0.00000000e+00 0.00000000e+00
  1.33198209e-02 0.00000000e+00 2.75317332e-02 0.00000000e+00
  0.00000000e+00 0.00000000e+00 0.00000000e+00]
 [6.03137707e-02 0.00000000e+00 1.58587164e-01 5.91924299e-04
  1.34654342e-01 1.84055539e-01 3.29791313e-02 1.27767338e-01
  0.00000000e+00 5.87147580e-02 0.00000000e+00 1.09432419e-02
  0.00000000e+00 0.00000000e+00 0.00000000e+00]
 [0.00000000e+00 0.00000000e+00 6.08123838e-02 0.00000000e+00
  1.57397372e-01 1.53064459e-01 5.88960101e-02 1.39855647e-01
  7.90427669e-02 2.26497542e-02 1.23365762e-03 6.29251414e-03
  3.39197169e-02 0.00000000e+00 0.00000000e+00]
 [7.33753388e-02 0.00000000e+00 0.00000000e+00 6.73149120e-02
  1.05918344e-01 4.53306121e-02 7.24678480e-02 1.68074811e-01
  0.00000000e+00 5.23112056e-02 0.00000000e+00 5.55262335e-02
  4.30637161e-02 6.27320285e-02 0.00000000e+00]
 [0.00000000e+00 0.00000000e+00 2.85566153e-02 0.00000000e+00
  4.68202909e-02 1.55040491e-01 1.49293123e-01 0.00000000e+00
  1.24394937e-03 6.77701907e-02 1.94933031e-02 0.00000000e+00
  0.00000000e+00 0.00000000e+00 0.00000000e+00]
 [3.49363095e-01 3.37808796e-01 2.36804496e-01 1.34756329e-01
  7.64161384e-02 1.02891625e-01 2.38821685e-01 2.45711248e-01
  1.51908706e-01 3.12881148e-01 1.33965900e-01 1.05719307e-01
  1.81137115e-01 1.24849161e-01 1.99169349e-01]]

6
----------------------------------------------------------------------------------
[[6.95427761e-02 9.80317403e-02 5.65424415e-02 1.85638398e-02
  0.00000000e+00 0.00000000e+00 2.28267893e-02 2.02298860e-02
  1.03868364e-01 2.80991700e-01 9.96963933e-02 2.07768942e-01
  1.47729379e-01 1.29758434e-01 3.89721564e-01]
 [5.19427571e-02 3.92252337e-02 1.69431605e-02 1.13219759e-02
  1.72885878e-02 0.00000000e+00 0.00000000e+00 4.00832975e-02
  5.65909121e-02 2.46812932e-02 8.81188661e-02 0.00000000e+00
  5.92139577e-02 1.77746402e-01 5.65807541e-02]
 [9.42910437e-02 7.42681189e-02 6.56333591e-02 1.20526467e-02
  6.15074631e-03 0.00000000e+00 0.00000000e+00 1.23178124e-01
  3.58393108e-02 2.55857844e-01 1.52508312e-01 0.00000000e+00
  7.58819980e-02 2.32530847e-01 1.27177499e-01]
 [4.00475785e-02 1.49170768e-01 8.00412985e-02 1.21139679e-01
  0.00000000e+00 9.79091162e-02 1.85106859e-01 2.18938104e-02
  1.36779161e-01 5.17967185e-01 1.01522580e-01 5.33268801e-01
  2.77669809e-01 2.98124320e-01 4.70330092e-01]
 [0.00000000e+00 3.11751039e-02 5.86296863e-02 2.35334096e-02
  0.00000000e+00 0.00000000e+00 6.91756404e-02 1.49281166e-02
  0.00000000e+00 2.37461902e-01 6.61072194e-02 9.70864724e-02
  5.34171762e-02 2.20109478e-01 2.08554457e-01]
 [1.55223220e-01 1.47607893e-01 4.92700645e-02 9.10325945e-02
  3.68537784e-02 0.00000000e+00 1.84643970e-01 1.75705961e-01
  6.26640902e-02 2.34526242e-01 1.86249317e-01 2.95777345e-01
  5.48472086e-02 3.38644654e-01 8.64070426e-02]
 [2.20842191e-02 9.11482374e-02 3.57599075e-02 5.44036494e-02
  8.48768234e-03 0.00000000e+00 1.80134011e-01 9.80078796e-02
  3.97542205e-02 1.77743784e-01 8.20431150e-02 1.02043708e-01
  0.00000000e+00 1.33050285e-01 5.57904041e-02]
 [5.92036050e-02 1.87990204e-01 1.26777183e-01 1.53754429e-01
  1.30916335e-02 9.53675808e-02 2.51881074e-01 1.27883047e-01
  3.17049049e-01 2.99533240e-01 8.87577748e-01 1.53459890e+00
  1.44656531e+00 1.07625479e+00 3.56074929e-02]
 [7.15701069e-02 1.86222548e-01 1.51538906e-01 1.30340832e-01
  6.08906873e-03 1.65030979e-01 2.92589891e-01 1.41802091e-01
  2.46585714e-01 2.00417619e-01 6.26054423e-01 4.41342929e-01
  8.55278764e-01 8.95758845e-01 7.87860054e-02]
 [1.32000264e-01 5.67480610e-02 0.00000000e+00 1.92586051e-01
  0.00000000e+00 0.00000000e+00 3.63241212e-01 1.80948449e-01
  3.76856470e-02 1.18169697e-01 2.56854034e-01 6.36103691e-01
  5.67517514e-01 2.37784771e-01 1.76596082e-01]
 [2.15171966e-01 3.20462997e-02 9.68662568e-02 2.28234217e-01
  0.00000000e+00 0.00000000e+00 2.04474975e-01 2.28376925e-01
  4.95380765e-02 1.95374328e-01 3.45799757e-01 1.88226992e-01
  7.09241585e-01 2.24998867e-01 2.82473937e-02]
 [3.05035995e-03 7.04371716e-02 0.00000000e+00 2.52694889e-02
  0.00000000e+00 0.00000000e+00 1.77317550e-02 6.38983591e-02
  7.28186833e-02 0.00000000e+00 5.13794446e-01 3.40203914e+00
  6.14551701e+00 3.12820429e+00 1.56400353e+00]
 [3.87263938e-02 5.30108455e-02 0.00000000e+00 7.94437247e-03
  0.00000000e+00 0.00000000e+00 0.00000000e+00 6.29326073e-02
  4.38741142e-02 4.89359250e-03 2.08231769e-01 8.58716500e-01
  2.57400685e+00 2.29058315e+00 1.21573129e+00]
 [6.54791323e-02 5.01821431e-02 6.88735575e-02 1.39446771e-01
  1.74403259e-02 1.65478840e-02 2.16591897e-01 1.26028973e-01
  5.88217285e-02 0.00000000e+00 1.08707021e+00 7.17150763e+00
  9.85934820e+00 5.76084575e+00 2.75454747e+00]
 [8.42729611e-02 6.43940624e-02 0.00000000e+00 9.31973169e-02
  0.00000000e+00 0.00000000e+00 1.57437507e-01 1.26299941e-01
  1.12710198e-01 0.00000000e+00 1.23388484e+00 7.88988305e+00
  1.19959580e+01 6.48032919e+00 2.97232033e+00]
 [1.02821372e-01 2.45713063e-02 0.00000000e+00 9.38505509e-02
  3.84549415e-02 0.00000000e+00 1.76682713e-01 1.17019044e-01
  4.37963845e-02 0.00000000e+00 1.21382308e+00 9.73033193e+00
  1.37012354e+01 9.44628257e+00 3.73258390e+00]
 [1.16693573e-02 7.51274946e-02 0.00000000e+00 7.73686515e-02
  0.00000000e+00 0.00000000e+00 1.81688457e-01 5.37897411e-02
  1.50318126e-01 0.00000000e+00 1.15849298e+00 7.01339012e+00
  1.04836938e+01 6.19005323e+00 2.92521360e+00]
 [7.52488037e-02 1.00269088e-01 2.43301975e-01 1.39613651e-01
  1.33159654e-01 2.37160878e-01 2.92513308e-01 9.32406159e-02
  1.06110910e-01 2.74549668e-01 7.28582360e-02 3.19125445e-01
  2.15687224e-01 2.26608518e-01 1.94409635e-01]]

6
----------------------------------------------------------------------------------
[[0.         0.         0.20140871 0.         0.21216374 0.        ]
 [0.04485658 0.         0.         0.         0.         0.        ]
 [0.02888839 0.08582337 0.         0.10371074 0.04998394 0.        ]
 [0.16975372 0.         0.38724728 0.07333742 0.52111505 0.07041575]
 [0.19920111 0.         0.14311946 0.03102125 0.33248277 0.04514379]
 [0.16123406 0.00563892 0.06818007 0.03366442 0.24064859 0.14253463]
 [0.20404745 0.01300478 0.13352714 0.02103976 0.30158618 0.02894552]
 [0.24355672 0.01988751 0.42888682 0.         0.38232335 0.        ]
 [0.22598795 0.         0.43401734 0.04382248 0.42729468 0.07476453]
 [0.25753039 0.04781878 0.06503497 0.02669873 0.2686511  0.23240803]
 [0.40540926 0.04917874 0.24237264 0.12483025 0.34155748 0.26066233]
 [0.4130088  0.17685254 0.35749941 0.         0.11832539 0.        ]
 [0.44346774 0.17656851 0.         0.01280129 0.         0.        ]
 [0.93862501 0.40058416 0.48783606 0.         0.22085765 0.        ]
 [1.08108992 0.52337729 0.54153627 0.         0.05971335 0.        ]
 [1.21754984 0.31373956 0.47034869 0.         0.00232035 0.        ]
 [1.0551827  0.79754836 0.74324314 0.         0.39928147 0.        ]
 [0.31018829 0.1842623  0.33150547 0.21143164 0.56555479 0.72716787]]