

1
----------------------------------------------------------------------------------
[[1.86260675e-02 0.00000000e+00 0.00000000e+00 0.00000000e+00
  7.93436689e-02 3.75514355e-02 0.00000000e+00 0.00000000e+00
  1.16904138e-01 8.01341160e-02 1.47328214e-03 0.00000000e+00
  1.25632014e-01 1.07711943e-01 1.56335087e-01]
 [0.00000000e+00 0.00000000e+00 0.00000000e+00 0.00000000e+00
  0.00000000e+00 0.00000000e+00 0.00000000e+00 0.00000000e+00
  0.00000000e+00 4.42917160e-02 4.61679093e-02 0.00000000e+00
  0.00000000e+00 8.75508112e-02 4.10174098e-02]
 [8.74626850e-02 0.00000000e+00 0.00000000e+00 0.00000000e+00
  4.60365363e-02 0.00000000e+00 2.84340354e-02 0.00000000e+00
  0.00000000e+00 4.43347330e-02 1.96538595e-03 0.00000000e+00
  1.97043406e-02 1.52616101e-01 1.14033538e-01]
 [9.91470292e-02 0.00000000e+00 0.00000000e+00 0.00000000e+00
  1.57273584e-01 8.48884000e-02 0.00000000e+00 0.00000000e+00
  2.98324014e-01 5.71089230e-03 3.62411344e-02 5.76660781e-02
  2.76022346e-01 9.36865622e-02 1.39192363e-01]
 [0.00000000e+00 0.00000000e+00 0.00000000e+00 0.00000000e+00
  1.24393857e-01 0.00000000e+00 0.00000000e+00 0.00000000e+00
  1.82928004e-01 4.29239354e-02 0.00000000e+00 0.00000000e+00
  1.40093233e-01 6.38593185e-02 3.36972606e-02]
 [1.17328345e-01 0.00000000e+00 0.00000000e+00 0.00000000e+00
  1.84592597e-01 0.00000000e+00 1.61685210e-01 0.00000000e+00
  3.56150345e-02 2.18342908e-02 0.00000000e+00 3.26558123e-02
  1.65992688e-01 7.79388389e-02 1.03054552e-01]
 [2.40375818e-02 0.00000000e+00 0.00000000e+00 0.00000000e+00
  1.34842153e-01 0.00000000e+00 4.06895623e-02 0.00000000e+00
  1.20522749e-01 7.66607881e-02 0.00000000e+00 3.69528997e-02
  1.35486470e-01 4.24746682e-02 2.20141951e-02]
 [6.32047454e-02 0.00000000e+00 0.00000000e+00 0.00000000e+00
  1.10360680e-01 1.12380108e-01 0.00000000e+00 0.00000000e+00
  2.09292639e-01 3.18786067e-02 2.86826832e-02 5.89174425e-02
  9.97862742e-02 5.16543788e-02 1.05233212e-01]
 [1.62500904e-01 0.00000000e+00 0.00000000e+00 0.00000000e+00
  1.33672957e-01 1.02938803e-01 0.00000000e+00 0.00000000e+00
  1.87933534e-01 4.71234896e-02 1.41848036e-02 1.08558710e-01
  1.30830781e-01 7.74094551e-02 8.93408916e-02]
 [1.24912015e-01 0.00000000e+00 0.00000000e+00 1.91470868e-03
  2.65407479e-02 2.01396829e-02 3.07406112e-02 0.00000000e+00
  4.98271947e-02 3.55371044e-02 0.00000000e+00 7.32471703e-03
  3.91367788e-02 3.36633757e-02 8.99666248e-02]
 [2.87052041e-01 0.00000000e+00 0.00000000e+00 0.00000000e+00
  1.76294967e-01 6.37622807e-03 1.59115620e-01 0.00000000e+00
  1.68800948e-01 1.11132784e-01 0.00000000e+00 3.46027901e-02
  6.32668407e-02 1.87626689e-02 7.90967209e-02]
 [7.52739192e-02 0.00000000e+00 0.00000000e+00 0.00000000e+00
  6.63474905e-02 6.27557928e-02 0.00000000e+00 0.00000000e+00
  1.28646511e-01 2.98669783e-04 0.00000000e+00 7.64740329e-02
  8.51359473e-02 5.34228333e-02 5.02245149e-02]
 [2.46635250e-01 0.00000000e+00 0.00000000e+00 0.00000000e+00
  1.44841835e-01 0.00000000e+00 6.18655007e-02 0.00000000e+00
  2.13700736e-02 4.21327160e-02 0.00000000e+00 8.51017193e-03
  0.00000000e+00 1.53716214e-02 6.66737498e-02]
 [1.08929172e-01 2.50785046e-01 1.64259665e-02 0.00000000e+00
  5.19706124e-02 1.38572418e-01 1.02756295e-01 1.93447230e-01
  1.91668747e-01 3.34784411e-02 4.23788605e-02 1.51914269e-01
  7.65693706e-02 4.62807287e-02 8.41301106e-02]
 [1.80984394e-01 3.10789107e-01 0.00000000e+00 6.74575421e-02
  8.75591618e-02 8.63658826e-02 1.92232774e-01 2.12947422e-01
  1.12370372e-01 6.59250012e-02 3.74969080e-02 4.56228573e-02
  7.78975306e-02 9.42726748e-02 1.20858805e-01]
 [2.67324703e-02 1.43944912e-01 1.14967764e-02 0.00000000e+00
  8.16882193e-02 6.35174169e-02 9.98405471e-02 4.82981291e-02
  2.19688908e-01 4.90103012e-02 3.90988881e-03 6.80936186e-02
  1.67388512e-01 1.04753948e-01 1.39847646e-01]
 [2.15531980e-01 3.83589522e-01 1.58768121e-01 0.00000000e+00
  6.45284346e-02 7.66026403e-02 1.27666174e-01 1.62438430e-01
  2.41823049e-01 1.03244954e-01 3.90062590e-02 4.45600103e-02
  1.35437758e-01 3.27622995e-02 5.33433743e-02]
 [1.37413452e-01 2.81045600e-01 4.25728784e-01 2.21516339e-01
  1.46365481e-01 1.91488206e-01 1.78204933e-01 2.81500818e-01
  3.67347632e-01 9.24325279e-02 1.25386585e-01 2.43969865e-01
  2.21369880e-01 7.36209531e-02 5.51330048e-02]]

2
----------------------------------------------------------------------------------
[[0.00000000e+00 0.00000000e+00 5.58620040e-02 2.54407216e-01
  2.01501093e-02 2.42977934e-03 0.00000000e+00 8.84085138e-02
  0.00000000e+00 3.03004472e-03 1.53331570e-02 2.43243933e-01
  0.00000000e+00 1.56598952e-01 2.38848913e-01]
 [0.00000000e+00 0.00000000e+00 1.07395653e-02 0.00000000e+00
  1.58855538e-01 4.37299091e-02 0.00000000e+00 6.77628317e-02
  0.00000000e+00 0.00000000e+00 0.00000000e+00 5.81260597e-02
  0.00000000e+00 0.00000000e+00 0.00000000e+00]
 [0.00000000e+00 0.00000000e+00 0.00000000e+00 0.00000000e+00
  1.15192386e-01 0.00000000e+00 0.00000000e+00 1.20704259e-01
  0.00000000e+00 0.00000000e+00 0.00000000e+00 4.86516900e-02
  0.00000000e+00 0.00000000e+00 0.00000000e+00]
 [0.00000000e+00 5.58414876e-02 3.15822996e-02 4.22845467e-01
  3.65094208e-02 0.00000000e+00 1.98356736e-01 2.32106257e-01
  1.92702341e-01 3.19893351e-02 2.37810413e-01 3.81741384e-01
  2.26551148e-01 3.57119209e-01 4.07564093e-01]
 [0.00000000e+00 5.60540928e-02 0.00000000e+00 1.39047148e-01
  3.52316386e-02 0.00000000e+00 6.66470292e-02 5.79136247e-02
  1.46493068e-01 0.00000000e+00 1.38770081e-01 2.63164231e-01
  1.46794020e-01 2.62408120e-02 4.00104537e-01]
 [0.00000000e+00 0.00000000e+00 0.00000000e+00 3.05116750e-01
  1.01978710e-01 0.00000000e+00 1.45890795e-03 8.67606843e-02
  2.22501450e-02 0.00000000e+00 7.40769906e-02 1.54859650e-01
  2.13720488e-01 4.19788685e-02 1.09103385e-01]
 [0.00000000e+00 0.00000000e+00 0.00000000e+00 1.65883162e-01
  7.40331069e-02 0.00000000e+00 2.51862305e-02 3.40151039e-02
  7.10806709e-02 0.00000000e+00 9.79648396e-02 2.07845548e-01
  1.71279264e-01 2.24907851e-03 1.72460524e-01]
 [0.00000000e+00 3.43474658e-02 4.05727670e-02 3.44796266e-01
  7.13204053e-02 0.00000000e+00 1.28938437e-01 1.69662580e-01
  1.92465280e-01 5.81924010e-02 1.31108153e-01 6.50490137e-01
  1.49557224e-01 8.70792223e-02 1.15396394e+00]
 [0.00000000e+00 1.98001631e-02 4.13562560e-02 2.95979803e-01
  9.99597535e-02 2.72535480e-02 2.63503178e-01 2.71717037e-01
  2.80221332e-01 9.10806285e-03 1.54643839e-01 8.70147898e-01
  2.78776166e-01 4.11085212e-03 9.11105792e-01]
 [0.00000000e+00 0.00000000e+00 0.00000000e+00 0.00000000e+00
  1.53736683e-01 0.00000000e+00 0.00000000e+00 1.46824460e-01
  0.00000000e+00 0.00000000e+00 5.79226936e-02 1.09165218e-01
  0.00000000e+00 5.01501491e-02 3.36247095e-01]
 [0.00000000e+00 0.00000000e+00 0.00000000e+00 2.61953478e-01
  2.70079357e-03 0.00000000e+00 0.00000000e+00 3.76781652e-02
  8.02765046e-02 0.00000000e+00 3.98391122e-02 4.20341409e-01
  2.14190917e-01 0.00000000e+00 7.29269039e-01]
 [0.00000000e+00 7.95738308e-03 3.25080187e-02 2.38722657e-01
  8.02787028e-02 0.00000000e+00 1.87308783e-01 1.48663767e-01
  5.15144710e-02 9.49320860e-02 2.91712568e-01 9.10010995e-01
  5.13980604e-01 5.15106003e-01 1.13313328e+00]
 [0.00000000e+00 0.00000000e+00 0.00000000e+00 1.23361884e-01
  1.01750464e-01 0.00000000e+00 3.81668284e-02 6.80365799e-02
  7.06301147e-02 0.00000000e+00 4.89160332e-02 5.21391805e-01
  1.45771886e-01 8.74091323e-02 1.67029241e+00]
 [1.77564846e-02 8.34764685e-02 2.20996208e-02 1.26139033e-01
  1.06025528e-01 0.00000000e+00 1.53131305e-01 4.44822407e-02
  2.37195614e-01 6.73945804e-01 7.11132732e-01 1.15700128e+00
  1.33338137e+00 4.34462195e+00 5.40494677e+00]
 [1.07113101e-01 1.10011332e-01 9.05580100e-02 1.08094009e-01
  9.38830162e-02 2.80061718e-02 1.30106370e-01 2.22863689e-02
  2.60578091e-01 3.37287289e-01 9.33035053e-01 1.64231308e+00
  2.12347459e+00 5.35313055e+00 6.31533976e+00]
 [1.08595175e-01 0.00000000e+00 0.00000000e+00 0.00000000e+00
  1.36461539e-01 0.00000000e+00 2.85633664e-02 7.09557779e-02
  2.70870654e-01 0.00000000e+00 4.48272431e-02 7.80213978e-01
  4.83842875e+00 9.89168217e+00 1.06067899e+01]
 [4.80455640e-02 1.07673178e-01 1.66167996e-01 2.61522734e-01
  1.14895153e-01 7.49001968e-02 2.25660420e-01 1.94887171e-02
  1.53467567e-01 5.92345048e-01 1.22526397e+00 2.00897271e+00
  2.12241584e+00 5.09583528e+00 5.60871648e+00]
 [3.02397376e-01 3.96964769e-01 2.07727253e-01 5.68539459e-01
  1.59326122e-01 2.01360275e-01 2.78423320e-01 9.52534532e-02
  5.08574808e-01 3.72810713e-01 2.83968395e-01 1.72647537e-01
  2.10399329e-01 4.64819113e-01 4.51219832e-01]]

3
----------------------------------------------------------------------------------
[[4.52914133e-02 1.43590693e-01 1.91322710e-01 3.68075976e-02
  0.00000000e+00 0.00000000e+00 0.00000000e+00 4.58398407e-01
  0.00000000e+00 0.00000000e+00 0.00000000e+00 1.12585219e-01
  1.55616696e-01 6.82102683e-02 5.32122804e-02]
 [0.00000000e+00 7.72440010e-02 0.00000000e+00 0.00000000e+00
  0.00000000e+00 0.00000000e+00 0.00000000e+00 9.47372179e-01
  0.00000000e+00 0.00000000e+00 0.00000000e+00 9.77184088e-02
  2.99319823e-02 0.00000000e+00 0.00000000e+00]
 [6.70186605e-02 6.83958065e-02 0.00000000e+00 0.00000000e+00
  0.00000000e+00 0.00000000e+00 0.00000000e+00 3.77466915e-01
  0.00000000e+00 0.00000000e+00 0.00000000e+00 8.11746395e-02
  0.00000000e+00 0.00000000e+00 0.00000000e+00]
 [1.42844938e-01 2.36364914e-01 3.03709521e-01 1.28937012e-02
  0.00000000e+00 0.00000000e+00 0.00000000e+00 4.48879425e-01
  5.20141882e-03 0.00000000e+00 0.00000000e+00 2.02723686e-01
  2.67463442e-01 2.35844858e-01 1.61798551e-01]
 [9.75920870e-03 1.47189337e-01 1.90819408e-01 1.18042927e-02
  8.96821469e-04 0.00000000e+00 0.00000000e+00 0.00000000e+00
  0.00000000e+00 0.00000000e+00 0.00000000e+00 1.60322044e-01
  1.83910478e-01 2.34265100e-01 1.34275106e-01]
 [1.40744738e-01 1.40484553e-02 1.83422667e-01 0.00000000e+00
  1.16374225e-01 2.62830215e-02 2.61261503e-01 0.00000000e+00
  0.00000000e+00 0.00000000e+00 0.00000000e+00 2.72465062e-01
  2.28653841e-01 2.43812763e-01 0.00000000e+00]
 [5.37484088e-02 8.21418640e-02 1.20407666e-01 4.52459463e-02
  2.39966739e-02 0.00000000e+00 0.00000000e+00 0.00000000e+00
  0.00000000e+00 0.00000000e+00 0.00000000e+00 2.01682161e-01
  1.93994750e-01 1.32343672e-01 6.50659745e-02]
 [7.43180771e-02 7.33112790e-01 7.55016576e-01 2.37708169e-01
  1.04094887e-01 1.99724211e-01 0.00000000e+00 2.71031149e-01
  8.70887597e-03 1.53488918e-01 0.00000000e+00 1.09513126e-01
  7.74858443e-02 1.31460518e-02 1.38108989e-01]
 [4.81212333e-02 6.04104856e-01 6.89980503e-01 1.21928339e-01
  6.70494805e-02 2.42396130e-01 0.00000000e+00 1.52466247e-01
  0.00000000e+00 1.66246891e-01 1.32045189e-03 1.84421025e-01
  1.71730247e-01 1.64458804e-01 0.00000000e+00]
 [3.21143463e-01 1.44356121e-01 2.00901296e-01 0.00000000e+00
  0.00000000e+00 9.21320753e-02 0.00000000e+00 0.00000000e+00
  0.00000000e+00 0.00000000e+00 0.00000000e+00 8.73126790e-02
  9.84353139e-02 2.37279240e-01 0.00000000e+00]
 [1.34422009e-01 2.67555674e-01 3.21225560e-01 0.00000000e+00
  0.00000000e+00 1.58778435e-01 2.90566632e-01 0.00000000e+00
  0.00000000e+00 1.96174573e-01 0.00000000e+00 1.73340096e-01
  2.11171295e-01 2.82309244e-01 0.00000000e+00]
 [2.09142878e-01 8.53539369e-01 8.62592504e-01 1.96376227e-01
  1.58100198e-01 3.22476936e-01 0.00000000e+00 2.32394461e-01
  0.00000000e+00 1.72976963e-01 8.93983843e-02 1.16511493e-01
  1.42991077e-01 0.00000000e+00 1.52875420e-02]
 [2.41970270e-01 4.27148695e-01 4.38922145e-01 6.08107622e-03
  0.00000000e+00 1.69019680e-01 0.00000000e+00 2.05896525e-02
  0.00000000e+00 2.45808253e-01 0.00000000e+00 7.84681718e-02
  0.00000000e+00 1.20859085e-01 0.00000000e+00]
 [1.91310763e+00 1.71951456e+00 1.28633065e+00 5.73980567e-01
  3.40493687e-01 6.74190621e-01 4.69633706e-01 5.08939780e-01
  2.51507464e-01 8.45694863e-01 2.83732181e-01 7.02654491e-02
  1.38833602e-02 4.07706472e-02 0.00000000e+00]
 [2.28155728e+00 1.57274224e+00 1.49332151e+00 9.13844729e-01
  5.28525583e-01 5.94272819e-01 2.81312955e-01 5.97604607e-01
  2.56838873e-01 7.61496473e-01 1.31992714e-01 1.00284745e-01
  0.00000000e+00 0.00000000e+00 0.00000000e+00]
 [3.35891665e+00 1.87015778e+00 1.46467431e+00 1.04546291e+00
  4.82750044e-01 8.75697169e-01 0.00000000e+00 7.37656429e-01
  2.73318081e-01 7.03427547e-01 2.74715551e-02 1.97793343e-01
  1.64961746e-01 7.78887181e-02 0.00000000e+00]
 [2.23506300e+00 2.26750421e+00 1.94504355e+00 1.29136712e+00
  7.47095423e-01 8.59198915e-01 7.11881306e-01 5.88391115e-01
  1.88086709e-01 8.41326571e-01 1.88466644e-01 9.54751210e-02
  1.12913035e-02 0.00000000e+00 0.00000000e+00]
 [3.26733744e-01 1.73018722e-01 4.60589074e-01 4.48041840e-01
  3.52200669e-01 6.70055095e-01 1.71807775e+00 5.82475362e-01
  4.84526100e-01 5.45823767e-01 3.94852216e-01 1.08023490e-01
  3.18234580e-01 1.07290269e+00 4.37753822e-01]]

4
----------------------------------------------------------------------------------
[[2.75024022e-01 9.30574120e-02 0.00000000e+00 0.00000000e+00
  4.36773839e-01 4.61795345e-01 0.00000000e+00 1.04583938e-02
  5.20069195e-02 9.01999477e-02 0.00000000e+00 2.37723680e-02
  0.00000000e+00 0.00000000e+00 2.53493659e-01]
 [0.00000000e+00 8.07090971e-02 0.00000000e+00 0.00000000e+00
  1.88080796e-02 1.41205222e-01 0.00000000e+00 3.35774950e-01
  5.81949845e-02 9.68324347e-02 0.00000000e+00 5.86965759e-02
  0.00000000e+00 0.00000000e+00 9.55766700e-02]
 [0.00000000e+00 6.72587743e-02 0.00000000e+00 2.12117394e-01
  6.03148804e-03 1.48707115e-01 0.00000000e+00 1.83625719e-01
  9.80155258e-02 9.16414435e-02 0.00000000e+00 1.37094055e-01
  0.00000000e+00 0.00000000e+00 2.59247370e-01]
 [3.59887412e-01 1.04878526e-02 7.14552575e-02 1.10200325e-01
  5.42988626e-01 2.27053659e-01 1.60686361e-01 0.00000000e+00
  0.00000000e+00 7.50638706e-02 1.40888221e-02 2.77289374e-02
  0.00000000e+00 0.00000000e+00 3.03020659e-01]
 [2.28386195e-01 0.00000000e+00 1.19681166e-05 1.23326497e-01
  2.99040613e-01 1.26502673e-01 2.25930497e-01 1.95858680e-02
  3.91935126e-02 9.15513025e-02 0.00000000e+00 0.00000000e+00
  0.00000000e+00 0.00000000e+00 1.52639390e-01]
 [0.00000000e+00 1.92294441e-02 5.34704023e-02 2.55842267e-01
  1.74619159e-01 1.58541056e-01 2.75722844e-01 0.00000000e+00
  3.27891765e-02 8.75035246e-02 5.17951073e-02 4.69729866e-02
  5.26988975e-02 0.00000000e+00 2.15834401e-01]
 [1.55639680e-01 8.93995147e-04 4.67403478e-02 1.98815772e-01
  1.19409014e-01 2.57655708e-01 2.08362823e-01 1.91734706e-02
  4.17410488e-02 6.03751397e-02 0.00000000e+00 3.28129673e-03
  3.71427864e-02 0.00000000e+00 1.48061557e-01]
 [2.11203395e-01 0.00000000e+00 9.13272356e-02 2.14460340e-03
  3.59030256e-01 2.58864417e-01 8.01390974e-02 0.00000000e+00
  0.00000000e+00 0.00000000e+00 9.83729103e-02 3.42820653e-02
  1.03359005e-01 0.00000000e+00 2.87066310e-01]
 [1.69543337e-01 0.00000000e+00 1.27562814e-01 0.00000000e+00
  4.09107089e-01 2.33522555e-01 3.33549654e-02 0.00000000e+00
  0.00000000e+00 1.43178376e-03 1.02928539e-01 1.11387077e-03
  1.43720571e-01 0.00000000e+00 2.62652677e-01]
 [0.00000000e+00 0.00000000e+00 4.47220584e-02 2.45716177e-02
  6.36321748e-02 1.12969126e-01 1.53493452e-01 0.00000000e+00
  0.00000000e+00 0.00000000e+00 9.71042465e-03 7.07623996e-02
  4.53276488e-02 0.00000000e+00 2.06455618e-01]
 [0.00000000e+00 0.00000000e+00 3.25148962e-02 2.17867191e-01
  2.52498186e-01 1.68923398e-01 1.63678778e-01 0.00000000e+00
  0.00000000e+00 8.21309442e-02 0.00000000e+00 0.00000000e+00
  1.29288681e-01 0.00000000e+00 3.07963272e-01]
 [7.56614269e-02 1.87724093e-02 0.00000000e+00 0.00000000e+00
  2.46846082e-01 1.13607418e-01 0.00000000e+00 7.13570855e-02
  1.94081588e-03 1.60190115e-02 4.13925741e-02 2.48114721e-03
  2.99066107e-02 0.00000000e+00 1.42190938e-01]
 [0.00000000e+00 1.06604497e-01 0.00000000e+00 8.39190374e-02
  6.12918434e-02 1.30096793e-01 5.17589336e-02 0.00000000e+00
  8.08598501e-02 6.10653464e-02 0.00000000e+00 1.51944721e-02
  6.62626842e-03 0.00000000e+00 2.03328229e-01]
 [0.00000000e+00 8.97189672e-02 1.18864649e-01 0.00000000e+00
  8.34560550e-02 1.55139030e-01 0.00000000e+00 0.00000000e+00
  9.22831424e-02 0.00000000e+00 2.49800136e-02 3.71914247e-02
  1.27830627e-01 6.07762313e-02 1.54137118e-01]
 [0.00000000e+00 1.43171980e-01 1.33213696e-02 0.00000000e+00
  9.42988568e-02 0.00000000e+00 0.00000000e+00 9.50557506e-03
  6.44924743e-02 6.23688771e-02 3.26419710e-02 2.85613009e-02
  6.25887874e-02 0.00000000e+00 8.59697534e-02]
 [2.95008984e-02 1.73460276e-01 1.73843031e-01 1.51557099e-02
  7.19125515e-02 0.00000000e+00 0.00000000e+00 0.00000000e+00
  2.55904106e-01 4.01481996e-02 0.00000000e+00 2.24032507e-02
  9.16882673e-02 0.00000000e+00 1.25296227e-01]
 [9.33123373e-03 1.09046409e-01 2.17182380e-02 0.00000000e+00
  6.42714825e-02 2.50039483e-02 0.00000000e+00 1.44091857e-02
  0.00000000e+00 1.50838708e-02 2.59445550e-02 2.88172294e-02
  7.28661074e-02 0.00000000e+00 9.50427725e-02]
 [5.60500310e-01 1.80354039e-01 3.28894739e-01 3.29523844e-01
  3.82329219e-01 3.61658315e-01 1.01476619e+00 2.10370775e-01
  2.67715291e-01 9.44155739e-02 1.68247968e-01 1.27027589e-01
  2.89797387e-01 2.65272188e-01 8.98839658e-02]]

5
----------------------------------------------------------------------------------
[[0.19839524 0.         0.00506712 0.02770537 0.0455568  0.
  0.         0.06029201 0.02902395 0.01378081 0.01466061 0.12350111
  0.2654234  0.04791722 0.        ]
 [0.09611163 0.         0.         0.         0.         0.
  0.05009727 0.         0.         0.04085577 0.00250313 0.
  0.         0.         0.19186909]
 [0.09008627 0.         0.         0.         0.         0.
  0.04219878 0.         0.         0.05028131 0.06582583 0.
  0.         0.         0.15359768]
 [0.13795607 0.         0.20233558 0.05782462 0.0969234  0.
  0.         0.12494914 0.19243519 0.         0.0435607  0.23349431
  0.25259093 0.         0.        ]
 [0.07338359 0.         0.13746628 0.03970398 0.0909523  0.
  0.         0.0743006  0.19497363 0.         0.01240306 0.06797562
  0.20164012 0.0527546  0.        ]
 [0.18591237 0.         0.032774   0.         0.06053953 0.
  0.00124131 0.         0.03032409 0.         0.01044286 0.0862701
  0.13766341 0.21991047 0.        ]
 [0.10794623 0.         0.03865515 0.05834088 0.06261459 0.
  0.         0.05639771 0.10966207 0.00698037 0.00856507 0.0967562
  0.1411638  0.21774182 0.        ]
 [0.0711935  0.09844716 0.17081671 0.10078105 0.         0.00783548
  0.         0.16046255 0.1666666  0.         0.03763303 0.33429779
  0.39301323 0.         0.        ]
 [0.06923582 0.09902743 0.13507409 0.15171671 0.         0.01738407
  0.02358316 0.20836814 0.17145692 0.         0.12933619 0.32965567
  0.33492678 0.02602532 0.        ]
 [0.15884799 0.         0.         0.         0.         0.
  0.03019825 0.         0.09430697 0.00122577 0.11559319 0.11647674
  0.05614731 0.27176861 0.        ]
 [0.1028971  0.         0.02243453 0.         0.01330711 0.
  0.12424994 0.06853116 0.         0.         0.07321061 0.10204433
  0.16153746 0.1201919  0.        ]
 [0.04199817 0.06355795 0.11644139 0.03031017 0.         0.
  0.00742114 0.12800382 0.02245114 0.         0.0407614  0.11179285
  0.17050255 0.         0.        ]
 [0.0718307  0.         0.         0.         0.00921872 0.
  0.0693838  0.         0.         0.10339209 0.02639759 0.
  0.03271086 0.02425598 0.01371515]
 [0.08769069 0.00283128 0.         0.00321262 0.         0.
  0.         0.11060768 0.         0.02725709 0.03806032 0.20188401
  0.12570865 0.16182798 0.        ]
 [0.06217397 0.06400478 0.         0.         0.01937297 0.
  0.01135366 0.05546067 0.         0.0053648  0.02857762 0.1484022
  0.         0.07659016 0.        ]
 [0.11297031 0.         0.         0.         0.         0.
  0.         0.0446534  0.04023775 0.097512   0.07549817 0.26399268
  0.03957897 0.22177175 0.        ]
 [0.08338927 0.10680813 0.05871305 0.         0.         0.
  0.         0.10024775 0.         0.         0.04567594 0.17921224
  0.16976575 0.08214742 0.        ]
 [0.09546929 0.20515093 0.32978614 0.31752825 0.38681653 0.42261309
  0.13984559 0.22826988 0.40811083 0.12176759 0.11561787 0.35954052
  0.71590916 0.89086219 0.28285309]]

6
----------------------------------------------------------------------------------
[[8.75931326e-02 0.00000000e+00 2.84004411e-02 0.00000000e+00
  0.00000000e+00 0.00000000e+00 1.62553097e-01 8.59152411e-02
  0.00000000e+00 0.00000000e+00 5.21169315e-01 0.00000000e+00
  4.15362311e-01 0.00000000e+00 1.60320483e-01]
 [0.00000000e+00 0.00000000e+00 3.13324878e-02 0.00000000e+00
  0.00000000e+00 0.00000000e+00 0.00000000e+00 0.00000000e+00
  0.00000000e+00 0.00000000e+00 1.38340740e-01 0.00000000e+00
  0.00000000e+00 0.00000000e+00 0.00000000e+00]
 [3.93708652e-02 0.00000000e+00 1.12432767e-01 0.00000000e+00
  0.00000000e+00 0.00000000e+00 2.46559002e-03 1.64968673e-02
  0.00000000e+00 0.00000000e+00 6.02983745e-02 0.00000000e+00
  6.42254828e-02 0.00000000e+00 9.09390711e-03]
 [1.15437149e-01 0.00000000e+00 2.22213551e-02 3.07549607e-03
  0.00000000e+00 0.00000000e+00 3.22276706e-01 3.04496611e-01
  0.00000000e+00 8.86335053e-02 7.99794030e-01 0.00000000e+00
  5.58596911e-01 0.00000000e+00 4.63153691e-01]
 [1.25021604e-01 0.00000000e+00 0.00000000e+00 1.82924184e-02
  0.00000000e+00 0.00000000e+00 1.47505552e-01 1.47633984e-01
  6.81952564e-02 1.50852936e-01 4.46597746e-01 0.00000000e+00
  3.67874394e-01 0.00000000e+00 1.60161427e-02]
 [3.47137958e-02 0.00000000e+00 8.09740085e-02 2.85548880e-02
  0.00000000e+00 0.00000000e+00 9.56789775e-02 5.86066055e-02
  1.22775813e-01 1.31125216e-01 1.63717922e-01 0.00000000e+00
  4.09703751e-01 0.00000000e+00 1.04924531e-01]
 [3.91335207e-02 0.00000000e+00 1.67055470e-02 1.06539770e-01
  0.00000000e+00 0.00000000e+00 9.91319024e-02 6.38012605e-03
  1.45444775e-01 1.07299553e-01 3.06285668e-01 0.00000000e+00
  2.64688494e-01 0.00000000e+00 3.52166773e-03]
 [1.24331413e-02 0.00000000e+00 7.92501894e-02 6.54298119e-03
  0.00000000e+00 0.00000000e+00 3.55927278e-01 3.30118293e-01
  0.00000000e+00 1.02990541e-01 1.33591403e+00 0.00000000e+00
  2.02003947e+00 1.39869126e+00 0.00000000e+00]
 [4.34311790e-02 0.00000000e+00 1.21064611e-02 9.27235809e-02
  0.00000000e+00 0.00000000e+00 3.05083188e-01 2.12883381e-01
  4.71173656e-02 4.19187976e-02 1.10311620e+00 2.14397107e-04
  9.80934135e-01 3.05343653e-01 7.97946352e-02]
 [3.26574891e-02 0.00000000e+00 1.05041020e-01 0.00000000e+00
  0.00000000e+00 0.00000000e+00 1.77015880e-01 8.16882468e-02
  1.09970331e-01 5.34930160e-02 3.01818607e-01 1.64843662e-01
  7.41610832e-01 0.00000000e+00 0.00000000e+00]
 [6.14044676e-02 0.00000000e+00 1.42771485e-01 1.84594449e-02
  0.00000000e+00 0.00000000e+00 1.62523711e-01 1.62519944e-01
  3.79037016e-02 1.25212767e-02 5.13635397e-01 0.00000000e+00
  2.71009041e-01 0.00000000e+00 3.11359699e-02]
 [1.93045381e-02 0.00000000e+00 5.40236220e-03 0.00000000e+00
  0.00000000e+00 0.00000000e+00 1.36214509e-01 1.28446513e-01
  7.07699769e-02 0.00000000e+00 9.14218683e-01 3.01452004e-01
  1.92977398e+00 1.31249848e+00 1.78504911e-01]
 [1.44926835e-02 0.00000000e+00 7.46705237e-02 0.00000000e+00
  0.00000000e+00 0.00000000e+00 7.26769778e-02 7.82820909e-02
  0.00000000e+00 9.43337589e-02 5.65288297e-01 6.63267816e-01
  8.47041362e-01 7.94475073e-02 1.86192334e-02]
 [0.00000000e+00 1.38403893e-02 4.48151949e-02 0.00000000e+00
  0.00000000e+00 0.00000000e+00 4.91787295e-02 8.14146073e-02
  0.00000000e+00 5.64175821e-02 9.39097871e-01 2.84784313e+00
  6.04167353e+00 5.86286021e+00 1.95768619e+00]
 [0.00000000e+00 0.00000000e+00 9.38659201e-02 2.26125608e-02
  0.00000000e+00 0.00000000e+00 6.17874889e-02 5.15701980e-02
  2.68615454e-02 2.01541561e-01 1.09376557e+00 3.32062263e+00
  6.25856709e+00 5.38310094e+00 2.43764460e+00]
 [0.00000000e+00 0.00000000e+00 4.50029049e-02 0.00000000e+00
  0.00000000e+00 0.00000000e+00 9.88955461e-02 4.75477513e-02
  1.65255148e-01 1.13712167e+00 3.21106868e+00 7.75272780e+00
  1.11303247e+01 5.45308308e+00 2.00552250e+00]
 [0.00000000e+00 0.00000000e+00 2.28822037e-02 0.00000000e+00
  0.00000000e+00 0.00000000e+00 6.95730001e-02 1.09882399e-01
  1.12416376e-02 1.51466534e-01 6.87697613e-01 5.90099105e-01
  5.07765964e+00 8.01158849e+00 2.67237283e+00]
 [2.56166734e-01 3.19473336e-01 1.57589837e-01 3.92423124e-01
  5.70162907e-01 3.52833748e-01 1.99512759e-01 2.22065368e-01
  2.01871297e-01 2.74599343e-01 1.21545448e-01 7.13958359e-01
  4.84638073e-01 9.85396044e-01 4.03201642e-01]]

6
----------------------------------------------------------------------------------
[[0.         0.         0.38553001 0.         0.27253484 0.        ]
 [0.         0.         0.10655521 0.         0.         1.1534361 ]
 [0.         0.         0.17777178 0.         0.         0.76856773]
 [0.         0.21532606 0.41360011 0.         0.44759024 0.        ]
 [0.         0.03097927 0.19764985 0.         0.06435879 0.        ]
 [0.         0.         0.13988139 0.         0.         0.27357128]
 [0.         0.         0.08288843 0.         0.         0.        ]
 [0.03453822 0.         0.56775802 0.         0.72514916 0.        ]
 [0.         0.         0.5659101  0.         0.60989127 0.        ]
 [0.         0.         0.12968842 0.         0.04445466 0.27549668]
 [0.         0.         0.35396329 0.         0.         0.        ]
 [0.12694892 0.         0.62680059 0.         0.62946944 0.        ]
 [0.         0.         0.35975657 0.         0.         0.68346373]
 [0.86992652 0.01413822 0.86831876 0.10894668 0.69682482 0.05155686]
 [0.98074891 0.         0.89208512 0.01471342 0.16990888 0.        ]
 [0.44756184 0.         0.63526504 0.         0.         0.15770428]
 [1.74537282 0.36882801 1.17531311 0.42556978 1.18721992 0.        ]
 [0.5647523  0.60842597 0.13104951 0.42506258 1.09578681 0.64279321]]