

1
----------------------------------------------------------------------------------
[[2.79785358e-01 4.05654799e-01 1.21400446e-01 1.15732047e-01
  0.00000000e+00 2.46322021e-01 0.00000000e+00 0.00000000e+00
  2.73525153e-01 0.00000000e+00 5.24275446e-02 0.00000000e+00
  0.00000000e+00 0.00000000e+00 0.00000000e+00]
 [0.00000000e+00 1.28213827e-01 0.00000000e+00 5.02834364e-02
  0.00000000e+00 0.00000000e+00 0.00000000e+00 0.00000000e+00
  0.00000000e+00 0.00000000e+00 0.00000000e+00 0.00000000e+00
  0.00000000e+00 0.00000000e+00 0.00000000e+00]
 [0.00000000e+00 1.85371891e-01 0.00000000e+00 0.00000000e+00
  0.00000000e+00 0.00000000e+00 0.00000000e+00 0.00000000e+00
  0.00000000e+00 1.14316692e-01 9.84257917e-02 0.00000000e+00
  0.00000000e+00 0.00000000e+00 0.00000000e+00]
 [3.30664532e-01 7.79509000e-01 3.25564526e-01 1.22026193e-01
  0.00000000e+00 2.83137237e-01 0.00000000e+00 0.00000000e+00
  3.09969422e-01 0.00000000e+00 6.43169419e-03 0.00000000e+00
  0.00000000e+00 0.00000000e+00 0.00000000e+00]
 [1.87014372e-01 2.36203852e-01 2.04175978e-01 4.14919914e-02
  0.00000000e+00 1.54646659e-01 0.00000000e+00 8.65185910e-02
  1.81352881e-01 1.81068687e-03 0.00000000e+00 0.00000000e+00
  0.00000000e+00 0.00000000e+00 0.00000000e+00]
 [3.48816666e-02 1.81056747e-01 3.34271386e-01 0.00000000e+00
  0.00000000e+00 2.03926750e-02 7.85249887e-02 1.29382938e-01
  2.23501272e-03 0.00000000e+00 4.55317691e-02 0.00000000e+00
  2.13545024e-02 0.00000000e+00 0.00000000e+00]
 [9.93843321e-02 1.96878305e-01 3.01678234e-01 0.00000000e+00
  0.00000000e+00 1.94532133e-01 0.00000000e+00 9.16866506e-02
  1.05463545e-01 0.00000000e+00 5.68974873e-03 0.00000000e+00
  0.00000000e+00 0.00000000e+00 0.00000000e+00]
 [4.21957860e-01 6.07720463e-01 1.40604082e-01 3.44555468e-01
  2.60330220e-01 1.38430487e+00 9.42545788e-01 7.23257606e-01
  9.05525007e-01 9.96041905e-02 3.99404724e-01 8.79009797e-02
  0.00000000e+00 0.00000000e+00 3.58619086e-01]
 [2.92215465e-01 6.18629112e-01 4.15630459e-01 2.52692300e-01
  2.18479389e-01 8.15279397e-01 6.81921650e-01 7.69494807e-01
  5.74589534e-01 7.18508269e-02 2.18788616e-01 0.00000000e+00
  0.00000000e+00 4.48442883e-02 1.04047342e-01]
 [3.64263588e-02 2.77800435e-01 1.18538065e-01 0.00000000e+00
  5.01244456e-01 4.85838504e-01 0.00000000e+00 0.00000000e+00
  0.00000000e+00 0.00000000e+00 1.97319944e-01 5.32083920e-02
  0.00000000e+00 0.00000000e+00 9.16024543e-02]
 [7.93273631e-02 2.26337263e-01 3.95154650e-01 0.00000000e+00
  2.89586312e-01 4.10543863e-01 5.57564461e-01 5.76271755e-01
  2.41766712e-01 1.73746491e-01 1.18511858e-01 0.00000000e+00
  4.87301485e-02 0.00000000e+00 7.18752322e-02]
 [3.72622389e-01 4.31081992e-01 4.52713830e-01 9.33327026e-01
  1.95060050e+00 2.88223728e+00 1.82189808e+00 8.51105937e-01
  8.13809758e-01 3.09972827e-01 3.05099135e-01 6.20974913e-02
  3.69397323e-02 1.18273944e-01 1.45884255e-01]
 [0.00000000e+00 9.22268872e-02 5.24365536e-01 7.56745171e-01
  1.45944263e+00 1.06741883e+00 7.71826117e-01 2.79409111e-01
  2.29167726e-01 3.32980484e-01 2.21674783e-01 7.00680149e-02
  0.00000000e+00 2.40712185e-01 0.00000000e+00]
 [3.58192544e-01 2.91132038e-01 6.01151540e-01 2.21130816e+00
  5.20234558e+00 6.60292772e+00 3.67570109e+00 1.97624584e+00
  1.48356369e+00 9.49771992e-01 1.09677069e+00 1.07606846e+00
  6.15652662e-01 7.74793452e-01 9.97671876e-01]
 [2.82432166e-01 4.55848401e-01 8.67536421e-01 3.32795929e+00
  6.44957248e+00 7.02655960e+00 4.18686269e+00 2.57439830e+00
  1.65880574e+00 1.30857966e+00 1.31410374e+00 1.09501612e+00
  8.16761631e-01 9.92334253e-01 1.03483292e+00]
 [8.84835476e-02 4.42468964e-01 8.45939539e-01 5.90013791e+00
  1.08013797e+01 9.79556507e+00 5.55127216e+00 2.58180247e+00
  1.86391603e+00 1.69833162e+00 1.68944633e+00 1.49370028e+00
  5.34932316e-01 1.05148425e+00 8.00380912e-01]
 [7.07928304e-01 3.98507552e-01 8.22077950e-01 3.14236800e+00
  7.55377681e+00 8.35473867e+00 5.16514024e+00 3.18052087e+00
  2.24898791e+00 1.33219354e+00 1.41439627e+00 1.07435449e+00
  9.46333171e-01 8.35965456e-01 1.09003100e+00]
 [6.40068042e-01 1.32648507e-01 7.88732840e-01 6.87146961e-01
  5.64088995e-01 7.85096119e-01 5.97597913e-01 1.30437118e+00
  1.19277391e+00 7.19620773e-01 6.06853238e-01 6.73851641e-01
  4.39948814e-01 7.29536153e-01 7.32231138e-01]]

2
----------------------------------------------------------------------------------
[[0.4855349  0.4454428  0.27854656 0.3818404  0.14994063 0.11003281
  0.11437596 0.33452902 0.         0.24948877 0.15673515 0.
  0.         0.20276232 0.16011674]
 [1.31597173 0.75885628 0.         0.11048721 0.         0.
  0.         0.         0.         0.         0.21616713 0.
  0.03255302 0.22894968 0.        ]
 [1.0005146  0.48695206 0.         0.32658936 0.08534883 0.11740409
  0.         0.         0.         0.         0.31972982 0.12309353
  0.05553187 0.         0.        ]
 [0.40347075 0.332342   0.75857772 0.43980592 0.28240289 0.07439521
  0.15613908 0.36386912 0.         0.27206852 0.33311989 0.
  0.07526748 0.28388179 0.24235839]
 [0.17506974 0.         0.33684126 0.32747883 0.15307398 0.01535672
  0.01712281 0.12212494 0.         0.08783814 0.32416771 0.
  0.04737825 0.30212602 0.15707835]
 [0.10739168 0.         0.22526472 0.18142598 0.05527022 0.01035156
  0.         0.         0.         0.         0.35412629 0.10443542
  0.05890812 0.39459906 0.05679629]
 [0.24339456 0.         0.16096962 0.2351267  0.07111078 0.
  0.         0.         0.         0.         0.25031225 0.
  0.03723068 0.29107228 0.07300055]
 [0.23609462 1.02058996 0.54650091 0.51473692 0.3459444  0.10096213
  0.38063984 0.32825163 0.07509088 0.24414701 0.22294872 0.16006322
  0.09149136 0.06866243 0.        ]
 [0.26707776 0.28963793 0.67115312 0.49213643 0.27177208 0.11807845
  0.88377984 0.34408484 0.25015646 0.05831134 0.20900384 0.08877432
  0.0889689  0.16940279 0.2229224 ]
 [0.2216355  0.2067597  0.26418085 0.3560564  0.         0.05188673
  0.00853865 0.         0.         0.         0.31613198 0.
  0.12047192 0.11916503 0.        ]
 [0.07782857 0.01569687 0.31670105 0.47985074 0.         0.05936489
  1.12229324 0.25692551 0.23725424 0.         0.48213228 0.09110448
  0.05368422 0.2693274  0.17937849]
 [0.34274293 0.67518623 0.11807189 0.25004188 0.11803645 0.10018969
  0.38970095 0.10245775 0.11777251 0.09463058 0.10375782 0.17653396
  0.16831197 0.         0.        ]
 [0.53371791 0.26729725 0.         0.11408464 0.         0.23633239
  0.55136478 0.         0.07166873 0.         0.43089286 0.30300065
  0.18126033 0.10456704 0.        ]
 [0.8317061  0.33020941 0.12220032 0.37837968 0.11108212 0.25811101
  0.34378048 0.08750594 0.37771571 0.09762138 0.95476854 0.80501071
  0.73986861 0.10156875 0.        ]
 [0.55100804 0.40560097 0.         0.30604532 0.06084387 0.16987978
  0.2791437  0.22785093 0.12424635 2.22726516 4.24653879 3.06926264
  2.11095582 1.11620449 0.36644111]
 [0.5382461  0.23083055 0.46055607 0.27169319 0.         0.04259531
  0.22901779 0.07967081 0.         0.43519696 1.42470172 1.70223442
  0.86480275 0.68296249 0.12630619]
 [0.65888172 0.82476771 0.         0.40136859 0.151389   0.11312805
  0.09492576 0.09649651 0.03150505 1.47321249 3.36667617 3.68268326
  2.70408807 1.36956014 0.61807787]
 [0.2409573  0.49717899 0.89710645 0.26751608 0.30185411 0.12137498
  0.33291051 0.42654064 0.67678173 0.67956561 0.15077004 0.26181468
  0.13273374 0.31218426 0.50197838]]

3
----------------------------------------------------------------------------------
[[0.01223531 0.00888402 0.10768082 0.7132476  0.09193958 0.
  0.27185523 0.         0.         0.         0.         0.
  0.00488016 0.12073645 0.01090736]
 [0.         0.         0.         0.         0.09170043 0.
  0.         0.         0.         0.         0.         0.
  0.         0.         0.        ]
 [0.         0.2827053  0.         0.         0.05280319 0.0276161
  0.         0.         0.         0.         0.         0.
  0.         0.20602685 0.02823868]
 [0.16366745 0.31871195 0.17247711 1.01796036 0.18493208 0.17353172
  0.62300116 0.         0.         0.         0.         0.04254622
  0.10594161 0.26506027 0.1515228 ]
 [0.13752854 0.24445996 0.         0.51355484 0.1347907  0.05400023
  0.3534465  0.         0.         0.         0.         0.05377367
  0.05747827 0.21824588 0.12717562]
 [0.         0.22134414 0.         0.40205997 0.2033671  0.
  0.16335285 0.         0.         0.         0.         0.
  0.00265211 0.20346907 0.00735489]
 [0.05396383 0.19045533 0.         0.47133051 0.21766918 0.01018578
  0.17056029 0.         0.         0.         0.         0.
  0.07136838 0.13027374 0.07917762]
 [0.28667923 0.34824986 0.32623062 1.13208188 0.16778591 0.27468821
  0.63476822 0.         0.         0.         0.         0.
  0.14569017 0.41359757 0.12002104]
 [0.19019862 0.30012771 0.19312712 1.10769458 0.21361737 0.1087275
  0.601023   0.         0.         0.         0.         0.
  0.01691446 0.3656007  0.07684818]
 [0.         0.15048975 0.04943426 0.02824392 0.12233664 0.1187058
  0.         0.01440411 0.         0.         0.         0.
  0.07078118 0.18162145 0.14208122]
 [0.15220167 0.51539148 0.00476633 0.62926606 0.17252834 0.
  0.16836838 0.03789235 0.         0.         0.         0.
  0.         0.17494938 0.01352908]
 [0.05727742 0.11355684 0.         0.27892788 0.01382877 0.
  0.16844765 0.         0.         0.         0.         0.
  0.         0.17773092 0.07450134]
 [0.         0.         0.03462876 0.         0.09640825 0.
  0.         0.03024654 0.         0.         0.         0.
  0.         0.10452878 0.        ]
 [0.         0.34457821 0.37118332 0.51189398 0.1396391  0.
  0.29252212 0.         0.         0.         0.         0.
  0.04344625 0.19213415 0.0461189 ]
 [0.         0.19679712 0.10035791 0.34194017 0.17571447 0.
  0.13694299 0.         0.         0.         0.         0.
  0.         0.08052655 0.06484296]
 [0.05827684 0.31701833 0.0649524  0.35337791 0.19669739 0.0785461
  0.12493132 0.03494008 0.         0.         0.         0.
  0.         0.2259016  0.00947546]
 [0.         0.41523846 0.27870743 0.2363535  0.17139105 0.
  0.1129515  0.         0.         0.         0.         0.
  0.         0.01921161 0.12739925]
 [0.76058813 0.28241773 0.44179008 0.61689445 0.11651357 0.303359
  0.66351258 0.53396659 0.35878456 0.30210707 0.40285986 0.44434261
  0.53698001 0.2465564  0.3509392 ]]

4
----------------------------------------------------------------------------------
[[0.09821778 0.         0.06217248 0.07975804 0.03714687 0.03926718
  0.05646423 0.43016357 0.29241327 0.01110937 0.14595465 0.
  0.1105855  0.13297504 0.17097435]
 [0.04597676 0.         0.04136673 0.01041941 0.         0.0089292
  0.         0.02802787 0.         0.         0.         0.11104972
  0.         0.         0.07298878]
 [0.03899266 0.01550425 0.11005975 0.15441131 0.         0.08629747
  0.16858009 0.         0.00311235 0.         0.         0.13458193
  0.00831401 0.         0.01612639]
 [0.24307877 0.01442449 0.00562949 0.20210512 0.12420257 0.10243471
  0.16075923 0.57164165 0.23844406 0.05757875 0.18318497 0.11565505
  0.21253405 0.06079787 0.17033195]
 [0.11762442 0.         0.01070217 0.20205775 0.05952204 0.1382819
  0.07936824 0.26964146 0.09858608 0.04603574 0.00531198 0.07499424
  0.12503328 0.02295105 0.11414266]
 [0.10484602 0.01426835 0.06673664 0.32910277 0.09202544 0.17892849
  0.13108637 0.15786188 0.         0.04054579 0.04142613 0.17088221
  0.         0.03792734 0.08802585]
 [0.05759464 0.         0.02671888 0.2979021  0.03094247 0.16110906
  0.06348737 0.13673474 0.08472052 0.07983049 0.10232739 0.07058591
  0.10212619 0.01885204 0.11706666]
 [0.30494858 0.04790043 0.         0.2263351  0.11313407 0.23953914
  0.14462986 0.63165867 0.32625986 0.         0.16609591 0.
  0.18767509 0.11575656 0.10072196]
 [0.47730173 0.03048162 0.         0.10054148 0.15902274 0.26012807
  0.12078472 0.58518276 0.25179868 0.         0.23162435 0.11006544
  0.14036231 0.0769187  0.10853551]
 [0.06275849 0.0249706  0.05410812 0.50844951 0.         0.38524409
  0.09198285 0.27344857 0.07761135 0.         0.         0.03329046
  0.13011113 0.01300631 0.12947684]
 [0.18030421 0.11541706 0.09195325 0.24562104 0.14224954 0.13828522
  0.24181028 0.32720759 0.09063004 0.         0.07881356 0.21035867
  0.07784717 0.00340806 0.07411787]
 [0.0027259  0.         0.         0.         0.         0.10946595
  0.02954227 0.20412577 0.06179338 0.0313547  0.0445462  0.
  0.03045308 0.0082216  0.07123758]
 [0.03679468 0.17574888 0.09796204 0.13556745 0.         0.02721757
  0.10415465 0.07727605 0.         0.         0.05081852 0.0745821
  0.         0.         0.11196306]
 [0.07436981 0.13017735 0.05258287 0.18223943 0.06792541 0.09132118
  0.03113233 0.14218282 0.08211681 0.         0.         0.
  0.07923994 0.02779982 0.        ]
 [0.08259366 0.13507364 0.03794787 0.06272404 0.08210001 0.1342592
  0.07332756 0.19654627 0.00469425 0.00839335 0.         0.
  0.04612483 0.         0.        ]
 [0.06495856 0.11745742 0.14213151 0.23756653 0.         0.17527659
  0.06085437 0.14836132 0.10534585 0.04120037 0.0791075  0.14443265
  0.05822723 0.         0.04670059]
 [0.08133487 0.03969184 0.06242578 0.01579127 0.01658281 0.14245419
  0.01463351 0.24494291 0.         0.05496345 0.         0.
  0.02624061 0.         0.00368504]
 [0.11902126 0.12144847 0.11904343 0.35882484 0.48192616 0.30400104
  0.13661317 0.24880058 0.38916097 0.38593673 0.61879326 0.20250834
  0.20359291 0.22190584 0.22626444]]

5
----------------------------------------------------------------------------------
[[7.28086496e-02 0.00000000e+00 0.00000000e+00 0.00000000e+00
  3.49032828e-01 1.00193614e-01 0.00000000e+00 7.29112687e-02
  7.08159606e-02 1.23335943e-01 0.00000000e+00 0.00000000e+00
  0.00000000e+00 0.00000000e+00 0.00000000e+00]
 [1.49759445e-01 0.00000000e+00 0.00000000e+00 0.00000000e+00
  0.00000000e+00 2.47223615e-02 0.00000000e+00 4.18733657e-02
  0.00000000e+00 0.00000000e+00 0.00000000e+00 0.00000000e+00
  0.00000000e+00 0.00000000e+00 0.00000000e+00]
 [1.09724520e-01 0.00000000e+00 0.00000000e+00 0.00000000e+00
  0.00000000e+00 5.25289668e-01 0.00000000e+00 6.24903869e-02
  1.25078660e-02 0.00000000e+00 0.00000000e+00 0.00000000e+00
  0.00000000e+00 1.93440006e-02 0.00000000e+00]
 [4.71942011e-02 0.00000000e+00 0.00000000e+00 4.67963006e-01
  2.84029751e-01 1.85878230e-01 0.00000000e+00 1.05486814e-01
  2.27501639e-01 2.87499109e-01 4.33624947e-02 0.00000000e+00
  0.00000000e+00 0.00000000e+00 0.00000000e+00]
 [3.34586507e-02 0.00000000e+00 0.00000000e+00 1.31257077e-02
  4.91553623e-02 0.00000000e+00 4.76216517e-03 0.00000000e+00
  1.48063494e-01 8.57582332e-02 0.00000000e+00 0.00000000e+00
  0.00000000e+00 0.00000000e+00 0.00000000e+00]
 [3.87970177e-02 1.21757600e-02 0.00000000e+00 1.58779388e-01
  0.00000000e+00 1.68198726e-01 7.56594594e-02 5.26753994e-02
  8.51307114e-02 0.00000000e+00 0.00000000e+00 0.00000000e+00
  0.00000000e+00 5.01977778e-02 0.00000000e+00]
 [5.76223922e-02 0.00000000e+00 0.00000000e+00 0.00000000e+00
  0.00000000e+00 0.00000000e+00 2.36281755e-02 4.89111173e-02
  9.35260734e-02 0.00000000e+00 0.00000000e+00 0.00000000e+00
  0.00000000e+00 0.00000000e+00 0.00000000e+00]
 [4.51001046e-01 9.56873680e-01 0.00000000e+00 6.91498191e-01
  0.00000000e+00 7.19583791e-01 8.81607926e-03 6.25662376e-02
  1.93923313e-01 7.11549957e-02 2.43006342e-01 0.00000000e+00
  0.00000000e+00 0.00000000e+00 0.00000000e+00]
 [2.86390874e-01 7.33410909e-01 0.00000000e+00 5.67877379e-01
  0.00000000e+00 3.48605704e-01 4.58829363e-02 6.69536662e-02
  2.09404968e-01 7.55381891e-02 1.39958778e-01 0.00000000e+00
  0.00000000e+00 0.00000000e+00 0.00000000e+00]
 [2.94953790e-01 0.00000000e+00 0.00000000e+00 1.11695098e+00
  0.00000000e+00 1.34927073e-01 2.99532606e-01 2.68354407e-01
  1.68534743e-02 0.00000000e+00 0.00000000e+00 0.00000000e+00
  0.00000000e+00 0.00000000e+00 0.00000000e+00]
 [2.49165699e-01 1.82073757e-01 0.00000000e+00 0.00000000e+00
  0.00000000e+00 1.35620097e-01 1.41203976e-01 1.11674614e-01
  0.00000000e+00 0.00000000e+00 0.00000000e+00 2.31102545e-02
  0.00000000e+00 0.00000000e+00 0.00000000e+00]
 [3.35393099e-01 1.07002373e+00 1.72648819e+00 5.61623490e+00
  3.69967001e-01 8.77506100e-01 0.00000000e+00 8.17275578e-02
  9.61853900e-02 0.00000000e+00 0.00000000e+00 0.00000000e+00
  0.00000000e+00 0.00000000e+00 0.00000000e+00]
 [4.93184386e-01 6.40069212e-01 8.85500242e-01 5.22577403e+00
  5.93421159e-01 5.07439915e-01 2.04521917e-01 1.97588959e-01
  1.23138208e-01 0.00000000e+00 1.06130005e-02 0.00000000e+00
  0.00000000e+00 0.00000000e+00 0.00000000e+00]
 [6.04628347e-01 2.36712189e+00 6.41557711e+00 1.66455104e+01
  8.49219192e+00 1.73249432e+00 5.63686414e-01 1.95630338e-01
  3.92162001e-01 0.00000000e+00 0.00000000e+00 0.00000000e+00
  0.00000000e+00 0.00000000e+00 0.00000000e+00]
 [6.30104697e-01 1.11423479e+00 4.84929744e+00 1.85267825e+01
  7.42284913e+00 1.20982372e+00 3.44649624e-01 1.22179675e-01
  2.26152815e-01 9.34133277e-02 9.93895392e-02 1.67850154e-01
  1.25045556e-03 7.72747637e-02 0.00000000e+00]
 [9.83845906e-01 6.98608920e-01 4.40015275e+00 1.44906308e+01
  6.00230812e+00 1.71928707e+00 7.11643107e-01 2.97734601e-01
  8.92758595e-02 0.00000000e+00 0.00000000e+00 6.50809682e-02
  0.00000000e+00 1.17235975e-01 0.00000000e+00]
 [8.04103238e-01 2.39399360e+00 7.01551072e+00 1.37004485e+01
  4.27472149e+00 1.55568162e+00 0.00000000e+00 1.14404370e-01
  5.09349011e-01 2.23902242e-01 4.13701341e-01 6.54689858e-01
  3.03136911e-02 1.55415786e-01 0.00000000e+00]
 [1.00379033e-01 5.19939392e-01 1.24926762e+00 8.10266478e-01
  1.30954530e+00 2.60531754e-01 7.10406940e-01 1.37579563e-01
  2.10260590e-01 4.16325909e-01 2.63421533e-01 4.47094567e-01
  3.21792790e-01 3.15659018e-01 2.73981195e-01]]

6
----------------------------------------------------------------------------------
[[4.03209157e-02 0.00000000e+00 0.00000000e+00 0.00000000e+00
  6.52479097e-02 1.23531205e-02 7.84787102e-02 0.00000000e+00
  1.02049296e-02 6.49588571e-02 5.34399093e-02 0.00000000e+00
  0.00000000e+00 7.98328226e-02 2.99924684e-01]
 [1.19921413e-02 0.00000000e+00 0.00000000e+00 9.11705994e-02
  7.72848477e-03 2.34424843e-02 6.16963921e-02 0.00000000e+00
  0.00000000e+00 9.01592280e-02 0.00000000e+00 0.00000000e+00
  0.00000000e+00 8.34901360e-02 2.13547360e-02]
 [2.01412627e-02 0.00000000e+00 0.00000000e+00 4.68084340e-02
  9.51075050e-03 0.00000000e+00 7.63954076e-02 0.00000000e+00
  0.00000000e+00 7.77637290e-02 4.62479072e-02 6.64192475e-03
  0.00000000e+00 4.70332018e-02 0.00000000e+00]
 [0.00000000e+00 3.22558499e-02 0.00000000e+00 1.27349820e-02
  0.00000000e+00 1.30757708e-01 1.02014610e-01 1.55132093e-02
  1.19600511e-01 9.19470757e-02 1.12175155e-01 2.89096714e-02
  0.00000000e+00 8.49208836e-02 5.09564557e-01]
 [0.00000000e+00 9.23536842e-02 0.00000000e+00 2.85323865e-02
  0.00000000e+00 5.87466263e-02 6.24667355e-02 7.87154558e-02
  1.71932382e-01 6.45560137e-02 1.20036698e-01 3.35710190e-02
  0.00000000e+00 2.78392407e-02 2.29068485e-01]
 [7.16030136e-02 1.26981551e-01 0.00000000e+00 6.69751009e-02
  4.12153961e-02 8.48843394e-02 6.73531965e-02 0.00000000e+00
  6.35142064e-02 6.08246026e-02 1.22776755e-01 1.71140140e-02
  0.00000000e+00 8.85573978e-04 1.90523857e-01]
 [7.13961173e-02 1.69004269e-01 0.00000000e+00 4.18765456e-02
  1.91286693e-02 6.41615817e-02 5.55345880e-02 5.74491399e-02
  8.36139089e-02 6.23034841e-02 1.59428259e-01 1.79133554e-02
  0.00000000e+00 0.00000000e+00 1.20613159e-01]
 [0.00000000e+00 4.72617314e-02 0.00000000e+00 0.00000000e+00
  9.73887483e-02 8.81276604e-02 1.67373328e-01 0.00000000e+00
  4.00459404e-02 1.04655362e-01 1.49362535e-01 0.00000000e+00
  0.00000000e+00 9.67118707e-02 3.06588994e-01]
 [1.73693813e-02 1.50758151e-01 0.00000000e+00 0.00000000e+00
  9.92088428e-02 1.57342861e-01 9.31809885e-02 2.20711038e-02
  1.15276765e-01 1.75873231e-01 2.42681926e-01 7.71771832e-02
  0.00000000e+00 8.97552403e-02 4.79143378e-01]
 [2.07329937e-02 4.11641106e-03 0.00000000e+00 0.00000000e+00
  6.81330936e-02 1.71898805e-03 1.15348420e-01 2.26111964e-02
  3.20042480e-02 9.98221137e-02 1.25825820e-01 2.59490292e-02
  3.11177391e-02 1.82599811e-02 1.78849529e-02]
 [4.18580107e-02 2.47755317e-01 0.00000000e+00 1.41192743e-01
  0.00000000e+00 9.56556142e-03 4.00477530e-02 0.00000000e+00
  2.06688282e-01 3.08625834e-02 1.41576123e-01 0.00000000e+00
  0.00000000e+00 1.05472145e-02 2.15956444e-01]
 [1.04360215e-01 1.94095210e-01 0.00000000e+00 9.83234595e-02
  2.10166730e-01 1.33811198e-01 1.02148130e-01 2.02362936e-02
  0.00000000e+00 5.63067527e-02 1.68582843e-01 2.71713179e-02
  0.00000000e+00 6.00548974e-02 2.34391667e-01]
 [1.30414630e-01 2.26192603e-01 0.00000000e+00 2.06957866e-01
  1.06226304e-01 4.81206505e-02 7.84728593e-02 0.00000000e+00
  5.52273310e-02 5.46032183e-02 8.66785166e-02 1.46849210e-02
  0.00000000e+00 9.60389112e-02 4.97697735e-02]
 [3.49927573e-01 5.21287622e-01 4.57642632e-01 4.67514302e-01
  4.71452426e-01 2.72012826e-01 8.01095458e-02 0.00000000e+00
  1.35240344e-01 1.90450851e-02 5.63636178e-02 0.00000000e+00
  0.00000000e+00 1.26483003e-01 9.04252844e-02]
 [2.45440678e-01 5.36386940e-01 4.84829120e-01 7.43046618e-01
  5.42532797e-01 2.42150939e-01 1.25643073e-01 0.00000000e+00
  4.15253760e-02 9.61375152e-02 3.83222102e-02 7.41222151e-03
  1.03470402e-02 2.02807370e-01 2.57309576e-02]
 [4.04589858e-01 2.82416456e-01 1.08007860e-01 6.48675658e-01
  9.91587044e-01 3.82667565e-01 1.33731637e-01 0.00000000e+00
  1.32202804e-01 6.75835701e-02 8.39717964e-02 4.21775004e-02
  1.13804397e-01 1.65511500e-01 4.26880782e-02]
 [2.60418957e-01 8.66431708e-01 8.80892968e-01 6.16372755e-01
  2.85840588e-01 1.20588346e-01 2.24960329e-01 0.00000000e+00
  8.81590648e-02 2.22439435e-02 6.22294476e-02 0.00000000e+00
  2.46999857e-02 2.50540331e-01 8.05874959e-02]
 [1.11243234e-01 2.11215788e-01 2.70773354e-01 2.42102106e-01
  1.67228358e-01 1.76237319e-01 6.30523809e-02 2.58786433e-01
  2.55750561e-01 1.79468646e-01 1.59803930e-01 4.37485869e-01
  1.89321166e-01 1.05302123e-01 3.15046678e-01]]

6
----------------------------------------------------------------------------------
[[0.12487832 0.         0.        ]
 [0.         0.10496273 0.        ]
 [0.         0.         0.        ]
 [0.17039968 0.17199366 0.        ]
 [0.14173334 0.02116808 0.        ]
 [0.14241271 0.         0.        ]
 [0.20675991 0.         0.        ]
 [0.         0.         0.        ]
 [0.0636893  0.01172135 0.        ]
 [0.15632399 0.         0.        ]
 [0.23896107 0.         0.        ]
 [0.07007733 0.         0.        ]
 [0.10158567 0.         0.        ]
 [0.14883267 0.         0.        ]
 [0.         0.01522033 0.        ]
 [0.         0.         0.        ]
 [0.         0.08434587 0.        ]
 [0.85724687 0.63746062 0.30983335]]