

1
----------------------------------------------------------------------------------
[[1.92749977e-01 6.92052909e-01 1.16212957e-01 6.19176093e-02
  1.12895830e-01 9.81880532e-02 2.77161951e-01 5.00248914e-02
  2.14504817e-01 3.40747672e-01 2.31270504e-02 1.76249536e-01
  9.92979941e-02 0.00000000e+00 0.00000000e+00]
 [4.69171096e-01 0.00000000e+00 0.00000000e+00 2.92491640e-01
  4.87671091e-02 8.49985878e-03 3.03958775e-01 1.10264646e-01
  2.65545097e-01 1.21448471e-01 2.25385071e-01 0.00000000e+00
  1.01710689e-01 5.75060808e-02 0.00000000e+00]
 [4.28551078e-01 0.00000000e+00 4.16402432e-02 9.91552324e-02
  1.21136644e-01 1.70397133e-01 3.59899663e-01 1.02174958e-01
  3.45924941e-01 2.19369755e-01 0.00000000e+00 0.00000000e+00
  5.85992133e-02 4.06733188e-02 0.00000000e+00]
 [1.19854509e-02 1.11547694e+00 1.62165832e-01 9.52857777e-03
  2.11258816e-01 3.67787125e-01 1.68170632e-01 0.00000000e+00
  0.00000000e+00 5.51160229e-01 0.00000000e+00 3.43881000e-01
  3.75326780e-01 0.00000000e+00 4.94158821e-02]
 [0.00000000e+00 3.22402492e-01 7.88237017e-02 0.00000000e+00
  1.43709344e-01 3.48194204e-01 1.79624395e-01 0.00000000e+00
  0.00000000e+00 2.76010032e-01 9.99238220e-02 2.32538495e-01
  4.71356011e-01 4.89618838e-02 1.19178449e-01]
 [0.00000000e+00 0.00000000e+00 0.00000000e+00 6.95181502e-02
  1.17333561e-01 3.75540642e-01 3.46621266e-01 7.58733415e-03
  1.58796212e-01 2.37256899e-01 0.00000000e+00 1.84071431e-01
  9.34874480e-02 1.02951836e-01 0.00000000e+00]
 [0.00000000e+00 3.51594944e-02 5.13468319e-02 8.93534203e-02
  1.63044042e-01 3.38077246e-01 2.30035535e-01 0.00000000e+00
  8.32911092e-02 2.24049100e-01 8.41866443e-02 1.94320495e-01
  3.53838179e-01 2.61308719e-01 0.00000000e+00]
 [1.68160351e-01 7.56049934e-01 1.74540115e-01 1.58677847e-02
  1.05249058e-01 1.55710938e-01 1.58880938e-01 9.33166353e-03
  9.14763752e-02 3.82060126e-01 1.92053992e-01 6.54757305e-01
  1.23021625e+00 8.83399251e-01 1.21979971e+00]
 [0.00000000e+00 8.40092243e-01 2.15186456e-01 6.91868151e-03
  1.76192280e-01 2.88241537e-01 6.02009854e-02 0.00000000e+00
  0.00000000e+00 6.11697451e-01 1.92527495e-01 9.38252159e-01
  1.23237367e+00 6.07265423e-01 7.38067496e-01]
 [1.83591237e-01 0.00000000e+00 2.11060696e-01 0.00000000e+00
  0.00000000e+00 1.49489915e-01 3.07511248e-01 0.00000000e+00
  1.49503768e-01 1.40663191e-01 1.86606123e-01 2.71770599e-01
  9.80611043e-01 4.74914146e-01 0.00000000e+00]
 [0.00000000e+00 9.74529946e-02 0.00000000e+00 5.55927691e-02
  1.75566066e-01 2.73718136e-01 1.97811635e-01 0.00000000e+00
  1.01776533e-01 5.46160583e-01 1.91475842e-01 8.96395428e-01
  9.25703476e-01 4.43640589e-01 1.01775287e-01]
 [0.00000000e+00 7.45335083e-01 1.29437442e-01 6.12532557e-03
  1.53563957e-01 2.10548557e-01 1.20442954e-01 0.00000000e+00
  4.01646365e-02 5.38570104e-01 3.46384983e-01 1.46154881e+00
  1.90931927e+00 7.88828103e-01 8.35108120e-01]
 [0.00000000e+00 1.03756518e-01 0.00000000e+00 4.75814684e-02
  1.44095347e-01 2.13614173e-01 2.00867428e-01 0.00000000e+00
  1.14423029e-01 5.03532518e-01 3.46082669e-01 1.22208101e+00
  1.24619414e+00 5.99848721e-01 2.84159804e-01]
 [0.00000000e+00 1.59193913e-01 0.00000000e+00 4.30076895e-02
  1.08911498e-01 1.22317730e-01 3.68576704e-02 7.34225121e-02
  1.91055063e-01 4.30607900e-01 1.95244611e+00 6.46368825e+00
  6.24894209e+00 3.82917632e+00 2.33008551e+00]
 [0.00000000e+00 8.75580784e-02 0.00000000e+00 1.67914175e-03
  1.47507855e-01 1.11266989e-01 1.89968669e-01 1.51779912e-01
  3.31884724e-01 6.25399860e-01 2.78781753e+00 7.38116667e+00
  7.22120180e+00 4.54697138e+00 2.52935884e+00]
 [0.00000000e+00 0.00000000e+00 1.33058116e-02 3.31122189e-02
  1.43084202e-01 2.12394541e-01 2.35938902e-02 0.00000000e+00
  1.70651965e-01 9.37929299e-01 1.01135516e+01 1.59307403e+01
  9.29270209e+00 4.71016874e+00 2.29640383e+00]
 [3.39996942e-02 3.12183227e-01 1.75871548e-02 0.00000000e+00
  2.38430029e-01 1.94328875e-01 3.39382103e-01 4.99842639e-01
  3.52265367e-01 5.80478592e-01 1.39282267e+00 5.98043454e+00
  7.54857686e+00 4.91122509e+00 3.16680308e+00]
 [7.58865325e-01 9.76837772e-01 2.58200345e-01 2.73336331e-01
  2.07399866e-01 6.81850434e-01 4.13356702e-01 3.70651679e-01
  1.68636356e-01 6.76325432e-01 4.97585591e-01 1.13670182e+00
  1.01962859e+00 6.09031300e-01 1.27293947e+00]]

2
----------------------------------------------------------------------------------
[[0.00000000e+00 2.11996617e-01 0.00000000e+00 6.96440144e-03
  0.00000000e+00 7.04062953e-01 0.00000000e+00 0.00000000e+00
  0.00000000e+00 0.00000000e+00 1.20847915e-01 0.00000000e+00
  0.00000000e+00 0.00000000e+00 0.00000000e+00]
 [0.00000000e+00 1.59316823e-01 0.00000000e+00 0.00000000e+00
  0.00000000e+00 7.34618023e-01 0.00000000e+00 0.00000000e+00
  0.00000000e+00 0.00000000e+00 7.36149041e-02 0.00000000e+00
  5.26235505e-02 0.00000000e+00 0.00000000e+00]
 [0.00000000e+00 1.30527868e-02 0.00000000e+00 0.00000000e+00
  0.00000000e+00 1.06576333e+00 3.85079141e-01 3.31787736e-01
  0.00000000e+00 0.00000000e+00 1.92405212e-01 0.00000000e+00
  0.00000000e+00 0.00000000e+00 0.00000000e+00]
 [0.00000000e+00 1.48644105e-01 0.00000000e+00 8.41970165e-02
  0.00000000e+00 5.09010870e-01 5.40833077e-02 0.00000000e+00
  0.00000000e+00 0.00000000e+00 2.80021900e-01 0.00000000e+00
  1.31520864e-01 8.42631179e-02 7.32061261e-02]
 [0.00000000e+00 2.69882033e-01 0.00000000e+00 2.41889481e-02
  0.00000000e+00 2.92134383e-01 0.00000000e+00 0.00000000e+00
  0.00000000e+00 0.00000000e+00 0.00000000e+00 0.00000000e+00
  8.22175524e-02 8.06276532e-02 2.17881437e-01]
 [3.45099781e-02 1.01278698e-01 0.00000000e+00 0.00000000e+00
  0.00000000e+00 2.80078387e-01 5.63932101e-02 0.00000000e+00
  4.32420042e-01 0.00000000e+00 1.07370184e-01 0.00000000e+00
  1.78720251e-01 1.96485670e-02 2.69251602e-01]
 [5.09577715e-02 2.63499769e-01 0.00000000e+00 0.00000000e+00
  0.00000000e+00 1.31461615e-01 0.00000000e+00 0.00000000e+00
  7.21166437e-02 0.00000000e+00 0.00000000e+00 0.00000000e+00
  7.91531830e-02 7.58013201e-02 1.05804038e-01]
 [3.99417109e-01 3.35922533e-01 8.07375736e-02 3.41241562e-01
  1.67613149e-01 1.80312034e-01 1.28313156e-01 0.00000000e+00
  0.00000000e+00 0.00000000e+00 1.68213727e-01 0.00000000e+00
  3.03198624e-01 3.42943686e-02 0.00000000e+00]
 [2.46716934e-01 3.67349558e-01 9.63386036e-03 2.42345078e-01
  1.07743903e-01 5.32827924e-01 2.18495945e-02 0.00000000e+00
  0.00000000e+00 0.00000000e+00 9.81786528e-02 0.00000000e+00
  2.82926390e-01 4.16233043e-02 9.56170021e-03]
 [0.00000000e+00 1.37136714e-01 0.00000000e+00 0.00000000e+00
  0.00000000e+00 4.16645831e-01 9.44751535e-02 1.87774373e-01
  8.55082849e-02 0.00000000e+00 0.00000000e+00 0.00000000e+00
  1.97178567e-02 0.00000000e+00 3.00628672e-01]
 [4.98121544e-02 1.41851161e-01 4.14733199e-02 0.00000000e+00
  2.26230639e-01 4.94373646e-01 0.00000000e+00 0.00000000e+00
  2.28004665e-01 0.00000000e+00 0.00000000e+00 0.00000000e+00
  8.66911695e-03 3.27112444e-02 2.89132034e-01]
 [2.90792984e-01 2.65454812e-01 1.74631536e-02 2.67502071e-01
  1.17272299e-01 3.35523059e-01 0.00000000e+00 0.00000000e+00
  0.00000000e+00 0.00000000e+00 0.00000000e+00 0.00000000e+00
  2.26912592e-01 0.00000000e+00 0.00000000e+00]
 [0.00000000e+00 1.91201545e-01 1.37653037e-02 0.00000000e+00
  3.62788150e-01 3.83809676e-01 1.52693490e-01 1.12114538e-01
  4.30835617e-02 0.00000000e+00 0.00000000e+00 0.00000000e+00
  0.00000000e+00 0.00000000e+00 7.73048762e-02]
 [7.15258632e-01 3.35609439e-01 3.26535777e-01 3.34140023e-01
  4.09556549e-01 8.39717101e-02 3.26036780e-01 3.67958671e-01
  4.56801798e-01 1.99334686e-01 1.26331169e-01 9.83213343e-02
  5.56246651e-02 0.00000000e+00 0.00000000e+00]
 [6.55729737e-01 2.42135418e-01 2.87754898e-01 2.14582858e-01
  4.92167299e-01 1.18812283e-01 2.57579685e-01 2.78827584e-01
  4.73962881e-01 5.66097243e-02 2.82360291e-01 8.51413224e-02
  3.27384213e-04 0.00000000e+00 0.00000000e+00]
 [8.15508948e-01 6.47342900e-01 9.51289726e-02 0.00000000e+00
  4.44805795e-01 4.59175994e-01 2.24810097e-01 4.27511135e-01
  7.06583474e-01 8.81252814e-02 9.67150928e-02 3.16361710e-02
  1.08232243e-01 0.00000000e+00 2.64270377e-01]
 [1.07647537e+00 3.46434170e-01 4.96784489e-01 4.89416926e-01
  6.50956788e-01 0.00000000e+00 2.39433337e-01 0.00000000e+00
  1.07124550e-01 0.00000000e+00 2.02998239e-01 1.43139385e-01
  1.09952070e-01 0.00000000e+00 0.00000000e+00]
 [1.00070781e+00 4.82818961e-01 7.85895196e-01 1.36713140e+00
  1.32745950e+00 4.63741405e-01 6.08165206e-01 1.12750235e+00
  1.44740231e+00 1.74631423e+00 3.88853156e-01 3.67821962e-01
  2.40401384e-01 4.85587386e-01 7.84133451e-01]]

3
----------------------------------------------------------------------------------
[[0.21155544 0.         0.03981075 0.16330573 0.         0.
  0.09055372 0.         0.12612699 0.19210738 0.11736447 0.03411987
  0.         0.08680244 0.        ]
 [0.00532138 0.14957559 0.07780816 0.24054662 0.18475111 0.
  0.26593659 0.         0.06006404 0.         0.06189525 0.00423106
  0.         0.04105689 0.        ]
 [0.15321481 0.         0.12396125 0.23664748 0.         0.
  0.         0.         0.2273003  0.13147844 0.01188286 0.05528774
  0.16607187 0.19487359 0.        ]
 [0.47699911 0.         0.         0.23485326 0.         0.
  0.02336293 0.         0.22957393 0.19143041 0.06695583 0.14488909
  0.         0.11372234 0.        ]
 [0.39774521 0.         0.         0.19587912 0.         0.
  0.         0.         0.11606491 0.08779011 0.04643207 0.03534414
  0.         0.08456756 0.        ]
 [0.43430461 0.         0.01974991 0.22124241 0.         0.
  0.         0.         0.28579583 0.09128137 0.0214842  0.0231259
  0.10520225 0.17742702 0.        ]
 [0.33938352 0.         0.         0.11767097 0.         0.
  0.         0.         0.12004457 0.06202488 0.08822796 0.00209026
  0.         0.12334667 0.        ]
 [0.50019252 0.         0.         0.22926829 0.         0.
  0.01529188 0.         0.30772476 0.20531734 0.06239188 0.07592478
  0.         0.10817149 0.4484143 ]
 [0.70960741 0.         0.         0.20823694 0.         0.
  0.0107128  0.         0.22524712 0.14993841 0.08346139 0.04525917
  0.         0.37242404 0.9222861 ]
 [0.45184795 0.         0.08342807 0.19637626 0.         0.
  0.         0.         0.28288936 0.06191877 0.09107377 0.01996793
  0.01997185 0.09153644 0.        ]
 [0.63009956 0.         0.02116899 0.37118341 0.         0.
  0.         0.         0.28250963 0.05114486 0.08443128 0.0168329
  0.05632559 1.03064522 0.82506471]
 [0.47288696 0.         0.         0.14523885 0.         0.
  0.         0.         0.15245538 0.07227978 0.04525125 0.00300015
  0.         0.02582016 0.31863139]
 [0.50846925 0.         0.03072271 0.22953369 0.         0.
  0.         0.01973804 0.18723773 0.036557   0.04739246 0.03223002
  0.         0.69276798 0.45897099]
 [0.31062444 0.         0.10295959 0.12267536 0.         0.
  0.         0.17110873 0.00375052 0.03123699 0.02678062 0.05102209
  0.         0.10025984 0.        ]
 [0.16109852 0.01636337 0.15212336 0.07190712 0.         0.
  0.05194295 0.2375905  0.03058609 0.01513133 0.03909706 0.13073176
  0.00178462 0.         0.        ]
 [0.52719313 0.         0.09891166 0.13452046 0.         0.
  0.         0.26495105 0.09578064 0.00129991 0.06151204 0.03149303
  0.01150683 0.01251132 0.        ]
 [0.19987423 0.00182915 0.13822595 0.13782013 0.         0.
  0.0995546  0.         0.         0.044471   0.         0.05427509
  0.         0.         0.        ]
 [0.24634787 0.88396357 0.23610685 0.24150452 0.61424801 1.17952708
  0.41520456 0.66761242 0.17512245 0.19792397 0.21743788 0.0994825
  0.27554363 0.31716802 0.40182934]]

4
----------------------------------------------------------------------------------
[[0.         0.4131603  0.         0.         0.12416744 0.73713413
  0.14724695 0.02968392 0.47961147 0.         0.1121795  0.02384985
  0.07512315 0.20655427 0.06075182]
 [0.         0.18945051 0.         0.         0.         0.
  0.07109999 0.         0.         0.         0.         0.10481326
  0.         0.         0.        ]
 [0.10673515 0.34715141 0.         0.00208376 0.         0.
  0.01703396 0.         0.         0.         0.         0.06665453
  0.         0.         0.06827811]
 [0.076318   0.56748707 0.05920049 0.         0.52132733 1.05359471
  0.10956765 0.17236744 0.34807519 0.         0.02918187 0.13302962
  0.17242485 0.15409615 0.08735662]
 [0.18439059 0.23752766 0.12155208 0.03540479 0.22190845 0.53170339
  0.0275544  0.17069106 0.15091845 0.         0.04098395 0.09804513
  0.09560344 0.14021324 0.10550283]
 [0.29066971 0.20391991 0.45937939 0.16696642 0.06989603 0.28945082
  0.         0.08141734 0.10925088 0.         0.06200421 0.02934261
  0.0276858  0.         0.34085945]
 [0.10120942 0.14051841 0.27244818 0.1026815  0.16021638 0.4409137
  0.0216273  0.14378901 0.26242227 0.         0.07473567 0.12081547
  0.05772727 0.03199201 0.26016441]
 [0.03189103 0.54261274 0.19203113 0.         0.67785009 1.10229891
  0.09554891 0.2002394  0.30045949 0.         0.24178762 0.21676592
  0.12944794 0.188535   0.08831349]
 [0.06441242 0.41794396 0.35321986 0.15109908 0.6941357  1.11475264
  0.         0.15248235 0.31186809 0.         0.727435   0.30064875
  0.09946945 0.05159923 0.15593886]
 [0.21846435 0.13102773 0.         0.1749844  0.         0.02956861
  0.         0.23057997 0.         0.         0.         0.
  0.         0.06503497 0.2268088 ]
 [0.20442385 0.08980269 0.39388732 0.39092724 0.08435729 0.58589713
  0.0162541  0.08667987 0.02307087 0.10779463 1.05773711 0.08883836
  0.19119463 0.         0.20108856]
 [0.09922164 0.2492033  0.03888129 0.03408408 0.30061904 0.73194829
  0.03396151 0.         0.29486191 0.         0.12345214 0.20099537
  0.04042961 0.         0.21850416]
 [0.02693732 0.13277738 0.22463562 0.20130586 0.         0.32556067
  0.         0.         0.03135409 0.         0.59726036 0.05358723
  0.0750909  0.         0.19191286]
 [0.14452285 0.11623546 0.26326711 0.02292893 0.12652277 0.28714942
  0.03172342 0.0730301  0.         0.         0.09968479 0.00795967
  0.         0.13870654 0.02223771]
 [0.10454268 0.17072891 0.19974738 0.0640755  0.20644238 0.23531213
  0.10831649 0.         0.         0.         0.         0.01819416
  0.         0.         0.        ]
 [0.10955424 0.07035689 0.29574384 0.29341664 0.03079643 0.45093618
  0.0807572  0.12311294 0.         0.         0.06827967 0.12251096
  0.1051913  0.         0.        ]
 [0.14854279 0.1072115  0.         0.         0.23465941 0.34161981
  0.07761412 0.1377723  0.09280563 0.         0.         0.09138931
  0.         0.04908332 0.02788708]
 [0.44223393 0.12841214 0.9794293  0.20310683 0.65824889 0.54031273
  0.23619326 0.92000006 1.18865956 0.66466486 1.04305272 1.30271668
  1.11574108 1.25214877 1.07556033]]

5
----------------------------------------------------------------------------------
[[6.91333129e-02 0.00000000e+00 0.00000000e+00 2.31462863e-01
  1.17609488e-01 2.97014383e-01 0.00000000e+00 0.00000000e+00
  2.79257449e-01 2.01897631e-01 0.00000000e+00 0.00000000e+00
  1.21830828e-02 4.30422768e-01 0.00000000e+00]
 [0.00000000e+00 0.00000000e+00 0.00000000e+00 1.10166675e-02
  0.00000000e+00 5.38736590e-02 0.00000000e+00 0.00000000e+00
  0.00000000e+00 0.00000000e+00 0.00000000e+00 0.00000000e+00
  1.26506072e-02 0.00000000e+00 0.00000000e+00]
 [5.04131754e-02 0.00000000e+00 0.00000000e+00 1.21681786e-01
  0.00000000e+00 1.32305472e-01 0.00000000e+00 0.00000000e+00
  2.31572324e-02 0.00000000e+00 2.63147241e-01 0.00000000e+00
  0.00000000e+00 0.00000000e+00 0.00000000e+00]
 [3.39175016e-02 0.00000000e+00 2.05309906e-01 3.17849406e-01
  3.51751815e-01 3.78965049e-01 0.00000000e+00 1.81309646e-01
  5.75522289e-01 3.74989897e-01 1.43040797e-01 1.76544072e-01
  0.00000000e+00 5.38839919e-01 0.00000000e+00]
 [2.11753301e-01 0.00000000e+00 1.13904914e-01 3.15832098e-02
  2.15683430e-01 2.00123482e-01 0.00000000e+00 8.43882484e-03
  2.69006130e-01 2.20788774e-01 2.51303953e-01 9.19482008e-02
  0.00000000e+00 3.05046228e-01 0.00000000e+00]
 [2.35475744e-01 0.00000000e+00 0.00000000e+00 4.74427122e-02
  2.90207158e-01 2.48960151e-01 1.26023924e-01 0.00000000e+00
  2.49999343e-01 3.37878846e-01 3.30899107e-01 4.52804105e-02
  0.00000000e+00 7.19188223e-02 0.00000000e+00]
 [2.27080493e-01 0.00000000e+00 0.00000000e+00 5.69362422e-02
  2.09234264e-01 2.18548797e-01 1.90844890e-02 0.00000000e+00
  1.49574580e-01 1.93703602e-01 2.36446712e-01 5.08083981e-03
  0.00000000e+00 1.74271979e-01 0.00000000e+00]
 [6.50782628e-02 0.00000000e+00 2.39728823e-01 4.41743288e-01
  5.83015279e-01 4.89572039e-01 0.00000000e+00 1.20127094e-01
  4.56809443e-01 3.79533422e-01 3.20942660e-01 1.29004710e-01
  0.00000000e+00 6.77861980e-01 0.00000000e+00]
 [8.06731847e-02 0.00000000e+00 2.42458912e-01 2.96019735e-01
  5.67416495e-01 4.90620468e-01 0.00000000e+00 9.74722310e-02
  4.87682548e-01 4.41166271e-01 3.06390955e-01 1.21967718e-01
  0.00000000e+00 5.87385779e-01 1.49564629e-03]
 [5.96614875e-02 0.00000000e+00 4.06134183e-02 1.08368929e-01
  3.67783080e-01 2.17712926e-01 4.64750450e-02 0.00000000e+00
  1.35248673e-01 1.01676417e-01 3.87506410e-01 0.00000000e+00
  0.00000000e+00 6.95327016e-02 0.00000000e+00]
 [3.62663987e-01 0.00000000e+00 1.24791322e-01 5.81909335e-02
  2.55482491e-01 3.49352154e-01 3.22527929e-01 0.00000000e+00
  2.49921610e-01 3.46631258e-01 3.29657705e-01 1.76891609e-02
  0.00000000e+00 2.09634525e-01 0.00000000e+00]
 [7.80721339e-03 0.00000000e+00 1.07799451e-02 1.85668433e-01
  2.78029149e-01 3.14902088e-01 0.00000000e+00 2.28317515e-02
  3.03903370e-01 2.59484659e-01 1.05794397e-01 1.18793771e-01
  6.73203200e-02 3.43529968e-01 1.88892348e-02]
 [1.58257418e-01 0.00000000e+00 4.33019186e-03 9.57916364e-02
  2.06390871e-01 2.39386648e-01 1.91559146e-01 0.00000000e+00
  1.90702573e-01 2.44216906e-01 2.65047975e-01 1.83466034e-02
  0.00000000e+00 9.81779218e-02 0.00000000e+00]
 [6.39665014e-02 0.00000000e+00 1.05428991e-01 1.62200632e-01
  4.14246198e-01 2.22184991e-01 4.45136980e-02 0.00000000e+00
  1.38102575e-01 1.43678100e-01 2.04677467e-01 2.63757262e-02
  4.14030321e-02 1.96933112e-01 0.00000000e+00]
 [1.10092658e-01 0.00000000e+00 0.00000000e+00 2.20835512e-01
  3.05808738e-01 1.67001756e-01 9.43282167e-02 0.00000000e+00
  1.63044180e-01 1.23408190e-01 1.07134484e-01 5.31188461e-02
  7.91472476e-02 1.24356297e-01 2.38256658e-02]
 [1.96854999e-01 0.00000000e+00 1.58962728e-01 1.80769879e-01
  5.19835075e-01 3.31002188e-01 2.38238674e-01 0.00000000e+00
  1.66993788e-01 9.25430728e-02 3.53414715e-01 0.00000000e+00
  1.51378594e-01 1.15379013e-01 4.41795634e-03]
 [1.13064514e-01 0.00000000e+00 3.09173552e-02 1.26609026e-01
  2.87856721e-01 2.42867963e-01 0.00000000e+00 0.00000000e+00
  9.44771531e-02 6.72635731e-02 7.90583033e-02 8.39304391e-02
  8.11448801e-02 1.02709710e-01 1.49588956e-01]
 [1.28944339e+00 1.68214545e+00 8.53261320e-01 1.75916400e-01
  8.23516760e-01 1.77511227e-01 4.30542230e-01 7.15961109e-01
  2.25737362e-01 3.31991868e-01 7.45518600e-01 4.89555760e-01
  5.28329083e-01 3.72682095e-01 5.25176468e-01]]

6
----------------------------------------------------------------------------------
[[8.67812238e-02 7.85562894e-02 1.06695233e-01 1.69036932e-03
  6.55900371e-02 0.00000000e+00 1.46190809e-03 6.81682210e-02
  1.08226362e-01 4.84928220e-02 1.93685494e-03 8.37599483e-02
  0.00000000e+00 0.00000000e+00 0.00000000e+00]
 [0.00000000e+00 0.00000000e+00 3.01751571e-02 1.07158517e-02
  0.00000000e+00 1.25305732e-02 0.00000000e+00 0.00000000e+00
  2.64051586e-01 1.56371544e-02 0.00000000e+00 1.39895662e-02
  0.00000000e+00 0.00000000e+00 0.00000000e+00]
 [0.00000000e+00 0.00000000e+00 6.26479400e-02 0.00000000e+00
  0.00000000e+00 6.33942328e-02 0.00000000e+00 0.00000000e+00
  5.94005848e-02 1.16321214e-01 0.00000000e+00 3.40378142e-04
  0.00000000e+00 0.00000000e+00 0.00000000e+00]
 [8.42822065e-02 1.55625844e-01 8.63657719e-02 2.02759933e-02
  1.12854802e-01 5.47865290e-02 7.12234886e-02 2.81260159e-01
  1.49821204e-01 1.35984762e-02 1.26308486e-01 1.15023442e-01
  0.00000000e+00 3.36229211e-02 0.00000000e+00]
 [0.00000000e+00 3.19724098e-02 4.38263214e-02 0.00000000e+00
  5.33665899e-02 2.64772776e-02 1.24488511e-01 9.86716208e-02
  1.78122256e-01 1.77718382e-02 6.25875872e-02 3.54639463e-03
  0.00000000e+00 0.00000000e+00 0.00000000e+00]
 [0.00000000e+00 1.09148815e-01 1.37491137e-02 0.00000000e+00
  1.50308263e-01 0.00000000e+00 0.00000000e+00 0.00000000e+00
  4.15532258e-02 7.76577803e-02 0.00000000e+00 7.59510453e-02
  0.00000000e+00 0.00000000e+00 0.00000000e+00]
 [0.00000000e+00 3.18288622e-02 2.30805814e-02 0.00000000e+00
  5.08326213e-02 0.00000000e+00 0.00000000e+00 6.06875909e-02
  9.44346788e-02 5.83648439e-02 0.00000000e+00 0.00000000e+00
  0.00000000e+00 0.00000000e+00 0.00000000e+00]
 [6.56284096e-02 1.37227600e-01 7.95593956e-02 2.87711924e-01
  1.24983159e+00 2.00616427e+00 1.07311230e+00 0.00000000e+00
  3.71278722e-01 2.68767865e-01 1.85027313e-01 0.00000000e+00
  0.00000000e+00 0.00000000e+00 1.36677767e-01]
 [9.26101734e-02 6.87957416e-02 1.15521363e-01 2.89634627e-01
  8.36772678e-01 1.29799427e+00 8.67494243e-01 2.30692182e-01
  1.47127181e-01 1.56566944e-01 1.64991708e-01 1.17239264e-01
  0.00000000e+00 0.00000000e+00 0.00000000e+00]
 [0.00000000e+00 1.08192811e-01 0.00000000e+00 2.65640130e-01
  3.22176043e-01 8.99349022e-01 1.84476153e-01 3.83624557e-01
  3.02459754e-01 2.07640588e-01 0.00000000e+00 2.45748450e-01
  0.00000000e+00 0.00000000e+00 0.00000000e+00]
 [0.00000000e+00 1.05172855e-01 5.08285756e-02 1.24026942e-01
  2.62726649e-01 5.85929581e-01 2.09240384e-01 1.71938948e-02
  0.00000000e+00 9.97199749e-02 0.00000000e+00 7.39207521e-02
  0.00000000e+00 0.00000000e+00 0.00000000e+00]
 [3.18429168e-02 1.06243235e-01 8.97880195e-02 2.97666149e-01
  1.45895083e+00 2.07017964e+00 1.17238354e+00 3.65461434e-01
  5.39768935e-01 4.31077911e-01 1.33042830e-01 2.18567759e-01
  0.00000000e+00 0.00000000e+00 4.23751815e-01]
 [0.00000000e+00 1.03567124e-02 4.88651307e-02 3.03755447e-01
  7.23904918e-01 1.50276190e+00 9.98995782e-01 4.51831748e-01
  3.31041044e-01 2.34148840e-01 0.00000000e+00 3.01448855e-01
  0.00000000e+00 0.00000000e+00 0.00000000e+00]
 [0.00000000e+00 4.86350527e-02 1.65273388e-01 5.62530518e-01
  3.63471938e+00 5.85335654e+00 2.96721506e+00 1.61086175e+00
  1.63159090e+00 1.00474671e+00 5.09177387e-01 1.04157497e+00
  8.25589172e-01 6.53759812e-01 1.33185666e+00]
 [0.00000000e+00 5.08281296e-02 1.16457715e-01 5.43284540e-01
  3.71839429e+00 6.25415678e+00 3.09594703e+00 1.73645906e+00
  1.45048236e+00 8.91637388e-01 6.04543875e-01 1.23602575e+00
  5.40330129e-01 6.09336292e-01 1.10714146e+00]
 [0.00000000e+00 1.07101564e-01 2.79880117e-01 1.04750940e+00
  6.74521513e+00 9.54624797e+00 6.30114602e+00 3.18843031e+00
  1.11946150e+00 9.81330028e-01 7.39457580e-01 1.60142147e+00
  6.18792713e-02 1.26902287e-01 4.84764470e-01]
 [0.00000000e+00 1.05140806e-02 9.39761289e-02 4.61192139e-01
  3.10371117e+00 6.77224281e+00 2.51993869e+00 1.08587995e+00
  2.97813444e+00 1.57166349e+00 8.94715446e-01 1.44732757e+00
  1.17289499e+00 1.34756345e+00 1.98147149e+00]
 [3.21280704e-01 3.91234567e-01 1.47395869e-01 2.79292876e-01
  3.06267798e-01 2.80750419e-01 4.59410194e-01 5.26688537e-01
  1.69502717e-01 2.14530240e-01 2.37273674e-01 1.40112816e-01
  7.38854256e-01 7.17437502e-01 6.90151716e-01]]

7
----------------------------------------------------------------------------------
[[0.07047572 0.04332595 0.06720568 0.12461566 0.14397931 0.
  0.         0.04178376 0.        ]
 [0.         0.         0.         0.12765276 0.01553293 0.
  0.02048433 0.         0.43223141]
 [0.00640661 0.16425636 0.09208118 0.11177701 0.28120267 0.
  0.         0.         0.38157331]
 [0.         0.25814262 0.20566862 0.12319527 0.10995755 0.
  0.         0.04867409 0.        ]
 [0.         0.18291351 0.05823843 0.08605804 0.1637722  0.
  0.         0.18174732 0.        ]
 [0.         0.17297589 0.00526136 0.30830244 0.25130729 0.00243265
  0.         0.26732546 0.        ]
 [0.         0.15916217 0.         0.18790281 0.179307   0.
  0.         0.20893022 0.        ]
 [0.03677863 0.1519684  0.         0.28950046 0.09995433 0.
  0.         0.         0.        ]
 [0.         0.10114418 0.03776879 0.30684055 0.1185096  0.
  0.         0.10553429 0.        ]
 [0.         0.         0.         0.34893455 0.36442918 0.
  0.         0.         0.5662117 ]
 [0.         0.22800547 0.         0.41665678 0.18961391 0.
  0.         0.         0.        ]
 [0.         0.         0.01455939 0.18090971 0.0765333  0.
  0.         0.01457171 0.        ]
 [0.         0.12713193 0.         0.27923247 0.19527454 0.
  0.         0.         0.        ]
 [0.17318001 0.         0.         0.00243435 0.102697   0.
  0.02858228 0.         0.        ]
 [0.22253261 0.         0.         0.01298861 0.11784148 0.
  0.03843157 0.         0.19646068]
 [0.         0.         0.         0.         0.16962362 0.
  0.         0.         0.00908566]
 [0.39618457 0.         0.         0.1646641  0.14691294 0.03632198
  0.16816543 0.         0.10524691]
 [0.52098264 0.92106815 0.50082395 0.59532688 0.54547733 0.70630678
  0.43758803 0.88010364 0.58570201]]