

1
----------------------------------------------------------------------------------
[[9.42478799e-02 1.29020079e-01 7.03961085e-01 0.00000000e+00
  1.87375718e-01 6.35269176e-01 1.08998429e-02 0.00000000e+00
  0.00000000e+00 0.00000000e+00 1.81926944e-01 0.00000000e+00
  0.00000000e+00 1.36801118e-01 1.06057027e-01]
 [0.00000000e+00 0.00000000e+00 0.00000000e+00 7.39139166e-01
  3.18453884e-01 0.00000000e+00 0.00000000e+00 0.00000000e+00
  0.00000000e+00 0.00000000e+00 5.06275774e-02 0.00000000e+00
  0.00000000e+00 1.29701174e-01 4.34957589e-02]
 [0.00000000e+00 3.40523189e-02 1.61894542e-02 5.40917946e-02
  2.37377130e-01 0.00000000e+00 0.00000000e+00 0.00000000e+00
  0.00000000e+00 0.00000000e+00 2.18317578e-01 0.00000000e+00
  0.00000000e+00 0.00000000e+00 2.67283532e-01]
 [2.02100059e-01 1.91565129e-01 1.06712202e+00 0.00000000e+00
  4.18363049e-01 1.04524658e+00 3.49558704e-01 0.00000000e+00
  0.00000000e+00 0.00000000e+00 2.42968122e-01 0.00000000e+00
  0.00000000e+00 6.60367354e-02 1.17211242e-01]
 [0.00000000e+00 0.00000000e+00 7.17137633e-01 0.00000000e+00
  2.82861354e-01 4.04622149e-01 1.84329946e-01 0.00000000e+00
  0.00000000e+00 0.00000000e+00 1.71045699e-01 0.00000000e+00
  0.00000000e+00 0.00000000e+00 7.08834172e-02]
 [1.79141304e-01 1.25822582e-01 3.98591077e-01 0.00000000e+00
  1.96099660e-01 1.33110174e-01 0.00000000e+00 0.00000000e+00
  0.00000000e+00 0.00000000e+00 3.43791975e-01 0.00000000e+00
  0.00000000e+00 8.83783646e-03 2.53461134e-01]
 [4.37729773e-02 0.00000000e+00 5.77337573e-01 0.00000000e+00
  1.93828472e-01 2.01391263e-01 0.00000000e+00 0.00000000e+00
  0.00000000e+00 0.00000000e+00 4.32529013e-02 0.00000000e+00
  0.00000000e+00 0.00000000e+00 4.82407586e-02]
 [1.75874979e-01 1.08972734e+00 2.32130146e+00 6.04650904e-01
  4.05578022e-01 4.72243188e-01 6.61745462e-01 6.29815123e-02
  0.00000000e+00 0.00000000e+00 3.33345085e-02 2.06124622e-01
  0.00000000e+00 4.50861485e-02 0.00000000e+00]
 [2.12432430e-01 8.25349930e-01 2.04723259e+00 5.87207660e-02
  5.69707053e-01 5.85877398e-01 6.40072458e-01 0.00000000e+00
  0.00000000e+00 0.00000000e+00 5.38784485e-02 8.27088779e-02
  0.00000000e+00 3.14699379e-01 5.38621315e-03]
 [5.69592644e-03 8.41815205e-01 1.09827269e+00 5.91435167e-01
  2.89734965e-01 1.04367581e-01 0.00000000e+00 0.00000000e+00
  0.00000000e+00 0.00000000e+00 6.99052782e-02 0.00000000e+00
  0.00000000e+00 0.00000000e+00 8.54286436e-02]
 [0.00000000e+00 5.00157655e-01 1.20464721e+00 0.00000000e+00
  1.65483879e-01 2.25882178e-01 1.28385757e-01 0.00000000e+00
  0.00000000e+00 0.00000000e+00 9.37333657e-02 1.49430360e-01
  0.00000000e+00 1.99564867e-01 8.06848615e-02]
 [9.02801340e-01 2.12936329e+00 2.77272295e+00 5.79184841e-01
  5.87306839e-01 3.73328071e-01 6.25578411e-01 3.78595379e-02
  1.00543607e-01 5.50954012e-02 7.58124750e-02 1.75473346e-01
  0.00000000e+00 2.00914473e-01 0.00000000e+00]
 [1.44898165e+00 1.24432116e+00 1.61098615e+00 1.80627608e-01
  2.37956203e-01 7.95394536e-02 1.89973575e-01 0.00000000e+00
  9.03191650e-02 0.00000000e+00 1.70597751e-01 2.16210323e-01
  0.00000000e+00 8.86007456e-02 1.17685980e-02]
 [4.52665878e+00 7.46433998e+00 5.45932228e+00 2.32019987e+00
  1.77544054e+00 8.06105403e-01 1.69188544e+00 8.49721942e-01
  6.63622474e-01 7.13387187e-01 4.10282202e-01 8.74867924e-01
  1.45553447e-01 3.43489219e-01 1.71419828e-01]
 [6.13128030e+00 8.25141757e+00 6.38025945e+00 2.76851431e+00
  2.18837847e+00 1.04817871e+00 1.64912648e+00 8.40649843e-01
  1.10469604e+00 1.10827023e+00 4.69784319e-01 4.54343828e-01
  0.00000000e+00 4.18249205e-01 1.37530236e-01]
 [1.22387908e+01 1.11175922e+01 6.55788487e+00 2.18859093e+00
  2.14517541e+00 8.34562274e-01 1.29735331e+00 6.65689773e-01
  7.72578171e-01 2.54284532e-01 2.36475714e-01 6.60827159e-01
  5.37468216e-02 4.89009612e-01 1.86718933e-01]
 [4.53780946e+00 9.12631106e+00 7.69435066e+00 3.27255688e+00
  2.31157981e+00 7.53659589e-01 1.64853923e+00 1.00782363e+00
  9.52201567e-01 1.57922465e+00 5.92690557e-01 6.62640668e-01
  1.30811535e-01 5.21748182e-01 3.76288165e-01]
 [4.04579247e-01 2.23329773e-01 5.99726023e-01 7.26243448e-01
  2.43042831e-01 2.47131740e-01 5.66542081e-01 7.68190182e-01
  8.31077064e-01 3.64876655e-01 1.32383260e-01 1.04060242e+00
  6.17366037e-01 2.36447753e-01 1.95441375e-01]]

2
----------------------------------------------------------------------------------
[[2.81809504e-04 2.74342879e-01 3.78736529e-02 1.71227406e-01
  7.66188477e-02 2.25656816e-02 1.12475067e-01 2.32785685e-01
  1.41581968e-01 1.16584638e-01 2.50864342e-01 2.61548370e-01
  1.11070591e-02 9.26553561e-02 0.00000000e+00]
 [0.00000000e+00 8.05382615e-02 0.00000000e+00 2.22613966e-02
  1.36401699e-01 0.00000000e+00 1.18096146e-01 0.00000000e+00
  1.55179299e-01 0.00000000e+00 0.00000000e+00 1.13288264e-01
  0.00000000e+00 1.78358916e-02 0.00000000e+00]
 [0.00000000e+00 2.20157824e-01 0.00000000e+00 0.00000000e+00
  1.13544239e-01 0.00000000e+00 0.00000000e+00 0.00000000e+00
  2.17022580e-01 0.00000000e+00 0.00000000e+00 2.27083438e-01
  0.00000000e+00 2.56313819e-01 0.00000000e+00]
 [0.00000000e+00 2.53758668e-01 8.78649368e-02 1.41027697e-01
  6.58320836e-02 0.00000000e+00 2.30579359e-01 5.16657646e-01
  2.17019339e-01 2.05782858e-01 3.28341244e-01 3.88530393e-01
  4.62888750e-02 0.00000000e+00 4.64655588e-02]
 [0.00000000e+00 8.84180374e-02 7.39029987e-02 9.85323750e-02
  7.16969722e-02 1.08891792e-02 1.06238889e-01 3.72564168e-01
  8.97056234e-02 2.37234929e-01 1.25422757e-01 1.67329798e-01
  0.00000000e+00 8.26643710e-04 1.36377304e-01]
 [0.00000000e+00 2.46222188e-01 7.88836451e-02 1.04513403e-01
  1.05745435e-01 1.28861179e-01 2.11238956e-01 1.72018004e-01
  4.15496373e-02 6.46612931e-02 2.07876848e-02 1.97090634e-01
  1.22146682e-01 0.00000000e+00 4.14747639e-01]
 [0.00000000e+00 1.26171104e-01 1.09280365e-01 5.90620041e-02
  9.50622134e-02 6.25348481e-02 9.32575326e-02 2.62542328e-01
  5.40923318e-02 1.90422345e-01 3.85097603e-02 1.21749037e-01
  1.70989603e-02 0.00000000e+00 2.58621219e-01]
 [4.18421741e-02 2.46282983e-01 9.62112935e-02 6.77005827e-02
  2.85917258e-02 8.23443449e-02 3.19196038e-02 6.56623447e-01
  2.69037367e-01 1.40783461e-01 4.93166600e-01 4.50889967e-01
  1.10406832e-01 1.63707428e-01 6.77708864e-02]
 [0.00000000e+00 2.14953089e-01 1.80697293e-01 0.00000000e+00
  3.90902418e-03 1.76156115e-01 0.00000000e+00 7.12366862e-01
  2.14647865e-01 1.25775002e-01 4.19095569e-01 3.91568863e-01
  1.74853956e-01 4.24306821e-01 2.96241476e-01]
 [0.00000000e+00 1.68077297e-01 5.06526196e-02 9.39048051e-02
  4.88882195e-02 2.22984917e-01 1.33893865e-01 5.02887955e-02
  6.12712620e-02 8.30887056e-02 0.00000000e+00 2.20895068e-01
  8.25943031e-02 0.00000000e+00 3.16458574e-01]
 [0.00000000e+00 2.60884143e-01 0.00000000e+00 9.22880625e-02
  7.80001113e-02 1.28576454e-01 1.07958412e-01 3.58038923e-01
  0.00000000e+00 2.43782182e-02 1.19466923e-02 1.59419468e-01
  3.07265811e-01 2.85689522e-01 4.85900393e-01]
 [0.00000000e+00 1.53162505e-01 8.16684183e-02 0.00000000e+00
  0.00000000e+00 0.00000000e+00 0.00000000e+00 2.36528688e-01
  1.04006316e-01 8.99968947e-02 2.30003897e-01 1.74592122e-01
  7.77766297e-02 1.47145616e-01 6.75040550e-02]
 [0.00000000e+00 1.28013746e-01 5.38372791e-03 2.40302888e-02
  7.99364878e-02 0.00000000e+00 4.56043375e-02 0.00000000e+00
  4.92163467e-02 0.00000000e+00 0.00000000e+00 1.37311507e-01
  1.96999966e-01 1.61633749e-01 2.15661826e-01]
 [1.02039871e-01 1.29532823e-01 5.40790020e-02 7.42388737e-02
  4.21191297e-02 3.66958705e-02 3.77688496e-02 1.44829760e-01
  1.52502404e-01 2.13628432e-01 9.52906914e-02 1.30889481e-01
  2.92295676e-03 0.00000000e+00 1.49355155e-01]
 [0.00000000e+00 1.38198384e-01 1.86749366e-02 4.13694207e-02
  1.29591131e-01 2.58421648e-02 3.62611094e-02 9.15435212e-02
  1.64888673e-01 7.68243764e-02 0.00000000e+00 9.80906729e-02
  0.00000000e+00 0.00000000e+00 4.45275018e-02]
 [0.00000000e+00 1.05694694e-01 1.06773336e-01 8.40916034e-02
  5.10389216e-02 2.90010489e-01 1.15780464e-01 5.12735156e-02
  2.03948938e-01 1.60445255e-01 0.00000000e+00 6.02014340e-02
  1.47175671e-01 4.93517045e-03 2.77274989e-01]
 [5.52315085e-02 6.35973899e-02 8.73546899e-02 4.52242662e-02
  2.68195920e-02 0.00000000e+00 0.00000000e+00 1.36940774e-01
  6.57280365e-02 1.22445116e-01 4.17969258e-03 8.40654440e-02
  0.00000000e+00 3.10336133e-02 1.24433539e-02]
 [4.31702533e-01 1.36516197e-01 3.04334956e-01 3.79995814e-01
  9.40649296e-02 5.33101677e-01 3.28487977e-01 8.10945548e-01
  1.43834738e-01 3.90847098e-01 7.87417540e-01 1.46986062e-01
  3.55303959e-01 2.21011190e-01 3.94179941e-01]]

3
----------------------------------------------------------------------------------
[[3.32866125e-01 1.46143871e-01 3.59157354e-02 0.00000000e+00
  1.08667614e-01 3.31499179e-02 0.00000000e+00 0.00000000e+00
  0.00000000e+00 1.70474519e-01 0.00000000e+00 0.00000000e+00
  1.05105692e-01 0.00000000e+00 2.24472884e-02]
 [0.00000000e+00 6.20975636e-02 0.00000000e+00 0.00000000e+00
  0.00000000e+00 0.00000000e+00 8.52100593e-02 1.55178764e-02
  0.00000000e+00 9.90914547e-02 0.00000000e+00 6.45195861e-03
  0.00000000e+00 0.00000000e+00 0.00000000e+00]
 [5.51302950e-02 1.47596526e-01 1.16429705e-02 0.00000000e+00
  0.00000000e+00 0.00000000e+00 1.00762663e-01 7.08092990e-02
  8.63351551e-03 0.00000000e+00 1.07069083e-02 0.00000000e+00
  0.00000000e+00 0.00000000e+00 0.00000000e+00]
 [6.93394044e-01 2.41770112e-01 1.41759632e-01 3.66426696e-02
  2.04316531e-01 1.73716621e-01 2.82177114e-02 0.00000000e+00
  0.00000000e+00 2.00508503e-01 1.99618156e-02 0.00000000e+00
  4.14177155e-01 0.00000000e+00 8.15679801e-02]
 [5.27714004e-01 2.07938459e-01 5.64100718e-02 0.00000000e+00
  9.19944802e-02 2.07867553e-01 3.75205386e-02 4.43772021e-02
  0.00000000e+00 1.79541214e-01 5.87602515e-02 0.00000000e+00
  4.15956701e-01 0.00000000e+00 0.00000000e+00]
 [4.15430807e-01 2.24934220e-01 0.00000000e+00 1.00153561e-02
  0.00000000e+00 1.00763331e-01 2.54711363e-02 5.82836539e-02
  0.00000000e+00 4.64933801e-02 8.94861088e-02 8.25224856e-03
  1.61124984e-01 0.00000000e+00 0.00000000e+00]
 [3.85886660e-01 2.37348232e-01 0.00000000e+00 0.00000000e+00
  4.09238167e-02 9.20581219e-02 6.72610388e-04 1.06057048e-02
  0.00000000e+00 1.18037346e-01 1.00302045e-01 0.00000000e+00
  3.30340230e-01 0.00000000e+00 0.00000000e+00]
 [7.47111312e-01 2.81964229e-01 1.15558986e-01 1.45829572e-01
  2.76202435e-01 4.36804063e-01 6.50393993e-02 0.00000000e+00
  2.62034624e-02 2.21026379e-01 0.00000000e+00 0.00000000e+00
  4.11876102e-01 0.00000000e+00 1.98234940e-01]
 [8.09052512e-01 3.40954267e-01 1.43471610e-01 1.18063450e-01
  2.14212593e-01 1.17141704e+00 8.93049623e-02 0.00000000e+00
  0.00000000e+00 2.14620451e-01 0.00000000e+00 5.74402348e-02
  5.63171185e-01 0.00000000e+00 1.23719452e-01]
 [4.67482027e-01 3.94545978e-01 6.80738923e-02 0.00000000e+00
  0.00000000e+00 2.01838302e-01 1.80757327e-01 1.88968769e-01
  6.54973319e-02 0.00000000e+00 1.42928613e-01 0.00000000e+00
  1.73802552e-01 0.00000000e+00 0.00000000e+00]
 [6.64504419e-01 2.25439078e-01 0.00000000e+00 0.00000000e+00
  4.40028150e-02 1.29904221e+00 8.68750793e-02 9.37026889e-02
  3.24641097e-02 7.07771389e-02 0.00000000e+00 1.36436434e-01
  2.76294858e-01 0.00000000e+00 0.00000000e+00]
 [4.00105487e-01 1.33767728e-01 1.96429047e-02 2.57365749e-02
  1.90171912e-01 4.93577982e-01 5.22432231e-02 0.00000000e+00
  0.00000000e+00 9.75714180e-02 0.00000000e+00 0.00000000e+00
  1.75120009e-01 0.00000000e+00 8.27269088e-02]
 [2.67117176e-01 1.20792906e-01 0.00000000e+00 0.00000000e+00
  0.00000000e+00 6.53584652e-01 4.15166242e-02 5.75809827e-02
  5.89937876e-03 7.78351966e-02 0.00000000e+00 1.27495190e-01
  4.36970228e-02 0.00000000e+00 1.84146541e-02]
 [3.37201199e-01 1.29661837e-01 0.00000000e+00 7.25548740e-02
  6.98026410e-02 1.56624075e-01 0.00000000e+00 0.00000000e+00
  0.00000000e+00 7.96985103e-02 1.53402604e-02 0.00000000e+00
  2.87883709e-01 0.00000000e+00 6.67410061e-02]
 [2.48706149e-01 1.36937726e-01 7.98281024e-02 0.00000000e+00
  1.40473566e-02 3.69024184e-02 4.40932513e-02 1.73968140e-04
  0.00000000e+00 5.50365922e-02 0.00000000e+00 0.00000000e+00
  2.09498008e-01 0.00000000e+00 1.14688515e-01]
 [5.33474081e-01 2.52926323e-01 0.00000000e+00 0.00000000e+00
  9.02839112e-02 4.17014668e-02 2.28744632e-02 7.79685833e-02
  0.00000000e+00 1.17369969e-01 1.02055510e-01 0.00000000e+00
  4.40750378e-01 0.00000000e+00 6.55660270e-02]
 [2.55028226e-01 1.16948568e-01 8.75652419e-02 2.41158827e-02
  1.16869260e-01 0.00000000e+00 2.70627008e-03 1.21145600e-02
  0.00000000e+00 8.97503791e-02 0.00000000e+00 0.00000000e+00
  2.40792611e-01 0.00000000e+00 8.29607794e-02]
 [3.64617120e-01 1.17198475e-01 2.09269835e-01 2.97687511e-01
  2.64586278e-01 4.74110531e-01 1.25602930e-01 1.75671931e-01
  2.08093155e-01 1.42980322e-01 3.25434387e-01 3.61217360e-01
  5.11962349e-01 4.28241711e-01 2.95465058e-01]]

4
----------------------------------------------------------------------------------
[[2.23623929e-02 1.96222053e-02 0.00000000e+00 7.17960308e-02
  4.78471988e-02 1.73682037e-01 2.62997923e-02 1.89287257e-01
  0.00000000e+00 5.77282888e-02 6.13894664e-02 1.10495050e-01
  5.15313061e-02 7.54215583e-02 1.27937619e-01]
 [0.00000000e+00 7.44990655e-02 0.00000000e+00 4.85416246e-02
  0.00000000e+00 0.00000000e+00 0.00000000e+00 4.22399999e-02
  0.00000000e+00 0.00000000e+00 3.03013992e-02 0.00000000e+00
  0.00000000e+00 0.00000000e+00 0.00000000e+00]
 [0.00000000e+00 1.20093386e-01 0.00000000e+00 0.00000000e+00
  0.00000000e+00 0.00000000e+00 6.57966047e-02 2.02500441e-01
  0.00000000e+00 0.00000000e+00 8.39664658e-02 2.05890278e-01
  0.00000000e+00 0.00000000e+00 0.00000000e+00]
 [5.75750517e-02 3.23884821e-02 1.99583750e-02 3.10517123e-02
  2.65680114e-01 3.83621321e-01 0.00000000e+00 2.64941904e-01
  1.05756534e-01 2.40599924e-01 1.83685223e-02 1.57130789e-01
  2.54945469e-01 5.78715497e-01 3.40648852e-01]
 [1.04074107e-01 4.20447316e-02 0.00000000e+00 0.00000000e+00
  2.10838067e-01 2.38499735e-01 0.00000000e+00 7.16463640e-02
  0.00000000e+00 2.37179354e-01 2.28945736e-02 1.28396172e-01
  2.09229535e-01 4.34101524e-01 1.51509674e-01]
 [2.66268897e-02 8.99620927e-02 8.12913902e-03 5.09362911e-02
  1.87283337e-01 2.45266522e-01 5.14953877e-02 1.42065441e-01
  0.00000000e+00 1.53983142e-01 7.33457571e-03 3.30703764e-01
  1.27834553e-01 8.59669209e-02 2.03172549e-01]
 [6.64815000e-02 6.19136249e-03 4.52956699e-03 4.57979984e-02
  2.74115993e-01 3.57320417e-01 1.94378738e-02 6.72199452e-02
  0.00000000e+00 2.33253232e-01 5.19098047e-03 2.11790910e-01
  1.57801295e-01 2.43133029e-01 1.45031399e-01]
 [3.16529046e-02 1.09659841e-01 1.52759740e-02 2.92341099e-01
  4.64874783e-01 5.59078142e-01 0.00000000e+00 3.44026091e-01
  2.15827430e-01 2.06567746e-01 7.83735131e-02 2.81699906e-02
  3.20661332e-01 6.34923637e-01 5.00160876e-01]
 [1.20473273e-01 1.24874748e-01 1.20358400e-01 7.19153019e-01
  7.60185416e-01 5.88545466e-01 0.00000000e+00 2.37735801e-01
  1.71000784e-01 3.49488804e-01 0.00000000e+00 0.00000000e+00
  2.66475931e-01 5.64627974e-01 5.21682875e-01]
 [0.00000000e+00 1.47628664e-01 7.58544942e-02 1.14634072e-01
  1.23803853e-01 1.44809311e-01 1.53084242e-02 1.95512996e-01
  2.61471140e-02 1.74947992e-01 5.69070954e-02 1.27825108e-01
  6.82854072e-02 2.89347024e-01 9.88348147e-02]
 [2.16507068e-02 2.25125619e-01 1.11639325e-01 1.26185789e+00
  2.75983784e-01 5.08364765e-01 3.56790888e-02 1.92657562e-01
  1.25732378e-01 2.25484275e-01 6.13608578e-02 0.00000000e+00
  1.05058534e-01 3.95559428e-01 2.98086350e-01]
 [1.11371383e-02 6.41934033e-02 1.75386063e-02 3.65821740e-01
  1.84458554e-01 3.06007380e-01 0.00000000e+00 7.44663937e-02
  5.96647449e-02 1.78423821e-01 0.00000000e+00 0.00000000e+00
  1.14538199e-01 4.31616836e-01 2.73589687e-01]
 [5.29424526e-04 1.65426096e-01 3.99993382e-02 8.06703533e-01
  1.15846542e-01 2.20056867e-01 0.00000000e+00 5.56735225e-02
  0.00000000e+00 2.60198808e-02 0.00000000e+00 1.42387961e-02
  0.00000000e+00 2.96245878e-01 1.36079896e-01]
 [1.82258277e-02 9.14138837e-02 0.00000000e+00 8.09278789e-02
  1.94050135e-01 2.92154578e-01 1.03605131e-01 4.09688811e-02
  6.23522528e-02 2.70088485e-02 5.98226606e-02 2.05481937e-02
  9.37262247e-02 1.84162065e-01 2.24075871e-01]
 [0.00000000e+00 9.65566559e-02 0.00000000e+00 7.16275421e-02
  5.06992204e-02 1.40186072e-01 8.45283320e-02 0.00000000e+00
  5.85164185e-02 0.00000000e+00 0.00000000e+00 0.00000000e+00
  1.13899599e-01 2.14788859e-01 7.42267885e-02]
 [0.00000000e+00 1.57748699e-01 4.09242620e-02 9.50702885e-02
  1.15609413e-01 2.67268990e-01 7.66904268e-02 2.31109368e-02
  0.00000000e+00 1.67461739e-01 0.00000000e+00 1.82470787e-01
  1.04461271e-01 4.02111389e-02 1.90548421e-01]
 [0.00000000e+00 7.52300799e-02 1.03105438e-02 1.68894952e-02
  3.53340206e-02 1.65961647e-01 3.50048496e-03 1.60163488e-02
  4.93948478e-02 8.42071723e-02 8.07492195e-03 0.00000000e+00
  6.08433901e-02 1.33232664e-01 1.07487867e-01]
 [1.84542367e-01 8.25694716e-02 2.66256580e-01 7.82393270e-02
  4.68988623e-01 3.38423502e-01 1.33486903e-01 1.54199764e-01
  3.03863873e-01 4.46151077e-01 2.14080630e-01 6.54556966e-01
  5.85993535e-01 9.31253306e-01 3.74641316e-01]]

5
----------------------------------------------------------------------------------
[[2.35001556e-01 2.93025593e-01 9.28880080e-02 6.95027733e-03
  1.11007215e-01 0.00000000e+00 7.49853729e-02 5.25237191e-02
  3.34858257e-02 0.00000000e+00 1.84153747e-01 0.00000000e+00
  0.00000000e+00 3.37043354e-01 1.35823238e-01]
 [0.00000000e+00 2.60744482e-02 0.00000000e+00 8.90321538e-02
  9.83573085e-03 0.00000000e+00 0.00000000e+00 0.00000000e+00
  0.00000000e+00 0.00000000e+00 6.85820424e-03 0.00000000e+00
  0.00000000e+00 2.82619347e-02 7.93101245e-02]
 [0.00000000e+00 6.82260787e-02 5.36821173e-02 1.99733638e-02
  4.64183629e-02 0.00000000e+00 1.10052525e-02 1.01280390e-01
  2.11600979e-01 0.00000000e+00 2.58154695e-01 0.00000000e+00
  0.00000000e+00 1.59668519e-01 3.34864206e-01]
 [5.10207009e-01 4.33945588e-01 2.67654335e-01 9.05303961e-02
  1.23893865e-01 7.44056217e-03 7.40991221e-02 1.43772129e-01
  1.14075826e-01 0.00000000e+00 4.56946887e-01 3.50429304e-02
  0.00000000e+00 6.48674013e-01 3.62356184e-01]
 [3.72880375e-01 3.53941312e-01 2.67364961e-01 3.65637562e-02
  1.04698262e-01 0.00000000e+00 0.00000000e+00 1.64480863e-01
  4.92891327e-02 0.00000000e+00 4.58222728e-01 5.53929982e-03
  0.00000000e+00 4.50395298e-01 5.35122333e-01]
 [6.59095614e-02 1.51346478e-01 4.43941024e-02 1.09239473e-01
  9.27108277e-02 4.02318725e-02 9.99036213e-02 3.38756689e-01
  6.26588024e-02 0.00000000e+00 3.32257037e-01 0.00000000e+00
  0.00000000e+00 4.48268821e-01 6.35192318e-01]
 [2.23383316e-01 3.02052089e-01 1.17799507e-01 1.49113500e-02
  8.57858121e-02 0.00000000e+00 0.00000000e+00 2.24695853e-01
  6.12829162e-02 0.00000000e+00 3.89180737e-01 5.97640311e-02
  0.00000000e+00 4.43370396e-01 5.82053564e-01]
 [5.37032274e-01 4.12032296e-01 5.61352694e-01 1.36377281e+00
  1.94448356e+00 3.33728023e-01 2.15454071e-01 4.47567160e-01
  9.85174968e-02 1.82391440e-01 5.28575269e-01 5.91416454e-01
  2.25020234e-01 3.27634027e-01 1.10656542e+00]
 [5.70454357e-01 5.46091676e-01 1.06645189e+00 1.39294198e+00
  1.36182234e+00 1.80234809e-01 8.09541855e-02 2.13117239e-01
  1.15924892e-01 1.51512011e-01 7.00004497e-01 6.06502590e-01
  1.93633785e-01 7.49289416e-01 1.02129908e+00]
 [0.00000000e+00 1.85138439e-01 2.80684163e-01 4.45717023e-01
  6.30835269e-01 3.00249932e-01 3.17128988e-01 1.94480767e-01
  1.19924977e-03 1.19833861e-01 7.15521887e-01 2.95617160e-01
  0.00000000e+00 6.64990520e-01 2.51201304e+00]
 [1.43181242e-01 3.79327744e-01 1.17713781e+00 7.03681311e-01
  7.09090627e-01 1.65440648e-01 1.48939634e-01 3.38715084e-01
  2.02237497e-01 7.67970221e-02 6.23756334e-01 2.60640142e-01
  0.00000000e+00 8.31229035e-01 5.00970038e+00]
 [1.33458144e-01 2.59433568e-01 6.06560073e-01 1.50201086e+00
  1.85668701e+00 3.94174582e-01 5.45336223e-01 3.52087483e-01
  0.00000000e+00 5.21732705e-01 1.11672341e+00 9.06594122e-01
  1.19507799e+00 1.19906720e+00 6.79347891e-01]
 [0.00000000e+00 2.16663914e-01 6.07555150e-01 9.98613294e-01
  1.43193373e+00 6.47151873e-01 7.50726422e-01 2.60960183e-01
  2.57552165e-01 7.29447477e-01 9.02169688e-01 5.14327143e-01
  4.66597907e-01 1.33525415e+00 2.75816710e+00]
 [2.59835094e-01 3.80677713e-01 1.40345427e-01 1.21176341e+00
  3.43368499e+00 1.56630706e+00 2.84608400e+00 2.81852480e-01
  3.68186244e-01 2.76127077e+00 2.25539036e+00 1.67978727e+00
  2.34507768e+00 2.69003767e+00 2.09671853e+00]
 [0.00000000e+00 1.72702465e-01 1.54645332e-01 1.28672908e+00
  3.28854387e+00 1.88614861e+00 3.18225509e+00 4.16465074e-01
  5.88442608e-01 2.54933815e+00 2.33482784e+00 1.47500924e+00
  2.57022489e+00 3.49852572e+00 2.34354493e+00]
 [4.08456649e-02 3.67205699e-01 4.26469775e-01 2.57630391e+00
  4.66355686e+00 4.08902172e+00 5.22793245e+00 5.31506401e-01
  2.27728733e+00 4.21463218e+00 3.52024525e+00 1.73519655e+00
  2.20056784e+00 2.97282390e+00 2.60749075e+00]
 [2.34232161e-01 2.10987514e-01 5.59462816e-02 1.24508805e+00
  3.82961539e+00 1.62008607e+00 2.50080470e+00 5.86509222e-01
  2.54557809e-01 2.73886003e+00 2.55865614e+00 1.90045000e+00
  3.23252463e+00 4.17620457e+00 2.52869692e+00]
 [8.30109508e-01 1.68109070e-01 4.26544501e-01 1.67148266e-01
  1.66268508e-01 2.37738343e-01 2.19806915e-01 2.83280772e-01
  3.68199194e-01 3.20896378e-01 1.60337485e-01 3.06819708e-01
  3.73715120e-01 2.11964136e-01 6.43375458e-01]]

6
----------------------------------------------------------------------------------
[[2.45824376e-01 0.00000000e+00 0.00000000e+00 0.00000000e+00
  0.00000000e+00 0.00000000e+00 0.00000000e+00 0.00000000e+00
  1.98043942e-01 0.00000000e+00 0.00000000e+00 9.94200121e-02
  6.78510528e-02 0.00000000e+00 5.41810155e-02]
 [5.81325037e-02 0.00000000e+00 0.00000000e+00 0.00000000e+00
  0.00000000e+00 0.00000000e+00 1.64165654e-02 0.00000000e+00
  0.00000000e+00 0.00000000e+00 0.00000000e+00 6.87486278e-03
  0.00000000e+00 0.00000000e+00 0.00000000e+00]
 [1.46236846e-01 0.00000000e+00 0.00000000e+00 0.00000000e+00
  0.00000000e+00 0.00000000e+00 5.13115066e-02 0.00000000e+00
  3.35750569e-01 0.00000000e+00 0.00000000e+00 2.92818640e-02
  0.00000000e+00 2.35175035e-02 0.00000000e+00]
 [4.79059215e-01 2.32899628e-01 0.00000000e+00 8.36995411e-02
  0.00000000e+00 0.00000000e+00 0.00000000e+00 0.00000000e+00
  5.19809790e-01 6.84069629e-02 0.00000000e+00 1.60080809e-01
  1.68591787e-01 9.66980905e-04 3.39542313e-01]
 [2.10115946e-01 2.00129257e-01 0.00000000e+00 0.00000000e+00
  5.58914166e-03 0.00000000e+00 0.00000000e+00 0.00000000e+00
  3.23890522e-01 1.92777959e-02 0.00000000e+00 1.55573742e-01
  1.47399610e-01 6.25192217e-02 3.23099257e-01]
 [1.69009588e-01 1.79891187e-01 0.00000000e+00 0.00000000e+00
  3.72699800e-01 0.00000000e+00 5.68078833e-02 0.00000000e+00
  4.56257640e-01 1.04744341e-01 0.00000000e+00 6.04226987e-02
  3.75183143e-02 6.02154550e-02 8.04508783e-02]
 [1.60096878e-01 2.02208560e-01 0.00000000e+00 0.00000000e+00
  3.09445259e-01 0.00000000e+00 0.00000000e+00 0.00000000e+00
  2.21719844e-01 1.24979069e-01 0.00000000e+00 6.48041775e-02
  1.20409832e-01 4.82282947e-02 2.02822911e-01]
 [6.94392870e-01 2.83945754e+00 2.66374266e-01 9.89731507e-02
  0.00000000e+00 0.00000000e+00 0.00000000e+00 6.49814069e-02
  4.24155988e-01 0.00000000e+00 0.00000000e+00 0.00000000e+00
  0.00000000e+00 0.00000000e+00 1.33360690e-01]
 [5.35750054e-01 2.78415198e+00 4.70844525e-01 9.08144605e-02
  2.93828085e-01 0.00000000e+00 0.00000000e+00 5.27196408e-02
  5.02798893e-01 1.24002180e-01 0.00000000e+00 8.49688274e-02
  1.56560549e-01 0.00000000e+00 1.72252345e-01]
 [2.14685434e-01 6.76420017e-01 0.00000000e+00 0.00000000e+00
  6.38474658e-01 0.00000000e+00 0.00000000e+00 0.00000000e+00
  3.68125307e-01 0.00000000e+00 1.28421363e-01 8.30106550e-03
  0.00000000e+00 6.71887732e-02 0.00000000e+00]
 [2.49382995e+00 2.83503269e+00 9.27758996e-01 5.24644352e-01
  6.69616655e-01 0.00000000e+00 1.64936079e-01 7.92403386e-02
  3.03643841e-01 9.97366166e-02 0.00000000e+00 2.10751533e-02
  4.49051630e-02 1.33232486e-01 9.16449209e-02]
 [3.55472033e-01 2.07577350e+00 6.23842553e-01 1.40102415e-01
  1.01808124e-01 0.00000000e+00 0.00000000e+00 7.60372151e-02
  3.90204227e-01 0.00000000e+00 0.00000000e+00 6.04265775e-02
  1.08019797e-01 0.00000000e+00 1.41486514e-01]
 [1.57328364e+00 3.02724518e+00 8.59960059e-01 3.26857803e-01
  4.00871226e-01 0.00000000e+00 5.97684094e-02 0.00000000e+00
  3.36021753e-01 0.00000000e+00 0.00000000e+00 0.00000000e+00
  3.00548373e-02 7.72640061e-02 1.37021099e-01]
 [6.28140416e-01 8.34341847e-01 5.50695644e-01 3.97507746e-01
  2.89390276e-01 1.74242866e-03 0.00000000e+00 6.39608548e-02
  2.43712046e-01 0.00000000e+00 0.00000000e+00 8.61817738e-02
  1.61915721e-02 0.00000000e+00 9.41144140e-02]
 [9.47348203e-01 1.15432378e+00 8.47887932e-01 5.04861170e-01
  2.00556307e-01 6.99255681e-02 0.00000000e+00 2.00859953e-01
  3.07167508e-01 0.00000000e+00 0.00000000e+00 1.12603522e-01
  0.00000000e+00 3.73530332e-03 0.00000000e+00]
 [7.66722108e-01 6.36656388e-01 4.48611745e-01 2.91817857e-01
  2.05495565e-01 0.00000000e+00 0.00000000e+00 0.00000000e+00
  3.57822300e-01 2.13019154e-02 6.99091238e-03 8.99084830e-02
  5.35256789e-02 3.91912208e-04 2.73397381e-03]
 [1.07683496e+00 1.28024646e+00 9.77043691e-01 5.67777561e-01
  4.64870928e-01 1.90507899e-01 0.00000000e+00 2.61681899e-01
  3.81695178e-01 0.00000000e+00 0.00000000e+00 1.03217436e-02
  9.67464962e-02 0.00000000e+00 3.34486664e-02]
 [2.80193265e-01 6.66667267e-01 5.33009284e-01 4.42839030e-01
  1.06741694e+00 7.14735095e-01 2.99557366e-01 2.38382600e-01
  4.21808519e-01 8.40937808e-01 1.93175969e-01 1.73167354e-01
  3.33596375e-01 2.10007501e-01 5.35386709e-01]]

6
----------------------------------------------------------------------------------
[[0.         0.         0.        ]
 [0.         0.         0.        ]
 [0.         0.         0.        ]
 [0.04179787 0.         0.        ]
 [0.         0.         0.        ]
 [0.         0.         0.        ]
 [0.         0.         0.        ]
 [0.         0.         0.        ]
 [0.         0.         0.00538966]
 [0.         0.         0.        ]
 [0.03565217 0.         0.        ]
 [0.         0.         0.        ]
 [0.02365606 0.         0.        ]
 [0.         0.         0.02233192]
 [0.         0.         0.07849676]
 [0.         0.         0.        ]
 [0.         0.         0.        ]
 [0.92757334 0.68560577 0.92840904]]