

1
----------------------------------------------------------------------------------
[[0.00000000e+00 0.00000000e+00 1.76929898e-02 0.00000000e+00
  0.00000000e+00 0.00000000e+00 0.00000000e+00 2.20817594e-01
  0.00000000e+00 0.00000000e+00 1.43633163e-01 9.24512581e-02
  0.00000000e+00 0.00000000e+00 0.00000000e+00]
 [0.00000000e+00 0.00000000e+00 0.00000000e+00 0.00000000e+00
  0.00000000e+00 0.00000000e+00 0.00000000e+00 0.00000000e+00
  0.00000000e+00 0.00000000e+00 7.70351907e-02 0.00000000e+00
  0.00000000e+00 0.00000000e+00 0.00000000e+00]
 [0.00000000e+00 0.00000000e+00 0.00000000e+00 0.00000000e+00
  0.00000000e+00 0.00000000e+00 0.00000000e+00 2.45220083e-02
  0.00000000e+00 0.00000000e+00 8.91875442e-02 5.96189493e-02
  5.38883190e-03 0.00000000e+00 0.00000000e+00]
 [1.10822692e-02 8.35757724e-02 2.31500639e-02 0.00000000e+00
  5.61287862e-02 0.00000000e+00 0.00000000e+00 2.86025433e-01
  7.85603720e-02 9.21961184e-02 2.14415529e-02 3.43253951e-01
  0.00000000e+00 0.00000000e+00 0.00000000e+00]
 [4.50955149e-02 8.73426644e-02 9.67825892e-03 0.00000000e+00
  0.00000000e+00 0.00000000e+00 0.00000000e+00 1.57980908e-01
  1.04302200e-01 3.80273676e-02 1.24874804e-03 2.71851822e-01
  0.00000000e+00 1.18488809e-01 0.00000000e+00]
 [0.00000000e+00 9.72413465e-02 8.78216069e-02 0.00000000e+00
  0.00000000e+00 0.00000000e+00 0.00000000e+00 1.45831499e-01
  2.72985308e-02 0.00000000e+00 0.00000000e+00 3.38340647e-01
  0.00000000e+00 1.90659572e-01 6.77500720e-03]
 [4.30437406e-02 1.04857018e-01 3.33677572e-02 0.00000000e+00
  0.00000000e+00 0.00000000e+00 0.00000000e+00 1.98703910e-01
  2.94461794e-02 0.00000000e+00 0.00000000e+00 3.23203593e-01
  0.00000000e+00 1.40396011e-01 3.31149595e-02]
 [8.62609891e-02 1.95731373e-02 0.00000000e+00 0.00000000e+00
  3.27563417e-02 0.00000000e+00 3.63208659e-02 1.85989129e-01
  0.00000000e+00 0.00000000e+00 3.36541220e-02 2.21638356e-01
  0.00000000e+00 0.00000000e+00 0.00000000e+00]
 [1.22448345e-01 1.45401656e-01 0.00000000e+00 0.00000000e+00
  1.52459526e-01 0.00000000e+00 0.00000000e+00 1.96991220e-01
  2.25331794e-02 0.00000000e+00 3.55786590e-02 3.86105104e-01
  0.00000000e+00 0.00000000e+00 0.00000000e+00]
 [0.00000000e+00 0.00000000e+00 0.00000000e+00 5.56675215e-02
  0.00000000e+00 0.00000000e+00 0.00000000e+00 1.96072824e-01
  0.00000000e+00 0.00000000e+00 1.31085172e-01 2.82134912e-01
  0.00000000e+00 1.40181572e-01 0.00000000e+00]
 [1.30983986e-01 0.00000000e+00 2.60181761e-02 0.00000000e+00
  0.00000000e+00 0.00000000e+00 0.00000000e+00 1.56633569e-01
  2.86894858e-02 0.00000000e+00 0.00000000e+00 2.98745647e-01
  0.00000000e+00 0.00000000e+00 0.00000000e+00]
 [7.00002078e-02 5.83794167e-02 0.00000000e+00 0.00000000e+00
  1.16475553e-01 0.00000000e+00 1.60537808e-02 1.56468258e-01
  2.43378233e-02 0.00000000e+00 7.18651995e-03 2.69867702e-01
  0.00000000e+00 0.00000000e+00 0.00000000e+00]
 [1.04817714e-02 0.00000000e+00 0.00000000e+00 0.00000000e+00
  0.00000000e+00 0.00000000e+00 0.00000000e+00 6.09278608e-02
  0.00000000e+00 0.00000000e+00 0.00000000e+00 2.66784541e-01
  2.59526405e-02 0.00000000e+00 0.00000000e+00]
 [1.74920074e-01 1.13770080e-01 0.00000000e+00 2.29174535e-01
  3.91988236e-01 1.74846815e-01 7.61257345e-02 1.22406462e-01
  0.00000000e+00 0.00000000e+00 0.00000000e+00 1.63083639e-01
  0.00000000e+00 1.01203635e-01 2.25564191e-02]
 [1.98958553e-01 1.32141077e-01 0.00000000e+00 6.87037051e-01
  9.44878074e-01 5.46645439e-01 2.98486437e-01 1.27635182e-01
  6.19375842e-02 0.00000000e+00 0.00000000e+00 0.00000000e+00
  0.00000000e+00 0.00000000e+00 0.00000000e+00]
 [1.13995035e-01 5.88626367e-02 0.00000000e+00 6.07178135e-02
  1.33341288e-01 6.28124564e-02 1.15481658e-02 8.09854605e-02
  0.00000000e+00 0.00000000e+00 0.00000000e+00 2.46806328e-01
  0.00000000e+00 6.31046309e-02 0.00000000e+00]
 [1.71431263e-01 3.07499343e-01 2.22957116e-02 7.45087278e-01
  1.27358879e+00 9.64368224e-01 3.12690171e-01 1.75284904e-01
  6.81699440e-02 0.00000000e+00 0.00000000e+00 7.03988987e-02
  0.00000000e+00 0.00000000e+00 0.00000000e+00]
 [4.08134279e-01 6.49835360e-01 4.67560004e-01 3.36439477e-01
  6.65212537e-01 3.17012815e-01 2.96994377e-01 2.55220137e-01
  5.34393518e-01 7.01433536e-01 2.22502994e-01 5.26612229e-01
  5.27438665e-01 7.06534920e-01 1.25313650e+00]]

2
----------------------------------------------------------------------------------
[[3.05221578e-02 1.25283507e-01 0.00000000e+00 0.00000000e+00
  4.24140958e-02 1.14581083e-01 0.00000000e+00 0.00000000e+00
  1.81345199e-02 1.81850050e-02 1.60931183e-01 0.00000000e+00
  0.00000000e+00 0.00000000e+00 2.72186386e-02]
 [1.50916837e-02 0.00000000e+00 0.00000000e+00 0.00000000e+00
  0.00000000e+00 6.52167951e-02 0.00000000e+00 0.00000000e+00
  1.27175925e-01 3.74450174e-02 0.00000000e+00 0.00000000e+00
  0.00000000e+00 0.00000000e+00 0.00000000e+00]
 [9.64510220e-02 0.00000000e+00 0.00000000e+00 0.00000000e+00
  0.00000000e+00 1.22128697e-01 0.00000000e+00 0.00000000e+00
  0.00000000e+00 6.83317268e-02 0.00000000e+00 0.00000000e+00
  0.00000000e+00 0.00000000e+00 0.00000000e+00]
 [7.72492124e-04 3.10568649e-01 0.00000000e+00 0.00000000e+00
  3.54511525e-01 1.62955158e-01 0.00000000e+00 0.00000000e+00
  1.58926138e-01 2.25570069e-02 3.15364562e-01 0.00000000e+00
  0.00000000e+00 0.00000000e+00 1.52073955e-01]
 [0.00000000e+00 7.58432630e-02 0.00000000e+00 0.00000000e+00
  1.45642092e-01 1.45587672e-01 9.69581059e-02 0.00000000e+00
  2.74480271e-01 0.00000000e+00 3.64400753e-01 0.00000000e+00
  0.00000000e+00 0.00000000e+00 0.00000000e+00]
 [7.59906317e-02 1.00917468e-01 0.00000000e+00 0.00000000e+00
  1.12900735e-01 2.34438525e-01 0.00000000e+00 0.00000000e+00
  2.07667287e-02 4.32866073e-02 2.99526278e-01 0.00000000e+00
  0.00000000e+00 0.00000000e+00 0.00000000e+00]
 [0.00000000e+00 1.26019278e-01 1.17502170e-02 0.00000000e+00
  1.08315597e-01 1.79137109e-01 1.96911991e-02 0.00000000e+00
  1.44232737e-01 0.00000000e+00 4.16957307e-01 0.00000000e+00
  0.00000000e+00 0.00000000e+00 0.00000000e+00]
 [0.00000000e+00 2.07730047e-02 5.94413510e-02 5.99242112e-01
  1.17308989e-01 7.58814836e-01 2.55782529e-01 0.00000000e+00
  6.28378203e-01 4.71713953e-01 1.05089414e+00 6.84388510e-01
  9.78604715e-02 5.03996106e-01 4.13921098e-02]
 [0.00000000e+00 2.04520855e-02 2.31348099e-01 4.11949632e-01
  2.82532061e-01 8.35372676e-01 2.85715817e-01 0.00000000e+00
  4.49111866e-01 1.68721235e-01 8.33711812e-01 3.37577738e-01
  4.94369107e-02 2.52002916e-01 1.47193771e-01]
 [1.83962202e-01 0.00000000e+00 0.00000000e+00 0.00000000e+00
  0.00000000e+00 3.18357111e-01 1.62891422e-01 7.82124647e-02
  3.34223817e-01 6.13010063e-01 4.34636032e-01 0.00000000e+00
  0.00000000e+00 0.00000000e+00 3.30255854e-02]
 [2.13818663e-02 1.11135752e-03 0.00000000e+00 0.00000000e+00
  1.35470357e-01 4.86562806e-01 1.20165933e-01 0.00000000e+00
  3.39917399e-01 9.47226083e-02 6.82900530e-01 3.88437024e-02
  2.79758541e-02 0.00000000e+00 0.00000000e+00]
 [0.00000000e+00 3.70670069e-02 3.98025689e-01 6.74355369e-01
  4.81771712e-01 1.08376932e+00 3.33236749e-01 0.00000000e+00
  6.64854406e-01 4.11051160e-01 9.08795696e-01 4.14758827e-01
  9.91301944e-02 4.01204253e-01 9.79807447e-02]
 [0.00000000e+00 0.00000000e+00 0.00000000e+00 2.84917771e-02
  1.27451281e-01 7.15351700e-01 2.72312837e-01 3.43219118e-01
  7.65391300e-01 4.69734845e-01 9.31226438e-01 2.71128502e-01
  1.69974400e-01 1.24636954e-01 1.04082090e-01]
 [0.00000000e+00 0.00000000e+00 1.82597434e+00 1.46121353e+00
  7.00475742e-01 1.86623574e+00 2.05370483e+00 1.85630755e+00
  2.66689914e+00 2.35310564e+00 2.14218375e+00 1.70993863e+00
  1.67200026e+00 1.36888796e+00 1.10605737e+00]
 [4.83663587e-02 6.08574844e-02 1.14808779e+00 1.73127510e+00
  8.85755446e-01 2.60622012e+00 2.74561242e+00 2.87356867e+00
  3.52216998e+00 2.91001320e+00 2.70279627e+00 1.94993674e+00
  1.92664378e+00 1.57433957e+00 1.13464768e+00]
 [3.50231648e-02 0.00000000e+00 1.08440941e+00 2.08277646e+00
  1.59176851e+00 4.06836513e+00 5.58099875e+00 5.49232956e+00
  5.38341741e+00 3.78771002e+00 3.51807552e+00 2.33447816e+00
  2.14746894e+00 1.62289238e+00 1.23733976e+00]
 [2.61365677e-02 0.00000000e+00 3.66193764e+00 3.63178265e+00
  4.91880613e-01 1.91345064e+00 1.53367171e+00 5.47443773e-01
  2.93893954e+00 2.85246085e+00 2.71306282e+00 2.44298971e+00
  1.90932613e+00 1.75385936e+00 1.12442262e+00]
 [1.92490701e-01 5.91301156e-01 7.28792924e-01 4.62827893e-01
  4.84709564e-01 8.72283907e-02 4.33154572e-01 1.09569251e+00
  6.11795585e-01 1.83526774e-01 5.61355336e-01 6.45738396e-01
  7.72793134e-01 9.37488142e-01 3.18107435e-01]]

3
----------------------------------------------------------------------------------
[[0.00000000e+00 0.00000000e+00 0.00000000e+00 0.00000000e+00
  2.30617344e-02 3.89192609e-01 1.89074741e-04 3.67833280e-02
  1.50290347e-02 6.02246637e-02 3.60948509e-03 0.00000000e+00
  2.28230390e-01 0.00000000e+00 4.79010771e-02]
 [0.00000000e+00 0.00000000e+00 0.00000000e+00 0.00000000e+00
  2.16801434e-02 0.00000000e+00 0.00000000e+00 1.05857653e-01
  0.00000000e+00 1.13300051e-01 8.39989135e-03 0.00000000e+00
  1.40992256e-02 4.05061522e-02 6.52544249e-02]
 [0.00000000e+00 0.00000000e+00 0.00000000e+00 0.00000000e+00
  1.81276484e-03 0.00000000e+00 0.00000000e+00 3.32487881e-02
  0.00000000e+00 3.32778268e-02 1.80376287e-01 0.00000000e+00
  1.45777671e-02 0.00000000e+00 1.40798293e-01]
 [0.00000000e+00 0.00000000e+00 0.00000000e+00 0.00000000e+00
  4.34035288e-02 6.91758327e-01 1.43336816e-01 0.00000000e+00
  1.45977676e-01 9.40111478e-02 6.40057441e-02 1.42724173e-01
  4.15089163e-01 7.70491627e-02 7.82588696e-02]
 [0.00000000e+00 0.00000000e+00 0.00000000e+00 0.00000000e+00
  1.18026068e-01 4.35401653e-01 1.65309625e-01 0.00000000e+00
  2.20454439e-01 5.72278102e-02 0.00000000e+00 0.00000000e+00
  1.94137988e-01 0.00000000e+00 6.27334971e-02]
 [0.00000000e+00 0.00000000e+00 0.00000000e+00 0.00000000e+00
  8.56827103e-02 2.37462945e-01 0.00000000e+00 5.88219556e-02
  2.13206974e-01 2.22165991e-01 6.95952433e-03 0.00000000e+00
  1.30805394e-01 2.86016391e-03 1.21060294e-01]
 [0.00000000e+00 0.00000000e+00 0.00000000e+00 0.00000000e+00
  9.06088560e-02 2.69313422e-01 0.00000000e+00 0.00000000e+00
  2.59936813e-01 1.64922773e-01 0.00000000e+00 0.00000000e+00
  1.56872859e-01 2.01768465e-03 9.30512928e-02]
 [7.16377630e-02 3.80238756e-01 8.67853759e-02 1.21920945e-01
  2.03725117e-01 2.58740150e-01 1.72933736e-01 4.59440280e-02
  2.97156746e-01 1.37216310e-01 1.03567890e-01 2.77073577e-01
  4.76275268e-01 1.31208903e-01 0.00000000e+00]
 [1.20972858e-01 8.27073363e-01 1.64984523e-01 1.58104465e-01
  1.74323360e-01 3.77897635e-01 3.51600621e-02 2.24620601e-02
  3.21576923e-01 7.37620876e-02 1.06768539e-02 2.39861623e-01
  6.82013615e-01 2.84105010e-01 1.15443936e-01]
 [0.00000000e+00 0.00000000e+00 1.91068629e-02 0.00000000e+00
  0.00000000e+00 2.40915850e-01 6.16836228e-02 2.14429609e-01
  1.95990729e-01 4.55525254e-02 2.20708582e-02 0.00000000e+00
  4.50795553e-02 0.00000000e+00 1.50960512e-01]
 [2.66198625e-01 6.05092879e-01 9.24421559e-02 2.18045318e-01
  8.10722258e-02 2.01719415e-01 1.13400493e-01 4.01206050e-02
  3.74388480e-01 2.05460348e-01 6.73478396e-02 8.98011299e-02
  8.46736575e-01 3.28546844e-02 1.81426214e-01]
 [2.89635514e-01 4.92898108e-01 9.87888080e-02 1.00449400e-01
  2.23323904e-01 2.02173655e-01 3.84902490e-02 7.99559883e-02
  1.64575354e-01 1.81857172e-02 0.00000000e+00 1.43924482e-01
  2.86612102e-01 1.29040964e-01 6.81252756e-02]
 [3.38325432e-01 3.49089348e-01 2.52867166e-01 2.62015754e-01
  1.42218844e-01 7.26496097e-02 2.29228876e-01 2.09206694e-01
  2.39679689e-01 1.00136879e-01 1.58645417e-02 9.88568927e-03
  3.14844100e-01 0.00000000e+00 1.18177048e-01]
 [6.80631926e-01 7.37450140e-01 3.37092692e-01 2.98761906e-01
  4.45876028e-01 1.02618409e-01 4.16172879e-01 3.03080338e-01
  4.55410580e-01 0.00000000e+00 2.29958178e-02 1.87800683e-01
  1.22849255e-01 1.15261058e-01 4.57646523e-02]
 [5.80934058e-01 5.79802040e-01 3.78369190e-01 2.57639460e-01
  5.46160741e-01 1.01103752e-01 2.20838779e-01 2.44654259e-01
  3.81097923e-01 0.00000000e+00 1.68373139e-01 3.39357190e-01
  1.17896698e-01 3.33123238e-01 1.35977010e-01]
 [7.79292237e-01 3.54702684e-01 3.11908143e-01 1.09834989e-01
  3.20321236e-01 5.55227959e-01 3.66838807e-01 1.57263366e-01
  1.84224810e-01 0.00000000e+00 8.98144350e-02 2.24155009e-01
  9.18161282e-02 1.92564128e-02 1.17449077e-01]
 [6.51328908e-01 5.59398147e-01 2.19911940e-01 4.20519002e-01
  9.74113373e-01 0.00000000e+00 9.90914893e-02 8.03153585e-02
  2.91662996e-01 9.08980464e-02 2.18585238e-01 3.50153451e-01
  1.77321889e-01 4.39605963e-01 1.96072537e-01]
 [5.91263943e-01 5.79021151e-01 2.36286695e-01 3.27783573e-01
  1.28978049e-01 5.04750040e-01 4.88909126e-01 1.49616557e-01
  3.61450646e-01 2.48845600e-01 1.78125753e-01 3.79783476e-01
  1.49894765e-01 1.70860979e-01 7.89704019e-02]]

4
----------------------------------------------------------------------------------
[[0.0525564  0.12889886 0.02599496 0.00786753 0.         0.07666132
  0.02528519 0.05425618 0.14275622 0.1467995  0.09305628 0.09715615
  0.03258751 0.         0.        ]
 [0.         0.08574859 0.         0.         0.         0.09388135
  0.00615856 0.         0.         0.07388865 0.         0.0234594
  0.         0.         0.        ]
 [0.         0.14825507 0.03396263 0.         0.         0.09702694
  0.03635312 0.         0.         0.03289885 0.04934474 0.0047506
  0.06981351 0.03906553 0.        ]
 [0.1492475  0.21468047 0.00086712 0.07589092 0.         0.14938964
  0.00506078 0.21834978 0.32449055 0.19487205 0.17746327 0.18599769
  0.0484279  0.15639617 0.05900638]
 [0.12652033 0.091482   0.         0.06909628 0.         0.11526943
  0.07996469 0.09621525 0.17541055 0.         0.03424769 0.1135324
  0.03538695 0.15344909 0.11893668]
 [0.10269719 0.08299039 0.00377393 0.         0.         0.06597707
  0.09270055 0.09009864 0.2727012  0.         0.         0.29184243
  0.07940838 0.20436759 0.        ]
 [0.12619491 0.1021709  0.04324422 0.02868029 0.         0.05511083
  0.06127312 0.12231212 0.26130088 0.04094926 0.         0.17367615
  0.03480028 0.17460211 0.02871087]
 [0.20171917 0.37490552 0.23449734 0.04896902 0.02110956 0.13898792
  0.         0.21160208 0.37061412 0.18352443 0.26956235 0.18893135
  0.         0.05980258 0.13805578]
 [0.18128091 0.31521796 0.17450613 0.03059527 0.04066819 0.19866707
  0.02037011 0.20104679 0.33216616 0.0959324  0.25826822 0.31040636
  0.         0.13132228 0.07055218]
 [0.         0.05019523 0.01186264 0.00824452 0.         0.08842694
  0.03371012 0.10746226 0.20751056 0.02112752 0.         0.06998613
  0.00800753 0.12645002 0.00741513]
 [0.05716335 0.03679752 0.07519121 0.03690465 0.         0.05551176
  0.         0.04538001 0.29731432 0.         0.         0.36106172
  0.05512833 0.27609909 0.        ]
 [0.11770338 0.19038803 0.08871279 0.03475614 0.03230522 0.08480112
  0.07976492 0.09166708 0.24128907 0.09854911 0.11492553 0.18457794
  0.01167826 0.         0.09835041]
 [0.         0.         0.         0.         0.         0.04605358
  0.         0.         0.22728577 0.         0.         0.21210185
  0.01347706 0.07031822 0.        ]
 [0.09509939 0.         0.01668727 0.         0.         0.01623574
  0.01916709 0.11419912 0.10098708 0.0461411  0.0637072  0.09926218
  0.06284841 0.03772482 0.16231786]
 [0.00508491 0.03603228 0.         0.         0.         0.02897642
  0.         0.         0.12424557 0.07098241 0.07848896 0.19100447
  0.00313563 0.         0.14048557]
 [0.         0.0321345  0.         0.0139259  0.         0.07393574
  0.12040563 0.09964982 0.25231597 0.         0.00873998 0.18721572
  0.0153197  0.         0.09707399]
 [0.07695451 0.07023139 0.04694474 0.         0.         0.
  0.         0.07251093 0.21046406 0.08484899 0.15825041 0.17789715
  0.04861    0.         0.        ]
 [0.52459344 0.25128885 0.31873404 0.26450036 0.25482105 0.14772849
  0.15782995 0.5812774  0.37508234 0.19827918 0.19031922 0.32933041
  0.08129648 0.34198112 0.56488626]]

5
----------------------------------------------------------------------------------
[[0.03775714 0.         0.         0.         0.04698704 0.11712214
  0.00116587 0.01493745 0.         0.         0.         0.02687624
  0.19549101 0.18850983 0.03650036]
 [0.         0.01833831 0.08028378 0.         0.03343601 0.08226063
  0.09085283 0.24115338 0.06022742 0.03343641 0.0171653  0.01484292
  0.         0.01531378 0.        ]
 [0.         0.01290458 0.09583728 0.21255741 0.04448322 0.21891909
  0.         0.02216074 0.09533504 0.0538513  0.01213809 0.01452044
  0.04908559 0.00430401 0.16510977]
 [0.07604668 0.         0.         0.         0.         0.17923384
  0.16699376 0.02515131 0.05484977 0.         0.         0.06404484
  0.38266404 0.37226132 0.08951516]
 [0.08400131 0.         0.         0.         0.         0.21529561
  0.15583516 0.0056858  0.04224771 0.02742343 0.         0.02555845
  0.23256699 0.19063464 0.07291449]
 [0.12532084 0.03584782 0.         0.00389524 0.         0.27547996
  0.04931024 0.         0.         0.0189866  0.01589355 0.08597201
  0.1413172  0.1772362  0.04266976]
 [0.08743661 0.06508921 0.         0.01777887 0.         0.19249008
  0.05808179 0.         0.02603353 0.03114013 0.         0.05740702
  0.23306315 0.22193436 0.04407239]
 [0.13289253 0.         0.04786093 0.         0.         0.27723471
  0.08085602 0.04232005 0.12450255 0.10243468 0.         0.18991741
  0.63939628 0.46539244 0.20175937]
 [0.1181574  0.         0.         0.         0.         0.2651515
  0.06957781 0.06102531 0.06595494 0.11127563 0.         0.44151539
  0.56226953 0.47698569 0.17341256]
 [0.11676711 0.         0.         0.00387436 0.         0.29948392
  0.06754324 0.         0.         0.         0.         0.04842153
  0.11846208 0.17406557 0.01831058]
 [0.28921323 0.         0.         0.         0.         0.40881106
  0.00356912 0.         0.05334352 0.008188   0.         0.5628665
  0.23717169 0.36203207 0.06747455]
 [0.07444151 0.         0.         0.         0.0286154  0.05765325
  0.         0.0507015  0.         0.0209713  0.         0.18739433
  0.32048566 0.23477993 0.03278121]
 [0.07861671 0.         0.         0.         0.         0.2270417
  0.02943997 0.         0.         0.         0.         0.1795362
  0.16982401 0.18334951 0.0515708 ]
 [0.07525785 0.         0.         0.         0.         0.2260718
  0.02829003 0.00812406 0.08132386 0.03935111 0.         0.
  0.24280579 0.14239587 0.        ]
 [0.05442921 0.         0.         0.07140065 0.         0.24908127
  0.00937914 0.02671935 0.10144884 0.04778769 0.08266627 0.03485816
  0.16924684 0.09913472 0.00335228]
 [0.09459425 0.00787056 0.         0.14654966 0.         0.2731943
  0.03751405 0.         0.20392599 0.09585644 0.         0.01014893
  0.15714591 0.21041814 0.06788549]
 [0.19661446 0.         0.05441938 0.         0.         0.2947727
  0.         0.12963572 0.01350943 0.10356255 0.13940065 0.01667923
  0.45639544 0.10715994 0.        ]
 [0.27581296 0.22737471 0.23869883 0.33024601 0.19687013 0.21952989
  0.373287   0.18890103 0.15197719 0.18926056 0.1713436  0.1282616
  0.33664241 0.14982519 0.22793738]]

6
----------------------------------------------------------------------------------
[[2.19278171e-01 1.26990725e-01 7.99275916e-02 2.44057513e-01
  0.00000000e+00 0.00000000e+00 4.71401343e-02 9.53664757e-02
  0.00000000e+00 8.17697960e-04 2.74077328e-02 8.59442514e-02
  1.05727537e-01 2.16250442e-01 7.65974793e-02]
 [4.34507329e-02 3.88110702e-02 0.00000000e+00 9.93895967e-02
  0.00000000e+00 0.00000000e+00 5.03445409e-02 0.00000000e+00
  0.00000000e+00 0.00000000e+00 0.00000000e+00 0.00000000e+00
  1.54889741e-01 2.28673995e-01 6.85134858e-02]
 [5.19283071e-02 1.21981009e-01 7.91750786e-02 9.02387417e-02
  0.00000000e+00 0.00000000e+00 9.86240002e-02 0.00000000e+00
  0.00000000e+00 0.00000000e+00 2.08408567e-02 0.00000000e+00
  2.19754433e-01 2.21575003e-01 2.05294341e-01]
 [3.16284630e-01 2.48478303e-01 1.05530930e-01 2.43438591e-01
  1.67576857e-01 0.00000000e+00 8.60102009e-02 4.76888826e-01
  8.46459533e-02 4.26042932e-02 8.89614060e-02 1.31489540e-01
  1.47473977e-01 3.15182663e-01 1.33262471e-01]
 [1.85374304e-01 1.39457601e-01 3.09143456e-02 1.15400276e-01
  0.00000000e+00 0.00000000e+00 1.28181566e-01 9.81663486e-02
  0.00000000e+00 0.00000000e+00 0.00000000e+00 5.09022042e-02
  1.91141598e-01 3.76872449e-01 6.54819036e-02]
 [5.03736444e-02 8.77657491e-02 1.09302749e-01 1.38021893e-01
  6.64886079e-02 0.00000000e+00 0.00000000e+00 2.12445851e-01
  0.00000000e+00 0.00000000e+00 6.76358089e-02 0.00000000e+00
  2.02924222e-01 2.96546565e-01 4.58483777e-02]
 [1.68424144e-01 7.80122070e-02 1.33063289e-01 1.95790147e-01
  0.00000000e+00 0.00000000e+00 3.28257112e-02 3.83622676e-02
  1.01012821e-02 0.00000000e+00 0.00000000e+00 4.47059084e-02
  1.56534742e-01 3.96363686e-01 0.00000000e+00]
 [4.39219555e-01 1.45889087e-01 5.80356829e-01 1.12092516e+00
  1.42297971e-01 3.74413606e-01 1.27821158e+00 1.65189236e-01
  8.45018730e-01 1.78748347e-01 5.82485859e-02 4.40486176e-01
  3.64092226e-01 4.70551089e-01 0.00000000e+00]
 [3.50973289e-01 1.58918394e-01 5.65545525e-01 1.12208192e+00
  2.73499998e-01 4.26378681e-01 1.29672654e+00 3.20058254e-01
  5.03384789e-01 0.00000000e+00 8.52308176e-03 3.25998520e-01
  2.42442603e-01 5.25095817e-01 3.90500847e-02]
 [1.99309398e-01 0.00000000e+00 4.76788679e-01 5.27207616e-01
  0.00000000e+00 2.31577214e-01 5.55102673e-01 6.49463458e-01
  1.15583989e-01 0.00000000e+00 2.48264928e-02 0.00000000e+00
  2.70091003e-01 3.69694578e-01 1.72292226e-01]
 [1.42005542e-01 6.95175105e-02 8.73190529e-01 6.06623235e-01
  0.00000000e+00 2.33422650e-01 4.84250135e-01 1.37208711e-01
  1.23903388e-02 0.00000000e+00 1.85825193e-03 1.02937391e-01
  3.36053055e-01 3.79690273e-01 5.42695287e-02]
 [1.68962665e-01 6.84488512e-02 4.34824664e-01 1.06240444e+00
  4.23698420e-03 7.94797600e-01 2.19505121e+00 1.13448985e+00
  1.14495194e+00 2.08314503e-01 5.43558089e-02 7.99637561e-01
  3.54266756e-01 4.80125623e-01 2.11541386e-01]
 [9.87039342e-02 1.31571309e-02 8.39480079e-01 5.92914277e-01
  1.44328166e-01 9.62790263e-01 1.32380189e+00 8.68829792e-01
  2.99462387e-03 0.00000000e+00 1.36852986e-01 3.07498228e-01
  4.71280263e-01 4.12885610e-01 2.09872556e-01]
 [1.17241258e-01 1.18707274e-01 4.38639720e-01 1.02359904e+00
  6.59563459e-01 2.84836238e+00 4.80288598e+00 4.01386832e+00
  2.61056537e+00 6.20677833e-01 5.27885577e-01 1.51513395e+00
  1.09485402e+00 9.59595819e-01 7.82037387e-01]
 [1.11504679e-01 1.38032012e-02 5.71156193e-01 1.14366067e+00
  4.69669137e-01 3.32045821e+00 4.58583017e+00 4.08916495e+00
  2.13383666e+00 7.61169515e-01 3.58326017e-01 1.52560151e+00
  1.22794013e+00 1.02133683e+00 8.20938989e-01]
 [1.39069947e-01 1.33909584e-01 1.01747772e+00 1.85680643e+00
  1.97184201e+00 6.47134702e+00 6.72729551e+00 5.50278293e+00
  1.51518160e+00 7.09460552e-01 7.39845537e-01 1.08731622e+00
  9.59412585e-01 7.79853294e-01 5.83319750e-01]
 [1.79913212e-01 5.36454508e-02 5.77032749e-01 1.36974814e+00
  5.37394879e-02 1.34454034e+00 5.27464294e+00 4.62307060e+00
  3.10737503e+00 1.33910050e+00 3.15670738e-01 2.17650225e+00
  1.55149764e+00 1.30988074e+00 1.19172211e+00]
 [1.90764797e-01 1.45272773e-01 2.11008880e-01 1.45058408e-01
  6.17701548e-01 5.69533310e-01 1.80706013e-01 3.80741673e-01
  6.89677690e-01 6.14690072e-01 1.37922346e-01 2.22762164e-01
  1.59250536e-01 1.60258184e-01 1.10865651e-01]]

6
----------------------------------------------------------------------------------
[[0.         0.1200143  0.         0.         0.06883041 0.        ]
 [0.         0.07642136 0.         0.         0.04014217 0.        ]
 [0.05313053 0.02351448 0.         0.         0.012819   0.03959599]
 [0.05808025 0.18995201 0.05841056 0.         0.04792757 0.03671344]
 [0.12940957 0.12382099 0.01884794 0.         0.03128132 0.0055877 ]
 [0.10076242 0.10865705 0.         0.09073308 0.         0.12184522]
 [0.1368888  0.11767931 0.02480582 0.         0.01407676 0.04357244]
 [0.01457223 0.42398332 0.16780731 0.         0.07736172 0.05968234]
 [0.12691759 0.42038772 0.14624969 0.         0.03756459 0.03757065]
 [0.16465933 0.09289144 0.         0.05262249 0.         0.08413746]
 [0.2605916  0.21014774 0.1046897  0.         0.         0.04519624]
 [0.24554602 0.47220585 0.20735542 0.         0.05594854 0.02534001]
 [0.3032488  0.17471998 0.10906029 0.         0.0762026  0.        ]
 [0.73808772 1.11674107 0.76984533 0.22966649 0.44399765 0.2513395 ]
 [0.91376312 1.20464096 0.75539395 0.41823214 0.50064467 0.31708721]
 [1.21589721 0.67686984 0.34545872 0.13773085 0.3518487  0.31237184]
 [0.96300132 1.70660243 1.14835546 0.554147   0.53136963 0.57825438]
 [0.28633242 0.23153534 0.31150353 0.29423753 0.17698999 0.34927504]]