

1
----------------------------------------------------------------------------------
[[1.01700803e-01 4.81337498e-02 7.56192748e-02 0.00000000e+00
  0.00000000e+00 0.00000000e+00 8.37431309e-02 9.74198003e-03
  0.00000000e+00 1.04557527e-01 0.00000000e+00 0.00000000e+00
  0.00000000e+00 1.14599493e-01 1.18305806e-01]
 [0.00000000e+00 1.78343731e-03 1.14257323e-01 0.00000000e+00
  0.00000000e+00 2.42957972e-02 3.42184171e-02 2.97088640e-02
  0.00000000e+00 7.28185082e-02 0.00000000e+00 0.00000000e+00
  0.00000000e+00 1.66670614e-01 4.84850675e-02]
 [2.31859922e-02 3.70643044e-02 3.60367820e-02 7.57315707e-02
  0.00000000e+00 3.13433905e-02 1.04167251e-02 5.10561471e-02
  0.00000000e+00 6.75798403e-02 0.00000000e+00 0.00000000e+00
  0.00000000e+00 2.07941016e-01 6.48146723e-02]
 [1.52936830e-01 7.41234740e-02 5.10528621e-02 3.61047789e-02
  0.00000000e+00 2.90983912e-02 1.07043832e-01 1.45134408e-02
  1.40572908e-02 1.26610196e-01 0.00000000e+00 0.00000000e+00
  0.00000000e+00 1.02786649e-01 1.31892715e-01]
 [1.28166294e-01 7.48386926e-02 3.77796205e-02 8.75207114e-02
  0.00000000e+00 0.00000000e+00 1.43075691e-01 0.00000000e+00
  0.00000000e+00 6.74608702e-02 0.00000000e+00 0.00000000e+00
  0.00000000e+00 9.52658989e-02 0.00000000e+00]
 [7.96069345e-02 8.75260744e-02 4.94983921e-02 1.88428508e-01
  0.00000000e+00 0.00000000e+00 1.03013248e-01 4.67364357e-02
  0.00000000e+00 8.32299878e-02 0.00000000e+00 0.00000000e+00
  0.00000000e+00 1.89171971e-01 0.00000000e+00]
 [1.03185494e-01 4.17610588e-02 8.31174812e-02 1.76477273e-01
  0.00000000e+00 0.00000000e+00 7.03654745e-02 0.00000000e+00
  0.00000000e+00 9.81480636e-02 0.00000000e+00 0.00000000e+00
  0.00000000e+00 1.28428807e-01 0.00000000e+00]
 [1.86801017e-01 0.00000000e+00 4.72384881e-06 0.00000000e+00
  0.00000000e+00 0.00000000e+00 1.10541183e-01 0.00000000e+00
  3.74363134e-02 1.79642828e-01 0.00000000e+00 0.00000000e+00
  0.00000000e+00 3.60941399e-01 5.88342692e-01]
 [5.95903069e-01 2.45930306e-02 6.78883200e-03 1.62576558e-01
  0.00000000e+00 0.00000000e+00 1.35582233e-01 0.00000000e+00
  1.57449764e-01 2.37364623e-01 0.00000000e+00 0.00000000e+00
  0.00000000e+00 4.63877049e-01 5.01526385e-01]
 [2.57608224e-02 0.00000000e+00 0.00000000e+00 0.00000000e+00
  0.00000000e+00 0.00000000e+00 2.21085834e-02 4.58864973e-02
  0.00000000e+00 2.63073769e-02 0.00000000e+00 0.00000000e+00
  0.00000000e+00 2.04508086e-01 3.14493114e-01]
 [6.77524549e-01 4.98710230e-02 0.00000000e+00 6.63063597e-02
  0.00000000e+00 0.00000000e+00 1.86712409e-01 8.39766955e-03
  2.43741905e-02 1.06117581e-01 0.00000000e+00 0.00000000e+00
  0.00000000e+00 3.37965819e-01 1.05859731e-01]
 [3.30175193e-01 0.00000000e+00 3.37423698e-02 7.07305004e-02
  0.00000000e+00 0.00000000e+00 7.43265672e-02 0.00000000e+00
  1.31884724e-02 2.38311272e-01 1.48251978e-02 0.00000000e+00
  0.00000000e+00 6.28025400e-01 7.72598785e-01]
 [3.70074043e-01 7.17174804e-02 0.00000000e+00 3.00842177e-02
  0.00000000e+00 0.00000000e+00 9.85679309e-02 1.05793491e-02
  0.00000000e+00 1.75073168e-01 0.00000000e+00 0.00000000e+00
  0.00000000e+00 5.85314835e-01 4.73227134e-01]
 [1.08033599e-01 1.88261225e-04 0.00000000e+00 1.42849069e-02
  0.00000000e+00 1.69150734e-01 8.55822784e-02 5.08002478e-01
  3.05025124e-01 1.45073031e+00 6.97947101e-01 5.99851301e-01
  5.05869134e-01 1.05096470e+00 1.78097499e+00]
 [6.86555167e-02 0.00000000e+00 9.75646580e-03 0.00000000e+00
  0.00000000e+00 1.14517821e-01 1.77377854e-01 7.92352921e-01
  5.75202659e-01 2.23396551e+00 1.24418693e+00 1.17717378e+00
  8.29017927e-01 1.38363301e+00 1.89912720e+00]
 [9.43926619e-02 1.74790752e-02 1.76754917e-02 0.00000000e+00
  0.00000000e+00 9.12374725e-02 9.03074945e-02 3.52831732e-01
  6.68099967e-01 2.47418230e+00 1.21865340e+00 1.51161495e+00
  1.68029309e+00 2.21622826e+00 3.36389733e+00]
 [7.86142353e-02 2.49954785e-02 0.00000000e+00 0.00000000e+00
  0.00000000e+00 7.25478733e-02 1.37721409e-01 6.47719249e-01
  2.09549287e-02 1.75783424e+00 1.33455336e+00 9.55721143e-01
  6.66933660e-01 1.62913316e+00 1.77965679e+00]
 [1.51623381e-01 1.73973347e-01 1.55310099e-01 3.93866480e-01
  3.86977972e-01 2.12656941e-01 1.69049888e-01 1.20691128e-01
  3.63714344e-01 1.21175224e-01 3.36383277e-01 3.41106504e-01
  3.76613243e-01 9.33588175e-02 1.80407827e-01]]

2
----------------------------------------------------------------------------------
[[0.00000000e+00 1.98585826e-01 1.53941742e-01 0.00000000e+00
  3.35981858e-01 0.00000000e+00 1.67479588e-01 3.14758438e-01
  0.00000000e+00 2.01832488e-02 0.00000000e+00 0.00000000e+00
  0.00000000e+00 0.00000000e+00 6.13418230e-02]
 [0.00000000e+00 1.59727968e-01 7.96569156e-02 0.00000000e+00
  0.00000000e+00 0.00000000e+00 0.00000000e+00 3.62547482e-02
  0.00000000e+00 2.27846006e-02 0.00000000e+00 0.00000000e+00
  0.00000000e+00 0.00000000e+00 0.00000000e+00]
 [0.00000000e+00 8.16607016e-02 2.86164344e-01 0.00000000e+00
  2.12678522e-01 2.45046481e-01 0.00000000e+00 0.00000000e+00
  2.78806204e-02 5.80482197e-02 0.00000000e+00 0.00000000e+00
  0.00000000e+00 0.00000000e+00 1.62686571e-02]
 [0.00000000e+00 2.37851236e-01 4.27818613e-01 0.00000000e+00
  5.54363299e-01 0.00000000e+00 4.64491944e-01 5.66390537e-01
  0.00000000e+00 5.08640433e-02 5.80707154e-02 0.00000000e+00
  0.00000000e+00 0.00000000e+00 8.33476074e-02]
 [0.00000000e+00 1.81144310e-01 1.92029687e-01 0.00000000e+00
  2.69040761e-01 0.00000000e+00 2.46554577e-01 4.37943581e-01
  0.00000000e+00 7.02148490e-03 1.03737182e-02 0.00000000e+00
  0.00000000e+00 0.00000000e+00 3.19245802e-02]
 [3.79420144e-02 8.07958015e-02 3.23990493e-02 0.00000000e+00
  2.49009773e-01 1.47150758e-01 0.00000000e+00 3.60163337e-01
  0.00000000e+00 0.00000000e+00 0.00000000e+00 0.00000000e+00
  0.00000000e+00 0.00000000e+00 4.05453244e-02]
 [0.00000000e+00 7.75758495e-02 1.21141814e-01 0.00000000e+00
  2.78908127e-01 1.83064463e-02 7.38059676e-02 3.86299690e-01
  0.00000000e+00 0.00000000e+00 0.00000000e+00 0.00000000e+00
  0.00000000e+00 0.00000000e+00 1.56170719e-02]
 [6.55414998e-01 2.15682939e+00 6.88195396e-01 4.17602780e-01
  4.72669412e-02 6.71318988e-02 8.93497432e-01 2.50079356e-01
  0.00000000e+00 2.84012360e-01 2.09803296e-01 0.00000000e+00
  0.00000000e+00 0.00000000e+00 9.73719896e-02]
 [6.53132950e-01 1.24056595e+00 6.82338852e-01 1.74788788e-01
  3.55179680e-01 8.88482493e-02 5.98107975e-01 4.07939798e-01
  0.00000000e+00 3.96773844e-01 9.32773040e-02 0.00000000e+00
  0.00000000e+00 0.00000000e+00 6.11952865e-02]
 [6.56641570e-01 1.01185744e+00 6.02437733e-01 0.00000000e+00
  2.53576359e-01 2.42155067e-01 0.00000000e+00 2.85219103e-01
  0.00000000e+00 1.67772998e-01 3.92931823e-02 0.00000000e+00
  0.00000000e+00 0.00000000e+00 0.00000000e+00]
 [3.98836290e-01 5.86809881e-01 3.06828936e-01 0.00000000e+00
  2.98435792e-01 2.53220498e-01 2.50396606e-01 2.27190019e-01
  0.00000000e+00 1.93804989e-01 1.01728494e-01 0.00000000e+00
  0.00000000e+00 0.00000000e+00 0.00000000e+00]
 [1.46471723e+00 2.46427272e+00 9.48018696e-01 4.19343172e-01
  2.37218860e-01 1.68009935e-01 7.14025706e-01 2.99568587e-01
  0.00000000e+00 3.40478721e-01 1.25954615e-01 0.00000000e+00
  0.00000000e+00 0.00000000e+00 7.14961919e-02]
 [9.01850426e-01 1.23302534e+00 6.19220807e-01 3.06942436e-02
  1.53861533e-01 2.18337681e-01 1.56481632e-01 1.19310987e-01
  0.00000000e+00 2.88948547e-01 1.82569031e-01 0.00000000e+00
  0.00000000e+00 0.00000000e+00 0.00000000e+00]
 [4.56966099e+00 4.14953729e+00 2.17186105e+00 1.46504947e+00
  5.53253181e-01 6.36561316e-01 9.47599481e-01 4.79348253e-01
  1.18047393e-01 4.54293944e-01 5.98194732e-01 0.00000000e+00
  0.00000000e+00 5.61585066e-03 7.16678076e-02]
 [5.52148907e+00 5.66978927e+00 2.93114166e+00 1.83944150e+00
  5.52966457e-01 5.75353276e-01 7.64123179e-01 3.08111683e-01
  6.83893679e-02 5.39183298e-01 5.55447248e-01 0.00000000e+00
  1.71921277e-02 7.00657353e-02 4.31824757e-02]
 [7.41723263e+00 6.02161570e+00 3.06376926e+00 1.62392862e+00
  1.01857492e+00 5.38617223e-01 5.11897143e-01 5.57156406e-01
  9.37843448e-02 5.03963294e-01 3.99039417e-01 2.33150256e-02
  6.50663561e-02 0.00000000e+00 2.32127191e-02]
 [5.10801605e+00 5.34908499e+00 2.85963655e+00 2.31438675e+00
  8.82201016e-01 8.68757211e-01 1.21728647e+00 2.30753660e-01
  9.36147599e-03 4.37036965e-01 5.60660084e-01 0.00000000e+00
  0.00000000e+00 1.50209204e-01 0.00000000e+00]
 [2.94342571e-01 2.31166376e-01 1.98320341e-01 4.77029137e-01
  4.29527763e-01 2.12959834e-01 8.32669151e-01 2.21237980e-01
  3.79977895e-01 1.67669803e-01 4.65631027e-01 7.22596775e-01
  7.20387285e-01 3.81816836e-01 1.38406349e-01]]

3
----------------------------------------------------------------------------------
[[0.14570667 0.12822017 0.         0.00913978 0.0087632  0.03331467
  0.17903568 0.01298706 0.         0.         0.08809488 0.0947892
  0.13195672 0.09322162 0.03042937]
 [0.00405913 0.02745985 0.         0.         0.00123643 0.
  0.11384882 0.         0.         0.06557702 0.08756971 0.
  0.         0.         0.039239  ]
 [0.         0.0282348  0.         0.01107645 0.         0.
  0.16942271 0.05620192 0.         0.02813715 0.06285049 0.01220609
  0.         0.         0.05414603]
 [0.27009023 0.12819386 0.00573186 0.05837682 0.06992897 0.
  0.26807212 0.10571865 0.         0.         0.15048633 0.17657576
  0.16635957 0.20980206 0.03892656]
 [0.15786782 0.17270548 0.         0.         0.07043053 0.
  0.25422625 0.16633048 0.         0.         0.05658495 0.13540183
  0.03979864 0.17460411 0.08971063]
 [0.16080896 0.19009416 0.         0.         0.14664042 0.03072858
  0.27778426 0.25310592 0.03649273 0.         0.07290321 0.1738787
  0.1113277  0.13031065 0.1171888 ]
 [0.14443794 0.22825745 0.         0.         0.10943473 0.0089447
  0.24420254 0.15840247 0.00526041 0.         0.03808727 0.16674514
  0.05142647 0.16417641 0.10710387]
 [0.25349393 0.1598022  0.         0.03480265 0.1099687  0.14442574
  0.22812093 0.05914113 0.06595483 0.         0.16383355 0.13308104
  0.33014015 0.31310335 0.06953435]
 [0.28331013 0.22952702 0.         0.02970243 0.11131671 0.09640876
  0.28658971 0.14788449 0.10700645 0.         0.0789621  0.16851612
  0.74995564 0.49653993 0.22300599]
 [0.09263006 0.16981026 0.         0.04936227 0.13681593 0.
  0.20943277 0.19009294 0.01751916 0.         0.07414589 0.18947107
  0.         0.0321687  0.14375523]
 [0.1210274  0.11711519 0.08385422 0.07642098 0.22318989 0.
  0.35877631 0.1176915  0.         0.         0.05380719 0.29646194
  0.68131564 0.3771954  0.31970501]
 [0.14660098 0.16193515 0.00227276 0.         0.08657916 0.05938043
  0.16910582 0.         0.03044945 0.         0.05240745 0.13776064
  0.23747222 0.16534641 0.11217886]
 [0.03534311 0.1256429  0.0053201  0.01296925 0.08930004 0.
  0.19426613 0.15247148 0.         0.         0.04242651 0.08186934
  0.26219527 0.16542148 0.1673261 ]
 [0.09578194 0.17565751 0.         0.         0.1229342  0.05176099
  0.16027083 0.08470316 0.09061844 0.         0.09347821 0.19089407
  0.09874061 0.17817629 0.15417838]
 [0.11113511 0.07913759 0.         0.02501697 0.         0.01271595
  0.06063879 0.         0.01595722 0.         0.07326606 0.09183684
  0.08215856 0.06879333 0.0964849 ]
 [0.08726908 0.21670328 0.         0.         0.07754469 0.01498189
  0.14526243 0.12443501 0.         0.         0.04261361 0.19390043
  0.07042673 0.00684126 0.23045603]
 [0.02585043 0.14352953 0.         0.04574408 0.02367984 0.07445613
  0.05541213 0.         0.         0.01962608 0.04997069 0.07905619
  0.03336476 0.14226942 0.0732374 ]
 [0.2308373  0.15801926 0.25227828 0.15775417 0.25479916 0.22033672
  0.08044603 0.37488337 0.66713606 0.19569807 0.10559908 0.19272974
  0.23128428 0.29525663 0.09157847]]

4
----------------------------------------------------------------------------------
[[0.06090612 0.0250371  0.00640888 0.12920157 0.         0.
  0.0851752  0.         0.         0.         0.         0.07683471
  0.00987754 0.         0.        ]
 [0.01265756 0.         0.         0.06260162 0.         0.
  0.         0.         0.         0.         0.         0.
  0.         0.         0.        ]
 [0.0472662  0.         0.         0.08962226 0.         0.
  0.04035384 0.         0.         0.         0.         0.01692884
  0.00186598 0.         0.        ]
 [0.02233083 0.01927388 0.04516059 0.19870082 0.2334201  0.
  0.14958943 0.         0.02269305 0.         0.04002227 0.08526014
  0.02514139 0.0117303  0.        ]
 [0.05641657 0.00674528 0.01198918 0.10213126 0.14320057 0.
  0.042899   0.         0.         0.         0.04254813 0.0017118
  0.02880824 0.         0.        ]
 [0.11708143 0.03184686 0.         0.20313899 0.17154557 0.
  0.06049021 0.         0.         0.         0.         0.
  0.11841253 0.         0.        ]
 [0.06212919 0.0528207  0.         0.1110603  0.19117946 0.
  0.02545197 0.         0.         0.02656583 0.         0.01381534
  0.04713954 0.00275748 0.        ]
 [0.17823434 0.02716227 0.23351982 0.04590243 0.27926824 0.
  0.13820368 0.         0.16528844 0.2161671  0.46596744 0.11230764
  0.09737993 0.0720909  0.        ]
 [0.21118474 0.14045634 0.50473824 0.         0.34649508 0.
  0.16241551 0.04808529 0.09754662 0.6061965  1.24750927 0.02683245
  0.1887994  0.21880547 0.07080345]
 [0.04608674 0.10297505 0.         0.1733634  0.10396473 0.
  0.09306326 0.         0.         0.         0.         0.
  0.05942421 0.         0.        ]
 [0.12229376 0.50622045 0.3643343  0.14008807 0.31599098 0.
  0.0557806  0.00856028 0.06350905 1.23619705 1.02909565 0.
  0.23321228 0.24344829 0.08429094]
 [0.11464507 0.04882513 0.13847746 0.         0.07330435 0.
  0.05730949 0.         0.07598517 0.254798   0.51227428 0.09103589
  0.0736462  0.14452529 0.09619572]
 [0.05616049 0.12087936 0.08999656 0.05326609 0.         0.01233973
  0.0375939  0.         0.         0.49407197 0.41791836 0.
  0.16100439 0.3615034  0.10999189]
 [0.13898764 0.10673929 0.00445005 0.05410972 0.23212436 0.
  0.05424439 0.         0.         0.         0.03125422 0.
  0.02599952 0.13321367 0.05059473]
 [0.08690562 0.06382045 0.         0.02532874 0.00219497 0.
  0.06476521 0.         0.06327074 0.         0.11051529 0.
  0.0087717  0.16599596 0.        ]
 [0.12791968 0.11463876 0.01847724 0.11352722 0.10165635 0.
  0.07727207 0.0281235  0.         0.         0.03299475 0.
  0.07717697 0.12617616 0.        ]
 [0.02287205 0.0797782  0.         0.         0.01948299 0.
  0.04058963 0.         0.10766263 0.         0.05097122 0.03973709
  0.05150143 0.10938933 0.        ]
 [0.1079193  0.21935905 0.23091357 0.12200092 0.82909121 0.30919713
  0.22511366 0.25307124 0.37675835 0.33453322 0.38333684 0.37854555
  0.14205055 0.28782385 0.44164391]]

5
----------------------------------------------------------------------------------
[[1.35697250e-01 0.00000000e+00 0.00000000e+00 6.56947930e-02
  5.98426308e-02 0.00000000e+00 2.37137414e-01 2.56697128e-01
  1.14312737e-01 2.49565152e-01 1.79314204e-01 1.72660384e-01
  0.00000000e+00 1.20852838e-01 4.00096016e-01]
 [8.73182981e-02 0.00000000e+00 1.71672930e-01 5.65085593e-03
  0.00000000e+00 0.00000000e+00 2.99111970e-02 0.00000000e+00
  6.18210330e-02 0.00000000e+00 0.00000000e+00 0.00000000e+00
  0.00000000e+00 0.00000000e+00 1.47917470e-05]
 [1.36823122e-01 0.00000000e+00 1.03951655e-01 5.73077927e-02
  1.28661944e-01 1.04154448e-01 3.48136613e-02 0.00000000e+00
  7.61659112e-03 0.00000000e+00 0.00000000e+00 1.08452278e-01
  1.80972063e-02 5.73640788e-02 4.15057018e-02]
 [1.51483124e-01 1.43341399e-01 0.00000000e+00 7.41760995e-02
  2.33817829e-01 0.00000000e+00 4.60388263e-01 4.94048812e-01
  1.57015079e-01 4.39521927e-01 4.49885200e-01 4.39242139e-01
  0.00000000e+00 1.82374672e-01 5.65568091e-01]
 [2.35554884e-01 9.84941847e-02 0.00000000e+00 2.89521858e-02
  2.79236616e-01 0.00000000e+00 3.48022055e-01 3.41147354e-01
  2.87705770e-01 1.70629467e-01 1.82468803e-01 2.59076777e-01
  4.87721183e-02 1.81761465e-01 2.83623899e-01]
 [3.40333724e-01 9.78349047e-02 9.83755943e-02 1.00656526e-01
  2.49925348e-01 0.00000000e+00 1.37268195e-01 1.98895172e-01
  2.78431729e-01 0.00000000e+00 1.50914618e-01 2.62815694e-01
  2.14410906e-01 2.26892568e-01 7.59416029e-02]
 [2.99549520e-01 6.33964998e-02 3.43253142e-02 9.01711665e-02
  2.80785310e-01 0.00000000e+00 2.41773926e-01 2.82239571e-01
  2.96230968e-01 5.70960756e-02 1.42935938e-01 2.66155336e-01
  1.55597921e-01 1.69363203e-01 9.22631289e-02]
 [1.60467144e-01 1.74520077e-01 1.42306693e-02 1.07970452e-01
  1.19462008e-01 0.00000000e+00 4.26576205e-01 3.96554530e-01
  1.09799059e-01 4.70202221e-01 4.36090421e-01 3.81886579e-01
  0.00000000e+00 1.51694520e-01 5.69524984e-01]
 [1.82319921e-01 1.89531971e-01 1.55523041e-02 4.79539222e-02
  2.81196241e-01 0.00000000e+00 4.69015910e-01 4.63044971e-01
  2.00032605e-01 4.17354416e-01 3.33638980e-01 3.33931551e-01
  8.56556947e-02 1.87129715e-01 5.32149213e-01]
 [2.66128083e-01 1.18223102e-01 5.70597069e-02 3.90442933e-02
  2.31122095e-01 0.00000000e+00 2.26796051e-01 8.18706206e-02
  1.94274330e-01 2.61946574e-02 3.10955914e-02 2.57110607e-01
  6.91013911e-02 2.22675465e-01 9.83635045e-02]
 [4.17160642e-01 0.00000000e+00 8.82452902e-02 1.24871723e-01
  3.00387864e-01 0.00000000e+00 2.95738884e-01 3.71270240e-01
  4.35877299e-01 0.00000000e+00 2.31656888e-01 4.23756296e-01
  1.48730738e-01 2.22394934e-01 1.28733659e-01]
 [1.02305420e-01 5.03635586e-02 0.00000000e+00 3.91098695e-02
  1.15761025e-01 0.00000000e+00 2.83077118e-01 2.21105070e-01
  8.01430067e-02 2.68481780e-01 1.89597805e-01 2.24335307e-01
  0.00000000e+00 6.19782851e-02 2.86019854e-01]
 [2.49154261e-01 7.78804108e-02 1.73325428e-01 1.44010123e-01
  6.71134368e-02 0.00000000e+00 1.86836460e-01 5.12832973e-02
  2.20203838e-01 2.54822965e-02 9.15175697e-02 2.40929815e-01
  0.00000000e+00 4.72582019e-02 1.44684906e-01]
 [1.45340562e-01 8.83248942e-02 1.94038573e-02 8.45777776e-02
  1.39222690e-01 0.00000000e+00 2.61411845e-01 2.68113395e-01
  1.61079738e-01 1.42510975e-01 1.49839349e-01 1.88605651e-01
  0.00000000e+00 1.13583817e-01 2.07204785e-01]
 [1.97392893e-01 4.77926605e-03 0.00000000e+00 6.95626066e-02
  0.00000000e+00 0.00000000e+00 2.20740321e-01 8.89653793e-02
  3.65139915e-02 1.31553813e-01 4.63485550e-02 2.25269984e-01
  0.00000000e+00 1.30905565e-01 2.93402103e-01]
 [2.94482683e-01 5.37828532e-02 5.78969349e-02 1.89826039e-01
  2.64137528e-01 5.73518476e-02 2.54367018e-01 3.63884871e-01
  4.11345906e-01 1.88560688e-02 5.60325171e-02 1.64476294e-01
  1.38527242e-01 2.05830318e-01 2.29614294e-01]
 [1.08143063e-01 1.20952371e-02 0.00000000e+00 1.59891255e-02
  0.00000000e+00 0.00000000e+00 2.48548846e-01 8.23505075e-02
  0.00000000e+00 2.54698059e-01 2.50584372e-02 1.79268577e-01
  0.00000000e+00 1.51277497e-01 3.04044800e-01]
 [1.01616935e-01 6.44341301e-01 1.46961157e-01 1.28821748e-01
  5.40792220e-01 2.08462612e-01 1.71213826e-01 4.10550618e-01
  1.64224699e-01 2.49993519e-01 3.37572216e-01 1.93930595e-01
  6.75933638e-01 1.61438222e-01 1.83774023e-01]]

6
----------------------------------------------------------------------------------
[[4.70694380e-02 0.00000000e+00 9.99887061e-02 6.96001367e-02
  0.00000000e+00 9.93500692e-02 1.54201582e-01 2.72545399e-02
  0.00000000e+00 0.00000000e+00 0.00000000e+00 0.00000000e+00
  1.98619908e-01 2.83010716e-02 0.00000000e+00]
 [6.52434136e-02 0.00000000e+00 7.04476403e-02 0.00000000e+00
  0.00000000e+00 0.00000000e+00 0.00000000e+00 1.98724861e-02
  0.00000000e+00 0.00000000e+00 0.00000000e+00 6.32487676e-02
  2.18065839e-01 5.36653197e-02 0.00000000e+00]
 [1.50228688e-01 0.00000000e+00 1.35814283e-01 1.40605929e-01
  0.00000000e+00 1.06677246e-01 7.60051269e-02 4.56702124e-02
  0.00000000e+00 0.00000000e+00 0.00000000e+00 5.74565981e-02
  3.20306464e-01 1.04593531e-01 0.00000000e+00]
 [3.16169342e-02 2.66328583e-02 1.31746104e-01 2.49240865e-01
  7.94114602e-02 0.00000000e+00 1.73533614e-01 1.28622991e-01
  1.41712572e-03 0.00000000e+00 0.00000000e+00 0.00000000e+00
  3.36744930e-01 2.20716918e-02 6.00769957e-03]
 [1.46966491e-02 5.33009691e-03 3.81837086e-02 2.56858459e-02
  7.43575622e-02 1.64431991e-02 1.04770849e-01 1.56173881e-01
  0.00000000e+00 0.00000000e+00 0.00000000e+00 0.00000000e+00
  3.11922307e-01 3.93866449e-02 0.00000000e+00]
 [1.56353468e-02 5.62389837e-02 1.63428666e-01 2.51180985e-01
  0.00000000e+00 5.84820040e-02 1.15958411e-01 5.79679804e-02
  0.00000000e+00 0.00000000e+00 0.00000000e+00 0.00000000e+00
  3.62078885e-01 1.55179347e-01 1.38739324e-02]
 [3.89025579e-02 2.55045138e-02 3.43804483e-02 1.72595362e-02
  2.02354455e-02 3.77646319e-02 2.82401154e-02 1.02388965e-01
  0.00000000e+00 0.00000000e+00 0.00000000e+00 5.94500786e-03
  4.01136647e-01 9.77591396e-02 0.00000000e+00]
 [1.82575326e-01 8.44328797e-01 1.38726576e+00 3.10481199e-01
  7.15329265e-01 2.01714259e-01 1.27897384e-01 3.12971016e-01
  0.00000000e+00 2.64931643e-01 8.47696946e-01 8.25965474e-01
  2.47318138e-01 2.55316701e-01 1.75997924e-01]
 [2.34797163e-01 6.69798769e-01 1.00682493e+00 2.82326602e-01
  4.49750836e-01 6.77693914e-02 2.56309721e-01 3.29511920e-01
  0.00000000e+00 2.00358846e-01 5.91982621e-01 5.69757310e-01
  3.95602719e-01 2.10464978e-01 1.16273747e-01]
 [1.82011369e-01 2.39492595e-01 4.10011502e-01 5.86597155e-01
  7.98883725e-01 2.91045850e-01 1.27554804e-02 0.00000000e+00
  0.00000000e+00 4.58718453e-02 2.13909678e-01 3.80267249e-01
  4.89780357e-01 2.37339727e-01 0.00000000e+00]
 [7.13559714e-02 2.09697407e-01 2.64031275e-01 1.07162593e-01
  5.94332440e-01 1.40062278e-01 8.03839586e-02 5.17768713e-02
  0.00000000e+00 0.00000000e+00 0.00000000e+00 2.41800156e-01
  3.45415624e-01 2.01123357e-01 0.00000000e+00]
 [2.75592495e-01 7.93048969e-01 1.40254771e+00 6.43847706e-01
  7.82958677e-01 1.69473169e-01 1.54850003e-01 3.43561965e-01
  0.00000000e+00 9.31312317e-01 1.81240437e+00 1.74780061e+00
  6.50233606e-01 4.17238037e-01 3.08451976e-01]
 [2.00447589e-01 4.84270440e-01 6.84911128e-01 6.59204382e-01
  1.21368004e+00 3.77038785e-01 6.68846740e-02 1.59130848e-02
  0.00000000e+00 5.97671569e-01 1.01231734e+00 7.81254257e-01
  5.01896334e-01 1.93921342e-01 4.41342968e-02]
 [2.42451476e-01 6.28329917e-01 1.57046544e+00 1.67703835e+00
  2.29477908e+00 3.09893928e-01 3.21074633e-01 8.30121634e-01
  7.56793190e-01 3.75740923e+00 6.19132946e+00 4.00639026e+00
  1.27128402e+00 1.33069542e+00 7.21629064e-01]
 [2.74897843e-01 7.64181457e-01 1.91911438e+00 1.83639079e+00
  2.20382005e+00 4.19746052e-01 4.68940737e-01 6.88559208e-01
  8.81483506e-01 5.37673189e+00 6.42392607e+00 3.95193502e+00
  1.42851184e+00 1.43701685e+00 8.19020483e-01]
 [5.12848616e-01 7.73328176e-01 2.96687556e+00 4.00950108e+00
  3.62546711e+00 2.33339257e-01 1.10160009e+00 6.39197236e-01
  1.39566085e+00 7.48992661e+00 8.42385586e+00 3.96199523e+00
  1.65735355e+00 1.24492063e+00 6.17654286e-01]
 [1.91708689e-01 1.04300546e+00 2.01957689e+00 9.14308308e-01
  1.13257284e+00 4.32329451e-01 0.00000000e+00 9.48428703e-01
  1.04153660e+00 4.37879667e+00 7.52567050e+00 5.53263221e+00
  1.80376993e+00 2.21198444e+00 1.04014488e+00]
 [1.15570694e-01 2.48910698e-01 7.05954763e-02 3.43765861e-01
  2.81827887e-01 2.14138120e-01 2.10413789e-01 2.12374652e-01
  2.62668257e-01 3.84905766e-01 5.48651595e-01 2.34856535e-01
  2.12365952e-01 9.07729935e-02 2.25351474e-01]]

6
----------------------------------------------------------------------------------
[[0.2256596  0.12322902 0.08943154 0.         0.17998398 0.12373907
  0.07015623]
 [0.         0.         0.         0.         0.15734976 0.
  0.        ]
 [0.         0.         0.         0.         0.20523095 0.
  0.        ]
 [0.32197532 0.15089194 0.23476052 0.         0.27943637 0.28854319
  0.45771016]
 [0.20443025 0.09599025 0.2226515  0.         0.17304255 0.10692715
  0.31441226]
 [0.2235948  0.03707754 0.32066476 0.         0.17432845 0.24836804
  0.2387551 ]
 [0.22197761 0.04479587 0.23245474 0.         0.17648037 0.10778621
  0.22394429]
 [0.34973153 0.01077913 0.         0.         0.19854723 0.16000772
  0.21328995]
 [0.3635724  0.06289165 0.17265002 0.         0.2997836  0.26870595
  0.39420823]
 [0.17043117 0.         0.16533631 0.         0.16572893 0.01778078
  0.14023166]
 [0.24977631 0.04137892 0.24236464 0.         0.25565079 0.295032
  0.24246624]
 [0.26944784 0.00514423 0.06075746 0.         0.23961302 0.15130538
  0.23886392]
 [0.28280391 0.         0.10621327 0.         0.21709308 0.13871574
  0.06243298]
 [0.46415992 0.07409221 0.22019951 0.         0.2634992  0.02699586
  0.03898771]
 [0.46896958 0.10155526 0.0119978  0.05849364 0.24502867 0.
  0.        ]
 [0.40745684 0.         0.26231681 0.         0.21304475 0.
  0.        ]
 [0.46408287 0.32494407 0.         0.05493393 0.2902089  0.
  0.        ]
 [0.29785734 0.34294036 0.43580973 0.23707423 0.25529194 0.42953242
  1.27813001]]