

1
----------------------------------------------------------------------------------
[[6.91009603e-02 7.07968144e-02 1.55491942e-02 2.09796255e-03
  0.00000000e+00 0.00000000e+00 0.00000000e+00 1.15616243e-01
  4.23349978e-02 2.15337189e-01 8.04476587e-02 0.00000000e+00
  0.00000000e+00 0.00000000e+00 0.00000000e+00]
 [0.00000000e+00 0.00000000e+00 1.16945265e-02 4.70239239e-02
  0.00000000e+00 0.00000000e+00 0.00000000e+00 0.00000000e+00
  1.48567609e-01 0.00000000e+00 8.76203032e-02 3.85034771e-02
  0.00000000e+00 0.00000000e+00 0.00000000e+00]
 [2.72679684e-03 1.26685059e-01 8.09786191e-02 1.38464491e-02
  0.00000000e+00 0.00000000e+00 1.91985390e-01 0.00000000e+00
  9.71187729e-02 0.00000000e+00 0.00000000e+00 1.54391686e-02
  0.00000000e+00 0.00000000e+00 8.98034299e-02]
 [1.71197254e-01 4.46842286e-01 1.51205942e-01 2.52058178e-02
  0.00000000e+00 0.00000000e+00 9.58045790e-02 3.71700039e-01
  1.32903145e-01 2.19525202e-01 4.74089773e-02 1.26234956e-02
  0.00000000e+00 0.00000000e+00 9.38757915e-02]
 [3.54176112e-02 3.16745887e-01 1.33260543e-01 2.68098227e-02
  0.00000000e+00 0.00000000e+00 2.05995837e-01 2.11451090e-01
  7.60450475e-02 7.28470895e-02 0.00000000e+00 0.00000000e+00
  0.00000000e+00 0.00000000e+00 3.48038631e-02]
 [6.76665189e-02 1.53916040e-01 3.88096077e-02 0.00000000e+00
  4.30331917e-03 0.00000000e+00 3.87921471e-01 1.37707555e-01
  4.20885122e-02 2.75365487e-01 0.00000000e+00 0.00000000e+00
  0.00000000e+00 0.00000000e+00 0.00000000e+00]
 [4.60478395e-02 2.36146856e-01 1.22185604e-01 0.00000000e+00
  3.93869268e-03 0.00000000e+00 2.86372361e-01 1.69662635e-01
  8.76400107e-02 1.62808993e-01 0.00000000e+00 0.00000000e+00
  0.00000000e+00 0.00000000e+00 0.00000000e+00]
 [7.93418530e-02 2.53890629e-01 9.60974431e-02 0.00000000e+00
  0.00000000e+00 0.00000000e+00 7.80557070e-02 8.53667167e-02
  5.21003256e-02 0.00000000e+00 2.83704370e-01 9.41375184e-01
  7.86481727e-01 1.45581038e+00 1.43248236e+00]
 [1.74406523e-01 5.15363035e-01 1.79588252e-01 0.00000000e+00
  0.00000000e+00 0.00000000e+00 2.00381400e-01 2.89887489e-01
  1.31341274e-01 1.60913716e-01 2.41398238e-01 7.22960792e-01
  5.51997688e-01 6.32618914e-01 1.01885045e+00]
 [2.10026685e-03 2.88663082e-01 3.11496173e-01 2.59357309e-02
  2.45585304e-02 0.00000000e+00 3.14720795e-01 8.72528502e-02
  1.37948092e-02 5.12166356e-02 2.26646709e-01 3.62153061e-01
  9.57710341e-01 1.21046314e+00 7.51266252e-01]
 [1.21682042e-01 1.79661243e-01 5.63754823e-02 9.71812041e-03
  0.00000000e+00 0.00000000e+00 2.60039228e-01 2.05918277e-01
  3.85320157e-02 7.75560113e-02 7.62839590e-02 1.72116930e-01
  2.75866557e-01 2.95018758e-01 5.57864660e-01]
 [1.27669618e-01 3.79836258e-01 1.37569677e-01 0.00000000e+00
  0.00000000e+00 0.00000000e+00 1.50740523e-01 3.90447975e-01
  1.79263962e-01 4.79982829e-01 7.29667006e-01 1.01363240e+00
  1.07517026e+00 1.41946831e+00 1.16958923e+00]
 [5.53627975e-02 1.17972458e-01 4.36856457e-02 2.09033350e-02
  1.03416321e-02 0.00000000e+00 2.23442527e-01 1.39321002e-01
  1.71159206e-01 2.48142594e-01 3.67536958e-01 5.84387274e-01
  1.54255599e+00 1.44818818e+00 1.08901901e+00]
 [3.16185919e-02 3.72359679e-01 9.78151252e-02 7.46331603e-02
  7.65800808e-02 6.73437524e-04 1.07072787e-01 0.00000000e+00
  5.82032226e-01 8.69419526e-01 2.54077424e+00 3.28396041e+00
  5.06688559e+00 6.05462281e+00 9.16812364e+00]
 [0.00000000e+00 1.77881564e-01 4.64133123e-02 1.21956127e-01
  1.38725639e-01 6.25934484e-03 3.93240020e-03 0.00000000e+00
  8.09221160e-01 1.62603892e+00 3.11576996e+00 3.45556706e+00
  4.27333463e+00 5.30632919e+00 8.55417319e+00]
 [0.00000000e+00 2.69312128e-01 1.46528023e-01 1.66039580e-01
  1.30008052e-01 0.00000000e+00 2.88703917e-01 3.03385413e-02
  4.66440498e-02 2.88483265e+00 6.38579055e+00 7.71049390e+00
  1.07838823e+01 8.40920728e+00 5.74614255e+00]
 [1.04584675e-03 3.66499482e-01 1.14506150e-01 5.93869209e-02
  7.31685756e-02 0.00000000e+00 0.00000000e+00 0.00000000e+00
  1.40576125e+00 2.11318017e+00 3.22721532e+00 2.79234393e+00
  3.30222663e+00 3.67182993e+00 5.05721811e+00]
 [3.08683565e-01 3.90763490e-01 1.29973601e-01 1.27752298e-01
  1.80578258e-01 3.07490800e-01 3.20970539e-01 4.46411717e-01
  1.49125723e-01 4.77300323e-01 3.10705980e-01 2.32617390e-01
  3.42491032e-01 3.79872022e-01 3.42421843e-01]]

2
----------------------------------------------------------------------------------
[[1.14235870e-01 1.19977207e-01 1.63129650e-01 1.41734783e-01
  1.15614064e-02 6.55590853e-02 1.95171061e-02 8.67263900e-02
  0.00000000e+00 9.96779864e-02 4.31323548e-02 0.00000000e+00
  2.76891316e-02 0.00000000e+00 0.00000000e+00]
 [3.66660429e-02 1.38776239e-01 4.85872534e-02 3.65692238e-01
  9.62079015e-02 6.39677677e-02 2.13468002e-02 0.00000000e+00
  1.47784335e-01 7.75220407e-02 1.03239710e-01 6.62566774e-02
  0.00000000e+00 1.11726801e-02 0.00000000e+00]
 [1.28932729e-01 1.43298439e-01 7.21283386e-02 1.67470091e-01
  1.61371640e-01 2.20376999e-01 0.00000000e+00 1.27937231e-01
  8.05547950e-02 1.02845711e-01 5.97137676e-02 7.68121827e-02
  0.00000000e+00 0.00000000e+00 0.00000000e+00]
 [1.28563402e-01 2.37947468e-01 1.38572690e-01 1.57791439e-01
  0.00000000e+00 1.72200035e-01 1.35670673e-01 2.48981665e-01
  3.37185656e-02 3.82708727e-01 1.37039837e-01 0.00000000e+00
  1.53497992e-01 6.90615335e-03 3.01335128e-02]
 [1.86244976e-01 3.01301464e-01 8.43198399e-02 2.56162299e-01
  0.00000000e+00 1.89895168e-01 7.62345170e-02 1.58989182e-01
  6.17134812e-02 2.81449408e-01 7.45180007e-02 0.00000000e+00
  1.62074512e-01 0.00000000e+00 3.53526375e-02]
 [7.16792034e-02 2.67044819e-01 0.00000000e+00 2.39208418e-01
  1.12588501e-01 1.31625338e-01 2.76678253e-02 4.66924623e-02
  4.82672704e-02 1.46194842e-01 3.82766416e-02 0.00000000e+00
  8.56657881e-03 0.00000000e+00 5.37749835e-02]
 [9.41196561e-02 2.59450465e-01 8.50359437e-02 2.68012941e-01
  1.11566963e-01 1.54819144e-01 3.19340091e-02 9.18542424e-02
  5.54357026e-02 1.99399012e-01 2.29462068e-02 0.00000000e+00
  6.71151562e-02 0.00000000e+00 1.16730777e-02]
 [5.19602567e-01 8.01236340e-01 4.53064535e-01 2.20882750e-01
  4.28460470e-01 5.68475308e-01 1.02324762e-01 3.52288928e-01
  2.55596457e-02 3.63789805e-01 4.27287935e-01 0.00000000e+00
  9.33403778e-02 0.00000000e+00 8.35888376e-02]
 [3.98244279e-01 5.66194083e-01 3.88491976e-01 2.42920591e-01
  3.91963553e-01 9.48225519e-01 9.10800458e-02 2.95936211e-01
  3.64377015e-02 3.28211117e-01 3.03175436e-01 0.00000000e+00
  1.16418031e-01 0.00000000e+00 3.87723632e-01]
 [4.12702584e-01 4.18657474e-01 1.10134143e-01 3.37521083e-01
  1.69793049e-01 1.67425612e-01 1.84018581e-02 1.44549249e-01
  1.41985809e-01 1.03406312e-01 1.94876169e-01 0.00000000e+00
  1.91624516e-01 0.00000000e+00 6.87796776e-02]
 [3.82323397e-01 5.49913610e-01 7.92345912e-02 3.54397851e-01
  5.01577019e-01 6.92358785e-01 0.00000000e+00 2.50932720e-01
  0.00000000e+00 2.05010929e-01 2.74069125e-01 1.42593427e-03
  1.86127782e-01 0.00000000e+00 5.40397432e-01]
 [5.00453002e-01 6.87647992e-01 3.91510625e-01 1.86257562e-01
  3.84348155e-01 4.36804788e-01 1.21039212e-02 1.30199451e-01
  6.94756578e-02 1.62253878e-01 2.50557162e-01 0.00000000e+00
  6.20095740e-02 0.00000000e+00 1.11903372e-01]
 [7.78587499e-01 7.16417987e-01 1.47552940e-01 2.87506693e-01
  3.52361563e-01 4.05633839e-01 0.00000000e+00 7.98670607e-03
  6.50725921e-02 1.49038774e-01 2.07964559e-01 7.82441767e-02
  1.28888439e-01 0.00000000e+00 9.02568942e-02]
 [2.01471424e+00 1.37225739e+00 6.17305184e-01 2.93317874e-01
  2.58996462e-01 1.78641076e-01 8.18569919e-02 2.62665509e-01
  1.26307009e-01 2.58478595e-01 2.98365461e-01 2.59957680e-01
  9.31850625e-02 1.88631743e-02 1.77295800e-01]
 [1.88657060e+00 9.16135444e-01 3.37135209e-01 2.69925480e-01
  2.45837067e-01 5.13987021e-02 0.00000000e+00 1.23639737e-01
  1.23441929e-01 2.58571633e-01 1.96365219e-01 8.53221185e-02
  2.82527171e-02 0.00000000e+00 1.26190233e-01]
 [2.29500049e+00 9.74051646e-01 2.54690009e-01 3.97007634e-01
  1.40763920e-01 2.67741734e-01 1.68434109e-01 1.29944528e-01
  5.28852026e-02 3.92475224e-01 2.09371812e-01 6.27087738e-02
  1.49607116e-01 0.00000000e+00 8.33672676e-02]
 [3.31939387e+00 2.14138011e+00 1.01703930e+00 3.72369831e-01
  4.22336578e-01 0.00000000e+00 0.00000000e+00 2.61951738e-01
  9.86081563e-02 2.08596602e-01 3.03379941e-01 1.68873321e-01
  1.16883119e-01 1.38571159e-02 2.41341498e-01]
 [1.82135365e-01 2.38466541e-01 2.71126084e-01 1.73472655e-01
  2.02083154e-01 2.99156106e-01 4.67715908e-01 2.56474322e-01
  1.33741728e-01 2.43505325e-01 1.61575032e-01 1.61607971e-01
  3.37594369e-01 4.49924197e-01 1.49181443e-01]]

3
----------------------------------------------------------------------------------
[[2.85984733e-01 2.53859096e-02 1.27240010e-01 0.00000000e+00
  1.52301672e-01 0.00000000e+00 1.95658467e-02 0.00000000e+00
  2.43778167e-01 7.24513405e-02 0.00000000e+00 9.61491461e-02
  1.50831836e-01 6.15456579e-02 3.82507453e-02]
 [1.64501874e-02 1.26836053e-01 6.42265537e-02 0.00000000e+00
  0.00000000e+00 0.00000000e+00 0.00000000e+00 0.00000000e+00
  1.05953896e-01 6.43148751e-02 0.00000000e+00 7.13262854e-03
  1.31715723e-01 1.67694659e-01 0.00000000e+00]
 [0.00000000e+00 8.23544693e-02 8.24750609e-02 0.00000000e+00
  0.00000000e+00 2.30685513e-02 0.00000000e+00 6.99386393e-02
  6.31762543e-02 1.13525209e-01 1.01035801e-01 8.76568978e-02
  5.56862884e-02 1.18064648e-01 1.76774448e-01]
 [4.78564699e-01 3.10761535e-02 2.71872968e-01 1.11431711e-01
  2.65464604e-01 1.41920104e-02 1.10057170e-01 1.45794618e-01
  4.36867657e-01 1.64441507e-01 1.24815819e-01 8.84465689e-02
  2.39373969e-01 1.37256143e-01 3.19443859e-01]
 [3.20380220e-01 4.68657078e-02 9.64671676e-02 0.00000000e+00
  9.67585208e-02 5.70117690e-02 7.55427563e-02 1.00878766e-01
  2.33291963e-01 7.53542197e-02 9.66131522e-02 2.95284044e-02
  1.85694060e-01 1.21330595e-01 2.63595098e-01]
 [2.55570485e-01 1.25665840e-01 1.69695989e-03 0.00000000e+00
  8.96761067e-03 0.00000000e+00 6.99122553e-03 6.57853693e-02
  1.91901755e-01 8.18720663e-02 9.42663376e-02 7.39376043e-02
  5.62041000e-02 1.39377480e-01 1.18971434e-01]
 [2.82720019e-01 5.74725428e-02 8.15498440e-02 0.00000000e+00
  1.25553969e-01 0.00000000e+00 7.66910730e-02 7.00388631e-02
  2.22840269e-01 4.86136407e-02 1.29057247e-01 3.07023300e-02
  1.12273794e-01 1.63019120e-01 1.30396861e-01]
 [6.23516252e-01 8.57383237e-02 3.39509045e-01 2.45236259e-01
  4.30332314e-01 0.00000000e+00 1.61808884e-01 1.89334530e-01
  3.87724933e-01 1.08557855e-01 1.05903418e-01 1.15419427e-01
  2.45670064e-01 1.45683732e-01 3.00244556e-01]
 [6.88184438e-01 1.01612862e-01 3.39721234e-01 1.48817297e-01
  3.96920270e-01 0.00000000e+00 1.08509086e-01 1.40087363e-01
  3.82873607e-01 8.83560956e-02 1.78317129e-01 2.29210166e-02
  2.57072660e-01 1.76096760e-01 3.30254369e-01]
 [3.59244108e-01 1.13985895e-01 0.00000000e+00 0.00000000e+00
  5.87024271e-02 0.00000000e+00 2.42229376e-01 1.02192888e-01
  9.60806065e-02 3.73169070e-02 2.41882349e-01 0.00000000e+00
  1.77378286e-02 1.25790181e-01 2.40978454e-01]
 [3.98850564e-01 1.82918816e-01 2.72618052e-02 0.00000000e+00
  1.16043264e-01 3.64322858e-02 5.85277620e-02 0.00000000e+00
  1.69539252e-01 5.94736458e-02 1.36848767e-01 2.75035655e-02
  7.47173766e-02 2.71736377e-01 1.04650740e-01]
 [3.37395245e-01 4.04347699e-02 2.64419227e-01 6.09336278e-02
  1.26930433e-01 0.00000000e+00 5.74886415e-02 8.28889245e-02
  1.21973235e-01 2.42626712e-02 6.89505624e-02 0.00000000e+00
  1.76696079e-01 1.17003684e-01 1.24176852e-01]
 [3.17962020e-01 1.00161787e-01 0.00000000e+00 0.00000000e+00
  0.00000000e+00 0.00000000e+00 0.00000000e+00 0.00000000e+00
  1.25175557e-01 6.05138156e-03 0.00000000e+00 0.00000000e+00
  3.47534981e-02 1.54437667e-01 6.43217538e-02]
 [2.95510497e-01 1.25230870e-02 5.53255875e-02 1.45272456e-02
  1.13549626e-01 3.65505700e-02 1.19410908e-01 0.00000000e+00
  5.99548653e-02 1.00243988e-01 9.50769154e-02 0.00000000e+00
  1.57844013e-01 0.00000000e+00 7.25090901e-02]
 [3.06094113e-01 1.89571297e-02 7.05171533e-02 4.78362315e-02
  3.41555043e-03 5.45804396e-02 1.23046660e-01 0.00000000e+00
  2.63869671e-03 1.11314470e-01 3.13123922e-02 1.43848133e-02
  2.05400575e-01 9.10450553e-03 1.62131343e-01]
 [2.43832180e-01 1.02580248e-01 0.00000000e+00 0.00000000e+00
  0.00000000e+00 0.00000000e+00 1.29773377e-01 0.00000000e+00
  0.00000000e+00 1.08099246e-01 1.71993063e-01 4.90359950e-04
  8.92172174e-02 0.00000000e+00 2.39911082e-01]
 [3.19764787e-01 3.55269285e-02 8.48615419e-02 7.47236311e-02
  5.36227251e-02 9.25124265e-02 3.51693394e-02 0.00000000e+00
  1.12862736e-01 1.60440882e-01 8.63376956e-02 5.86085704e-03
  5.72348743e-01 1.56980745e-01 8.07555708e-02]
 [3.81016882e-01 1.06926031e-01 1.41869592e-01 3.07346633e-01
  3.36827599e-01 2.49904980e-01 3.32233558e-01 6.72335066e-01
  2.96869727e-01 9.31477468e-02 3.17382026e-01 2.55307344e-01
  1.81554510e-01 2.01071003e-01 6.59926419e-01]]

4
----------------------------------------------------------------------------------
[[0.02716746 0.01271052 0.04089249 0.28325425 0.         0.07596865
  0.09607221 0.         0.         0.04066805 0.02851964 0.09646328
  0.05445228 0.         0.        ]
 [0.06137012 0.         0.16421051 0.         0.         0.
  0.         0.01961748 0.09394459 0.         0.         0.06639636
  0.         0.         0.        ]
 [0.03552066 0.17478473 0.23105779 0.         0.         0.
  0.         0.         0.01555446 0.02229787 0.         0.13972543
  0.         0.         0.        ]
 [0.03652176 0.16325859 0.02849699 0.47113642 0.         0.08331961
  0.08321517 0.01949835 0.         0.0146326  0.21096414 0.04334519
  0.08102413 0.         0.18510507]
 [0.02136718 0.15420136 0.01703794 0.2954317  0.         0.09992487
  0.1037865  0.         0.         0.1203205  0.11202624 0.05561505
  0.06293888 0.         0.        ]
 [0.         0.27890035 0.06287062 0.07846617 0.0565389  0.07488107
  0.091892   0.         0.0167123  0.         0.         0.0091349
  0.08572727 0.0631067  0.        ]
 [0.         0.19746399 0.03330214 0.15102676 0.01914699 0.10165495
  0.09863654 0.         0.         0.10928233 0.         0.0344501
  0.08101824 0.01086949 0.        ]
 [0.15090257 0.29522368 0.         0.42834869 0.         0.1355075
  0.13485944 0.         0.01794783 0.01828931 0.12513237 0.30014308
  0.18399307 0.         0.32055604]
 [0.12552657 0.31387358 0.         0.43994188 0.         0.12748049
  0.09122558 0.         0.0218734  0.07312232 0.0589752  0.4913474
  0.24493295 0.         0.22750732]
 [0.         0.3499479  0.01162596 0.06543835 0.10474899 0.02122587
  0.26305646 0.         0.         0.         0.         0.05124977
  0.03695928 0.00725765 0.0458412 ]
 [0.         0.12277309 0.         0.25670108 0.00450999 0.
  0.01945547 0.         0.         0.03124778 0.00051761 0.26567636
  0.11104555 0.0784424  0.06924322]
 [0.09775033 0.06795509 0.03497213 0.21445876 0.         0.0710437
  0.00886529 0.         0.00152838 0.         0.0101918  0.14603703
  0.10755798 0.         0.04545584]
 [0.00291733 0.01755425 0.00422313 0.0416728  0.00612776 0.
  0.03427783 0.         0.04551833 0.         0.         0.18300779
  0.         0.         0.        ]
 [0.0111989  0.09384633 0.         0.23964793 0.         0.
  0.06867051 0.         0.02365918 0.02063264 0.         0.02709116
  0.14289825 0.03272061 0.        ]
 [0.01389657 0.22963473 0.         0.28718104 0.01237044 0.03658157
  0.04494125 0.05469228 0.0623882  0.00389808 0.         0.05364124
  0.03533191 0.10044752 0.04701413]
 [0.         0.34329155 0.01364923 0.09233935 0.23130857 0.01846745
  0.04797053 0.03553141 0.09480013 0.         0.         0.16640698
  0.         0.09817596 0.0143403 ]
 [0.01519878 0.         0.01617313 0.26847476 0.         0.02051627
  0.         0.         0.03371618 0.         0.         0.05322445
  0.20248682 0.         0.05609489]
 [0.18688842 0.41894263 0.14013593 0.27110305 0.302373   0.39093766
  0.47067598 0.27287007 0.11344741 0.21248078 0.4627337  0.13184614
  0.21358309 0.19109446 0.45166929]]

5
----------------------------------------------------------------------------------
[[0.00000000e+00 8.76447432e-02 1.79538101e-01 1.81442457e-02
  4.19455519e-02 0.00000000e+00 0.00000000e+00 0.00000000e+00
  0.00000000e+00 0.00000000e+00 0.00000000e+00 0.00000000e+00
  0.00000000e+00 0.00000000e+00 0.00000000e+00]
 [0.00000000e+00 0.00000000e+00 0.00000000e+00 0.00000000e+00
  0.00000000e+00 0.00000000e+00 8.42648121e-03 0.00000000e+00
  0.00000000e+00 0.00000000e+00 0.00000000e+00 0.00000000e+00
  0.00000000e+00 0.00000000e+00 0.00000000e+00]
 [0.00000000e+00 0.00000000e+00 0.00000000e+00 9.84308675e-02
  0.00000000e+00 0.00000000e+00 2.47637788e-02 0.00000000e+00
  0.00000000e+00 0.00000000e+00 0.00000000e+00 0.00000000e+00
  0.00000000e+00 0.00000000e+00 0.00000000e+00]
 [5.49399773e-02 1.51613256e-01 1.51957442e-01 0.00000000e+00
  3.40511805e-01 1.67474998e-01 9.95574688e-03 0.00000000e+00
  0.00000000e+00 1.54140154e-01 0.00000000e+00 1.54644623e-02
  0.00000000e+00 0.00000000e+00 0.00000000e+00]
 [0.00000000e+00 7.59446185e-03 8.86341773e-02 0.00000000e+00
  2.20176301e-01 0.00000000e+00 0.00000000e+00 0.00000000e+00
  0.00000000e+00 0.00000000e+00 0.00000000e+00 3.82305230e-02
  0.00000000e+00 0.00000000e+00 0.00000000e+00]
 [0.00000000e+00 0.00000000e+00 5.02837543e-02 6.61621381e-02
  0.00000000e+00 0.00000000e+00 2.51576550e-02 0.00000000e+00
  0.00000000e+00 0.00000000e+00 0.00000000e+00 0.00000000e+00
  0.00000000e+00 0.00000000e+00 0.00000000e+00]
 [0.00000000e+00 0.00000000e+00 5.56341330e-02 0.00000000e+00
  2.03684701e-02 0.00000000e+00 0.00000000e+00 0.00000000e+00
  0.00000000e+00 0.00000000e+00 0.00000000e+00 0.00000000e+00
  0.00000000e+00 0.00000000e+00 0.00000000e+00]
 [1.03738688e-01 1.44990381e-01 2.13296167e-01 8.03206356e-02
  4.45110540e-01 3.89555010e-01 4.54529138e-02 1.45936002e-01
  1.29263964e+00 1.28476299e+00 1.12824625e+00 5.93033361e-01
  0.00000000e+00 3.58729185e-01 0.00000000e+00]
 [1.10014887e-01 1.45654375e-01 2.45132513e-01 3.22960566e-02
  3.59711542e-01 3.94165816e-01 5.48357039e-02 1.34183741e-01
  8.22072439e-01 9.88163437e-01 1.08157426e+00 5.29037042e-01
  0.00000000e+00 1.67890036e-01 0.00000000e+00]
 [0.00000000e+00 6.18330755e-03 8.02738648e-02 7.27588426e-02
  0.00000000e+00 2.92275050e-02 1.56349857e-01 3.15875862e-01
  6.24158527e-02 3.48340633e-01 9.92133060e-01 4.25291688e-02
  0.00000000e+00 0.00000000e+00 0.00000000e+00]
 [1.97967019e-02 1.13587970e-01 3.98332493e-01 1.59324883e-01
  0.00000000e+00 1.59565374e-01 3.77187117e-02 1.50307147e-01
  1.86771723e-01 2.11802688e-01 4.95810236e-01 0.00000000e+00
  0.00000000e+00 0.00000000e+00 0.00000000e+00]
 [4.99479166e-02 6.72037882e-02 1.10218501e-01 6.59816697e-02
  1.00033829e-01 1.04265989e-01 1.24689721e-01 2.09578428e-01
  1.26396394e+00 3.59259138e+00 4.14047710e+00 1.45783354e+00
  5.91956294e-02 3.58050891e-01 0.00000000e+00]
 [7.96899318e-02 2.35311879e-02 3.58398145e-01 9.96392857e-02
  0.00000000e+00 5.28132784e-02 2.36610330e-01 1.26049775e+00
  1.93264985e+00 2.28776373e+00 1.54101099e+00 2.55146954e-01
  0.00000000e+00 0.00000000e+00 3.27783214e-02]
 [0.00000000e+00 6.58145675e-02 2.78335666e-01 4.24384832e-02
  3.04214084e-01 1.04186924e-01 2.31568141e-01 2.03970619e+00
  7.54707182e+00 1.07631145e+01 8.08322531e+00 4.01875621e+00
  2.09939721e+00 1.05434353e+00 2.08305572e-01]
 [9.68775392e-02 1.43415109e-01 2.23833785e-01 4.85539512e-01
  3.31989551e-01 2.22233691e-01 1.98421921e-01 1.50438519e+00
  5.57086992e+00 8.84986804e+00 7.33624212e+00 6.01175195e+00
  1.79590808e+00 9.27579760e-01 2.89340487e-01]
 [1.78394912e-01 2.49598046e-01 8.18601950e-01 2.29765314e-01
  0.00000000e+00 4.86459885e-01 3.74638302e-01 3.46254982e+00
  1.45640236e+01 1.22206144e+01 3.72166217e+00 1.06397974e+00
  1.90548357e-01 2.46792697e-01 5.00105533e-01]
 [1.86009038e-01 2.07851487e-01 2.04821675e-01 7.69400506e-01
  1.05522738e+00 2.80847584e-01 2.64337743e-01 1.62222452e-01
  2.28105359e+00 8.95633988e+00 8.93365434e+00 4.71850443e+00
  2.55624571e+00 2.45345610e+00 1.05724920e+00]
 [2.32368896e-01 2.59833601e-01 3.84623605e-01 3.76662078e-01
  5.80340718e-01 3.50280525e-01 1.87402152e-01 5.85991499e-01
  7.75548922e-01 5.32695161e-01 4.59006339e-01 4.01291876e-01
  5.97090312e-01 5.43313841e-01 2.73345339e-01]]

6
----------------------------------------------------------------------------------
[[0.09551995 0.00150558 0.10035686 0.00701245 0.21084823 0.13094787
  0.         0.27375538 0.22189324 0.         0.         0.01562854
  0.16309132 0.25103671 0.01488472]
 [0.06686433 0.00788526 0.13263911 0.07850063 0.0503013  0.
  0.         0.         0.         0.         0.         0.03997118
  0.         0.         0.        ]
 [0.09220596 0.08136887 0.         0.         0.04005645 0.
  0.1046247  0.07249297 0.         0.11380708 0.09735884 0.17759901
  0.         0.10484787 0.24467098]
 [0.13667674 0.1233922  0.17388103 0.02909514 0.33890136 0.36557494
  0.01272395 0.56349601 0.40546161 0.         0.         0.11812083
  0.42580629 0.55308727 0.322795  ]
 [0.15355757 0.21565202 0.07847931 0.03046269 0.17454943 0.26589859
  0.01890085 0.26922896 0.32118393 0.         0.03668023 0.10071621
  0.27248274 0.30707192 0.23927035]
 [0.10580852 0.10046014 0.         0.0396485  0.1308328  0.22567754
  0.13122519 0.21980026 0.24376861 0.         0.04768644 0.17734702
  0.1283277  0.17721308 0.43524284]
 [0.10386682 0.15947274 0.02128611 0.0236037  0.09630542 0.27139776
  0.11458555 0.1864017  0.30468419 0.         0.06014814 0.17791838
  0.15995185 0.27256101 0.29824462]
 [0.30613756 0.08553713 0.05718423 0.         0.14321102 0.29737937
  0.10989854 0.37528176 0.23835264 0.         0.         0.0487164
  0.24537742 0.46125605 0.12996737]
 [0.28625688 0.1934908  0.10217129 0.         0.2000256  0.43911506
  0.07637571 0.55887875 0.51874762 0.         0.         0.12421685
  0.32433693 0.54482444 0.30500093]
 [0.14567014 0.14714341 0.00784528 0.0693301  0.12717148 0.
  0.02378184 0.04777511 0.06976547 0.01875983 0.         0.16160461
  0.17545031 0.28162064 0.18241693]
 [0.24203829 0.1088581  0.         0.         0.09102875 0.29236353
  0.07882711 0.344955   0.49061329 0.         0.08316944 0.1645992
  0.14295026 0.24947967 0.47219911]
 [0.31353802 0.21307593 0.10946393 0.         0.12020667 0.31932982
  0.04349169 0.39874801 0.32377583 0.         0.00388768 0.08258223
  0.2959254  0.43713451 0.13143814]
 [0.35847644 0.11055462 0.         0.00773596 0.06759646 0.16780903
  0.11626538 0.23951829 0.20794135 0.         0.05848807 0.129936
  0.11423049 0.14180147 0.28640333]
 [0.6345217  0.24609939 0.18612148 0.14042851 0.03635841 0.38987371
  0.12960494 0.26804087 0.21587356 0.         0.07288528 0.14862053
  0.15707071 0.29797282 0.05334312]
 [0.26048934 0.06470559 0.484888   0.4662685  0.28407808 0.23217096
  0.         0.42084813 0.13103909 0.00811486 0.06801397 0.07320238
  0.09228291 0.14587018 0.03605064]
 [0.34783501 0.18340987 0.1107739  0.10274597 0.21965104 0.07233046
  0.0972456  0.24025009 0.04037687 0.         0.02228257 0.26624608
  0.20808661 0.27033741 0.        ]
 [0.52237585 0.09957097 0.2700274  0.25936945 0.13197619 0.43180304
  0.         0.50433164 0.29812148 0.         0.13987938 0.05121926
  0.10128112 0.36679856 0.        ]
 [0.16889122 0.24495675 0.18404354 0.2086517  0.29762053 0.2412139
  0.31849526 0.23441743 0.33143637 0.26485559 0.16267624 0.1497068
  0.31486934 0.19848572 0.42914175]]

6
----------------------------------------------------------------------------------
[[0.00000000e+000]
 [0.00000000e+000]
 [0.00000000e+000]
 [0.00000000e+000]
 [0.00000000e+000]
 [0.00000000e+000]
 [0.00000000e+000]
 [0.00000000e+000]
 [0.00000000e+000]
 [0.00000000e+000]
 [0.00000000e+000]
 [0.00000000e+000]
 [0.00000000e+000]
 [0.00000000e+000]
 [0.00000000e+000]
 [0.00000000e+000]
 [0.00000000e+000]
 [6.94129765e-310]]