

1
----------------------------------------------------------------------------------
[[0.24021921 0.         0.10914167 0.         0.14240187 0.32694373
  0.16118721 0.         0.         0.1070615  0.208452   0.14850404
  0.05587095 0.03460578 0.18096041]
 [0.         0.00313356 0.03050414 0.01660982 0.02539875 0.13903484
  0.         0.         0.         0.         0.11012832 0.
  0.04752092 0.         0.09115498]
 [0.1621121  0.05404877 0.12581471 0.05115036 0.18686935 0.13733605
  0.0496323  0.02611039 0.         0.         0.13026821 0.00802371
  0.13316492 0.         0.12179409]
 [0.03386505 0.         0.05617427 0.         0.24465961 0.19087642
  0.08414285 0.         0.09434396 0.28566992 0.11434037 0.07236083
  0.05126451 0.14672882 0.16869971]
 [0.         0.         0.01827874 0.         0.0526891  0.10699499
  0.         0.         0.         0.0259141  0.04799964 0.04266492
  0.05686045 0.04147115 0.08568215]
 [0.12258257 0.         0.22461839 0.         0.27050868 0.00472527
  0.         0.14882303 0.         0.         0.10286111 0.02596803
  0.13354312 0.09314615 0.07323593]
 [0.0373271  0.00362432 0.12399709 0.00228999 0.10130041 0.08781924
  0.         0.08816802 0.         0.         0.13591304 0.03426914
  0.1338997  0.16435691 0.06670114]
 [0.19000382 0.         0.         0.         0.15580386 0.21598518
  0.0893751  0.00687696 0.27027655 0.19958053 0.12667745 0.04097478
  0.         0.13138372 0.15698085]
 [0.17861847 0.         0.0159631  0.         0.22169224 0.11200698
  0.10437204 0.13205366 0.45566227 0.22938656 0.10906535 0.05416787
  0.01045933 0.19005724 0.13519085]
 [0.27615976 0.         0.         0.17827819 0.11873785 0.02334713
  0.         0.19004535 0.         0.         0.29971472 0.02860881
  0.15950658 0.         0.11433332]
 [0.1818154  0.         0.07198097 0.         0.26805975 0.
  0.         0.39549458 0.1213815  0.         0.         0.11941154
  0.19394291 0.11568666 0.06767056]
 [0.15728926 0.         0.         0.         0.10126203 0.09243097
  0.05376284 0.         0.16394538 0.12664061 0.12702238 0.
  0.         0.09966867 0.10101553]
 [0.19126269 0.         0.07553865 0.06078961 0.09862485 0.01636058
  0.         0.00919348 0.         0.         0.07011892 0.0144193
  0.15286429 0.03247119 0.08776022]
 [0.14412243 0.         0.         0.         0.1457597  0.
  0.08417023 0.         0.         0.00412008 0.06731338 0.07020623
  0.09105358 0.09434098 0.04353189]
 [0.20588014 0.         0.         0.         0.         0.
  0.06508108 0.         0.03524255 0.0024177  0.18749435 0.
  0.08592201 0.04557553 0.13160273]
 [0.17289906 0.         0.         0.01337953 0.14912589 0.
  0.05783581 0.16081196 0.         0.         0.11305382 0.03947518
  0.13822414 0.09758534 0.06656969]
 [0.15560357 0.         0.02281742 0.         0.09748877 0.
  0.08705343 0.         0.10156344 0.15287107 0.19798772 0.03389194
  0.         0.12139319 0.09396615]
 [0.28373254 0.30542177 0.40898432 0.43634088 0.45454758 0.29203025
  0.17779656 0.62795575 0.49673742 0.40002604 0.11126859 0.2360965
  0.19615902 0.29115053 0.07033644]]

2
----------------------------------------------------------------------------------
[[5.35022391e-02 6.89127788e-02 1.39622803e-01 7.50157514e-02
  6.67647717e-02 0.00000000e+00 0.00000000e+00 1.36731068e-01
  5.53006599e-02 5.89324500e-02 0.00000000e+00 0.00000000e+00
  5.32694041e-02 2.36185601e-01 0.00000000e+00]
 [3.41181523e-02 1.47908846e-02 0.00000000e+00 0.00000000e+00
  2.64580904e-02 0.00000000e+00 1.34890705e-02 4.70121890e-03
  0.00000000e+00 0.00000000e+00 0.00000000e+00 0.00000000e+00
  0.00000000e+00 1.78454754e-01 0.00000000e+00]
 [7.06511259e-02 1.73918502e-02 0.00000000e+00 5.38086164e-03
  9.70460695e-02 0.00000000e+00 5.00742541e-02 0.00000000e+00
  2.68252379e-02 6.12687205e-02 6.32644751e-02 0.00000000e+00
  1.12952477e-02 7.06638387e-02 0.00000000e+00]
 [0.00000000e+00 2.19859664e-01 2.50975219e-01 1.78141059e-01
  3.98463375e-02 0.00000000e+00 1.39204928e-03 1.60996597e-01
  8.13903824e-02 1.86001701e-01 0.00000000e+00 0.00000000e+00
  8.35645412e-02 4.58930811e-01 0.00000000e+00]
 [0.00000000e+00 8.09561486e-02 9.95134591e-02 1.47579616e-01
  1.07851323e-02 0.00000000e+00 2.36039616e-02 1.34948464e-01
  1.21498721e-01 7.20083993e-02 0.00000000e+00 0.00000000e+00
  2.25343405e-02 3.68891368e-01 0.00000000e+00]
 [7.14986984e-02 7.57817549e-02 6.93318209e-03 0.00000000e+00
  7.42932412e-02 3.64363878e-02 8.43927801e-02 0.00000000e+00
  2.40414884e-03 1.49703027e-01 2.75657634e-02 0.00000000e+00
  0.00000000e+00 1.68010105e-01 0.00000000e+00]
 [1.06030252e-02 2.46982020e-02 0.00000000e+00 6.62117108e-02
  3.89682289e-02 0.00000000e+00 1.54558378e-02 0.00000000e+00
  8.59740822e-02 1.01464857e-01 0.00000000e+00 0.00000000e+00
  0.00000000e+00 2.16486451e-01 0.00000000e+00]
 [0.00000000e+00 2.03728345e-01 1.56755871e-01 6.70444247e-02
  1.01383358e-01 4.93454030e-02 7.89264272e-02 1.42312587e-01
  2.79675458e-01 4.08744821e-01 5.06947983e-01 8.28635158e-01
  8.37553629e-01 8.25773722e-01 6.29399147e-01]
 [0.00000000e+00 1.17422243e-01 1.44084941e-01 1.10932011e-01
  1.68109025e-01 1.31764337e-01 3.80558664e-01 2.02033791e-01
  2.92111196e-01 3.58340287e-01 2.49194397e-01 3.95515637e-01
  3.98642336e-01 6.37244735e-01 6.80796995e-01]
 [4.30229262e-02 0.00000000e+00 0.00000000e+00 4.82140697e-02
  1.02217633e-01 5.51252115e-02 3.57754970e-02 0.00000000e+00
  1.94932047e-01 2.88425380e-01 5.14868970e-01 2.26673560e-01
  2.06470241e-01 4.36578688e-01 2.08721875e-01]
 [0.00000000e+00 4.49788409e-02 0.00000000e+00 7.55017219e-02
  1.36274803e-01 1.77541295e-01 2.13493709e-01 2.78384650e-02
  2.58440515e-01 6.73239185e-02 1.14100478e-01 1.06434425e-01
  6.87426834e-02 4.13509941e-01 4.89766105e-01]
 [0.00000000e+00 1.14156616e-01 1.05175087e-01 1.56886679e-01
  3.81489501e-01 2.95620655e-01 5.17510592e-01 4.61561597e-01
  7.12561327e-01 1.05324344e+00 1.02623201e+00 1.24520976e+00
  8.68126822e-01 7.91467103e-01 6.46821047e-01]
 [3.67845322e-02 0.00000000e+00 2.38914848e-02 4.31149137e-01
  4.45572489e-01 5.26237779e-01 4.77495045e-01 3.54705753e-01
  8.87676153e-01 6.41271612e-01 7.95690702e-01 3.38762906e-01
  3.64231026e-01 6.32428570e-01 4.88692972e-01]
 [0.00000000e+00 1.09885045e-01 8.82820201e-02 2.18097789e-01
  6.78884751e-01 4.04731989e-01 1.94691309e-01 1.66088060e-01
  1.77704797e+00 3.13088303e+00 3.79748016e+00 3.61772634e+00
  2.57420592e+00 2.10916133e+00 1.33224742e+00]
 [3.04452753e-02 8.46472734e-03 0.00000000e+00 3.09195591e-01
  1.09019656e+00 7.01396365e-01 4.07461711e-01 6.02740619e-01
  2.69390550e+00 4.00783952e+00 4.26754528e+00 3.78034292e+00
  2.79387618e+00 2.27639110e+00 1.54679816e+00]
 [5.90693584e-02 1.05297831e-02 3.79253494e-02 1.01834047e+00
  1.46375270e+00 7.38062261e-01 3.93881374e-01 6.13793282e-01
  6.51535956e+00 8.89428354e+00 6.98222535e+00 4.76528488e+00
  3.35818935e+00 2.89832233e+00 1.76158517e+00]
 [1.19343895e-02 1.36100240e-01 6.17575597e-02 3.76442470e-01
  1.05077456e+00 8.36619866e-01 5.21265333e-01 5.52887459e-01
  1.92430176e+00 4.08770786e+00 4.73092592e+00 6.01899291e+00
  3.54180803e+00 2.65040953e+00 1.54259730e+00]
 [1.32730467e-01 3.86955831e-01 1.88226574e-01 2.02575079e-01
  1.01825595e-01 3.34347904e-01 2.69772056e-01 1.97245780e-01
  2.06724707e-01 3.03146482e-01 4.29228033e-01 7.42371281e-01
  5.29226852e-01 2.74585905e-01 2.53148820e-01]]

3
----------------------------------------------------------------------------------
[[2.24092020e-02 1.12116004e-01 0.00000000e+00 0.00000000e+00
  2.07342890e-01 7.49724800e-02 1.32725212e-01 0.00000000e+00
  2.51574277e-01 0.00000000e+00 2.90862529e-02 6.97143809e-02
  1.37151586e-01 3.05156289e-01 0.00000000e+00]
 [0.00000000e+00 0.00000000e+00 0.00000000e+00 1.05042581e-01
  1.35589729e-01 1.20276357e-01 1.07603109e-01 0.00000000e+00
  2.10473906e-01 0.00000000e+00 0.00000000e+00 8.68066474e-04
  0.00000000e+00 9.94256841e-02 2.34105040e-02]
 [0.00000000e+00 8.95621050e-02 0.00000000e+00 0.00000000e+00
  1.56736343e-01 1.83467585e-01 2.07115535e-01 0.00000000e+00
  1.84072960e-01 0.00000000e+00 0.00000000e+00 4.91169201e-02
  0.00000000e+00 1.40236081e-01 0.00000000e+00]
 [2.39835553e-02 4.50355611e-02 0.00000000e+00 1.95448371e-02
  3.34222876e-01 9.41642396e-02 1.51934290e-01 0.00000000e+00
  2.73157576e-01 0.00000000e+00 1.25960821e-01 8.45345878e-02
  1.53305237e-01 3.40426059e-01 0.00000000e+00]
 [0.00000000e+00 0.00000000e+00 0.00000000e+00 8.81367450e-02
  1.67991153e-01 3.67756121e-02 1.04559421e-01 0.00000000e+00
  1.88362438e-01 0.00000000e+00 0.00000000e+00 0.00000000e+00
  0.00000000e+00 1.66015866e-01 0.00000000e+00]
 [0.00000000e+00 1.42589501e-01 5.99139080e-03 6.09190327e-02
  2.09376809e-01 9.06360001e-02 1.98476077e-01 0.00000000e+00
  2.19428566e-01 0.00000000e+00 1.30725355e-01 1.08283957e-01
  0.00000000e+00 8.89256504e-02 0.00000000e+00]
 [0.00000000e+00 0.00000000e+00 2.90246719e-02 3.38981585e-02
  1.07169994e-01 9.89750084e-02 9.72828237e-02 0.00000000e+00
  1.65630520e-01 0.00000000e+00 0.00000000e+00 2.27560348e-02
  0.00000000e+00 2.94076602e-02 0.00000000e+00]
 [3.44804546e-01 2.17627268e-01 2.15074176e-01 1.54480756e-01
  1.01256675e-01 1.94203016e-01 8.46259923e-02 1.27081355e-01
  2.89002750e-01 2.92037560e-02 1.77880061e-01 0.00000000e+00
  2.00980007e-01 3.90961168e-01 2.19634254e-02]
 [1.68972775e-01 7.71598116e-02 0.00000000e+00 1.78156505e-01
  1.09055690e-01 1.94878863e-01 2.87815506e-01 1.54910863e-01
  3.01849194e-01 0.00000000e+00 1.11418654e-01 3.46373392e-02
  9.31502087e-02 2.35331791e-01 0.00000000e+00]
 [7.78394437e-02 5.71397790e-02 1.23616749e-01 6.72642994e-02
  4.51381280e-02 5.57957406e-02 1.36658974e-02 0.00000000e+00
  1.86582570e-01 0.00000000e+00 4.38606248e-02 4.99350308e-02
  2.68157692e-02 1.77077442e-02 0.00000000e+00]
 [1.37251794e-01 0.00000000e+00 3.67596043e-03 2.19801053e-02
  1.71107450e-01 3.35378045e-01 2.00147353e-01 7.90149077e-02
  3.35960457e-01 0.00000000e+00 1.36258336e-01 1.18201841e-01
  0.00000000e+00 4.13654522e-02 0.00000000e+00]
 [7.40792810e-01 6.65324084e-01 2.64901428e-01 5.16731649e-01
  0.00000000e+00 2.58361207e-01 1.30256212e-02 1.20916366e-01
  1.82433350e-01 0.00000000e+00 1.31288203e-01 0.00000000e+00
  2.18214993e-02 3.28269293e-02 0.00000000e+00]
 [4.11560258e-01 1.13372040e-01 4.39864279e-01 1.73039920e-01
  1.09501709e-02 2.91013972e-01 1.69921129e-01 5.36305041e-02
  2.38186573e-01 0.00000000e+00 1.19706393e-01 0.00000000e+00
  0.00000000e+00 0.00000000e+00 1.35869513e-02]
 [1.15805824e+00 7.89037250e-01 7.74832324e-01 5.82405729e-01
  2.04963001e-01 5.91101363e-01 0.00000000e+00 6.42572686e-02
  1.58481670e-01 6.83006923e-02 1.43447458e-01 5.38461332e-03
  9.66700184e-02 0.00000000e+00 1.06159764e-01]
 [1.19787460e+00 9.61607377e-01 8.11093596e-01 5.24880933e-01
  2.78894214e-01 4.85146690e-01 0.00000000e+00 0.00000000e+00
  1.08407755e-01 0.00000000e+00 1.20969030e-01 2.18537473e-02
  1.92464416e-02 0.00000000e+00 7.48345353e-02]
 [1.57071154e+00 8.91473784e-01 9.65096258e-01 8.34781620e-01
  2.31974365e-01 6.01435043e-01 0.00000000e+00 0.00000000e+00
  2.36806755e-01 0.00000000e+00 1.64236310e-01 2.12866738e-01
  0.00000000e+00 0.00000000e+00 6.42116455e-03]
 [1.35395338e+00 1.41972462e+00 1.03628931e+00 4.18521095e-01
  4.87089875e-01 5.88481268e-01 0.00000000e+00 7.39050016e-02
  5.28195930e-02 0.00000000e+00 0.00000000e+00 0.00000000e+00
  9.61594700e-02 6.52327152e-02 9.82164351e-02]
 [2.79371107e-01 1.71417819e-01 2.23419704e-01 5.49330651e-01
  2.07234088e-01 1.79621701e-01 3.86939320e-01 2.60695497e-01
  2.46903512e-01 4.58245819e-01 4.16449913e-01 2.48874229e-01
  3.12573149e-01 1.92632705e-01 4.69715089e-01]]

4
----------------------------------------------------------------------------------
[[0.00000000e+00 2.66864209e-02 0.00000000e+00 1.96185306e-01
  6.49108723e-03 0.00000000e+00 9.69622297e-03 3.09252227e-02
  0.00000000e+00 5.09138698e-02 0.00000000e+00 2.63649007e-02
  1.39419346e-01 9.54646462e-02 1.95606771e-02]
 [0.00000000e+00 0.00000000e+00 0.00000000e+00 1.41904613e-01
  0.00000000e+00 0.00000000e+00 0.00000000e+00 2.12063743e-02
  8.28827963e-03 0.00000000e+00 0.00000000e+00 0.00000000e+00
  0.00000000e+00 4.19416211e-02 0.00000000e+00]
 [4.13531090e-02 7.76123073e-05 4.76433463e-03 1.84196589e-01
  7.39285858e-02 0.00000000e+00 7.61225881e-02 5.77306254e-02
  1.11283368e-01 2.50386209e-03 1.27963301e-01 5.53807621e-03
  0.00000000e+00 8.32739967e-03 0.00000000e+00]
 [0.00000000e+00 1.58801295e-01 0.00000000e+00 1.68923555e-01
  3.83229395e-02 0.00000000e+00 6.77819213e-02 6.46571658e-02
  9.32647302e-02 1.37793955e-01 0.00000000e+00 1.19846487e-01
  2.42965040e-01 2.45453858e-02 0.00000000e+00]
 [0.00000000e+00 2.60470050e-02 0.00000000e+00 8.95882141e-02
  0.00000000e+00 0.00000000e+00 1.32044460e-01 6.78934582e-02
  1.04387785e-01 3.88553188e-02 0.00000000e+00 1.12093802e-02
  3.88883216e-02 2.05210236e-02 0.00000000e+00]
 [1.32595674e-01 0.00000000e+00 3.56444456e-02 2.10502113e-01
  1.10510744e-01 0.00000000e+00 1.16618130e-01 1.06617670e-01
  7.46508185e-02 1.30364057e-01 1.68161437e-01 0.00000000e+00
  0.00000000e+00 0.00000000e+00 0.00000000e+00]
 [9.16979642e-04 4.33999360e-02 0.00000000e+00 1.30928153e-01
  1.94628628e-02 0.00000000e+00 0.00000000e+00 3.73543340e-02
  5.02977137e-02 8.73754087e-02 8.34612415e-02 0.00000000e+00
  4.50366958e-02 2.76392977e-02 0.00000000e+00]
 [0.00000000e+00 1.62946693e-01 2.32786619e-02 1.37984826e-01
  4.35075882e-02 0.00000000e+00 3.36207212e-01 4.71123687e-02
  0.00000000e+00 1.63068049e-01 0.00000000e+00 2.75137253e-02
  3.84321142e-01 1.14615936e-01 0.00000000e+00]
 [2.54183317e-02 4.73093993e-02 0.00000000e+00 1.07086591e-01
  0.00000000e+00 5.68621744e-02 1.12015256e+00 1.22245689e-01
  8.02156006e-03 2.55221656e-01 0.00000000e+00 0.00000000e+00
  2.40397657e-01 1.66442334e-01 2.56154604e-02]
 [2.15676991e-01 1.86773644e-02 0.00000000e+00 2.11580738e-01
  8.53794692e-02 0.00000000e+00 7.85198887e-02 6.88510677e-02
  5.25900419e-02 1.31219754e-01 1.27697134e-01 0.00000000e+00
  0.00000000e+00 3.11094404e-02 0.00000000e+00]
 [3.83008113e-01 4.99479345e-02 0.00000000e+00 9.02751506e-02
  1.49482239e-01 5.13395681e-01 1.10813315e+00 1.86646851e-01
  3.32371828e-02 2.74463048e-01 3.27360854e-02 0.00000000e+00
  0.00000000e+00 1.41709704e-01 0.00000000e+00]
 [0.00000000e+00 0.00000000e+00 0.00000000e+00 2.20290904e-02
  0.00000000e+00 0.00000000e+00 1.10692587e-01 4.75775929e-02
  9.05942223e-02 8.58305720e-02 0.00000000e+00 0.00000000e+00
  8.94136398e-02 9.20149708e-02 0.00000000e+00]
 [1.02032571e-01 3.08909413e-02 0.00000000e+00 3.40113800e-02
  0.00000000e+00 0.00000000e+00 2.65167073e-01 5.46874662e-02
  5.73374024e-02 2.32605253e-01 0.00000000e+00 0.00000000e+00
  0.00000000e+00 1.02296232e-01 0.00000000e+00]
 [7.31266365e-02 6.29779395e-02 1.18687650e-01 2.95926262e-02
  5.76227346e-02 0.00000000e+00 9.60820350e-02 3.26491030e-02
  7.39966914e-02 2.73730339e-01 0.00000000e+00 0.00000000e+00
  7.69175499e-02 8.25522259e-02 0.00000000e+00]
 [7.37443760e-03 0.00000000e+00 3.28034554e-02 9.69527768e-03
  0.00000000e+00 0.00000000e+00 1.01209012e-01 5.28008463e-02
  8.12511753e-02 2.10402539e-01 0.00000000e+00 0.00000000e+00
  1.19613377e-02 3.88821084e-02 0.00000000e+00]
 [1.68279380e-01 0.00000000e+00 0.00000000e+00 8.06817436e-02
  4.41965523e-02 0.00000000e+00 9.09850589e-03 1.00349548e-01
  5.10177028e-02 2.54588891e-01 1.11542439e-01 0.00000000e+00
  0.00000000e+00 4.23256283e-02 0.00000000e+00]
 [0.00000000e+00 5.45083453e-03 4.63276909e-02 0.00000000e+00
  0.00000000e+00 0.00000000e+00 4.18603035e-02 1.14079164e-01
  1.17529680e-01 1.89453778e-01 6.60513126e-02 0.00000000e+00
  1.31384951e-01 6.03414646e-02 0.00000000e+00]
 [2.56358456e-01 4.05237725e-01 2.59612401e-01 1.51358318e-01
  3.98675523e-01 4.34791748e-01 1.48103447e-01 7.57013403e-02
  7.51260191e-02 2.91293610e-01 3.34059080e-01 4.52337001e-01
  3.31254116e-01 8.45500610e-02 4.60732268e-01]]

5
----------------------------------------------------------------------------------
[[0.00000000e+00 1.26487855e-01 1.23723840e-01 0.00000000e+00
  0.00000000e+00 4.90451144e-02 2.65333130e-01 0.00000000e+00
  1.11734829e-02 3.83752149e-02 3.02613256e-02 0.00000000e+00
  2.32855116e-01 1.09704912e-01 0.00000000e+00]
 [0.00000000e+00 0.00000000e+00 0.00000000e+00 0.00000000e+00
  0.00000000e+00 0.00000000e+00 4.06403954e-02 0.00000000e+00
  0.00000000e+00 4.01642571e-03 3.24793148e-02 0.00000000e+00
  9.26985643e-02 3.28453165e-02 0.00000000e+00]
 [4.06311163e-02 0.00000000e+00 5.39985491e-02 0.00000000e+00
  6.59253719e-03 0.00000000e+00 1.08929306e-01 0.00000000e+00
  0.00000000e+00 3.49214576e-02 2.16609926e-01 0.00000000e+00
  7.22516010e-02 2.97452225e-02 0.00000000e+00]
 [0.00000000e+00 1.93380721e-01 1.54837660e-01 0.00000000e+00
  0.00000000e+00 9.88238180e-02 3.60881596e-01 3.51984889e-02
  2.42366105e-02 1.35750792e-01 9.74703226e-02 1.26136884e-02
  1.56726518e-01 1.04466956e-01 0.00000000e+00]
 [4.04976565e-02 4.93804269e-03 7.33935797e-03 0.00000000e+00
  0.00000000e+00 0.00000000e+00 9.97010712e-02 0.00000000e+00
  1.80400137e-02 3.49334698e-02 2.96288754e-02 0.00000000e+00
  1.01025338e-01 6.34337124e-02 0.00000000e+00]
 [3.42208490e-02 0.00000000e+00 3.63353621e-02 0.00000000e+00
  9.29965026e-02 0.00000000e+00 1.48648090e-01 1.68796640e-02
  5.58939954e-02 5.10354147e-02 1.75273621e-01 7.42521393e-02
  9.94127597e-02 1.24851646e-01 0.00000000e+00]
 [4.03392804e-03 0.00000000e+00 0.00000000e+00 0.00000000e+00
  0.00000000e+00 1.25861098e-03 5.26067873e-02 0.00000000e+00
  0.00000000e+00 1.14854055e-02 7.93929591e-02 6.95196703e-02
  9.14195633e-02 7.89853401e-02 0.00000000e+00]
 [0.00000000e+00 3.04845957e-01 1.52753169e-01 4.30999768e-03
  0.00000000e+00 1.54255404e-01 3.73004627e-01 7.64086369e-02
  3.21704908e-01 1.40119291e-01 1.22798683e-01 0.00000000e+00
  1.86946006e-01 1.96702952e-01 4.61271430e-01]
 [0.00000000e+00 1.58554370e-01 7.97252152e-02 0.00000000e+00
  0.00000000e+00 1.20616799e-01 2.23644983e-01 6.13011094e-02
  1.03648344e+00 3.63413666e-01 1.34992790e-01 2.13110420e-02
  1.58480591e-01 1.52625820e-01 2.51238192e-01]
 [6.30174180e-02 0.00000000e+00 6.49308917e-02 0.00000000e+00
  2.97072573e-01 1.54979753e-02 6.30218610e-02 0.00000000e+00
  2.72830467e-02 1.63464081e-03 1.67680733e-01 5.38265542e-02
  0.00000000e+00 1.59754105e-01 9.61846498e-02]
 [1.92920661e-01 0.00000000e+00 6.11310174e-02 0.00000000e+00
  1.22656526e-01 0.00000000e+00 1.41326859e-01 5.27633133e-02
  1.22423903e+00 2.47359269e-01 2.33801735e-01 6.19484846e-02
  0.00000000e+00 2.28339907e-01 0.00000000e+00]
 [0.00000000e+00 1.49812865e-01 1.20186636e-02 0.00000000e+00
  0.00000000e+00 6.81775972e-03 1.33264751e-01 0.00000000e+00
  3.83031165e-01 7.43799042e-03 4.30260760e-02 0.00000000e+00
  1.07590355e-01 2.12780458e-01 1.12225249e+00]
 [1.17870321e-01 0.00000000e+00 0.00000000e+00 4.27861395e-03
  0.00000000e+00 0.00000000e+00 0.00000000e+00 0.00000000e+00
  4.35260981e-01 7.71237381e-02 9.26056896e-02 0.00000000e+00
  0.00000000e+00 4.38810065e-01 1.00792639e+00]
 [8.26954177e-02 2.22278200e-02 1.03104931e-01 1.29540831e-01
  6.94255005e-02 2.71140206e-02 6.12062421e-02 6.72282320e-02
  2.85348819e-02 4.65410397e-02 1.31442381e-01 0.00000000e+00
  5.87015575e-03 5.15936652e-01 1.88742136e+00]
 [0.00000000e+00 0.00000000e+00 9.10598578e-02 3.33609314e-02
  1.36857633e-02 5.88792369e-02 1.08183598e-01 0.00000000e+00
  3.60528805e-02 1.07861595e-01 1.14104452e-01 1.04111955e-02
  1.82658114e-02 3.77468728e-01 1.52026095e+00]
 [1.50343108e-01 0.00000000e+00 6.44684202e-02 3.43901562e-02
  2.21912696e-01 3.38061382e-03 6.69866916e-02 2.53211596e-02
  3.93668421e-02 7.49181152e-02 1.25504233e-01 3.96535686e-02
  0.00000000e+00 5.02624091e-01 2.88633029e+00]
 [0.00000000e+00 0.00000000e+00 1.25145479e-01 0.00000000e+00
  0.00000000e+00 4.90808072e-02 1.84697835e-01 0.00000000e+00
  1.38259393e-01 1.44663624e-01 1.41302438e-01 1.22381812e-01
  0.00000000e+00 1.98727850e-01 1.61888642e+00]
 [4.63180655e-01 3.93947857e-01 2.13877134e-01 3.21062542e-01
  3.12883761e-01 1.28107750e-01 2.27005195e-01 3.08211077e-01
  1.14821515e-01 1.00977574e-01 5.07646162e-02 1.56948888e-01
  2.29898708e-01 6.36611272e-02 4.66040037e-01]]

6
----------------------------------------------------------------------------------
[[0.00000000e+00 0.00000000e+00 2.07514654e-01 4.82679652e-03
  1.50952758e-01 1.78119457e-01 0.00000000e+00 0.00000000e+00
  0.00000000e+00 2.73315909e-01 0.00000000e+00 2.54088113e-01
  8.61476901e-02 8.50270334e-02 0.00000000e+00]
 [0.00000000e+00 0.00000000e+00 1.81230781e-01 0.00000000e+00
  1.73113100e-01 2.19780659e-01 0.00000000e+00 0.00000000e+00
  0.00000000e+00 1.73943546e-01 0.00000000e+00 7.25078225e-02
  3.81351181e-02 0.00000000e+00 0.00000000e+00]
 [0.00000000e+00 0.00000000e+00 2.10565670e-01 0.00000000e+00
  1.46397222e-01 4.40076972e-01 0.00000000e+00 0.00000000e+00
  0.00000000e+00 1.60111125e-01 0.00000000e+00 0.00000000e+00
  0.00000000e+00 1.09853957e-02 0.00000000e+00]
 [0.00000000e+00 0.00000000e+00 2.36943315e-01 0.00000000e+00
  0.00000000e+00 2.53362805e-01 0.00000000e+00 0.00000000e+00
  0.00000000e+00 2.07454355e-01 0.00000000e+00 1.42606122e-01
  1.05719539e-01 1.65934686e-01 7.23522669e-03]
 [0.00000000e+00 0.00000000e+00 1.54368442e-01 0.00000000e+00
  5.81456018e-02 2.03685627e-01 0.00000000e+00 0.00000000e+00
  0.00000000e+00 4.43642614e-02 0.00000000e+00 3.04548337e-02
  0.00000000e+00 1.24933062e-02 3.38255603e-02]
 [0.00000000e+00 0.00000000e+00 3.39171798e-01 1.41819637e-01
  1.27150384e-02 4.83678061e-01 0.00000000e+00 0.00000000e+00
  0.00000000e+00 7.27768389e-02 0.00000000e+00 0.00000000e+00
  0.00000000e+00 0.00000000e+00 5.59584770e-03]
 [0.00000000e+00 0.00000000e+00 1.65357234e-01 0.00000000e+00
  7.81040162e-02 3.51593294e-01 0.00000000e+00 0.00000000e+00
  0.00000000e+00 8.44691728e-02 0.00000000e+00 3.36801026e-02
  1.14032043e-02 0.00000000e+00 3.34903091e-03]
 [7.19354298e-01 7.18686288e-01 1.18814409e+00 5.57505928e-02
  1.14166327e-01 2.92825773e-01 0.00000000e+00 0.00000000e+00
  0.00000000e+00 5.04399144e-01 0.00000000e+00 2.80309050e-01
  1.20540529e-01 1.23932401e-01 9.53707621e-03]
 [1.54686770e-01 0.00000000e+00 1.14569222e+00 0.00000000e+00
  3.48018832e-02 3.32397761e-01 0.00000000e+00 0.00000000e+00
  0.00000000e+00 6.86080504e-01 0.00000000e+00 1.42843062e-01
  2.24415103e-02 1.00774400e-01 7.92461606e-03]
 [9.94193099e-02 0.00000000e+00 4.67853728e-01 3.36044221e-01
  2.25151488e-01 5.73475360e-01 2.73305104e-01 0.00000000e+00
  2.16143814e-01 2.93412957e-01 0.00000000e+00 6.90789005e-02
  0.00000000e+00 0.00000000e+00 0.00000000e+00]
 [1.58655137e-01 3.10538117e-01 7.81035550e-01 0.00000000e+00
  1.09255410e-01 5.83758585e-01 0.00000000e+00 0.00000000e+00
  4.93134882e-02 5.70993964e-01 0.00000000e+00 0.00000000e+00
  0.00000000e+00 8.19556677e-03 0.00000000e+00]
 [7.97712891e-01 1.60698129e+00 1.75574749e+00 1.57298102e-01
  2.53654097e-01 2.64112794e-01 3.02693847e-01 7.75596643e-02
  8.59859453e-01 8.87052480e-01 1.48898750e-01 3.17768561e-01
  5.74554039e-02 0.00000000e+00 0.00000000e+00]
 [9.03941002e-01 1.42265271e+00 1.14032671e+00 8.36130306e-02
  1.77614808e-01 5.57823194e-01 2.47388826e-01 0.00000000e+00
  7.67802090e-01 4.67132541e-01 1.32257911e-02 1.30870796e-01
  0.00000000e+00 0.00000000e+00 0.00000000e+00]
 [2.68166098e+00 4.50935414e+00 3.18251988e+00 2.01223318e-01
  3.20187699e-01 8.29270699e-01 8.46976185e-01 8.58685379e-01
  1.68449292e+00 7.97242753e-01 2.64583307e-01 3.69842430e-01
  4.52735572e-02 6.35804276e-02 0.00000000e+00]
 [3.37120167e+00 4.98887152e+00 3.05759944e+00 2.95953413e-01
  5.09542927e-01 6.90958826e-01 6.89742015e-01 7.97173517e-01
  1.82418795e+00 1.26900070e+00 5.14142932e-01 5.63479676e-01
  2.18894781e-01 1.30032845e-01 4.74194816e-03]
 [6.15234065e+00 6.88218520e+00 3.85487420e+00 6.75648739e-01
  5.31100203e-01 1.12695262e+00 5.63564121e-01 1.39404424e+00
  2.61284893e+00 1.48605433e+00 7.87006912e-01 5.66045409e-01
  9.01844266e-02 1.04661751e-01 0.00000000e+00]
 [2.99218800e+00 5.28648050e+00 4.03146649e+00 4.40919936e-01
  4.53543389e-01 6.18685528e-01 1.37204878e+00 1.16585053e+00
  1.84426289e+00 1.48266513e+00 3.86117634e-01 6.24615195e-01
  2.00264587e-01 6.41903742e-03 0.00000000e+00]
 [3.16463717e-01 6.10349162e-01 1.41850763e-01 2.62105912e-01
  2.60748202e-01 2.43348568e-01 3.17285730e-01 8.99453516e-01
  3.97157448e-01 1.99288315e-01 2.58534310e-01 3.28827220e-01
  2.83964337e-01 2.11852383e-01 2.21779498e-01]]

6
----------------------------------------------------------------------------------
[[0.         0.01904997 0.18787906 0.         0.013333   0.
  0.18685616]
 [0.         0.10672585 0.10173956 0.         0.02219301 0.
  0.09128211]
 [0.         0.08622358 0.         0.17853176 0.08091879 0.06961504
  0.10454172]
 [0.         0.11591585 0.18279102 0.07592113 0.03335544 0.05444121
  0.10749839]
 [0.         0.11226262 0.09058083 0.03701863 0.04642959 0.
  0.00593358]
 [0.         0.15137211 0.         0.08979291 0.11596423 0.27303704
  0.        ]
 [0.         0.19147696 0.09096367 0.09289662 0.02083004 0.15217574
  0.        ]
 [0.         0.0172677  0.08464195 0.06555211 0.06366225 0.04019364
  0.23477269]
 [0.         0.06478028 0.05612158 0.03547596 0.02015178 0.08526525
  0.03801507]
 [0.         0.09858886 0.         0.07248444 0.09506133 0.29688851
  0.        ]
 [0.         0.13476542 0.         0.04151563 0.12511772 0.2606688
  0.        ]
 [0.         0.         0.01290184 0.00430964 0.04413436 0.0052837
  0.11358352]
 [0.         0.0403055  0.         0.02816245 0.06563713 0.22821347
  0.        ]
 [0.         0.01017372 0.         0.15037911 0.08744374 0.22076061
  0.06379602]
 [0.         0.03122412 0.         0.         0.10489502 0.27660777
  0.25705969]
 [0.0292337  0.12118401 0.         0.23419381 0.18443538 0.36141723
  0.17044895]
 [0.         0.         0.0246551  0.         0.003912   0.2074839
  0.13307676]
 [0.25009403 0.24702327 0.59589439 0.32515846 0.15383964 0.26311122
  0.23481161]]