

1
----------------------------------------------------------------------------------
[[0.         0.         0.         0.36079781 0.27815718 0.03045247
  0.06033484 0.         0.07716741 0.         0.24427614 0.
  0.03856426 0.         0.05290926]
 [0.         0.         0.         0.15620799 0.16904376 0.02954893
  0.08141776 0.         0.06743402 0.         0.13750118 0.
  0.         0.04441405 0.090301  ]
 [0.         0.16338673 0.         0.19859713 0.05258719 0.05290213
  0.05647042 0.07007016 0.         0.05589537 0.08122631 0.10467968
  0.04393064 0.0473584  0.1701947 ]
 [0.09831814 0.         0.         0.24200917 0.30131256 0.06588227
  0.11328865 0.         0.1404069  0.         0.3220045  0.
  0.         0.02366574 0.04351657]
 [0.         0.         0.         0.14085008 0.12304078 0.03304577
  0.12704201 0.02661743 0.05071993 0.         0.18076829 0.
  0.         0.         0.06970832]
 [0.         0.12304861 0.         0.16099755 0.         0.03762679
  0.         0.06531889 0.         0.         0.04996638 0.10452194
  0.03184703 0.06104333 0.24789661]
 [0.         0.         0.         0.14129801 0.00840366 0.03475359
  0.02498585 0.02160493 0.         0.         0.13685859 0.
  0.         0.03761475 0.21302301]
 [0.01674816 0.         0.         0.23070629 0.32620101 0.06152332
  0.02523032 0.0261386  0.22130484 0.07258775 0.29092381 0.
  0.         0.         0.02040796]
 [0.04547903 0.         0.         0.2009016  0.21748244 0.08939181
  0.07335002 0.07115166 0.47259537 0.10687378 0.26545712 0.04257508
  0.01401116 0.         0.05206642]
 [0.06065914 0.19914951 0.         0.19069436 0.07828988 0.08907371
  0.         0.17543136 0.         0.04865373 0.         0.1454669
  0.0435794  0.         0.19635233]
 [0.01695691 0.         0.         0.09207623 0.         0.10514233
  0.01240042 0.11370497 0.43217724 0.         0.04510584 0.12652564
  0.00979815 0.00712016 0.21833629]
 [0.01094216 0.         0.         0.10658401 0.16932596 0.01156259
  0.05050788 0.04044983 0.18246308 0.00128952 0.21848003 0.
  0.         0.01850683 0.04420665]
 [0.01102055 0.01965323 0.         0.04118547 0.00706397 0.03947705
  0.02214931 0.         0.07458171 0.         0.         0.04635433
  0.05462303 0.         0.15115928]
 [0.11100688 0.07605798 0.         0.         0.03142089 0.06278863
  0.05109498 0.         0.         0.         0.         0.02232478
  0.         0.         0.04074386]
 [0.15397569 0.2801361  0.04901477 0.06866325 0.04712242 0.07683266
  0.         0.0914973  0.         0.08240378 0.         0.03060464
  0.02538111 0.01563019 0.08201915]
 [0.10691534 0.03987866 0.         0.02405841 0.04909062 0.1049376
  0.03514851 0.0097985  0.         0.00072188 0.03798735 0.17627062
  0.03755036 0.         0.17810892]
 [0.1528939  0.30612508 0.         0.1283168  0.20856649 0.08462612
  0.05383759 0.0177281  0.         0.03747298 0.0507503  0.
  0.         0.05796959 0.07674961]
 [0.27875656 0.43073439 0.55339476 0.11624594 0.18877442 0.08061527
  0.1966825  0.29837423 0.33889024 0.23510156 0.55200612 0.41867683
  0.24607618 0.38853436 0.14102712]]

2
----------------------------------------------------------------------------------
[[1.89363079e-01 1.07473431e-01 1.69640910e-01 0.00000000e+00
  2.74186642e-01 0.00000000e+00 0.00000000e+00 0.00000000e+00
  1.75791127e-01 0.00000000e+00 1.72387960e-02 1.39843892e-01
  0.00000000e+00 9.33975804e-02 2.44279970e-01]
 [4.59072533e-02 0.00000000e+00 1.98943338e-01 8.33296392e-02
  8.92896332e-02 0.00000000e+00 0.00000000e+00 0.00000000e+00
  3.33130735e-03 6.83609037e-02 0.00000000e+00 0.00000000e+00
  0.00000000e+00 2.28038784e-02 7.06947604e-02]
 [0.00000000e+00 1.94148493e-02 6.67486897e-02 1.60420106e-01
  3.50487329e-01 0.00000000e+00 0.00000000e+00 0.00000000e+00
  1.53392973e-01 0.00000000e+00 1.49977725e-01 1.50816594e-01
  3.76504258e-02 1.53784722e-01 2.74147016e-01]
 [2.13888017e-01 6.86619916e-02 2.32055246e-01 0.00000000e+00
  7.68838399e-02 0.00000000e+00 0.00000000e+00 0.00000000e+00
  2.39240088e-01 9.15493399e-02 8.89383725e-02 0.00000000e+00
  0.00000000e+00 7.58976939e-02 1.99333365e-01]
 [1.31447224e-01 5.18503057e-02 2.12840511e-01 8.20662056e-02
  9.48534879e-02 0.00000000e+00 0.00000000e+00 0.00000000e+00
  0.00000000e+00 8.57650670e-02 1.63172254e-02 0.00000000e+00
  0.00000000e+00 0.00000000e+00 5.51595428e-02]
 [0.00000000e+00 1.21176118e-01 1.40170721e-01 6.21283650e-02
  2.35539722e-01 0.00000000e+00 0.00000000e+00 0.00000000e+00
  2.30804762e-01 3.49972749e-02 1.10384910e-01 3.96234710e-01
  1.25595991e-01 1.72605753e-01 2.08867935e-01]
 [6.70170301e-02 7.67821330e-02 1.38472344e-01 1.10620128e-01
  1.52958063e-01 0.00000000e+00 0.00000000e+00 0.00000000e+00
  0.00000000e+00 5.55800075e-02 0.00000000e+00 2.05231605e-02
  4.64494014e-02 5.17611151e-02 9.89737786e-02]
 [2.79295909e-01 0.00000000e+00 1.00597629e-01 0.00000000e+00
  2.21310996e-01 0.00000000e+00 1.44955095e-01 1.23874563e-01
  4.58543517e-01 1.14931912e+00 8.68849975e-01 5.46582254e-01
  2.30883421e-01 4.57383769e-01 2.08382100e-01]
 [1.75945884e-01 4.71514804e-02 1.40369673e-01 1.50813156e-01
  2.05048429e-01 0.00000000e+00 9.14272557e-02 0.00000000e+00
  1.68992161e-01 8.29663619e-01 4.76670865e-01 2.53979288e-02
  0.00000000e+00 1.20990682e-01 2.05954201e-01]
 [0.00000000e+00 3.19740160e-02 0.00000000e+00 8.27606474e-02
  3.35933667e-01 0.00000000e+00 1.04623111e-01 8.09143109e-02
  9.92860317e-01 7.40668220e-01 4.42268358e-01 2.45240700e-02
  1.65013299e-01 1.65859428e-01 9.18468652e-02]
 [9.76115979e-03 9.91918443e-02 2.18198798e-02 8.71414364e-02
  2.34372482e-01 0.00000000e+00 2.66797276e-03 0.00000000e+00
  2.10369684e-01 8.29649521e-01 3.45630849e-01 0.00000000e+00
  1.98177494e-01 0.00000000e+00 3.99444850e-02]
 [1.49432806e-01 1.20283841e-01 3.53739425e-01 6.59581163e-01
  9.23393196e-01 3.88212114e-01 1.04066807e+00 9.92818797e-01
  1.15687185e+00 1.29785822e+00 9.66450401e-01 6.99919418e-01
  2.53056026e-01 5.53401055e-01 2.39471092e-01]
 [0.00000000e+00 1.46629836e-01 2.72511477e-01 9.95156215e-01
  8.32193031e-01 4.87058816e-01 1.28774908e+00 3.52728057e-01
  1.32088453e+00 1.45396630e+00 9.48282867e-01 3.57187084e-02
  2.26057830e-01 2.69764399e-01 1.10460039e-01]
 [0.00000000e+00 2.05493955e-01 3.17490167e-01 7.65539118e-01
  1.86267480e+00 2.01441373e+00 3.75345869e+00 4.92671094e+00
  5.90222312e+00 7.33739435e+00 3.50699743e+00 1.92619997e+00
  1.57257692e+00 1.41367325e+00 8.30773614e-01]
 [0.00000000e+00 1.26397890e-01 1.23610410e-01 8.39537915e-01
  1.99854188e+00 2.63416432e+00 3.98757380e+00 5.22071401e+00
  7.10915146e+00 6.68941110e+00 2.95336973e+00 1.55573320e+00
  1.20804248e+00 1.23989844e+00 9.40710074e-01]
 [0.00000000e+00 2.53606110e-01 1.39104321e-01 2.35468802e+00
  4.22605879e+00 6.96556013e+00 1.07376810e+01 5.88334741e+00
  6.23941600e+00 5.96180586e+00 4.33964344e+00 2.29366004e+00
  1.77612728e+00 1.54263672e+00 1.03989364e+00]
 [9.30471855e-02 1.17265449e-01 3.74207531e-01 4.11671629e-01
  1.44074482e+00 1.58173511e+00 3.34012214e+00 4.91905200e+00
  4.81623313e+00 4.19615500e+00 3.42513984e+00 2.89125074e+00
  2.19366244e+00 1.97154791e+00 1.10211730e+00]
 [5.10813999e-01 3.01610220e-01 3.32582355e-01 3.65368367e-01
  1.94877589e-01 5.57296971e-01 3.50289835e-01 5.26656488e-01
  1.46402888e-01 1.70405665e-01 1.69678994e-01 3.44684150e-01
  4.62891335e-01 1.37901269e-01 1.82034238e-01]]

3
----------------------------------------------------------------------------------
[[0.30385351 0.09181642 0.         0.         0.28333391 0.16969065
  0.         0.         0.22466553 0.26071258 0.11629912 0.
  0.01178401 0.13135432 0.07179439]
 [0.16612778 0.         0.         0.         0.         0.
  0.         0.         0.00639291 0.         0.         0.
  0.         0.02666397 0.        ]
 [0.10861407 0.02935976 0.00830682 0.08562223 0.0407775  0.00625338
  0.         0.         0.         0.         0.0437193  0.
  0.02334967 0.1263455  0.00937412]
 [0.22872403 0.15385144 0.         0.         0.38689502 0.11519001
  0.01889514 0.         0.24065471 0.38831271 0.16550891 0.07801977
  0.         0.02706107 0.16948596]
 [0.10175509 0.09580136 0.         0.         0.13931825 0.06874351
  0.         0.         0.07981995 0.16609275 0.03157028 0.01869188
  0.         0.07865773 0.09518364]
 [0.03249677 0.         0.1227957  0.144452   0.13654968 0.01079662
  0.         0.         0.         0.         0.05312967 0.00397401
  0.16020478 0.06718017 0.0859557 ]
 [0.06610477 0.03184591 0.01534575 0.01270376 0.02402481 0.
  0.         0.         0.         0.01786272 0.         0.
  0.00339703 0.04651486 0.05560579]
 [0.00389553 0.26889985 0.17884535 0.28654398 0.42332674 0.
  0.09881777 0.07051137 0.24457842 0.41983946 0.15161438 0.
  0.         0.         0.09951521]
 [0.01980002 0.19911191 0.61001973 0.52591663 0.24404681 0.
  0.03964969 0.         0.18868538 0.42654806 0.11878015 0.
  0.         0.01439935 0.11903423]
 [0.16175429 0.05887212 0.07190891 0.1910188  0.         0.
  0.         0.         0.         0.         0.05996233 0.
  0.         0.         0.08875751]
 [0.10229963 0.24298128 0.86312958 0.63605045 0.0149808  0.
  0.         0.         0.         0.05562939 0.09486982 0.10304164
  0.         0.         0.07538112]
 [0.13221923 0.16222158 0.09378229 0.05676295 0.1886443  0.06513189
  0.02998803 0.09990045 0.05857083 0.06928787 0.03844214 0.
  0.02125849 0.         0.04403619]
 [0.23488497 0.09603543 0.45187192 0.17823994 0.         0.
  0.06465808 0.         0.         0.         0.         0.08165297
  0.         0.03082456 0.        ]
 [0.45721262 0.22933594 0.15311758 0.04744492 0.07833972 0.12357715
  0.1206205  0.13656858 0.05569264 0.13599542 0.13802833 0.04931929
  0.11762554 0.         0.032014  ]
 [0.28692787 0.16229104 0.0851044  0.14484989 0.07902219 0.21879329
  0.05678748 0.2777884  0.08600105 0.15097247 0.06256169 0.0979625
  0.07334771 0.29674946 0.        ]
 [0.51885527 0.27901869 0.19203778 0.25241031 0.15819931 0.04259815
  0.06996876 0.25578776 0.02700405 0.         0.06531456 0.00274225
  0.09533595 0.25687928 0.1806538 ]
 [0.34682321 0.27335633 0.0968584  0.19713658 0.16142936 0.19863706
  0.16807415 0.26756364 0.         0.20940608 0.06556706 0.04780071
  0.21043626 0.22952773 0.        ]
 [0.13479135 0.19375662 0.28185078 0.22846891 0.21035231 0.3158102
  0.23594642 0.3985259  0.35518897 0.33853621 0.32015552 0.3422029
  0.2605025  0.21512685 0.30636074]]

4
----------------------------------------------------------------------------------
[[0.00000000e+00 5.15955104e-02 5.73829793e-02 6.75910077e-02
  8.78655198e-02 1.51628169e-01 1.72617962e-01 2.28025227e-01
  1.23224382e-01 0.00000000e+00 0.00000000e+00 0.00000000e+00
  0.00000000e+00 1.03164699e-02 0.00000000e+00]
 [0.00000000e+00 5.68312338e-02 0.00000000e+00 7.19020614e-02
  0.00000000e+00 1.65636739e-01 4.91041066e-02 0.00000000e+00
  0.00000000e+00 0.00000000e+00 0.00000000e+00 0.00000000e+00
  0.00000000e+00 0.00000000e+00 0.00000000e+00]
 [1.14826491e-01 4.82392337e-03 0.00000000e+00 2.20267791e-01
  2.71693904e-02 3.13408307e-01 1.34784483e-01 0.00000000e+00
  1.82902176e-01 0.00000000e+00 0.00000000e+00 7.42265736e-02
  0.00000000e+00 1.23681593e-01 0.00000000e+00]
 [0.00000000e+00 1.45687579e-01 1.57028040e-01 6.14820840e-02
  0.00000000e+00 2.26692157e-01 1.61752049e-01 2.53516680e-01
  3.12412592e-01 9.46168528e-02 9.01987565e-03 2.73325269e-02
  0.00000000e+00 1.90416727e-01 0.00000000e+00]
 [0.00000000e+00 4.73305529e-02 0.00000000e+00 1.30879275e-01
  0.00000000e+00 1.76029101e-01 1.21379382e-01 6.63403269e-02
  5.57764843e-02 0.00000000e+00 1.22371076e-02 7.69363887e-03
  0.00000000e+00 7.20079869e-04 0.00000000e+00]
 [1.22168819e-01 2.42120105e-03 0.00000000e+00 1.65013741e-01
  3.53763559e-02 4.34911632e-01 1.78679798e-01 2.37774500e-02
  4.60538756e-01 0.00000000e+00 8.19183822e-02 8.70639605e-02
  5.38512587e-02 1.27266341e-01 0.00000000e+00]
 [7.47729988e-02 0.00000000e+00 0.00000000e+00 7.97054286e-02
  1.70914148e-02 2.70432023e-01 5.84340343e-02 2.46718546e-03
  9.06773501e-02 0.00000000e+00 8.06303410e-02 1.71120291e-01
  0.00000000e+00 0.00000000e+00 0.00000000e+00]
 [0.00000000e+00 1.48632336e-01 2.11430017e-01 5.49996167e-02
  1.11300837e-01 5.29677206e-02 7.89245690e-02 6.08724784e-01
  4.35816749e-01 7.59203195e-01 1.05090564e+00 1.63780077e-01
  1.54758076e-01 0.00000000e+00 4.78168732e-02]
 [0.00000000e+00 6.56672823e-02 1.31245545e-01 4.17359092e-02
  1.10343390e-02 1.06006463e-01 0.00000000e+00 3.05931423e-01
  2.36828280e-01 2.06011779e-01 5.17351880e-01 0.00000000e+00
  0.00000000e+00 0.00000000e+00 8.66812904e-02]
 [1.13164128e-01 0.00000000e+00 2.87783488e-02 2.14686835e-01
  7.97064586e-02 4.16914771e-01 2.35068594e-01 0.00000000e+00
  1.93447097e-01 2.78243214e-01 6.41912830e-01 2.54908369e-01
  1.86699770e-02 0.00000000e+00 7.23941401e-02]
 [5.11742116e-02 0.00000000e+00 4.10211272e-02 6.56697008e-02
  2.43136613e-01 3.64467853e-01 1.83847960e-01 1.35269516e-01
  1.36423941e-01 2.47593386e-01 4.20346458e-01 7.93103010e-02
  0.00000000e+00 0.00000000e+00 1.08081482e-01]
 [0.00000000e+00 0.00000000e+00 0.00000000e+00 0.00000000e+00
  4.67124707e-03 0.00000000e+00 2.02696045e-01 5.12636140e-01
  6.43577289e-01 3.23372659e+00 2.23905443e+00 1.02501236e+00
  1.96199666e+00 4.09098033e-01 8.95543888e-01]
 [9.16499695e-02 0.00000000e+00 0.00000000e+00 0.00000000e+00
  2.16266322e-01 0.00000000e+00 4.07815654e-01 5.36599450e-01
  1.19171606e+00 3.03395219e+00 2.51341019e+00 1.14069239e+00
  9.96822667e-01 1.72871184e-01 5.84218773e-01]
 [6.71476863e-02 0.00000000e+00 1.50972692e-02 8.68021591e-03
  1.89718683e-01 0.00000000e+00 3.93484465e-01 1.40176489e+00
  2.67591050e+00 1.05748138e+01 8.66031361e+00 3.16730862e+00
  3.33613604e+00 1.38303699e+00 1.42018061e+00]
 [1.38867318e-02 0.00000000e+00 0.00000000e+00 0.00000000e+00
  1.01628800e-01 0.00000000e+00 3.43163446e-01 1.04949667e+00
  2.09722395e+00 8.62888199e+00 6.14449039e+00 1.97955461e+00
  3.41531524e+00 8.86326148e-01 9.15183252e-01]
 [1.22619136e-01 0.00000000e+00 7.99539098e-02 0.00000000e+00
  2.31186047e-01 0.00000000e+00 7.62177618e-01 1.24975552e+00
  2.98120214e+00 1.29996339e+01 1.01859754e+01 3.24703183e+00
  1.96192219e+00 5.18314984e-01 7.11088957e-01]
 [0.00000000e+00 4.94801642e-02 3.34524125e-02 0.00000000e+00
  1.22264836e-01 0.00000000e+00 5.58448757e-01 1.25686628e+00
  1.13143732e+00 5.94347672e+00 5.60374078e+00 1.53324194e+00
  3.03969889e+00 1.60579065e+00 9.68430143e-01]
 [2.46550657e-01 3.28908458e-01 3.48272912e-01 3.55541135e-01
  1.94763933e-01 4.70263598e-01 1.20764117e-01 2.83938098e-01
  2.08213255e-01 4.55712468e-01 1.89071923e-01 1.89175183e-01
  2.75900933e-01 2.97413247e-01 4.81090524e-01]]

5
----------------------------------------------------------------------------------
[[0.         0.13737465 0.         0.02228937 0.2295513  0.07392339
  0.12474241 0.15748007 0.08192905 0.16007427 0.05767245 0.02503601
  0.         0.19340697 0.        ]
 [0.         0.09438312 0.         0.         0.11790861 0.13433267
  0.07118419 0.00547346 0.07275701 0.0344548  0.         0.
  0.         0.11876547 0.        ]
 [0.         0.21436947 0.         0.         0.05875207 0.09537977
  0.18800272 0.         0.14222901 0.         0.12804144 0.02246617
  0.250442   0.15776626 0.        ]
 [0.         0.17045922 0.         0.05708203 0.06291098 0.20716474
  0.21790065 0.19465705 0.07622172 0.2014316  0.09546931 0.0549372
  0.         0.29250612 0.09511127]
 [0.         0.03988824 0.         0.         0.         0.12558593
  0.13673688 0.         0.07259633 0.01200862 0.         0.
  0.         0.18903215 0.02376043]
 [0.         0.17171449 0.         0.         0.         0.07314466
  0.18234975 0.01353724 0.1265056  0.06211035 0.15492643 0.09311773
  0.17576136 0.12588562 0.03573691]
 [0.         0.06026417 0.         0.         0.         0.12532397
  0.07034788 0.         0.07060624 0.01352174 0.11078196 0.01898876
  0.03925139 0.11795729 0.0080375 ]
 [0.         0.94064165 0.         0.13231565 0.14057707 0.19462047
  0.2445443  0.20583297 0.07659046 0.18420549 0.10351389 0.00289945
  0.         0.23837282 0.01421342]
 [0.57628639 1.56226805 0.08517952 0.14473899 0.00307319 0.10720666
  0.10908769 0.20043007 0.0871926  0.03306909 0.11961939 0.
  0.         0.19449325 0.06774447]
 [0.         0.28800402 0.         0.         0.         0.00185682
  0.03836237 0.08609502 0.09278558 0.         0.13493982 0.
  0.17044507 0.08706155 0.        ]
 [1.33797669 1.09637804 0.         0.         0.         0.
  0.08485551 0.         0.         0.         0.06167067 0.01002581
  0.10907831 0.12554849 0.08371897]
 [0.0823746  0.98788343 0.18113253 0.08719662 0.09257737 0.08213686
  0.17068489 0.23679677 0.04760325 0.03306127 0.14698799 0.
  0.         0.10537824 0.00701035]
 [0.54827703 0.67800634 0.         0.         0.09220234 0.07433814
  0.10803516 0.03078106 0.01548237 0.         0.00511515 0.02286423
  0.11458112 0.07807456 0.        ]
 [0.04544408 0.9638377  0.         0.02415136 0.0894583  0.15794847
  0.34918092 0.14223712 0.1915314  0.00164404 0.03968597 0.19023392
  0.04632067 0.08510234 0.        ]
 [0.28282779 0.83157645 1.10907768 0.55690879 0.32311588 0.27120599
  1.31853293 0.75359982 0.22449682 0.00379199 0.         0.14133848
  0.08971949 0.08303711 0.04247929]
 [0.         0.78207034 0.13506231 0.         0.         0.34936534
  0.73231345 0.27341442 0.195621   0.08393568 0.15948655 0.0736214
  0.10097685 0.12452006 0.        ]
 [0.4138764  1.22431348 0.         0.71073793 0.65314095 0.10420916
  0.63300504 0.41875447 0.30270761 0.         0.         0.13420898
  0.         0.02677003 0.0616223 ]
 [0.51274236 0.14278694 0.67010485 0.41998181 0.32666905 0.35907216
  0.1810385  0.26784273 0.13451708 0.34946414 0.30512866 0.15393614
  0.17743775 0.17545876 0.26877161]]

6
----------------------------------------------------------------------------------
[[0.01630325 0.03115349 0.         0.10436222 0.         0.27873043
  0.         0.10426068 0.03714981 0.1350052  0.03874097 0.08885761
  0.         0.08903336 0.0566995 ]
 [0.00893778 0.         0.         0.         0.         0.0511647
  0.         0.0385982  0.04536121 0.         0.03656817 0.
  0.         0.0687877  0.01330341]
 [0.04324502 0.03700391 0.         0.         0.09632973 0.10161233
  0.         0.00053393 0.06389786 0.08603028 0.09143783 0.07212229
  0.03381003 0.         0.09872763]
 [0.         0.         0.05864901 0.14967762 0.         0.44099069
  0.0708788  0.21936061 0.1856375  0.15554296 0.2479445  0.18675265
  0.         0.         0.05838725]
 [0.03073643 0.         0.00684747 0.06206277 0.         0.14997175
  0.01351075 0.10133098 0.13352203 0.05300429 0.09646751 0.0029127
  0.00367206 0.         0.06086358]
 [0.11873475 0.08398987 0.         0.10932961 0.08856412 0.15508239
  0.02328796 0.00479933 0.15443316 0.08717463 0.13294305 0.03328339
  0.04549685 0.         0.07808186]
 [0.05083037 0.02926792 0.         0.08111634 0.0140741  0.09420472
  0.01538343 0.01669763 0.11378176 0.01254779 0.13865733 0.
  0.         0.         0.06478141]
 [0.         0.         0.01549294 0.         0.         0.40590857
  0.04496825 0.19149218 0.13991724 0.10495552 0.19959586 0.0551204
  0.         0.07056202 0.03351455]
 [0.         0.         0.05448528 0.09815459 0.         0.38275307
  0.08808454 0.15686551 0.18023259 0.134753   0.14142387 0.05719898
  0.         0.00154135 0.        ]
 [0.         0.09371715 0.         0.0632336  0.15788902 0.20228667
  0.         0.         0.04816167 0.04898259 0.0450431  0.
  0.02018641 0.15197965 0.03244931]
 [0.01847914 0.05094113 0.         0.05728072 0.1153701  0.17468008
  0.05023878 0.01901167 0.1640989  0.07857406 0.12950084 0.
  0.02916658 0.         0.0382628 ]
 [0.         0.         0.0046226  0.         0.         0.25698865
  0.02810462 0.09898879 0.06728212 0.06882575 0.14848374 0.
  0.         0.01272201 0.03985572]
 [0.00668006 0.04213155 0.         0.         0.07643241 0.07176541
  0.00073078 0.         0.07073947 0.         0.04546644 0.
  0.00607377 0.         0.07107512]
 [0.         0.10186661 0.07712809 0.         0.1149289  0.15276687
  0.0705369  0.06767841 0.05045975 0.14992198 0.09799364 0.
  0.01108759 0.         0.06639415]
 [0.01982676 0.11226193 0.03705267 0.         0.         0.12694364
  0.         0.         0.         0.18279255 0.         0.
  0.         0.09710117 0.12514826]
 [0.00150201 0.25291303 0.         0.07396967 0.08316957 0.18854374
  0.         0.         0.13709272 0.18111467 0.00888254 0.
  0.02471224 0.         0.01804359]
 [0.00873703 0.02911948 0.01134545 0.         0.         0.23280679
  0.04234675 0.08739244 0.01594566 0.20609653 0.10804069 0.
  0.         0.12492554 0.11375176]
 [0.19154543 0.10528948 0.29860788 0.52826631 0.30989042 0.16917009
  0.37181605 0.5123154  0.38566774 0.3195383  0.33235704 0.30827559
  0.29947414 0.2757094  0.15819902]]

6
----------------------------------------------------------------------------------
[[0.         0.         0.07156728 0.09061443 0.26211462 0.41871357]
 [0.         0.         0.0014228  0.05297105 0.06542729 0.10471087]
 [0.         0.00977426 0.         0.26004201 0.05890254 0.30262857]
 [0.         0.         0.09582899 0.         0.13521846 0.2702292 ]
 [0.         0.         0.02813492 0.03966001 0.         0.06290746]
 [0.00796143 0.01669884 0.         0.25056739 0.03832721 0.031858  ]
 [0.         0.00349913 0.         0.12095121 0.         0.        ]
 [0.         0.         0.06130562 0.06460983 0.22086043 0.48075068]
 [0.         0.         0.02841644 0.0571098  0.06434493 0.27892025]
 [0.         0.01267223 0.         0.34361925 0.00142749 0.11762579]
 [0.05448533 0.03847817 0.         0.22692467 0.         0.        ]
 [0.         0.         0.02114027 0.03215253 0.20741722 0.36341219]
 [0.         0.         0.         0.1799418  0.         0.        ]
 [0.09403947 0.0746466  0.         0.08766915 0.         0.18618024]
 [0.08328862 0.         0.08558121 0.15610241 0.22632991 0.38086207]
 [0.13158539 0.05009446 0.04459129 0.20878632 0.         0.        ]
 [0.08316058 0.         0.04122554 0.04546368 0.29972897 0.5755142 ]
 [0.27425774 0.37629891 0.18580398 0.1206136  0.36347481 0.41194186]]