

1
----------------------------------------------------------------------------------
[[7.76487007e-02 0.00000000e+00 0.00000000e+00 0.00000000e+00
  0.00000000e+00 0.00000000e+00 0.00000000e+00 0.00000000e+00
  0.00000000e+00 7.39132346e-01 2.63805658e-01 0.00000000e+00
  8.68888440e-02 0.00000000e+00 4.96480950e-03]
 [7.87131707e-02 0.00000000e+00 2.47694804e-01 1.76839196e-01
  0.00000000e+00 0.00000000e+00 0.00000000e+00 0.00000000e+00
  0.00000000e+00 5.76253346e-01 1.00458266e+00 0.00000000e+00
  0.00000000e+00 0.00000000e+00 0.00000000e+00]
 [2.20558776e-01 1.21932564e-01 1.79044546e-01 0.00000000e+00
  0.00000000e+00 0.00000000e+00 0.00000000e+00 0.00000000e+00
  6.00544752e-02 8.26208435e-01 8.54722601e-01 0.00000000e+00
  0.00000000e+00 0.00000000e+00 0.00000000e+00]
 [2.37533728e-01 0.00000000e+00 0.00000000e+00 0.00000000e+00
  0.00000000e+00 0.00000000e+00 0.00000000e+00 0.00000000e+00
  0.00000000e+00 6.16851253e-01 5.45102603e-02 0.00000000e+00
  4.23174870e-01 0.00000000e+00 6.07781599e-02]
 [1.40965152e-01 0.00000000e+00 0.00000000e+00 0.00000000e+00
  0.00000000e+00 0.00000000e+00 0.00000000e+00 0.00000000e+00
  0.00000000e+00 3.74289356e-01 5.13114813e-02 0.00000000e+00
  1.87431094e-01 0.00000000e+00 0.00000000e+00]
 [3.30432063e-01 4.10944110e-01 1.03423405e-01 1.12929188e-01
  0.00000000e+00 0.00000000e+00 0.00000000e+00 0.00000000e+00
  0.00000000e+00 5.76654230e-01 7.41638898e-01 0.00000000e+00
  9.59874153e-02 0.00000000e+00 0.00000000e+00]
 [2.25225647e-01 0.00000000e+00 0.00000000e+00 0.00000000e+00
  0.00000000e+00 0.00000000e+00 0.00000000e+00 0.00000000e+00
  0.00000000e+00 3.81648153e-01 2.94381021e-01 0.00000000e+00
  3.43159078e-03 0.00000000e+00 1.85336900e-02]
 [1.27448295e-01 0.00000000e+00 0.00000000e+00 0.00000000e+00
  0.00000000e+00 0.00000000e+00 0.00000000e+00 0.00000000e+00
  2.50556737e+00 3.65115455e+00 8.60544473e-01 1.07761261e+00
  1.27963506e+00 3.27772765e-01 4.54839943e-01]
 [1.61895374e-02 0.00000000e+00 0.00000000e+00 0.00000000e+00
  0.00000000e+00 0.00000000e+00 0.00000000e+00 0.00000000e+00
  4.25029695e+00 6.67512282e+00 8.47570845e-01 1.98302092e+00
  2.91626973e+00 1.08063158e+00 6.96890596e-01]
 [3.96050996e-01 3.18163218e-01 1.32635101e+00 4.61495928e-01
  0.00000000e+00 0.00000000e+00 0.00000000e+00 0.00000000e+00
  1.01689725e-01 1.33954362e+00 6.81180097e-01 7.13880414e-01
  8.44903173e-01 1.36145396e-01 0.00000000e+00]
 [0.00000000e+00 0.00000000e+00 2.99762071e-01 0.00000000e+00
  0.00000000e+00 0.00000000e+00 0.00000000e+00 0.00000000e+00
  1.88690190e+00 8.84311700e+00 9.53829879e-01 9.05253045e+00
  2.85088030e+00 1.42706023e+00 1.14523632e+00]
 [8.91806884e-02 0.00000000e+00 0.00000000e+00 0.00000000e+00
  0.00000000e+00 0.00000000e+00 0.00000000e+00 0.00000000e+00
  7.67604406e-01 5.34288657e+00 2.62877753e-01 7.38574707e-01
  1.68442425e+00 2.51581336e-01 7.28223879e-02]
 [0.00000000e+00 5.17405362e-01 2.77785813e-01 6.36251405e-01
  0.00000000e+00 0.00000000e+00 0.00000000e+00 0.00000000e+00
  3.43534081e-01 4.90179941e+00 6.05070974e-01 5.93852218e+01
  2.16921460e+00 0.00000000e+00 0.00000000e+00]
 [0.00000000e+00 0.00000000e+00 0.00000000e+00 0.00000000e+00
  0.00000000e+00 0.00000000e+00 0.00000000e+00 0.00000000e+00
  0.00000000e+00 4.05570034e-01 1.25704703e-01 0.00000000e+00
  0.00000000e+00 0.00000000e+00 0.00000000e+00]
 [3.48545833e-03 2.28033783e-01 1.31642506e-01 1.05593346e-01
  0.00000000e+00 0.00000000e+00 0.00000000e+00 1.83964473e-01
  1.01176568e-01 6.08518352e-01 2.10637829e-01 0.00000000e+00
  0.00000000e+00 0.00000000e+00 0.00000000e+00]
 [0.00000000e+00 8.64273530e-02 6.95607851e-02 1.41705286e-01
  0.00000000e+00 0.00000000e+00 0.00000000e+00 1.02127933e-01
  1.83964128e-02 4.48559408e-01 1.03641856e-01 0.00000000e+00
  1.00148061e-02 0.00000000e+00 0.00000000e+00]
 [3.76529668e-01 0.00000000e+00 0.00000000e+00 0.00000000e+00
  0.00000000e+00 0.00000000e+00 0.00000000e+00 5.03627050e-02
  1.04744103e-01 3.33932004e-01 3.76414043e-01 0.00000000e+00
  0.00000000e+00 0.00000000e+00 0.00000000e+00]
 [1.14831618e+00 8.01816384e-01 6.38573617e-01 6.76043933e-01
  1.31711201e+00 1.57912410e+00 1.88277510e+00 1.16856803e+00
  8.95993091e-01 3.08801524e-01 2.78566634e-01 1.32471613e+00
  8.07994295e-01 1.46284931e+00 1.51966743e+00]]

2
----------------------------------------------------------------------------------
[[4.23965828e-01 3.41404898e-01 1.37663128e-01 2.72094089e-01
  2.01517742e-01 9.13148961e-02 0.00000000e+00 0.00000000e+00
  0.00000000e+00 1.67395947e-01 1.65090322e-01 3.57589644e-01
  3.32470267e-01 0.00000000e+00 4.64668416e-02]
 [0.00000000e+00 3.71170626e-01 1.23218735e-01 3.33414358e-01
  2.56020644e-01 4.10702920e-01 0.00000000e+00 1.48164718e-01
  0.00000000e+00 0.00000000e+00 7.55330046e-02 4.18488397e-01
  1.95557425e-01 0.00000000e+00 0.00000000e+00]
 [0.00000000e+00 2.35150602e-02 0.00000000e+00 6.90509283e-01
  2.80083532e-01 4.37360433e-01 0.00000000e+00 0.00000000e+00
  0.00000000e+00 4.36536334e-01 1.82930500e-01 1.79178082e-01
  1.70663140e-01 0.00000000e+00 3.97712218e-02]
 [1.45067078e-01 5.62527586e-01 3.76810502e-02 4.16121833e-01
  1.14812922e-01 0.00000000e+00 0.00000000e+00 0.00000000e+00
  3.77118959e-02 1.20685484e-01 9.51163738e-02 2.36364596e-01
  1.92712880e-01 5.09400987e-02 0.00000000e+00]
 [5.64062349e-02 3.39011459e-01 4.11108200e-02 1.35917665e-01
  1.05775930e-01 1.15150245e-01 0.00000000e+00 0.00000000e+00
  4.65117226e-02 0.00000000e+00 0.00000000e+00 1.13625294e-01
  7.21811888e-02 0.00000000e+00 0.00000000e+00]
 [4.58987470e-01 7.33871335e-02 0.00000000e+00 4.65286567e-01
  2.55217907e-01 2.95829049e-01 0.00000000e+00 0.00000000e+00
  4.39412351e-01 8.70209789e-02 1.71442327e-01 0.00000000e+00
  0.00000000e+00 0.00000000e+00 2.81935417e-01]
 [5.94422084e-02 2.52017275e-01 0.00000000e+00 3.20816823e-01
  2.85725364e-02 2.33143247e-01 0.00000000e+00 0.00000000e+00
  0.00000000e+00 1.00747449e-01 0.00000000e+00 1.63466886e-01
  0.00000000e+00 0.00000000e+00 0.00000000e+00]
 [3.82506828e-01 6.54534110e-01 7.28318868e-03 2.94499665e-01
  2.46323125e-01 0.00000000e+00 0.00000000e+00 0.00000000e+00
  6.11391205e-02 1.16833913e-01 1.18336722e-01 1.59136292e-01
  2.76325829e-01 0.00000000e+00 1.02088680e-01]
 [3.37226986e-01 4.73128617e-01 1.40168220e-01 2.29378097e-01
  1.57012764e-01 0.00000000e+00 0.00000000e+00 0.00000000e+00
  0.00000000e+00 8.50719875e-02 2.68881862e-02 6.72788371e-02
  3.09914496e-01 0.00000000e+00 4.08484018e-02]
 [0.00000000e+00 0.00000000e+00 0.00000000e+00 1.15900226e-01
  0.00000000e+00 3.53029587e-01 0.00000000e+00 0.00000000e+00
  0.00000000e+00 4.22759206e-01 3.55208103e-01 3.22787728e-02
  4.77907405e-01 0.00000000e+00 0.00000000e+00]
 [1.65657665e-01 2.73156133e-01 0.00000000e+00 4.12779048e-01
  0.00000000e+00 4.13883650e-01 0.00000000e+00 0.00000000e+00
  0.00000000e+00 1.27960795e-01 5.87048573e-02 1.47311718e-01
  0.00000000e+00 0.00000000e+00 0.00000000e+00]
 [3.78251296e-01 3.59155931e-01 1.48518369e-01 2.30388664e-01
  1.11900200e-01 7.68284264e-02 0.00000000e+00 0.00000000e+00
  2.59956610e-02 1.40402022e-01 2.71124770e-01 5.93765571e-02
  3.54204898e-02 2.96689419e-03 0.00000000e+00]
 [1.76779443e-02 8.19290456e-03 1.23637668e-01 3.23072500e-01
  3.02043632e-02 8.12582897e-01 0.00000000e+00 0.00000000e+00
  0.00000000e+00 3.77013904e-01 1.08137961e+00 0.00000000e+00
  7.94986969e-02 0.00000000e+00 0.00000000e+00]
 [2.63422583e-01 1.10378787e-01 0.00000000e+00 0.00000000e+00
  0.00000000e+00 0.00000000e+00 0.00000000e+00 0.00000000e+00
  1.20048246e-03 4.25341037e-01 8.98763573e-01 7.39480112e-01
  6.19608620e-01 5.97904349e-02 6.06095164e-02]
 [6.32536616e-03 0.00000000e+00 8.63819508e-02 1.38983803e-01
  0.00000000e+00 0.00000000e+00 0.00000000e+00 0.00000000e+00
  3.83508311e-01 1.13585045e+00 2.00046183e+00 2.19838913e+00
  1.02339681e+00 4.91523816e-01 2.28381166e-01]
 [0.00000000e+00 1.60628301e-01 4.24775080e-01 1.70323092e-01
  5.31995331e-02 4.97763497e-01 0.00000000e+00 5.02737397e-03
  0.00000000e+00 5.67777671e-01 7.85848787e-01 7.28711864e-01
  8.15071933e-01 3.73448537e-01 4.46845836e-01]
 [1.41873844e-01 3.02110682e-01 0.00000000e+00 0.00000000e+00
  1.54736087e-01 0.00000000e+00 0.00000000e+00 0.00000000e+00
  4.30927632e-01 5.95821411e-01 9.19765238e-01 3.50362233e-01
  5.51010549e-01 0.00000000e+00 2.36827727e-01]
 [1.01544297e+00 7.74761306e-01 9.65706674e-01 6.59295172e-01
  8.31094820e-01 8.68821996e-01 1.45736433e+00 1.58018450e+00
  9.92825316e-01 5.35648173e-01 5.65700450e-01 8.70576351e-01
  9.71137587e-01 1.60784679e+00 1.27482457e+00]]

3
----------------------------------------------------------------------------------
[[0.00000000e+00 3.64961115e-01 2.21572355e-01 3.66323467e-01
  1.03780461e-01 1.61910211e-01 2.97557609e-01 4.40554183e-02
  0.00000000e+00 0.00000000e+00 0.00000000e+00 0.00000000e+00
  2.68130574e-01 0.00000000e+00 0.00000000e+00]
 [3.37314186e-01 1.17712434e-01 1.78641543e-01 2.71329271e-01
  1.79586475e-01 3.12619857e-01 2.60512748e-01 3.43761162e-01
  2.64666179e-01 0.00000000e+00 0.00000000e+00 0.00000000e+00
  2.16340171e-01 0.00000000e+00 0.00000000e+00]
 [0.00000000e+00 1.21089930e+00 0.00000000e+00 1.44724532e-01
  0.00000000e+00 8.28374892e-01 6.18106917e-02 7.07627347e-01
  0.00000000e+00 0.00000000e+00 0.00000000e+00 0.00000000e+00
  3.96233017e-01 1.98156474e-01 8.10148283e-02]
 [0.00000000e+00 2.23470668e-01 8.77182421e-02 3.21084375e-01
  9.19886517e-02 3.15045587e-03 4.90238446e-03 0.00000000e+00
  0.00000000e+00 0.00000000e+00 0.00000000e+00 0.00000000e+00
  1.96330374e-01 0.00000000e+00 0.00000000e+00]
 [0.00000000e+00 1.79631148e-01 0.00000000e+00 1.00358735e-01
  1.05476493e-02 0.00000000e+00 2.12189440e-01 4.27434590e-02
  2.11132437e-01 0.00000000e+00 0.00000000e+00 0.00000000e+00
  1.50126248e-01 0.00000000e+00 6.36398200e-02]
 [0.00000000e+00 0.00000000e+00 0.00000000e+00 0.00000000e+00
  2.81706438e-01 0.00000000e+00 0.00000000e+00 1.70008389e-01
  0.00000000e+00 0.00000000e+00 0.00000000e+00 0.00000000e+00
  3.82781457e-01 0.00000000e+00 0.00000000e+00]
 [0.00000000e+00 1.35807071e-01 0.00000000e+00 4.54341040e-02
  0.00000000e+00 2.12261708e-01 3.08852526e-02 0.00000000e+00
  6.27922567e-02 0.00000000e+00 0.00000000e+00 0.00000000e+00
  2.33278742e-01 0.00000000e+00 8.26983394e-02]
 [8.35896228e-02 3.25593535e-01 2.51604253e+00 8.23295030e+00
  0.00000000e+00 0.00000000e+00 1.13041058e-01 4.67746608e-01
  0.00000000e+00 0.00000000e+00 0.00000000e+00 0.00000000e+00
  1.48439564e-01 0.00000000e+00 0.00000000e+00]
 [0.00000000e+00 3.37322649e-01 2.60111367e+00 5.58380164e+00
  0.00000000e+00 0.00000000e+00 1.36825375e+00 1.06038339e+00
  1.26973032e-01 0.00000000e+00 0.00000000e+00 0.00000000e+00
  1.95495357e-01 0.00000000e+00 0.00000000e+00]
 [7.19901200e-03 1.32481337e-01 0.00000000e+00 6.92890041e-01
  0.00000000e+00 4.15693739e-01 1.55512576e-01 5.55284794e-01
  3.70541967e-01 0.00000000e+00 0.00000000e+00 4.09986752e-02
  6.62177696e-01 3.02628822e-01 0.00000000e+00]
 [0.00000000e+00 3.09362335e-01 0.00000000e+00 6.15513780e+00
  1.47842260e+00 0.00000000e+00 1.28395360e+00 1.51104462e+00
  6.88474708e-01 0.00000000e+00 0.00000000e+00 0.00000000e+00
  2.17286440e-01 0.00000000e+00 0.00000000e+00]
 [2.12218235e-01 1.79341768e-01 6.67759243e-01 2.80400107e+00
  0.00000000e+00 0.00000000e+00 1.02275154e+00 5.03986542e-01
  0.00000000e+00 0.00000000e+00 0.00000000e+00 0.00000000e+00
  1.98281746e-01 0.00000000e+00 0.00000000e+00]
 [0.00000000e+00 0.00000000e+00 0.00000000e+00 4.61004694e+00
  1.45257967e+00 6.71543303e-01 1.85437247e+00 2.21781350e+00
  6.63357878e-01 0.00000000e+00 0.00000000e+00 0.00000000e+00
  8.66619788e-01 0.00000000e+00 0.00000000e+00]
 [1.10941614e-01 2.33159848e-01 0.00000000e+00 0.00000000e+00
  2.81825357e-01 3.02667681e+00 0.00000000e+00 0.00000000e+00
  8.48015581e-01 9.54514571e-01 8.29000507e-01 0.00000000e+00
  4.17928661e-01 0.00000000e+00 2.07167081e-01]
 [1.30640914e-01 2.80900018e-01 0.00000000e+00 0.00000000e+00
  1.28627773e+00 4.88878496e+00 4.26626925e-01 1.38844417e-01
  8.56153728e-01 8.79051783e-01 8.33304450e-01 0.00000000e+00
  7.13875256e-01 0.00000000e+00 3.81387459e-01]
 [0.00000000e+00 3.70434077e-01 0.00000000e+00 0.00000000e+00
  0.00000000e+00 9.81472675e-01 0.00000000e+00 0.00000000e+00
  2.28185470e-01 1.47371461e-01 2.08947662e-01 0.00000000e+00
  7.71609969e-01 0.00000000e+00 5.96099725e-01]
 [1.93779576e-01 3.55788442e-01 0.00000000e+00 4.22666695e-01
  8.36644004e-01 1.70758353e+00 0.00000000e+00 0.00000000e+00
  0.00000000e+00 0.00000000e+00 0.00000000e+00 0.00000000e+00
  6.33087515e-01 0.00000000e+00 1.69552510e-01]
 [1.68011624e+00 2.00854280e+00 2.14780602e+00 2.63057773e+00
  2.61649529e+00 1.89279431e+00 1.24721991e+00 1.07236456e+00
  1.18868652e+00 1.34195615e+00 9.55764849e-01 1.42881924e+00
  3.13902276e-01 9.86063888e-01 8.43442792e-01]]

4
----------------------------------------------------------------------------------
[[0.         0.01213119 0.35111992 0.         0.06794366 0.08992816
  0.         0.25452109 0.77515282 0.76331347 0.         0.
  0.         0.         0.        ]
 [0.01355507 0.         0.         0.         0.42254138 0.30512822
  0.21107872 0.25938896 0.61318037 0.87689265 0.         0.
  0.         0.         0.        ]
 [0.         0.         0.18415832 0.         0.         0.60986244
  0.02394404 0.48715688 1.76820812 0.96936778 0.         0.
  0.         0.         0.        ]
 [0.01788544 0.         0.23410208 0.         0.03854386 0.04325297
  0.         0.         0.5013201  0.48978464 0.         0.
  0.         0.         0.        ]
 [0.16744884 0.         0.23651686 0.02124356 0.09973245 0.065441
  0.00842383 0.17982361 0.55106264 0.34925205 0.         0.
  0.         0.         0.        ]
 [0.         0.         0.         0.         0.         0.27994133
  0.38125485 0.81440475 1.47826115 0.73128458 0.         0.
  0.         0.1530686  0.        ]
 [0.         0.         0.         0.0940252  0.14298412 0.23227485
  0.26185526 0.4887282  0.85033046 0.5273843  0.         0.
  0.         0.         0.        ]
 [0.10693214 0.         0.45046609 0.         0.05021734 0.
  0.         0.         0.38350859 0.3506841  0.         0.
  0.         0.         0.        ]
 [0.02905074 0.         0.31907934 0.         0.00465767 0.
  0.         0.         0.45116021 0.3132275  0.         0.
  0.         0.         0.        ]
 [0.15848162 0.         0.0418463  0.         0.         0.
  0.         0.         0.02204517 0.77542459 0.         0.
  0.         0.         0.        ]
 [0.         0.         0.         0.         0.19352029 0.
  0.21127812 0.6206268  0.74137209 0.28375485 0.         0.
  0.         0.         0.        ]
 [0.         0.         0.27085618 0.11527567 0.         0.08543748
  0.         0.         0.03829285 0.18415357 0.         0.
  0.         0.         0.        ]
 [0.47739388 0.         0.08519278 0.75317799 0.08750952 0.32733921
  0.         0.         0.04943353 0.77250888 0.         0.
  0.         0.         0.        ]
 [0.14618318 0.         0.32060726 0.15140037 0.24449378 0.
  0.         0.03721923 0.57016262 0.         0.         0.
  0.         0.05149493 1.99685034]
 [0.18551026 0.21313193 0.39470811 0.00452527 0.37226094 0.08464828
  0.         0.1746618  0.6277342  1.0611669  0.         0.
  0.44346227 0.47960917 3.98967614]
 [0.0173993  0.         0.91890156 0.09787127 0.18649955 0.13610775
  0.         0.29147061 0.21175374 0.86689333 0.         0.
  0.         0.01070458 2.3892234 ]
 [0.50626021 0.         0.30778495 0.11927676 0.         0.
  0.         0.         0.         0.         0.         0.
  0.         0.11230981 0.61240601]
 [1.66102388 2.06533096 1.69978729 1.88780165 1.39461171 1.22654457
  1.76700858 1.58842863 1.12475838 1.12688671 1.53251941 2.86096728
  1.49614335 1.44853753 1.02200048]]

5
----------------------------------------------------------------------------------
[[0.         0.         0.         0.         0.         0.
  0.         0.         0.         0.16578931 0.27715    0.16195804
  0.         0.         0.02271381]
 [0.         0.         0.         0.         0.         0.
  0.         0.07824262 0.31172107 0.10972765 0.5173093  0.65455846
  0.         0.         0.28233265]
 [0.         0.         0.         0.         0.         0.
  0.15233868 0.         0.         0.02515753 0.50419338 0.34317733
  0.26628232 0.         0.56225734]
 [0.         0.         0.         0.         0.         0.
  0.         0.         0.         0.27535211 0.30546092 0.28304221
  0.         0.         0.1583572 ]
 [0.         0.         0.         0.         0.         0.
  0.0367014  0.         0.         0.         0.06324907 0.06512977
  0.         0.         0.04255536]
 [0.         0.         0.         0.         0.         0.
  0.         0.57289384 0.         0.         0.23100656 0.1640404
  0.         0.         0.01416036]
 [0.         0.         0.         0.         0.         0.
  0.         0.         0.         0.04241308 0.10701068 0.
  0.         0.         0.19126782]
 [0.         0.         0.         0.         0.         0.
  0.         0.01135827 0.         0.3106547  0.27525147 0.27367014
  0.         0.49949436 3.06300381]
 [0.         0.         0.         0.         0.         0.
  0.         0.         0.         0.13780445 0.21928648 0.14697823
  0.         1.12014489 5.31465825]
 [0.         0.         0.         0.         0.         0.
  0.0592566  0.         0.22382748 0.67138903 0.777515   0.50611085
  0.         0.         0.38447946]
 [0.         0.         0.         0.         0.         0.
  0.         0.         0.         0.07020605 0.07200779 0.07529806
  0.         0.         7.3934315 ]
 [0.         0.         0.         0.         0.         0.
  0.         0.         0.         0.65643022 0.3489234  0.24180494
  0.         0.         2.2524502 ]
 [0.         0.         0.         0.         0.         0.
  0.35106505 0.16161566 0.94626829 0.57208312 0.38189252 0.52323244
  0.33191396 0.         7.34739707]
 [0.         0.         0.         0.         0.         0.3323936
  1.39663525 0.40056537 1.07206617 3.30108825 0.5762367  0.1109027
  3.5270451  1.13773167 0.8189039 ]
 [0.         0.         0.         0.         0.16284965 0.59117574
  2.13020222 0.58620232 1.17002781 3.96145226 1.20167184 0.65604105
  4.35214152 2.12766603 1.21738286]
 [0.         0.         0.         0.         0.         0.
  1.52962672 0.38517645 1.37255739 1.95010366 0.85556097 0.12017433
  1.96109141 0.34934877 0.8508057 ]
 [0.         0.         0.         0.         0.         0.
  0.67461574 0.         0.66066362 1.29779464 0.61963295 0.58902547
  0.79809882 0.         0.49611   ]
 [2.06561102 2.34993869 2.99247339 2.76379311 2.71597516 1.89062032
  0.86555403 0.6450881  0.7183847  0.37329754 0.28902787 0.56001626
  1.16258439 1.05493703 0.36211984]]

6
----------------------------------------------------------------------------------
[[0.         0.         0.         0.         0.02523032 0.14623273
  0.18701089 0.19187375 0.00451797 0.19790911 0.20067997 0.18971233
  0.         0.         0.15474232]
 [0.         0.         0.         0.         0.07607166 0.0529088
  0.42362698 0.18393034 0.34516725 0.01089327 0.         0.
  0.0180685  0.         0.13634054]
 [0.         0.         0.         0.         0.         0.
  0.46986171 0.23593442 0.81288243 0.26982494 0.52992343 0.04626935
  0.         0.01578452 0.19509866]
 [0.         0.         0.         0.         0.         0.17243903
  0.30515435 0.37971223 0.         0.07670853 0.24352796 0.15584244
  0.         0.03267582 0.07444559]
 [0.         0.         0.         0.         0.         0.06379946
  0.31480668 0.41507087 0.00287361 0.05706223 0.33208192 0.30334869
  0.         0.18161232 0.12167365]
 [0.         0.         0.         0.         0.         0.
  0.51690787 1.60029482 0.73231226 0.10282755 0.         0.
  0.         0.01410441 0.10124885]
 [0.         0.         0.         0.         0.01251072 0.
  0.64784747 1.06312902 0.55763796 0.         0.         0.
  0.         0.         0.1296263 ]
 [0.         0.         0.         0.         0.         0.18635939
  0.06657758 0.         0.09118629 0.         0.         0.
  0.         0.         0.18887256]
 [0.34408189 0.53729084 0.         0.         0.         0.07934553
  0.37934514 0.31356614 0.33676347 0.         0.02719114 0.01661822
  0.         0.         0.0437299 ]
 [0.         0.         0.         0.25396008 0.11556156 0.01495279
  0.20996081 0.         0.60640014 0.1756454  0.         0.
  0.         0.10555006 0.        ]
 [0.         0.         0.         0.         0.         0.
  0.145517   0.         0.18562828 0.         0.         0.
  0.         0.         0.02651465]
 [0.30383294 0.         0.         0.         0.         0.11164219
  0.15567515 0.         0.04440146 0.         0.         0.24960749
  0.         0.         0.22924699]
 [0.79481962 0.63081179 0.         0.         0.12190455 0.
  0.04982144 0.19325587 0.23201826 0.44563691 0.74392099 0.31412945
  0.         0.30786343 0.08439328]
 [0.         0.         0.         0.         0.         0.
  0.         1.38379839 0.71879021 0.         0.64288441 1.60944714
  0.05137174 0.         0.01293899]
 [0.         0.24299865 0.         0.         0.00970608 0.
  0.89593611 2.83859812 1.91315863 0.         1.15008895 2.54005753
  0.20842066 0.         0.        ]
 [0.         0.35024677 0.         0.         0.03715628 0.
  0.86370599 1.28574944 1.20519425 0.05183112 0.         0.17905523
  0.10904744 0.         0.15778395]
 [0.         0.         0.         0.         0.12541484 0.04261623
  0.         0.         0.26973109 0.0058987  0.40784044 0.30184622
  0.0707739  0.         0.        ]
 [1.5483034  1.61410171 2.26185364 1.56594469 1.1355656  1.13927772
  1.01313297 1.68609253 1.01217214 1.09251002 1.38528417 1.47972473
  1.65962955 1.39394312 0.76723852]]

7
----------------------------------------------------------------------------------
[[1.92491067e-01 1.41761302e-01 0.00000000e+00 1.93603073e-01
  1.00214431e-01 0.00000000e+00 0.00000000e+00 0.00000000e+00
  1.67022183e-02 3.60895528e-01 2.10175160e-01 0.00000000e+00
  0.00000000e+00 1.35753885e-01 9.02263074e-02]
 [2.35572490e-01 2.10274248e-01 1.66719613e-01 3.08484956e-01
  2.56949206e-01 0.00000000e+00 7.48507479e-02 0.00000000e+00
  2.01062209e-01 2.33511039e-01 1.98616364e-01 4.35959642e-02
  8.39379867e-02 0.00000000e+00 1.22683358e-01]
 [5.33599444e-01 1.40740214e-01 3.62977444e-01 4.47942973e-01
  7.41277897e-01 1.66624355e-01 0.00000000e+00 3.02747736e-02
  4.83149306e-01 5.04469642e-01 1.85553470e-01 0.00000000e+00
  0.00000000e+00 1.00775187e-01 1.79346945e-02]
 [1.19091383e-01 3.42513699e-02 0.00000000e+00 2.87960862e-02
  5.34959236e-02 0.00000000e+00 0.00000000e+00 0.00000000e+00
  8.00506982e-03 1.35722819e-01 2.71291932e-01 2.98560099e-02
  0.00000000e+00 1.34728217e-02 5.15463076e-02]
 [1.49067658e-01 1.08342940e-01 0.00000000e+00 0.00000000e+00
  0.00000000e+00 0.00000000e+00 0.00000000e+00 0.00000000e+00
  0.00000000e+00 5.60932482e-02 1.25004867e-01 2.63351631e-01
  0.00000000e+00 0.00000000e+00 1.62634144e-01]
 [1.18266132e-01 5.07054693e-01 3.69283981e-01 3.44270903e-01
  1.61357331e-01 2.72627154e-01 2.25424384e-01 0.00000000e+00
  2.05831847e-01 2.90883759e-01 9.52692590e-02 0.00000000e+00
  0.00000000e+00 0.00000000e+00 2.61058030e-01]
 [1.71527967e-01 9.28396652e-02 0.00000000e+00 3.74341340e-02
  3.77717580e-02 0.00000000e+00 0.00000000e+00 0.00000000e+00
  0.00000000e+00 1.47789358e-01 0.00000000e+00 2.18909429e-01
  0.00000000e+00 0.00000000e+00 7.00122078e-02]
 [2.61815114e-01 1.78476314e-01 0.00000000e+00 0.00000000e+00
  0.00000000e+00 0.00000000e+00 0.00000000e+00 0.00000000e+00
  3.86888533e-02 1.41684515e-01 1.18115204e-02 0.00000000e+00
  0.00000000e+00 0.00000000e+00 1.36816065e-01]
 [1.33088938e-01 1.89457604e-01 0.00000000e+00 0.00000000e+00
  0.00000000e+00 0.00000000e+00 0.00000000e+00 0.00000000e+00
  0.00000000e+00 4.10142674e-02 3.12632266e-02 1.52437471e-02
  0.00000000e+00 0.00000000e+00 9.98046409e-02]
 [5.04777455e-01 9.23101572e-01 4.52476480e-01 9.28407069e-01
  5.54977939e-01 0.00000000e+00 0.00000000e+00 0.00000000e+00
  8.46295566e-01 6.62841731e-01 0.00000000e+00 0.00000000e+00
  0.00000000e+00 0.00000000e+00 0.00000000e+00]
 [1.94428610e-01 3.22102475e-01 6.04044238e-02 1.21646734e-01
  0.00000000e+00 0.00000000e+00 0.00000000e+00 0.00000000e+00
  0.00000000e+00 1.26552101e-01 0.00000000e+00 0.00000000e+00
  0.00000000e+00 0.00000000e+00 0.00000000e+00]
 [2.75622312e-01 3.36495549e-01 0.00000000e+00 5.34118054e-02
  1.15279108e-02 0.00000000e+00 0.00000000e+00 0.00000000e+00
  1.36173509e-02 4.24445352e-02 8.54090587e-02 1.01391210e-01
  0.00000000e+00 1.26649027e-01 7.82995613e-02]
 [3.86961075e-01 2.20613671e-01 1.63010872e-02 3.35182033e-01
  4.42071575e-01 2.49188568e-01 0.00000000e+00 0.00000000e+00
  2.69736346e-01 4.14260892e-01 2.69406980e-01 1.69963888e-01
  0.00000000e+00 0.00000000e+00 4.07971237e-01]
 [1.27265302e-01 4.09486258e-01 1.61136333e-01 2.17815330e-01
  0.00000000e+00 0.00000000e+00 0.00000000e+00 0.00000000e+00
  0.00000000e+00 0.00000000e+00 0.00000000e+00 0.00000000e+00
  0.00000000e+00 0.00000000e+00 0.00000000e+00]
 [4.31381198e-01 6.77551950e-01 2.11806528e-01 5.51432258e-01
  0.00000000e+00 0.00000000e+00 0.00000000e+00 0.00000000e+00
  1.03893189e-01 2.08525709e-01 4.42354951e-01 5.70693375e-01
  0.00000000e+00 3.69216877e-01 0.00000000e+00]
 [2.39115510e-01 7.75483321e-01 3.13512477e-01 4.78218731e-01
  2.52224271e-01 1.26302463e-01 1.72521538e-01 7.91427747e-02
  4.85701351e-01 4.44805300e-01 1.70759935e-03 0.00000000e+00
  0.00000000e+00 0.00000000e+00 0.00000000e+00]
 [2.67840794e-01 0.00000000e+00 0.00000000e+00 1.92274758e-01
  1.31295138e-02 0.00000000e+00 0.00000000e+00 0.00000000e+00
  0.00000000e+00 0.00000000e+00 0.00000000e+00 0.00000000e+00
  0.00000000e+00 0.00000000e+00 0.00000000e+00]
 [4.70962871e-01 5.66875042e-01 5.75613252e-01 3.57766863e-01
  3.35242621e-01 6.57592531e-01 8.34628560e-01 1.09346279e+00
  2.98932448e-01 4.84098131e-01 9.37761565e-01 1.42013546e+00
  1.93978782e+00 1.91399747e+00 2.18580820e+00]]

8
----------------------------------------------------------------------------------
[[0.03522608 0.         0.         0.08567871 0.04692095 0.25370762
  0.65244378 0.24315073 0.297709   0.29497778 0.30696815 0.
  0.         0.         0.        ]
 [0.         0.         0.         0.22429308 0.         0.28850928
  0.73849033 0.41669997 0.72279657 0.39345323 0.09452908 0.
  0.         0.08896551 0.        ]
 [0.04028306 0.         0.         0.         0.00604593 0.33066128
  0.55810571 0.13724452 0.83703604 0.69228    0.30910644 0.
  0.         0.         0.13521792]
 [0.         0.         0.         0.         0.         0.26501273
  0.58354315 0.21021807 0.29265884 0.19813287 0.2111786  0.05783377
  0.         0.         0.        ]
 [0.066892   0.         0.         0.03662839 0.         0.10604323
  0.49439611 0.25681936 0.16733748 0.44269201 0.22053102 0.
  0.         0.16523232 0.        ]
 [0.         0.         0.         0.         0.         0.
  0.49482082 0.26795565 0.43628727 0.04900367 0.85801091 0.
  0.23064631 0.12441678 0.22151262]
 [0.00597948 0.         0.         0.21858006 0.09099791 0.15972903
  0.43421859 0.28063639 0.09548314 0.40895732 0.30286971 0.
  0.         0.03221928 0.        ]
 [0.         0.         0.         0.         0.         0.1216245
  0.49812639 0.15498413 0.21795948 0.26385472 0.1199319  0.2890876
  1.35539235 0.24475612 0.        ]
 [0.         0.         0.         0.         0.         0.18984694
  0.40120496 0.18049633 0.2127409  0.30093824 0.22202341 1.13705132
  3.47227083 1.53454228 0.        ]
 [0.         0.         0.         0.         0.         0.
  0.56737422 0.         0.36426204 0.23344694 0.0661959  0.09184783
  0.91310161 0.17506369 0.        ]
 [0.         0.         0.         0.         0.28244723 0.11544028
  0.65173875 0.24751753 0.26784318 0.21434862 0.35317952 0.51785996
  1.84601162 1.23320916 0.        ]
 [0.         0.         0.         0.         0.         0.11561276
  0.52769108 0.2014379  0.23238482 0.15988901 0.11680431 0.26069249
  0.9712751  0.91770387 0.        ]
 [0.23576646 0.         0.         0.         0.74748249 0.22986472
  0.         0.63190861 0.55684803 0.06542788 0.36545435 0.13447778
  0.         2.32767938 0.27522279]
 [0.42027109 0.55502085 0.         0.         0.02270509 0.
  0.0954452  0.12600526 0.12328296 0.12601965 0.21923058 0.
  0.         0.         0.        ]
 [0.50469923 0.36816097 0.         0.04539738 0.         0.
  0.41909726 0.         0.37972941 0.41600144 0.         0.00432506
  0.         0.         0.        ]
 [0.24879719 1.52666416 0.05989018 0.06851101 0.077785   0.14566753
  0.37163281 0.16561309 0.         0.14256442 0.08719566 0.
  0.         0.         0.        ]
 [0.21439832 0.         0.         0.         0.         0.
  0.26450452 0.38956672 0.04574252 0.30278695 0.         0.
  0.         0.08119001 0.        ]
 [3.02855948 3.53329959 3.3889418  2.74464482 2.47181582 2.05388282
  1.53981128 1.77965309 1.7678553  1.82303464 1.50076071 1.44666088
  1.79166294 1.32162853 1.29886583]]

9
----------------------------------------------------------------------------------
[[0.         0.04775921 0.         0.         0.         0.
  0.         0.         0.12333336 0.10342569 0.         0.
  0.         0.         0.        ]
 [0.         0.16653731 0.         0.         0.         0.
  0.         0.         0.08432111 0.26945586 0.         0.14005201
  0.         0.         0.        ]
 [0.00467199 0.24447446 0.         0.30604742 0.         0.16359275
  0.02602303 0.09011612 0.12297586 0.07854198 0.         0.01210581
  0.         0.         0.21598076]
 [0.         0.         0.         0.         0.         0.
  0.         0.         0.04063661 0.         0.         0.
  0.         0.         0.        ]
 [0.         0.02768826 0.         0.04760872 0.         0.
  0.         0.         0.07655527 0.01497135 0.         0.13787821
  0.         0.         0.        ]
 [0.         0.16406351 0.         0.         0.06306888 0.
  0.31316182 0.         0.01323017 0.19035505 0.47956961 0.12639979
  0.         0.         0.        ]
 [0.         0.         0.         0.         0.         0.
  0.         0.         0.01799119 0.13085575 0.         0.14536129
  0.         0.         0.        ]
 [0.3901741  0.07343837 0.04787042 0.         0.         0.
  0.         0.         0.         0.08287986 0.         0.
  0.         0.         0.        ]
 [0.90075304 0.35426915 0.16317172 0.         0.         0.
  0.         0.         0.         0.14247695 0.         0.
  0.         0.         0.        ]
 [0.         0.22207307 0.         0.         0.         0.
  0.         0.3741934  0.         0.12381484 0.00820642 0.22341206
  0.         0.06903329 0.        ]
 [1.41477179 0.0858818  0.         0.         0.         0.
  0.         0.         0.0158479  0.0424475  0.         0.
  0.         0.         0.        ]
 [0.         0.03620651 0.         0.         0.         0.
  0.06242122 0.         0.         0.23125977 0.         0.
  0.         0.         0.        ]
 [0.65976316 0.36253482 0.         0.         0.         0.01322369
  0.23904799 0.95300465 1.09515645 0.36314784 0.         0.24311961
  0.01660872 0.04263692 0.74850563]
 [0.         0.02131894 0.         0.         0.         0.
  0.         0.         0.47919348 0.         0.         0.
  0.01946023 0.76486919 1.4100791 ]
 [0.         0.00680384 0.         0.         0.         0.
  0.         0.01108384 1.02180067 0.6421522  0.14753096 0.00350537
  0.         1.70956216 2.15774553]
 [0.28562233 0.         0.09273071 0.         0.03705902 0.20981194
  0.02788723 0.23977636 0.53269844 0.55473991 0.25594196 0.01708647
  0.06703635 1.18115616 2.19724524]
 [0.         0.01885026 0.         0.         0.         0.
  0.         0.         0.04400982 0.         0.         0.
  0.00341098 0.78068368 1.71805602]
 [0.94535386 1.1928013  1.20995708 1.60313667 1.33839525 1.0633551
  0.85565111 0.66286119 0.5728159  0.67232301 1.21271422 0.54100942
  0.87374856 0.75310748 0.66462683]]

10
----------------------------------------------------------------------------------
[[0.00000000e+00 0.00000000e+00 5.98455589e-02 0.00000000e+00
  2.80617980e-02 0.00000000e+00 0.00000000e+00 0.00000000e+00
  0.00000000e+00 0.00000000e+00 4.03826660e-02 0.00000000e+00
  0.00000000e+00 0.00000000e+00 0.00000000e+00]
 [1.50949830e-01 2.28383320e-01 3.13527555e-01 0.00000000e+00
  1.56803087e-01 0.00000000e+00 0.00000000e+00 9.36540499e-02
  5.92180275e-02 0.00000000e+00 0.00000000e+00 0.00000000e+00
  0.00000000e+00 0.00000000e+00 0.00000000e+00]
 [2.29080984e-01 1.99595511e-01 3.80093474e-01 6.04884950e-02
  1.10772272e-01 6.60827762e-01 0.00000000e+00 0.00000000e+00
  1.42343540e-01 0.00000000e+00 0.00000000e+00 0.00000000e+00
  0.00000000e+00 0.00000000e+00 0.00000000e+00]
 [0.00000000e+00 1.81074755e-01 8.03299224e-02 0.00000000e+00
  0.00000000e+00 0.00000000e+00 0.00000000e+00 1.44681249e-03
  0.00000000e+00 0.00000000e+00 3.14257792e-02 0.00000000e+00
  0.00000000e+00 0.00000000e+00 0.00000000e+00]
 [0.00000000e+00 0.00000000e+00 2.55602012e-02 0.00000000e+00
  8.70747971e-02 0.00000000e+00 0.00000000e+00 0.00000000e+00
  0.00000000e+00 0.00000000e+00 0.00000000e+00 0.00000000e+00
  0.00000000e+00 0.00000000e+00 0.00000000e+00]
 [1.47632933e-01 2.44484549e-02 6.87392352e-02 8.52549362e-02
  2.45739212e-01 2.81343816e-01 0.00000000e+00 0.00000000e+00
  0.00000000e+00 8.40293433e-02 0.00000000e+00 7.77704372e-03
  0.00000000e+00 0.00000000e+00 0.00000000e+00]
 [0.00000000e+00 0.00000000e+00 9.99274704e-03 0.00000000e+00
  0.00000000e+00 6.26291026e-02 0.00000000e+00 0.00000000e+00
  0.00000000e+00 0.00000000e+00 0.00000000e+00 0.00000000e+00
  0.00000000e+00 0.00000000e+00 0.00000000e+00]
 [3.83128480e-02 1.08104756e+00 1.67553900e-01 5.13029466e-02
  1.94663861e-01 0.00000000e+00 0.00000000e+00 0.00000000e+00
  0.00000000e+00 0.00000000e+00 0.00000000e+00 0.00000000e+00
  0.00000000e+00 0.00000000e+00 0.00000000e+00]
 [8.67698054e-01 4.80258226e+00 1.11378870e+00 1.06922917e+00
  2.19441622e+00 9.42934844e-01 3.49764917e-01 9.85242522e-02
  8.91727076e-02 0.00000000e+00 0.00000000e+00 0.00000000e+00
  0.00000000e+00 0.00000000e+00 0.00000000e+00]
 [1.76041740e-01 7.87825910e-01 7.17784787e-01 3.66537315e-01
  4.22576301e-01 3.06815120e-01 0.00000000e+00 0.00000000e+00
  4.62437259e-01 1.51118900e-02 0.00000000e+00 4.85899423e-02
  1.69556449e-01 5.00241062e-01 0.00000000e+00]
 [1.65794261e-01 4.50850597e+00 2.42335192e+00 4.55764595e+00
  2.27694383e+00 1.24553418e+00 8.91797268e-02 1.41745506e-01
  1.07115545e-01 0.00000000e+00 0.00000000e+00 0.00000000e+00
  0.00000000e+00 0.00000000e+00 0.00000000e+00]
 [4.90789061e-02 2.46080520e+00 8.47024426e-01 8.86545248e-01
  1.18525663e+00 0.00000000e+00 0.00000000e+00 7.73382901e-02
  0.00000000e+00 0.00000000e+00 7.37977667e-02 0.00000000e+00
  0.00000000e+00 0.00000000e+00 0.00000000e+00]
 [9.91305547e-01 2.14059179e+00 3.24874228e+00 2.67446494e+00
  1.46898187e+00 4.47720991e-01 2.29183806e-01 0.00000000e+00
  0.00000000e+00 0.00000000e+00 0.00000000e+00 0.00000000e+00
  1.06730249e-01 0.00000000e+00 0.00000000e+00]
 [0.00000000e+00 0.00000000e+00 1.17386965e-01 5.97045104e-01
  6.73974874e-01 0.00000000e+00 8.18102651e-02 2.25868674e-01
  2.58176914e-01 3.87024020e-01 5.13515761e-01 2.31734937e-01
  1.35882242e+00 2.45095109e-01 0.00000000e+00]
 [4.77128158e-01 4.27899997e-01 3.34899312e-01 1.36659690e+00
  1.12154251e+00 2.90015199e-01 1.18456038e+00 2.00478510e+00
  1.30584584e+00 8.11732919e-01 5.30232885e-01 4.55940305e-01
  1.67550308e+00 5.96260848e-01 0.00000000e+00]
 [3.77881687e-01 7.51578198e-01 3.13163510e-01 1.14647490e+00
  4.59498409e-01 2.69262736e-01 6.54171148e-01 9.51287772e-01
  1.03071485e+00 6.91515543e-01 4.15120123e-01 0.00000000e+00
  6.93330515e-03 5.02563755e-01 0.00000000e+00]
 [3.01799448e-01 0.00000000e+00 2.80075931e-01 8.55078721e-01
  5.66473622e-01 2.02377817e-01 0.00000000e+00 4.80453843e-01
  8.48486676e-01 5.04054412e-01 9.23637464e-01 8.56647807e-01
  1.27543609e+00 4.23820406e-01 0.00000000e+00]
 [6.78083191e-01 5.11057909e-01 4.35609374e-01 6.14884278e-01
  5.90163492e-01 5.64433312e-01 1.04732059e+00 1.09021440e+00
  1.22956804e+00 1.09469359e+00 8.24264733e-01 8.67101941e-01
  5.33785440e-01 9.03999839e-01 2.21367108e+00]]

11
----------------------------------------------------------------------------------
[[0.00000000e+00 0.00000000e+00 0.00000000e+00 8.32241126e-01
  2.84328522e-01 0.00000000e+00 0.00000000e+00 0.00000000e+00
  0.00000000e+00 0.00000000e+00 2.51371727e-01 0.00000000e+00
  0.00000000e+00 1.43493452e-01 0.00000000e+00]
 [0.00000000e+00 0.00000000e+00 0.00000000e+00 0.00000000e+00
  0.00000000e+00 0.00000000e+00 0.00000000e+00 0.00000000e+00
  0.00000000e+00 0.00000000e+00 1.12959414e-01 0.00000000e+00
  0.00000000e+00 2.23658322e-01 1.70870190e-01]
 [4.81037653e-02 0.00000000e+00 5.15191484e-02 0.00000000e+00
  4.68470476e-02 0.00000000e+00 0.00000000e+00 0.00000000e+00
  0.00000000e+00 0.00000000e+00 6.54633246e-01 0.00000000e+00
  0.00000000e+00 5.63317353e-01 1.23213548e-01]
 [0.00000000e+00 0.00000000e+00 0.00000000e+00 7.60803851e-01
  8.63347612e-01 0.00000000e+00 0.00000000e+00 0.00000000e+00
  0.00000000e+00 0.00000000e+00 2.55494146e-04 0.00000000e+00
  0.00000000e+00 0.00000000e+00 0.00000000e+00]
 [0.00000000e+00 0.00000000e+00 0.00000000e+00 4.07290424e-02
  1.90189510e-01 0.00000000e+00 0.00000000e+00 0.00000000e+00
  0.00000000e+00 0.00000000e+00 1.93964132e-01 0.00000000e+00
  0.00000000e+00 1.43027810e-03 0.00000000e+00]
 [0.00000000e+00 0.00000000e+00 2.83554569e-01 1.01172539e-01
  6.65324586e-01 0.00000000e+00 0.00000000e+00 0.00000000e+00
  0.00000000e+00 0.00000000e+00 3.87183734e-01 0.00000000e+00
  0.00000000e+00 9.01771705e-01 5.10278225e-01]
 [0.00000000e+00 0.00000000e+00 1.77003452e-01 0.00000000e+00
  2.74845178e-01 1.91300211e-02 0.00000000e+00 0.00000000e+00
  0.00000000e+00 0.00000000e+00 1.63821298e-02 0.00000000e+00
  0.00000000e+00 3.62680487e-03 0.00000000e+00]
 [0.00000000e+00 0.00000000e+00 3.79880531e+00 1.02668110e+00
  8.44641822e-01 3.85391449e-01 0.00000000e+00 1.01676370e+00
  0.00000000e+00 0.00000000e+00 0.00000000e+00 0.00000000e+00
  0.00000000e+00 0.00000000e+00 2.35258947e-01]
 [0.00000000e+00 3.11561917e-01 8.09739024e+00 1.24003921e+00
  1.04794179e+00 8.15553111e-01 0.00000000e+00 1.08659575e+00
  1.61218375e-01 0.00000000e+00 0.00000000e+00 0.00000000e+00
  0.00000000e+00 0.00000000e+00 4.48206712e-01]
 [0.00000000e+00 0.00000000e+00 2.33824971e-01 4.13006499e-01
  4.32642171e-01 0.00000000e+00 0.00000000e+00 0.00000000e+00
  0.00000000e+00 0.00000000e+00 0.00000000e+00 0.00000000e+00
  0.00000000e+00 0.00000000e+00 5.03151988e-01]
 [0.00000000e+00 0.00000000e+00 3.98146867e+00 3.42092062e+00
  0.00000000e+00 4.54374447e-01 0.00000000e+00 5.19887335e-02
  8.81637671e-01 0.00000000e+00 1.64427005e-01 0.00000000e+00
  5.58458198e-01 0.00000000e+00 4.70228729e-01]
 [0.00000000e+00 0.00000000e+00 1.19539544e+00 0.00000000e+00
  3.79835113e-01 0.00000000e+00 0.00000000e+00 1.53977132e-01
  0.00000000e+00 0.00000000e+00 0.00000000e+00 0.00000000e+00
  0.00000000e+00 0.00000000e+00 2.84858003e-01]
 [4.76022267e-01 0.00000000e+00 8.12973529e+00 7.31575225e-01
  1.53221008e-01 5.79518488e-01 0.00000000e+00 0.00000000e+00
  1.52419276e+00 0.00000000e+00 4.11165492e-01 0.00000000e+00
  7.89888969e-02 2.26790616e-02 5.05967040e-01]
 [0.00000000e+00 0.00000000e+00 0.00000000e+00 0.00000000e+00
  0.00000000e+00 0.00000000e+00 0.00000000e+00 0.00000000e+00
  0.00000000e+00 0.00000000e+00 0.00000000e+00 0.00000000e+00
  0.00000000e+00 0.00000000e+00 1.98068731e-01]
 [0.00000000e+00 0.00000000e+00 0.00000000e+00 0.00000000e+00
  0.00000000e+00 0.00000000e+00 0.00000000e+00 0.00000000e+00
  0.00000000e+00 0.00000000e+00 0.00000000e+00 0.00000000e+00
  0.00000000e+00 0.00000000e+00 2.93552896e-01]
 [0.00000000e+00 0.00000000e+00 0.00000000e+00 2.29767652e-01
  1.73910082e-01 0.00000000e+00 0.00000000e+00 0.00000000e+00
  0.00000000e+00 0.00000000e+00 0.00000000e+00 0.00000000e+00
  0.00000000e+00 0.00000000e+00 2.50498275e-01]
 [0.00000000e+00 0.00000000e+00 0.00000000e+00 0.00000000e+00
  0.00000000e+00 0.00000000e+00 0.00000000e+00 0.00000000e+00
  0.00000000e+00 0.00000000e+00 0.00000000e+00 0.00000000e+00
  0.00000000e+00 0.00000000e+00 2.81268450e-01]
 [1.64150832e+00 1.92919347e+00 1.21310154e+00 7.45178808e-01
  1.00446617e+00 1.91078348e+00 2.91429360e+00 3.29888775e+00
  3.24722681e+00 2.66900478e+00 2.01058727e+00 2.15616546e+00
  1.70821097e+00 5.92110748e-01 3.93753443e-01]]

12
----------------------------------------------------------------------------------
[[0.00000000e+00 0.00000000e+00 0.00000000e+00 0.00000000e+00
  8.79414032e-02 1.07379280e-01 0.00000000e+00 0.00000000e+00
  0.00000000e+00 3.38475753e-02 0.00000000e+00 0.00000000e+00
  0.00000000e+00 0.00000000e+00 2.13897832e-01]
 [0.00000000e+00 0.00000000e+00 0.00000000e+00 0.00000000e+00
  3.50270690e-01 9.82169126e-02 0.00000000e+00 0.00000000e+00
  0.00000000e+00 9.44277060e-03 4.34512621e-02 0.00000000e+00
  0.00000000e+00 0.00000000e+00 2.48359504e-01]
 [0.00000000e+00 0.00000000e+00 1.08694679e-01 0.00000000e+00
  2.49492519e-01 8.82058490e-01 3.61097746e-01 0.00000000e+00
  0.00000000e+00 1.78493412e-01 4.29958508e-01 2.17534770e-01
  9.82217791e-01 0.00000000e+00 6.23324651e-01]
 [0.00000000e+00 0.00000000e+00 0.00000000e+00 0.00000000e+00
  0.00000000e+00 2.13960041e-02 0.00000000e+00 0.00000000e+00
  0.00000000e+00 0.00000000e+00 0.00000000e+00 0.00000000e+00
  0.00000000e+00 0.00000000e+00 2.98546195e-01]
 [0.00000000e+00 0.00000000e+00 0.00000000e+00 0.00000000e+00
  0.00000000e+00 3.54910701e-02 0.00000000e+00 0.00000000e+00
  0.00000000e+00 0.00000000e+00 0.00000000e+00 0.00000000e+00
  1.71892176e-02 0.00000000e+00 3.37305213e-01]
 [4.23154596e-01 0.00000000e+00 0.00000000e+00 2.94412217e-01
  3.56191817e-01 1.64556965e-01 4.42450194e-01 0.00000000e+00
  0.00000000e+00 1.73879852e-01 0.00000000e+00 4.23539440e-01
  1.91828366e-01 0.00000000e+00 7.14135094e-01]
 [0.00000000e+00 0.00000000e+00 0.00000000e+00 0.00000000e+00
  0.00000000e+00 2.42084225e-02 0.00000000e+00 0.00000000e+00
  0.00000000e+00 2.15640398e-04 0.00000000e+00 0.00000000e+00
  2.34305868e-02 0.00000000e+00 2.20816322e-01]
 [0.00000000e+00 0.00000000e+00 0.00000000e+00 0.00000000e+00
  4.21219362e-01 8.06591103e-02 0.00000000e+00 0.00000000e+00
  0.00000000e+00 0.00000000e+00 0.00000000e+00 0.00000000e+00
  0.00000000e+00 0.00000000e+00 1.47471008e-01]
 [0.00000000e+00 0.00000000e+00 0.00000000e+00 8.66833247e-01
  1.62370197e+00 7.46506229e-01 1.39739462e-01 0.00000000e+00
  0.00000000e+00 0.00000000e+00 0.00000000e+00 0.00000000e+00
  0.00000000e+00 0.00000000e+00 1.80184208e-01]
 [0.00000000e+00 0.00000000e+00 0.00000000e+00 0.00000000e+00
  6.48194278e-01 3.69246829e-01 2.04631753e-01 2.69776171e-01
  0.00000000e+00 0.00000000e+00 0.00000000e+00 3.86743395e-01
  3.99173499e-01 0.00000000e+00 5.65373588e-02]
 [0.00000000e+00 0.00000000e+00 0.00000000e+00 7.24630249e-01
  1.62997998e+00 6.64946929e-01 1.55233443e-01 0.00000000e+00
  0.00000000e+00 0.00000000e+00 0.00000000e+00 0.00000000e+00
  0.00000000e+00 0.00000000e+00 8.26624268e-02]
 [0.00000000e+00 0.00000000e+00 0.00000000e+00 3.84637329e-01
  3.22998879e-01 3.54124685e-02 0.00000000e+00 0.00000000e+00
  0.00000000e+00 0.00000000e+00 0.00000000e+00 0.00000000e+00
  0.00000000e+00 0.00000000e+00 4.67365280e-02]
 [0.00000000e+00 4.97316906e-02 0.00000000e+00 1.64791777e+00
  1.70194248e+00 1.59019462e-01 2.05872906e-01 9.78339008e-01
  0.00000000e+00 2.25582141e-01 5.40154721e-01 3.05196834e-01
  2.75318945e-01 5.69800858e-03 3.45782617e-01]
 [0.00000000e+00 0.00000000e+00 3.59354059e-02 1.76791253e-02
  2.24287039e+00 2.66021466e-01 5.50579903e-02 3.62245331e-01
  1.39965783e-01 3.38070088e-01 0.00000000e+00 0.00000000e+00
  0.00000000e+00 0.00000000e+00 0.00000000e+00]
 [0.00000000e+00 0.00000000e+00 6.39826272e-01 1.23864559e+00
  3.44821955e+00 1.16555955e+00 2.56806108e-01 2.86863069e-01
  4.22131356e-01 7.29502948e-01 3.58403669e-01 1.01333654e-01
  0.00000000e+00 0.00000000e+00 0.00000000e+00]
 [0.00000000e+00 0.00000000e+00 5.20433318e-01 1.48331715e+00
  2.09883160e+00 7.37542722e-01 8.98825852e-01 1.06716219e+00
  4.14127243e-01 9.93270044e-01 7.24284140e-01 2.40441418e-01
  8.15726313e-02 0.00000000e+00 5.22850770e-01]
 [0.00000000e+00 0.00000000e+00 0.00000000e+00 0.00000000e+00
  8.54275479e-01 1.91649136e-01 3.23059924e-02 0.00000000e+00
  0.00000000e+00 3.64639203e-02 0.00000000e+00 0.00000000e+00
  0.00000000e+00 0.00000000e+00 0.00000000e+00]
 [1.45890069e+00 1.86864950e+00 1.57986748e+00 1.38396450e+00
  6.04613424e-01 4.30631728e-01 5.09328856e-01 5.51747331e-01
  8.80342694e-01 6.48601522e-01 6.09184008e-01 8.22813170e-01
  7.10054843e-01 1.08967765e+00 5.25643848e-01]]

13
----------------------------------------------------------------------------------
[[1.71854650e-01 0.00000000e+00 0.00000000e+00 0.00000000e+00
  6.32453128e-02 0.00000000e+00 1.83107083e-01 0.00000000e+00
  0.00000000e+00 7.92651379e-03 2.66505799e-01 0.00000000e+00
  0.00000000e+00 1.98837440e-01 0.00000000e+00]
 [0.00000000e+00 0.00000000e+00 1.69553518e-01 3.21346974e-02
  2.23326743e-01 0.00000000e+00 5.77454661e-02 0.00000000e+00
  2.97643603e-01 3.32743489e-02 2.97163648e-01 0.00000000e+00
  0.00000000e+00 4.78375355e-02 0.00000000e+00]
 [2.14898941e-01 0.00000000e+00 0.00000000e+00 5.11369019e-01
  3.23049835e-01 2.18123516e-01 4.45766287e-01 4.76459232e-01
  2.96042932e-01 0.00000000e+00 3.73049766e-01 0.00000000e+00
  2.44179365e-01 0.00000000e+00 5.69295934e-02]
 [0.00000000e+00 0.00000000e+00 0.00000000e+00 0.00000000e+00
  1.68409039e-01 0.00000000e+00 0.00000000e+00 0.00000000e+00
  0.00000000e+00 0.00000000e+00 2.56648930e-01 0.00000000e+00
  0.00000000e+00 1.13715023e-01 0.00000000e+00]
 [0.00000000e+00 0.00000000e+00 0.00000000e+00 0.00000000e+00
  2.02682392e-01 0.00000000e+00 0.00000000e+00 0.00000000e+00
  0.00000000e+00 2.27493972e-02 1.25537268e-01 0.00000000e+00
  0.00000000e+00 1.46297960e-01 0.00000000e+00]
 [1.89592538e-01 2.57231519e-01 0.00000000e+00 0.00000000e+00
  3.80745444e-01 0.00000000e+00 4.04550217e-02 3.11569049e-01
  0.00000000e+00 4.41120965e-02 6.37927172e-01 0.00000000e+00
  0.00000000e+00 4.30102668e-01 0.00000000e+00]
 [0.00000000e+00 0.00000000e+00 0.00000000e+00 0.00000000e+00
  1.50849138e-01 0.00000000e+00 0.00000000e+00 0.00000000e+00
  0.00000000e+00 6.51008260e-02 1.17134521e-01 0.00000000e+00
  0.00000000e+00 1.84584631e-01 0.00000000e+00]
 [0.00000000e+00 0.00000000e+00 0.00000000e+00 0.00000000e+00
  2.96204168e-02 0.00000000e+00 0.00000000e+00 0.00000000e+00
  0.00000000e+00 0.00000000e+00 1.40077885e-01 0.00000000e+00
  0.00000000e+00 1.32745059e-01 0.00000000e+00]
 [0.00000000e+00 0.00000000e+00 0.00000000e+00 0.00000000e+00
  1.37366010e-01 0.00000000e+00 0.00000000e+00 0.00000000e+00
  0.00000000e+00 0.00000000e+00 1.54949683e-01 0.00000000e+00
  0.00000000e+00 9.88220198e-02 9.76534457e-02]
 [0.00000000e+00 0.00000000e+00 0.00000000e+00 8.72400604e-02
  3.16415278e-01 1.31490004e-01 3.10144442e-01 2.53409251e-01
  1.67327645e-01 9.68807918e-02 3.99278908e-01 1.92254771e-01
  0.00000000e+00 0.00000000e+00 9.52006332e-01]
 [0.00000000e+00 0.00000000e+00 0.00000000e+00 0.00000000e+00
  2.99267115e-01 5.04098557e-03 2.31276084e-01 7.42181170e-02
  1.80306292e-02 1.58920489e-01 1.42302319e-01 0.00000000e+00
  0.00000000e+00 1.24124778e-01 0.00000000e+00]
 [0.00000000e+00 0.00000000e+00 0.00000000e+00 0.00000000e+00
  5.72731332e-02 0.00000000e+00 2.71659577e-02 0.00000000e+00
  3.44019503e-02 1.11356967e-01 2.50037667e-01 1.24844370e-02
  4.75241270e-03 0.00000000e+00 0.00000000e+00]
 [0.00000000e+00 0.00000000e+00 0.00000000e+00 1.50929042e-01
  4.93906361e-01 2.10051483e-01 5.96487255e-01 1.70370639e-01
  7.69033693e-01 0.00000000e+00 4.00334736e-01 1.91257139e-01
  1.00944882e-01 1.61093308e-01 1.03740302e-01]
 [0.00000000e+00 0.00000000e+00 0.00000000e+00 0.00000000e+00
  0.00000000e+00 0.00000000e+00 1.32958252e-01 0.00000000e+00
  0.00000000e+00 0.00000000e+00 4.22361447e-01 0.00000000e+00
  0.00000000e+00 2.12165497e-01 7.46922035e-02]
 [2.65896580e-01 0.00000000e+00 0.00000000e+00 0.00000000e+00
  0.00000000e+00 0.00000000e+00 0.00000000e+00 1.38598130e-03
  8.89250415e-02 8.85691363e-02 3.03675900e-01 1.28968097e-01
  0.00000000e+00 0.00000000e+00 0.00000000e+00]
 [1.76163468e-01 7.27229987e-01 0.00000000e+00 3.42606506e-01
  4.94659896e-01 2.96267355e-01 3.42071113e-01 7.19898640e-01
  2.32185123e-01 0.00000000e+00 4.97931915e-01 0.00000000e+00
  0.00000000e+00 1.89852248e-01 9.58473162e-02]
 [0.00000000e+00 0.00000000e+00 0.00000000e+00 0.00000000e+00
  0.00000000e+00 0.00000000e+00 0.00000000e+00 0.00000000e+00
  0.00000000e+00 0.00000000e+00 3.59528317e-01 0.00000000e+00
  0.00000000e+00 7.51597432e-02 0.00000000e+00]
 [1.08150715e+00 1.69106443e+00 1.43432288e+00 1.29815602e+00
  5.23417513e-01 6.75309481e-01 3.39584616e-01 4.50692297e-01
  2.86800239e-01 7.56945340e-01 5.88034837e-01 9.32747109e-01
  1.09998638e+00 8.21055036e-01 8.52776506e-01]]

14
----------------------------------------------------------------------------------
[[0.00000000e+00 0.00000000e+00 0.00000000e+00 0.00000000e+00
  0.00000000e+00 0.00000000e+00 1.63488770e-01 0.00000000e+00
  8.57435194e-03 9.67612063e-02 0.00000000e+00 1.70006010e-01
  0.00000000e+00 1.08866851e-01 0.00000000e+00]
 [1.88832811e-01 4.19445899e-02 0.00000000e+00 0.00000000e+00
  0.00000000e+00 0.00000000e+00 1.55185568e-01 2.88953695e-01
  0.00000000e+00 2.29125679e-01 2.08998480e-01 3.84470547e-01
  7.68524902e-02 1.20072050e-02 0.00000000e+00]
 [5.50770841e-01 0.00000000e+00 0.00000000e+00 0.00000000e+00
  0.00000000e+00 0.00000000e+00 0.00000000e+00 2.56358388e-01
  1.32165264e-01 7.44454035e-02 2.06174290e-01 2.24016494e-01
  1.88483399e-01 2.03050275e-01 0.00000000e+00]
 [1.39712397e-01 0.00000000e+00 0.00000000e+00 0.00000000e+00
  2.55768443e-01 1.21065412e-01 1.22461245e-01 9.64891652e-02
  6.35179862e-02 7.15879621e-02 0.00000000e+00 4.02897596e-02
  0.00000000e+00 0.00000000e+00 0.00000000e+00]
 [6.65682277e-02 0.00000000e+00 0.00000000e+00 8.85333222e-02
  2.31542175e-01 2.54144059e-01 1.54122506e-01 1.48308513e-01
  0.00000000e+00 1.48160549e-01 0.00000000e+00 0.00000000e+00
  0.00000000e+00 0.00000000e+00 0.00000000e+00]
 [1.92850215e-01 2.00563285e-01 0.00000000e+00 0.00000000e+00
  0.00000000e+00 0.00000000e+00 3.37044247e-01 1.34635762e-01
  2.27389906e-02 5.07301247e-01 3.38221254e-01 1.47617234e-01
  9.10907587e-02 3.24538719e-01 0.00000000e+00]
 [1.02706939e-01 0.00000000e+00 0.00000000e+00 0.00000000e+00
  9.80232793e-02 0.00000000e+00 0.00000000e+00 1.01700375e-01
  0.00000000e+00 9.02801134e-02 9.15492815e-02 6.99652199e-02
  0.00000000e+00 0.00000000e+00 0.00000000e+00]
 [2.78816390e+00 3.97453078e-01 0.00000000e+00 2.27140882e-01
  0.00000000e+00 0.00000000e+00 6.41168053e-01 5.60103502e-01
  6.81477508e-01 5.20405730e-01 4.72812259e-02 9.66173424e-02
  0.00000000e+00 0.00000000e+00 0.00000000e+00]
 [4.43473572e+00 1.47818531e+00 5.98612297e-01 8.11796734e-01
  7.41746528e-02 0.00000000e+00 1.02899371e+00 9.90400103e-01
  1.50647548e+00 1.08667868e+00 2.04609676e-01 8.84860891e-02
  0.00000000e+00 0.00000000e+00 0.00000000e+00]
 [5.97068943e-01 6.50885884e-01 0.00000000e+00 6.63977397e-02
  0.00000000e+00 1.64459988e-01 0.00000000e+00 7.07695444e-01
  4.13057419e-01 5.52059776e-01 2.39401987e-01 2.99262545e-01
  1.46274382e-01 4.42115788e-01 2.87528471e-01]
 [5.36576932e+00 2.62772895e+00 4.38759689e-01 5.12643209e-01
  3.81114641e-01 0.00000000e+00 3.43620048e-01 1.05032869e+00
  1.20567136e+00 8.09432313e-01 3.22053530e-01 3.35730865e-01
  0.00000000e+00 0.00000000e+00 0.00000000e+00]
 [6.30777838e-01 1.13087518e-01 0.00000000e+00 1.25432197e-01
  0.00000000e+00 0.00000000e+00 1.73008486e-01 2.66574346e-01
  2.68806329e-01 2.69798895e-01 1.09749791e-01 1.04258714e-01
  0.00000000e+00 0.00000000e+00 0.00000000e+00]
 [6.05996406e+00 1.58977013e+00 0.00000000e+00 1.23541071e-01
  1.69372472e-01 0.00000000e+00 2.40298149e+01 1.17820947e-01
  7.53346999e-01 2.87191059e-01 3.43807847e-01 4.04652550e-01
  1.14960864e-01 3.91570850e-01 0.00000000e+00]
 [2.65571872e-01 0.00000000e+00 4.49121726e-02 4.54321059e-02
  2.75091447e-01 0.00000000e+00 0.00000000e+00 9.05455224e-01
  1.17290983e+00 1.60057241e+00 4.74867564e-01 4.01825422e-01
  2.00896586e-01 3.36409246e-01 0.00000000e+00]
 [1.78837187e-01 0.00000000e+00 0.00000000e+00 5.62882150e-01
  4.25223726e-01 2.28747428e-01 3.70830524e-01 1.19038535e+00
  2.08056234e+00 2.45067110e+00 1.51368223e+00 7.68092806e-01
  3.52126616e-01 3.70463399e-01 0.00000000e+00]
 [2.04177990e-01 3.05310883e-01 0.00000000e+00 5.74782568e-01
  7.52628386e-01 8.73120095e-01 7.23324292e-01 6.96543165e-01
  4.94191341e-01 8.40971170e-01 1.28800447e+00 7.65373257e-01
  4.08008308e-01 5.73544201e-01 6.76409774e-02]
 [0.00000000e+00 0.00000000e+00 0.00000000e+00 7.53049551e-02
  3.44366002e-01 6.13540741e-02 7.88090451e-01 8.84174552e-01
  5.35678619e-01 8.98890467e-01 8.62357149e-01 4.94689278e-01
  4.90935030e-02 2.09535560e-01 0.00000000e+00]
 [5.61190538e-01 1.07657698e+00 1.53922537e+00 1.45086591e+00
  1.53447304e+00 1.74439665e+00 9.91308368e-01 6.53472698e-01
  5.43809348e-01 3.31816481e-01 3.69825306e-01 2.04549679e-01
  4.60829582e-01 3.94666309e-01 7.60732935e-01]]

16
----------------------------------------------------------------------------------
[[0.00000000e+00 3.51408062e-02 8.11540013e-02 0.00000000e+00
  0.00000000e+00 2.22038690e-02 0.00000000e+00 9.05805173e-02
  1.83661532e-01 0.00000000e+00 0.00000000e+00 0.00000000e+00
  0.00000000e+00 0.00000000e+00 0.00000000e+00]
 [1.22492191e-01 1.86062171e-01 3.03675899e-01 0.00000000e+00
  0.00000000e+00 2.63663706e-01 0.00000000e+00 1.42558948e-01
  0.00000000e+00 0.00000000e+00 1.02192312e-02 0.00000000e+00
  2.46823259e-02 0.00000000e+00 1.19173307e-01]
 [2.66822395e-01 1.22347509e-01 7.49787030e-02 0.00000000e+00
  0.00000000e+00 1.79174003e-01 0.00000000e+00 4.01673724e-01
  7.65019958e-02 1.58589365e-02 0.00000000e+00 4.49635367e-01
  0.00000000e+00 0.00000000e+00 0.00000000e+00]
 [5.42393366e-02 0.00000000e+00 5.32060061e-02 0.00000000e+00
  0.00000000e+00 1.79089151e-02 0.00000000e+00 1.03007556e-01
  0.00000000e+00 0.00000000e+00 0.00000000e+00 0.00000000e+00
  0.00000000e+00 0.00000000e+00 0.00000000e+00]
 [7.65370247e-03 2.45375812e-02 3.53543130e-02 0.00000000e+00
  0.00000000e+00 2.38312691e-01 0.00000000e+00 2.10897260e-01
  0.00000000e+00 0.00000000e+00 0.00000000e+00 0.00000000e+00
  0.00000000e+00 0.00000000e+00 0.00000000e+00]
 [1.98923126e-01 2.09991888e-01 1.51364829e-01 5.99520643e-01
  0.00000000e+00 0.00000000e+00 3.61364782e-01 2.12350053e-01
  4.16650763e-01 3.73819530e-01 0.00000000e+00 0.00000000e+00
  0.00000000e+00 0.00000000e+00 1.99974839e-01]
 [2.66196777e-02 0.00000000e+00 1.33948940e-01 1.71459806e-02
  0.00000000e+00 1.03702595e-01 0.00000000e+00 3.47384789e-02
  0.00000000e+00 0.00000000e+00 0.00000000e+00 0.00000000e+00
  0.00000000e+00 0.00000000e+00 0.00000000e+00]
 [2.95708358e-02 3.93485070e-02 0.00000000e+00 0.00000000e+00
  0.00000000e+00 8.30045299e-04 0.00000000e+00 1.12155459e-01
  1.03605556e-01 0.00000000e+00 0.00000000e+00 0.00000000e+00
  0.00000000e+00 0.00000000e+00 0.00000000e+00]
 [0.00000000e+00 0.00000000e+00 1.65127542e-02 0.00000000e+00
  0.00000000e+00 3.59392319e-02 0.00000000e+00 9.97327343e-02
  6.46416956e-02 0.00000000e+00 0.00000000e+00 0.00000000e+00
  0.00000000e+00 0.00000000e+00 0.00000000e+00]
 [3.20541658e-01 1.11577473e-01 1.11896795e-01 3.22884433e-02
  6.44294812e-01 1.82022784e-01 1.10383661e-01 5.53576741e-01
  2.31475280e-01 0.00000000e+00 0.00000000e+00 0.00000000e+00
  0.00000000e+00 0.00000000e+00 0.00000000e+00]
 [0.00000000e+00 0.00000000e+00 0.00000000e+00 0.00000000e+00
  0.00000000e+00 0.00000000e+00 0.00000000e+00 3.85486031e-02
  0.00000000e+00 0.00000000e+00 0.00000000e+00 0.00000000e+00
  0.00000000e+00 0.00000000e+00 0.00000000e+00]
 [1.60576043e-01 1.32476692e-01 0.00000000e+00 0.00000000e+00
  0.00000000e+00 3.06220896e-02 0.00000000e+00 4.03555928e-01
  0.00000000e+00 0.00000000e+00 0.00000000e+00 0.00000000e+00
  1.41805552e-02 0.00000000e+00 0.00000000e+00]
 [5.43705490e-01 3.38420046e-01 1.56261734e-01 3.20685955e-01
  1.46623548e-01 0.00000000e+00 0.00000000e+00 4.02268127e-01
  1.03493129e-01 4.32367246e-01 0.00000000e+00 0.00000000e+00
  1.51492591e-02 0.00000000e+00 0.00000000e+00]
 [4.30646885e-01 3.67419639e-01 3.39572087e-01 0.00000000e+00
  0.00000000e+00 0.00000000e+00 0.00000000e+00 1.42310400e-01
  0.00000000e+00 0.00000000e+00 0.00000000e+00 0.00000000e+00
  0.00000000e+00 0.00000000e+00 0.00000000e+00]
 [5.79961721e-01 1.11700861e+00 9.73497684e-01 5.71394759e-01
  0.00000000e+00 2.41478343e-01 0.00000000e+00 1.73053532e-01
  0.00000000e+00 0.00000000e+00 0.00000000e+00 0.00000000e+00
  0.00000000e+00 0.00000000e+00 0.00000000e+00]
 [5.69859238e-01 1.60589240e+00 7.33678384e-01 4.31779844e-01
  1.49823716e-01 3.92590424e-01 1.57390636e-01 3.62743669e-01
  5.37875260e-01 0.00000000e+00 0.00000000e+00 0.00000000e+00
  5.26667079e-02 7.45865361e-03 0.00000000e+00]
 [6.92553601e-02 9.56761330e-02 1.22860714e-01 2.13392121e-03
  0.00000000e+00 2.26902608e-01 0.00000000e+00 6.30296674e-02
  0.00000000e+00 0.00000000e+00 0.00000000e+00 0.00000000e+00
  1.22375381e-02 0.00000000e+00 0.00000000e+00]
 [3.61988670e-01 5.20441427e-01 5.85664986e-01 8.11801491e-01
  1.14617158e+00 8.19176691e-01 9.29626695e-01 4.25671285e-01
  4.29182963e-01 7.08990922e-01 1.09499506e+00 1.08998099e+00
  1.11692471e+00 1.47732767e+00 9.70546065e-01]]

17
----------------------------------------------------------------------------------
[[0.11388859 0.         0.19022149 0.         0.         0.
  0.         0.         0.         0.         0.         0.
  0.         0.         0.        ]
 [0.15851552 0.1682976  0.31177337 0.         0.         0.
  0.         0.         0.         0.         0.         0.
  0.         0.         0.        ]
 [0.31381707 0.08945171 0.41292896 0.53057239 0.12196409 0.08857157
  0.         0.         0.13975378 0.         0.         0.
  0.         0.         0.        ]
 [0.38403805 0.         0.01296356 0.         0.08886844 0.
  0.         0.         0.         0.         0.         0.
  0.         0.         0.        ]
 [0.2187945  0.         0.07330798 0.         0.         0.
  0.         0.         0.02074838 0.         0.         0.
  0.         0.         0.        ]
 [0.1267152  0.20608489 0.51557729 0.2364527  0.42207068 0.22177701
  0.         0.09670197 0.08637061 0.         0.         0.
  0.         0.         0.        ]
 [0.00766018 0.         0.25986729 0.         0.         0.
  0.         0.         0.         0.         0.         0.
  0.         0.         0.        ]
 [2.31154568 0.         0.51337394 0.36047965 0.23214107 0.01373651
  1.70906438 0.         0.30578588 0.         0.         0.
  0.         0.         0.        ]
 [4.6766712  0.53164995 1.04282261 0.75110969 0.76725386 0.
  4.60990637 0.29429048 0.39334068 0.43930956 0.         0.
  0.         0.         0.        ]
 [0.47864578 0.50767426 0.57131537 1.27485715 0.36199747 0.
  0.14111144 0.         0.         0.         0.         0.
  0.         0.         0.        ]
 [5.3630124  0.28495145 1.94776728 0.82008497 0.84627744 0.10906022
  2.95160729 1.18559805 0.         0.         0.         0.
  0.         0.         0.        ]
 [1.02354615 0.19005185 0.42804196 0.01055826 0.06751492 0.
  1.00708465 0.10646472 0.03770794 0.20421383 0.         0.
  0.         0.         0.        ]
 [5.31984852 0.5386202  4.99811814 1.03682496 0.70269603 0.07336923
  2.63422528 4.09765194 0.         0.02626069 0.         0.
  0.         0.         0.28075673]
 [0.00808319 0.04025465 0.16587227 0.         0.         0.32001997
  0.65836888 0.13773866 0.         0.         0.         0.
  0.20186873 0.         0.        ]
 [0.0436852  1.24365317 1.36581978 0.3953182  0.11389529 1.25511166
  0.67842644 0.1932004  0.         0.         0.         0.08031132
  0.0109939  0.         0.        ]
 [0.17837964 0.68257795 1.00618305 0.58676911 0.24924476 0.32127833
  0.16106792 0.61198274 0.68815564 0.         0.         0.
  0.         0.         0.        ]
 [0.10693472 0.20228838 0.08624163 0.         0.         0.
  0.         0.         0.         0.         0.14951734 0.
  0.         0.         0.        ]
 [0.52278963 0.62953862 0.24170209 0.6275555  0.44963588 0.6365096
  1.07826927 1.27236182 1.54345769 2.18465528 2.99809684 5.0392519
  4.63100478 5.27353277 4.14502028]]

18
----------------------------------------------------------------------------------
[[0.         0.         0.         0.         0.         0.00824226
  0.         0.         0.         0.         0.         0.
  0.         0.         0.        ]
 [0.         0.         0.         0.11008551 0.         0.32289218
  0.02325983 0.         0.         0.         0.         0.
  0.         0.         0.        ]
 [0.03912854 0.         0.27194922 0.30797177 0.12200069 0.
  0.2417284  0.         0.         0.         0.         0.
  0.         0.         0.        ]
 [0.         0.         0.         0.         0.         0.08196592
  0.         0.         0.         0.         0.         0.
  0.         0.         0.        ]
 [0.         0.         0.         0.         0.         0.10722813
  0.         0.         0.         0.         0.         0.
  0.         0.         0.        ]
 [0.52603376 0.         0.22280725 0.56186643 0.04277942 0.07391307
  0.         0.00986664 0.77304073 0.06891566 0.03062333 0.
  0.         0.         0.        ]
 [0.19551038 0.11967397 0.08911775 0.07059186 0.         0.04643873
  0.10007675 0.06227742 0.03745676 0.03634749 0.         0.
  0.         0.         0.        ]
 [0.         0.         0.         0.0291861  0.         0.01803371
  0.         0.         0.         0.         0.         0.
  0.         0.         0.        ]
 [0.         0.         0.         0.         0.         0.07719922
  0.         0.         0.         0.         0.         0.
  0.         0.         0.        ]
 [0.35725638 0.41434911 0.15190855 0.74768611 0.44497859 0.79341429
  0.         0.         0.         0.88971157 0.30851447 0.
  0.         0.         0.        ]
 [0.         0.         0.         0.         0.11387833 0.16397225
  0.44415637 0.         0.         0.         0.         0.
  0.         0.         0.        ]
 [0.11673883 0.06374869 0.16345532 0.09598625 0.         0.
  0.         0.         0.         0.         0.         0.
  0.         0.         0.        ]
 [0.4868422  0.5174296  0.70985763 0.36039177 0.46699331 0.
  0.         0.         0.         0.2598372  0.72625739 0.
  0.         0.         0.        ]
 [0.48295589 0.54239929 2.70988911 2.00068928 0.         0.
  0.         0.         0.         0.39079974 0.         0.
  0.         0.12052656 0.        ]
 [0.72353069 0.87890495 2.78144778 3.2057426  0.36472919 0.
  0.         0.         0.         0.3049984  0.         0.
  0.         0.56164615 0.24077832]
 [0.58046384 0.64246749 0.87400011 1.8060205  0.86768873 0.06896852
  0.         0.         0.         0.16902751 0.         0.
  0.         0.16823273 0.        ]
 [0.56983816 0.87517665 1.56612943 1.52512019 0.         0.
  0.         0.         0.         0.         0.         0.
  0.         0.20773788 0.        ]
 [1.35126147 1.3610736  0.60299548 0.29735572 0.83378817 1.13207146
  1.19898924 1.51249719 1.52891251 1.0212279  1.0284042  1.48569404
  2.41210015 3.28006067 4.59900107]]

19
----------------------------------------------------------------------------------
[[0.00000000e+00 0.00000000e+00 0.00000000e+00 0.00000000e+00
  0.00000000e+00 0.00000000e+00 3.20968314e-01 0.00000000e+00
  0.00000000e+00 0.00000000e+00 0.00000000e+00 0.00000000e+00
  0.00000000e+00 0.00000000e+00 0.00000000e+00]
 [0.00000000e+00 0.00000000e+00 0.00000000e+00 0.00000000e+00
  4.35655529e-01 2.71116383e-01 6.58027984e-01 2.04659169e-01
  0.00000000e+00 0.00000000e+00 0.00000000e+00 0.00000000e+00
  0.00000000e+00 0.00000000e+00 0.00000000e+00]
 [0.00000000e+00 0.00000000e+00 6.59244847e-01 2.51176049e-01
  2.90288393e-01 1.72912402e-01 8.29829457e-01 0.00000000e+00
  4.29512456e-02 0.00000000e+00 0.00000000e+00 0.00000000e+00
  0.00000000e+00 0.00000000e+00 0.00000000e+00]
 [0.00000000e+00 0.00000000e+00 0.00000000e+00 0.00000000e+00
  0.00000000e+00 0.00000000e+00 1.44544462e-01 0.00000000e+00
  0.00000000e+00 0.00000000e+00 0.00000000e+00 0.00000000e+00
  0.00000000e+00 0.00000000e+00 0.00000000e+00]
 [0.00000000e+00 0.00000000e+00 0.00000000e+00 0.00000000e+00
  0.00000000e+00 0.00000000e+00 2.00284287e-01 0.00000000e+00
  0.00000000e+00 0.00000000e+00 0.00000000e+00 0.00000000e+00
  0.00000000e+00 0.00000000e+00 0.00000000e+00]
 [0.00000000e+00 0.00000000e+00 3.91610319e-01 3.24118311e-02
  4.95551073e-01 8.04823353e-02 5.41109576e-01 3.55539081e-01
  0.00000000e+00 0.00000000e+00 0.00000000e+00 0.00000000e+00
  0.00000000e+00 0.00000000e+00 0.00000000e+00]
 [0.00000000e+00 0.00000000e+00 0.00000000e+00 0.00000000e+00
  4.95768312e-02 0.00000000e+00 3.03180416e-01 0.00000000e+00
  0.00000000e+00 0.00000000e+00 0.00000000e+00 0.00000000e+00
  0.00000000e+00 0.00000000e+00 0.00000000e+00]
 [0.00000000e+00 9.90005592e-03 0.00000000e+00 0.00000000e+00
  6.74705189e-02 0.00000000e+00 0.00000000e+00 0.00000000e+00
  0.00000000e+00 0.00000000e+00 0.00000000e+00 0.00000000e+00
  0.00000000e+00 0.00000000e+00 0.00000000e+00]
 [0.00000000e+00 0.00000000e+00 0.00000000e+00 0.00000000e+00
  0.00000000e+00 0.00000000e+00 4.54849463e-02 0.00000000e+00
  0.00000000e+00 0.00000000e+00 0.00000000e+00 0.00000000e+00
  0.00000000e+00 0.00000000e+00 0.00000000e+00]
 [0.00000000e+00 0.00000000e+00 1.01008584e+00 4.30185910e-01
  3.70406866e-01 1.31949631e-01 1.26721252e+00 6.12152105e-01
  0.00000000e+00 0.00000000e+00 0.00000000e+00 0.00000000e+00
  0.00000000e+00 0.00000000e+00 0.00000000e+00]
 [0.00000000e+00 0.00000000e+00 4.13437268e-01 0.00000000e+00
  5.84609312e-02 0.00000000e+00 5.21645494e-01 1.87307769e-01
  0.00000000e+00 0.00000000e+00 0.00000000e+00 0.00000000e+00
  0.00000000e+00 3.56078035e+00 0.00000000e+00]
 [0.00000000e+00 1.62528108e-01 0.00000000e+00 0.00000000e+00
  5.98382078e-02 0.00000000e+00 0.00000000e+00 0.00000000e+00
  0.00000000e+00 0.00000000e+00 0.00000000e+00 0.00000000e+00
  0.00000000e+00 0.00000000e+00 0.00000000e+00]
 [0.00000000e+00 1.49198904e-01 5.60364795e-01 2.06411980e-01
  2.46304906e-01 1.81088540e-01 4.92952079e-01 0.00000000e+00
  0.00000000e+00 0.00000000e+00 0.00000000e+00 0.00000000e+00
  0.00000000e+00 3.38247122e+00 0.00000000e+00]
 [2.41779897e-01 4.15208597e-01 3.48630573e-01 0.00000000e+00
  3.05126457e-01 0.00000000e+00 5.28829807e-02 1.19274711e-01
  1.24657089e-01 2.31471107e-01 0.00000000e+00 0.00000000e+00
  0.00000000e+00 0.00000000e+00 2.44479485e-01]
 [7.95409187e-02 2.80977532e-01 3.18387279e-01 0.00000000e+00
  5.00694720e-01 0.00000000e+00 1.74387617e-01 1.95146089e-01
  2.38411449e-01 2.24125697e-02 0.00000000e+00 0.00000000e+00
  0.00000000e+00 0.00000000e+00 0.00000000e+00]
 [0.00000000e+00 0.00000000e+00 5.76147502e-01 3.98169395e-01
  7.54941444e-01 5.63834631e-01 7.68999998e-01 8.58719476e-02
  2.56718884e-02 4.65242034e-02 0.00000000e+00 0.00000000e+00
  0.00000000e+00 0.00000000e+00 0.00000000e+00]
 [2.12049354e-01 4.42838700e-01 1.73725571e-01 0.00000000e+00
  1.28595444e-03 0.00000000e+00 0.00000000e+00 4.24269365e-02
  0.00000000e+00 0.00000000e+00 0.00000000e+00 0.00000000e+00
  0.00000000e+00 0.00000000e+00 0.00000000e+00]
 [2.12828461e+00 1.58003156e+00 4.10126019e-01 4.93000923e-01
  3.61484947e-01 8.52534606e-01 3.28723080e-01 1.01908942e+00
  1.75907448e+00 2.66716415e+00 3.71195634e+00 3.60049770e+00
  4.00372273e+00 3.53407413e+00 3.87669059e+00]]

20
----------------------------------------------------------------------------------
[[0.         0.         0.         0.59038669 0.         0.
  0.         0.         0.         0.         0.         0.
  0.         0.         0.        ]
 [0.         0.         0.         0.47046997 0.69540034 0.
  0.         0.         0.         0.         0.44408254 0.04113511
  0.         0.00886804 0.        ]
 [0.         0.         0.         0.04572351 0.20130267 0.
  0.         0.         0.         0.         0.1918565  0.76225562
  0.41827619 0.04341214 0.        ]
 [0.         0.         0.         0.22333964 0.         0.
  0.         0.         0.         0.         0.         0.
  0.         0.         0.        ]
 [0.         0.         0.         0.29760574 0.04934963 0.
  0.         0.         0.         0.         0.02802548 0.
  0.         0.         0.        ]
 [0.         0.         0.         0.         0.         0.28943243
  0.         0.         0.         0.         0.17304628 0.20184875
  0.         0.         0.12337005]
 [0.         0.         0.         0.26284604 0.34041551 0.12476446
  0.         0.         0.         0.         0.22894823 0.23675171
  0.06738497 0.         0.        ]
 [0.         0.         0.         0.08092954 0.         0.
  0.         0.         0.         0.         0.         0.
  0.         0.         0.        ]
 [0.         0.         0.         0.         0.         0.
  0.         0.         0.         0.         0.         0.
  0.         0.         0.        ]
 [0.         0.         0.         0.         0.         0.01945818
  0.         0.         0.         0.         0.56913486 0.
  0.53365101 0.         0.        ]
 [0.         0.         0.         0.         0.         0.01986799
  0.         0.         0.         0.         0.         0.
  0.08283158 0.         0.        ]
 [0.         0.         0.         0.         0.         0.
  0.         0.         0.         0.         0.         0.
  0.         0.         0.        ]
 [0.         0.         0.         0.         0.05160973 0.
  0.         0.         0.         0.         0.66225216 0.33948831
  0.52047141 0.         0.34632414]
 [0.         0.41627244 0.55920714 0.         0.         0.
  0.         0.         0.18100808 0.         0.05933304 0.
  0.         0.         0.        ]
 [0.         1.11766261 1.23955395 0.79040123 0.         0.
  0.17376709 0.         0.56199785 0.         0.         0.
  0.         0.         0.        ]
 [0.         0.26220578 0.75137226 0.         0.         0.
  0.         0.40728461 0.         0.         0.44319465 0.
  0.         0.         0.        ]
 [0.         0.09207483 0.62551376 0.532329   0.         0.
  0.         0.         0.         0.         0.         0.
  0.         0.         0.        ]
 [5.12837731 4.7822554  2.97058295 1.92097211 2.72452971 3.70903777
  4.60392794 5.0118489  4.70252105 3.72221826 2.12819381 2.66206947
  2.60517093 2.56301201 2.20388181]]

21
----------------------------------------------------------------------------------
[[0.         0.         0.         0.         0.16282209 0.13632085
  0.         0.         0.         0.16383426 0.         0.
  0.23081277 0.         0.        ]
 [0.         0.         0.         0.         0.1277373  0.06464733
  0.         0.         0.         0.37820385 0.13363778 0.07947954
  0.25934681 0.         0.        ]
 [0.         0.         0.         0.         0.         0.60397867
  0.         0.12448131 0.01135536 0.5145115  0.         0.
  0.39118131 0.09348645 0.34544669]
 [0.         0.         0.         0.         0.13964244 0.08905521
  0.         0.         0.         0.19677339 0.         0.
  0.09188177 0.         0.        ]
 [0.         0.         0.         0.         0.14619319 0.01794557
  0.         0.         0.         0.         0.         0.
  0.01562869 0.         0.        ]
 [0.         0.         0.         0.         0.06981571 0.72812295
  0.16740253 0.26943905 0.50281131 0.52003097 0.         0.
  0.61649651 0.         0.21959287]
 [0.         0.         0.         0.         0.         0.
  0.         0.04320084 0.         0.0183468  0.         0.
  0.         0.         0.        ]
 [0.         0.         0.         0.         0.21477474 0.13929593
  0.         0.         0.30370132 1.6993431  0.53127008 0.38112666
  0.42499218 0.47021784 0.26826326]
 [0.         0.         0.         0.         0.05215426 0.02540396
  0.         0.         0.96759312 4.16835273 1.62521043 0.84532161
  1.40925267 1.50079899 0.98128725]
 [0.         0.         0.         0.         0.19139428 0.51976481
  0.02432634 1.21388124 0.36795996 1.07724113 0.78647456 0.80581034
  0.74079118 0.49209462 0.26459378]
 [0.         0.         0.         0.         0.13420682 0.24083268
  0.         0.28416077 0.6950905  3.64403903 2.98127073 0.36683367
  1.54883123 2.28022284 0.96954311]
 [0.         0.         0.         0.         0.04736475 0.22452119
  0.         0.         0.18392615 1.00505061 0.94284748 0.24571001
  0.77411311 0.17121498 0.12380966]
 [0.01631234 0.         0.         0.67682678 0.74949175 1.66708164
  0.13306916 0.19657297 0.99652163 2.30784765 4.57023053 0.69521166
  2.29775876 1.53930909 0.39498281]
 [0.10042634 0.58634514 0.         0.         0.15584904 0.01462884
  0.         0.20287363 2.42642515 1.86215524 0.1240919  0.3484229
  3.26445404 1.32995559 0.5812776 ]
 [0.26731093 0.69734424 0.21660733 0.21791197 0.02802971 0.04644201
  0.         0.57703781 3.58027489 2.61809408 0.30265722 1.45641412
  4.77642364 2.2110367  1.15403483]
 [0.04956211 0.         0.         0.40536325 0.0301781  0.14903996
  0.06958296 0.07874644 0.80447884 0.97835484 0.27832367 0.63165773
  1.15212599 0.93628826 0.74172416]
 [0.27130002 0.4642008  0.         0.13635157 0.16619037 0.03709258
  0.02140081 0.20789089 1.13918511 1.37235127 0.08574119 0.26875479
  0.70390723 0.94969709 0.40521334]
 [1.64239536 2.07740612 2.05306105 1.20471356 0.5187817  0.26422162
  0.83540591 0.6146515  0.3500093  0.2760983  0.42312595 0.42379754
  0.46750427 0.38042948 0.310557  ]]

22
----------------------------------------------------------------------------------
[[9.85838693e-02 0.00000000e+00 0.00000000e+00 0.00000000e+00
  0.00000000e+00 0.00000000e+00 0.00000000e+00 3.26200082e-02
  0.00000000e+00 0.00000000e+00 0.00000000e+00 0.00000000e+00
  0.00000000e+00 0.00000000e+00 0.00000000e+00]
 [0.00000000e+00 0.00000000e+00 0.00000000e+00 0.00000000e+00
  0.00000000e+00 1.40031746e-01 0.00000000e+00 2.70262449e-01
  0.00000000e+00 0.00000000e+00 0.00000000e+00 0.00000000e+00
  0.00000000e+00 0.00000000e+00 0.00000000e+00]
 [3.47959664e-01 1.15318257e-01 2.34651159e-01 0.00000000e+00
  0.00000000e+00 1.80836850e-01 0.00000000e+00 9.35947573e-03
  2.17023516e-01 2.98929115e-01 1.47236711e-01 0.00000000e+00
  0.00000000e+00 0.00000000e+00 2.13930885e-01]
 [7.55425701e-02 0.00000000e+00 0.00000000e+00 0.00000000e+00
  0.00000000e+00 2.82788394e-02 0.00000000e+00 0.00000000e+00
  0.00000000e+00 0.00000000e+00 0.00000000e+00 0.00000000e+00
  0.00000000e+00 0.00000000e+00 0.00000000e+00]
 [2.66675985e-01 0.00000000e+00 0.00000000e+00 0.00000000e+00
  0.00000000e+00 1.43498248e-01 0.00000000e+00 0.00000000e+00
  0.00000000e+00 0.00000000e+00 0.00000000e+00 0.00000000e+00
  0.00000000e+00 0.00000000e+00 0.00000000e+00]
 [4.67997708e-01 0.00000000e+00 1.04522247e-02 1.31929959e-01
  0.00000000e+00 6.96136596e-02 0.00000000e+00 9.58988183e-02
  3.55894478e-01 0.00000000e+00 2.79465605e-01 0.00000000e+00
  1.16369866e-02 1.49034733e-01 2.96248581e-01]
 [1.90224399e-01 1.36163332e-01 0.00000000e+00 1.14967609e-02
  0.00000000e+00 3.94060498e-02 0.00000000e+00 0.00000000e+00
  0.00000000e+00 0.00000000e+00 0.00000000e+00 0.00000000e+00
  0.00000000e+00 0.00000000e+00 0.00000000e+00]
 [0.00000000e+00 0.00000000e+00 0.00000000e+00 0.00000000e+00
  0.00000000e+00 2.18702967e-02 0.00000000e+00 7.39122553e-02
  0.00000000e+00 0.00000000e+00 8.67228665e-04 0.00000000e+00
  0.00000000e+00 0.00000000e+00 0.00000000e+00]
 [0.00000000e+00 0.00000000e+00 0.00000000e+00 0.00000000e+00
  0.00000000e+00 0.00000000e+00 0.00000000e+00 0.00000000e+00
  0.00000000e+00 0.00000000e+00 0.00000000e+00 0.00000000e+00
  0.00000000e+00 0.00000000e+00 0.00000000e+00]
 [5.90536792e-01 6.27207309e-01 2.85576667e-03 0.00000000e+00
  0.00000000e+00 0.00000000e+00 0.00000000e+00 4.25630639e-01
  4.09491200e-01 1.77684088e-01 5.82133777e-01 5.34685386e-02
  0.00000000e+00 4.74782381e-02 2.97128608e-01]
 [0.00000000e+00 0.00000000e+00 0.00000000e+00 0.00000000e+00
  0.00000000e+00 0.00000000e+00 0.00000000e+00 4.54947486e-02
  4.97857116e-02 0.00000000e+00 0.00000000e+00 0.00000000e+00
  0.00000000e+00 0.00000000e+00 0.00000000e+00]
 [0.00000000e+00 0.00000000e+00 0.00000000e+00 0.00000000e+00
  0.00000000e+00 0.00000000e+00 0.00000000e+00 2.14452541e-02
  8.25700981e-02 0.00000000e+00 3.01900824e-02 0.00000000e+00
  6.64143147e-03 0.00000000e+00 0.00000000e+00]
 [3.80929910e-01 7.61422868e-02 3.87078670e-01 2.69874708e-01
  0.00000000e+00 6.14358077e-02 0.00000000e+00 2.65173447e-01
  6.12986918e-01 2.01092118e-01 6.82526610e-01 1.93034680e-02
  2.41974014e-01 1.02477955e+00 7.60611519e-01]
 [2.63875746e-02 0.00000000e+00 2.25413675e-01 3.26761260e-01
  0.00000000e+00 0.00000000e+00 0.00000000e+00 1.35953039e-01
  6.38198413e-01 8.14578963e-01 1.10286465e+00 1.94842318e-01
  5.01713624e-01 1.21513461e-01 2.03224987e-01]
 [3.59603670e-01 7.73154450e-02 5.61268283e-01 1.25224225e+00
  5.01983095e-01 2.16954088e-01 0.00000000e+00 4.17039121e-01
  1.04204652e+00 1.98247377e+00 1.66881974e+00 0.00000000e+00
  6.63568131e-01 4.04987373e-01 2.76360490e-01]
 [8.13198706e-01 3.83099388e-01 4.47569311e-01 8.10738517e-01
  0.00000000e+00 5.42100592e-01 0.00000000e+00 1.31629158e-01
  8.42131036e-01 6.58296116e-01 8.18435998e-01 9.91860032e-02
  5.32164614e-01 2.74457679e-01 1.48576492e-01]
 [2.48795864e-02 0.00000000e+00 1.93586938e-01 5.82767619e-01
  0.00000000e+00 0.00000000e+00 0.00000000e+00 3.88813841e-01
  8.91946736e-01 1.17940924e+00 7.99566775e-01 3.64627288e-02
  1.42662069e-01 0.00000000e+00 4.37087686e-01]
 [5.11675461e-01 6.85175101e-01 5.22170255e-01 5.08392386e-01
  1.23640095e+00 5.11039606e-01 1.08386958e+00 6.23157254e-01
  6.45551028e-01 7.16996443e-01 6.82319294e-01 1.00731899e+00
  6.62614748e-01 7.09338601e-01 4.16116729e-01]]

23
----------------------------------------------------------------------------------
[[0.00000000e+00 0.00000000e+00 0.00000000e+00 0.00000000e+00
  0.00000000e+00 0.00000000e+00 0.00000000e+00 0.00000000e+00
  0.00000000e+00 0.00000000e+00 1.61693082e-01 0.00000000e+00
  0.00000000e+00 0.00000000e+00 0.00000000e+00]
 [2.81953913e-02 4.54839413e-01 3.22462498e-01 2.33099617e-01
  2.43619200e-01 0.00000000e+00 0.00000000e+00 0.00000000e+00
  0.00000000e+00 0.00000000e+00 4.67859889e-02 1.59574860e-01
  0.00000000e+00 9.22553540e-02 0.00000000e+00]
 [0.00000000e+00 1.04721298e-02 7.91614564e-02 0.00000000e+00
  0.00000000e+00 0.00000000e+00 0.00000000e+00 0.00000000e+00
  0.00000000e+00 0.00000000e+00 3.67236823e-01 0.00000000e+00
  1.90629072e-02 4.00216766e-02 0.00000000e+00]
 [0.00000000e+00 0.00000000e+00 0.00000000e+00 0.00000000e+00
  0.00000000e+00 0.00000000e+00 0.00000000e+00 0.00000000e+00
  0.00000000e+00 0.00000000e+00 1.29216571e-02 0.00000000e+00
  0.00000000e+00 0.00000000e+00 0.00000000e+00]
 [0.00000000e+00 0.00000000e+00 0.00000000e+00 0.00000000e+00
  1.04690605e-02 0.00000000e+00 0.00000000e+00 0.00000000e+00
  0.00000000e+00 0.00000000e+00 9.37497272e-02 0.00000000e+00
  0.00000000e+00 1.54578476e-02 0.00000000e+00]
 [0.00000000e+00 5.58889419e-01 1.08049353e-01 3.97156248e-01
  7.71832065e-01 0.00000000e+00 0.00000000e+00 0.00000000e+00
  0.00000000e+00 6.90659532e-01 2.38109231e-01 2.28103498e-01
  0.00000000e+00 0.00000000e+00 5.94188119e-01]
 [0.00000000e+00 0.00000000e+00 0.00000000e+00 1.38174449e-01
  0.00000000e+00 0.00000000e+00 0.00000000e+00 0.00000000e+00
  0.00000000e+00 0.00000000e+00 1.43077257e-01 0.00000000e+00
  0.00000000e+00 2.51351432e-02 0.00000000e+00]
 [0.00000000e+00 3.82259383e-02 0.00000000e+00 1.15375082e+00
  1.38276666e+00 0.00000000e+00 8.58035198e-01 3.04437503e-01
  0.00000000e+00 0.00000000e+00 4.14095438e-02 0.00000000e+00
  0.00000000e+00 0.00000000e+00 0.00000000e+00]
 [0.00000000e+00 0.00000000e+00 0.00000000e+00 1.60876756e+00
  1.63336459e+00 1.96991611e-02 1.94043773e+00 1.41371479e+00
  5.21605713e-01 1.13185927e-02 1.36524000e-01 0.00000000e+00
  0.00000000e+00 0.00000000e+00 0.00000000e+00]
 [0.00000000e+00 0.00000000e+00 4.71218449e-01 0.00000000e+00
  6.61245800e-01 0.00000000e+00 0.00000000e+00 0.00000000e+00
  0.00000000e+00 0.00000000e+00 6.80609258e-01 0.00000000e+00
  3.05543907e-03 0.00000000e+00 0.00000000e+00]
 [0.00000000e+00 0.00000000e+00 0.00000000e+00 4.70269537e-02
  5.94023424e+00 0.00000000e+00 2.69206843e+00 1.92829504e+00
  4.68663622e-01 4.68677120e-01 3.30100966e-01 0.00000000e+00
  0.00000000e+00 0.00000000e+00 0.00000000e+00]
 [0.00000000e+00 5.53040705e-02 0.00000000e+00 0.00000000e+00
  5.07234202e-01 0.00000000e+00 2.55063729e-01 0.00000000e+00
  0.00000000e+00 0.00000000e+00 3.98189115e-02 0.00000000e+00
  0.00000000e+00 0.00000000e+00 0.00000000e+00]
 [2.96640076e-01 2.98910444e-01 1.35107738e-01 3.96781123e-01
  2.25140547e+00 0.00000000e+00 2.06862579e+00 2.50315569e-01
  4.34395569e-02 5.37465830e-01 7.57868811e-01 4.87642940e-01
  2.00524224e-01 0.00000000e+00 0.00000000e+00]
 [2.54827856e-01 4.09574104e-01 4.15517646e-02 0.00000000e+00
  0.00000000e+00 0.00000000e+00 0.00000000e+00 2.53942772e-01
  2.96595408e-01 0.00000000e+00 1.20014449e+00 6.19951096e-01
  2.09034731e-01 0.00000000e+00 1.66930373e+00]
 [3.74871570e-01 6.50302064e-01 4.13871438e-01 0.00000000e+00
  0.00000000e+00 0.00000000e+00 2.18012997e-01 1.28729439e+00
  1.13008327e+00 0.00000000e+00 2.51736009e+00 8.60534739e-01
  5.84118318e-01 8.56866820e-01 3.44022429e+00]
 [6.51414441e-01 2.54428986e-01 5.80186924e-01 0.00000000e+00
  2.11149498e-02 6.87332096e-02 1.84391599e-01 2.22566593e-01
  6.18466809e-01 1.42844492e-01 4.97867745e-01 3.61290322e-01
  2.89842155e-01 1.91975417e-01 4.62259102e-01]
 [2.48266799e-01 4.31912441e-01 1.15354732e-01 0.00000000e+00
  0.00000000e+00 0.00000000e+00 0.00000000e+00 5.91580851e-01
  4.63443737e-01 0.00000000e+00 3.61584731e-01 7.65023362e-02
  2.34736097e-01 0.00000000e+00 0.00000000e+00]
 [5.09376180e-01 3.34802137e-01 5.09775877e-01 9.66956292e-01
  1.34115751e+00 1.53353617e+00 1.79475976e+00 1.85724710e+00
  2.14089723e+00 1.61533152e+00 5.90048363e-01 8.40000595e-01
  1.07176187e+00 1.46387510e+00 2.10083688e+00]]

23
----------------------------------------------------------------------------------
[[0.         0.         0.18545058 0.         0.         0.        ]
 [0.18585813 0.         0.07360856 0.         0.         0.        ]
 [0.         0.         0.12215597 0.         0.         0.01923604]
 [0.         0.         0.09534198 0.         0.         0.        ]
 [0.         0.         0.15841422 0.         0.         0.        ]
 [0.         0.43445475 0.31495126 0.18676357 0.         0.10588834]
 [0.         0.         0.         0.         0.         0.        ]
 [0.         0.         0.00722867 0.         0.         0.        ]
 [0.         0.         0.02546599 0.         0.01046231 0.        ]
 [0.         0.         0.46234225 0.         0.16574017 0.        ]
 [0.         0.         0.20326348 0.         0.         0.        ]
 [0.         0.         0.16952752 0.         0.         0.        ]
 [0.         0.         0.22429116 0.29738007 0.86760728 0.06170983]
 [0.         0.         0.         0.         0.         0.        ]
 [0.         0.         0.13610274 0.         0.         0.00352889]
 [0.         0.34324704 0.         0.         0.16018807 0.12423031]
 [0.         0.         0.00184153 0.         0.         0.        ]
 [1.3802067  1.0982475  0.59868033 1.05993841 0.73039639 0.94862266]]