

1
----------------------------------------------------------------------------------
[[0.00000000e+00 5.46246738e-02 1.62740037e-02 0.00000000e+00
  0.00000000e+00 0.00000000e+00 0.00000000e+00 0.00000000e+00
  0.00000000e+00 0.00000000e+00 0.00000000e+00 0.00000000e+00
  0.00000000e+00 0.00000000e+00 0.00000000e+00]
 [3.00523456e-01 9.25709321e-02 2.98122895e-03 1.27784229e-02
  2.25854170e-02 2.67079614e-02 0.00000000e+00 0.00000000e+00
  0.00000000e+00 0.00000000e+00 4.37590132e-04 0.00000000e+00
  0.00000000e+00 0.00000000e+00 1.37164759e-01]
 [5.12730241e-01 1.64628234e-01 0.00000000e+00 3.03348481e-02
  1.19155318e-01 0.00000000e+00 3.39059022e-02 0.00000000e+00
  0.00000000e+00 0.00000000e+00 0.00000000e+00 1.69663561e-01
  0.00000000e+00 0.00000000e+00 3.78505458e-01]
 [0.00000000e+00 8.73200230e-02 0.00000000e+00 0.00000000e+00
  0.00000000e+00 0.00000000e+00 0.00000000e+00 0.00000000e+00
  0.00000000e+00 0.00000000e+00 0.00000000e+00 0.00000000e+00
  0.00000000e+00 0.00000000e+00 0.00000000e+00]
 [0.00000000e+00 9.25523334e-02 0.00000000e+00 0.00000000e+00
  0.00000000e+00 0.00000000e+00 0.00000000e+00 0.00000000e+00
  0.00000000e+00 0.00000000e+00 0.00000000e+00 0.00000000e+00
  0.00000000e+00 0.00000000e+00 0.00000000e+00]
 [0.00000000e+00 3.54085196e-01 3.03677090e-02 5.99114631e-01
  2.80167320e-01 0.00000000e+00 0.00000000e+00 1.58223914e-01
  0.00000000e+00 0.00000000e+00 0.00000000e+00 6.25141370e-02
  0.00000000e+00 3.55035216e-01 2.16349781e-01]
 [0.00000000e+00 1.29574913e-01 0.00000000e+00 0.00000000e+00
  0.00000000e+00 0.00000000e+00 0.00000000e+00 1.75312988e-02
  0.00000000e+00 0.00000000e+00 0.00000000e+00 0.00000000e+00
  0.00000000e+00 0.00000000e+00 0.00000000e+00]
 [0.00000000e+00 4.43698155e-02 0.00000000e+00 0.00000000e+00
  0.00000000e+00 0.00000000e+00 0.00000000e+00 0.00000000e+00
  0.00000000e+00 0.00000000e+00 0.00000000e+00 0.00000000e+00
  0.00000000e+00 0.00000000e+00 0.00000000e+00]
 [0.00000000e+00 0.00000000e+00 0.00000000e+00 0.00000000e+00
  0.00000000e+00 0.00000000e+00 0.00000000e+00 0.00000000e+00
  0.00000000e+00 0.00000000e+00 0.00000000e+00 0.00000000e+00
  0.00000000e+00 0.00000000e+00 0.00000000e+00]
 [5.39903833e-01 7.59294168e-01 2.93327547e-01 2.71961986e-01
  4.26408064e-01 0.00000000e+00 0.00000000e+00 0.00000000e+00
  0.00000000e+00 0.00000000e+00 9.57590018e-02 1.31910561e-01
  6.62015428e-01 0.00000000e+00 8.95359594e-01]
 [0.00000000e+00 4.41274879e-01 0.00000000e+00 0.00000000e+00
  3.83947644e-01 0.00000000e+00 0.00000000e+00 2.12500810e-02
  0.00000000e+00 0.00000000e+00 0.00000000e+00 1.97465968e-01
  1.94231560e-01 6.76149063e-02 1.09314002e-01]
 [7.47973703e-02 0.00000000e+00 0.00000000e+00 0.00000000e+00
  0.00000000e+00 0.00000000e+00 0.00000000e+00 0.00000000e+00
  0.00000000e+00 0.00000000e+00 0.00000000e+00 0.00000000e+00
  0.00000000e+00 0.00000000e+00 0.00000000e+00]
 [1.09547772e+00 8.61664930e-01 4.05640471e-01 0.00000000e+00
  4.18067886e-01 1.81328204e-01 0.00000000e+00 3.15920066e-01
  4.05259136e-01 9.81574770e-01 1.95976169e-01 7.31353736e-01
  2.13159990e-01 5.25469087e-01 4.89853907e-01]
 [0.00000000e+00 1.02339219e-01 0.00000000e+00 0.00000000e+00
  0.00000000e+00 6.32261553e-02 0.00000000e+00 0.00000000e+00
  0.00000000e+00 0.00000000e+00 0.00000000e+00 0.00000000e+00
  0.00000000e+00 0.00000000e+00 0.00000000e+00]
 [0.00000000e+00 8.26028287e-03 1.84947158e-02 0.00000000e+00
  0.00000000e+00 0.00000000e+00 0.00000000e+00 1.47590651e-01
  0.00000000e+00 0.00000000e+00 0.00000000e+00 0.00000000e+00
  0.00000000e+00 0.00000000e+00 0.00000000e+00]
 [0.00000000e+00 3.70351437e-01 0.00000000e+00 1.13735807e-01
  0.00000000e+00 0.00000000e+00 0.00000000e+00 7.08148658e-02
  8.49166346e-02 0.00000000e+00 0.00000000e+00 1.03064114e-01
  0.00000000e+00 6.43534676e-02 2.54935140e-01]
 [0.00000000e+00 1.74905893e-03 7.39658890e-02 0.00000000e+00
  2.32030121e-02 0.00000000e+00 0.00000000e+00 0.00000000e+00
  0.00000000e+00 9.15059657e-02 0.00000000e+00 0.00000000e+00
  0.00000000e+00 0.00000000e+00 0.00000000e+00]
 [8.71002333e-01 5.34823278e-01 7.27529303e-01 6.78489479e-01
  6.59715682e-01 9.40213567e-01 1.00926571e+00 1.00913719e+00
  1.16004320e+00 9.46851129e-01 9.84213531e-01 8.65976775e-01
  1.05966500e+00 9.83412353e-01 6.70401709e-01]]

2
----------------------------------------------------------------------------------
[[0.         0.         0.         0.         0.         0.
  0.         0.         0.         0.         0.         0.
  0.         0.         0.        ]
 [0.         0.         0.         0.         0.02324846 0.03980902
  0.         0.35330136 0.         0.         0.         0.20219915
  0.         0.         0.32956665]
 [0.         0.         0.         0.         0.03115534 0.22283261
  0.         0.3312983  0.         0.00726318 0.43194216 0.01509366
  0.         0.         0.        ]
 [0.         0.         0.         0.         0.         0.
  0.         0.         0.         0.         0.         0.
  0.         0.         0.        ]
 [0.         0.         0.         0.         0.05434031 0.00565809
  0.         0.         0.         0.         0.         0.
  0.         0.         0.        ]
 [0.         0.         0.27308508 0.         0.         0.10245714
  0.         0.32655167 0.         0.04655467 0.36295325 0.06216556
  0.         0.         0.        ]
 [0.         0.         0.03456755 0.         0.1092377  0.07622637
  0.         0.         0.07879297 0.         0.         0.
  0.         0.         0.        ]
 [0.         0.         0.         0.         0.         0.
  0.         0.         0.         0.         0.         0.
  0.         0.         0.        ]
 [0.         0.         0.         0.         0.         0.
  0.         0.         0.         0.         0.         0.
  0.         0.         0.        ]
 [0.         0.         0.1617108  0.10294471 0.53849423 0.3194099
  0.50518675 0.40812887 1.1956837  0.08403424 0.6028766  0.55155063
  0.         0.         0.        ]
 [0.         0.         0.36578495 0.         0.10432338 0.13174566
  0.11917477 0.         0.         0.         0.         0.
  0.         0.         0.        ]
 [0.         0.         0.         0.         0.         0.05913268
  0.         0.         0.         0.         0.         0.
  0.         0.         0.        ]
 [0.10576811 0.         0.         0.10550904 0.86252313 0.23045046
  0.10052684 0.69412262 0.27227247 0.07718666 0.51732433 0.
  0.19526715 0.         0.12806757]
 [0.         0.         0.         0.         0.15464437 0.20104057
  0.41405122 1.48178374 0.         0.         0.         1.6226982
  0.10481859 0.13963613 0.08519831]
 [0.         0.         0.         0.         0.19857903 0.34625779
  0.40030048 2.05341244 1.064338   0.         0.35834249 1.74479203
  0.43972904 0.40028057 0.30672234]
 [0.         0.         0.         0.         0.14288171 0.39013028
  0.95341427 0.4752132  0.56718491 0.         0.13985743 0.92380888
  0.32268116 0.65972371 0.9701608 ]
 [0.         0.         0.         0.         0.         0.
  0.         0.0721872  0.         0.         0.         0.17891368
  0.         0.         0.        ]
 [1.7842951  1.69456346 1.61437139 1.35416215 0.74366295 0.69104157
  0.66663707 0.56075485 0.89996788 1.13002888 0.91885512 0.54653544
  0.81214941 0.89957492 0.93378442]]

3
----------------------------------------------------------------------------------
[[0.00000000e+00 9.29227142e-02 0.00000000e+00 0.00000000e+00
  0.00000000e+00 0.00000000e+00 0.00000000e+00 0.00000000e+00
  0.00000000e+00 0.00000000e+00 0.00000000e+00 1.71074826e-01
  0.00000000e+00 3.27007041e-01 2.89246954e-01]
 [8.68573480e-02 1.27872124e-01 5.70534628e-02 1.68358221e-01
  0.00000000e+00 7.56644441e-02 0.00000000e+00 3.66771431e-01
  0.00000000e+00 1.05439902e-01 0.00000000e+00 3.12344757e-01
  1.18834900e-01 4.36848846e-01 3.72167004e-01]
 [6.29839529e-01 2.84998949e-01 1.40979411e-01 2.96724559e-01
  1.26439274e-01 2.94359513e-01 3.70501984e-02 1.36611058e-01
  1.59279049e-01 0.00000000e+00 5.14300659e-01 1.91449978e-02
  3.24807889e-01 4.43286768e-01 3.79824733e-01]
 [0.00000000e+00 1.15049622e-02 0.00000000e+00 0.00000000e+00
  3.47255155e-02 0.00000000e+00 0.00000000e+00 0.00000000e+00
  0.00000000e+00 0.00000000e+00 0.00000000e+00 5.49792023e-02
  0.00000000e+00 3.00350792e-01 1.90647980e-01]
 [0.00000000e+00 9.06507541e-02 0.00000000e+00 0.00000000e+00
  0.00000000e+00 0.00000000e+00 0.00000000e+00 9.47079871e-02
  0.00000000e+00 0.00000000e+00 0.00000000e+00 1.81279593e-01
  0.00000000e+00 3.01525596e-01 1.21613871e-01]
 [2.44324616e-01 4.34087196e-01 0.00000000e+00 2.61654458e-01
  0.00000000e+00 4.43272952e-02 0.00000000e+00 6.85136893e-02
  0.00000000e+00 4.30046555e-02 4.46942913e-03 8.12984746e-02
  3.57472909e-01 2.47350642e-01 4.67461644e-01]
 [6.30624525e-03 0.00000000e+00 1.22989114e-01 0.00000000e+00
  0.00000000e+00 0.00000000e+00 0.00000000e+00 1.12455426e-01
  0.00000000e+00 0.00000000e+00 0.00000000e+00 1.45937733e-01
  4.57390811e-02 3.38808357e-01 1.16905871e-01]
 [0.00000000e+00 0.00000000e+00 0.00000000e+00 0.00000000e+00
  1.37788414e-02 0.00000000e+00 0.00000000e+00 0.00000000e+00
  0.00000000e+00 1.38764946e+00 1.85571836e+00 0.00000000e+00
  1.83047946e-01 3.18866761e-01 1.76188642e-01]
 [0.00000000e+00 0.00000000e+00 0.00000000e+00 0.00000000e+00
  0.00000000e+00 0.00000000e+00 0.00000000e+00 0.00000000e+00
  0.00000000e+00 3.35413082e+00 4.78512127e+00 0.00000000e+00
  5.61292529e-01 8.15384606e-01 1.11324937e+00]
 [5.48837239e-01 7.80254032e-01 2.96957245e-01 4.72041440e-01
  1.07713178e-01 0.00000000e+00 2.36312455e-01 0.00000000e+00
  4.64308782e-01 6.21426769e-01 1.71188217e+00 6.24255395e-01
  1.62133709e+00 8.59640098e-01 1.57014255e-01]
 [0.00000000e+00 2.08438554e-01 0.00000000e+00 3.21428385e-01
  0.00000000e+00 1.72019339e-01 1.42156247e-01 0.00000000e+00
  6.73545270e-03 7.87105566e-01 4.65907499e+00 7.13411748e-01
  8.53197660e-01 8.75870053e-01 8.95555849e-01]
 [0.00000000e+00 9.88320758e-02 0.00000000e+00 0.00000000e+00
  0.00000000e+00 0.00000000e+00 0.00000000e+00 0.00000000e+00
  0.00000000e+00 2.04041185e+00 3.46161347e+00 0.00000000e+00
  4.93269331e-01 6.25636057e-01 5.77051548e-01]
 [2.58700480e-01 4.03425712e-01 0.00000000e+00 4.26297831e-01
  4.02825333e-01 3.77891143e-02 1.29249010e-01 5.82508861e-01
  2.06115923e-01 3.32325531e-01 3.27085637e+00 7.39736824e-01
  4.60889402e-01 3.83112730e-01 1.14354059e+00]
 [6.56604567e-01 0.00000000e+00 4.48360542e-01 6.06828257e-01
  5.14346055e-01 5.25963088e-02 0.00000000e+00 0.00000000e+00
  0.00000000e+00 4.77505697e-02 0.00000000e+00 0.00000000e+00
  0.00000000e+00 0.00000000e+00 0.00000000e+00]
 [1.04062282e+00 4.21041315e-01 1.11322422e+00 1.74908240e+00
  1.50352868e+00 8.47291396e-01 2.84988160e-01 0.00000000e+00
  9.96104544e-03 0.00000000e+00 0.00000000e+00 0.00000000e+00
  0.00000000e+00 7.92286349e-02 0.00000000e+00]
 [4.63655392e-01 1.16606313e+00 1.13811380e+00 1.34373148e+00
  9.92719992e-01 4.16265022e-01 0.00000000e+00 0.00000000e+00
  0.00000000e+00 0.00000000e+00 0.00000000e+00 0.00000000e+00
  3.01261717e-01 5.67611485e-01 2.78404463e-01]
 [3.02001283e-01 3.71997415e-01 0.00000000e+00 0.00000000e+00
  5.52284972e-02 0.00000000e+00 0.00000000e+00 0.00000000e+00
  0.00000000e+00 0.00000000e+00 0.00000000e+00 0.00000000e+00
  0.00000000e+00 0.00000000e+00 0.00000000e+00]
 [5.42083378e-01 6.43434679e-01 7.40066499e-01 4.39842687e-01
  5.53047729e-01 7.19674632e-01 1.05406727e+00 1.16336092e+00
  1.43021313e+00 1.22611534e+00 1.09410403e+00 6.91427077e-01
  8.61129457e-01 4.63508057e-01 4.50142573e-01]]

4
----------------------------------------------------------------------------------
[[1.67965968e-01 0.00000000e+00 6.59176615e-02 0.00000000e+00
  0.00000000e+00 0.00000000e+00 0.00000000e+00 0.00000000e+00
  0.00000000e+00 0.00000000e+00 0.00000000e+00 0.00000000e+00
  0.00000000e+00 2.22162249e-02 0.00000000e+00]
 [8.19619126e-02 0.00000000e+00 0.00000000e+00 9.25807367e-02
  0.00000000e+00 0.00000000e+00 0.00000000e+00 0.00000000e+00
  0.00000000e+00 1.02137453e-01 0.00000000e+00 3.23452518e-02
  1.25413680e-01 3.00754169e-01 0.00000000e+00]
 [8.07678919e-01 0.00000000e+00 1.67277756e-01 4.85029090e-01
  0.00000000e+00 0.00000000e+00 0.00000000e+00 2.06320840e-01
  3.85037058e-01 9.69515043e-03 0.00000000e+00 6.20355118e-01
  0.00000000e+00 2.80224605e-01 0.00000000e+00]
 [4.88842681e-02 0.00000000e+00 0.00000000e+00 0.00000000e+00
  0.00000000e+00 0.00000000e+00 0.00000000e+00 0.00000000e+00
  0.00000000e+00 0.00000000e+00 0.00000000e+00 0.00000000e+00
  0.00000000e+00 0.00000000e+00 0.00000000e+00]
 [1.03311791e-01 0.00000000e+00 0.00000000e+00 1.04717815e-01
  0.00000000e+00 0.00000000e+00 0.00000000e+00 0.00000000e+00
  0.00000000e+00 0.00000000e+00 0.00000000e+00 0.00000000e+00
  2.72364312e-03 3.61130168e-03 0.00000000e+00]
 [1.76332746e-01 1.55803943e-01 3.02978482e-01 2.59082045e-01
  0.00000000e+00 2.83594450e-01 7.74397745e-02 2.98020304e-01
  3.49333604e-01 0.00000000e+00 0.00000000e+00 0.00000000e+00
  1.21703628e-01 3.01708549e-01 0.00000000e+00]
 [7.96300403e-02 0.00000000e+00 3.21982227e-02 1.95920659e-01
  0.00000000e+00 0.00000000e+00 0.00000000e+00 0.00000000e+00
  0.00000000e+00 0.00000000e+00 0.00000000e+00 1.19798384e-01
  1.41026797e-01 1.73348104e-01 0.00000000e+00]
 [4.23629087e-01 5.36076081e-01 1.21795042e-01 0.00000000e+00
  0.00000000e+00 0.00000000e+00 0.00000000e+00 0.00000000e+00
  0.00000000e+00 0.00000000e+00 0.00000000e+00 0.00000000e+00
  0.00000000e+00 0.00000000e+00 0.00000000e+00]
 [8.00222094e-01 5.93504273e-01 3.91157805e-01 1.11193342e-01
  0.00000000e+00 0.00000000e+00 0.00000000e+00 0.00000000e+00
  0.00000000e+00 0.00000000e+00 0.00000000e+00 0.00000000e+00
  0.00000000e+00 0.00000000e+00 0.00000000e+00]
 [3.87659063e-01 4.18208721e-01 5.34464946e-01 3.88565467e-01
  6.36422463e-01 1.79496822e-01 0.00000000e+00 0.00000000e+00
  6.64283488e-01 0.00000000e+00 0.00000000e+00 0.00000000e+00
  3.82000027e-01 4.22516744e-02 6.80481744e-01]
 [1.00490382e+00 8.09490194e-01 6.06870134e-01 3.23463164e-01
  3.74509406e-01 0.00000000e+00 0.00000000e+00 1.76406734e-02
  3.88484281e-02 0.00000000e+00 0.00000000e+00 0.00000000e+00
  0.00000000e+00 0.00000000e+00 0.00000000e+00]
 [3.91054160e-01 1.92514335e-01 8.62861456e-02 0.00000000e+00
  0.00000000e+00 0.00000000e+00 0.00000000e+00 0.00000000e+00
  0.00000000e+00 0.00000000e+00 0.00000000e+00 0.00000000e+00
  0.00000000e+00 0.00000000e+00 0.00000000e+00]
 [1.06824188e+00 1.29004347e-01 0.00000000e+00 8.20834871e-01
  4.44948302e-01 0.00000000e+00 8.45656430e-02 7.78817677e-01
  6.87478807e-01 2.76237863e-01 0.00000000e+00 0.00000000e+00
  2.41484334e-01 1.06445719e+00 3.73248229e-01]
 [1.85290013e-02 0.00000000e+00 0.00000000e+00 2.89683115e-01
  3.52667230e-02 1.80534094e-01 0.00000000e+00 0.00000000e+00
  3.19828209e-01 6.49121101e-01 0.00000000e+00 2.74512742e+00
  2.78828975e+00 0.00000000e+00 0.00000000e+00]
 [4.31289385e-01 0.00000000e+00 0.00000000e+00 1.17048958e+00
  1.18560466e+00 1.30426933e+00 2.91588977e-01 1.64928387e-01
  7.55670985e-01 1.16898901e+00 7.36058913e-01 2.97746459e+00
  1.65480058e+00 2.70564762e-01 0.00000000e+00]
 [4.85929465e-01 0.00000000e+00 0.00000000e+00 5.81990527e-01
  7.75734121e-01 5.31157726e-01 0.00000000e+00 0.00000000e+00
  4.69358770e-01 6.24258792e-01 1.42729411e+00 2.68598755e+00
  3.52216990e+00 8.81694119e-01 0.00000000e+00]
 [5.55752668e-02 0.00000000e+00 0.00000000e+00 0.00000000e+00
  0.00000000e+00 0.00000000e+00 0.00000000e+00 3.03299356e-01
  5.95954133e-01 6.44721900e-02 0.00000000e+00 0.00000000e+00
  3.86209526e-01 0.00000000e+00 0.00000000e+00]
 [6.22766205e-01 7.36569647e-01 6.46893411e-01 8.09216786e-01
  8.74903257e-01 1.07829223e+00 1.21970007e+00 1.10624727e+00
  1.01499344e+00 1.11479125e+00 1.52966306e+00 1.13654530e+00
  9.37967882e-01 8.29070504e-01 1.04890442e+00]]

5
----------------------------------------------------------------------------------
[[0.00000000e+00 0.00000000e+00 0.00000000e+00 0.00000000e+00
  0.00000000e+00 0.00000000e+00 6.74082592e-03 0.00000000e+00
  0.00000000e+00 8.49464538e-02 0.00000000e+00 0.00000000e+00
  0.00000000e+00 0.00000000e+00 0.00000000e+00]
 [0.00000000e+00 0.00000000e+00 0.00000000e+00 5.58337327e-02
  0.00000000e+00 0.00000000e+00 3.88935720e-01 0.00000000e+00
  0.00000000e+00 4.36725291e-01 0.00000000e+00 9.59264206e-02
  0.00000000e+00 0.00000000e+00 1.10268280e-02]
 [6.74165601e-02 1.55888367e-02 0.00000000e+00 4.75363560e-02
  0.00000000e+00 0.00000000e+00 1.04270219e-01 0.00000000e+00
  2.91105888e-01 5.62139166e-01 0.00000000e+00 5.45269165e-01
  0.00000000e+00 1.19998580e-02 0.00000000e+00]
 [0.00000000e+00 0.00000000e+00 0.00000000e+00 0.00000000e+00
  0.00000000e+00 0.00000000e+00 7.28361305e-02 0.00000000e+00
  0.00000000e+00 2.41559930e-03 0.00000000e+00 0.00000000e+00
  0.00000000e+00 0.00000000e+00 0.00000000e+00]
 [0.00000000e+00 0.00000000e+00 0.00000000e+00 0.00000000e+00
  0.00000000e+00 0.00000000e+00 2.30592183e-01 0.00000000e+00
  0.00000000e+00 4.02728854e-03 0.00000000e+00 0.00000000e+00
  0.00000000e+00 0.00000000e+00 4.94605230e-04]
 [0.00000000e+00 0.00000000e+00 2.18498157e-01 0.00000000e+00
  0.00000000e+00 2.37159238e-01 4.09656398e-01 0.00000000e+00
  9.10073355e-02 5.89118570e-01 3.39403447e-01 8.41613964e-01
  0.00000000e+00 0.00000000e+00 1.99817917e-01]
 [2.60372499e-02 0.00000000e+00 0.00000000e+00 0.00000000e+00
  0.00000000e+00 0.00000000e+00 8.14269765e-02 0.00000000e+00
  0.00000000e+00 1.59768246e-01 0.00000000e+00 5.85134155e-02
  1.26502083e-02 0.00000000e+00 1.40769708e-01]
 [0.00000000e+00 0.00000000e+00 0.00000000e+00 0.00000000e+00
  0.00000000e+00 0.00000000e+00 0.00000000e+00 0.00000000e+00
  0.00000000e+00 2.01695415e-03 0.00000000e+00 0.00000000e+00
  0.00000000e+00 0.00000000e+00 0.00000000e+00]
 [0.00000000e+00 0.00000000e+00 0.00000000e+00 0.00000000e+00
  0.00000000e+00 0.00000000e+00 0.00000000e+00 0.00000000e+00
  0.00000000e+00 0.00000000e+00 0.00000000e+00 0.00000000e+00
  0.00000000e+00 0.00000000e+00 0.00000000e+00]
 [1.74253866e-01 2.84651619e-01 1.15845061e-01 0.00000000e+00
  0.00000000e+00 6.12446703e-01 2.80628608e-01 0.00000000e+00
  0.00000000e+00 9.62414914e-01 6.05500618e-01 3.71070915e-01
  6.88503381e-01 1.25173950e-01 3.94070569e-01]
 [0.00000000e+00 0.00000000e+00 6.60200080e-02 1.68245068e-04
  0.00000000e+00 3.00970126e-02 0.00000000e+00 0.00000000e+00
  9.90214528e-02 2.11566735e-01 4.67509823e-02 1.01784171e-01
  1.33220942e-01 0.00000000e+00 2.08385837e-01]
 [0.00000000e+00 0.00000000e+00 0.00000000e+00 0.00000000e+00
  0.00000000e+00 0.00000000e+00 0.00000000e+00 0.00000000e+00
  0.00000000e+00 1.08111649e-02 0.00000000e+00 0.00000000e+00
  0.00000000e+00 0.00000000e+00 0.00000000e+00]
 [2.82644312e-01 4.56891230e-01 2.57520585e-01 9.60500872e-02
  1.44132827e-01 2.71468680e-01 0.00000000e+00 4.85011340e-01
  0.00000000e+00 7.29225374e-01 5.11185272e-01 7.55498031e-01
  0.00000000e+00 4.12384731e-02 1.84177177e-01]
 [0.00000000e+00 0.00000000e+00 1.99185873e-02 2.59522696e-01
  0.00000000e+00 0.00000000e+00 1.22978749e-01 2.60881571e-01
  0.00000000e+00 3.60383818e-01 0.00000000e+00 8.01321524e-02
  1.60706928e-01 4.11403581e-01 1.71920997e-01]
 [9.64085136e-02 8.97828891e-02 1.30625624e-01 3.12057305e-01
  4.08650392e-01 0.00000000e+00 2.17089447e-01 0.00000000e+00
  0.00000000e+00 3.84235374e-01 1.18623096e-01 1.50466951e-01
  9.35712194e-01 1.84260407e+00 1.08763449e+00]
 [1.98474247e-01 3.10920245e-01 1.53960291e-01 0.00000000e+00
  1.52716199e-01 0.00000000e+00 6.03313464e-02 3.17889620e-01
  5.12133826e-02 5.60484881e-01 3.68614698e-01 2.78778403e-01
  8.09312256e-01 5.64713925e-01 2.20916699e-01]
 [3.74312419e-02 0.00000000e+00 0.00000000e+00 0.00000000e+00
  0.00000000e+00 0.00000000e+00 0.00000000e+00 0.00000000e+00
  0.00000000e+00 1.12330965e-01 0.00000000e+00 8.12527943e-02
  0.00000000e+00 6.64606545e-01 2.68580393e-01]
 [7.88392772e-01 7.29615857e-01 5.88347745e-01 5.98126196e-01
  8.13344019e-01 1.04264481e+00 9.00969588e-01 1.12867528e+00
  1.02982553e+00 3.30319681e-01 6.21525165e-01 4.50577180e-01
  8.32870665e-01 1.16295337e+00 9.02823562e-01]]

6
----------------------------------------------------------------------------------
[[0.00000000e+00 0.00000000e+00 0.00000000e+00 0.00000000e+00
  0.00000000e+00 0.00000000e+00 0.00000000e+00 0.00000000e+00
  0.00000000e+00 6.37540718e-03 0.00000000e+00 2.80014056e-01
  0.00000000e+00 0.00000000e+00 0.00000000e+00]
 [0.00000000e+00 0.00000000e+00 0.00000000e+00 0.00000000e+00
  0.00000000e+00 0.00000000e+00 0.00000000e+00 2.53995715e-01
  3.95219262e-01 1.13863391e-01 0.00000000e+00 7.51640569e-01
  2.27769566e-01 9.83913021e-03 0.00000000e+00]
 [0.00000000e+00 0.00000000e+00 0.00000000e+00 0.00000000e+00
  0.00000000e+00 0.00000000e+00 7.80344334e-02 2.83046280e-01
  6.62060095e-02 4.63102694e-01 2.22908098e-01 5.92730093e-01
  1.40698555e-01 2.10862753e-02 0.00000000e+00]
 [0.00000000e+00 0.00000000e+00 0.00000000e+00 0.00000000e+00
  0.00000000e+00 0.00000000e+00 0.00000000e+00 0.00000000e+00
  0.00000000e+00 0.00000000e+00 2.63811007e-02 0.00000000e+00
  0.00000000e+00 0.00000000e+00 0.00000000e+00]
 [0.00000000e+00 0.00000000e+00 0.00000000e+00 0.00000000e+00
  0.00000000e+00 0.00000000e+00 0.00000000e+00 0.00000000e+00
  0.00000000e+00 0.00000000e+00 0.00000000e+00 1.31023512e-01
  0.00000000e+00 0.00000000e+00 0.00000000e+00]
 [0.00000000e+00 0.00000000e+00 0.00000000e+00 0.00000000e+00
  6.02091668e-02 0.00000000e+00 1.50778773e-02 2.06357799e-01
  4.21134468e-01 2.86168972e-01 5.94929494e-01 5.68478692e-01
  2.88462386e-01 3.25143979e-01 0.00000000e+00]
 [0.00000000e+00 0.00000000e+00 0.00000000e+00 0.00000000e+00
  0.00000000e+00 0.00000000e+00 0.00000000e+00 2.25721650e-01
  0.00000000e+00 2.76138878e-02 0.00000000e+00 3.74827681e-01
  0.00000000e+00 7.02827009e-04 0.00000000e+00]
 [0.00000000e+00 0.00000000e+00 0.00000000e+00 0.00000000e+00
  0.00000000e+00 0.00000000e+00 0.00000000e+00 0.00000000e+00
  4.13434209e-03 2.66079603e-01 1.77909955e+00 3.87992872e-01
  1.76203484e-01 1.64251353e-01 1.53286778e+00]
 [0.00000000e+00 0.00000000e+00 0.00000000e+00 0.00000000e+00
  0.00000000e+00 0.00000000e+00 0.00000000e+00 0.00000000e+00
  0.00000000e+00 4.59408674e-01 4.05039530e+00 7.92365175e-01
  6.79963181e-01 1.01499944e-01 2.95640484e+00]
 [0.00000000e+00 0.00000000e+00 7.58829851e-01 4.73771313e-01
  0.00000000e+00 0.00000000e+00 0.00000000e+00 3.64512124e-01
  7.82598648e-01 8.69854187e-01 2.45045260e+00 1.03854664e+00
  0.00000000e+00 9.59411959e-02 2.96182241e+00]
 [0.00000000e+00 0.00000000e+00 0.00000000e+00 8.20685931e-02
  0.00000000e+00 0.00000000e+00 1.13567224e-02 5.06224261e-02
  1.62283980e-01 3.76387644e-01 3.64542184e+00 1.71336679e+00
  1.16137875e+00 0.00000000e+00 2.47795563e+00]
 [0.00000000e+00 0.00000000e+00 0.00000000e+00 0.00000000e+00
  0.00000000e+00 0.00000000e+00 0.00000000e+00 0.00000000e+00
  1.06773473e-02 7.77723109e-02 2.63186802e+00 7.35061810e-01
  4.81108941e-01 8.22984423e-02 2.66346240e+00]
 [4.34667990e-01 1.16235420e-02 2.87413880e-01 1.73142607e-01
  2.36324431e-01 0.00000000e+00 6.57820970e-02 0.00000000e+00
  7.53700046e-01 1.21452432e+00 2.23572721e+00 1.96037735e+00
  6.85168432e-01 2.60257109e-01 9.84072476e-01]
 [1.00214945e-01 3.15321390e+00 2.04619323e+00 1.03604352e+00
  0.00000000e+00 1.23024666e-01 5.60340928e-01 1.69911827e+00
  5.64011027e-01 5.48748788e-01 4.37433733e-01 4.80441632e-01
  2.53513922e+00 1.46782104e+00 4.17303066e-01]
 [8.84576900e-01 8.37887351e+00 2.71193550e+00 1.17113761e+00
  0.00000000e+00 1.80083123e+00 1.19118125e+00 2.21438788e+00
  1.02441528e+00 1.45527306e+00 8.78604876e-01 1.34651661e+00
  5.30645874e+00 2.24604807e+00 8.76637941e-01]
 [0.00000000e+00 3.13831550e+00 3.50239254e+00 1.75612976e+00
  7.61072518e-01 2.34493112e-01 1.25747212e+00 8.47535142e-01
  9.50800005e-01 1.20546802e+00 4.37344905e-01 1.06190079e+00
  2.27875047e+00 1.65648566e+00 1.19372909e+00]
 [0.00000000e+00 7.99327932e-02 0.00000000e+00 9.88810894e-02
  1.19772682e-01 0.00000000e+00 0.00000000e+00 3.27999578e-01
  3.09400067e-01 4.87934142e-01 3.82608527e-01 3.59822231e-01
  1.76130315e-02 6.96040335e-01 2.92329405e-01]
 [1.68118405e+00 1.36216879e+00 1.21331532e+00 8.18366345e-01
  6.53588067e-01 1.12780632e+00 1.02300361e+00 5.24178814e-01
  5.20489907e-01 3.81379104e-01 4.31714251e-01 5.73258514e-01
  1.07923633e+00 7.59517195e-01 1.02990944e+00]]

7
----------------------------------------------------------------------------------
[[0.00000000e+00 6.74164354e-02 0.00000000e+00 2.17091615e-01
  0.00000000e+00 0.00000000e+00 0.00000000e+00 0.00000000e+00
  0.00000000e+00 0.00000000e+00 0.00000000e+00 0.00000000e+00
  0.00000000e+00 1.97801475e-01 0.00000000e+00]
 [0.00000000e+00 2.04787976e-01 9.16186298e-02 2.73696272e-01
  4.36230165e-01 1.51212080e-01 1.16267712e-01 4.62842411e-02
  0.00000000e+00 7.55224042e-02 2.43268367e-01 0.00000000e+00
  2.76555992e-01 4.53056614e-01 5.08129352e-03]
 [3.19631426e-01 4.92236896e-01 0.00000000e+00 7.48833952e-02
  1.58498843e-01 0.00000000e+00 5.20531180e-01 0.00000000e+00
  0.00000000e+00 7.55613718e-01 1.80620984e-01 0.00000000e+00
  2.66361960e-02 9.40600352e-02 2.08705894e-01]
 [2.30298185e-02 7.96419449e-02 0.00000000e+00 9.60723410e-02
  0.00000000e+00 0.00000000e+00 0.00000000e+00 0.00000000e+00
  0.00000000e+00 0.00000000e+00 0.00000000e+00 0.00000000e+00
  0.00000000e+00 1.73569541e-01 1.54934630e-02]
 [0.00000000e+00 0.00000000e+00 0.00000000e+00 0.00000000e+00
  9.96309129e-03 0.00000000e+00 3.05340804e-02 0.00000000e+00
  0.00000000e+00 7.08271025e-02 0.00000000e+00 0.00000000e+00
  0.00000000e+00 2.75093713e-01 4.35528191e-02]
 [2.89552522e-03 2.91843003e-01 7.03468849e-02 8.49217722e-01
  0.00000000e+00 0.00000000e+00 1.61127022e-01 1.85764414e-01
  0.00000000e+00 1.60392325e-01 4.19782823e-01 0.00000000e+00
  0.00000000e+00 3.60674868e-01 2.38329265e-01]
 [0.00000000e+00 0.00000000e+00 0.00000000e+00 9.20423105e-03
  6.26472345e-02 9.82725248e-02 0.00000000e+00 4.43113421e-02
  0.00000000e+00 7.84572004e-02 0.00000000e+00 0.00000000e+00
  0.00000000e+00 1.85965856e-01 0.00000000e+00]
 [4.89963008e-01 3.58012755e-01 3.38907525e-02 1.88270660e-01
  1.16943892e-01 0.00000000e+00 0.00000000e+00 0.00000000e+00
  0.00000000e+00 0.00000000e+00 0.00000000e+00 0.00000000e+00
  0.00000000e+00 0.00000000e+00 0.00000000e+00]
 [7.78316438e-01 9.00735438e-01 5.77405388e-01 1.01314731e+00
  5.87025334e-01 3.14326877e-01 2.72044925e-01 9.24636350e-02
  0.00000000e+00 0.00000000e+00 0.00000000e+00 0.00000000e+00
  0.00000000e+00 1.32033854e-01 1.36365267e-01]
 [4.65137157e-02 4.88520316e-01 9.19468018e-01 9.52778077e-01
  7.66118011e-02 0.00000000e+00 1.30180260e-01 0.00000000e+00
  2.19092537e-01 7.66773839e-01 1.35676190e-01 3.69507642e-01
  3.28383216e-01 8.73175436e-01 2.64359241e-01]
 [0.00000000e+00 5.96330689e-01 7.25735708e-01 1.41583332e+00
  6.82862903e-01 1.13126822e-01 3.12012384e-01 1.07346048e-01
  0.00000000e+00 7.94785018e-02 0.00000000e+00 0.00000000e+00
  1.04824921e-01 5.25164026e-01 7.54119031e-02]
 [2.33539460e+00 1.58016973e+00 1.42546149e+00 1.19401986e+00
  6.60271866e-01 1.98957064e-01 1.24682247e-01 7.11113094e-02
  0.00000000e+00 0.00000000e+00 0.00000000e+00 0.00000000e+00
  0.00000000e+00 9.88271715e-02 4.04572078e-02]
 [9.29885574e-01 1.60968419e+00 2.26598709e+00 1.94353188e+00
  6.92754803e-01 4.01755435e-01 9.75702819e-01 2.94233199e-01
  6.20242268e-01 1.01021829e+00 4.19574147e-01 3.67250156e-01
  2.35694576e-01 9.94213590e-01 8.70418009e-01]
 [5.43847823e-02 4.36845557e-01 0.00000000e+00 0.00000000e+00
  3.96248903e-02 9.27712917e-04 7.03864318e-02 0.00000000e+00
  0.00000000e+00 5.23355778e-02 0.00000000e+00 0.00000000e+00
  9.62648433e-02 1.35853562e-01 1.84592937e-01]
 [2.05978456e-01 2.00712370e-02 0.00000000e+00 0.00000000e+00
  0.00000000e+00 0.00000000e+00 0.00000000e+00 0.00000000e+00
  0.00000000e+00 5.03081721e-02 1.28420859e-01 0.00000000e+00
  3.21254288e-01 4.18697690e-03 0.00000000e+00]
 [7.13179133e-01 9.29677672e-01 4.57068093e-01 5.80681741e-01
  6.16877965e-01 1.12122039e-02 1.57574774e-01 0.00000000e+00
  5.55208043e-01 5.03136967e-01 2.57922651e-01 1.16841201e-01
  3.58693311e-01 4.77773013e-01 3.82406939e-01]
 [0.00000000e+00 1.59616807e-01 0.00000000e+00 1.14049706e-01
  0.00000000e+00 6.57158830e-02 0.00000000e+00 0.00000000e+00
  0.00000000e+00 2.51921086e-02 9.09199279e-02 0.00000000e+00
  2.48392428e-02 1.26769549e-01 6.12684893e-02]
 [6.83955784e-01 2.91979455e-01 6.30384618e-01 5.05580386e-01
  7.50591389e-01 1.21433256e+00 9.36929080e-01 8.59950181e-01
  7.21186973e-01 4.91384012e-01 4.65155933e-01 5.54092712e-01
  4.55580087e-01 4.02806033e-01 4.51050405e-01]]

9
----------------------------------------------------------------------------------
[[0.00000000e+00 8.07087490e-02 0.00000000e+00 4.75600348e-01
  0.00000000e+00 0.00000000e+00 6.86161873e-02 0.00000000e+00
  0.00000000e+00 2.35871531e-01 0.00000000e+00 0.00000000e+00
  0.00000000e+00 8.43300643e-03 0.00000000e+00]
 [5.29271207e-01 0.00000000e+00 0.00000000e+00 9.25492216e-01
  4.35386890e-01 9.64466004e-01 1.48588708e-01 1.18814588e-03
  0.00000000e+00 3.76458252e-01 0.00000000e+00 1.71069422e-02
  0.00000000e+00 0.00000000e+00 0.00000000e+00]
 [1.08733733e-01 0.00000000e+00 0.00000000e+00 1.03316153e+00
  1.76899186e-01 4.59229998e-01 0.00000000e+00 2.40144055e-01
  0.00000000e+00 2.97478525e-01 2.12375622e-02 0.00000000e+00
  0.00000000e+00 0.00000000e+00 0.00000000e+00]
 [0.00000000e+00 1.34154506e-01 0.00000000e+00 4.68655281e-01
  0.00000000e+00 0.00000000e+00 1.58694429e-01 6.61232081e-02
  0.00000000e+00 1.47973509e-01 5.87140858e-02 0.00000000e+00
  0.00000000e+00 0.00000000e+00 0.00000000e+00]
 [0.00000000e+00 8.04543193e-02 0.00000000e+00 4.73629042e-01
  0.00000000e+00 0.00000000e+00 0.00000000e+00 1.06297244e-03
  0.00000000e+00 2.54119175e-01 6.14564568e-02 0.00000000e+00
  0.00000000e+00 1.55894785e-01 3.28256304e-01]
 [6.99462099e-02 0.00000000e+00 3.33630744e-01 9.00494360e-01
  3.90202016e-01 1.73380329e-01 1.58810092e-01 3.24863565e-01
  0.00000000e+00 1.53133779e-01 0.00000000e+00 0.00000000e+00
  0.00000000e+00 0.00000000e+00 0.00000000e+00]
 [2.09521999e-01 0.00000000e+00 0.00000000e+00 7.59003125e-01
  1.07656988e-01 0.00000000e+00 0.00000000e+00 5.06576932e-02
  0.00000000e+00 3.57116971e-01 1.88890220e-01 0.00000000e+00
  0.00000000e+00 0.00000000e+00 0.00000000e+00]
 [7.07629314e-01 2.57120629e-01 0.00000000e+00 9.13859596e-01
  0.00000000e+00 1.25640790e-01 1.45076856e+00 0.00000000e+00
  7.52006282e-02 0.00000000e+00 0.00000000e+00 1.46569659e+00
  0.00000000e+00 0.00000000e+00 0.00000000e+00]
 [2.54085138e+00 5.63641019e-01 4.40664141e-02 6.17159479e-01
  0.00000000e+00 4.17928540e-01 1.49718441e+00 5.70098911e-01
  8.27077362e-01 0.00000000e+00 6.19667731e-01 3.94861033e+00
  0.00000000e+00 0.00000000e+00 0.00000000e+00]
 [1.33498761e+00 1.13373750e-01 5.47719164e-01 3.36935082e+00
  6.62156217e-01 8.45715183e-01 1.62753026e+00 2.28719511e-01
  6.75091820e-01 2.31177210e-01 0.00000000e+00 1.32230961e+00
  8.04281232e-01 0.00000000e+00 0.00000000e+00]
 [3.35420401e+00 9.92125893e-01 1.04495975e-01 2.29719059e+00
  8.89357970e-01 7.75037045e-01 1.13412674e+00 7.92995834e-01
  1.55535412e+00 0.00000000e+00 1.55446655e-01 1.68707715e+00
  1.02396714e+00 0.00000000e+00 9.32631250e-01]
 [1.82983998e+00 4.35179735e-01 0.00000000e+00 4.25173168e-01
  2.03477831e-02 1.78016018e-01 1.39741687e+00 0.00000000e+00
  0.00000000e+00 0.00000000e+00 3.35541911e-01 2.15115313e+00
  0.00000000e+00 0.00000000e+00 0.00000000e+00]
 [2.64693737e+00 2.36183243e-01 6.43944407e-01 2.08599318e+00
  2.25530784e+00 1.30664138e+00 1.22685855e-01 2.22270122e-01
  4.29040947e-01 4.31291569e-01 1.40624342e-02 1.15688092e+00
  0.00000000e+00 5.08487712e-01 2.29778717e+00]
 [4.18768881e-01 5.41688547e-01 8.03373701e-01 2.83248055e+00
  1.69892319e+00 9.91628690e-01 1.76948787e-02 0.00000000e+00
  0.00000000e+00 6.37044159e-02 2.15154238e-02 1.32320097e-02
  3.33400077e-01 0.00000000e+00 0.00000000e+00]
 [8.24174974e-01 0.00000000e+00 1.64604380e+00 4.29125302e+00
  3.17654807e+00 3.07793087e+00 5.31556190e-03 0.00000000e+00
  6.38608815e-01 7.96052302e-02 2.61546565e-01 0.00000000e+00
  2.70088947e-01 0.00000000e+00 0.00000000e+00]
 [1.48472623e+00 1.47734479e-01 1.24380261e+00 2.24665078e+00
  3.93452965e+00 4.71021277e+00 6.46031402e-01 0.00000000e+00
  5.27929315e-01 3.30190183e-01 5.47067932e-01 5.51350897e-02
  2.16504378e-01 0.00000000e+00 0.00000000e+00]
 [4.37735544e-02 0.00000000e+00 2.45723212e-01 1.44878794e+00
  1.18139399e+00 9.54261328e-01 2.79412461e-01 0.00000000e+00
  0.00000000e+00 0.00000000e+00 0.00000000e+00 0.00000000e+00
  0.00000000e+00 0.00000000e+00 0.00000000e+00]
 [7.12685053e-01 1.02746897e+00 7.73996971e-01 3.47204239e-01
  6.59642323e-01 5.79298989e-01 6.33243347e-01 8.55159896e-01
  8.92379071e-01 6.52933487e-01 1.18074690e+00 1.62646349e+00
  2.08997309e+00 3.93302180e+00 7.38118236e+00]]