

1
----------------------------------------------------------------------------------
[[3.97577960e-02 0.00000000e+00 4.89075188e-02 2.29826808e-02
  0.00000000e+00 0.00000000e+00 4.00671566e-02 0.00000000e+00
  0.00000000e+00 0.00000000e+00 0.00000000e+00 0.00000000e+00
  1.48718664e-01 3.27320961e-03 7.41690262e-02]
 [2.35965212e-01 7.64302741e-02 1.62686950e-03 9.98969722e-02
  0.00000000e+00 0.00000000e+00 7.16583711e-02 0.00000000e+00
  0.00000000e+00 0.00000000e+00 0.00000000e+00 0.00000000e+00
  3.52812391e-01 2.67118146e-01 1.35469698e-01]
 [6.64778118e-01 4.17119888e-01 5.33029930e-01 3.09213753e-01
  2.91506055e-01 2.00643340e-01 2.37308811e-01 0.00000000e+00
  0.00000000e+00 0.00000000e+00 0.00000000e+00 2.90720427e-01
  3.04996879e-01 3.57503079e-01 5.03063953e-01]
 [0.00000000e+00 0.00000000e+00 0.00000000e+00 0.00000000e+00
  0.00000000e+00 0.00000000e+00 0.00000000e+00 0.00000000e+00
  0.00000000e+00 0.00000000e+00 0.00000000e+00 0.00000000e+00
  1.88822450e-01 8.82611435e-02 0.00000000e+00]
 [0.00000000e+00 0.00000000e+00 0.00000000e+00 0.00000000e+00
  0.00000000e+00 0.00000000e+00 0.00000000e+00 0.00000000e+00
  0.00000000e+00 0.00000000e+00 0.00000000e+00 0.00000000e+00
  8.51029715e-02 0.00000000e+00 0.00000000e+00]
 [2.26567411e-01 1.32076855e-02 0.00000000e+00 7.64832687e-02
  6.70273349e-02 3.13765198e-01 8.89309640e-02 0.00000000e+00
  0.00000000e+00 0.00000000e+00 0.00000000e+00 0.00000000e+00
  3.93520149e-01 4.93591554e-01 6.34674968e-01]
 [0.00000000e+00 0.00000000e+00 0.00000000e+00 0.00000000e+00
  0.00000000e+00 0.00000000e+00 1.04897646e-02 0.00000000e+00
  0.00000000e+00 0.00000000e+00 0.00000000e+00 0.00000000e+00
  2.98233335e-01 0.00000000e+00 0.00000000e+00]
 [0.00000000e+00 0.00000000e+00 0.00000000e+00 0.00000000e+00
  0.00000000e+00 0.00000000e+00 0.00000000e+00 0.00000000e+00
  0.00000000e+00 0.00000000e+00 0.00000000e+00 0.00000000e+00
  3.46654054e+00 1.25965334e+00 9.05925101e-01]
 [0.00000000e+00 0.00000000e+00 0.00000000e+00 0.00000000e+00
  0.00000000e+00 0.00000000e+00 0.00000000e+00 0.00000000e+00
  0.00000000e+00 0.00000000e+00 0.00000000e+00 2.48208418e-02
  2.85517928e+00 2.15093175e+00 1.07813475e+00]
 [5.50251572e-01 1.05311121e+00 7.78305347e-01 6.01703299e-01
  2.63106542e-01 2.57521043e-01 3.79159216e-01 0.00000000e+00
  2.14054857e-01 0.00000000e+00 0.00000000e+00 0.00000000e+00
  1.58529841e+00 9.22470711e-01 1.42298090e+00]
 [2.32528488e-02 0.00000000e+00 0.00000000e+00 0.00000000e+00
  1.78033828e-02 0.00000000e+00 4.91692546e-02 0.00000000e+00
  0.00000000e+00 0.00000000e+00 0.00000000e+00 1.85471629e-01
  4.36385485e+00 3.44423081e+00 7.49886294e-01]
 [0.00000000e+00 0.00000000e+00 0.00000000e+00 0.00000000e+00
  0.00000000e+00 0.00000000e+00 0.00000000e+00 0.00000000e+00
  0.00000000e+00 0.00000000e+00 0.00000000e+00 0.00000000e+00
  1.50683889e+00 1.49131014e+00 7.88537407e-01]
 [5.09203761e-02 7.73004054e-02 6.46728653e-02 0.00000000e+00
  5.01169576e-03 0.00000000e+00 1.03431375e-01 0.00000000e+00
  0.00000000e+00 0.00000000e+00 0.00000000e+00 7.20557662e-02
  2.84565382e+00 2.13097356e+00 6.35417976e-01]
 [8.00127505e-02 2.37235458e-01 0.00000000e+00 4.58972492e-02
  0.00000000e+00 1.60020989e-01 2.78586351e-01 3.37128643e-01
  1.31887134e-01 1.41583704e-01 1.14093861e-01 0.00000000e+00
  3.02458497e-01 3.59958054e-01 8.06827717e-01]
 [3.20230282e-01 0.00000000e+00 0.00000000e+00 1.41089797e-01
  4.43619415e-02 3.70795604e-01 8.03349131e-01 8.55884162e-01
  3.57647236e-01 5.09787657e-01 3.27291135e-01 0.00000000e+00
  4.17360162e-01 8.02877694e-01 1.72413209e+00]
 [1.48035275e-01 7.13628142e-02 8.72633620e-02 5.80856436e-02
  0.00000000e+00 1.99509984e-01 2.55556625e-01 1.73976386e-01
  5.75934110e-02 4.03332805e-01 0.00000000e+00 0.00000000e+00
  3.41122281e-01 2.93252165e-01 6.90400604e-01]
 [1.05447389e-01 0.00000000e+00 0.00000000e+00 5.92370726e-02
  0.00000000e+00 1.04222262e-01 4.13809919e-01 4.68719798e-01
  2.23883429e-01 3.86031934e-01 5.62786940e-02 0.00000000e+00
  1.68164881e-01 2.74345130e-01 7.52000787e-01]
 [2.56429481e-01 2.97089854e-01 2.70346881e-01 3.07764958e-01
  5.42592128e-01 4.78681278e-01 2.39255318e-01 1.11759748e+00
  1.29203967e+00 9.98499888e-01 1.24579111e+00 1.00078737e+00
  1.83707760e-01 2.31705179e-01 2.17858562e-01]]

2
----------------------------------------------------------------------------------
[[0.00000000e+00 0.00000000e+00 0.00000000e+00 0.00000000e+00
  9.60699292e-02 0.00000000e+00 0.00000000e+00 0.00000000e+00
  0.00000000e+00 0.00000000e+00 3.46193555e-02 0.00000000e+00
  0.00000000e+00 0.00000000e+00 0.00000000e+00]
 [1.58813320e-01 1.13067806e-02 0.00000000e+00 0.00000000e+00
  1.10899865e-02 1.58897479e-01 0.00000000e+00 0.00000000e+00
  0.00000000e+00 0.00000000e+00 0.00000000e+00 5.37693787e-02
  0.00000000e+00 0.00000000e+00 0.00000000e+00]
 [3.24226040e-01 1.00669195e-02 1.45927783e-01 3.12896177e-01
  2.02703478e-01 1.37352137e-01 0.00000000e+00 0.00000000e+00
  0.00000000e+00 0.00000000e+00 1.83824890e-01 3.36411924e-01
  0.00000000e+00 0.00000000e+00 0.00000000e+00]
 [0.00000000e+00 0.00000000e+00 0.00000000e+00 0.00000000e+00
  2.91146503e-02 3.09104342e-02 0.00000000e+00 0.00000000e+00
  0.00000000e+00 0.00000000e+00 0.00000000e+00 0.00000000e+00
  0.00000000e+00 0.00000000e+00 0.00000000e+00]
 [0.00000000e+00 0.00000000e+00 0.00000000e+00 0.00000000e+00
  5.24647298e-03 0.00000000e+00 0.00000000e+00 0.00000000e+00
  0.00000000e+00 0.00000000e+00 5.12920290e-02 8.39859821e-02
  0.00000000e+00 0.00000000e+00 0.00000000e+00]
 [2.93714991e-01 0.00000000e+00 3.96628199e-01 0.00000000e+00
  3.23280500e-02 2.27629927e-01 7.19939430e-02 0.00000000e+00
  0.00000000e+00 0.00000000e+00 2.85355652e-02 2.53251764e-01
  0.00000000e+00 0.00000000e+00 0.00000000e+00]
 [0.00000000e+00 0.00000000e+00 0.00000000e+00 0.00000000e+00
  0.00000000e+00 0.00000000e+00 0.00000000e+00 0.00000000e+00
  0.00000000e+00 0.00000000e+00 7.90475224e-02 1.94478569e-02
  0.00000000e+00 0.00000000e+00 0.00000000e+00]
 [7.08819290e-01 4.02773244e-02 0.00000000e+00 0.00000000e+00
  0.00000000e+00 0.00000000e+00 0.00000000e+00 3.32232489e-02
  0.00000000e+00 0.00000000e+00 0.00000000e+00 0.00000000e+00
  0.00000000e+00 0.00000000e+00 0.00000000e+00]
 [9.14780701e-01 2.53163505e-01 0.00000000e+00 0.00000000e+00
  0.00000000e+00 0.00000000e+00 0.00000000e+00 0.00000000e+00
  0.00000000e+00 0.00000000e+00 0.00000000e+00 0.00000000e+00
  0.00000000e+00 0.00000000e+00 0.00000000e+00]
 [8.84444268e-01 3.86148717e-01 4.97279762e-01 8.08967175e-06
  4.56838518e-01 2.89135347e-01 0.00000000e+00 1.27345575e+00
  1.33082280e-01 2.89188900e-01 0.00000000e+00 3.77118339e-01
  1.29652819e-03 5.34481955e-01 9.75050073e-01]
 [1.75963293e+00 8.94494373e-01 1.13914331e-01 1.05382738e-01
  1.66723424e-02 0.00000000e+00 0.00000000e+00 0.00000000e+00
  0.00000000e+00 0.00000000e+00 0.00000000e+00 0.00000000e+00
  0.00000000e+00 0.00000000e+00 0.00000000e+00]
 [6.81477632e-01 0.00000000e+00 0.00000000e+00 0.00000000e+00
  0.00000000e+00 0.00000000e+00 0.00000000e+00 0.00000000e+00
  0.00000000e+00 0.00000000e+00 2.12657307e-02 0.00000000e+00
  0.00000000e+00 0.00000000e+00 0.00000000e+00]
 [1.33039454e+00 3.69683065e-01 0.00000000e+00 0.00000000e+00
  2.89060283e-02 3.27284572e-02 0.00000000e+00 0.00000000e+00
  0.00000000e+00 0.00000000e+00 9.40024602e-02 1.81792100e-01
  0.00000000e+00 0.00000000e+00 0.00000000e+00]
 [3.34522809e-01 2.55847941e-02 1.35981729e-01 0.00000000e+00
  8.28567734e-02 8.11611723e-02 2.05984361e-01 1.28176615e-01
  0.00000000e+00 8.67754565e-01 1.46778833e+00 0.00000000e+00
  0.00000000e+00 0.00000000e+00 0.00000000e+00]
 [8.53665437e-01 7.96288657e-02 8.33999981e-01 7.65834628e-01
  3.67449159e-01 0.00000000e+00 1.15381043e-01 3.52674586e-01
  0.00000000e+00 4.79906722e-01 3.18125580e+00 5.35593523e-01
  4.89404851e-01 0.00000000e+00 0.00000000e+00]
 [9.24550462e-01 5.10250071e-01 2.53751426e-01 1.76898795e-01
  1.75674149e-01 1.06784966e-01 1.05802443e-01 0.00000000e+00
  3.16114237e-01 1.30936263e+00 5.91722826e-01 7.12852878e-02
  0.00000000e+00 0.00000000e+00 0.00000000e+00]
 [4.24028438e-01 0.00000000e+00 0.00000000e+00 1.35723844e-01
  9.33870406e-03 0.00000000e+00 1.09102030e-02 1.03662866e-01
  0.00000000e+00 0.00000000e+00 1.99438042e-02 0.00000000e+00
  2.88496403e-01 0.00000000e+00 0.00000000e+00]
 [3.40960764e-01 7.25425768e-01 7.52439082e-01 6.87411128e-01
  2.67726398e-01 3.69799940e-01 6.65568844e-01 1.05644742e+00
  1.30639318e+00 9.44402204e-01 6.33192685e-01 6.18617263e-01
  9.42375476e-01 1.04342872e+00 9.77147547e-01]]

3
----------------------------------------------------------------------------------
[[0.00000000e+00 0.00000000e+00 0.00000000e+00 0.00000000e+00
  0.00000000e+00 0.00000000e+00 0.00000000e+00 0.00000000e+00
  0.00000000e+00 0.00000000e+00 0.00000000e+00 0.00000000e+00
  0.00000000e+00 4.51473937e-01 1.00710415e-01]
 [0.00000000e+00 0.00000000e+00 0.00000000e+00 0.00000000e+00
  0.00000000e+00 0.00000000e+00 0.00000000e+00 0.00000000e+00
  0.00000000e+00 0.00000000e+00 0.00000000e+00 0.00000000e+00
  0.00000000e+00 1.52844886e-01 1.76506757e-01]
 [2.73981290e-01 1.90935919e-01 2.42423138e-02 0.00000000e+00
  0.00000000e+00 0.00000000e+00 0.00000000e+00 0.00000000e+00
  0.00000000e+00 0.00000000e+00 0.00000000e+00 0.00000000e+00
  9.05471489e-02 2.45068412e-01 0.00000000e+00]
 [0.00000000e+00 0.00000000e+00 0.00000000e+00 0.00000000e+00
  0.00000000e+00 0.00000000e+00 0.00000000e+00 0.00000000e+00
  0.00000000e+00 0.00000000e+00 0.00000000e+00 0.00000000e+00
  0.00000000e+00 1.01387204e-01 2.51059513e-01]
 [0.00000000e+00 0.00000000e+00 0.00000000e+00 0.00000000e+00
  0.00000000e+00 0.00000000e+00 0.00000000e+00 0.00000000e+00
  0.00000000e+00 0.00000000e+00 0.00000000e+00 0.00000000e+00
  0.00000000e+00 2.17181965e-02 2.17921674e-01]
 [0.00000000e+00 3.61368053e-01 1.61143627e-01 0.00000000e+00
  9.73132620e-02 2.73922259e-01 0.00000000e+00 6.24472662e-02
  1.16656903e-01 0.00000000e+00 0.00000000e+00 0.00000000e+00
  3.92785279e-01 2.00717333e-01 0.00000000e+00]
 [0.00000000e+00 0.00000000e+00 0.00000000e+00 0.00000000e+00
  0.00000000e+00 0.00000000e+00 0.00000000e+00 0.00000000e+00
  0.00000000e+00 0.00000000e+00 0.00000000e+00 0.00000000e+00
  9.45203530e-02 6.12371639e-02 1.12936487e-01]
 [0.00000000e+00 5.02880506e-03 0.00000000e+00 0.00000000e+00
  0.00000000e+00 0.00000000e+00 0.00000000e+00 0.00000000e+00
  0.00000000e+00 0.00000000e+00 1.85784836e+00 1.80866418e+00
  0.00000000e+00 9.91859462e-01 6.83808247e-01]
 [0.00000000e+00 0.00000000e+00 0.00000000e+00 0.00000000e+00
  0.00000000e+00 0.00000000e+00 0.00000000e+00 0.00000000e+00
  0.00000000e+00 2.57378592e-02 1.81236600e+00 2.23336448e+00
  0.00000000e+00 1.45507714e+00 1.05256014e+00]
 [0.00000000e+00 2.74130528e-01 1.33180211e-01 1.25711292e+00
  2.42624468e-01 4.52015330e-01 0.00000000e+00 3.65392827e-01
  3.09987916e-01 2.05812611e-01 0.00000000e+00 0.00000000e+00
  0.00000000e+00 1.47781882e+00 1.01496198e+00]
 [0.00000000e+00 0.00000000e+00 0.00000000e+00 0.00000000e+00
  0.00000000e+00 0.00000000e+00 0.00000000e+00 0.00000000e+00
  0.00000000e+00 0.00000000e+00 3.23568901e+00 6.42550435e+00
  6.31416215e-01 1.52052458e+00 2.27356507e+00]
 [0.00000000e+00 0.00000000e+00 0.00000000e+00 0.00000000e+00
  0.00000000e+00 0.00000000e+00 0.00000000e+00 0.00000000e+00
  0.00000000e+00 0.00000000e+00 6.58524455e-01 1.03424494e+00
  0.00000000e+00 8.37776313e-01 4.80919616e-01]
 [0.00000000e+00 0.00000000e+00 0.00000000e+00 0.00000000e+00
  0.00000000e+00 0.00000000e+00 0.00000000e+00 0.00000000e+00
  0.00000000e+00 0.00000000e+00 1.12409038e+00 2.60120648e+00
  2.82577386e-01 5.38776492e-01 1.30767150e+00]
 [0.00000000e+00 4.62500313e-02 9.32331270e-02 6.01773161e-02
  2.01413901e-02 7.57111320e-02 0.00000000e+00 0.00000000e+00
  3.88126773e-01 0.00000000e+00 0.00000000e+00 0.00000000e+00
  0.00000000e+00 0.00000000e+00 0.00000000e+00]
 [0.00000000e+00 1.12992667e-01 1.50107985e-01 1.72502341e-01
  1.73588366e-01 1.85527566e-01 0.00000000e+00 7.35965794e-01
  7.03985034e-01 9.21592916e-01 0.00000000e+00 0.00000000e+00
  0.00000000e+00 2.94951307e-01 0.00000000e+00]
 [0.00000000e+00 2.03526184e-01 0.00000000e+00 0.00000000e+00
  0.00000000e+00 2.81499828e-01 2.91325553e-02 6.96898288e-02
  2.23318391e-01 8.61716833e-01 1.26260096e-01 0.00000000e+00
  0.00000000e+00 0.00000000e+00 0.00000000e+00]
 [0.00000000e+00 0.00000000e+00 9.85624599e-02 2.42754675e-01
  1.80676775e-03 0.00000000e+00 0.00000000e+00 0.00000000e+00
  0.00000000e+00 0.00000000e+00 0.00000000e+00 0.00000000e+00
  0.00000000e+00 0.00000000e+00 0.00000000e+00]
 [6.47508088e-01 6.20716225e-01 7.10512326e-01 6.18411733e-01
  8.66160031e-01 8.03453429e-01 1.01727654e+00 9.88422806e-01
  9.60406148e-01 1.12545427e+00 1.17381513e+00 1.68121447e+00
  1.13859267e+00 6.42931936e-01 1.21774531e+00]]

4
----------------------------------------------------------------------------------
[[0.00000000e+00 0.00000000e+00 0.00000000e+00 0.00000000e+00
  0.00000000e+00 0.00000000e+00 0.00000000e+00 0.00000000e+00
  0.00000000e+00 0.00000000e+00 2.25148427e-01 0.00000000e+00
  9.65603228e-02 0.00000000e+00 0.00000000e+00]
 [0.00000000e+00 0.00000000e+00 0.00000000e+00 0.00000000e+00
  0.00000000e+00 0.00000000e+00 0.00000000e+00 0.00000000e+00
  0.00000000e+00 0.00000000e+00 0.00000000e+00 0.00000000e+00
  0.00000000e+00 0.00000000e+00 0.00000000e+00]
 [0.00000000e+00 0.00000000e+00 0.00000000e+00 8.12151269e-03
  1.33994177e-01 1.71255081e-01 0.00000000e+00 0.00000000e+00
  3.45142034e-01 8.50769597e-02 3.78317561e-01 1.43317065e-01
  0.00000000e+00 6.13142643e-02 0.00000000e+00]
 [0.00000000e+00 0.00000000e+00 0.00000000e+00 0.00000000e+00
  0.00000000e+00 0.00000000e+00 0.00000000e+00 0.00000000e+00
  0.00000000e+00 0.00000000e+00 0.00000000e+00 0.00000000e+00
  0.00000000e+00 0.00000000e+00 0.00000000e+00]
 [0.00000000e+00 0.00000000e+00 0.00000000e+00 0.00000000e+00
  0.00000000e+00 0.00000000e+00 0.00000000e+00 0.00000000e+00
  2.46690718e-02 0.00000000e+00 0.00000000e+00 0.00000000e+00
  4.38957087e-02 0.00000000e+00 0.00000000e+00]
 [0.00000000e+00 1.31383840e-01 0.00000000e+00 0.00000000e+00
  0.00000000e+00 0.00000000e+00 1.29347139e-01 6.18225060e-02
  0.00000000e+00 2.77626732e-02 8.12149060e-02 0.00000000e+00
  3.49828536e-01 0.00000000e+00 0.00000000e+00]
 [0.00000000e+00 5.34067201e-04 0.00000000e+00 0.00000000e+00
  0.00000000e+00 0.00000000e+00 0.00000000e+00 0.00000000e+00
  0.00000000e+00 0.00000000e+00 0.00000000e+00 0.00000000e+00
  0.00000000e+00 0.00000000e+00 0.00000000e+00]
 [0.00000000e+00 0.00000000e+00 0.00000000e+00 0.00000000e+00
  0.00000000e+00 0.00000000e+00 0.00000000e+00 0.00000000e+00
  0.00000000e+00 0.00000000e+00 0.00000000e+00 0.00000000e+00
  0.00000000e+00 0.00000000e+00 0.00000000e+00]
 [0.00000000e+00 0.00000000e+00 0.00000000e+00 0.00000000e+00
  0.00000000e+00 0.00000000e+00 0.00000000e+00 0.00000000e+00
  0.00000000e+00 0.00000000e+00 0.00000000e+00 0.00000000e+00
  0.00000000e+00 0.00000000e+00 0.00000000e+00]
 [6.91923940e-01 6.25770233e-01 0.00000000e+00 1.66435504e-01
  4.75926461e-01 1.78479879e-01 0.00000000e+00 2.82128059e-01
  8.45955090e-02 3.20784179e-01 1.33677077e-01 4.94933886e-01
  5.32002562e-01 2.74589483e-01 0.00000000e+00]
 [5.35914532e-01 0.00000000e+00 0.00000000e+00 0.00000000e+00
  0.00000000e+00 0.00000000e+00 0.00000000e+00 0.00000000e+00
  0.00000000e+00 7.13912289e-02 0.00000000e+00 0.00000000e+00
  0.00000000e+00 0.00000000e+00 0.00000000e+00]
 [0.00000000e+00 0.00000000e+00 0.00000000e+00 0.00000000e+00
  1.77433515e-02 0.00000000e+00 0.00000000e+00 0.00000000e+00
  0.00000000e+00 0.00000000e+00 0.00000000e+00 0.00000000e+00
  0.00000000e+00 0.00000000e+00 0.00000000e+00]
 [7.02890458e-02 0.00000000e+00 0.00000000e+00 7.40946195e-02
  0.00000000e+00 0.00000000e+00 0.00000000e+00 0.00000000e+00
  0.00000000e+00 0.00000000e+00 0.00000000e+00 0.00000000e+00
  0.00000000e+00 0.00000000e+00 0.00000000e+00]
 [0.00000000e+00 1.94124845e-01 1.16894072e-01 1.88560250e-02
  1.39301923e-01 1.18443207e-01 0.00000000e+00 0.00000000e+00
  0.00000000e+00 1.45942179e-01 1.52181737e+00 3.82537447e-01
  2.92327618e-01 7.73511806e-02 0.00000000e+00]
 [0.00000000e+00 3.14027591e-02 0.00000000e+00 0.00000000e+00
  6.59065466e-02 0.00000000e+00 0.00000000e+00 0.00000000e+00
  2.75341474e-01 1.48045883e+00 3.96655432e+00 1.40533909e+00
  1.78659316e-01 2.94270438e-01 0.00000000e+00]
 [0.00000000e+00 0.00000000e+00 0.00000000e+00 0.00000000e+00
  2.22614993e-01 1.34653181e-01 0.00000000e+00 0.00000000e+00
  0.00000000e+00 5.53425192e-01 5.75525507e-01 0.00000000e+00
  7.61144207e-02 7.46869757e-02 0.00000000e+00]
 [0.00000000e+00 6.10929734e-02 0.00000000e+00 1.26382642e-01
  3.58582786e-02 0.00000000e+00 0.00000000e+00 0.00000000e+00
  1.44667760e-01 7.19759231e-01 6.75544796e-01 0.00000000e+00
  1.54013793e-01 7.31796300e-02 0.00000000e+00]
 [1.28389283e+00 1.07387111e+00 1.09199318e+00 8.83274834e-01
  3.35642312e-01 4.84522720e-01 1.02879802e+00 1.07216410e+00
  4.98235291e-01 5.31668341e-01 4.59403734e-01 9.40013362e-01
  5.82525637e-01 6.51499422e-01 1.06361289e+00]]

5
----------------------------------------------------------------------------------
[[0.00000000e+00 0.00000000e+00 0.00000000e+00 0.00000000e+00
  8.77817383e-02 0.00000000e+00 0.00000000e+00 0.00000000e+00
  0.00000000e+00 0.00000000e+00 0.00000000e+00 0.00000000e+00
  0.00000000e+00 0.00000000e+00 0.00000000e+00]
 [0.00000000e+00 0.00000000e+00 1.81665646e-02 1.68878051e-01
  8.99288847e-02 0.00000000e+00 0.00000000e+00 0.00000000e+00
  0.00000000e+00 0.00000000e+00 0.00000000e+00 0.00000000e+00
  0.00000000e+00 0.00000000e+00 0.00000000e+00]
 [5.24871232e-02 2.63672485e-01 2.54691140e-01 0.00000000e+00
  0.00000000e+00 0.00000000e+00 0.00000000e+00 0.00000000e+00
  0.00000000e+00 0.00000000e+00 0.00000000e+00 0.00000000e+00
  0.00000000e+00 0.00000000e+00 0.00000000e+00]
 [0.00000000e+00 3.45155969e-01 2.79306705e-02 0.00000000e+00
  2.06046251e-01 0.00000000e+00 0.00000000e+00 0.00000000e+00
  0.00000000e+00 0.00000000e+00 0.00000000e+00 0.00000000e+00
  0.00000000e+00 0.00000000e+00 0.00000000e+00]
 [0.00000000e+00 1.60125633e-01 0.00000000e+00 8.89094732e-02
  3.09685252e-01 0.00000000e+00 0.00000000e+00 0.00000000e+00
  0.00000000e+00 0.00000000e+00 0.00000000e+00 0.00000000e+00
  0.00000000e+00 0.00000000e+00 0.00000000e+00]
 [2.90784458e-02 2.56021320e-01 9.69945505e-02 0.00000000e+00
  0.00000000e+00 0.00000000e+00 0.00000000e+00 0.00000000e+00
  0.00000000e+00 0.00000000e+00 0.00000000e+00 0.00000000e+00
  0.00000000e+00 0.00000000e+00 0.00000000e+00]
 [0.00000000e+00 5.49527337e-01 2.33257486e-03 7.61220918e-02
  1.53661747e-01 0.00000000e+00 0.00000000e+00 0.00000000e+00
  0.00000000e+00 0.00000000e+00 0.00000000e+00 0.00000000e+00
  0.00000000e+00 0.00000000e+00 0.00000000e+00]
 [1.31426636e-02 3.34068749e+00 1.29257082e+00 6.79717007e-01
  1.11275540e+00 6.58175064e-02 0.00000000e+00 0.00000000e+00
  0.00000000e+00 0.00000000e+00 0.00000000e+00 0.00000000e+00
  0.00000000e+00 0.00000000e+00 0.00000000e+00]
 [1.03797218e-01 2.88833851e+00 1.81509811e+00 1.02674071e+00
  1.85756150e+00 5.44091296e-01 6.28565162e-02 0.00000000e+00
  0.00000000e+00 0.00000000e+00 0.00000000e+00 0.00000000e+00
  0.00000000e+00 0.00000000e+00 0.00000000e+00]
 [5.27400289e-02 5.72205324e-01 9.11391796e-01 1.64093830e-02
  0.00000000e+00 0.00000000e+00 3.01123289e-01 0.00000000e+00
  0.00000000e+00 0.00000000e+00 0.00000000e+00 0.00000000e+00
  4.64153783e-01 0.00000000e+00 0.00000000e+00]
 [0.00000000e+00 4.08124203e+00 3.79222358e+00 2.13735589e-01
  3.52166592e+00 2.00401081e+00 8.80131249e-01 0.00000000e+00
  0.00000000e+00 0.00000000e+00 0.00000000e+00 0.00000000e+00
  0.00000000e+00 0.00000000e+00 0.00000000e+00]
 [0.00000000e+00 1.72788499e+00 7.57119499e-01 6.56579611e-01
  1.55403554e+00 3.88307900e-01 0.00000000e+00 0.00000000e+00
  0.00000000e+00 0.00000000e+00 0.00000000e+00 0.00000000e+00
  0.00000000e+00 0.00000000e+00 0.00000000e+00]
 [0.00000000e+00 1.70361659e+00 1.49695949e+00 2.07363754e-01
  5.35144809e+00 7.05788948e-01 3.71617807e-01 0.00000000e+00
  0.00000000e+00 0.00000000e+00 0.00000000e+00 0.00000000e+00
  0.00000000e+00 0.00000000e+00 0.00000000e+00]
 [3.36812053e-01 7.16249976e-03 1.93948174e-01 2.14537732e-01
  8.21214801e-01 1.03824098e-01 7.31552981e-01 2.12868811e+00
  4.72169289e-01 0.00000000e+00 0.00000000e+00 1.32249476e-01
  0.00000000e+00 3.77262829e-01 4.09204582e-01]
 [2.11271518e-01 3.92376719e-01 2.69959290e-02 4.14573582e-01
  1.36991978e+00 0.00000000e+00 1.82965061e+00 3.90668314e+00
  1.34404394e+00 1.52940733e-01 3.58034865e-01 0.00000000e+00
  0.00000000e+00 3.13873523e-01 6.47516849e-01]
 [2.87172991e-01 4.17850451e-01 1.84637314e-01 0.00000000e+00
  6.57060679e-01 6.95264763e-02 1.96478184e+00 2.07174193e+00
  6.32368676e-01 0.00000000e+00 0.00000000e+00 3.23753012e-01
  7.09730704e-02 1.16452217e-01 0.00000000e+00]
 [0.00000000e+00 0.00000000e+00 0.00000000e+00 2.96878970e-01
  7.76338131e-01 6.12230482e-02 0.00000000e+00 1.35823455e-01
  0.00000000e+00 0.00000000e+00 8.80517619e-02 0.00000000e+00
  0.00000000e+00 3.97311093e-01 3.55660739e-01]
 [6.22192526e-01 3.59753598e-01 4.65185525e-01 8.63334504e-01
  1.33216784e+00 1.64215172e+00 1.78333766e+00 2.02499717e+00
  1.55903622e+00 1.38714838e+00 1.65566715e+00 1.48004913e+00
  1.20103074e+00 1.08824753e+00 8.05038988e-01]]

6
----------------------------------------------------------------------------------
[[0.00000000e+00 0.00000000e+00 0.00000000e+00 0.00000000e+00
  0.00000000e+00 0.00000000e+00 0.00000000e+00 0.00000000e+00
  0.00000000e+00 0.00000000e+00 0.00000000e+00 0.00000000e+00
  0.00000000e+00 0.00000000e+00 0.00000000e+00]
 [0.00000000e+00 0.00000000e+00 0.00000000e+00 0.00000000e+00
  0.00000000e+00 0.00000000e+00 0.00000000e+00 0.00000000e+00
  0.00000000e+00 5.87281865e-02 1.20860956e-01 0.00000000e+00
  0.00000000e+00 0.00000000e+00 0.00000000e+00]
 [0.00000000e+00 0.00000000e+00 0.00000000e+00 0.00000000e+00
  0.00000000e+00 0.00000000e+00 0.00000000e+00 2.10511383e-01
  3.32630672e-01 5.65852927e-01 3.13634888e-01 0.00000000e+00
  0.00000000e+00 0.00000000e+00 0.00000000e+00]
 [0.00000000e+00 0.00000000e+00 0.00000000e+00 0.00000000e+00
  0.00000000e+00 0.00000000e+00 0.00000000e+00 0.00000000e+00
  0.00000000e+00 0.00000000e+00 0.00000000e+00 0.00000000e+00
  0.00000000e+00 0.00000000e+00 0.00000000e+00]
 [0.00000000e+00 0.00000000e+00 0.00000000e+00 0.00000000e+00
  0.00000000e+00 0.00000000e+00 0.00000000e+00 0.00000000e+00
  3.25262118e-02 0.00000000e+00 6.41623492e-02 0.00000000e+00
  0.00000000e+00 0.00000000e+00 0.00000000e+00]
 [0.00000000e+00 0.00000000e+00 0.00000000e+00 0.00000000e+00
  0.00000000e+00 0.00000000e+00 0.00000000e+00 2.69190454e-02
  4.78080225e-01 0.00000000e+00 9.29460982e-02 0.00000000e+00
  0.00000000e+00 0.00000000e+00 0.00000000e+00]
 [0.00000000e+00 0.00000000e+00 0.00000000e+00 0.00000000e+00
  0.00000000e+00 0.00000000e+00 0.00000000e+00 4.66782746e-02
  1.91452816e-01 0.00000000e+00 2.88960829e-02 0.00000000e+00
  0.00000000e+00 0.00000000e+00 0.00000000e+00]
 [0.00000000e+00 0.00000000e+00 0.00000000e+00 0.00000000e+00
  0.00000000e+00 0.00000000e+00 0.00000000e+00 8.79839248e-01
  5.15933828e-01 0.00000000e+00 1.53074293e-01 3.93414479e+00
  6.82845562e-02 1.25767913e+01 6.35955665e-01]
 [0.00000000e+00 0.00000000e+00 0.00000000e+00 0.00000000e+00
  0.00000000e+00 0.00000000e+00 0.00000000e+00 1.12274724e+00
  5.38278918e-01 0.00000000e+00 3.34054763e-01 1.81848737e+00
  1.61619730e-01 1.58820021e+00 1.41903244e+00]
 [1.34253905e+00 1.00132217e+00 0.00000000e+00 0.00000000e+00
  0.00000000e+00 0.00000000e+00 0.00000000e+00 1.01287756e+00
  7.29188660e-01 1.40249746e-01 6.87257989e-01 7.51742538e-01
  0.00000000e+00 0.00000000e+00 0.00000000e+00]
 [0.00000000e+00 0.00000000e+00 0.00000000e+00 0.00000000e+00
  0.00000000e+00 0.00000000e+00 0.00000000e+00 2.09446869e+00
  3.11524506e+00 3.60611495e-01 0.00000000e+00 1.66611045e+00
  0.00000000e+00 2.36495276e+00 3.62427495e+00]
 [0.00000000e+00 0.00000000e+00 0.00000000e+00 0.00000000e+00
  0.00000000e+00 0.00000000e+00 0.00000000e+00 5.94075231e-01
  3.01541420e-01 0.00000000e+00 2.65069847e-01 1.21076906e+00
  3.36333288e-02 8.52416086e-01 5.45549544e-01]
 [0.00000000e+00 0.00000000e+00 0.00000000e+00 0.00000000e+00
  0.00000000e+00 0.00000000e+00 0.00000000e+00 6.85927615e-01
  1.22355804e+00 0.00000000e+00 1.86222168e-01 1.07284716e+00
  0.00000000e+00 2.09698248e+00 1.76785502e+00]
 [2.06021935e+00 0.00000000e+00 0.00000000e+00 1.24277363e-01
  6.06552059e-01 0.00000000e+00 0.00000000e+00 2.78241950e-01
  3.78751417e-01 1.64637326e-01 0.00000000e+00 0.00000000e+00
  0.00000000e+00 0.00000000e+00 1.43941910e-01]
 [3.58621148e+00 3.18493819e-01 8.42583888e-01 1.03081820e+00
  1.37300597e+00 6.57492653e-02 3.59165784e-01 4.05994610e-01
  4.30495518e-01 3.79554864e-02 3.55156628e-02 0.00000000e+00
  0.00000000e+00 0.00000000e+00 2.70182532e-01]
 [9.98214883e-01 8.68267920e-01 5.15043281e-02 0.00000000e+00
  4.32171016e-02 0.00000000e+00 0.00000000e+00 4.61335819e-01
  9.08250603e-01 5.23268780e-01 0.00000000e+00 0.00000000e+00
  0.00000000e+00 0.00000000e+00 9.08337214e-02]
 [2.30289532e-03 0.00000000e+00 0.00000000e+00 1.51839731e-01
  5.98929844e-01 0.00000000e+00 0.00000000e+00 0.00000000e+00
  0.00000000e+00 0.00000000e+00 0.00000000e+00 0.00000000e+00
  0.00000000e+00 0.00000000e+00 0.00000000e+00]
 [1.08289539e+00 9.21379978e-01 1.60606724e+00 2.19261863e+00
  2.11263560e+00 2.02388562e+00 1.33522617e+00 7.30032384e-01
  4.47756689e-01 9.59285842e-01 9.37614771e-01 1.53150877e+00
  1.54659350e+00 1.85275094e+00 1.09239247e+00]]

7
----------------------------------------------------------------------------------
[[0.         0.         0.         0.19354014 0.07851706 0.
  0.12074267 0.25229051 0.         0.         0.06581371 0.26056504
  0.33741243 0.         0.        ]
 [0.         0.         0.         0.1336518  0.17809445 0.
  0.16120778 0.11292789 0.         0.15523141 0.03100089 0.23646576
  0.         0.         0.        ]
 [0.         0.17776396 0.         0.55548525 0.23646567 0.07438761
  0.25188985 0.08398837 0.         0.08840457 0.22621365 0.62057666
  0.         0.00962807 0.        ]
 [0.         0.         0.         0.10865714 0.09941833 0.
  0.11267061 0.32299434 0.         0.         0.         0.22093781
  0.15906423 0.         0.        ]
 [0.         0.         0.         0.07951881 0.0138109  0.
  0.08398711 0.0871149  0.         0.         0.         0.12508124
  0.         0.         0.        ]
 [0.         0.         0.         0.2729382  0.29927633 0.16082285
  0.16105394 0.22544079 0.         0.         0.3282845  0.27758931
  0.         0.         0.        ]
 [0.         0.         0.         0.21139962 0.         0.
  0.18644008 0.         0.         0.         0.06078313 0.17908324
  0.         0.         0.        ]
 [0.         0.         0.         0.1892571  0.01002449 0.
  0.18132546 0.3272446  0.         0.         0.         0.16675012
  0.16383409 0.         0.        ]
 [0.12959043 0.         0.         0.10718588 0.09522208 0.
  0.1208575  0.21779799 0.         0.         0.         0.08461039
  0.12392352 0.         0.        ]
 [0.1338774  0.257037   0.         0.78994301 1.37167037 0.20332814
  0.7301612  0.61991746 0.         0.         1.33357467 1.31725027
  0.56141884 0.22349648 0.        ]
 [0.60399215 0.11524944 0.         0.31910307 0.         0.
  0.         0.         0.         0.         0.06138373 0.18468807
  0.         0.         0.        ]
 [0.         0.         0.         0.13351266 0.05933865 0.
  0.14361773 0.19526381 0.         0.         0.         0.0705521
  0.09740859 0.         0.        ]
 [0.         0.         0.         0.07827581 0.         0.
  0.         0.         0.         0.         0.15411816 0.16677099
  0.         0.         0.        ]
 [0.         0.12938601 0.         0.17586776 0.05367414 0.15516825
  0.13852666 0.23641776 0.20744858 0.39437057 0.07554784 0.23920049
  0.23592051 0.23879973 0.        ]
 [0.04585008 0.22832068 0.         0.47831401 0.1430386  0.01491129
  0.25386601 0.82851942 0.39867635 0.56795298 0.33214788 0.14346846
  0.2991717  0.10757358 0.        ]
 [0.00284066 0.05298135 0.         0.459149   0.45029597 0.10504921
  0.05137875 0.         0.         0.42845081 0.04631964 0.41150579
  0.08278026 0.13791377 0.        ]
 [0.         0.00896476 0.         0.09913927 0.03407308 0.05137305
  0.22184682 0.47456439 0.30060213 0.09921816 0.         0.04976675
  0.30468127 0.21030336 0.08258458]
 [0.91186419 1.02837635 1.15235511 0.50495589 0.26839806 0.87286529
  0.64681293 0.53004419 1.2214619  0.63765692 0.36536759 0.16036732
  0.5097925  0.6454551  1.31546087]]

8
----------------------------------------------------------------------------------
[[0.         0.         0.         0.14500115 0.         0.
  0.         0.         0.         0.         0.         0.
  0.         0.         0.        ]
 [0.         0.         0.         0.         0.         0.
  0.         0.         0.         0.         0.         0.
  0.         0.         0.        ]
 [0.         0.02106307 0.03527386 0.         0.         0.
  0.         0.         0.         0.         0.         0.
  0.         0.         0.        ]
 [0.         0.         0.         0.01873411 0.         0.
  0.         0.         0.         0.         0.         0.
  0.         0.         0.        ]
 [0.         0.04424963 0.         0.         0.         0.
  0.         0.         0.         0.         0.         0.
  0.         0.         0.        ]
 [0.         0.18378679 0.         0.         0.         0.
  0.         0.         0.         0.         0.         0.
  0.         0.         0.        ]
 [0.         0.18103099 0.         0.         0.         0.
  0.         0.         0.         0.         0.         0.
  0.         0.         0.        ]
 [0.         0.         0.06464108 0.         0.         0.
  0.         0.         0.         0.         0.         2.79962446
  1.73807106 0.3182686  0.74429483]
 [0.         0.         0.         0.         0.         0.
  0.         0.         0.         0.         0.         2.31734094
  2.42410695 0.57166063 1.44210906]
 [0.         0.49885512 0.86770883 0.02079124 0.07996307 0.
  0.         0.78933278 0.30399282 0.         0.07125425 0.
  0.29184138 1.18837854 0.45609343]
 [0.         0.17297359 0.         0.         0.         0.
  0.         0.         0.         0.         0.         3.05578857
  4.7406142  0.         0.20776482]
 [0.         0.         0.         0.         0.         0.
  0.         0.         0.         0.         0.         0.57376314
  1.35483995 0.38158178 0.67888193]
 [0.         0.30472985 0.03624643 0.         0.         0.
  0.         0.         0.         0.         0.         0.97612838
  3.81056481 0.         0.00675631]
 [0.         0.11373901 0.         0.         0.         0.
  0.         0.08096175 0.05813025 0.         0.         0.
  0.         0.13500785 0.        ]
 [0.         0.21118998 0.         0.         0.01301652 0.03707024
  0.         0.08271273 0.18621685 0.08835977 0.18604634 0.
  0.         0.         0.        ]
 [0.         0.0420248  0.         0.         0.         0.07788149
  0.         0.         0.         0.         0.         0.
  0.         0.         0.22513407]
 [0.         0.         0.06255513 0.0619071  0.24855526 0.22359406
  0.29741901 0.24458457 0.33383729 0.37370231 0.2039931  0.
  0.         0.         0.        ]
 [1.13916175 0.56183918 0.77554042 0.83946879 0.96470551 1.19685043
  1.2799176  1.16000744 0.9262229  1.55307808 1.63058659 1.39748732
  1.83513772 1.70748437 1.5718478 ]]

9
----------------------------------------------------------------------------------
[[0.00000000e+00 0.00000000e+00 0.00000000e+00 0.00000000e+00
  2.99334739e-01 0.00000000e+00 3.33034958e-02 0.00000000e+00
  4.87440415e-02 6.72554091e-02 0.00000000e+00 3.64604015e-02
  7.35215899e-02 6.47249320e-02 1.55830199e-01]
 [0.00000000e+00 0.00000000e+00 0.00000000e+00 0.00000000e+00
  3.63450821e-01 1.36882982e-02 0.00000000e+00 0.00000000e+00
  3.79281544e-02 4.41917891e-02 0.00000000e+00 1.74071600e-01
  2.77397322e-01 1.64136585e-02 0.00000000e+00]
 [0.00000000e+00 0.00000000e+00 0.00000000e+00 0.00000000e+00
  9.61482015e-02 3.66625668e-01 0.00000000e+00 0.00000000e+00
  0.00000000e+00 2.01229405e-01 3.22838295e-01 4.95581087e-01
  2.94598350e-01 2.39512875e-01 1.77824161e-01]
 [0.00000000e+00 0.00000000e+00 0.00000000e+00 0.00000000e+00
  6.26409766e-02 6.08130559e-02 0.00000000e+00 2.24468484e-02
  0.00000000e+00 4.37289152e-02 0.00000000e+00 0.00000000e+00
  4.14441588e-02 0.00000000e+00 0.00000000e+00]
 [0.00000000e+00 0.00000000e+00 0.00000000e+00 0.00000000e+00
  1.63839730e-01 3.76423167e-02 0.00000000e+00 4.80918717e-02
  0.00000000e+00 3.28165567e-02 0.00000000e+00 0.00000000e+00
  1.81425873e-02 0.00000000e+00 0.00000000e+00]
 [0.00000000e+00 0.00000000e+00 0.00000000e+00 7.63473697e-02
  2.15195859e-01 5.91648464e-02 6.21180141e-02 0.00000000e+00
  0.00000000e+00 1.01523375e-01 8.72811946e-02 5.31481156e-02
  8.37287121e-01 2.80671027e-01 1.74285863e-01]
 [0.00000000e+00 0.00000000e+00 0.00000000e+00 0.00000000e+00
  2.52806788e-01 3.55742432e-02 0.00000000e+00 0.00000000e+00
  0.00000000e+00 6.49477614e-02 0.00000000e+00 7.57031696e-02
  8.08079109e-02 0.00000000e+00 0.00000000e+00]
 [0.00000000e+00 0.00000000e+00 0.00000000e+00 0.00000000e+00
  0.00000000e+00 0.00000000e+00 0.00000000e+00 0.00000000e+00
  3.37445386e-03 0.00000000e+00 0.00000000e+00 3.16444310e-02
  3.55057903e-02 0.00000000e+00 0.00000000e+00]
 [0.00000000e+00 0.00000000e+00 0.00000000e+00 0.00000000e+00
  0.00000000e+00 0.00000000e+00 0.00000000e+00 0.00000000e+00
  0.00000000e+00 0.00000000e+00 0.00000000e+00 3.00723736e-02
  4.66363331e-03 0.00000000e+00 0.00000000e+00]
 [0.00000000e+00 0.00000000e+00 0.00000000e+00 0.00000000e+00
  9.47773100e-01 3.13276316e-01 8.42362908e-01 3.15392523e-01
  8.00145192e-01 5.13963339e-01 2.69125689e-01 1.35216680e+00
  1.27888578e+00 8.28001075e-01 9.88365559e-01]
 [0.00000000e+00 0.00000000e+00 0.00000000e+00 0.00000000e+00
  5.20164659e-02 1.51852446e-01 0.00000000e+00 0.00000000e+00
  7.87758756e-02 2.04542580e-01 1.40770040e-02 1.03434688e-01
  1.53994325e-01 0.00000000e+00 0.00000000e+00]
 [0.00000000e+00 0.00000000e+00 0.00000000e+00 0.00000000e+00
  0.00000000e+00 0.00000000e+00 0.00000000e+00 0.00000000e+00
  0.00000000e+00 0.00000000e+00 0.00000000e+00 8.26973039e-02
  0.00000000e+00 0.00000000e+00 0.00000000e+00]
 [0.00000000e+00 0.00000000e+00 0.00000000e+00 0.00000000e+00
  2.94987456e-01 9.35450301e-03 0.00000000e+00 0.00000000e+00
  2.40339241e-02 1.32259478e-01 8.70939502e-02 1.20143496e-01
  8.29125739e-02 1.03972005e-01 0.00000000e+00]
 [1.42555304e-02 1.25904205e+00 1.03847772e+00 0.00000000e+00
  0.00000000e+00 3.39473136e-01 3.54277734e-01 0.00000000e+00
  2.49483336e+00 2.19259326e+00 9.76599640e-01 2.50738171e+00
  4.88247772e-01 2.60148124e+00 3.72583542e+00]
 [8.76813689e-02 3.37442335e+00 1.76932571e+00 3.09634222e-01
  7.59153880e-01 1.31561189e+00 7.62390936e-01 0.00000000e+00
  3.16698665e+00 1.79046588e+00 9.19198545e-01 3.85622057e+00
  5.92264868e-01 3.13952332e+00 3.87115585e+00]
 [4.58590820e-02 1.34540161e+00 1.03128791e+00 1.31572807e-01
  3.28253046e-01 2.89489734e-02 5.22037144e-02 1.80894702e-01
  6.10587592e-01 7.23747294e-01 3.39015331e-01 7.58044677e-01
  5.43850514e-01 6.43789594e-01 5.08558184e-01]
 [2.85020623e-02 7.98244026e-01 7.88694253e-01 0.00000000e+00
  0.00000000e+00 1.36595335e-01 1.02634440e-01 0.00000000e+00
  0.00000000e+00 4.17165694e-02 1.38575110e-01 8.18618959e-01
  2.13367742e-01 2.66407615e-01 3.06261449e-01]
 [1.43989326e+00 1.36518161e+00 1.33738271e+00 1.28811685e+00
  9.05700042e-01 6.41529812e-01 7.70973996e-01 8.28257075e-01
  6.83870564e-01 4.80586183e-01 2.54173696e-01 1.49654711e-01
  1.69330161e-01 2.42694011e-01 3.57493461e-01]]

10
----------------------------------------------------------------------------------
[[0.         0.         0.         0.         0.         0.
  0.17443076 0.         0.         0.         0.         0.
  0.         0.         0.        ]
 [0.         0.         0.         0.         0.         0.
  0.14142165 0.         0.         0.         0.         0.
  0.         0.         0.07202526]
 [0.         0.         0.         0.         0.         0.
  0.43167903 0.0790639  0.         0.         0.         0.
  0.         0.34117331 0.        ]
 [0.         0.         0.         0.         0.         0.
  0.10349711 0.         0.         0.         0.         0.
  0.         0.         0.        ]
 [0.         0.         0.         0.         0.         0.
  0.06376591 0.         0.03125055 0.         0.         0.
  0.         0.         0.        ]
 [0.         0.         0.         0.         0.         0.
  0.64105014 0.         0.582391   0.46701086 0.         0.
  0.         0.         0.        ]
 [0.         0.         0.         0.         0.         0.
  0.22493581 0.02801678 0.56629684 0.         0.         0.
  0.         0.         0.        ]
 [0.         0.         0.         0.         0.         0.
  0.04482481 0.20544059 3.98666462 0.64706607 0.31544042 0.50835366
  0.         0.         0.        ]
 [0.         0.         0.         0.         0.         0.
  0.04515589 0.40884143 3.83003787 1.59673359 0.55781083 0.84882811
  0.         0.         0.        ]
 [0.         0.         0.         0.         0.84872778 0.82382459
  1.04811979 0.         0.29283536 0.51538207 0.09232153 0.55863885
  0.         1.08870419 0.        ]
 [0.         0.         0.         0.         0.         0.
  0.16361504 0.26667383 5.95359317 3.92494441 0.         1.56646183
  1.06433955 0.41727447 0.01841742]
 [0.         0.         0.         0.         0.         0.
  0.11477225 0.         1.51765292 0.9072279  0.21896585 0.59208445
  0.         0.         0.        ]
 [0.         0.         0.         0.         0.         0.
  0.23551288 0.08273265 1.71375391 2.82767571 0.         1.04746929
  0.30398055 0.         0.        ]
 [0.43102453 0.71379664 1.1887799  0.58964719 0.63259234 0.5954299
  0.71126092 0.1236828  0.         0.         0.39402148 0.12364216
  0.55685843 0.76873709 0.83037916]
 [0.85197725 2.62005    2.67423242 1.38336741 0.71603452 1.87934439
  1.31483357 0.         0.01634748 0.         0.19430279 0.78347092
  0.63517136 0.75092499 0.25645237]
 [0.         1.12225061 1.62249691 1.26974877 0.41732237 1.00576115
  1.22680495 0.77730642 0.43419026 0.         0.06660157 0.09266372
  0.27450201 0.15223525 0.17896427]
 [0.02687683 0.76889352 1.208463   0.54655894 0.2812483  0.
  0.08605347 0.         0.         0.         0.         0.23182898
  0.46766591 0.23203131 0.        ]
 [1.30938574 1.97455526 2.60245319 3.15059053 2.04226878 1.15265737
  0.28400352 0.93932774 1.18204602 1.38617343 1.68739907 1.25354981
  1.21035336 0.85306442 0.85649411]]

11
----------------------------------------------------------------------------------
[[0.00000000e+00 3.17114147e-01 4.82965111e-02 0.00000000e+00
  0.00000000e+00 0.00000000e+00 0.00000000e+00 9.32111857e-03
  3.29893440e-01 0.00000000e+00 0.00000000e+00 0.00000000e+00
  0.00000000e+00 0.00000000e+00 5.13154913e-02]
 [0.00000000e+00 5.70819911e-01 2.92245839e-01 0.00000000e+00
  0.00000000e+00 0.00000000e+00 0.00000000e+00 0.00000000e+00
  6.40726060e-02 0.00000000e+00 0.00000000e+00 0.00000000e+00
  0.00000000e+00 0.00000000e+00 1.42582069e-01]
 [3.91765710e-01 4.05352236e-01 3.79512985e-01 0.00000000e+00
  0.00000000e+00 0.00000000e+00 0.00000000e+00 4.05573051e-01
  5.94083625e-01 2.54788153e-01 0.00000000e+00 5.00573350e-01
  0.00000000e+00 3.65132902e-01 4.59223871e-01]
 [5.95110631e-03 4.25224402e-01 1.88747227e-01 0.00000000e+00
  0.00000000e+00 0.00000000e+00 0.00000000e+00 1.06227517e-01
  1.92096086e-01 2.81588014e-02 0.00000000e+00 0.00000000e+00
  0.00000000e+00 0.00000000e+00 8.06394893e-02]
 [0.00000000e+00 3.99254647e-01 3.06185532e-01 0.00000000e+00
  0.00000000e+00 0.00000000e+00 0.00000000e+00 0.00000000e+00
  1.72492122e-01 1.65632951e-02 0.00000000e+00 0.00000000e+00
  0.00000000e+00 0.00000000e+00 3.33655141e-02]
 [1.54490430e-01 8.22375587e-01 4.94843889e-01 3.13537191e-02
  0.00000000e+00 0.00000000e+00 0.00000000e+00 2.00268528e-01
  3.82854830e-01 3.92838515e-01 3.88758956e-02 0.00000000e+00
  0.00000000e+00 0.00000000e+00 4.68126726e-01]
 [0.00000000e+00 5.07617855e-01 4.35448166e-01 0.00000000e+00
  0.00000000e+00 0.00000000e+00 0.00000000e+00 0.00000000e+00
  2.53048745e-01 1.49329426e-01 0.00000000e+00 0.00000000e+00
  0.00000000e+00 0.00000000e+00 1.27770566e-01]
 [1.91108219e-01 1.88790729e-01 6.61365643e-01 2.27807773e+00
  0.00000000e+00 2.93712140e-01 4.84879264e-01 5.36627865e-01
  4.23307238e-01 2.04216791e-01 0.00000000e+00 0.00000000e+00
  0.00000000e+00 0.00000000e+00 5.01843024e-02]
 [2.13005756e-01 2.68692932e-01 1.12361587e+00 2.91462332e+00
  4.69929165e-02 3.58349946e-01 7.34963485e-01 9.90450390e-01
  6.67054678e-01 3.51259056e-01 0.00000000e+00 0.00000000e+00
  0.00000000e+00 0.00000000e+00 0.00000000e+00]
 [1.28449017e+00 1.17512844e+00 8.28889939e-01 5.39849210e-01
  0.00000000e+00 0.00000000e+00 4.40924034e-01 2.40426581e-01
  7.44459061e-01 1.13615588e+00 0.00000000e+00 3.27577639e-01
  7.87195986e-02 1.42741878e+00 7.28161810e-01]
 [1.98096261e-01 3.39189706e-01 9.59807182e-01 4.95732038e+00
  1.95820524e+00 0.00000000e+00 2.11356453e+00 1.68935356e+00
  1.39316237e+00 5.76677563e-01 2.09214568e-01 4.89005250e-02
  0.00000000e+00 1.59910455e-01 1.43129595e-01]
 [1.89736283e-01 3.72837518e-01 5.36957140e-01 1.63088373e+00
  0.00000000e+00 0.00000000e+00 1.07212956e+00 8.79345070e-01
  3.23028029e-01 4.73831831e-02 0.00000000e+00 0.00000000e+00
  0.00000000e+00 0.00000000e+00 0.00000000e+00]
 [5.47831272e-02 5.40159346e-01 2.42681388e-01 1.72509197e+00
  5.73135586e-01 0.00000000e+00 8.64827893e-01 5.78428172e-01
  4.72711373e-01 2.33384292e-01 0.00000000e+00 5.01509100e-02
  0.00000000e+00 8.83438723e-02 7.40589169e-02]
 [5.91748217e-01 2.58788676e+00 1.57935389e+00 1.39554657e+00
  7.93116153e+00 6.97099201e-01 6.87039219e-01 2.28880108e+00
  4.72592223e+00 5.72441484e-01 7.06053632e-01 2.43112628e-01
  0.00000000e+00 6.03915670e-01 3.66058718e-01]
 [8.45393821e-01 4.43505763e+00 3.75778456e+00 9.86871727e-01
  1.09252104e+01 1.40487330e+00 5.91851513e-01 4.63104993e+00
  4.94327878e+00 2.57252839e-01 1.88528166e+00 1.14507413e+00
  1.02432019e-01 1.19977737e-01 2.77755308e-01]
 [1.15484369e+00 2.56344859e+00 2.48502629e+00 1.40858403e+00
  4.49064165e+00 3.94586541e-01 1.69375876e-01 2.19789306e+00
  1.57215740e+00 4.62630757e-01 7.97120124e-01 7.25209672e-01
  1.71687264e-01 5.07004997e-01 4.74857461e-01]
 [4.98557509e-01 2.55454765e+00 1.90160589e+00 9.93139838e-01
  2.84857972e+00 0.00000000e+00 0.00000000e+00 2.41049761e+00
  1.33548986e+00 1.26976886e-01 6.50133523e-01 2.26266193e-01
  2.85479323e-02 1.57335213e-01 0.00000000e+00]
 [3.62564796e-01 3.43413264e-01 2.58142495e-01 1.01654081e+00
  1.76297216e+00 1.67884036e+00 1.20773439e+00 4.01108802e-01
  2.97682024e-01 3.66182013e-01 6.78113402e-01 6.46288101e-01
  9.47995109e-01 5.39149363e-01 2.09373186e-01]]

12
----------------------------------------------------------------------------------
[[0.00000000e+00 0.00000000e+00 0.00000000e+00 0.00000000e+00
  0.00000000e+00 0.00000000e+00 9.86194634e-02 4.39738439e-02
  0.00000000e+00 0.00000000e+00 0.00000000e+00 0.00000000e+00
  0.00000000e+00 0.00000000e+00 0.00000000e+00]
 [0.00000000e+00 0.00000000e+00 0.00000000e+00 0.00000000e+00
  0.00000000e+00 0.00000000e+00 0.00000000e+00 1.20234177e-02
  0.00000000e+00 0.00000000e+00 0.00000000e+00 0.00000000e+00
  0.00000000e+00 0.00000000e+00 0.00000000e+00]
 [4.61584754e-01 1.31815747e-01 0.00000000e+00 0.00000000e+00
  1.25127816e-01 0.00000000e+00 9.95537247e-02 9.52360748e-01
  6.94049312e-01 2.27833389e-01 3.37694226e-02 0.00000000e+00
  3.20426002e-01 0.00000000e+00 0.00000000e+00]
 [0.00000000e+00 6.60667742e-02 0.00000000e+00 0.00000000e+00
  0.00000000e+00 0.00000000e+00 0.00000000e+00 0.00000000e+00
  0.00000000e+00 0.00000000e+00 1.98930550e-02 0.00000000e+00
  0.00000000e+00 0.00000000e+00 0.00000000e+00]
 [0.00000000e+00 5.28083667e-02 0.00000000e+00 0.00000000e+00
  0.00000000e+00 0.00000000e+00 1.56988064e-03 0.00000000e+00
  0.00000000e+00 0.00000000e+00 0.00000000e+00 0.00000000e+00
  0.00000000e+00 0.00000000e+00 0.00000000e+00]
 [4.83377417e-01 2.96297444e-01 0.00000000e+00 0.00000000e+00
  0.00000000e+00 0.00000000e+00 1.69421120e-01 3.42943210e-01
  0.00000000e+00 0.00000000e+00 0.00000000e+00 0.00000000e+00
  0.00000000e+00 8.62685572e-02 9.45028268e-02]
 [0.00000000e+00 2.66704566e-02 0.00000000e+00 0.00000000e+00
  0.00000000e+00 0.00000000e+00 1.77926208e-01 0.00000000e+00
  0.00000000e+00 0.00000000e+00 0.00000000e+00 0.00000000e+00
  0.00000000e+00 0.00000000e+00 3.38079749e-01]
 [0.00000000e+00 2.04454970e-02 0.00000000e+00 0.00000000e+00
  0.00000000e+00 0.00000000e+00 0.00000000e+00 1.12380096e-02
  0.00000000e+00 0.00000000e+00 0.00000000e+00 0.00000000e+00
  0.00000000e+00 6.83367226e-01 7.94873599e+00]
 [0.00000000e+00 0.00000000e+00 0.00000000e+00 0.00000000e+00
  0.00000000e+00 0.00000000e+00 0.00000000e+00 0.00000000e+00
  0.00000000e+00 0.00000000e+00 0.00000000e+00 0.00000000e+00
  0.00000000e+00 6.08416736e-01 3.42567114e+00]
 [1.04733814e+00 7.73974498e-01 1.00799217e+00 9.26655090e-01
  9.88908609e-01 1.78903582e-01 5.57842344e-01 7.27085675e-01
  5.89782464e-01 1.01184378e-01 2.83749154e-01 8.99451947e-01
  3.82453452e-01 1.87037436e-01 4.00469699e-01]
 [0.00000000e+00 0.00000000e+00 0.00000000e+00 0.00000000e+00
  0.00000000e+00 0.00000000e+00 0.00000000e+00 0.00000000e+00
  0.00000000e+00 0.00000000e+00 0.00000000e+00 0.00000000e+00
  0.00000000e+00 9.92080237e-02 8.42141140e+00]
 [0.00000000e+00 0.00000000e+00 0.00000000e+00 0.00000000e+00
  0.00000000e+00 0.00000000e+00 0.00000000e+00 0.00000000e+00
  0.00000000e+00 0.00000000e+00 0.00000000e+00 0.00000000e+00
  0.00000000e+00 2.04926100e-01 1.90662147e+00]
 [4.04961381e-02 9.56812343e-02 0.00000000e+00 0.00000000e+00
  0.00000000e+00 0.00000000e+00 0.00000000e+00 0.00000000e+00
  0.00000000e+00 0.00000000e+00 2.54945359e-02 0.00000000e+00
  0.00000000e+00 2.03951651e-01 2.87048625e+00]
 [1.38051083e-01 2.58773148e-01 0.00000000e+00 1.99979973e-01
  7.60330729e-02 2.18102643e+00 4.83495534e-01 2.97343059e-01
  7.12274527e-03 0.00000000e+00 0.00000000e+00 0.00000000e+00
  2.86349909e-01 0.00000000e+00 3.32594910e-01]
 [3.37981365e-02 6.39285633e-01 6.35318227e-01 0.00000000e+00
  3.82077337e-01 3.29892229e+00 1.21462568e+00 6.88867231e-01
  2.32404048e-01 0.00000000e+00 0.00000000e+00 0.00000000e+00
  0.00000000e+00 0.00000000e+00 9.03397500e-02]
 [7.69847280e-02 1.06914790e-01 0.00000000e+00 1.78455687e-01
  3.68265597e-01 4.09270617e-01 1.02685679e+00 4.71276494e-01
  1.89015230e-01 0.00000000e+00 6.79595106e-02 0.00000000e+00
  9.80600132e-02 0.00000000e+00 1.51332387e-01]
 [1.30646975e-02 1.54182469e-01 0.00000000e+00 0.00000000e+00
  0.00000000e+00 1.31321306e-01 2.78120691e-01 1.71050867e-01
  0.00000000e+00 0.00000000e+00 0.00000000e+00 0.00000000e+00
  3.03654696e-02 0.00000000e+00 0.00000000e+00]
 [3.76264610e-01 2.71170446e-01 7.82794610e-01 1.01518793e+00
  9.71775075e-01 1.02481935e+00 4.91698733e-01 3.76512938e-01
  6.43765843e-01 8.89424339e-01 6.85501129e-01 8.03788143e-01
  6.24709598e-01 8.29808821e-01 6.72447584e-01]]

13
----------------------------------------------------------------------------------
[[0.         0.         0.         0.         0.         0.
  0.         0.         0.19441617 0.         0.         0.
  0.         0.         0.        ]
 [0.         0.         0.         0.         0.         0.
  0.12955008 0.         0.09606222 0.         0.         0.
  0.         0.         0.06517611]
 [0.         0.         0.         0.         0.18919848 0.41075797
  0.67973416 0.24224534 0.6646314  0.31949595 0.         0.
  0.         0.         0.11156594]
 [0.         0.         0.         0.         0.         0.
  0.         0.         0.00724392 0.         0.         0.
  0.         0.         0.        ]
 [0.         0.         0.         0.         0.         0.
  0.         0.         0.07529908 0.         0.         0.
  0.         0.         0.        ]
 [0.         0.         0.         0.52948791 0.         0.06103516
  0.02974735 0.09364263 0.36293599 0.         0.         0.
  0.         0.         0.05052229]
 [0.         0.         0.         0.         0.         0.
  0.00796874 0.         0.04404455 0.         0.         0.
  0.         0.         0.        ]
 [1.2410441  0.85600797 0.18221049 0.         0.00967207 0.
  0.         0.         0.         0.         0.         0.
  0.         0.10005534 0.05245716]
 [1.91419508 1.42672791 0.53617824 0.06654303 0.05464138 0.
  0.         0.         0.         0.         0.         0.
  0.         0.         0.02883337]
 [0.         0.         0.0441216  0.37294153 0.64300949 0.30842234
  0.69021931 0.02827762 0.76715374 0.94745222 0.62204222 0.81816239
  0.         0.67518667 0.81729847]
 [1.19427469 2.89862336 1.90871272 0.60972158 0.36158111 0.0383118
  0.         0.         0.0874712  0.         0.         0.
  0.         0.         0.08274985]
 [1.29967729 1.28686707 0.50968302 0.01528045 0.03154868 0.
  0.         0.         0.         0.         0.         0.
  0.         0.         0.06658281]
 [0.92831359 1.52047312 0.75574673 0.26800419 0.15449064 0.06445025
  0.         0.         0.08879712 0.         0.         0.
  0.         0.         0.        ]
 [0.         0.03610281 0.01364033 0.12148139 0.25995942 0.22723132
  0.79005044 2.13273862 0.32065254 0.06768534 0.11331882 0.
  0.         0.23304756 0.15544659]
 [0.         0.16491481 0.07967268 0.15419715 0.09704278 0.84468026
  2.69197833 2.96862564 1.20018638 0.38412055 0.         0.
  0.         0.23209383 0.30271123]
 [0.         0.         0.         0.         0.13692373 0.60354652
  0.65229925 1.81283567 1.06284214 0.60455919 0.         0.
  0.         0.08071309 0.24579361]
 [0.         0.01624482 0.01633697 0.05533344 0.08011658 0.4220155
  1.31976387 1.78194713 0.95704161 0.         0.         0.
  0.         0.31031925 0.18604325]
 [1.15088917 1.01338911 1.08855628 0.64015934 0.43747114 0.30689614
  0.5756377  0.63317282 0.44690685 0.6293821  0.76363812 0.93349469
  1.12870227 0.56074975 0.39152479]]

14
----------------------------------------------------------------------------------
[[0.         0.03878032 0.         0.         0.         0.
  0.         0.         0.         0.         0.         0.58623971
  0.         0.         0.        ]
 [0.         0.16566589 0.09345455 0.         0.         0.
  0.         0.         0.05244175 0.         0.         0.40392803
  0.         0.         0.        ]
 [0.16822062 0.44673961 0.19689385 0.15776651 0.         0.
  0.         0.05997263 0.18771259 0.21429637 0.         0.63822489
  0.         0.         0.42788223]
 [0.         0.         0.         0.         0.         0.
  0.         0.         0.         0.         0.         0.40675962
  0.         0.         0.        ]
 [0.         0.0225258  0.         0.         0.         0.
  0.         0.         0.         0.         0.         0.17059495
  0.         0.         0.        ]
 [0.         0.26461737 0.21969432 0.         0.         0.
  0.         0.46349518 0.00643273 0.10281706 0.         0.51426849
  0.         0.         0.67698998]
 [0.         0.07577801 0.         0.         0.         0.
  0.         0.         0.         0.         0.         0.28918079
  0.         0.         0.        ]
 [0.         0.         0.05269809 0.         0.         0.
  0.         0.         0.         0.         0.         1.49871942
  1.26196572 0.         0.40473678]
 [0.         0.03191132 0.         0.         0.         0.
  0.         0.         0.         0.         0.         1.66520943
  1.66620069 0.         0.42905604]
 [0.54872076 0.4494625  0.67527931 0.20385974 0.85096573 0.91539107
  1.26671762 1.02156487 0.89144417 0.94095268 0.78463029 0.96535491
  0.0713317  0.         0.88740203]
 [0.         0.19229364 0.         0.01419414 0.         0.
  0.         0.         0.         0.         0.         2.06951787
  6.04761433 0.43547075 0.2036406 ]
 [0.         0.         0.         0.         0.         0.
  0.         0.         0.         0.         0.         0.87405388
  0.60422122 0.         0.19593626]
 [0.         0.08985301 0.         0.         0.         0.
  0.         0.         0.05023492 0.         0.         0.87629693
  2.29068435 0.         0.15175327]
 [0.         0.6030646  0.67284554 0.38034292 2.86057301 0.87963915
  0.         0.62736925 0.55308427 0.36650963 0.10878108 0.72453663
  0.35391631 0.0625808  0.81630658]
 [0.         1.31153427 1.81854422 1.54483624 3.48926091 1.51668367
  0.30911597 0.9876651  1.22267078 1.13150867 0.53264266 1.9198377
  1.98485049 1.37250384 0.4805364 ]
 [0.         1.60197467 2.05289777 0.48581093 0.         0.28685295
  0.26134559 0.40019787 1.31897208 1.08612934 0.43374315 1.61462171
  0.7555596  0.69170403 0.49149328]
 [0.         0.62294362 1.7576892  0.58356179 0.64773791 0.
  0.         0.         0.05472416 0.         0.03630923 1.09033233
  0.42234544 0.         0.20538098]
 [0.70810105 0.3063702  0.37509045 0.82202926 1.01411062 0.79045054
  0.76627743 0.37393705 0.4132502  0.34050653 0.47410043 0.11493826
  1.12534506 1.20659033 0.34004202]]

16
----------------------------------------------------------------------------------
[[0.00000000e+00 0.00000000e+00 0.00000000e+00 1.28641752e-01
  0.00000000e+00 0.00000000e+00 0.00000000e+00 0.00000000e+00
  0.00000000e+00 0.00000000e+00 0.00000000e+00 0.00000000e+00
  0.00000000e+00 0.00000000e+00 0.00000000e+00]
 [0.00000000e+00 0.00000000e+00 0.00000000e+00 1.82546988e-01
  0.00000000e+00 0.00000000e+00 0.00000000e+00 0.00000000e+00
  0.00000000e+00 0.00000000e+00 0.00000000e+00 0.00000000e+00
  0.00000000e+00 0.00000000e+00 0.00000000e+00]
 [0.00000000e+00 0.00000000e+00 0.00000000e+00 0.00000000e+00
  8.77836787e-02 0.00000000e+00 0.00000000e+00 0.00000000e+00
  0.00000000e+00 0.00000000e+00 0.00000000e+00 0.00000000e+00
  0.00000000e+00 4.61381549e-01 0.00000000e+00]
 [0.00000000e+00 0.00000000e+00 0.00000000e+00 1.86784863e-01
  0.00000000e+00 0.00000000e+00 0.00000000e+00 0.00000000e+00
  0.00000000e+00 0.00000000e+00 0.00000000e+00 0.00000000e+00
  0.00000000e+00 0.00000000e+00 0.00000000e+00]
 [0.00000000e+00 0.00000000e+00 0.00000000e+00 6.70462677e-02
  0.00000000e+00 0.00000000e+00 0.00000000e+00 0.00000000e+00
  0.00000000e+00 0.00000000e+00 0.00000000e+00 0.00000000e+00
  0.00000000e+00 0.00000000e+00 0.00000000e+00]
 [0.00000000e+00 0.00000000e+00 0.00000000e+00 1.61644011e-01
  0.00000000e+00 0.00000000e+00 0.00000000e+00 0.00000000e+00
  0.00000000e+00 0.00000000e+00 0.00000000e+00 0.00000000e+00
  0.00000000e+00 0.00000000e+00 0.00000000e+00]
 [0.00000000e+00 0.00000000e+00 0.00000000e+00 0.00000000e+00
  0.00000000e+00 0.00000000e+00 0.00000000e+00 0.00000000e+00
  0.00000000e+00 0.00000000e+00 0.00000000e+00 0.00000000e+00
  0.00000000e+00 6.35938992e-03 0.00000000e+00]
 [0.00000000e+00 0.00000000e+00 0.00000000e+00 8.42235849e-02
  0.00000000e+00 0.00000000e+00 0.00000000e+00 0.00000000e+00
  0.00000000e+00 0.00000000e+00 0.00000000e+00 0.00000000e+00
  0.00000000e+00 0.00000000e+00 0.00000000e+00]
 [3.26804800e-01 0.00000000e+00 0.00000000e+00 1.18967153e-01
  0.00000000e+00 0.00000000e+00 0.00000000e+00 1.35364494e-01
  0.00000000e+00 0.00000000e+00 0.00000000e+00 0.00000000e+00
  0.00000000e+00 0.00000000e+00 0.00000000e+00]
 [0.00000000e+00 0.00000000e+00 0.00000000e+00 7.96111724e-01
  3.16349581e-01 0.00000000e+00 0.00000000e+00 0.00000000e+00
  0.00000000e+00 0.00000000e+00 1.04434541e+00 6.73662399e-01
  0.00000000e+00 6.50007697e-01 0.00000000e+00]
 [1.60434325e+00 1.30850795e-01 1.51211188e-01 3.91256935e-01
  0.00000000e+00 0.00000000e+00 0.00000000e+00 2.30142363e+00
  1.29697593e+00 8.87442721e-02 0.00000000e+00 2.20013670e-01
  0.00000000e+00 0.00000000e+00 0.00000000e+00]
 [3.10334349e-01 0.00000000e+00 0.00000000e+00 1.11342784e-01
  0.00000000e+00 0.00000000e+00 0.00000000e+00 0.00000000e+00
  0.00000000e+00 0.00000000e+00 0.00000000e+00 0.00000000e+00
  0.00000000e+00 0.00000000e+00 0.00000000e+00]
 [6.00634356e-01 0.00000000e+00 0.00000000e+00 8.17139269e-02
  0.00000000e+00 0.00000000e+00 0.00000000e+00 1.50699735e-01
  2.69799836e-01 0.00000000e+00 0.00000000e+00 0.00000000e+00
  0.00000000e+00 0.00000000e+00 0.00000000e+00]
 [5.55194414e-01 6.68680325e-01 9.56145185e+00 2.99429919e+00
  9.27898397e-01 9.09935313e-01 0.00000000e+00 1.94605994e+00
  0.00000000e+00 3.02004860e-01 1.21565133e+00 2.56622855e-01
  4.55078141e-01 0.00000000e+00 0.00000000e+00]
 [2.35519526e+00 3.08363603e-01 7.82082321e+00 3.64106637e+00
  2.07729113e+00 4.62683613e+00 0.00000000e+00 2.88573899e+00
  6.17249469e-01 0.00000000e+00 2.25552835e-01 0.00000000e+00
  1.73972671e-01 0.00000000e+00 0.00000000e+00]
 [2.19045519e+00 1.95221273e+00 1.28661794e+00 2.82643541e+00
  9.32254640e-01 1.36890661e-01 0.00000000e+00 0.00000000e+00
  0.00000000e+00 3.10612495e-01 8.73531811e-01 1.33164889e+00
  6.12197720e-01 0.00000000e+00 0.00000000e+00]
 [1.33811974e+00 0.00000000e+00 4.29528716e-01 1.68760296e+00
  7.75504388e-01 0.00000000e+00 0.00000000e+00 2.71216344e-01
  0.00000000e+00 0.00000000e+00 1.28400017e-01 0.00000000e+00
  0.00000000e+00 3.42529102e-01 1.43337456e-01]
 [2.41611560e+00 3.02208035e+00 1.77178668e+00 5.20173770e-01
  7.12367115e-01 1.44256761e+00 3.00636676e+00 3.73541138e+00
  4.27447599e+00 3.69859502e+00 2.70881015e+00 1.99182443e+00
  1.51454646e+00 1.13230725e+00 1.75694341e+00]]

17
----------------------------------------------------------------------------------
[[0.00000000e+00 0.00000000e+00 0.00000000e+00 0.00000000e+00
  0.00000000e+00 0.00000000e+00 0.00000000e+00 0.00000000e+00
  0.00000000e+00 0.00000000e+00 9.49845493e-01 6.54846963e-01
  0.00000000e+00 0.00000000e+00 0.00000000e+00]
 [0.00000000e+00 0.00000000e+00 0.00000000e+00 0.00000000e+00
  0.00000000e+00 0.00000000e+00 0.00000000e+00 0.00000000e+00
  0.00000000e+00 0.00000000e+00 8.64499735e-01 6.79778509e-01
  0.00000000e+00 0.00000000e+00 0.00000000e+00]
 [0.00000000e+00 0.00000000e+00 0.00000000e+00 0.00000000e+00
  0.00000000e+00 0.00000000e+00 0.00000000e+00 0.00000000e+00
  0.00000000e+00 5.40683846e-01 1.28046486e+00 6.36111899e-01
  1.11708134e-01 0.00000000e+00 0.00000000e+00]
 [0.00000000e+00 0.00000000e+00 0.00000000e+00 0.00000000e+00
  0.00000000e+00 0.00000000e+00 0.00000000e+00 0.00000000e+00
  0.00000000e+00 0.00000000e+00 6.57270333e-01 4.63925300e-01
  0.00000000e+00 0.00000000e+00 0.00000000e+00]
 [0.00000000e+00 0.00000000e+00 0.00000000e+00 0.00000000e+00
  0.00000000e+00 0.00000000e+00 0.00000000e+00 0.00000000e+00
  0.00000000e+00 0.00000000e+00 5.30700102e-01 4.19428281e-01
  0.00000000e+00 0.00000000e+00 0.00000000e+00]
 [0.00000000e+00 0.00000000e+00 0.00000000e+00 0.00000000e+00
  0.00000000e+00 0.00000000e+00 0.00000000e+00 0.00000000e+00
  0.00000000e+00 7.10647287e-02 1.02291031e+00 4.70241610e-01
  0.00000000e+00 0.00000000e+00 0.00000000e+00]
 [0.00000000e+00 0.00000000e+00 0.00000000e+00 0.00000000e+00
  0.00000000e+00 0.00000000e+00 0.00000000e+00 0.00000000e+00
  0.00000000e+00 0.00000000e+00 6.17576586e-01 4.35419224e-01
  0.00000000e+00 0.00000000e+00 0.00000000e+00]
 [0.00000000e+00 0.00000000e+00 0.00000000e+00 0.00000000e+00
  0.00000000e+00 0.00000000e+00 0.00000000e+00 0.00000000e+00
  0.00000000e+00 0.00000000e+00 5.76347079e-01 2.78957862e-01
  0.00000000e+00 0.00000000e+00 0.00000000e+00]
 [0.00000000e+00 0.00000000e+00 0.00000000e+00 0.00000000e+00
  0.00000000e+00 0.00000000e+00 0.00000000e+00 0.00000000e+00
  0.00000000e+00 0.00000000e+00 3.85770945e-01 2.65013508e-01
  0.00000000e+00 0.00000000e+00 0.00000000e+00]
 [0.00000000e+00 0.00000000e+00 0.00000000e+00 0.00000000e+00
  0.00000000e+00 0.00000000e+00 0.00000000e+00 0.00000000e+00
  7.51152571e-01 1.34676851e+00 1.29181731e+00 9.41161028e-01
  0.00000000e+00 7.43474005e-01 3.50273606e-01]
 [0.00000000e+00 0.00000000e+00 0.00000000e+00 0.00000000e+00
  0.00000000e+00 0.00000000e+00 0.00000000e+00 0.00000000e+00
  0.00000000e+00 0.00000000e+00 6.56480825e-01 3.63285157e-01
  0.00000000e+00 0.00000000e+00 0.00000000e+00]
 [0.00000000e+00 0.00000000e+00 0.00000000e+00 0.00000000e+00
  0.00000000e+00 0.00000000e+00 0.00000000e+00 0.00000000e+00
  0.00000000e+00 0.00000000e+00 2.37845915e-01 2.86888648e-01
  0.00000000e+00 0.00000000e+00 0.00000000e+00]
 [0.00000000e+00 0.00000000e+00 0.00000000e+00 0.00000000e+00
  0.00000000e+00 0.00000000e+00 0.00000000e+00 0.00000000e+00
  0.00000000e+00 0.00000000e+00 5.38719003e-01 3.22392715e-01
  0.00000000e+00 0.00000000e+00 0.00000000e+00]
 [2.36495609e-01 2.77362663e-01 0.00000000e+00 0.00000000e+00
  0.00000000e+00 0.00000000e+00 7.65616036e-02 0.00000000e+00
  1.39107891e-02 5.79661542e-01 3.24834407e-01 4.20770526e-03
  0.00000000e+00 0.00000000e+00 5.48518799e-02]
 [0.00000000e+00 0.00000000e+00 0.00000000e+00 0.00000000e+00
  0.00000000e+00 0.00000000e+00 0.00000000e+00 0.00000000e+00
  2.11722014e-01 5.69978484e-01 5.00458730e-01 1.23211698e-01
  0.00000000e+00 0.00000000e+00 7.37197479e-02]
 [0.00000000e+00 0.00000000e+00 0.00000000e+00 0.00000000e+00
  0.00000000e+00 0.00000000e+00 0.00000000e+00 2.45295172e-01
  7.59300226e-01 8.41521208e-01 5.75679467e-01 4.61592281e-02
  0.00000000e+00 0.00000000e+00 4.02738271e-02]
 [8.78176896e-02 0.00000000e+00 0.00000000e+00 0.00000000e+00
  0.00000000e+00 0.00000000e+00 0.00000000e+00 0.00000000e+00
  0.00000000e+00 1.90670731e-01 1.06666390e-02 1.85818141e-01
  0.00000000e+00 4.17721991e-01 1.05463638e-03]
 [1.91522119e+00 2.06849928e+00 1.82198179e+00 2.72481764e+00
  2.58686163e+00 2.65868808e+00 2.18323618e+00 2.15487294e+00
  1.93516485e+00 1.37542208e+00 2.73738675e-01 7.88457409e-01
  1.64834051e+00 9.21845852e-01 1.07271814e+00]]

18
----------------------------------------------------------------------------------
[[0.00000000e+00 0.00000000e+00 0.00000000e+00 0.00000000e+00
  0.00000000e+00 1.71401804e-01 5.18151205e-02 1.51878797e-01
  5.10025453e-02 0.00000000e+00 0.00000000e+00 0.00000000e+00
  0.00000000e+00 0.00000000e+00 0.00000000e+00]
 [0.00000000e+00 1.14105992e-01 0.00000000e+00 5.04976120e-02
  0.00000000e+00 1.72697358e-01 1.89848866e-01 1.47415067e-01
  4.05832910e-02 0.00000000e+00 0.00000000e+00 0.00000000e+00
  0.00000000e+00 0.00000000e+00 0.00000000e+00]
 [0.00000000e+00 0.00000000e+00 1.20137354e-01 1.75553880e-01
  3.44130709e-01 7.12217073e-01 3.27701330e-01 6.34256428e-01
  1.66417106e-01 0.00000000e+00 0.00000000e+00 0.00000000e+00
  0.00000000e+00 3.17649058e-01 3.86608312e-01]
 [0.00000000e+00 0.00000000e+00 4.90573948e-01 0.00000000e+00
  0.00000000e+00 4.41347486e-02 7.65395130e-02 1.13489053e-01
  0.00000000e+00 0.00000000e+00 0.00000000e+00 0.00000000e+00
  0.00000000e+00 0.00000000e+00 0.00000000e+00]
 [0.00000000e+00 0.00000000e+00 3.31748775e-01 5.21995458e-02
  0.00000000e+00 5.19962443e-02 1.17261157e-01 0.00000000e+00
  0.00000000e+00 0.00000000e+00 0.00000000e+00 0.00000000e+00
  0.00000000e+00 0.00000000e+00 0.00000000e+00]
 [0.00000000e+00 5.05262348e-05 4.98433133e-02 2.06286575e-01
  3.41593791e-01 4.62552034e-01 3.33229433e-01 5.33463068e-01
  7.60596332e-02 0.00000000e+00 5.02955310e-01 0.00000000e+00
  0.00000000e+00 0.00000000e+00 1.59833120e-01]
 [0.00000000e+00 7.53581880e-02 1.51060852e-01 1.43335431e-01
  1.24064647e-01 1.73137445e-01 1.17094952e-01 1.30581233e-01
  1.20718876e-01 0.00000000e+00 0.00000000e+00 0.00000000e+00
  0.00000000e+00 0.00000000e+00 0.00000000e+00]
 [0.00000000e+00 7.21387628e-01 5.44650904e+00 1.16411613e+00
  5.99315721e-01 9.94418753e-01 7.99189058e-01 2.06926413e-01
  0.00000000e+00 0.00000000e+00 0.00000000e+00 0.00000000e+00
  0.00000000e+00 0.00000000e+00 0.00000000e+00]
 [0.00000000e+00 7.37032122e-01 3.37741439e+00 1.66985469e+00
  7.53741124e-01 1.21518479e+00 1.00014841e+00 1.47426467e-01
  0.00000000e+00 0.00000000e+00 0.00000000e+00 0.00000000e+00
  0.00000000e+00 0.00000000e+00 0.00000000e+00]
 [0.00000000e+00 7.30278095e-01 1.41121362e+00 4.31004416e-01
  8.82487265e-01 8.90722368e-01 1.10251828e+00 1.78826633e+00
  1.16355606e+00 0.00000000e+00 2.33034756e-01 4.12807336e-02
  4.37152384e-01 1.45627335e+00 3.31502257e-01]
 [0.00000000e+00 5.52483748e-01 7.41341017e+00 3.47751849e+00
  6.82322626e-01 3.54394412e+00 2.07429192e+00 7.83928144e-01
  5.96599320e-02 0.00000000e+00 0.00000000e+00 0.00000000e+00
  0.00000000e+00 0.00000000e+00 0.00000000e+00]
 [0.00000000e+00 5.38904438e-01 2.96370599e+00 1.16929467e+00
  5.99537087e-01 7.47546125e-01 8.00633307e-01 2.48708050e-01
  0.00000000e+00 0.00000000e+00 0.00000000e+00 0.00000000e+00
  0.00000000e+00 0.00000000e+00 0.00000000e+00]
 [0.00000000e+00 2.00477250e-01 3.46437673e+00 1.73029675e+00
  5.48185685e-01 2.22729240e+00 9.52248264e-01 4.85881131e-01
  2.47971686e-01 0.00000000e+00 4.36334337e-02 0.00000000e+00
  0.00000000e+00 0.00000000e+00 0.00000000e+00]
 [0.00000000e+00 0.00000000e+00 1.15089442e+00 4.38764468e-01
  2.84144547e-01 3.14550214e-01 3.30901407e-01 1.65874853e+00
  1.83052418e+00 0.00000000e+00 2.73029056e-01 4.62893317e-01
  0.00000000e+00 0.00000000e+00 0.00000000e+00]
 [0.00000000e+00 3.32171063e-01 2.51762262e+00 7.36218060e-01
  5.00759171e-01 4.39608521e-01 3.28104898e-01 2.62715838e+00
  3.32425376e+00 6.29431564e-01 1.57812476e-01 1.70848116e+00
  5.41403710e-01 0.00000000e+00 0.00000000e+00]
 [0.00000000e+00 3.09846823e-01 4.67718844e-01 1.79562308e-01
  6.30644053e-01 5.15457874e-01 2.35286922e-01 7.48239368e-01
  1.79088217e+00 2.10076062e-01 1.75718273e-02 2.37149853e-01
  0.00000000e+00 0.00000000e+00 0.00000000e+00]
 [0.00000000e+00 0.00000000e+00 0.00000000e+00 0.00000000e+00
  0.00000000e+00 0.00000000e+00 4.44999309e-01 5.46030030e-01
  1.06211899e+00 3.25991238e-01 1.91678678e-01 2.11366922e-01
  2.25421813e-03 1.19905169e-01 8.21314979e-02]
 [1.29962498e+00 1.00008861e+00 8.05044339e-01 8.13178293e-01
  7.73265526e-01 5.86839837e-01 1.81998862e-01 2.85406519e-01
  5.65659269e-01 1.10582730e+00 8.74832943e-01 8.03561320e-01
  1.12757002e+00 1.06463437e+00 6.48772745e-01]]

19
----------------------------------------------------------------------------------
[[0.         0.         0.         0.         0.         0.
  0.         0.         0.         0.         0.         0.
  0.         0.         0.        ]
 [0.         0.         0.         0.         0.         0.
  0.29504895 0.         0.         0.         0.         0.
  0.         0.         0.        ]
 [0.         0.         0.         0.         0.         0.25438461
  0.01553511 0.         0.         0.         0.         0.05314363
  0.         0.         0.00695562]
 [0.04928184 0.         0.         0.         0.         0.
  0.         0.         0.         0.         0.         0.
  0.         0.         0.        ]
 [0.         0.         0.         0.         0.         0.
  0.         0.         0.         0.         0.         0.
  0.         0.         0.        ]
 [0.         0.         0.         0.         0.         0.04463627
  0.07500026 0.         0.         0.         0.         0.
  0.         0.         0.20418765]
 [0.         0.         0.         0.         0.         0.
  0.0412933  0.         0.         0.         0.         0.
  0.         0.         0.        ]
 [2.50615642 0.11196318 0.97480906 1.14129519 0.54311489 0.36910484
  0.20600952 0.         0.         0.         0.         0.
  0.         0.         0.        ]
 [3.46983655 0.58506994 1.17026671 1.44549261 0.65719215 0.39407129
  0.20062442 0.         0.         0.         0.         0.
  0.         0.         0.        ]
 [1.089013   0.04210048 0.39183165 0.67525853 0.83720679 1.04032326
  0.35367644 0.45890738 0.         0.         0.         0.
  0.45153133 0.74451792 0.28324994]
 [5.24621852 1.60421727 0.40511117 1.83716706 1.98610786 1.13707557
  0.78596736 0.2319337  0.         0.         0.         0.
  0.         0.         0.        ]
 [3.41229023 0.55355327 0.97277814 1.35251175 0.98517389 0.41940737
  0.24089617 0.         0.         0.         0.         0.
  0.         0.         0.        ]
 [3.59766278 0.80829086 0.62705983 2.2694656  1.40314851 0.34621151
  0.23102886 0.         0.         0.         0.         0.
  0.         0.         0.        ]
 [0.22021513 0.         0.         0.33473197 0.27882393 0.
  0.22411952 0.97612709 0.         0.         0.         0.
  0.         0.21508505 0.50791746]
 [0.45907934 0.         0.27867386 0.66021177 0.5658243  0.08387185
  0.         2.53920268 0.         0.         0.         0.
  0.         0.51643945 3.69586339]
 [0.1107308  0.         0.2145372  0.41504386 0.363394   0.
  0.22647435 0.52530924 0.54771608 0.         0.10896513 0.23586874
  0.20742299 0.34633272 0.        ]
 [0.10200192 0.         0.         0.07615431 0.10747598 0.
  0.         0.         0.         0.         0.         0.
  0.         0.         0.29773494]
 [0.68810664 1.06500671 0.67815373 0.62727677 0.670261   0.72249517
  0.74762316 1.62153613 2.99974401 3.35693943 3.87509078 3.74817872
  2.1331443  0.8151362  0.95736848]]

20
----------------------------------------------------------------------------------
[[0.         0.         0.         0.         0.         0.
  0.         0.         0.         0.         0.         0.
  0.         0.         0.        ]
 [0.         0.         0.         0.         0.         0.
  0.         0.         0.         0.         0.         0.
  0.         0.         0.        ]
 [0.         0.         0.         0.         0.         0.
  0.         0.         0.         0.         0.         0.
  0.         0.         0.15826405]
 [0.         0.         0.         0.         0.         0.
  0.         0.         0.         0.         0.         0.
  0.         0.         0.        ]
 [0.         0.         0.         0.         0.         0.
  0.         0.         0.         0.         0.         0.
  0.         0.         0.        ]
 [0.         0.         0.         0.         0.         0.
  0.         0.         0.         0.         0.         0.
  0.         0.         0.38775741]
 [0.         0.         0.         0.         0.         0.
  0.         0.         0.         0.         0.         0.
  0.         0.         0.        ]
 [0.         0.         0.         0.         1.61270496 0.986489
  0.         0.         0.         0.         0.         0.
  0.         0.         0.        ]
 [0.         0.         0.         0.         1.91228263 1.93967631
  0.         0.         0.         0.         0.         0.
  0.         0.         0.        ]
 [0.23741254 0.         0.         0.         0.         0.
  0.         0.         0.         0.         0.         0.
  0.         0.         0.18057219]
 [0.         0.         0.         0.         2.15412253 5.10561443
  0.         0.         0.         0.         0.         0.
  0.         0.         0.        ]
 [0.         0.         0.         0.         2.01525985 1.37795899
  0.         0.         0.         0.         0.         0.
  0.         0.         0.        ]
 [0.         0.         0.         0.         0.63695905 3.39189891
  0.         0.         0.47056899 0.         0.         0.
  0.         0.         0.        ]
 [0.48372536 0.59087323 1.07577155 2.33845364 0.         0.46982328
  0.         3.9600809  0.         0.         0.61621077 0.
  0.0988194  0.63461353 0.25866301]
 [0.37446215 0.52138438 1.68926095 4.2990071  1.71402963 2.23467885
  0.         0.99239619 0.         0.58231573 0.63288353 0.605485
  0.48816121 0.65860629 0.23055184]
 [0.45300474 0.37096307 1.07555785 1.3293165  0.         0.
  0.         0.0744386  1.24576499 0.26377464 2.40944235 0.
  0.         0.54714284 0.58753653]
 [0.         0.         0.43647693 0.66806397 0.         0.08520858
  0.         0.         0.         0.         0.         0.
  0.         0.06729935 0.01180045]
 [0.93864223 1.74557057 1.6158458  1.65619534 1.9457296  2.20450128
  2.9406118  3.83999029 6.00021566 7.6083071  7.68904287 6.96780584
  4.98166319 2.42801677 0.65888176]]

21
----------------------------------------------------------------------------------
[[0.00000000e+00 0.00000000e+00 0.00000000e+00 0.00000000e+00
  0.00000000e+00 0.00000000e+00 1.58981423e-01 0.00000000e+00
  0.00000000e+00 0.00000000e+00 0.00000000e+00 0.00000000e+00
  0.00000000e+00 0.00000000e+00 0.00000000e+00]
 [0.00000000e+00 0.00000000e+00 0.00000000e+00 0.00000000e+00
  0.00000000e+00 0.00000000e+00 1.68329408e-01 0.00000000e+00
  0.00000000e+00 0.00000000e+00 0.00000000e+00 0.00000000e+00
  0.00000000e+00 0.00000000e+00 0.00000000e+00]
 [0.00000000e+00 0.00000000e+00 0.00000000e+00 0.00000000e+00
  0.00000000e+00 0.00000000e+00 4.59611452e-02 0.00000000e+00
  8.41947833e-02 0.00000000e+00 0.00000000e+00 4.11414674e-01
  0.00000000e+00 1.24408324e-01 0.00000000e+00]
 [0.00000000e+00 0.00000000e+00 0.00000000e+00 0.00000000e+00
  0.00000000e+00 0.00000000e+00 7.23332694e-02 0.00000000e+00
  0.00000000e+00 0.00000000e+00 0.00000000e+00 0.00000000e+00
  0.00000000e+00 0.00000000e+00 0.00000000e+00]
 [0.00000000e+00 0.00000000e+00 0.00000000e+00 0.00000000e+00
  0.00000000e+00 0.00000000e+00 7.80542987e-02 0.00000000e+00
  0.00000000e+00 0.00000000e+00 0.00000000e+00 0.00000000e+00
  0.00000000e+00 0.00000000e+00 0.00000000e+00]
 [0.00000000e+00 0.00000000e+00 0.00000000e+00 0.00000000e+00
  0.00000000e+00 1.12826459e-01 2.59393248e-01 0.00000000e+00
  0.00000000e+00 0.00000000e+00 0.00000000e+00 2.04075842e-01
  2.35349263e-01 1.78617430e-01 1.25595210e-01]
 [0.00000000e+00 0.00000000e+00 0.00000000e+00 0.00000000e+00
  0.00000000e+00 0.00000000e+00 1.01591512e-01 0.00000000e+00
  0.00000000e+00 0.00000000e+00 0.00000000e+00 0.00000000e+00
  0.00000000e+00 0.00000000e+00 0.00000000e+00]
 [0.00000000e+00 0.00000000e+00 0.00000000e+00 0.00000000e+00
  0.00000000e+00 0.00000000e+00 0.00000000e+00 0.00000000e+00
  0.00000000e+00 0.00000000e+00 0.00000000e+00 0.00000000e+00
  0.00000000e+00 0.00000000e+00 0.00000000e+00]
 [0.00000000e+00 0.00000000e+00 0.00000000e+00 0.00000000e+00
  0.00000000e+00 0.00000000e+00 0.00000000e+00 0.00000000e+00
  0.00000000e+00 0.00000000e+00 0.00000000e+00 0.00000000e+00
  0.00000000e+00 0.00000000e+00 0.00000000e+00]
 [0.00000000e+00 8.99317127e-02 0.00000000e+00 0.00000000e+00
  5.10983054e-01 0.00000000e+00 8.87081863e-01 0.00000000e+00
  0.00000000e+00 3.60382204e-01 5.26616177e-01 1.42561237e-01
  6.44087182e-02 2.33035198e-01 0.00000000e+00]
 [8.44728336e-02 0.00000000e+00 0.00000000e+00 0.00000000e+00
  0.00000000e+00 0.00000000e+00 0.00000000e+00 0.00000000e+00
  6.31701417e-04 0.00000000e+00 0.00000000e+00 0.00000000e+00
  0.00000000e+00 0.00000000e+00 0.00000000e+00]
 [0.00000000e+00 0.00000000e+00 0.00000000e+00 0.00000000e+00
  0.00000000e+00 0.00000000e+00 0.00000000e+00 0.00000000e+00
  0.00000000e+00 0.00000000e+00 0.00000000e+00 0.00000000e+00
  0.00000000e+00 0.00000000e+00 0.00000000e+00]
 [0.00000000e+00 0.00000000e+00 0.00000000e+00 0.00000000e+00
  0.00000000e+00 0.00000000e+00 0.00000000e+00 0.00000000e+00
  0.00000000e+00 0.00000000e+00 0.00000000e+00 0.00000000e+00
  0.00000000e+00 0.00000000e+00 0.00000000e+00]
 [3.50118134e-01 0.00000000e+00 0.00000000e+00 0.00000000e+00
  0.00000000e+00 0.00000000e+00 0.00000000e+00 0.00000000e+00
  1.77165275e-01 3.01956601e-01 0.00000000e+00 1.11885877e-01
  0.00000000e+00 3.47007308e-01 0.00000000e+00]
 [2.10785906e-01 3.46687190e-01 1.77107805e-01 1.20615874e-01
  0.00000000e+00 0.00000000e+00 0.00000000e+00 0.00000000e+00
  0.00000000e+00 1.07708050e-01 0.00000000e+00 0.00000000e+00
  3.14281141e-02 2.00200200e-01 4.81661494e-02]
 [2.81032729e-01 0.00000000e+00 0.00000000e+00 0.00000000e+00
  0.00000000e+00 1.62480256e-01 1.27255335e-01 0.00000000e+00
  0.00000000e+00 9.94577679e-02 0.00000000e+00 8.52275396e-02
  1.62086257e-01 9.96759734e-02 2.00822387e-02]
 [0.00000000e+00 1.90077909e-02 0.00000000e+00 0.00000000e+00
  0.00000000e+00 0.00000000e+00 0.00000000e+00 0.00000000e+00
  0.00000000e+00 4.96193695e-02 0.00000000e+00 0.00000000e+00
  0.00000000e+00 7.74568735e-02 0.00000000e+00]
 [1.64999137e+00 2.01891394e+00 2.32906419e+00 1.94701516e+00
  1.44772045e+00 1.07607068e+00 9.78265974e-01 1.67634313e+00
  1.17332318e+00 1.47746413e+00 1.07482325e+00 7.95104924e-01
  8.31951893e-01 7.26147839e-01 1.10947069e+00]]

21
----------------------------------------------------------------------------------
[[0.07241788]
 [0.        ]
 [0.03958401]
 [0.48770481]
 [0.31575317]
 [0.13235942]
 [0.5421742 ]
 [2.22021122]
 [2.9547706 ]
 [0.70622809]
 [3.54036542]
 [1.17776251]
 [0.13503222]
 [0.20337811]
 [0.10596464]
 [0.55768615]
 [0.04089535]
 [0.88029888]]