

1
----------------------------------------------------------------------------------
[[0.         0.20023806 0.02867141 0.         0.11514021 0.
  0.09525614 0.         0.03336815 0.         0.         0.01149379
  0.         0.         0.        ]
 [0.08357629 0.         0.18680463 0.         0.         0.04450466
  0.10198512 0.         0.         0.         0.         0.
  0.         0.         0.09347229]
 [0.27203098 0.         0.18640616 0.05214912 0.         0.52869669
  0.10255382 0.00701948 0.20888635 0.32914329 0.23206832 0.
  0.07136874 0.30850151 0.07088278]
 [0.         0.02746494 0.         0.         0.18526055 0.
  0.06150231 0.         0.         0.         0.         0.00874901
  0.         0.         0.        ]
 [0.         0.         0.         0.         0.08257854 0.
  0.03593737 0.         0.         0.         0.         0.
  0.         0.         0.        ]
 [0.38009779 0.0273999  0.13185075 0.08271725 0.         0.21997338
  0.24375271 0.         0.         0.28301415 0.06925879 0.
  0.19293702 0.30467936 0.        ]
 [0.03179283 0.         0.05523535 0.03523004 0.         0.
  0.         0.         0.         0.         0.         0.
  0.         0.         0.        ]
 [0.         0.         0.         0.1124096  0.08110754 0.
  0.07646316 0.         0.0796672  0.         0.01547014 0.
  0.         0.         0.        ]
 [0.         0.         0.         0.         0.14362523 0.
  0.03706445 0.         0.03584757 0.         0.         0.
  0.         0.         0.        ]
 [0.77542376 0.58660758 0.59984473 0.28983031 0.77937525 0.44121029
  1.23041773 0.         1.79485143 1.73341421 0.66807222 0.34738841
  0.80538654 0.58826482 0.75498323]
 [0.18504426 0.         0.19387542 0.00612893 0.         0.16391262
  0.         0.         0.         0.         0.         0.02087564
  0.         0.         0.02357546]
 [0.         0.         0.         0.         0.1675224  0.
  0.         0.         0.03756544 0.         0.         0.03810389
  0.         0.         0.        ]
 [0.31198085 0.         0.         0.13193435 0.         0.12047034
  0.13380423 0.         0.         0.         0.         0.
  0.02731472 0.08286923 0.15853145]
 [0.02699453 0.         0.11591486 0.         0.00889225 0.11328379
  0.11614502 0.04745599 0.06984762 0.         0.         0.00333167
  0.         0.07848424 0.        ]
 [0.         0.         0.01637078 0.04700852 0.07561546 0.
  0.12586499 0.02502103 0.0306479  0.         0.         0.01804983
  0.         0.09148842 0.        ]
 [0.01611717 0.         0.05977237 0.12435669 0.03756773 0.42875878
  0.05022435 0.01738716 0.12378728 0.         0.04868948 0.
  0.         0.14800938 0.19555591]
 [0.         0.         0.         0.         0.09923379 0.
  0.14572376 0.         0.12526145 0.         0.         0.12648541
  0.         0.         0.        ]
 [0.4107462  0.75588218 0.70135775 0.27827344 0.56134564 0.61505513
  0.27263903 0.64171939 0.4914001  0.46759293 0.53089786 1.1804046
  1.10004415 0.42638658 0.43009596]]

2
----------------------------------------------------------------------------------
[[0.00000000e+00 2.30855370e-01 0.00000000e+00 0.00000000e+00
  0.00000000e+00 0.00000000e+00 3.46205286e-01 0.00000000e+00
  4.49643039e-03 8.58654824e-02 0.00000000e+00 0.00000000e+00
  0.00000000e+00 1.29556636e-01 0.00000000e+00]
 [0.00000000e+00 9.25873188e-02 0.00000000e+00 0.00000000e+00
  0.00000000e+00 1.99797382e-02 1.40535594e-01 0.00000000e+00
  2.10824391e-02 0.00000000e+00 0.00000000e+00 0.00000000e+00
  4.10790386e-02 2.65484465e-01 0.00000000e+00]
 [0.00000000e+00 1.54041237e-01 0.00000000e+00 0.00000000e+00
  2.82631054e-01 2.36242733e-01 0.00000000e+00 0.00000000e+00
  1.22673159e-01 9.08690455e-02 0.00000000e+00 1.39001765e-01
  3.32481163e-01 1.93284905e-01 2.56622853e-01]
 [0.00000000e+00 1.37704369e-01 0.00000000e+00 0.00000000e+00
  6.02263747e-02 0.00000000e+00 2.67820684e-01 0.00000000e+00
  0.00000000e+00 0.00000000e+00 0.00000000e+00 0.00000000e+00
  0.00000000e+00 7.91739579e-02 0.00000000e+00]
 [0.00000000e+00 1.45181805e-01 0.00000000e+00 0.00000000e+00
  0.00000000e+00 6.85535295e-02 1.03972994e-01 0.00000000e+00
  8.13716627e-03 0.00000000e+00 0.00000000e+00 0.00000000e+00
  0.00000000e+00 0.00000000e+00 0.00000000e+00]
 [4.28076909e-02 3.60589137e-01 0.00000000e+00 0.00000000e+00
  0.00000000e+00 2.31278851e-01 1.50644183e-01 0.00000000e+00
  2.68848391e-02 4.43788685e-01 0.00000000e+00 1.31539941e-01
  7.88580281e-01 5.19947907e-01 9.71235862e-02]
 [0.00000000e+00 3.81509477e-02 2.03535632e-03 0.00000000e+00
  0.00000000e+00 1.86290975e-01 1.58934420e-01 0.00000000e+00
  1.42430068e-02 0.00000000e+00 0.00000000e+00 0.00000000e+00
  3.08540811e-02 0.00000000e+00 0.00000000e+00]
 [0.00000000e+00 4.59264628e-02 0.00000000e+00 0.00000000e+00
  0.00000000e+00 0.00000000e+00 2.27436715e-01 0.00000000e+00
  0.00000000e+00 0.00000000e+00 0.00000000e+00 0.00000000e+00
  3.13969070e-02 0.00000000e+00 0.00000000e+00]
 [0.00000000e+00 7.26069127e-02 0.00000000e+00 0.00000000e+00
  0.00000000e+00 0.00000000e+00 2.42450889e-01 0.00000000e+00
  0.00000000e+00 0.00000000e+00 0.00000000e+00 0.00000000e+00
  0.00000000e+00 2.05991886e-02 0.00000000e+00]
 [0.00000000e+00 1.33038682e+00 2.68334980e-01 8.11838761e-01
  4.41365925e-01 2.83461357e-01 6.75753062e-02 0.00000000e+00
  1.62588078e-01 1.04442639e+00 0.00000000e+00 8.85898690e-01
  8.53632396e-01 4.53001171e-01 2.33987451e-01]
 [0.00000000e+00 0.00000000e+00 0.00000000e+00 0.00000000e+00
  0.00000000e+00 1.73525447e-01 3.79657554e-02 0.00000000e+00
  3.89396997e-02 0.00000000e+00 0.00000000e+00 1.12236677e-01
  0.00000000e+00 0.00000000e+00 0.00000000e+00]
 [0.00000000e+00 1.13719630e-01 0.00000000e+00 0.00000000e+00
  0.00000000e+00 0.00000000e+00 2.35796564e-01 0.00000000e+00
  0.00000000e+00 0.00000000e+00 0.00000000e+00 0.00000000e+00
  0.00000000e+00 0.00000000e+00 0.00000000e+00]
 [0.00000000e+00 0.00000000e+00 0.00000000e+00 0.00000000e+00
  0.00000000e+00 2.37338985e-01 0.00000000e+00 0.00000000e+00
  1.59110883e-01 0.00000000e+00 0.00000000e+00 0.00000000e+00
  1.43238277e-02 2.52955123e-02 0.00000000e+00]
 [0.00000000e+00 1.80762822e-01 0.00000000e+00 0.00000000e+00
  2.12000609e-01 9.51441173e-04 0.00000000e+00 0.00000000e+00
  0.00000000e+00 0.00000000e+00 0.00000000e+00 0.00000000e+00
  1.99568650e-01 2.99230856e-01 4.30395888e-02]
 [0.00000000e+00 2.85741966e-01 0.00000000e+00 0.00000000e+00
  0.00000000e+00 0.00000000e+00 0.00000000e+00 0.00000000e+00
  9.94683930e-02 0.00000000e+00 0.00000000e+00 0.00000000e+00
  9.78193863e-02 0.00000000e+00 0.00000000e+00]
 [0.00000000e+00 6.94866596e-02 0.00000000e+00 0.00000000e+00
  0.00000000e+00 2.79715468e-01 0.00000000e+00 0.00000000e+00
  3.16407717e-02 0.00000000e+00 6.41184598e-02 2.82401288e-02
  0.00000000e+00 3.57275098e-01 0.00000000e+00]
 [0.00000000e+00 1.05732484e-01 0.00000000e+00 1.11758192e-02
  3.91331190e-02 0.00000000e+00 1.14079624e-01 0.00000000e+00
  0.00000000e+00 0.00000000e+00 0.00000000e+00 0.00000000e+00
  3.93723303e-02 6.72513647e-03 0.00000000e+00]
 [9.94186900e-01 9.66623792e-01 9.87106046e-01 1.10107481e+00
  9.06187606e-01 6.76963872e-01 9.52730461e-01 1.24241531e+00
  1.10899785e+00 5.59358221e-01 1.38256087e+00 9.85805196e-01
  3.25315595e-01 3.51525373e-01 6.87756560e-01]]

3
----------------------------------------------------------------------------------
[[0.00000000e+00 0.00000000e+00 1.81936895e-02 0.00000000e+00
  0.00000000e+00 0.00000000e+00 2.18362030e-01 0.00000000e+00
  0.00000000e+00 0.00000000e+00 0.00000000e+00 0.00000000e+00
  0.00000000e+00 0.00000000e+00 0.00000000e+00]
 [0.00000000e+00 0.00000000e+00 7.76297508e-02 0.00000000e+00
  3.64664840e-02 0.00000000e+00 2.86266849e-01 1.62786880e-01
  0.00000000e+00 2.62517482e-02 1.21266233e-01 0.00000000e+00
  0.00000000e+00 0.00000000e+00 0.00000000e+00]
 [9.48106146e-02 3.18772651e-01 7.24610917e-01 3.48291264e-01
  2.95485838e-01 2.85831896e-01 4.21156254e-01 6.36919023e-01
  0.00000000e+00 0.00000000e+00 2.02422980e-01 1.20365092e-01
  1.53434031e-02 3.40478610e-01 1.72744843e-01]
 [0.00000000e+00 0.00000000e+00 1.37250390e-01 0.00000000e+00
  0.00000000e+00 0.00000000e+00 1.39914484e-01 0.00000000e+00
  0.00000000e+00 0.00000000e+00 0.00000000e+00 0.00000000e+00
  0.00000000e+00 1.65531188e-02 2.96162538e-01]
 [0.00000000e+00 0.00000000e+00 6.29259562e-03 1.98282600e-02
  0.00000000e+00 0.00000000e+00 1.43753157e-01 0.00000000e+00
  0.00000000e+00 0.00000000e+00 0.00000000e+00 4.70991996e-02
  0.00000000e+00 1.12595480e-01 1.50862906e-01]
 [0.00000000e+00 3.75410802e-01 2.16179611e-01 2.48366855e-01
  9.97341871e-02 7.27984189e-02 4.20738175e-01 5.04948499e-01
  0.00000000e+00 0.00000000e+00 4.26892145e-01 5.36744612e-02
  0.00000000e+00 4.17287718e-01 7.52194806e-02]
 [0.00000000e+00 9.99255124e-03 0.00000000e+00 0.00000000e+00
  8.93959602e-02 0.00000000e+00 9.21672484e-02 0.00000000e+00
  0.00000000e+00 0.00000000e+00 3.78409226e-01 7.54013684e-01
  0.00000000e+00 3.08852754e-02 0.00000000e+00]
 [0.00000000e+00 0.00000000e+00 1.64947847e-01 0.00000000e+00
  0.00000000e+00 0.00000000e+00 4.75806761e-02 0.00000000e+00
  0.00000000e+00 0.00000000e+00 6.44951561e-02 3.84345086e+00
  5.72701340e-01 9.12389318e-01 1.31679272e+00]
 [0.00000000e+00 0.00000000e+00 4.83735532e-02 0.00000000e+00
  0.00000000e+00 0.00000000e+00 0.00000000e+00 0.00000000e+00
  0.00000000e+00 0.00000000e+00 2.65598271e-01 2.22581587e+00
  1.40463657e+00 1.09958768e+00 2.23959655e+00]
 [4.96620741e-01 7.88161520e-01 4.87953873e-01 9.45019278e-01
  8.88414054e-01 1.08988982e+00 4.51250650e-01 7.14156358e-01
  4.02512469e-01 8.52003595e-01 1.35736870e-01 9.29609910e-01
  8.15530328e-01 8.46060719e-01 6.19505424e-01]
 [0.00000000e+00 0.00000000e+00 4.53988168e-02 1.37871192e-01
  1.08774097e-01 0.00000000e+00 2.97008514e-02 8.72680409e-03
  0.00000000e+00 0.00000000e+00 4.55867922e-01 6.44064135e+00
  4.34671490e+00 1.01410944e-01 2.17640593e+00]
 [0.00000000e+00 0.00000000e+00 7.67352368e-02 0.00000000e+00
  0.00000000e+00 0.00000000e+00 0.00000000e+00 0.00000000e+00
  0.00000000e+00 0.00000000e+00 0.00000000e+00 8.76081439e-01
  1.33724179e-01 5.03814733e-01 1.56227997e+00]
 [3.93656208e-02 1.96471648e-01 5.62840020e-03 1.32724003e-01
  2.10581497e-02 9.86265804e-02 1.56561178e-01 5.87984629e-02
  0.00000000e+00 0.00000000e+00 4.23765166e-01 1.11548623e+00
  1.34909644e+00 1.28383224e-01 9.88911863e-01]
 [0.00000000e+00 2.86194620e-01 3.58437078e-01 2.68305643e-01
  3.88928369e-02 1.25667893e-01 1.97090490e-01 9.65918896e-03
  1.37641355e-01 0.00000000e+00 1.76049946e-01 0.00000000e+00
  0.00000000e+00 1.00239006e-01 0.00000000e+00]
 [9.65021412e-02 5.20836318e-01 9.28800462e-01 1.52766787e-01
  1.04634092e-01 4.51819004e-02 0.00000000e+00 4.67326056e-02
  0.00000000e+00 0.00000000e+00 1.38915716e-01 0.00000000e+00
  0.00000000e+00 0.00000000e+00 0.00000000e+00]
 [2.07981047e-01 3.10325076e-01 4.37012897e-01 3.24913739e-01
  1.83160334e-01 2.06825202e-01 3.07708001e-01 1.22793102e-03
  9.76512974e-02 2.26403042e-01 2.87524492e-01 3.25126464e-01
  8.20215445e-02 1.61191875e-01 0.00000000e+00]
 [0.00000000e+00 2.54691641e-02 4.98839036e-01 7.10263673e-02
  0.00000000e+00 4.14523455e-02 0.00000000e+00 0.00000000e+00
  0.00000000e+00 0.00000000e+00 6.19569310e-02 8.36237751e-02
  0.00000000e+00 0.00000000e+00 0.00000000e+00]
 [1.05391415e+00 2.58901366e-01 2.16860954e-01 3.56661778e-01
  3.76643920e-01 2.96300392e-01 1.98041756e-01 3.11768211e-01
  7.79839168e-01 6.22700208e-01 6.33429419e-01 8.12372070e-01
  1.15472472e+00 5.44893583e-01 1.12252470e+00]]

4
----------------------------------------------------------------------------------
[[0.00000000e+00 0.00000000e+00 0.00000000e+00 0.00000000e+00
  0.00000000e+00 0.00000000e+00 0.00000000e+00 8.13511306e-02
  1.03020464e-01 0.00000000e+00 0.00000000e+00 0.00000000e+00
  0.00000000e+00 0.00000000e+00 0.00000000e+00]
 [0.00000000e+00 0.00000000e+00 0.00000000e+00 0.00000000e+00
  0.00000000e+00 0.00000000e+00 0.00000000e+00 1.50152487e-01
  0.00000000e+00 0.00000000e+00 0.00000000e+00 2.05233568e-01
  0.00000000e+00 0.00000000e+00 0.00000000e+00]
 [1.49815756e-01 0.00000000e+00 0.00000000e+00 0.00000000e+00
  0.00000000e+00 7.88921079e-02 0.00000000e+00 2.37904095e-01
  0.00000000e+00 0.00000000e+00 0.00000000e+00 0.00000000e+00
  0.00000000e+00 0.00000000e+00 0.00000000e+00]
 [0.00000000e+00 0.00000000e+00 0.00000000e+00 0.00000000e+00
  0.00000000e+00 0.00000000e+00 0.00000000e+00 6.38656366e-02
  1.38996525e-01 0.00000000e+00 0.00000000e+00 0.00000000e+00
  0.00000000e+00 0.00000000e+00 0.00000000e+00]
 [3.05788335e-02 0.00000000e+00 0.00000000e+00 0.00000000e+00
  0.00000000e+00 0.00000000e+00 0.00000000e+00 8.59564653e-02
  3.10193466e-01 0.00000000e+00 0.00000000e+00 5.77211566e-02
  0.00000000e+00 0.00000000e+00 0.00000000e+00]
 [0.00000000e+00 0.00000000e+00 0.00000000e+00 0.00000000e+00
  1.49026920e-01 3.02452816e-01 0.00000000e+00 0.00000000e+00
  9.44842677e-02 0.00000000e+00 0.00000000e+00 0.00000000e+00
  0.00000000e+00 0.00000000e+00 0.00000000e+00]
 [0.00000000e+00 9.92976525e-02 0.00000000e+00 0.00000000e+00
  0.00000000e+00 0.00000000e+00 0.00000000e+00 0.00000000e+00
  7.41912538e-02 0.00000000e+00 0.00000000e+00 0.00000000e+00
  0.00000000e+00 0.00000000e+00 0.00000000e+00]
 [4.86590458e-01 0.00000000e+00 0.00000000e+00 0.00000000e+00
  0.00000000e+00 0.00000000e+00 0.00000000e+00 9.24354921e-02
  0.00000000e+00 0.00000000e+00 0.00000000e+00 0.00000000e+00
  0.00000000e+00 0.00000000e+00 0.00000000e+00]
 [9.71778742e-01 2.92182884e-01 4.42781837e-02 0.00000000e+00
  0.00000000e+00 0.00000000e+00 0.00000000e+00 0.00000000e+00
  0.00000000e+00 0.00000000e+00 0.00000000e+00 0.00000000e+00
  0.00000000e+00 0.00000000e+00 0.00000000e+00]
 [7.42972999e-01 0.00000000e+00 4.96068078e-01 3.16069982e-02
  1.35499641e+00 2.59941877e-01 0.00000000e+00 1.26957977e+00
  5.47648543e-01 0.00000000e+00 0.00000000e+00 5.77936606e-01
  0.00000000e+00 0.00000000e+00 0.00000000e+00]
 [1.61252098e+00 1.09913157e+00 3.82853586e-01 8.60227138e-02
  1.34487276e-01 0.00000000e+00 0.00000000e+00 0.00000000e+00
  0.00000000e+00 0.00000000e+00 0.00000000e+00 0.00000000e+00
  0.00000000e+00 0.00000000e+00 0.00000000e+00]
 [2.77867230e-01 0.00000000e+00 0.00000000e+00 0.00000000e+00
  0.00000000e+00 0.00000000e+00 0.00000000e+00 0.00000000e+00
  1.82006279e-02 0.00000000e+00 0.00000000e+00 0.00000000e+00
  0.00000000e+00 0.00000000e+00 0.00000000e+00]
 [1.49831769e-01 0.00000000e+00 0.00000000e+00 0.00000000e+00
  0.00000000e+00 0.00000000e+00 0.00000000e+00 0.00000000e+00
  0.00000000e+00 0.00000000e+00 0.00000000e+00 0.00000000e+00
  0.00000000e+00 0.00000000e+00 0.00000000e+00]
 [5.18775623e-02 2.07459997e-01 0.00000000e+00 0.00000000e+00
  9.49413728e-02 0.00000000e+00 0.00000000e+00 6.11592278e-02
  9.53565692e-02 0.00000000e+00 0.00000000e+00 1.44580127e-01
  4.41214726e-02 0.00000000e+00 0.00000000e+00]
 [2.58281702e-01 2.23061276e-02 1.62927195e-03 0.00000000e+00
  1.19386011e-02 0.00000000e+00 0.00000000e+00 6.59574195e-02
  1.00427965e-01 0.00000000e+00 0.00000000e+00 2.04630767e-01
  3.40411436e-02 4.18555629e-01 0.00000000e+00]
 [1.15774020e-01 0.00000000e+00 1.40364637e-01 2.48988341e-02
  0.00000000e+00 2.05174873e-01 0.00000000e+00 1.69583708e-01
  1.12501771e-01 0.00000000e+00 0.00000000e+00 8.87736427e-02
  5.63715228e-02 5.00135156e-01 1.04676799e-01]
 [0.00000000e+00 0.00000000e+00 0.00000000e+00 0.00000000e+00
  2.68017694e-03 0.00000000e+00 0.00000000e+00 1.60880169e-01
  1.26883644e-01 0.00000000e+00 0.00000000e+00 0.00000000e+00
  0.00000000e+00 0.00000000e+00 0.00000000e+00]
 [8.26395558e-01 8.47822627e-01 6.35097563e-01 7.02308175e-01
  8.32459497e-01 7.17815119e-01 8.22016870e-01 6.22472999e-01
  5.68062455e-01 9.84677270e-01 1.58072795e+00 1.32727211e+00
  1.69703867e+00 2.21849424e+00 2.90326425e+00]]

5
----------------------------------------------------------------------------------
[[0.00000000e+00 0.00000000e+00 0.00000000e+00 0.00000000e+00
  6.42007505e-01 7.61523225e-01 5.48299486e-01 1.60423239e+00
  7.36756777e-01 5.71295727e-01 6.14787693e-01 4.93942082e-01
  3.39223368e-01 2.93783783e-01 1.17248721e-01]
 [0.00000000e+00 0.00000000e+00 0.00000000e+00 3.20878262e-02
  9.40354054e-01 1.97295821e+00 2.40909440e+00 2.43807979e+00
  2.42666931e+00 1.43379851e+00 1.87161504e+00 9.04580071e-01
  1.46379569e-01 2.10985119e-01 2.76322504e-01]
 [0.00000000e+00 0.00000000e+00 0.00000000e+00 0.00000000e+00
  0.00000000e+00 0.00000000e+00 0.00000000e+00 0.00000000e+00
  4.94943271e-01 9.50596766e-01 1.12988240e+00 9.49877548e-01
  2.90735283e-01 2.15140778e-01 5.19758184e-01]
 [0.00000000e+00 0.00000000e+00 0.00000000e+00 0.00000000e+00
  7.54284345e-01 5.28762252e-01 5.73357323e-01 9.33802343e-01
  1.12218181e-01 1.97078878e-03 0.00000000e+00 0.00000000e+00
  4.87794359e-01 2.65512793e+00 1.50986309e+00]
 [0.00000000e+00 0.00000000e+00 0.00000000e+00 0.00000000e+00
  0.00000000e+00 0.00000000e+00 4.28513485e-01 1.20769896e+00
  3.69425480e-01 7.14031652e-01 4.00823041e-01 1.55868849e-01
  1.22178747e-01 8.90040445e-02 0.00000000e+00]
 [0.00000000e+00 0.00000000e+00 0.00000000e+00 0.00000000e+00
  0.00000000e+00 0.00000000e+00 0.00000000e+00 0.00000000e+00
  0.00000000e+00 0.00000000e+00 4.81916533e-01 9.04284923e-01
  5.22966792e-01 9.27347383e-01 1.07468892e-01]
 [0.00000000e+00 0.00000000e+00 0.00000000e+00 0.00000000e+00
  0.00000000e+00 0.00000000e+00 0.00000000e+00 1.43068787e-01
  0.00000000e+00 4.97243982e-01 6.56337392e-01 6.25979536e-01
  0.00000000e+00 2.24186198e-02 0.00000000e+00]
 [0.00000000e+00 0.00000000e+00 0.00000000e+00 1.42079553e+00
  1.80519739e+00 3.31724949e-01 1.82051650e-01 0.00000000e+00
  0.00000000e+00 2.37473617e+00 2.27807113e+00 1.49613610e+00
  1.75803930e+00 3.19946957e+00 2.94983494e-01]
 [0.00000000e+00 0.00000000e+00 0.00000000e+00 1.98546176e+00
  2.20767733e+00 2.90312352e-01 6.68506401e-01 1.89975322e-01
  0.00000000e+00 9.79899071e-02 1.35742370e+00 2.30748688e+00
  1.41140509e+00 5.10266289e-01 2.02453793e-01]
 [0.00000000e+00 0.00000000e+00 0.00000000e+00 0.00000000e+00
  0.00000000e+00 0.00000000e+00 0.00000000e+00 0.00000000e+00
  0.00000000e+00 0.00000000e+00 0.00000000e+00 1.18780597e+00
  7.35807217e-01 1.18532699e+00 4.68041467e-01]
 [0.00000000e+00 0.00000000e+00 0.00000000e+00 3.88070160e+00
  1.47972490e+00 0.00000000e+00 0.00000000e+00 0.00000000e+00
  0.00000000e+00 0.00000000e+00 0.00000000e+00 2.82845442e+00
  1.63708361e+00 4.72514665e-01 0.00000000e+00]
 [0.00000000e+00 0.00000000e+00 0.00000000e+00 3.98122662e-01
  1.40932730e+00 0.00000000e+00 3.89058036e-01 6.69260558e-02
  0.00000000e+00 1.41072724e-01 1.28341333e+00 1.87935524e+00
  1.06503422e+00 1.06939379e+00 6.99200921e-01]
 [0.00000000e+00 0.00000000e+00 0.00000000e+00 4.35927729e-01
  1.49758386e-01 0.00000000e+00 0.00000000e+00 0.00000000e+00
  0.00000000e+00 0.00000000e+00 0.00000000e+00 1.42021388e+00
  1.19229752e+00 1.43477036e-01 0.00000000e+00]
 [0.00000000e+00 0.00000000e+00 1.57474988e-01 0.00000000e+00
  0.00000000e+00 0.00000000e+00 0.00000000e+00 0.00000000e+00
  0.00000000e+00 0.00000000e+00 0.00000000e+00 7.95282648e-01
  1.15003431e+00 2.23813147e+00 8.08964612e-01]
 [8.03530039e-01 2.40828161e-01 1.12409895e+00 7.54202093e-01
  1.09502044e+00 0.00000000e+00 0.00000000e+00 0.00000000e+00
  0.00000000e+00 0.00000000e+00 2.89777350e-01 1.59402759e+00
  1.25871300e+00 4.07792313e+00 4.09706965e+00]
 [0.00000000e+00 0.00000000e+00 0.00000000e+00 0.00000000e+00
  0.00000000e+00 0.00000000e+00 0.00000000e+00 0.00000000e+00
  0.00000000e+00 0.00000000e+00 0.00000000e+00 1.69558467e+00
  1.45627874e+00 1.24303700e+00 1.65921367e+00]
 [0.00000000e+00 4.16344153e-02 4.05586488e-01 5.38694227e-01
  1.18194004e+00 2.20359798e-01 0.00000000e+00 0.00000000e+00
  0.00000000e+00 0.00000000e+00 1.46183134e-02 1.10718930e+00
  1.11221912e+00 1.39980329e+00 1.81833965e+00]
 [3.20623099e+00 3.36651150e+00 4.11191770e+00 4.89004669e+00
  5.90579176e+00 9.00043733e+00 9.48119980e+00 9.46212194e+00
  8.17277933e+00 6.31775584e+00 3.80238922e+00 9.42713177e-01
  1.95609184e-01 1.86395785e-01 7.66776301e-01]]

6
----------------------------------------------------------------------------------
[[3.85383165e-01 2.67218650e-01 0.00000000e+00 0.00000000e+00
  1.16202254e-01 0.00000000e+00 5.55770018e-01 5.81491613e-02
  9.20890605e-02 6.72720936e-01 0.00000000e+00 5.94591029e-01
  2.19084311e+00 3.08934774e+00 1.34716320e+00]
 [3.23193289e-01 0.00000000e+00 1.08235682e-01 0.00000000e+00
  0.00000000e+00 0.00000000e+00 2.33572171e-01 8.59033679e-02
  1.08796051e-01 2.75549879e-01 0.00000000e+00 4.35871175e+00
  6.79092910e+00 3.08986397e+00 5.40701961e-01]
 [7.10769289e-01 1.76484517e-01 3.19078682e-03 0.00000000e+00
  0.00000000e+00 6.37914464e-02 1.32265458e-01 0.00000000e+00
  0.00000000e+00 0.00000000e+00 0.00000000e+00 1.05644290e+00
  2.13225257e+00 1.52804929e+00 3.20818529e-01]
 [1.10185571e+00 1.64327618e+00 1.65683391e+00 1.79906601e+00
  1.08385402e+00 6.38077071e-02 1.45630725e+00 1.97153282e+00
  4.59179978e+00 6.53366003e-01 3.73034069e+00 1.08321073e+01
  9.82252408e-01 8.22471748e-01 0.00000000e+00]
 [2.86721676e-01 0.00000000e+00 2.51458969e-01 0.00000000e+00
  0.00000000e+00 1.45173694e-01 2.88626001e-01 3.54701657e-02
  0.00000000e+00 0.00000000e+00 0.00000000e+00 1.49718872e+00
  1.48535103e+00 7.42005169e-01 0.00000000e+00]
 [2.25938387e-01 4.60374017e-01 2.63655798e-01 0.00000000e+00
  0.00000000e+00 0.00000000e+00 5.63056119e-01 0.00000000e+00
  0.00000000e+00 4.70683290e-02 0.00000000e+00 1.15306872e+00
  1.73732371e+00 7.13950791e-01 0.00000000e+00]
 [2.30685008e-01 2.47286279e-02 2.80814407e-01 0.00000000e+00
  0.00000000e+00 0.00000000e+00 1.52242937e-01 0.00000000e+00
  0.00000000e+00 0.00000000e+00 0.00000000e+00 2.70996291e+00
  4.82549452e+00 3.42430005e-01 0.00000000e+00]
 [2.41231799e+00 1.25559012e+00 2.44197329e+00 1.29569311e+00
  1.09110054e+00 7.40308068e-01 2.29446030e+00 1.99764795e+00
  1.09591394e+00 1.20494934e+00 5.57468958e-01 5.35163937e+00
  6.38238589e-01 0.00000000e+00 0.00000000e+00]
 [2.10621830e+00 0.00000000e+00 2.66529075e-01 1.72884138e+00
  5.58159112e-01 1.00773780e+00 1.30068363e+00 7.06889872e-01
  2.85315536e-01 2.63099468e-01 5.60344632e-02 7.13404434e-01
  4.28552928e-01 0.00000000e+00 0.00000000e+00]
 [2.47724468e+00 6.93005712e-01 9.64937788e-01 0.00000000e+00
  5.92681346e-01 1.35816564e+00 3.04265116e-01 0.00000000e+00
  0.00000000e+00 6.05509907e-02 0.00000000e+00 2.51638085e-01
  0.00000000e+00 0.00000000e+00 0.00000000e+00]
 [4.34729331e+00 2.51264375e-01 4.99218138e-01 7.64692042e-01
  1.20084315e+00 3.13352518e+00 1.10211956e+00 3.52357844e-01
  3.39143429e-01 0.00000000e+00 0.00000000e+00 3.82873477e-01
  0.00000000e+00 0.00000000e+00 8.86282958e-01]
 [2.02131444e+00 0.00000000e+00 1.59670340e-01 3.96547896e-01
  2.00802911e-02 2.72496320e-01 8.07746329e-01 5.11204078e-01
  2.21447598e-01 8.07102498e-01 9.68527200e-01 7.78472324e-01
  4.19033970e-01 4.22043437e-02 0.00000000e+00]
 [5.96234225e-01 0.00000000e+00 0.00000000e+00 0.00000000e+00
  0.00000000e+00 0.00000000e+00 0.00000000e+00 0.00000000e+00
  0.00000000e+00 0.00000000e+00 0.00000000e+00 0.00000000e+00
  0.00000000e+00 0.00000000e+00 0.00000000e+00]
 [5.34402735e-01 1.24536521e-01 5.57494616e-01 0.00000000e+00
  0.00000000e+00 3.52991359e-02 2.06942709e-01 0.00000000e+00
  0.00000000e+00 0.00000000e+00 0.00000000e+00 2.71586652e-01
  3.78446745e-01 3.29711219e-01 3.84771486e-01]
 [1.18026160e+00 2.50195983e+00 4.21587549e+00 2.71893144e-01
  0.00000000e+00 0.00000000e+00 0.00000000e+00 0.00000000e+00
  0.00000000e+00 0.00000000e+00 0.00000000e+00 6.08312905e-01
  3.55306196e-01 7.13676087e-01 1.11246978e+00]
 [6.45931673e-01 6.15356438e-01 1.06591672e+00 0.00000000e+00
  0.00000000e+00 5.85211851e-02 7.32929655e-01 0.00000000e+00
  0.00000000e+00 0.00000000e+00 0.00000000e+00 0.00000000e+00
  4.82344208e-01 0.00000000e+00 0.00000000e+00]
 [6.27603551e-01 4.26605493e-02 6.93140321e-01 9.64305001e-02
  1.08279119e+00 0.00000000e+00 0.00000000e+00 1.30803942e+00
  1.22876593e+00 1.04882213e+00 8.53709026e-01 9.69212908e-01
  4.14451262e+00 1.47126438e+00 2.62444183e-01]
 [5.23278871e-01 1.01500999e+00 1.71283437e+00 2.52871401e+00
  2.41449247e+00 1.27374689e+00 6.21480104e-01 1.22832850e+00
  9.97989917e-01 1.43410108e+00 2.28489779e+00 1.92840181e+00
  2.63349543e+00 2.98613368e+00 3.04961162e+00]]

7
----------------------------------------------------------------------------------
[[0.00000000e+00 0.00000000e+00 0.00000000e+00 0.00000000e+00
  0.00000000e+00 0.00000000e+00 0.00000000e+00 0.00000000e+00
  0.00000000e+00 0.00000000e+00 0.00000000e+00 0.00000000e+00
  0.00000000e+00 0.00000000e+00 0.00000000e+00]
 [0.00000000e+00 0.00000000e+00 0.00000000e+00 0.00000000e+00
  0.00000000e+00 0.00000000e+00 0.00000000e+00 0.00000000e+00
  0.00000000e+00 0.00000000e+00 0.00000000e+00 0.00000000e+00
  0.00000000e+00 0.00000000e+00 0.00000000e+00]
 [0.00000000e+00 0.00000000e+00 0.00000000e+00 0.00000000e+00
  0.00000000e+00 0.00000000e+00 0.00000000e+00 0.00000000e+00
  0.00000000e+00 0.00000000e+00 0.00000000e+00 0.00000000e+00
  0.00000000e+00 0.00000000e+00 0.00000000e+00]
 [0.00000000e+00 0.00000000e+00 0.00000000e+00 0.00000000e+00
  0.00000000e+00 0.00000000e+00 0.00000000e+00 0.00000000e+00
  0.00000000e+00 0.00000000e+00 0.00000000e+00 0.00000000e+00
  0.00000000e+00 0.00000000e+00 0.00000000e+00]
 [0.00000000e+00 0.00000000e+00 0.00000000e+00 0.00000000e+00
  0.00000000e+00 0.00000000e+00 0.00000000e+00 0.00000000e+00
  0.00000000e+00 0.00000000e+00 0.00000000e+00 0.00000000e+00
  0.00000000e+00 0.00000000e+00 0.00000000e+00]
 [0.00000000e+00 0.00000000e+00 0.00000000e+00 0.00000000e+00
  0.00000000e+00 0.00000000e+00 0.00000000e+00 0.00000000e+00
  0.00000000e+00 0.00000000e+00 0.00000000e+00 0.00000000e+00
  0.00000000e+00 0.00000000e+00 0.00000000e+00]
 [0.00000000e+00 0.00000000e+00 0.00000000e+00 0.00000000e+00
  0.00000000e+00 0.00000000e+00 0.00000000e+00 0.00000000e+00
  0.00000000e+00 0.00000000e+00 0.00000000e+00 0.00000000e+00
  0.00000000e+00 0.00000000e+00 0.00000000e+00]
 [0.00000000e+00 0.00000000e+00 5.35033795e-02 8.61607814e+00
  0.00000000e+00 1.43658287e+00 9.30538775e-01 5.22577182e-01
  0.00000000e+00 0.00000000e+00 0.00000000e+00 0.00000000e+00
  0.00000000e+00 0.00000000e+00 0.00000000e+00]
 [0.00000000e+00 0.00000000e+00 0.00000000e+00 2.76509741e+00
  0.00000000e+00 1.74732805e+00 1.48885963e+00 3.71028725e-01
  0.00000000e+00 0.00000000e+00 0.00000000e+00 0.00000000e+00
  0.00000000e+00 0.00000000e+00 0.00000000e+00]
 [0.00000000e+00 0.00000000e+00 0.00000000e+00 3.35106319e+00
  0.00000000e+00 1.41245031e+00 8.99731409e-03 1.69320887e-01
  4.99685941e-01 0.00000000e+00 0.00000000e+00 0.00000000e+00
  0.00000000e+00 0.00000000e+00 0.00000000e+00]
 [0.00000000e+00 0.00000000e+00 0.00000000e+00 5.44664178e+00
  0.00000000e+00 1.63732126e+00 2.20441182e+00 1.43197273e+00
  4.31248181e-03 0.00000000e+00 0.00000000e+00 0.00000000e+00
  0.00000000e+00 0.00000000e+00 0.00000000e+00]
 [0.00000000e+00 0.00000000e+00 0.00000000e+00 1.69108981e+00
  0.00000000e+00 1.22788762e+00 5.21119259e-01 0.00000000e+00
  0.00000000e+00 0.00000000e+00 0.00000000e+00 0.00000000e+00
  0.00000000e+00 0.00000000e+00 0.00000000e+00]
 [0.00000000e+00 0.00000000e+00 0.00000000e+00 7.67203607e-01
  0.00000000e+00 3.60891491e-01 2.26890192e-01 5.82852259e-02
  0.00000000e+00 5.99771401e-02 0.00000000e+00 0.00000000e+00
  0.00000000e+00 0.00000000e+00 0.00000000e+00]
 [9.03568216e-01 0.00000000e+00 0.00000000e+00 0.00000000e+00
  0.00000000e+00 0.00000000e+00 0.00000000e+00 0.00000000e+00
  1.25218472e-01 5.19745756e-01 2.84977044e-01 1.46166068e-01
  1.78440958e-01 0.00000000e+00 0.00000000e+00]
 [1.31826255e+00 0.00000000e+00 0.00000000e+00 0.00000000e+00
  0.00000000e+00 0.00000000e+00 0.00000000e+00 3.41417815e-02
  3.62508863e-01 1.27636143e+00 8.30473820e-01 1.39702707e-01
  2.04673558e-02 0.00000000e+00 0.00000000e+00]
 [0.00000000e+00 0.00000000e+00 0.00000000e+00 0.00000000e+00
  0.00000000e+00 0.00000000e+00 3.76050773e-01 2.79497241e-01
  8.45460991e-01 1.82673019e+00 7.26782821e-01 4.04838533e-01
  3.41114286e-03 0.00000000e+00 0.00000000e+00]
 [1.01581212e+00 1.21814290e-01 0.00000000e+00 0.00000000e+00
  0.00000000e+00 0.00000000e+00 0.00000000e+00 0.00000000e+00
  0.00000000e+00 0.00000000e+00 4.36958606e-02 0.00000000e+00
  4.54467075e-03 7.07278027e-02 0.00000000e+00]
 [4.33514442e+00 3.97212480e+00 3.62294138e+00 2.36777792e+00
  2.27642575e+00 1.67289408e+00 1.35155230e+00 1.01807276e+00
  1.12439926e+00 1.42491183e+00 2.61861611e+00 2.96324595e+00
  2.71718716e+00 1.87164911e+00 1.49536048e+00]]

8
----------------------------------------------------------------------------------
[[0.00000000e+00 0.00000000e+00 0.00000000e+00 0.00000000e+00
  0.00000000e+00 0.00000000e+00 0.00000000e+00 0.00000000e+00
  0.00000000e+00 0.00000000e+00 0.00000000e+00 0.00000000e+00
  0.00000000e+00 5.37329468e-01 2.68990089e-02]
 [0.00000000e+00 0.00000000e+00 0.00000000e+00 0.00000000e+00
  0.00000000e+00 0.00000000e+00 0.00000000e+00 0.00000000e+00
  0.00000000e+00 0.00000000e+00 0.00000000e+00 0.00000000e+00
  0.00000000e+00 0.00000000e+00 0.00000000e+00]
 [0.00000000e+00 0.00000000e+00 0.00000000e+00 0.00000000e+00
  3.65813054e-02 0.00000000e+00 0.00000000e+00 0.00000000e+00
  0.00000000e+00 0.00000000e+00 0.00000000e+00 0.00000000e+00
  0.00000000e+00 0.00000000e+00 0.00000000e+00]
 [0.00000000e+00 0.00000000e+00 0.00000000e+00 0.00000000e+00
  0.00000000e+00 0.00000000e+00 0.00000000e+00 0.00000000e+00
  0.00000000e+00 0.00000000e+00 0.00000000e+00 0.00000000e+00
  0.00000000e+00 0.00000000e+00 0.00000000e+00]
 [0.00000000e+00 0.00000000e+00 0.00000000e+00 0.00000000e+00
  0.00000000e+00 0.00000000e+00 0.00000000e+00 0.00000000e+00
  0.00000000e+00 0.00000000e+00 0.00000000e+00 0.00000000e+00
  0.00000000e+00 1.29449050e-01 0.00000000e+00]
 [0.00000000e+00 0.00000000e+00 0.00000000e+00 0.00000000e+00
  0.00000000e+00 0.00000000e+00 3.69347106e-02 0.00000000e+00
  0.00000000e+00 0.00000000e+00 0.00000000e+00 0.00000000e+00
  0.00000000e+00 0.00000000e+00 0.00000000e+00]
 [0.00000000e+00 0.00000000e+00 0.00000000e+00 0.00000000e+00
  0.00000000e+00 0.00000000e+00 0.00000000e+00 0.00000000e+00
  0.00000000e+00 0.00000000e+00 0.00000000e+00 0.00000000e+00
  0.00000000e+00 4.07457023e-03 0.00000000e+00]
 [0.00000000e+00 0.00000000e+00 0.00000000e+00 0.00000000e+00
  2.91937831e+00 7.54784726e-01 2.74643133e-01 0.00000000e+00
  0.00000000e+00 0.00000000e+00 0.00000000e+00 0.00000000e+00
  0.00000000e+00 0.00000000e+00 0.00000000e+00]
 [0.00000000e+00 0.00000000e+00 0.00000000e+00 0.00000000e+00
  2.79148306e+00 1.77601559e+00 1.66356825e-01 0.00000000e+00
  0.00000000e+00 0.00000000e+00 0.00000000e+00 0.00000000e+00
  0.00000000e+00 0.00000000e+00 0.00000000e+00]
 [0.00000000e+00 0.00000000e+00 0.00000000e+00 2.01935498e-01
  2.47358722e+00 0.00000000e+00 2.30854526e-01 0.00000000e+00
  0.00000000e+00 0.00000000e+00 0.00000000e+00 0.00000000e+00
  0.00000000e+00 0.00000000e+00 0.00000000e+00]
 [0.00000000e+00 0.00000000e+00 0.00000000e+00 3.84625577e-01
  6.49928257e+00 4.24046175e+00 7.02803266e-02 3.73528999e+00
  0.00000000e+00 0.00000000e+00 0.00000000e+00 0.00000000e+00
  0.00000000e+00 0.00000000e+00 0.00000000e+00]
 [0.00000000e+00 0.00000000e+00 0.00000000e+00 0.00000000e+00
  1.18326086e+00 8.07265994e-01 5.23355829e-02 0.00000000e+00
  0.00000000e+00 0.00000000e+00 0.00000000e+00 0.00000000e+00
  0.00000000e+00 0.00000000e+00 0.00000000e+00]
 [0.00000000e+00 0.00000000e+00 0.00000000e+00 1.52944588e-02
  2.32582179e+00 2.39662271e+00 0.00000000e+00 8.56543609e-01
  0.00000000e+00 0.00000000e+00 0.00000000e+00 0.00000000e+00
  0.00000000e+00 0.00000000e+00 0.00000000e+00]
 [0.00000000e+00 0.00000000e+00 3.52374721e-02 2.39106481e-01
  4.13361457e-01 0.00000000e+00 0.00000000e+00 0.00000000e+00
  0.00000000e+00 0.00000000e+00 0.00000000e+00 0.00000000e+00
  0.00000000e+00 0.00000000e+00 0.00000000e+00]
 [0.00000000e+00 0.00000000e+00 9.41994239e-02 3.83837898e-01
  7.54292710e-01 0.00000000e+00 0.00000000e+00 0.00000000e+00
  0.00000000e+00 0.00000000e+00 0.00000000e+00 0.00000000e+00
  0.00000000e+00 3.30710933e-01 0.00000000e+00]
 [0.00000000e+00 0.00000000e+00 6.02985101e-01 8.68609449e-01
  2.07939128e+00 0.00000000e+00 8.89328775e-02 0.00000000e+00
  0.00000000e+00 0.00000000e+00 0.00000000e+00 0.00000000e+00
  0.00000000e+00 0.00000000e+00 0.00000000e+00]
 [0.00000000e+00 0.00000000e+00 0.00000000e+00 0.00000000e+00
  1.89913918e-01 0.00000000e+00 0.00000000e+00 0.00000000e+00
  0.00000000e+00 0.00000000e+00 0.00000000e+00 0.00000000e+00
  0.00000000e+00 0.00000000e+00 0.00000000e+00]
 [1.85248709e+00 2.23760274e+00 1.65724752e+00 1.08711052e+00
  6.07244902e-01 1.53789692e+00 1.41400288e+00 1.68483439e+00
  1.56216156e+00 2.03642298e+00 2.59096606e+00 3.42043759e+00
  3.51949172e+00 2.79955828e+00 3.00370958e+00]]

9
----------------------------------------------------------------------------------
[[0.         0.         0.         0.         0.         0.
  0.         0.09776635 0.2748842  0.36756813 0.17151275 0.03750433
  0.10202584 0.         0.03622998]
 [0.         0.         0.         0.         0.08952619 0.
  0.         0.18650746 0.14744229 0.14843146 0.1687278  0.
  0.29457311 0.         0.10784498]
 [0.         0.         0.         0.         0.14394715 0.14054379
  0.         0.20071918 0.51269463 0.53962711 0.09862599 0.11747032
  0.11506517 0.03188904 0.23624716]
 [0.         0.         0.         0.         0.         0.
  0.         0.146394   0.29669556 0.17475407 0.03191826 0.
  0.09183809 0.         0.        ]
 [0.         0.         0.         0.         0.         0.
  0.         0.13008154 0.23461841 0.12817716 0.         0.
  0.18015782 0.         0.22496215]
 [0.         0.         0.         0.         0.         0.07647361
  0.         0.26176641 0.16101176 0.14704352 0.21272767 0.
  0.09902105 0.         0.05946537]
 [0.         0.         0.         0.         0.         0.
  0.         0.18175767 0.16167819 0.08892744 0.05597104 0.
  0.12907448 0.         0.02074487]
 [0.         0.         0.         0.         0.         0.
  0.         0.02657125 0.3974191  0.11512975 0.         0.0693795
  0.         0.         4.02199297]
 [0.         0.         0.         0.         0.         0.
  0.         0.         0.20403748 0.0944898  0.         0.
  0.0143095  0.         2.88999642]
 [0.         0.         0.         0.31502007 0.92772659 1.14540907
  0.59983695 0.         0.79589977 0.75951847 0.202406   0.21206829
  0.89472498 0.19747034 0.84356439]
 [0.         0.         0.         0.         0.         0.
  0.         0.12648679 0.07027324 0.         0.         0.
  0.07243669 0.         5.12059475]
 [0.         0.         0.         0.         0.         0.
  0.         0.         0.18600938 0.09248787 0.         0.
  0.09346847 0.         1.2506164 ]
 [0.         0.         0.         0.         0.         0.
  0.         0.15102204 0.0057126  0.17300702 0.         0.
  0.32187975 0.         2.70090548]
 [0.         0.         0.         0.11591626 0.37662591 0.38392479
  0.8551878  0.23740752 0.07648781 0.         0.         0.
  0.54271293 0.         0.48206876]
 [0.         0.         0.         0.         0.47218791 1.21045744
  1.87318254 0.58838787 0.14939662 0.         0.02952493 0.33945966
  1.24986697 0.03159452 0.29436105]
 [0.         0.         0.15378253 0.89839273 0.46780672 0.33918721
  0.35248745 0.05329079 0.40392489 0.         0.         0.30158206
  0.61651388 0.40198998 0.77871522]
 [0.         0.04950529 0.         0.         0.43082608 0.95228334
  0.55560847 0.19437424 0.14905225 0.         0.         0.
  0.49281075 0.10480972 0.39519482]
 [1.84774938 1.54472241 1.64222175 1.03923059 0.34492    0.55835261
  1.13390845 0.85800538 0.53738461 1.03681813 1.55165838 1.35472319
  1.20319621 1.31767032 0.61219422]]

10
----------------------------------------------------------------------------------
[[1.02814991e-01 0.00000000e+00 2.87853060e-01 0.00000000e+00
  0.00000000e+00 0.00000000e+00 0.00000000e+00 0.00000000e+00
  0.00000000e+00 0.00000000e+00 0.00000000e+00 0.00000000e+00
  0.00000000e+00 0.00000000e+00 0.00000000e+00]
 [2.84266730e-02 0.00000000e+00 2.31719159e-01 0.00000000e+00
  0.00000000e+00 0.00000000e+00 0.00000000e+00 0.00000000e+00
  0.00000000e+00 0.00000000e+00 0.00000000e+00 0.00000000e+00
  0.00000000e+00 0.00000000e+00 0.00000000e+00]
 [4.26583643e-01 8.67048609e-03 1.10858917e-01 0.00000000e+00
  0.00000000e+00 0.00000000e+00 0.00000000e+00 0.00000000e+00
  0.00000000e+00 0.00000000e+00 0.00000000e+00 0.00000000e+00
  0.00000000e+00 0.00000000e+00 0.00000000e+00]
 [0.00000000e+00 0.00000000e+00 2.88331176e-01 0.00000000e+00
  0.00000000e+00 0.00000000e+00 0.00000000e+00 0.00000000e+00
  0.00000000e+00 0.00000000e+00 0.00000000e+00 0.00000000e+00
  0.00000000e+00 0.00000000e+00 0.00000000e+00]
 [0.00000000e+00 0.00000000e+00 1.79726978e-01 0.00000000e+00
  0.00000000e+00 0.00000000e+00 0.00000000e+00 0.00000000e+00
  0.00000000e+00 0.00000000e+00 0.00000000e+00 0.00000000e+00
  0.00000000e+00 0.00000000e+00 0.00000000e+00]
 [3.79655218e-01 5.42423320e-01 2.22769571e-01 5.46332813e-02
  6.74540641e-03 0.00000000e+00 0.00000000e+00 0.00000000e+00
  0.00000000e+00 0.00000000e+00 0.00000000e+00 0.00000000e+00
  0.00000000e+00 0.00000000e+00 0.00000000e+00]
 [0.00000000e+00 0.00000000e+00 1.32303866e-01 0.00000000e+00
  0.00000000e+00 0.00000000e+00 0.00000000e+00 0.00000000e+00
  0.00000000e+00 0.00000000e+00 0.00000000e+00 0.00000000e+00
  0.00000000e+00 0.00000000e+00 0.00000000e+00]
 [1.37798859e+00 1.32490324e+00 8.73731669e-01 1.18085856e-01
  0.00000000e+00 0.00000000e+00 0.00000000e+00 0.00000000e+00
  0.00000000e+00 0.00000000e+00 0.00000000e+00 0.00000000e+00
  0.00000000e+00 0.00000000e+00 0.00000000e+00]
 [1.28662727e+00 2.41529672e+00 1.30163689e+00 2.19480005e-01
  0.00000000e+00 0.00000000e+00 0.00000000e+00 0.00000000e+00
  0.00000000e+00 0.00000000e+00 0.00000000e+00 0.00000000e+00
  0.00000000e+00 0.00000000e+00 0.00000000e+00]
 [1.26192159e+00 9.24998232e-01 2.84941608e-01 4.52609124e-01
  6.87622702e-01 0.00000000e+00 0.00000000e+00 0.00000000e+00
  0.00000000e+00 0.00000000e+00 0.00000000e+00 0.00000000e+00
  0.00000000e+00 0.00000000e+00 6.22117380e-01]
 [1.19815322e-01 2.09511073e+00 2.24681502e+00 8.80182109e-01
  0.00000000e+00 0.00000000e+00 0.00000000e+00 0.00000000e+00
  0.00000000e+00 0.00000000e+00 0.00000000e+00 3.83127942e-01
  2.71659777e-01 0.00000000e+00 0.00000000e+00]
 [9.79325447e-01 1.38299948e+00 6.60067195e-01 2.52737947e-01
  0.00000000e+00 0.00000000e+00 0.00000000e+00 0.00000000e+00
  0.00000000e+00 0.00000000e+00 0.00000000e+00 0.00000000e+00
  0.00000000e+00 0.00000000e+00 0.00000000e+00]
 [9.97747068e-02 1.58354060e+00 1.74856971e+00 6.05568208e-01
  0.00000000e+00 0.00000000e+00 0.00000000e+00 0.00000000e+00
  0.00000000e+00 0.00000000e+00 0.00000000e+00 0.00000000e+00
  3.54655551e-01 0.00000000e+00 6.80353735e-02]
 [1.60070982e+00 3.02233310e-01 4.49026286e-01 4.08940196e-01
  5.41997107e-01 0.00000000e+00 0.00000000e+00 4.92166854e-01
  4.92585665e-01 0.00000000e+00 0.00000000e+00 0.00000000e+00
  0.00000000e+00 1.09621595e+00 0.00000000e+00]
 [1.77697243e+00 6.48356409e-01 1.08324280e+00 9.77056208e-01
  8.45254378e-01 0.00000000e+00 0.00000000e+00 6.91288338e-01
  4.03887329e-01 0.00000000e+00 0.00000000e+00 0.00000000e+00
  0.00000000e+00 1.56071562e+00 2.19118974e-02]
 [4.34694515e+00 1.22740980e+00 5.53592833e-01 7.96053770e-01
  1.04599494e+00 0.00000000e+00 0.00000000e+00 3.56383350e-01
  2.53122020e-01 0.00000000e+00 0.00000000e+00 0.00000000e+00
  0.00000000e+00 0.00000000e+00 1.80455417e-01]
 [1.01715336e+00 2.54151151e-02 3.62005406e-01 1.22062460e-01
  2.46356296e-01 0.00000000e+00 0.00000000e+00 0.00000000e+00
  0.00000000e+00 0.00000000e+00 0.00000000e+00 0.00000000e+00
  0.00000000e+00 0.00000000e+00 0.00000000e+00]
 [2.62429186e-01 4.58402250e-01 3.66476320e-01 4.07549118e-01
  7.98460842e-01 1.48408902e+00 2.65055564e+00 3.70104701e+00
  4.65360091e+00 5.80012794e+00 7.18670334e+00 7.96860875e+00
  7.10870546e+00 4.72301155e+00 2.56691503e+00]]

11
----------------------------------------------------------------------------------
[[0.00000000e+00 0.00000000e+00 0.00000000e+00 0.00000000e+00
  0.00000000e+00 0.00000000e+00 0.00000000e+00 0.00000000e+00
  0.00000000e+00 0.00000000e+00 0.00000000e+00 0.00000000e+00
  0.00000000e+00 0.00000000e+00 0.00000000e+00]
 [0.00000000e+00 0.00000000e+00 0.00000000e+00 0.00000000e+00
  0.00000000e+00 0.00000000e+00 0.00000000e+00 0.00000000e+00
  0.00000000e+00 0.00000000e+00 0.00000000e+00 0.00000000e+00
  0.00000000e+00 0.00000000e+00 0.00000000e+00]
 [0.00000000e+00 0.00000000e+00 0.00000000e+00 0.00000000e+00
  0.00000000e+00 0.00000000e+00 0.00000000e+00 0.00000000e+00
  0.00000000e+00 0.00000000e+00 0.00000000e+00 0.00000000e+00
  2.46088724e-01 0.00000000e+00 0.00000000e+00]
 [0.00000000e+00 0.00000000e+00 0.00000000e+00 0.00000000e+00
  0.00000000e+00 0.00000000e+00 0.00000000e+00 0.00000000e+00
  0.00000000e+00 0.00000000e+00 0.00000000e+00 0.00000000e+00
  0.00000000e+00 0.00000000e+00 0.00000000e+00]
 [0.00000000e+00 0.00000000e+00 0.00000000e+00 0.00000000e+00
  0.00000000e+00 0.00000000e+00 0.00000000e+00 0.00000000e+00
  0.00000000e+00 0.00000000e+00 0.00000000e+00 0.00000000e+00
  0.00000000e+00 0.00000000e+00 0.00000000e+00]
 [6.84978906e-03 0.00000000e+00 0.00000000e+00 0.00000000e+00
  2.22307449e-01 2.03830562e-01 9.94966796e-02 0.00000000e+00
  0.00000000e+00 0.00000000e+00 1.28069514e-01 8.31430863e-02
  1.26959227e-01 4.41913512e-02 0.00000000e+00]
 [5.18468911e-02 0.00000000e+00 0.00000000e+00 0.00000000e+00
  0.00000000e+00 0.00000000e+00 0.00000000e+00 0.00000000e+00
  0.00000000e+00 0.00000000e+00 0.00000000e+00 0.00000000e+00
  0.00000000e+00 0.00000000e+00 0.00000000e+00]
 [0.00000000e+00 0.00000000e+00 0.00000000e+00 0.00000000e+00
  0.00000000e+00 0.00000000e+00 0.00000000e+00 0.00000000e+00
  0.00000000e+00 0.00000000e+00 0.00000000e+00 0.00000000e+00
  0.00000000e+00 0.00000000e+00 0.00000000e+00]
 [0.00000000e+00 0.00000000e+00 0.00000000e+00 0.00000000e+00
  0.00000000e+00 0.00000000e+00 0.00000000e+00 0.00000000e+00
  0.00000000e+00 0.00000000e+00 0.00000000e+00 0.00000000e+00
  0.00000000e+00 0.00000000e+00 0.00000000e+00]
 [0.00000000e+00 0.00000000e+00 0.00000000e+00 0.00000000e+00
  4.94269128e-01 5.71615932e-02 4.05419494e-01 0.00000000e+00
  1.30651329e+00 0.00000000e+00 1.35082716e+00 0.00000000e+00
  3.04095218e-01 1.36962260e+00 0.00000000e+00]
 [3.60615003e-01 0.00000000e+00 2.18990286e-03 0.00000000e+00
  0.00000000e+00 0.00000000e+00 0.00000000e+00 0.00000000e+00
  0.00000000e+00 0.00000000e+00 0.00000000e+00 0.00000000e+00
  0.00000000e+00 0.00000000e+00 0.00000000e+00]
 [0.00000000e+00 0.00000000e+00 0.00000000e+00 0.00000000e+00
  0.00000000e+00 0.00000000e+00 0.00000000e+00 0.00000000e+00
  0.00000000e+00 0.00000000e+00 0.00000000e+00 0.00000000e+00
  0.00000000e+00 0.00000000e+00 0.00000000e+00]
 [0.00000000e+00 0.00000000e+00 0.00000000e+00 0.00000000e+00
  1.57974446e-01 0.00000000e+00 0.00000000e+00 0.00000000e+00
  0.00000000e+00 0.00000000e+00 0.00000000e+00 0.00000000e+00
  1.91779594e-01 0.00000000e+00 0.00000000e+00]
 [1.40532906e+00 1.22425272e+00 0.00000000e+00 0.00000000e+00
  0.00000000e+00 2.63367112e-01 4.80555437e-01 4.63811427e-01
  1.54020003e-01 5.75062995e-01 2.23548377e-01 4.13548852e-01
  4.06930728e-01 2.13090112e-01 1.39304943e-01]
 [2.71585513e+00 5.94588232e-01 3.10226630e+00 1.50742944e-01
  0.00000000e+00 3.01260105e+00 2.18534540e+00 8.52009352e-01
  0.00000000e+00 5.67899607e-01 2.12474219e-02 6.32589300e-01
  5.14777759e-01 2.55318095e-01 0.00000000e+00]
 [1.59496095e+00 8.51035461e-01 5.42565759e-01 3.01860949e-01
  0.00000000e+00 4.65221374e-01 1.34109129e+00 6.74825272e-01
  4.49289316e-02 0.00000000e+00 0.00000000e+00 4.60894476e-01
  1.68106743e+00 4.91758253e-01 0.00000000e+00]
 [0.00000000e+00 0.00000000e+00 0.00000000e+00 0.00000000e+00
  0.00000000e+00 6.90608322e-01 3.42466985e-01 2.09401626e-01
  0.00000000e+00 4.47166051e-02 9.42316447e-01 1.17140412e+00
  7.05186571e-01 1.90432584e-01 0.00000000e+00]
 [1.90567076e+00 2.70528025e+00 2.61702827e+00 2.56492201e+00
  1.63234767e+00 9.58825790e-01 1.13915566e+00 1.05555277e+00
  1.14493999e+00 1.14578990e+00 1.26657595e+00 1.00243801e+00
  5.72710610e-01 5.41269473e-01 9.49252566e-01]]

12
----------------------------------------------------------------------------------
[[1.83690643e-01 8.55076964e-01 8.82454316e-01 0.00000000e+00
  0.00000000e+00 0.00000000e+00 0.00000000e+00 0.00000000e+00
  0.00000000e+00 0.00000000e+00 0.00000000e+00 0.00000000e+00
  0.00000000e+00 0.00000000e+00 0.00000000e+00]
 [0.00000000e+00 7.31336788e-01 8.78543715e-01 9.59018782e-02
  0.00000000e+00 0.00000000e+00 4.28839009e-02 0.00000000e+00
  0.00000000e+00 0.00000000e+00 0.00000000e+00 0.00000000e+00
  0.00000000e+00 0.00000000e+00 0.00000000e+00]
 [1.11548886e-01 9.19791706e-01 9.58845397e-01 2.92658776e-01
  2.54422337e-01 0.00000000e+00 3.44129408e-01 0.00000000e+00
  0.00000000e+00 7.39701614e-01 0.00000000e+00 2.04052526e-02
  0.00000000e+00 0.00000000e+00 0.00000000e+00]
 [8.05336897e-02 8.25573801e-01 6.85952397e-01 0.00000000e+00
  0.00000000e+00 0.00000000e+00 0.00000000e+00 0.00000000e+00
  1.64914050e-01 0.00000000e+00 0.00000000e+00 0.00000000e+00
  0.00000000e+00 0.00000000e+00 0.00000000e+00]
 [0.00000000e+00 5.07017943e-01 5.54892131e-01 0.00000000e+00
  0.00000000e+00 0.00000000e+00 4.90391610e-02 0.00000000e+00
  0.00000000e+00 0.00000000e+00 0.00000000e+00 0.00000000e+00
  0.00000000e+00 0.00000000e+00 0.00000000e+00]
 [2.63833866e-01 5.75795495e-01 1.03178917e+00 4.19752410e-01
  4.16688549e-01 2.69782969e-01 2.96787865e-01 0.00000000e+00
  6.43892898e-02 2.03021577e-02 0.00000000e+00 2.56932924e-01
  0.00000000e+00 0.00000000e+00 0.00000000e+00]
 [0.00000000e+00 3.93969024e-01 6.97514729e-01 0.00000000e+00
  0.00000000e+00 5.02325214e-01 1.77909309e-01 0.00000000e+00
  2.84388448e-02 1.44855607e-01 0.00000000e+00 0.00000000e+00
  0.00000000e+00 0.00000000e+00 0.00000000e+00]
 [6.02351521e-02 7.13356300e-01 6.60747794e-01 0.00000000e+00
  0.00000000e+00 1.62153868e+00 1.44067231e+00 4.89517415e-02
  7.64482768e-01 3.99731697e-01 0.00000000e+00 0.00000000e+00
  0.00000000e+00 0.00000000e+00 0.00000000e+00]
 [1.75346920e-02 5.10740164e-01 5.32191581e-01 0.00000000e+00
  0.00000000e+00 1.91179377e+00 2.04707372e+00 4.19743594e-01
  1.81269716e+00 1.06464076e+00 0.00000000e+00 0.00000000e+00
  0.00000000e+00 0.00000000e+00 0.00000000e+00]
 [0.00000000e+00 9.21524239e-01 2.14894682e+00 5.52643135e-01
  2.52451607e-01 3.98348742e-01 1.73413977e+00 0.00000000e+00
  0.00000000e+00 1.32008516e+00 0.00000000e+00 0.00000000e+00
  0.00000000e+00 0.00000000e+00 0.00000000e+00]
 [0.00000000e+00 4.44173402e-01 5.19867216e-01 1.85873635e-01
  0.00000000e+00 2.82770000e+00 6.76929687e+00 5.53647059e-01
  5.38126710e+00 2.96112388e+00 3.77483996e-01 3.03076790e-01
  0.00000000e+00 0.00000000e+00 0.00000000e+00]
 [6.39041565e-02 3.55138794e-01 4.85224090e-01 0.00000000e+00
  0.00000000e+00 0.00000000e+00 0.00000000e+00 0.00000000e+00
  1.08572302e-01 1.48261040e-01 0.00000000e+00 0.00000000e+00
  0.00000000e+00 0.00000000e+00 0.00000000e+00]
 [0.00000000e+00 3.35763561e-01 7.77254485e-01 1.42346973e-01
  4.55955939e-01 3.27533189e-01 1.80565460e+00 0.00000000e+00
  9.37046622e-01 3.75430696e-01 0.00000000e+00 0.00000000e+00
  0.00000000e+00 0.00000000e+00 0.00000000e+00]
 [3.48019399e-01 2.62603505e-01 2.31879721e-01 0.00000000e+00
  5.26701906e-03 0.00000000e+00 0.00000000e+00 0.00000000e+00
  1.20823610e-01 5.54657428e-01 4.60254187e-01 9.23293487e-02
  0.00000000e+00 4.78180727e-01 3.96612163e-01]
 [4.47414081e-01 3.83972257e-01 3.76828866e-01 9.23433961e-02
  0.00000000e+00 0.00000000e+00 0.00000000e+00 3.74575668e-01
  1.21102582e+00 2.19355173e+00 2.76272302e-01 1.54533684e-01
  0.00000000e+00 2.54692819e-01 0.00000000e+00]
 [1.32639123e-01 4.15661452e-01 4.64822575e-01 0.00000000e+00
  0.00000000e+00 1.79778761e-01 7.87873921e-02 0.00000000e+00
  6.04468868e-01 5.47257273e-01 6.00833560e-01 5.14664990e-01
  0.00000000e+00 0.00000000e+00 0.00000000e+00]
 [2.59586410e-01 2.84956080e-01 5.04649710e-01 0.00000000e+00
  0.00000000e+00 0.00000000e+00 0.00000000e+00 0.00000000e+00
  2.00823050e-01 5.78581464e-01 1.65305104e-02 0.00000000e+00
  0.00000000e+00 7.61148055e-02 5.28800717e-02]
 [7.00340932e-01 2.04958061e-01 1.13766990e-01 7.25157966e-01
  8.14434046e-01 1.08982688e+00 1.10787622e+00 1.33007652e+00
  1.05039149e+00 1.09856679e+00 2.03709112e+00 1.68297901e+00
  1.85105275e+00 1.74546035e+00 2.64983493e+00]]

13
----------------------------------------------------------------------------------
[[ 0.          0.          0.          0.          0.          0.
   0.          0.          0.          0.          0.          0.
   0.          0.          0.        ]
 [ 0.          0.          0.          0.          0.          0.
   0.          0.          0.          0.          0.          0.
   0.          0.          0.        ]
 [ 0.          0.          0.          0.          0.          0.
   0.          0.          0.          0.          0.          0.
   0.          0.          0.        ]
 [ 0.          0.          0.          0.          0.          0.
   0.          0.          0.          0.          0.          0.
   0.          0.          0.        ]
 [ 0.          0.          0.          0.          0.          0.
   0.          0.          0.          0.          0.          0.
   0.          0.          0.        ]
 [ 0.          0.          0.          0.          0.          0.
   0.          0.          0.          0.          0.          0.
   0.          0.          0.        ]
 [ 0.          0.          0.          0.          0.          0.
   0.          0.          0.          0.          0.          0.
   0.          0.          0.        ]
 [ 0.          0.          0.          0.          0.          0.
   0.          0.          0.          0.          0.          0.
   0.          0.          0.        ]
 [ 0.          0.          0.          0.          0.          0.
   0.          0.          0.          0.          0.          0.
   0.          0.          0.        ]
 [ 0.          0.          0.          0.          0.12689775  0.
   0.          0.          0.          0.          0.          0.
   0.          0.          0.        ]
 [ 0.          0.          0.          0.          0.          0.
   0.          0.          0.          0.          0.          0.7820665
   3.92512988  0.          0.        ]
 [ 0.          0.          0.          0.          0.          0.
   0.          0.          0.          0.          0.          0.
   0.          0.          0.        ]
 [ 0.          0.          0.          0.          0.          0.
   0.          0.          0.          0.          0.          0.
   0.69182856  0.          0.        ]
 [ 2.96945249  2.98306745  0.          0.          0.          0.91094104
   6.312027    0.1016588   0.          0.          0.          0.
   0.          0.          0.        ]
 [ 4.28440914  4.2532635   1.23560758  0.          0.20151624  2.36291717
  10.52103322  0.80486823  0.          0.          0.          0.
   0.          0.12918784  0.04559051]
 [ 0.85967691  0.05032618  0.          0.          0.          0.
   0.60976398  0.          0.          0.          0.          0.25092603
   0.          0.59509814  0.50535262]
 [ 0.05990669  0.          0.          0.          0.          0.04397556
   0.17755042  0.          0.          0.          0.          0.
   0.          0.          0.        ]
 [ 2.49855517  2.40082776  2.72054274  3.31291685  3.5351957   3.56581946
   3.91427389  4.05304539  4.46103172  3.76597285  2.99911491  3.25485694
   5.56976852  4.88736934  4.1125275 ]]

14
----------------------------------------------------------------------------------
[[0.00000000e+00 0.00000000e+00 1.33150651e-01 0.00000000e+00
  0.00000000e+00 0.00000000e+00 0.00000000e+00 0.00000000e+00
  0.00000000e+00 0.00000000e+00 0.00000000e+00 0.00000000e+00
  0.00000000e+00 0.00000000e+00 0.00000000e+00]
 [0.00000000e+00 0.00000000e+00 6.32285765e-02 0.00000000e+00
  0.00000000e+00 0.00000000e+00 0.00000000e+00 0.00000000e+00
  0.00000000e+00 0.00000000e+00 0.00000000e+00 0.00000000e+00
  0.00000000e+00 0.00000000e+00 0.00000000e+00]
 [0.00000000e+00 4.22000298e-01 0.00000000e+00 4.85657405e-04
  3.07750959e-01 1.46445770e-01 3.07213758e-01 1.64699131e-01
  0.00000000e+00 0.00000000e+00 2.41698267e-02 0.00000000e+00
  4.70978541e-01 0.00000000e+00 0.00000000e+00]
 [0.00000000e+00 0.00000000e+00 7.63752948e-02 0.00000000e+00
  0.00000000e+00 0.00000000e+00 0.00000000e+00 1.03957209e-01
  0.00000000e+00 0.00000000e+00 0.00000000e+00 0.00000000e+00
  0.00000000e+00 0.00000000e+00 0.00000000e+00]
 [0.00000000e+00 0.00000000e+00 1.56767981e-01 0.00000000e+00
  0.00000000e+00 0.00000000e+00 2.35416577e-03 0.00000000e+00
  0.00000000e+00 0.00000000e+00 0.00000000e+00 0.00000000e+00
  4.35056814e-02 0.00000000e+00 0.00000000e+00]
 [0.00000000e+00 0.00000000e+00 4.54034422e-01 0.00000000e+00
  3.36015228e-01 0.00000000e+00 3.32286356e-01 0.00000000e+00
  0.00000000e+00 0.00000000e+00 0.00000000e+00 1.25866196e-01
  0.00000000e+00 0.00000000e+00 0.00000000e+00]
 [0.00000000e+00 0.00000000e+00 2.91433940e-01 0.00000000e+00
  0.00000000e+00 9.83318096e-03 1.55664786e-01 0.00000000e+00
  0.00000000e+00 0.00000000e+00 0.00000000e+00 0.00000000e+00
  0.00000000e+00 0.00000000e+00 0.00000000e+00]
 [3.14151731e-02 0.00000000e+00 9.13490147e-02 0.00000000e+00
  0.00000000e+00 0.00000000e+00 0.00000000e+00 1.15873739e-01
  0.00000000e+00 0.00000000e+00 0.00000000e+00 0.00000000e+00
  0.00000000e+00 0.00000000e+00 0.00000000e+00]
 [3.76958827e-02 1.75854908e-02 1.42865237e-01 0.00000000e+00
  0.00000000e+00 0.00000000e+00 0.00000000e+00 2.89387362e-01
  0.00000000e+00 0.00000000e+00 0.00000000e+00 0.00000000e+00
  0.00000000e+00 0.00000000e+00 0.00000000e+00]
 [2.81319266e-01 1.81152524e-02 6.49467284e-01 0.00000000e+00
  0.00000000e+00 3.15910155e-02 7.30075994e-01 1.54569876e-01
  0.00000000e+00 0.00000000e+00 3.13599025e-02 1.04466202e-01
  1.66617444e-01 2.70987952e-01 0.00000000e+00]
 [0.00000000e+00 8.97895274e-02 3.27951601e-01 2.30098599e-01
  1.92536298e-02 1.08064590e-01 1.40143008e-01 0.00000000e+00
  0.00000000e+00 0.00000000e+00 0.00000000e+00 0.00000000e+00
  0.00000000e+00 0.00000000e+00 0.00000000e+00]
 [0.00000000e+00 0.00000000e+00 6.51090605e-02 0.00000000e+00
  0.00000000e+00 0.00000000e+00 0.00000000e+00 4.64292563e-02
  0.00000000e+00 0.00000000e+00 0.00000000e+00 0.00000000e+00
  0.00000000e+00 0.00000000e+00 0.00000000e+00]
 [0.00000000e+00 0.00000000e+00 1.57621089e-01 1.25290522e-01
  2.87663414e-01 2.91696903e-01 4.48410271e-01 0.00000000e+00
  0.00000000e+00 0.00000000e+00 3.86554703e-01 0.00000000e+00
  0.00000000e+00 0.00000000e+00 0.00000000e+00]
 [6.18270613e-01 3.27093359e-02 2.50670542e-01 6.73716164e-01
  5.98877992e-01 7.86998413e-01 7.62330477e-01 0.00000000e+00
  5.97966666e-01 1.16597348e+00 6.96739711e-01 5.83127384e-02
  0.00000000e+00 6.65436297e-01 1.30451402e+00]
 [7.97136149e-01 0.00000000e+00 4.46720976e-01 1.06880295e+00
  1.49361128e+00 1.02368658e+00 8.47825338e-01 7.54106308e-02
  2.38405465e-01 1.00265546e+00 2.62907538e-01 8.21955534e-02
  1.06696469e+00 1.17231237e+00 9.43824645e-01]
 [1.40420800e+00 5.47165282e-01 3.46430606e-01 6.40068493e-01
  1.07311522e+00 1.33339032e+00 8.78315260e-01 1.46778054e-01
  0.00000000e+00 1.52719854e-01 7.74107083e-01 3.02073658e-01
  5.46591342e-01 1.29070618e+00 1.18523256e+00]
 [0.00000000e+00 0.00000000e+00 6.51753223e-01 1.34493424e+00
  1.50878557e+00 1.15501850e+00 6.34996505e-01 2.71038363e-01
  3.94210356e-01 6.83109914e-01 5.36430559e-01 4.23049211e-01
  5.14331896e-01 5.35671147e-01 0.00000000e+00]
 [1.54805234e+00 1.25654029e+00 1.11251599e+00 1.73488485e+00
  1.50576540e+00 1.30444399e+00 5.05724475e-01 6.23206908e-01
  1.20234284e+00 1.26662012e+00 1.04942590e+00 9.89130427e-01
  1.12209679e+00 1.52884830e+00 1.79619183e+00]]

16
----------------------------------------------------------------------------------
[[0.00000000e+00 0.00000000e+00 0.00000000e+00 0.00000000e+00
  0.00000000e+00 0.00000000e+00 0.00000000e+00 0.00000000e+00
  0.00000000e+00 0.00000000e+00 0.00000000e+00 0.00000000e+00
  0.00000000e+00 0.00000000e+00 0.00000000e+00]
 [0.00000000e+00 0.00000000e+00 0.00000000e+00 0.00000000e+00
  0.00000000e+00 0.00000000e+00 0.00000000e+00 0.00000000e+00
  0.00000000e+00 0.00000000e+00 0.00000000e+00 0.00000000e+00
  0.00000000e+00 0.00000000e+00 0.00000000e+00]
 [0.00000000e+00 0.00000000e+00 0.00000000e+00 0.00000000e+00
  0.00000000e+00 0.00000000e+00 0.00000000e+00 0.00000000e+00
  0.00000000e+00 0.00000000e+00 0.00000000e+00 0.00000000e+00
  0.00000000e+00 0.00000000e+00 0.00000000e+00]
 [0.00000000e+00 0.00000000e+00 0.00000000e+00 0.00000000e+00
  0.00000000e+00 0.00000000e+00 0.00000000e+00 0.00000000e+00
  0.00000000e+00 0.00000000e+00 0.00000000e+00 0.00000000e+00
  0.00000000e+00 0.00000000e+00 0.00000000e+00]
 [0.00000000e+00 0.00000000e+00 0.00000000e+00 0.00000000e+00
  0.00000000e+00 0.00000000e+00 0.00000000e+00 0.00000000e+00
  0.00000000e+00 0.00000000e+00 0.00000000e+00 0.00000000e+00
  0.00000000e+00 0.00000000e+00 0.00000000e+00]
 [0.00000000e+00 0.00000000e+00 3.89029758e-02 0.00000000e+00
  0.00000000e+00 0.00000000e+00 0.00000000e+00 0.00000000e+00
  0.00000000e+00 0.00000000e+00 1.16164657e-02 0.00000000e+00
  0.00000000e+00 0.00000000e+00 0.00000000e+00]
 [0.00000000e+00 0.00000000e+00 0.00000000e+00 0.00000000e+00
  0.00000000e+00 0.00000000e+00 0.00000000e+00 0.00000000e+00
  0.00000000e+00 0.00000000e+00 0.00000000e+00 0.00000000e+00
  0.00000000e+00 0.00000000e+00 0.00000000e+00]
 [0.00000000e+00 0.00000000e+00 0.00000000e+00 0.00000000e+00
  0.00000000e+00 0.00000000e+00 0.00000000e+00 6.85070025e+00
  0.00000000e+00 0.00000000e+00 0.00000000e+00 0.00000000e+00
  0.00000000e+00 0.00000000e+00 0.00000000e+00]
 [0.00000000e+00 0.00000000e+00 0.00000000e+00 0.00000000e+00
  0.00000000e+00 0.00000000e+00 0.00000000e+00 2.91977252e+00
  2.38155492e-01 2.90750270e-01 2.78992296e-01 0.00000000e+00
  0.00000000e+00 0.00000000e+00 0.00000000e+00]
 [0.00000000e+00 7.04484739e-02 7.50188681e-02 3.66672239e-02
  0.00000000e+00 0.00000000e+00 0.00000000e+00 1.06037453e+00
  1.11908348e+00 2.54712355e-01 0.00000000e+00 2.96688395e-01
  0.00000000e+00 0.00000000e+00 0.00000000e+00]
 [0.00000000e+00 0.00000000e+00 0.00000000e+00 0.00000000e+00
  0.00000000e+00 0.00000000e+00 0.00000000e+00 3.45764045e+00
  1.63990463e+00 1.58331785e+00 5.47423174e+00 3.73089886e-01
  0.00000000e+00 0.00000000e+00 0.00000000e+00]
 [0.00000000e+00 0.00000000e+00 0.00000000e+00 0.00000000e+00
  0.00000000e+00 0.00000000e+00 0.00000000e+00 1.29953807e+00
  0.00000000e+00 0.00000000e+00 0.00000000e+00 0.00000000e+00
  0.00000000e+00 0.00000000e+00 0.00000000e+00]
 [0.00000000e+00 0.00000000e+00 0.00000000e+00 0.00000000e+00
  0.00000000e+00 0.00000000e+00 0.00000000e+00 1.32395005e+00
  0.00000000e+00 3.77914419e-01 1.64919259e+00 0.00000000e+00
  0.00000000e+00 0.00000000e+00 0.00000000e+00]
 [6.17032264e-01 1.95215589e-01 4.97691572e-02 0.00000000e+00
  0.00000000e+00 0.00000000e+00 0.00000000e+00 0.00000000e+00
  0.00000000e+00 0.00000000e+00 2.54836450e-02 0.00000000e+00
  0.00000000e+00 0.00000000e+00 0.00000000e+00]
 [4.77779240e+00 6.31171964e-01 4.42524897e-01 0.00000000e+00
  0.00000000e+00 0.00000000e+00 0.00000000e+00 0.00000000e+00
  0.00000000e+00 0.00000000e+00 0.00000000e+00 0.00000000e+00
  0.00000000e+00 0.00000000e+00 2.60203739e-01]
 [1.35252992e+00 9.41587608e-01 0.00000000e+00 0.00000000e+00
  0.00000000e+00 0.00000000e+00 0.00000000e+00 0.00000000e+00
  1.06648076e-01 0.00000000e+00 1.26893642e-01 0.00000000e+00
  0.00000000e+00 3.39894592e-03 4.84252983e-03]
 [1.42176759e-01 0.00000000e+00 2.24478931e-01 0.00000000e+00
  0.00000000e+00 0.00000000e+00 0.00000000e+00 0.00000000e+00
  0.00000000e+00 0.00000000e+00 0.00000000e+00 0.00000000e+00
  0.00000000e+00 0.00000000e+00 0.00000000e+00]
 [1.09108540e+00 1.45753042e+00 1.43267968e+00 1.65250790e+00
  2.43339585e+00 2.83668965e+00 2.84280572e+00 2.65003150e+00
  2.01121782e+00 1.76744693e+00 1.62462281e+00 2.35579054e+00
  2.89339504e+00 2.66090977e+00 2.24090079e+00]]

17
----------------------------------------------------------------------------------
[[0.00000000e+00 0.00000000e+00 0.00000000e+00 0.00000000e+00
  0.00000000e+00 0.00000000e+00 0.00000000e+00 0.00000000e+00
  0.00000000e+00 0.00000000e+00 0.00000000e+00 2.06111753e-01
  0.00000000e+00 0.00000000e+00 0.00000000e+00]
 [0.00000000e+00 0.00000000e+00 0.00000000e+00 0.00000000e+00
  1.48842354e-01 0.00000000e+00 3.07685300e-01 0.00000000e+00
  0.00000000e+00 0.00000000e+00 3.79907574e-02 1.47398454e-01
  0.00000000e+00 0.00000000e+00 0.00000000e+00]
 [0.00000000e+00 0.00000000e+00 0.00000000e+00 3.35426267e-01
  0.00000000e+00 5.30917407e-01 3.17724773e-01 0.00000000e+00
  0.00000000e+00 0.00000000e+00 9.56420927e-02 6.13066894e-01
  0.00000000e+00 0.00000000e+00 0.00000000e+00]
 [0.00000000e+00 0.00000000e+00 0.00000000e+00 0.00000000e+00
  0.00000000e+00 0.00000000e+00 0.00000000e+00 0.00000000e+00
  0.00000000e+00 0.00000000e+00 0.00000000e+00 2.40178554e-01
  0.00000000e+00 0.00000000e+00 0.00000000e+00]
 [0.00000000e+00 0.00000000e+00 0.00000000e+00 0.00000000e+00
  0.00000000e+00 0.00000000e+00 0.00000000e+00 0.00000000e+00
  0.00000000e+00 0.00000000e+00 0.00000000e+00 1.53539447e-02
  0.00000000e+00 0.00000000e+00 0.00000000e+00]
 [0.00000000e+00 0.00000000e+00 0.00000000e+00 1.15641218e-01
  7.91934599e-02 2.13181222e-01 3.28523924e-01 0.00000000e+00
  0.00000000e+00 0.00000000e+00 3.39444364e-01 2.49021596e-01
  0.00000000e+00 0.00000000e+00 0.00000000e+00]
 [0.00000000e+00 0.00000000e+00 0.00000000e+00 0.00000000e+00
  0.00000000e+00 1.78669230e-02 1.47438047e-01 0.00000000e+00
  0.00000000e+00 0.00000000e+00 0.00000000e+00 0.00000000e+00
  0.00000000e+00 0.00000000e+00 0.00000000e+00]
 [0.00000000e+00 0.00000000e+00 0.00000000e+00 0.00000000e+00
  0.00000000e+00 0.00000000e+00 0.00000000e+00 0.00000000e+00
  0.00000000e+00 0.00000000e+00 0.00000000e+00 2.99691884e-01
  0.00000000e+00 0.00000000e+00 0.00000000e+00]
 [0.00000000e+00 0.00000000e+00 0.00000000e+00 0.00000000e+00
  0.00000000e+00 0.00000000e+00 0.00000000e+00 0.00000000e+00
  0.00000000e+00 0.00000000e+00 0.00000000e+00 2.61092351e-01
  0.00000000e+00 0.00000000e+00 0.00000000e+00]
 [0.00000000e+00 3.86044484e-01 1.15235675e-01 3.59839146e-03
  7.69140255e-01 3.35400498e-01 3.35530809e-01 0.00000000e+00
  1.83035176e+00 0.00000000e+00 3.66882852e-01 9.46052397e-01
  0.00000000e+00 0.00000000e+00 0.00000000e+00]
 [0.00000000e+00 0.00000000e+00 0.00000000e+00 0.00000000e+00
  0.00000000e+00 0.00000000e+00 1.71877469e-01 0.00000000e+00
  0.00000000e+00 0.00000000e+00 0.00000000e+00 0.00000000e+00
  0.00000000e+00 0.00000000e+00 1.85325172e+00]
 [0.00000000e+00 0.00000000e+00 0.00000000e+00 0.00000000e+00
  0.00000000e+00 0.00000000e+00 0.00000000e+00 0.00000000e+00
  0.00000000e+00 0.00000000e+00 0.00000000e+00 2.55789860e-01
  0.00000000e+00 0.00000000e+00 0.00000000e+00]
 [0.00000000e+00 9.26836786e-02 0.00000000e+00 0.00000000e+00
  0.00000000e+00 0.00000000e+00 2.82092134e-01 0.00000000e+00
  0.00000000e+00 0.00000000e+00 1.59568975e-02 0.00000000e+00
  0.00000000e+00 0.00000000e+00 0.00000000e+00]
 [4.27188904e-01 1.60368952e+00 0.00000000e+00 1.03784953e+00
  7.88345120e-01 5.19602429e-01 1.37100227e-01 8.92365771e-01
  1.52020037e-01 8.25561679e-01 0.00000000e+00 7.65267665e-01
  1.18791974e-01 6.20665740e-01 0.00000000e+00]
 [6.14932424e-01 1.39184526e+00 1.54193179e-01 7.86674429e-01
  2.85284451e+00 9.01569655e-01 6.52824537e-01 3.72310364e+00
  1.35668600e+00 7.81879165e-01 1.24859830e-01 2.07956436e+00
  4.38385030e-01 0.00000000e+00 0.00000000e+00]
 [7.79808546e-01 1.18557156e+00 3.12930961e-01 6.28993489e-02
  2.00429326e+00 1.54244820e+00 2.08700364e-01 0.00000000e+00
  9.49808611e-01 1.13010634e+00 0.00000000e+00 7.91985811e-01
  0.00000000e+00 0.00000000e+00 0.00000000e+00]
 [0.00000000e+00 0.00000000e+00 0.00000000e+00 0.00000000e+00
  4.99598716e-01 7.13345101e-02 0.00000000e+00 0.00000000e+00
  7.32024707e-01 0.00000000e+00 0.00000000e+00 1.02905483e+00
  3.60112637e-01 0.00000000e+00 0.00000000e+00]
 [2.18442398e+00 1.24486930e+00 1.04650450e+00 6.41613405e-01
  6.82126442e-01 8.00424170e-01 1.25377988e+00 2.23634689e+00
  2.25495013e+00 2.14013973e+00 9.78088240e-01 5.66198188e-01
  2.86760125e+00 4.07987714e+00 4.89844298e+00]]

18
----------------------------------------------------------------------------------
[[0.         0.         0.         0.         0.         0.
  0.         0.         0.         0.         0.         0.
  0.         0.         0.        ]
 [0.         0.         0.         0.         0.         0.
  0.         0.         0.         0.         0.         0.
  0.         0.         0.        ]
 [0.         0.         0.         0.         0.         0.
  0.         0.         0.         0.         0.         0.
  0.         0.         0.        ]
 [0.         0.         0.07551231 0.         0.         0.
  0.         0.         0.         0.         0.         0.
  0.         0.         0.        ]
 [0.         0.         0.         0.         0.         0.
  0.         0.         0.         0.         0.         0.
  0.         0.         0.        ]
 [0.         0.         0.         0.         0.         0.
  0.         0.         0.         0.         0.         0.
  0.         0.         0.        ]
 [0.         0.         0.         0.         0.         0.
  0.         0.         0.         0.         0.         0.
  0.         0.         0.        ]
 [0.         0.39872225 0.85783611 0.39243954 0.         0.
  0.         0.         0.         0.         1.38644037 0.
  1.05478896 0.37761254 0.        ]
 [0.         1.16666495 0.99450984 0.18464828 0.         0.
  0.         0.         0.         0.         1.1962584  0.
  1.41917805 0.29876735 0.        ]
 [0.         0.18793685 0.         0.         0.         0.
  0.         0.28882941 0.         0.         1.642107   0.
  0.         0.         0.        ]
 [0.         0.         0.75206924 0.         0.         0.
  0.         0.         0.         1.16436831 3.15948621 0.
  0.         0.43643483 0.        ]
 [0.         0.51351827 0.68140729 0.03212829 0.         0.
  0.         0.         0.         0.         0.71430521 0.
  0.64405523 0.         0.        ]
 [0.         0.         0.         0.         0.         0.
  0.         0.         0.         0.         1.59353807 0.
  0.         0.         0.        ]
 [0.         3.78624108 2.49913923 1.52712431 1.09504119 0.
  0.16395206 2.39204103 0.58643457 0.46587137 0.02036671 0.69591288
  0.         2.33938332 5.35618048]
 [0.         4.71438468 4.84823249 2.44196144 1.49763742 0.37420043
  0.         3.57715019 2.65260154 1.84983519 0.22252419 0.80867965
  0.14567707 4.73358858 7.83367519]
 [0.         3.38350605 2.0802054  0.17494059 0.         0.
  1.25348464 2.60846347 3.45019299 2.87246993 0.         0.49962441
  0.         2.21455858 2.84799069]
 [0.         0.         0.         0.         0.         0.
  0.         0.         0.         0.         0.36174452 0.96965651
  0.50791416 1.69236462 1.75196577]
 [4.02973007 2.32778381 2.26406583 2.67974711 3.36140155 3.35146762
  1.76511233 1.74817122 1.96548478 1.86806042 1.61378186 1.76285413
  3.03814239 4.30548359 4.5460308 ]]

19
----------------------------------------------------------------------------------
[[0.         0.         0.         0.         0.         0.
  0.         0.         0.         0.01271092 0.         0.
  0.         0.         0.        ]
 [0.         0.         0.         0.         0.         0.
  0.         0.         0.         0.0862443  0.1097972  0.
  0.         0.         0.        ]
 [0.         0.         0.         0.         0.         0.
  0.         0.         0.         0.         0.         0.
  0.         0.         0.        ]
 [0.         0.         0.         0.         0.         0.
  0.         0.         0.         0.         0.         0.
  0.         0.         0.        ]
 [0.         0.         0.         0.         0.         0.
  0.         0.         0.         0.         0.         0.
  0.         0.         0.        ]
 [0.         0.         0.         0.         0.         0.
  0.         0.         0.         0.         0.43241705 0.
  0.         0.         0.        ]
 [0.         0.         0.         0.         0.         0.
  0.         0.         0.         0.         0.18488261 0.
  0.         0.         0.        ]
 [0.         0.         0.         0.         0.         0.
  0.         0.         0.         0.         0.         0.
  0.         0.         0.        ]
 [0.         0.         0.         0.         0.         0.
  0.         0.         0.         0.         0.         0.
  0.         0.         0.        ]
 [0.         0.         0.         0.         0.         0.
  0.         0.         0.         0.         0.12671748 0.
  0.         0.         0.        ]
 [0.         0.         0.         0.         0.         0.
  0.         0.         0.         0.         0.35116987 0.
  0.         0.         0.        ]
 [0.         0.         0.         0.         0.         0.
  0.         0.         0.         0.         0.         0.
  0.         0.         0.        ]
 [0.         0.         0.         0.         0.         0.
  0.         0.         0.         0.         0.45458174 0.
  0.         0.         0.        ]
 [2.70849964 0.15631695 0.         0.         0.         0.
  0.38588369 0.         0.         0.         0.20950221 0.
  0.         0.         0.        ]
 [7.3350512  2.12403303 0.         0.         0.06580445 0.4350895
  0.64399272 0.         0.         0.         0.20211167 0.
  0.         0.         0.56841214]
 [0.65929372 0.         0.         0.         0.         0.
  0.         0.         0.         0.         0.14125039 0.
  0.         0.         0.        ]
 [0.04815923 0.         0.         0.         0.         1.08400212
  0.63548069 0.26164572 0.         0.         0.37232953 0.
  0.         0.         0.        ]
 [2.51270188 5.03565128 7.7919831  8.13487492 7.32389412 8.04006933
  6.83363209 5.64594878 3.76932836 1.35961059 1.05181492 3.23792517
  4.27978584 4.65302612 4.41905004]]

20
----------------------------------------------------------------------------------
[[0.         0.         0.         0.         0.         0.
  0.         0.         0.         0.         0.09570629 0.04390061
  0.12210272 0.23419901 0.16179235]
 [0.         0.         0.         0.         0.         0.
  0.         0.         0.         0.48573774 0.14585461 0.11080732
  0.15745284 0.3024912  0.22063229]
 [0.         0.         0.         0.         0.         0.
  0.         0.         0.24193278 0.64916928 0.34893835 0.42779721
  0.7816627  0.10416513 0.06976986]
 [0.         0.         0.         0.         0.         0.
  0.         0.         0.         0.         0.04355859 0.10027999
  0.26676107 0.02758375 0.        ]
 [0.         0.         0.         0.         0.         0.
  0.         0.         0.         0.07286044 0.13577182 0.07200921
  0.06940957 0.07150263 0.04601615]
 [0.         0.         0.         0.         0.         0.
  0.         0.         0.3886128  0.38840539 0.40362309 0.39332405
  0.38070948 0.44906259 0.46819542]
 [0.         0.         0.         0.         0.         0.
  0.         0.         0.         0.24760675 0.04290542 0.2678786
  0.02737009 0.07178963 0.20705289]
 [0.         0.         0.         0.         0.         1.7798219
  0.         0.         0.         0.49285346 0.25091279 0.36850661
  0.52767664 0.         0.        ]
 [0.         0.         0.         0.         0.         0.51021606
  0.12043923 0.         0.79160044 1.22271885 0.50745779 0.3623501
  0.31806178 0.         0.        ]
 [0.         0.         0.         0.         0.         1.84697254
  0.82382374 0.         0.17240399 0.13524134 0.1685923  0.43580966
  0.84059853 0.55169919 0.34238386]
 [0.         0.         0.         0.         0.         2.01873332
  1.74382663 0.         2.79285414 3.49252817 1.63643413 0.95427107
  0.30590121 0.07102203 0.00380078]
 [0.         0.         0.         0.         0.         0.
  0.         0.         0.         0.30315424 0.02083297 0.21989174
  0.26553482 0.         0.        ]
 [0.         0.         0.         0.         0.         0.08591756
  0.         0.         0.95395447 0.66376083 0.00984867 0.03672897
  0.17653409 0.25629021 0.12250391]
 [0.         0.         0.14698771 0.06610881 0.24901783 0.18977186
  0.01091322 0.         0.00608071 0.         0.         0.
  0.28532171 0.15047622 0.        ]
 [0.         0.20236759 0.33600991 0.16374573 0.11529965 0.1485352
  0.0406345  0.         0.11343082 0.         0.         0.16818582
  0.2417664  0.24122095 0.        ]
 [0.         0.         0.         0.         0.05340526 0.15000804
  0.26096252 0.         0.595293   0.33607106 0.         0.
  0.24452314 0.23001781 0.        ]
 [0.         0.08912012 0.38028895 0.12837408 0.         0.
  0.         0.         0.         0.         0.         0.
  0.42217597 0.13563155 0.        ]
 [1.70094898 1.48315019 1.52493225 1.61023316 2.00928898 2.80969237
  2.80443774 3.50431668 2.48201984 1.72461836 1.68335451 0.76068924
  0.30121738 0.29260264 0.83470741]]

21
----------------------------------------------------------------------------------
[[1.97923385e-01 0.00000000e+00 5.75770675e-02 0.00000000e+00
  0.00000000e+00 0.00000000e+00 0.00000000e+00 0.00000000e+00
  0.00000000e+00 2.30080953e-01 3.83270082e-01 0.00000000e+00
  0.00000000e+00 0.00000000e+00 0.00000000e+00]
 [0.00000000e+00 0.00000000e+00 0.00000000e+00 0.00000000e+00
  0.00000000e+00 8.39644773e-02 0.00000000e+00 0.00000000e+00
  0.00000000e+00 3.53683232e-01 3.68106252e-01 0.00000000e+00
  1.72800763e-01 0.00000000e+00 0.00000000e+00]
 [0.00000000e+00 0.00000000e+00 0.00000000e+00 4.87256405e-02
  0.00000000e+00 0.00000000e+00 0.00000000e+00 0.00000000e+00
  6.25763637e-02 7.44860822e-01 1.42311115e+00 0.00000000e+00
  0.00000000e+00 0.00000000e+00 0.00000000e+00]
 [1.35519343e-01 0.00000000e+00 0.00000000e+00 0.00000000e+00
  0.00000000e+00 4.77602790e-03 0.00000000e+00 0.00000000e+00
  3.05782670e-01 7.52959029e-01 1.51591062e-01 0.00000000e+00
  0.00000000e+00 0.00000000e+00 0.00000000e+00]
 [5.37149552e-02 0.00000000e+00 0.00000000e+00 0.00000000e+00
  0.00000000e+00 0.00000000e+00 0.00000000e+00 0.00000000e+00
  2.02902108e-01 3.52871922e-01 1.27075363e-01 0.00000000e+00
  0.00000000e+00 0.00000000e+00 0.00000000e+00]
 [1.49935292e-02 0.00000000e+00 1.46220257e-01 0.00000000e+00
  2.82724153e-03 2.53645860e-01 0.00000000e+00 0.00000000e+00
  2.39942068e-01 2.05714722e-01 9.29018167e-02 0.00000000e+00
  0.00000000e+00 0.00000000e+00 0.00000000e+00]
 [9.58624070e-02 0.00000000e+00 0.00000000e+00 0.00000000e+00
  0.00000000e+00 0.00000000e+00 0.00000000e+00 0.00000000e+00
  2.34398389e-01 6.87200949e-01 2.89500773e-01 0.00000000e+00
  0.00000000e+00 0.00000000e+00 0.00000000e+00]
 [2.12331931e-01 0.00000000e+00 0.00000000e+00 0.00000000e+00
  0.00000000e+00 5.31728877e-02 0.00000000e+00 0.00000000e+00
  8.62903875e-01 2.56816575e+00 9.83841668e-01 5.81970705e-02
  8.29190243e-01 0.00000000e+00 0.00000000e+00]
 [6.81287348e-02 0.00000000e+00 0.00000000e+00 0.00000000e+00
  0.00000000e+00 0.00000000e+00 0.00000000e+00 0.00000000e+00
  1.09960333e+00 3.12662206e+00 1.70578394e+00 3.85277643e-01
  1.55253621e+00 6.43546699e-01 1.42876066e-01]
 [2.62231153e-01 0.00000000e+00 0.00000000e+00 3.83945544e-01
  3.35338211e-01 0.00000000e+00 4.21542632e-01 4.69606881e-01
  9.36956379e-01 9.91651186e-01 1.80178844e+00 0.00000000e+00
  2.39812034e-01 0.00000000e+00 1.47465910e-01]
 [0.00000000e+00 0.00000000e+00 0.00000000e+00 0.00000000e+00
  0.00000000e+00 0.00000000e+00 0.00000000e+00 0.00000000e+00
  6.06018349e-01 5.13564104e+00 4.42481394e+00 0.00000000e+00
  2.56440526e+00 1.23142212e+00 1.14317696e+00]
 [1.20030190e-01 0.00000000e+00 0.00000000e+00 0.00000000e+00
  0.00000000e+00 0.00000000e+00 0.00000000e+00 0.00000000e+00
  7.55166090e-01 2.30341825e+00 1.34284527e+00 2.63896078e-01
  1.45150690e+00 4.09694101e-01 1.56845204e-01]
 [3.89507329e-02 0.00000000e+00 0.00000000e+00 0.00000000e+00
  0.00000000e+00 0.00000000e+00 0.00000000e+00 0.00000000e+00
  0.00000000e+00 1.21650052e+00 1.50149334e+00 2.73845483e-02
  1.66391945e+00 0.00000000e+00 2.68780739e-01]
 [0.00000000e+00 6.97212760e-02 2.64692815e-01 1.90700544e-01
  1.11928446e-01 2.61084937e-01 0.00000000e+00 0.00000000e+00
  1.17904025e-01 0.00000000e+00 0.00000000e+00 0.00000000e+00
  3.17765362e-01 0.00000000e+00 2.69077799e-01]
 [3.42265282e-01 5.22880383e-01 2.35930530e-01 1.30869251e-01
  0.00000000e+00 1.05288287e-01 8.91262664e-02 0.00000000e+00
  1.59798973e-01 0.00000000e+00 1.35591122e-01 0.00000000e+00
  1.35154420e-01 0.00000000e+00 3.74828172e-02]
 [0.00000000e+00 2.13048839e-01 1.80084161e-01 1.13918186e-01
  0.00000000e+00 0.00000000e+00 0.00000000e+00 0.00000000e+00
  7.89280597e-02 0.00000000e+00 2.02638622e-01 0.00000000e+00
  0.00000000e+00 0.00000000e+00 0.00000000e+00]
 [1.02092949e-01 4.91723304e-02 0.00000000e+00 0.00000000e+00
  0.00000000e+00 0.00000000e+00 0.00000000e+00 0.00000000e+00
  2.29068819e-01 0.00000000e+00 0.00000000e+00 0.00000000e+00
  0.00000000e+00 0.00000000e+00 0.00000000e+00]
 [7.94875301e-01 1.24071902e+00 1.10041680e+00 4.46132226e-01
  8.53021804e-01 1.28588184e+00 1.67670654e+00 1.52646881e+00
  8.81156049e-01 4.37896630e-01 3.73329760e-01 9.92583539e-01
  1.19451835e+00 2.59953308e+00 1.83571356e+00]]

21
----------------------------------------------------------------------------------
[[0.00000000e+000]
 [0.00000000e+000]
 [0.00000000e+000]
 [0.00000000e+000]
 [0.00000000e+000]
 [0.00000000e+000]
 [0.00000000e+000]
 [0.00000000e+000]
 [0.00000000e+000]
 [0.00000000e+000]
 [0.00000000e+000]
 [0.00000000e+000]
 [0.00000000e+000]
 [0.00000000e+000]
 [0.00000000e+000]
 [0.00000000e+000]
 [0.00000000e+000]
 [6.91429521e-310]]