

1
----------------------------------------------------------------------------------
[[0.         0.         0.         0.         0.12442077 0.
  0.         0.         0.         0.         0.         0.
  0.28452874 0.         0.        ]
 [0.         0.         0.         0.         0.10314097 0.
  0.         0.         0.         0.         0.         0.
  0.1414273  0.         0.        ]
 [0.         0.         0.         0.         0.11417156 0.
  0.         0.         0.         0.         0.         0.
  0.26342421 0.         0.        ]
 [0.         0.         0.         0.         0.04656028 0.11248723
  0.         0.         0.         0.         0.         0.
  0.17566307 0.         0.        ]
 [0.         0.         0.         0.         0.         0.
  0.         0.         0.         0.         0.         0.
  0.26051251 0.         0.        ]
 [0.         0.         0.         0.         0.         0.
  0.         0.         0.         0.         0.         0.
  0.         0.22361724 0.        ]
 [0.         0.         0.         0.         0.         0.
  0.         0.         0.         0.         0.         0.
  0.00466682 0.01863343 0.        ]
 [0.         0.         0.         0.         0.0120308  0.0473274
  0.         0.         0.         0.         0.         0.
  0.14229794 0.         0.        ]
 [0.         0.         0.         0.         0.         0.
  0.         0.         0.         0.         0.         0.
  0.03427723 0.         0.        ]
 [0.         0.         0.         0.         0.04193605 0.
  0.         0.07553536 0.         0.         0.         0.
  0.78236339 1.85813189 0.23583399]
 [0.         0.         0.         0.         0.         0.
  0.         0.         0.         0.         0.         0.
  0.         0.         0.        ]
 [0.         0.         0.         0.         0.         0.00584567
  0.         0.         0.         0.         0.         0.
  0.         0.         0.        ]
 [0.         0.         0.         0.         0.         0.
  0.         0.         0.         0.         0.         0.
  0.         0.         0.        ]
 [0.         0.         0.42412231 0.26436334 0.15785328 0.13233865
  0.         0.05015522 0.         0.         0.         0.
  0.         0.35779316 0.04197086]
 [0.         0.09896525 0.99851242 0.81361758 0.93945292 0.10206369
  0.         0.         0.         0.         0.         0.
  0.         0.5380231  0.32284811]
 [0.         0.         0.07825371 0.29748586 0.         0.
  0.         0.         0.         0.         0.         0.
  0.         0.         0.        ]
 [0.         0.         0.74617315 0.51591877 0.5274718  0.10337626
  0.         0.01068749 0.         0.         0.         0.
  0.         0.46240092 0.10859808]
 [3.48775244 2.03420073 1.83524731 1.46650649 0.66211197 0.72403178
  1.07839061 1.78211623 1.82068547 2.11204402 2.03509873 1.79523352
  0.84361139 0.83852865 1.66922332]]

2
----------------------------------------------------------------------------------
[[0.         0.         0.         0.0081122  0.         0.
  0.         0.         0.         0.19875135 1.01800886 0.
  0.00932513 0.         0.19392536]
 [0.         0.         0.         0.04065974 0.         0.
  0.         0.         0.         0.         1.0917666  0.
  0.         0.         0.        ]
 [0.         0.         0.         0.78732956 0.14458447 0.
  0.         0.         0.         0.         1.61710065 0.
  0.         0.         0.        ]
 [0.         0.         0.         0.         0.         0.
  0.         0.         0.         0.01935175 0.50232443 0.00828031
  0.07538248 0.         0.27619422]
 [0.         0.         0.         0.         0.         0.
  0.         0.         0.         0.         0.09163656 0.
  0.         0.         0.        ]
 [0.         0.         0.03413349 0.08613012 0.28243878 0.
  0.         0.         0.         0.         1.41822383 0.
  0.         0.         0.25419672]
 [0.         0.         0.         0.02382857 0.         0.
  0.         0.         0.         0.         0.652454   0.
  0.         0.         0.        ]
 [0.         0.         0.         0.         0.         0.
  0.         0.         0.         0.68692162 0.33241704 0.31212134
  1.33333798 0.63086686 0.60880073]
 [0.         0.         0.         0.         0.         0.
  0.13818888 0.17889384 0.         0.66822449 0.         0.
  1.36737393 0.83758139 0.8081676 ]
 [0.         0.         0.         0.42155914 0.5500972  0.
  0.         0.         0.         0.07175577 2.33839182 0.19333275
  0.         0.         0.        ]
 [0.         0.         0.         0.         0.01776098 0.
  0.95498277 2.10100292 1.5044967  0.56359869 0.         0.
  0.         1.01846887 1.22140524]
 [0.         0.         0.         0.         0.         0.
  0.         0.         0.         0.56567249 0.         0.
  1.06917992 0.48972039 0.86063109]
 [0.         0.         0.         0.08161766 0.         0.
  0.         0.87094574 0.49705101 0.3560862  0.         0.
  0.         0.48033643 0.62355737]
 [0.         0.03258788 0.         0.30291073 0.14573301 0.44443982
  0.         0.         0.         0.9586322  0.70963666 0.80088129
  0.14459998 0.         0.        ]
 [0.         0.         0.         0.20375752 0.0273331  0.03213114
  0.         0.         0.         1.1241854  1.0517777  0.79154308
  0.13128648 0.         0.        ]
 [0.         0.         0.         0.344884   0.01179128 0.49829389
  0.         0.         0.         0.87608122 1.26316482 0.71021882
  0.         0.         0.05473432]
 [0.         0.         0.         0.24244244 0.         0.
  0.         0.         0.         0.93625272 0.55335117 0.86122481
  0.23699641 0.         0.        ]
 [2.18040966 1.47786083 0.86825635 0.21173435 0.71260151 1.3275228
  2.51898139 3.38006089 3.5485248  1.01426131 1.15996107 1.41482045
  1.98718299 2.10988398 1.35503445]]

3
----------------------------------------------------------------------------------
[[4.95757560e-01 0.00000000e+00 0.00000000e+00 0.00000000e+00
  1.45041072e-01 0.00000000e+00 0.00000000e+00 0.00000000e+00
  0.00000000e+00 0.00000000e+00 0.00000000e+00 0.00000000e+00
  0.00000000e+00 0.00000000e+00 0.00000000e+00]
 [9.99924908e-02 0.00000000e+00 0.00000000e+00 2.66567144e-03
  8.03781653e-02 0.00000000e+00 0.00000000e+00 0.00000000e+00
  0.00000000e+00 0.00000000e+00 0.00000000e+00 0.00000000e+00
  0.00000000e+00 0.00000000e+00 0.00000000e+00]
 [1.57011695e-01 1.58567052e-01 3.69875125e-01 4.00630815e-01
  2.35887680e-01 0.00000000e+00 1.54281631e-01 0.00000000e+00
  1.69408009e-02 0.00000000e+00 0.00000000e+00 0.00000000e+00
  0.00000000e+00 0.00000000e+00 0.00000000e+00]
 [2.50743460e-01 0.00000000e+00 0.00000000e+00 1.90254415e-02
  1.62372639e-01 0.00000000e+00 0.00000000e+00 0.00000000e+00
  0.00000000e+00 0.00000000e+00 0.00000000e+00 0.00000000e+00
  0.00000000e+00 0.00000000e+00 0.00000000e+00]
 [1.73046958e-01 0.00000000e+00 0.00000000e+00 0.00000000e+00
  4.86684968e-03 0.00000000e+00 0.00000000e+00 0.00000000e+00
  0.00000000e+00 0.00000000e+00 0.00000000e+00 0.00000000e+00
  0.00000000e+00 0.00000000e+00 0.00000000e+00]
 [2.99518018e-01 2.35117419e-01 0.00000000e+00 4.66556178e-02
  9.68708558e-02 7.64433232e-02 9.09087117e-02 0.00000000e+00
  0.00000000e+00 0.00000000e+00 0.00000000e+00 0.00000000e+00
  0.00000000e+00 0.00000000e+00 0.00000000e+00]
 [2.38613109e-01 0.00000000e+00 0.00000000e+00 0.00000000e+00
  0.00000000e+00 0.00000000e+00 0.00000000e+00 0.00000000e+00
  0.00000000e+00 0.00000000e+00 0.00000000e+00 0.00000000e+00
  0.00000000e+00 0.00000000e+00 0.00000000e+00]
 [3.87648420e-01 1.52970875e-02 1.83520409e-01 3.32231649e-02
  7.44048523e-02 0.00000000e+00 0.00000000e+00 0.00000000e+00
  0.00000000e+00 0.00000000e+00 0.00000000e+00 1.63148086e-01
  1.12485124e+00 3.86674404e-01 0.00000000e+00]
 [3.99754989e-01 6.52744432e-02 2.56560435e-01 8.22982216e-02
  4.13182587e-02 0.00000000e+00 0.00000000e+00 0.00000000e+00
  0.00000000e+00 0.00000000e+00 0.00000000e+00 4.72323145e-01
  2.53724855e+00 1.56833370e+00 0.00000000e+00]
 [0.00000000e+00 0.00000000e+00 6.62707541e-01 7.12726033e-01
  4.00905610e-01 2.50064395e-01 7.04672184e-02 4.50281079e-01
  4.71558601e-01 0.00000000e+00 0.00000000e+00 0.00000000e+00
  0.00000000e+00 0.00000000e+00 0.00000000e+00]
 [1.34341704e-01 0.00000000e+00 2.68226576e-01 0.00000000e+00
  0.00000000e+00 0.00000000e+00 0.00000000e+00 0.00000000e+00
  0.00000000e+00 0.00000000e+00 0.00000000e+00 9.04730766e-01
  4.98544286e+00 2.20290163e+00 0.00000000e+00]
 [3.90408100e-01 0.00000000e+00 1.08153009e-01 1.19428999e-02
  0.00000000e+00 0.00000000e+00 0.00000000e+00 0.00000000e+00
  3.35889640e-02 0.00000000e+00 0.00000000e+00 0.00000000e+00
  1.01712832e+00 1.07770330e+00 0.00000000e+00]
 [0.00000000e+00 0.00000000e+00 0.00000000e+00 0.00000000e+00
  0.00000000e+00 0.00000000e+00 0.00000000e+00 0.00000000e+00
  6.06683255e-02 0.00000000e+00 0.00000000e+00 0.00000000e+00
  2.05551663e+00 1.29043322e+00 0.00000000e+00]
 [0.00000000e+00 4.47681041e-01 3.36827923e-01 5.89508729e-01
  0.00000000e+00 1.99304628e-01 2.39713037e+00 2.94124225e+00
  4.85068995e-01 2.36349815e+00 1.64249198e+00 0.00000000e+00
  5.55008486e-02 4.31370383e-01 0.00000000e+00]
 [0.00000000e+00 0.00000000e+00 1.07727103e-01 1.07587698e-01
  5.18928074e-01 1.77496193e+00 3.20774836e+00 1.75722449e+00
  2.73885419e-01 2.78522506e+00 7.36175266e-01 0.00000000e+00
  6.01491151e-01 1.31441934e+00 0.00000000e+00]
 [0.00000000e+00 0.00000000e+00 5.97985432e-01 5.20859976e-01
  7.74720747e-01 1.34710313e+00 1.51892100e+00 5.80806570e-01
  4.18606498e-01 1.60981674e+00 8.89199385e-01 2.11393295e-01
  2.49519577e-01 5.05549583e-01 0.00000000e+00]
 [0.00000000e+00 3.48364604e-02 2.57387086e-02 1.51846842e-02
  1.21900037e-01 0.00000000e+00 5.97374788e-01 0.00000000e+00
  2.37856366e-01 0.00000000e+00 0.00000000e+00 0.00000000e+00
  0.00000000e+00 0.00000000e+00 0.00000000e+00]
 [1.22392391e+00 1.05035746e+00 5.93097680e-01 4.44379735e-01
  4.59382480e-01 7.51981701e-01 3.70691209e-01 5.78239174e-01
  5.92782090e-01 1.55819719e+00 1.61159050e+00 1.76304846e+00
  2.50245471e+00 1.54832492e+00 1.85880043e+00]]

4
----------------------------------------------------------------------------------
[[6.60958381e-02 0.00000000e+00 1.69135197e-01 0.00000000e+00
  5.88080682e-02 0.00000000e+00 0.00000000e+00 0.00000000e+00
  0.00000000e+00 0.00000000e+00 3.54511073e-02 0.00000000e+00
  0.00000000e+00 2.30159122e-01 0.00000000e+00]
 [7.41021998e-02 0.00000000e+00 0.00000000e+00 0.00000000e+00
  0.00000000e+00 0.00000000e+00 0.00000000e+00 0.00000000e+00
  0.00000000e+00 0.00000000e+00 0.00000000e+00 0.00000000e+00
  8.41289250e-02 0.00000000e+00 6.66280132e-02]
 [4.68278651e-01 5.89552128e-01 0.00000000e+00 0.00000000e+00
  0.00000000e+00 0.00000000e+00 0.00000000e+00 0.00000000e+00
  0.00000000e+00 0.00000000e+00 0.00000000e+00 0.00000000e+00
  1.45512370e-01 0.00000000e+00 0.00000000e+00]
 [0.00000000e+00 1.22269649e-02 1.95849595e-01 3.90224463e-02
  0.00000000e+00 0.00000000e+00 0.00000000e+00 0.00000000e+00
  1.02565625e-01 0.00000000e+00 0.00000000e+00 0.00000000e+00
  0.00000000e+00 0.00000000e+00 0.00000000e+00]
 [0.00000000e+00 0.00000000e+00 2.18762772e-01 0.00000000e+00
  2.13910716e-03 1.31521577e-02 0.00000000e+00 0.00000000e+00
  1.75769695e-01 0.00000000e+00 4.78732072e-02 0.00000000e+00
  0.00000000e+00 0.00000000e+00 0.00000000e+00]
 [1.86274570e-01 1.28174375e-01 0.00000000e+00 0.00000000e+00
  0.00000000e+00 0.00000000e+00 0.00000000e+00 0.00000000e+00
  0.00000000e+00 0.00000000e+00 0.00000000e+00 0.00000000e+00
  1.11492817e-01 8.66161559e-02 0.00000000e+00]
 [0.00000000e+00 0.00000000e+00 0.00000000e+00 0.00000000e+00
  7.43688055e-02 0.00000000e+00 0.00000000e+00 0.00000000e+00
  2.42134216e-02 0.00000000e+00 2.89454896e-02 0.00000000e+00
  1.48512730e-02 1.96032971e-02 0.00000000e+00]
 [3.23498707e-01 1.07481080e+00 1.68321413e+00 1.28056870e+00
  3.89407910e-01 0.00000000e+00 0.00000000e+00 0.00000000e+00
  0.00000000e+00 0.00000000e+00 0.00000000e+00 0.00000000e+00
  0.00000000e+00 0.00000000e+00 0.00000000e+00]
 [2.57561809e-01 1.95947575e+00 3.01401185e+00 1.49724252e+00
  8.17470924e-01 3.31743321e-02 0.00000000e+00 0.00000000e+00
  0.00000000e+00 0.00000000e+00 0.00000000e+00 0.00000000e+00
  0.00000000e+00 0.00000000e+00 0.00000000e+00]
 [2.63393058e-01 1.83779310e-01 4.55550411e-01 0.00000000e+00
  0.00000000e+00 0.00000000e+00 0.00000000e+00 0.00000000e+00
  0.00000000e+00 0.00000000e+00 0.00000000e+00 5.46162582e-01
  4.72007187e-02 5.63327608e-01 1.88123162e-02]
 [1.14952884e-01 9.69762997e-01 2.67659619e+00 1.46487908e+00
  6.42254628e-01 1.38684030e-01 0.00000000e+00 0.00000000e+00
  0.00000000e+00 0.00000000e+00 0.00000000e+00 0.00000000e+00
  0.00000000e+00 0.00000000e+00 0.00000000e+00]
 [2.54951739e-01 1.29718479e+00 1.47582077e+00 1.34224428e+00
  5.31706609e-01 0.00000000e+00 0.00000000e+00 0.00000000e+00
  9.68240427e-02 0.00000000e+00 0.00000000e+00 0.00000000e+00
  0.00000000e+00 0.00000000e+00 0.00000000e+00]
 [2.74354832e-01 2.99024483e-01 1.56571487e+00 5.62567608e-01
  2.47534717e-01 0.00000000e+00 0.00000000e+00 0.00000000e+00
  0.00000000e+00 0.00000000e+00 0.00000000e+00 0.00000000e+00
  0.00000000e+00 0.00000000e+00 3.65092453e-02]
 [4.45715937e-01 5.54514009e-01 3.60350312e-01 5.94843458e-02
  9.62838619e-02 0.00000000e+00 0.00000000e+00 0.00000000e+00
  1.78985994e-01 0.00000000e+00 0.00000000e+00 1.54194990e-01
  1.37120307e-02 0.00000000e+00 0.00000000e+00]
 [9.95874475e-01 6.28057523e-01 3.80841938e-01 0.00000000e+00
  6.70653649e-02 0.00000000e+00 0.00000000e+00 0.00000000e+00
  3.58398273e-02 0.00000000e+00 7.04234458e-02 0.00000000e+00
  0.00000000e+00 0.00000000e+00 0.00000000e+00]
 [2.67874455e+00 7.98604464e-01 3.07649608e-01 0.00000000e+00
  0.00000000e+00 0.00000000e+00 0.00000000e+00 0.00000000e+00
  0.00000000e+00 0.00000000e+00 0.00000000e+00 2.05865885e-01
  2.06228100e-01 0.00000000e+00 0.00000000e+00]
 [0.00000000e+00 9.92323844e-02 3.37563916e-01 3.02447284e-02
  0.00000000e+00 0.00000000e+00 0.00000000e+00 0.00000000e+00
  2.44220564e-01 0.00000000e+00 0.00000000e+00 0.00000000e+00
  0.00000000e+00 0.00000000e+00 0.00000000e+00]
 [2.42053863e-01 7.66086655e-01 1.07025034e+00 1.60389791e+00
  1.54164908e+00 1.71415564e+00 2.20964899e+00 2.21946001e+00
  1.89264748e+00 1.93485554e+00 9.97082729e-01 8.24669411e-01
  4.94018860e-01 5.67303472e-01 5.83101568e-01]]

5
----------------------------------------------------------------------------------
[[5.58625778e-02 2.04175193e-01 2.14255985e-01 3.34559659e-01
  3.29587127e-01 2.64018363e-01 7.39670002e-01 0.00000000e+00
  0.00000000e+00 3.54069339e-01 2.40063642e-02 2.10726098e-01
  3.60712558e-01 4.32999672e-01 1.48354453e-01]
 [1.72267766e-01 1.00242430e-01 1.46977926e-01 0.00000000e+00
  0.00000000e+00 1.85868334e-01 6.82003780e-01 6.26127705e-02
  0.00000000e+00 1.99727883e-01 7.77260409e-02 3.02798600e-01
  1.71249663e-02 2.50376483e-01 0.00000000e+00]
 [2.64242753e-01 2.61260186e-01 0.00000000e+00 0.00000000e+00
  0.00000000e+00 0.00000000e+00 8.10810189e-01 3.42272152e-01
  5.64403394e-02 2.57763827e-01 7.99897831e-01 0.00000000e+00
  2.91636037e-01 2.32344349e-01 0.00000000e+00]
 [4.89130604e-03 3.31477616e-01 3.15949447e-01 3.70405181e-01
  1.81781298e-01 4.05809675e-01 5.20155151e-01 0.00000000e+00
  0.00000000e+00 2.28940287e-01 1.49749161e-01 5.46983168e-02
  2.03115236e-01 2.47991503e-01 1.98938454e-01]
 [0.00000000e+00 7.95144444e-02 0.00000000e+00 1.38616779e-01
  0.00000000e+00 0.00000000e+00 3.87323739e-01 0.00000000e+00
  0.00000000e+00 1.93542432e-01 1.58756448e-01 1.08142394e-01
  3.65656388e-01 2.00399964e-01 2.31759717e-02]
 [3.68831631e-01 2.89520990e-01 0.00000000e+00 0.00000000e+00
  0.00000000e+00 1.38402263e-01 8.30694110e-01 7.14338078e-01
  5.37089687e-02 1.22804550e-01 1.20577619e-01 1.79463615e-05
  1.59250800e-01 1.45115903e-01 0.00000000e+00]
 [0.00000000e+00 0.00000000e+00 0.00000000e+00 0.00000000e+00
  0.00000000e+00 0.00000000e+00 5.36174439e-01 0.00000000e+00
  0.00000000e+00 5.93455416e-02 9.66432190e-02 1.10260189e-01
  7.30875562e-02 1.28906356e-01 0.00000000e+00]
 [9.01956746e-02 4.25526974e-01 1.94110581e-01 2.34521547e-01
  2.38740564e-01 2.63602314e-01 3.62626061e-01 0.00000000e+00
  0.00000000e+00 1.63332102e-01 4.06488870e-02 0.00000000e+00
  0.00000000e+00 1.11425131e-01 0.00000000e+00]
 [0.00000000e+00 1.83963921e-01 0.00000000e+00 5.52974044e-02
  0.00000000e+00 0.00000000e+00 9.53516998e-02 0.00000000e+00
  0.00000000e+00 6.59330605e-02 0.00000000e+00 0.00000000e+00
  0.00000000e+00 0.00000000e+00 0.00000000e+00]
 [8.38387096e-01 7.43425746e-01 0.00000000e+00 0.00000000e+00
  0.00000000e+00 3.67183443e-01 7.21292215e-01 6.75893339e-01
  1.61178380e-01 1.19883087e-01 6.54257882e-01 5.40838444e-02
  7.40353597e-01 0.00000000e+00 0.00000000e+00]
 [0.00000000e+00 1.40435842e-01 0.00000000e+00 0.00000000e+00
  0.00000000e+00 0.00000000e+00 4.47270324e-01 0.00000000e+00
  0.00000000e+00 1.35125869e-01 0.00000000e+00 0.00000000e+00
  0.00000000e+00 1.62496512e-02 0.00000000e+00]
 [0.00000000e+00 2.22225408e-01 0.00000000e+00 8.78146968e-02
  0.00000000e+00 0.00000000e+00 6.96541453e-02 0.00000000e+00
  0.00000000e+00 5.39372476e-02 2.74359819e-02 0.00000000e+00
  5.22144747e-02 0.00000000e+00 0.00000000e+00]
 [6.05264710e-02 2.40286771e-01 0.00000000e+00 0.00000000e+00
  0.00000000e+00 0.00000000e+00 6.01088107e-01 1.78660468e-02
  0.00000000e+00 1.05848208e-01 0.00000000e+00 0.00000000e+00
  0.00000000e+00 6.28016736e-02 0.00000000e+00]
 [2.06838342e-01 3.52922895e-01 0.00000000e+00 0.00000000e+00
  1.33153154e-01 4.65876893e-01 5.03287201e-01 0.00000000e+00
  0.00000000e+00 0.00000000e+00 0.00000000e+00 0.00000000e+00
  0.00000000e+00 0.00000000e+00 0.00000000e+00]
 [9.43512549e-02 3.60249689e-01 0.00000000e+00 0.00000000e+00
  1.08576831e-01 4.57511609e-01 5.24250829e-01 0.00000000e+00
  0.00000000e+00 0.00000000e+00 0.00000000e+00 0.00000000e+00
  0.00000000e+00 0.00000000e+00 1.19556114e-01]
 [2.15557130e-01 7.52572174e-01 0.00000000e+00 0.00000000e+00
  1.04738041e-01 3.48153355e-01 8.18390813e-01 5.10646740e-02
  2.64413177e-02 0.00000000e+00 0.00000000e+00 0.00000000e+00
  0.00000000e+00 0.00000000e+00 0.00000000e+00]
 [7.98236466e-02 4.61515321e-01 2.56745344e-01 4.93251734e-01
  5.28831757e-01 6.24879780e-01 4.92123697e-01 0.00000000e+00
  0.00000000e+00 0.00000000e+00 0.00000000e+00 0.00000000e+00
  0.00000000e+00 0.00000000e+00 0.00000000e+00]
 [2.19345105e-01 2.95137199e-01 1.19145917e+00 1.30592268e+00
  1.44392281e+00 7.18024713e-01 3.18639655e-01 8.11933196e-01
  7.45777489e-01 8.91337075e-01 1.28520765e+00 1.88267765e+00
  1.63529249e+00 1.57697680e+00 1.37613961e+00]]

6
----------------------------------------------------------------------------------
[[0.00000000e+00 0.00000000e+00 0.00000000e+00 0.00000000e+00
  0.00000000e+00 0.00000000e+00 0.00000000e+00 0.00000000e+00
  0.00000000e+00 0.00000000e+00 0.00000000e+00 0.00000000e+00
  7.05698486e-02 0.00000000e+00 0.00000000e+00]
 [0.00000000e+00 0.00000000e+00 0.00000000e+00 0.00000000e+00
  0.00000000e+00 0.00000000e+00 0.00000000e+00 1.82298049e-03
  0.00000000e+00 0.00000000e+00 0.00000000e+00 1.37822937e-01
  6.08040988e-02 0.00000000e+00 0.00000000e+00]
 [0.00000000e+00 0.00000000e+00 5.95313961e-02 6.60071527e-03
  0.00000000e+00 0.00000000e+00 2.26461786e-01 2.33495601e-01
  0.00000000e+00 1.51649043e-01 0.00000000e+00 1.90998376e-01
  5.21947698e-01 1.17976742e-01 3.89916186e-01]
 [0.00000000e+00 0.00000000e+00 0.00000000e+00 0.00000000e+00
  0.00000000e+00 0.00000000e+00 0.00000000e+00 0.00000000e+00
  0.00000000e+00 0.00000000e+00 0.00000000e+00 1.39764012e-02
  0.00000000e+00 0.00000000e+00 0.00000000e+00]
 [0.00000000e+00 0.00000000e+00 0.00000000e+00 0.00000000e+00
  0.00000000e+00 0.00000000e+00 0.00000000e+00 0.00000000e+00
  0.00000000e+00 0.00000000e+00 0.00000000e+00 0.00000000e+00
  0.00000000e+00 0.00000000e+00 0.00000000e+00]
 [0.00000000e+00 0.00000000e+00 0.00000000e+00 0.00000000e+00
  1.90887933e-01 1.37565343e-01 1.16679518e-01 1.67489918e-01
  0.00000000e+00 2.70639710e-02 0.00000000e+00 1.37100335e-01
  2.02296709e-01 0.00000000e+00 0.00000000e+00]
 [0.00000000e+00 0.00000000e+00 0.00000000e+00 0.00000000e+00
  0.00000000e+00 0.00000000e+00 5.77790486e-03 2.39664189e-02
  0.00000000e+00 0.00000000e+00 0.00000000e+00 0.00000000e+00
  0.00000000e+00 0.00000000e+00 0.00000000e+00]
 [0.00000000e+00 0.00000000e+00 0.00000000e+00 0.00000000e+00
  0.00000000e+00 0.00000000e+00 0.00000000e+00 0.00000000e+00
  0.00000000e+00 0.00000000e+00 0.00000000e+00 0.00000000e+00
  4.87868854e-02 0.00000000e+00 0.00000000e+00]
 [0.00000000e+00 0.00000000e+00 0.00000000e+00 0.00000000e+00
  0.00000000e+00 0.00000000e+00 0.00000000e+00 0.00000000e+00
  0.00000000e+00 0.00000000e+00 0.00000000e+00 0.00000000e+00
  3.93224306e-02 0.00000000e+00 0.00000000e+00]
 [7.30220176e-02 0.00000000e+00 1.26921554e+00 1.52025110e-01
  1.83692848e-01 9.15285429e-01 9.46872228e-01 1.13395452e+00
  5.23607142e-01 4.34482171e-01 5.17794260e-01 8.83286598e-01
  4.67611084e-01 8.14436563e-01 8.23411002e-02]
 [0.00000000e+00 0.00000000e+00 0.00000000e+00 0.00000000e+00
  1.06242821e-02 0.00000000e+00 1.44913993e-01 0.00000000e+00
  0.00000000e+00 0.00000000e+00 0.00000000e+00 0.00000000e+00
  0.00000000e+00 0.00000000e+00 0.00000000e+00]
 [0.00000000e+00 0.00000000e+00 0.00000000e+00 0.00000000e+00
  0.00000000e+00 0.00000000e+00 0.00000000e+00 4.70782489e-02
  0.00000000e+00 0.00000000e+00 0.00000000e+00 0.00000000e+00
  8.15466083e-02 0.00000000e+00 1.98775173e-02]
 [0.00000000e+00 0.00000000e+00 0.00000000e+00 0.00000000e+00
  4.43699454e-02 0.00000000e+00 2.12529390e-01 0.00000000e+00
  0.00000000e+00 0.00000000e+00 0.00000000e+00 0.00000000e+00
  0.00000000e+00 1.44481433e-01 0.00000000e+00]
 [2.81304187e-01 3.56001026e-01 4.49657367e-01 2.28291594e-01
  1.73772245e+00 3.06850009e-01 3.06752200e-01 1.46276844e-01
  0.00000000e+00 2.61592926e-01 3.63073104e-01 9.29833286e-01
  3.91019116e-01 4.98318805e-01 7.44295107e-01]
 [7.94635872e-01 8.45093661e-01 4.84502546e-01 9.41341855e-01
  4.28679807e+00 8.26979028e-01 3.40707801e-01 9.65900550e-02
  0.00000000e+00 1.25197694e+00 7.69344779e-01 9.56002304e-01
  1.12577877e+00 7.60352559e-01 1.21702883e+00]
 [8.26466086e-02 2.89846918e-01 5.53833856e-01 2.17020420e-01
  4.91976914e-01 4.98493321e-01 4.66778787e-01 0.00000000e+00
  0.00000000e+00 3.99991871e-01 7.67305468e-01 1.17864843e+00
  6.32532304e-01 4.00090851e-01 1.26882982e+00]
 [4.82166147e-01 4.87574201e-01 3.27960653e-01 2.21193675e-01
  5.39335331e-01 4.03390383e-01 2.74595158e-01 3.05708430e-01
  0.00000000e+00 1.38534836e-01 4.68299642e-01 8.40164362e-01
  7.81111413e-01 2.39132826e-01 2.69126185e-01]
 [1.09157566e+00 8.88025810e-01 6.98103668e-01 7.04057243e-01
  1.14374873e+00 9.81145207e-01 5.74493445e-01 5.74843466e-01
  1.07658504e+00 9.23736050e-01 7.31905137e-01 5.40781500e-01
  3.27027462e-01 5.94457841e-01 1.10769150e+00]]

7
----------------------------------------------------------------------------------
[[0.00000000e+00 0.00000000e+00 1.27160547e-01 3.59439970e-01
  2.46761648e-01 0.00000000e+00 1.15291489e-01 2.21314213e-01
  0.00000000e+00 0.00000000e+00 0.00000000e+00 0.00000000e+00
  0.00000000e+00 0.00000000e+00 0.00000000e+00]
 [2.01777070e-02 0.00000000e+00 4.80192067e-01 1.94231079e-01
  4.01238279e-01 0.00000000e+00 9.79827068e-02 5.52899382e-01
  0.00000000e+00 0.00000000e+00 0.00000000e+00 0.00000000e+00
  0.00000000e+00 0.00000000e+00 0.00000000e+00]
 [0.00000000e+00 7.67653092e-02 3.41078237e-01 9.00874066e-01
  5.65375908e-01 4.75293607e-01 4.54756459e-01 7.04372912e-01
  8.82011322e-02 0.00000000e+00 0.00000000e+00 0.00000000e+00
  0.00000000e+00 0.00000000e+00 0.00000000e+00]
 [0.00000000e+00 0.00000000e+00 1.32046650e-01 2.32425010e-01
  3.55891736e-01 0.00000000e+00 3.72270212e-03 2.99308630e-01
  0.00000000e+00 0.00000000e+00 0.00000000e+00 0.00000000e+00
  0.00000000e+00 0.00000000e+00 0.00000000e+00]
 [0.00000000e+00 0.00000000e+00 9.53472824e-02 9.55128225e-02
  1.95293725e-01 7.58162660e-03 4.77037431e-03 1.98774764e-01
  0.00000000e+00 0.00000000e+00 0.00000000e+00 0.00000000e+00
  0.00000000e+00 0.00000000e+00 0.00000000e+00]
 [0.00000000e+00 3.03926222e-01 3.49413190e-01 3.70136268e-01
  5.15993916e-01 5.07793196e-01 3.54665067e-01 4.90308189e-01
  0.00000000e+00 0.00000000e+00 0.00000000e+00 0.00000000e+00
  0.00000000e+00 0.00000000e+00 0.00000000e+00]
 [0.00000000e+00 5.18732606e-02 2.89519634e-01 1.17014248e-01
  1.68478609e-01 7.45008013e-03 8.74458931e-02 3.76134613e-01
  0.00000000e+00 0.00000000e+00 0.00000000e+00 0.00000000e+00
  0.00000000e+00 0.00000000e+00 0.00000000e+00]
 [0.00000000e+00 0.00000000e+00 0.00000000e+00 5.33632093e-01
  5.01214689e-01 8.47203157e-03 0.00000000e+00 1.01414833e-01
  0.00000000e+00 0.00000000e+00 0.00000000e+00 0.00000000e+00
  0.00000000e+00 0.00000000e+00 0.00000000e+00]
 [0.00000000e+00 0.00000000e+00 0.00000000e+00 4.21373361e-01
  3.29158492e-01 4.62188780e-02 0.00000000e+00 0.00000000e+00
  9.70733398e-01 0.00000000e+00 0.00000000e+00 0.00000000e+00
  0.00000000e+00 0.00000000e+00 0.00000000e+00]
 [0.00000000e+00 2.58658438e-01 8.03934454e-01 1.29307759e+00
  6.06284937e-01 3.70511882e-01 0.00000000e+00 2.04993216e+00
  1.12389986e+00 0.00000000e+00 0.00000000e+00 0.00000000e+00
  0.00000000e+00 0.00000000e+00 0.00000000e+00]
 [0.00000000e+00 0.00000000e+00 4.90882709e-01 3.11487547e-01
  3.30484772e-01 1.15012204e-01 8.71108988e-02 4.10030575e-01
  3.64073282e-01 0.00000000e+00 0.00000000e+00 0.00000000e+00
  0.00000000e+00 0.00000000e+00 0.00000000e+00]
 [0.00000000e+00 0.00000000e+00 0.00000000e+00 2.50085315e-01
  3.10494588e-01 1.31351833e-02 0.00000000e+00 6.05102224e-02
  5.78074443e-01 0.00000000e+00 0.00000000e+00 0.00000000e+00
  0.00000000e+00 0.00000000e+00 0.00000000e+00]
 [0.00000000e+00 0.00000000e+00 2.66281408e-01 2.23969754e-01
  2.70188386e-01 3.86665700e-03 0.00000000e+00 3.26332145e-01
  3.01003850e-02 0.00000000e+00 0.00000000e+00 0.00000000e+00
  0.00000000e+00 0.00000000e+00 0.00000000e+00]
 [0.00000000e+00 0.00000000e+00 3.18973727e-01 1.51200280e-01
  2.08042961e-01 6.91458244e-02 1.36855459e-02 2.75995573e-01
  0.00000000e+00 0.00000000e+00 0.00000000e+00 0.00000000e+00
  0.00000000e+00 4.47892246e-02 0.00000000e+00]
 [0.00000000e+00 2.08100194e-02 6.89409138e-01 5.61007553e-01
  6.18929055e-01 2.07261664e-01 2.91596935e-02 2.83074819e-01
  0.00000000e+00 0.00000000e+00 0.00000000e+00 0.00000000e+00
  0.00000000e+00 0.00000000e+00 0.00000000e+00]
 [2.55391966e-01 3.70065621e-02 7.65113781e-01 5.62235632e-01
  5.06826043e-01 4.51421025e-01 1.18909069e-01 2.86695896e-01
  6.35858718e-02 0.00000000e+00 0.00000000e+00 0.00000000e+00
  0.00000000e+00 0.00000000e+00 0.00000000e+00]
 [0.00000000e+00 0.00000000e+00 8.99735923e-02 0.00000000e+00
  3.45302053e-01 0.00000000e+00 9.52302092e-03 1.48220080e-01
  0.00000000e+00 0.00000000e+00 0.00000000e+00 0.00000000e+00
  0.00000000e+00 0.00000000e+00 0.00000000e+00]
 [2.10981490e+00 2.31005701e+00 1.38351052e+00 8.65730288e-01
  8.63504315e-01 1.22549575e+00 1.31990238e+00 9.42501735e-01
  1.01218462e+00 3.56679144e+00 4.89268344e+00 5.48273821e+00
  5.23407995e+00 3.91624357e+00 2.88943005e+00]]

8
----------------------------------------------------------------------------------
[[0.00000000e+00 9.92585615e-02 0.00000000e+00 0.00000000e+00
  0.00000000e+00 0.00000000e+00 0.00000000e+00 0.00000000e+00
  0.00000000e+00 0.00000000e+00 0.00000000e+00 0.00000000e+00
  0.00000000e+00 0.00000000e+00 0.00000000e+00]
 [0.00000000e+00 1.82306827e-01 0.00000000e+00 0.00000000e+00
  0.00000000e+00 0.00000000e+00 0.00000000e+00 0.00000000e+00
  0.00000000e+00 0.00000000e+00 0.00000000e+00 0.00000000e+00
  0.00000000e+00 0.00000000e+00 0.00000000e+00]
 [1.62223765e-02 6.54597200e-01 0.00000000e+00 0.00000000e+00
  0.00000000e+00 0.00000000e+00 0.00000000e+00 0.00000000e+00
  0.00000000e+00 0.00000000e+00 0.00000000e+00 0.00000000e+00
  0.00000000e+00 0.00000000e+00 1.98422220e-01]
 [0.00000000e+00 3.60509321e-02 0.00000000e+00 0.00000000e+00
  3.06804393e-01 0.00000000e+00 0.00000000e+00 0.00000000e+00
  0.00000000e+00 0.00000000e+00 0.00000000e+00 0.00000000e+00
  0.00000000e+00 0.00000000e+00 6.74669945e-01]
 [0.00000000e+00 0.00000000e+00 0.00000000e+00 0.00000000e+00
  0.00000000e+00 0.00000000e+00 0.00000000e+00 0.00000000e+00
  0.00000000e+00 0.00000000e+00 0.00000000e+00 0.00000000e+00
  0.00000000e+00 0.00000000e+00 2.51231213e-01]
 [0.00000000e+00 2.85744384e-02 0.00000000e+00 0.00000000e+00
  0.00000000e+00 0.00000000e+00 0.00000000e+00 0.00000000e+00
  0.00000000e+00 0.00000000e+00 0.00000000e+00 0.00000000e+00
  0.00000000e+00 0.00000000e+00 3.83885352e-02]
 [0.00000000e+00 0.00000000e+00 0.00000000e+00 0.00000000e+00
  0.00000000e+00 0.00000000e+00 0.00000000e+00 0.00000000e+00
  0.00000000e+00 0.00000000e+00 0.00000000e+00 0.00000000e+00
  0.00000000e+00 0.00000000e+00 0.00000000e+00]
 [0.00000000e+00 1.22119110e-01 0.00000000e+00 5.05595930e-01
  3.10014389e+00 0.00000000e+00 0.00000000e+00 0.00000000e+00
  0.00000000e+00 0.00000000e+00 0.00000000e+00 0.00000000e+00
  0.00000000e+00 0.00000000e+00 2.73485895e+00]
 [0.00000000e+00 3.25800382e-02 0.00000000e+00 2.23156075e+00
  8.36940111e+00 0.00000000e+00 0.00000000e+00 2.22210025e-01
  0.00000000e+00 0.00000000e+00 0.00000000e+00 0.00000000e+00
  0.00000000e+00 2.46508862e-01 3.97289847e+00]
 [2.43193295e-01 1.09431376e+00 0.00000000e+00 4.77298928e-01
  0.00000000e+00 0.00000000e+00 0.00000000e+00 0.00000000e+00
  0.00000000e+00 0.00000000e+00 0.00000000e+00 0.00000000e+00
  0.00000000e+00 1.24032867e-01 1.90364601e+00]
 [0.00000000e+00 2.27509906e-01 0.00000000e+00 1.14420871e+00
  4.98740946e+00 1.00345759e+00 0.00000000e+00 7.82769240e-01
  0.00000000e+00 0.00000000e+00 0.00000000e+00 0.00000000e+00
  0.00000000e+00 6.58238745e-01 3.89555572e+00]
 [0.00000000e+00 0.00000000e+00 0.00000000e+00 3.54919681e-02
  1.82544258e+00 0.00000000e+00 0.00000000e+00 0.00000000e+00
  0.00000000e+00 0.00000000e+00 0.00000000e+00 0.00000000e+00
  0.00000000e+00 0.00000000e+00 2.35723203e+00]
 [0.00000000e+00 2.38698164e-03 0.00000000e+00 0.00000000e+00
  1.19161072e+00 3.07287256e-01 0.00000000e+00 1.30472359e-01
  0.00000000e+00 0.00000000e+00 0.00000000e+00 0.00000000e+00
  0.00000000e+00 0.00000000e+00 1.94735305e+00]
 [0.00000000e+00 4.17588085e-01 4.69095651e-02 0.00000000e+00
  0.00000000e+00 0.00000000e+00 0.00000000e+00 0.00000000e+00
  1.87115996e-01 0.00000000e+00 0.00000000e+00 2.03099505e-01
  0.00000000e+00 4.43338441e-02 2.58977081e-01]
 [2.12234393e-01 7.54892519e-01 5.78272224e-01 0.00000000e+00
  0.00000000e+00 0.00000000e+00 0.00000000e+00 0.00000000e+00
  0.00000000e+00 0.00000000e+00 0.00000000e+00 4.56034387e-01
  0.00000000e+00 0.00000000e+00 2.42879020e-01]
 [2.61606533e-01 4.90675925e-01 0.00000000e+00 0.00000000e+00
  0.00000000e+00 0.00000000e+00 0.00000000e+00 0.00000000e+00
  6.20197115e-03 0.00000000e+00 0.00000000e+00 0.00000000e+00
  0.00000000e+00 0.00000000e+00 5.57308412e-02]
 [1.79999396e-02 4.61450875e-01 2.87564067e-01 0.00000000e+00
  0.00000000e+00 0.00000000e+00 0.00000000e+00 0.00000000e+00
  0.00000000e+00 0.00000000e+00 0.00000000e+00 0.00000000e+00
  0.00000000e+00 0.00000000e+00 4.22381164e-01]
 [1.02124106e+00 2.55403607e-01 1.39697233e+00 2.01200050e+00
  2.62260485e+00 3.27220487e+00 3.56158305e+00 3.24246536e+00
  3.42765312e+00 3.48908019e+00 4.29553200e+00 4.59159316e+00
  3.52160240e+00 1.37120041e+00 7.26667821e-01]]

9
----------------------------------------------------------------------------------
[[0.         0.         0.         0.         0.         0.
  0.00997473 0.10409592 0.         0.25332923 0.52414047 0.
  0.         0.         0.        ]
 [0.         0.         0.         0.         0.         0.
  0.10593207 0.07727901 0.3746043  0.09186142 0.71772533 0.
  0.         0.         0.        ]
 [0.04800003 0.         0.         0.         0.         0.
  0.04771916 0.10875383 0.20791045 0.65914947 0.97438208 0.4833756
  0.         0.         0.        ]
 [0.         0.         0.         0.         0.         0.
  0.23466437 0.01213014 0.         0.0166868  0.38612991 0.
  0.         0.         0.        ]
 [0.         0.         0.         0.         0.         0.
  0.11087284 0.         0.05300257 0.03219413 0.530383   0.
  0.         0.         0.        ]
 [0.11930659 0.         0.         0.         0.         0.
  0.32017811 0.         0.13015622 0.32564584 0.68486518 0.36294115
  0.         0.         0.        ]
 [0.         0.         0.         0.         0.         0.
  0.18893209 0.         0.0942966  0.08184925 0.75793999 0.
  0.         0.         0.        ]
 [0.         0.48858584 1.40079323 0.         0.         0.
  0.09857987 0.         0.         0.         0.2634796  0.
  0.         1.07809603 2.31819278]
 [0.         1.86489123 3.4289959  0.76130943 0.28323388 0.19850923
  0.19295397 0.         0.         0.         0.36862654 0.
  0.         1.33454432 1.92959032]
 [0.         0.         0.         0.         0.         0.
  0.31560014 0.         0.52244969 0.73469332 1.70298081 1.07313499
  0.         0.         0.        ]
 [0.         1.50689955 2.08819908 1.59870495 0.6914619  0.38943571
  0.3354643  0.         0.02349911 0.18036864 0.84495886 0.02017403
  0.         2.52510617 4.17883837]
 [0.         1.16054079 0.70990267 0.00707535 0.         0.
  0.         0.         0.         0.         0.22635099 0.
  0.         0.         0.        ]
 [0.         0.41227605 1.22515463 0.60849673 0.10306186 0.04332191
  0.29086668 0.         0.06670287 0.17827239 0.68003305 0.02367886
  0.         1.08461402 2.40481979]
 [0.         0.48184549 0.         0.         0.         1.33468231
  0.15617057 0.         0.83561737 0.68886986 0.22355954 1.19525112
  0.69595584 0.82877044 1.61834063]
 [0.         0.34933531 0.05823737 0.03784046 0.87963231 5.15459981
  0.90443262 0.         1.99916304 0.76901689 0.16613826 1.60361667
  1.56044207 2.12777878 2.19501476]
 [0.         0.53616041 0.01105869 0.         0.         0.45858825
  1.14546751 0.04218304 1.5554269  1.29719405 0.95534341 1.93449511
  1.45608957 1.68002475 1.50377147]
 [0.         0.03091469 0.         0.         0.38415858 0.66153695
  0.         0.         0.01755798 0.         0.         0.12906311
  0.         0.         0.        ]
 [1.02624169 2.01229774 2.3533908  1.63483309 1.240915   1.14190449
  1.04758732 1.65224637 1.319306   0.98846307 0.86817027 1.35764548
  2.1904874  2.10075161 2.65344881]]

10
----------------------------------------------------------------------------------
[[0.00000000e+00 0.00000000e+00 4.53720503e-02 1.86110258e-01
  6.51937269e-01 7.22285350e-01 8.80721947e-01 4.84684560e-01
  0.00000000e+00 0.00000000e+00 0.00000000e+00 0.00000000e+00
  0.00000000e+00 0.00000000e+00 0.00000000e+00]
 [0.00000000e+00 0.00000000e+00 1.01846398e-01 2.73360836e-01
  5.51847594e-01 7.73335393e-01 8.64944417e-01 4.20234594e-01
  0.00000000e+00 0.00000000e+00 0.00000000e+00 0.00000000e+00
  0.00000000e+00 0.00000000e+00 0.00000000e+00]
 [0.00000000e+00 2.88677357e-02 1.35752861e-01 2.24180515e-01
  5.76566876e-01 1.11927893e+00 7.47727721e-01 3.72162723e-01
  0.00000000e+00 0.00000000e+00 0.00000000e+00 0.00000000e+00
  0.00000000e+00 0.00000000e+00 0.00000000e+00]
 [0.00000000e+00 0.00000000e+00 4.71133082e-02 9.47302384e-02
  4.71238240e-01 6.08206456e-01 8.32606953e-01 5.56742487e-01
  0.00000000e+00 0.00000000e+00 0.00000000e+00 0.00000000e+00
  0.00000000e+00 0.00000000e+00 0.00000000e+00]
 [0.00000000e+00 0.00000000e+00 0.00000000e+00 9.86149341e-02
  4.04776432e-01 4.06822230e-01 6.97747087e-01 2.72952038e-01
  0.00000000e+00 0.00000000e+00 0.00000000e+00 0.00000000e+00
  0.00000000e+00 0.00000000e+00 0.00000000e+00]
 [0.00000000e+00 0.00000000e+00 7.42591250e-01 2.76929273e-01
  7.87006572e-01 9.54206635e-01 5.58019056e-01 0.00000000e+00
  0.00000000e+00 0.00000000e+00 0.00000000e+00 0.00000000e+00
  0.00000000e+00 0.00000000e+00 0.00000000e+00]
 [0.00000000e+00 0.00000000e+00 9.51027054e-02 1.88455868e-01
  5.19616560e-01 1.83267863e-01 5.03130054e-01 0.00000000e+00
  0.00000000e+00 0.00000000e+00 0.00000000e+00 0.00000000e+00
  0.00000000e+00 0.00000000e+00 0.00000000e+00]
 [1.20316843e+00 8.90830608e-01 9.13002646e-01 3.20852802e-01
  5.82998621e-01 4.31584849e-01 7.04974043e-01 4.54287143e-01
  0.00000000e+00 0.00000000e+00 0.00000000e+00 0.00000000e+00
  1.26204372e+00 0.00000000e+00 0.00000000e+00]
 [1.64300357e+00 1.54169200e+00 1.26785343e+00 5.35707418e-01
  5.35751991e-01 3.35312861e-01 5.94085157e-01 1.10948189e-01
  0.00000000e+00 0.00000000e+00 0.00000000e+00 1.04403481e+00
  1.57384493e+00 0.00000000e+00 0.00000000e+00]
 [0.00000000e+00 0.00000000e+00 3.72318945e-01 2.36848752e-01
  0.00000000e+00 1.00826890e+00 2.77445534e+00 0.00000000e+00
  0.00000000e+00 0.00000000e+00 0.00000000e+00 0.00000000e+00
  0.00000000e+00 0.00000000e+00 0.00000000e+00]
 [0.00000000e+00 1.82540645e+00 2.17351095e+00 8.78102356e-01
  7.89850326e-01 5.91179250e-01 6.80280840e-01 0.00000000e+00
  0.00000000e+00 0.00000000e+00 0.00000000e+00 9.48193584e-01
  2.61645117e+00 0.00000000e+00 0.00000000e+00]
 [1.35349250e+00 1.29468461e+00 7.87526135e-01 2.54688217e-01
  4.27400169e-01 3.43898438e-01 5.20065727e-01 1.72522397e-01
  0.00000000e+00 0.00000000e+00 0.00000000e+00 3.32787783e-01
  6.72891785e-01 0.00000000e+00 0.00000000e+00]
 [0.00000000e+00 6.90758580e-01 1.14433677e+00 2.80671391e-01
  6.86817027e-01 4.43240368e-01 3.49515663e-01 0.00000000e+00
  0.00000000e+00 0.00000000e+00 0.00000000e+00 0.00000000e+00
  7.65059665e-01 0.00000000e+00 0.00000000e+00]
 [1.39631842e-01 1.27607803e-01 3.47297257e-01 6.32208301e-02
  3.65651242e-02 0.00000000e+00 5.94218633e-02 0.00000000e+00
  9.65945985e-01 8.23461613e+00 4.43280094e-01 3.85599540e-02
  1.14959441e-01 1.08422839e-01 2.25788605e-01]
 [9.10185986e-01 6.47994789e-01 1.38640163e+00 9.93370842e-01
  1.67601938e-02 4.52429802e-01 5.36152380e-01 0.00000000e+00
  0.00000000e+00 4.82245260e+00 3.26363195e-01 1.34556719e-01
  9.51306457e-01 2.74595088e-01 3.43987281e-01]
 [0.00000000e+00 0.00000000e+00 1.89893204e-01 0.00000000e+00
  9.44448585e-02 0.00000000e+00 0.00000000e+00 0.00000000e+00
  8.37588419e-01 2.44502000e+00 0.00000000e+00 0.00000000e+00
  0.00000000e+00 7.33497129e-02 1.70791562e+00]
 [7.70241177e-01 6.68969432e-01 8.29038894e-01 6.36690048e-01
  0.00000000e+00 3.50587333e-04 5.70511849e-01 6.92550470e-02
  0.00000000e+00 0.00000000e+00 4.21356043e-01 5.79769003e-01
  1.44995160e+00 4.81624405e-01 0.00000000e+00]
 [1.52597065e+00 1.32258999e+00 7.88228616e-01 1.08160318e+00
  1.21172680e+00 1.08010335e+00 8.31097560e-01 1.24496698e+00
  3.76729916e+00 5.08460500e+00 4.43793356e+00 4.66648482e+00
  4.10200832e+00 3.53553228e+00 2.68267004e+00]]

11
----------------------------------------------------------------------------------
[[0.         0.         0.         0.06119041 0.         0.
  0.         0.         0.         0.         0.         0.
  0.         0.         0.        ]
 [0.         0.         0.         0.03211876 0.         0.
  0.         0.         0.         0.         0.         0.
  0.         0.         0.        ]
 [0.         0.         0.         0.         0.         0.
  0.         0.         0.         0.         0.         0.
  0.00867107 0.49111043 0.        ]
 [0.         0.         0.         0.         0.         0.
  0.         0.         0.         0.         0.         0.
  0.         0.         0.        ]
 [0.         0.         0.         0.         0.00541408 0.
  0.         0.         0.         0.         0.         0.
  0.         0.         0.        ]
 [0.         0.         0.         0.10716104 0.17305219 0.
  0.         0.         0.         0.         0.         0.86481655
  0.25014198 0.         0.        ]
 [0.         0.         0.         0.15039406 0.12725    0.
  0.         0.         0.         0.         0.         0.
  0.         0.         0.        ]
 [1.79916348 0.58197322 0.16447217 0.22272598 0.         0.
  0.         0.         0.         0.         0.         0.
  0.         0.         0.        ]
 [3.31538601 1.24377401 0.65653208 0.46359593 0.01098853 0.
  0.         0.         0.         0.         0.         0.
  0.         0.         0.        ]
 [0.         0.         0.         0.         0.         0.
  0.         0.         0.         0.         0.         0.
  0.01041445 0.46242076 0.04888225]
 [1.54463702 1.77192279 0.99193403 0.69476815 0.27152418 0.
  0.         0.         0.         0.         0.         0.
  0.         0.         0.        ]
 [0.46894713 0.         0.         0.         0.00499089 0.
  0.         0.         0.         0.         0.         0.
  0.         0.         0.        ]
 [0.77712759 0.254361   0.         0.         0.         0.
  0.         0.         0.         0.         0.         0.10678946
  0.21813676 0.         0.        ]
 [0.         0.         0.         0.54352775 0.31372691 0.
  0.33384372 0.39024038 0.         0.         0.46031658 0.43822671
  0.47279512 0.41726374 0.47592979]
 [0.         0.         0.57393349 2.65953857 0.75808545 0.01137056
  0.21388638 0.         0.19405721 0.         0.92387487 0.86432248
  0.55585296 0.4013436  0.67203758]
 [0.         0.         0.         0.         0.         0.
  0.         0.14810844 0.         0.         0.         0.88084157
  1.42978262 0.9995739  0.39421578]
 [0.         0.         0.         0.10952208 0.07499032 0.18377343
  0.         0.         0.         0.         0.07087714 0.
  0.08373653 0.11209739 0.38845637]
 [2.71557206 2.34500344 1.77951837 1.16634975 1.07982177 2.34924516
  3.26001665 4.37892748 4.71639006 3.73996039 3.08127311 2.03301835
  0.82419681 0.9841844  1.02810578]]

12
----------------------------------------------------------------------------------
[[0.         0.         0.         0.         0.         0.
  0.         0.         0.         0.         0.         0.
  0.         0.         0.        ]
 [0.23741631 0.         0.         0.         0.         0.
  0.         0.         0.         0.         0.         0.
  0.         0.         0.        ]
 [0.27994955 0.53544408 0.         0.         0.         0.
  0.         0.         0.         0.         0.         0.
  0.         0.         0.        ]
 [0.02438084 0.         0.         0.         0.         0.
  0.         0.         0.         0.         0.         0.
  0.         0.         0.        ]
 [0.06611353 0.         0.         0.         0.         0.
  0.         0.         0.         0.         0.         0.
  0.         0.         0.        ]
 [0.81182337 0.         0.         1.33207858 0.         0.
  0.         0.         0.         0.         0.         0.
  0.         0.         0.        ]
 [0.14211032 0.         0.         0.         0.         0.
  0.         0.         0.         0.         0.         0.
  0.         0.         0.        ]
 [0.         0.         0.         0.         0.         0.
  0.         0.         0.         0.         0.         0.
  0.         0.         0.        ]
 [0.         0.         0.         0.         0.         0.
  0.         0.         0.         0.         0.         0.
  0.         0.         0.        ]
 [0.84140714 0.33478757 0.47719334 1.14966668 0.         0.
  0.         0.         0.         0.         0.         0.
  0.         0.         0.        ]
 [0.33695249 0.         0.         0.         0.         0.
  0.         0.         0.         0.         0.         0.
  0.         0.         0.        ]
 [0.         0.         0.         0.         0.         0.
  0.         0.         0.         0.         0.         0.
  0.         0.         0.        ]
 [0.25946365 0.         0.         0.         0.         0.
  0.         0.         0.         0.         0.         0.
  0.         0.         0.        ]
 [0.         0.         0.         0.         0.31548473 0.
  0.15424078 0.30386434 0.08959631 0.         0.40474272 0.
  0.         0.         0.        ]
 [0.13302927 0.         0.         0.         0.         0.
  0.         0.29368549 0.33271237 0.01521738 0.2593688  0.05155311
  0.         0.         0.        ]
 [0.33775843 0.         0.         0.31175377 0.         0.
  0.         0.         0.24789229 0.         0.         0.08193663
  0.16975137 0.         0.        ]
 [0.         0.         0.         0.         0.         0.
  0.         0.33817481 0.26499351 0.10768753 0.42123922 0.
  0.         0.         0.        ]
 [0.65381439 1.37415253 2.42711434 3.05057233 3.37629963 3.51452847
  3.61457875 2.81105489 2.85764851 3.00439206 2.28492773 1.86345036
  2.43977055 3.45189013 3.27901395]]

13
----------------------------------------------------------------------------------
[[0.         0.         0.13609405 0.30344459 0.16576862 0.
  0.         0.         0.25636663 0.         0.         0.04672205
  0.00465629 0.         0.08128469]
 [0.         0.         0.         0.07823799 0.04805734 0.
  0.         0.         0.07587473 0.         0.         0.07657086
  0.09557181 0.         0.23225972]
 [0.         0.         0.         0.         0.47115164 0.
  0.         0.         0.0909881  0.         0.27896761 0.37162506
  0.36656106 0.         0.29318514]
 [0.         0.         0.0945547  0.42297329 0.13119993 0.
  0.         0.         0.17966139 0.         0.         0.
  0.02833442 0.         0.04249362]
 [0.         0.         0.         0.14133836 0.02218039 0.
  0.         0.         0.23380875 0.02832998 0.         0.
  0.03150911 0.         0.15070322]
 [0.         0.         0.         0.22923071 0.0296479  0.
  0.         0.         0.         0.         0.         0.18617897
  0.26977887 0.0695828  0.27521214]
 [0.         0.         0.         0.         0.00685417 0.
  0.         0.         0.         0.03415592 0.         0.
  0.10214487 0.         0.14383167]
 [0.         0.         0.1691985  0.53349009 0.14993543 0.
  0.         0.         0.1352405  0.         0.         0.
  0.03012912 0.         0.04591705]
 [0.         0.         0.09684243 0.29136462 0.12665848 0.
  0.         0.         0.09962035 0.         0.         0.
  0.         0.         0.02630658]
 [0.38885823 0.         0.60766936 0.37531065 0.64485334 0.
  0.41539434 0.33643769 0.47430975 0.         0.67809745 0.79002789
  0.80745236 0.49319765 0.7909901 ]
 [0.         0.         0.         0.         0.06666655 0.
  0.         0.         0.         0.         0.         0.
  0.1498785  0.         0.04354496]
 [0.         0.         0.17422302 0.35627844 0.14887799 0.
  0.         0.         0.08396804 0.         0.         0.
  0.00715146 0.         0.0161953 ]
 [0.         0.         0.         0.         0.33141528 0.
  0.         0.         0.         0.         0.         0.
  0.20288288 0.         0.07281157]
 [0.         0.37654467 1.11602161 0.91803384 0.75879256 0.27393542
  1.83115369 0.47020571 0.47102859 0.32611414 1.21364758 1.51170638
  0.78812723 0.27173743 0.19747292]
 [0.15907821 1.43717303 2.6577479  1.54113261 0.93047701 1.0222961
  1.94464349 0.30929852 0.30582748 0.59456074 0.94440788 0.91126323
  0.53838759 0.         0.13468956]
 [0.33245104 0.41583305 1.53213995 1.23636914 1.17915549 0.13646593
  0.13939918 0.12875507 0.61896571 0.37723403 1.41743907 1.71503445
  0.7393273  0.22887558 0.10631526]
 [0.         0.74708685 1.80901974 1.47232614 0.54282282 0.19964033
  0.26241419 0.53328166 0.55952191 0.19788588 0.10494486 0.23258139
  0.03619869 0.         0.25128894]
 [1.54899993 1.32360929 0.84916978 0.4652548  0.3621148  0.81842954
  0.98390752 1.06754312 0.85084052 1.04848064 0.66556148 0.26427292
  0.25536196 0.51665943 0.31869643]]

14
----------------------------------------------------------------------------------
[[0.00000000e+00 2.88027271e-01 2.51068481e-02 0.00000000e+00
  5.07588346e-01 1.02541239e-01 1.85107717e+00 2.83516904e+00
  9.95355977e-01 0.00000000e+00 0.00000000e+00 1.67309058e+00
  2.07444299e+00 1.45440774e+00 9.84950036e-01]
 [0.00000000e+00 2.05860870e-01 0.00000000e+00 2.26700030e-01
  0.00000000e+00 2.91240491e-01 2.85699006e+00 3.41704367e+00
  1.57036646e+00 9.25694525e-02 0.00000000e+00 4.27800580e+00
  3.57752400e+00 1.63495653e+00 7.38243249e-01]
 [4.06408376e-01 6.40118488e-01 8.36116972e-01 4.02993374e-02
  4.72696975e-01 0.00000000e+00 1.86202455e+00 1.63940613e+00
  1.23085680e+00 1.18748056e-01 0.00000000e+00 0.00000000e+00
  2.12339404e+00 1.83085176e+00 9.39741342e-01]
 [1.62490895e-01 3.91513359e-01 0.00000000e+00 0.00000000e+00
  7.30180331e-01 7.40073343e-01 2.77361721e+00 2.92854237e+00
  1.15165220e+00 0.00000000e+00 0.00000000e+00 1.28798535e+00
  2.32527331e+00 1.68105921e+00 1.02200343e+00]
 [8.99408278e-02 0.00000000e+00 2.94717195e-02 0.00000000e+00
  4.48015286e-01 5.00209868e-01 3.00201298e+00 4.12431579e+00
  2.06217723e+00 4.06875469e-01 0.00000000e+00 2.06853927e+00
  3.01053912e+00 1.73199756e+00 1.25654093e+00]
 [1.45100265e-01 1.94031759e-01 3.24493252e-01 1.21418896e-02
  5.69844243e-02 7.41137289e-01 2.30350683e+00 3.84213248e+00
  2.04347917e+00 6.46548824e-01 0.00000000e+00 4.27940188e-01
  1.65662140e+00 9.36666956e-01 7.46701281e-01]
 [3.54479634e-02 4.83677592e-02 1.13312397e-01 6.88771796e-02
  0.00000000e+00 0.00000000e+00 2.08826669e+00 3.46171398e+00
  1.68014245e+00 7.55856942e-01 0.00000000e+00 1.97435287e+00
  2.06721226e+00 8.06799419e-01 8.19111481e-01]
 [1.08912454e-01 1.92158688e-01 6.58862418e-01 8.00398211e+00
  2.73548199e+00 0.00000000e+00 4.31716325e-01 1.04745997e+00
  5.20538101e-01 0.00000000e+00 0.00000000e+00 0.00000000e+00
  0.00000000e+00 2.85989469e-01 4.44399093e-01]
 [5.60528344e-02 0.00000000e+00 6.47542044e-01 4.10110741e+00
  3.13219916e+00 2.58287240e-01 6.43698768e-02 9.60665740e-01
  1.87924224e+00 6.99657305e-01 0.00000000e+00 0.00000000e+00
  7.77586528e-03 3.29870366e-01 3.36500467e-01]
 [1.17459729e+00 1.15584168e+00 2.49617635e-01 1.53039551e+00
  1.52614226e+00 4.40808761e-01 2.09959753e+00 2.61158921e+00
  0.00000000e+00 0.00000000e+00 0.00000000e+00 0.00000000e+00
  0.00000000e+00 0.00000000e+00 8.66900355e-01]
 [5.20744209e-02 0.00000000e+00 1.87603321e-01 6.44265396e+00
  5.20732064e+00 0.00000000e+00 4.71703533e-01 1.95398351e+00
  2.70530185e+00 2.53958381e+00 3.75989109e-01 0.00000000e+00
  1.35701357e-01 0.00000000e+00 4.20423820e-01]
 [1.17565360e-01 3.62794060e-03 3.26387418e-01 2.62575799e+00
  2.14321729e+00 6.88308065e-02 1.84103817e-02 5.17189153e-01
  6.96888808e-01 2.88539903e-01 0.00000000e+00 0.00000000e+00
  0.00000000e+00 2.43981986e-01 2.86257934e-01]
 [7.90593704e-03 7.07916900e-02 1.17563771e-01 3.09431310e+00
  3.63912103e+00 0.00000000e+00 6.34505547e-01 1.35953966e+00
  2.09887668e+00 1.25611076e+00 0.00000000e+00 0.00000000e+00
  3.07693421e-02 2.39153596e-01 4.32419967e-01]
 [1.54161365e-01 2.39588286e-01 1.15376779e+00 6.57453774e-01
  4.40064125e-02 4.21652050e-01 1.19441257e+00 8.12579517e-01
  0.00000000e+00 0.00000000e+00 0.00000000e+00 2.83573329e-01
  1.18019508e-01 0.00000000e+00 5.99091332e-02]
 [2.77249687e-01 2.05550125e-01 1.49588290e+00 1.06069862e+00
  5.67963380e-01 6.48817162e-01 1.05313653e+00 1.77448295e+00
  1.71185736e-02 0.00000000e+00 0.00000000e+00 2.77950592e-01
  6.96993862e-02 0.00000000e+00 0.00000000e+00]
 [3.11146259e-01 2.97474424e-01 8.51299781e-01 5.47135162e-01
  9.02727374e-01 4.85196766e-01 1.92911018e+00 1.53057285e+00
  0.00000000e+00 5.47775543e-01 0.00000000e+00 0.00000000e+00
  0.00000000e+00 0.00000000e+00 1.06157125e-01]
 [9.22012262e-02 0.00000000e+00 8.32278318e-01 5.78691664e-01
  0.00000000e+00 6.63820340e-01 0.00000000e+00 4.48416242e-01
  0.00000000e+00 0.00000000e+00 0.00000000e+00 5.49528461e-02
  0.00000000e+00 1.11685382e-01 0.00000000e+00]
 [4.73064106e-01 2.53097339e-01 7.03053215e-01 5.56867497e-01
  5.53612614e-01 1.23336042e+00 7.39804800e-01 9.89574921e-01
  1.73473905e+00 1.93656828e+00 2.20461460e+00 2.34306040e+00
  2.13328737e+00 1.64990375e+00 1.39158758e+00]]

16
----------------------------------------------------------------------------------
[[0.         0.         0.         0.         0.         0.
  0.         0.60407981 0.61641608 0.         0.         0.06604234
  0.         0.         0.        ]
 [0.15631733 0.         0.         0.         0.         0.
  0.03462753 0.65543318 0.63131251 0.09760152 0.         0.
  0.         0.         0.        ]
 [0.         0.         0.13540901 0.16423315 0.         0.39299285
  0.         0.74056455 0.35722879 0.49829467 0.         0.02574755
  0.         0.         0.        ]
 [0.         0.         0.         0.         0.         0.00351978
  0.         0.78851896 0.31242293 0.         0.         0.
  0.         0.         0.        ]
 [0.20225651 0.         0.         0.         0.         0.11346512
  0.         0.48282097 0.35568602 0.         0.         0.
  0.         0.         0.        ]
 [0.         0.         0.         0.21931891 0.00995046 0.09021821
  0.20287938 0.44269267 0.63755469 0.18908397 0.         0.
  0.         0.         0.        ]
 [0.10075562 0.         0.10378653 0.09736351 0.         0.12659148
  0.         0.34554873 0.52794588 0.19275367 0.         0.
  0.         0.         0.        ]
 [0.         0.         0.         0.         0.         0.
  0.         0.58885373 0.10957248 0.         0.         0.
  0.         0.         0.        ]
 [0.         0.         0.         0.         0.         0.
  0.         0.5647552  0.12650541 0.         0.         0.
  0.         0.         0.        ]
 [0.         0.00625711 0.         1.00134044 0.06422886 0.95961695
  0.62128687 0.49811018 1.09170996 0.04220831 0.         0.06777397
  0.         0.         0.        ]
 [0.         0.         0.         0.         0.         0.10803301
  0.         0.15590825 0.30030044 0.0516765  0.         0.
  0.         0.         0.        ]
 [0.         0.         0.         0.         0.         0.
  0.         0.46531665 0.0168658  0.         0.         0.
  0.         0.         0.        ]
 [0.         0.         0.         0.2854426  0.         0.26306852
  0.         0.08085585 0.51516968 0.18421335 0.         0.
  0.         0.         0.        ]
 [0.         0.         0.         0.         0.8575539  1.17248332
  0.53910027 0.48440381 0.         0.         0.         0.40624904
  0.18424019 0.         0.        ]
 [0.         0.         0.         0.         0.93621557 1.45259375
  0.34744572 0.36350858 0.04351968 0.         0.         0.49925947
  0.0336279  0.         0.        ]
 [0.         0.         0.         0.         0.31491113 0.64281065
  0.47451407 0.08678161 0.         0.         0.         0.46220335
  0.33373481 0.04574522 0.        ]
 [0.         0.         0.         0.         0.         0.
  0.11774345 0.50350025 0.         0.         0.         0.08858861
  0.         0.         0.        ]
 [2.24323116 2.20769125 1.70722286 1.44136387 1.23857504 0.35540833
  0.6344646  0.51407371 0.71706507 0.78048844 0.82629795 0.51247812
  1.50962201 2.87237354 3.31018388]]

17
----------------------------------------------------------------------------------
[[0.00000000e+00 4.23906699e-02 0.00000000e+00 0.00000000e+00
  0.00000000e+00 0.00000000e+00 0.00000000e+00 8.30924488e-01
  1.23591100e+00 0.00000000e+00 0.00000000e+00 0.00000000e+00
  0.00000000e+00 0.00000000e+00 0.00000000e+00]
 [0.00000000e+00 1.26502594e-01 7.52209654e-02 0.00000000e+00
  0.00000000e+00 0.00000000e+00 0.00000000e+00 6.49569684e-01
  4.52945060e-01 0.00000000e+00 0.00000000e+00 0.00000000e+00
  0.00000000e+00 0.00000000e+00 1.48706377e-02]
 [0.00000000e+00 3.60172386e-01 0.00000000e+00 0.00000000e+00
  0.00000000e+00 0.00000000e+00 0.00000000e+00 8.88920886e-01
  6.29163349e-01 0.00000000e+00 0.00000000e+00 0.00000000e+00
  0.00000000e+00 0.00000000e+00 3.70064892e-01]
 [0.00000000e+00 0.00000000e+00 0.00000000e+00 0.00000000e+00
  0.00000000e+00 0.00000000e+00 0.00000000e+00 6.19094927e-01
  1.04711171e+00 0.00000000e+00 0.00000000e+00 0.00000000e+00
  0.00000000e+00 0.00000000e+00 0.00000000e+00]
 [0.00000000e+00 3.11505503e-03 0.00000000e+00 0.00000000e+00
  0.00000000e+00 0.00000000e+00 0.00000000e+00 4.22649845e-01
  4.58355772e-01 0.00000000e+00 0.00000000e+00 0.00000000e+00
  0.00000000e+00 0.00000000e+00 0.00000000e+00]
 [0.00000000e+00 0.00000000e+00 3.90095221e-01 0.00000000e+00
  0.00000000e+00 0.00000000e+00 2.04753980e-01 8.26017100e-01
  2.78013182e-01 0.00000000e+00 0.00000000e+00 0.00000000e+00
  0.00000000e+00 0.00000000e+00 2.80284680e-01]
 [0.00000000e+00 3.57482766e-02 0.00000000e+00 0.00000000e+00
  0.00000000e+00 0.00000000e+00 0.00000000e+00 4.36202547e-01
  2.80548091e-02 0.00000000e+00 0.00000000e+00 0.00000000e+00
  0.00000000e+00 0.00000000e+00 2.33710052e-01]
 [2.07448741e+00 4.13416529e-01 1.13945931e+00 0.00000000e+00
  0.00000000e+00 0.00000000e+00 0.00000000e+00 4.51826481e-01
  7.57103790e-01 2.18297677e-01 0.00000000e+00 0.00000000e+00
  0.00000000e+00 0.00000000e+00 0.00000000e+00]
 [3.19133349e+00 6.57844284e-01 2.29611028e+00 8.28337820e-01
  0.00000000e+00 0.00000000e+00 0.00000000e+00 1.88542280e-01
  5.12275294e-01 0.00000000e+00 0.00000000e+00 0.00000000e+00
  0.00000000e+00 0.00000000e+00 0.00000000e+00]
 [0.00000000e+00 0.00000000e+00 2.07206313e-01 0.00000000e+00
  0.00000000e+00 0.00000000e+00 0.00000000e+00 9.15808984e-01
  3.27283185e-01 4.44431795e-01 0.00000000e+00 0.00000000e+00
  0.00000000e+00 0.00000000e+00 9.91055125e-01]
 [5.00443305e+00 8.58845525e-01 1.16509458e+00 2.08046848e+00
  1.07604718e+00 2.33369046e-02 3.75929289e-01 3.58960408e-01
  0.00000000e+00 0.00000000e+00 0.00000000e+00 0.00000000e+00
  0.00000000e+00 0.00000000e+00 7.10290889e-03]
 [1.81922297e+00 1.27868175e-01 1.46419188e+00 2.88128623e-01
  0.00000000e+00 0.00000000e+00 0.00000000e+00 2.79400299e-01
  5.59641796e-01 0.00000000e+00 0.00000000e+00 0.00000000e+00
  0.00000000e+00 0.00000000e+00 0.00000000e+00]
 [2.88861361e+00 6.98976429e-01 9.01802178e-01 7.13530735e-01
  0.00000000e+00 0.00000000e+00 0.00000000e+00 2.75332514e-01
  0.00000000e+00 0.00000000e+00 0.00000000e+00 0.00000000e+00
  0.00000000e+00 0.00000000e+00 4.95518248e-01]
 [2.05122412e-01 5.41508595e-01 0.00000000e+00 0.00000000e+00
  3.57915835e-02 9.73217993e-01 1.25549688e+00 9.84627764e-01
  9.58901823e-01 3.85621225e-02 9.10466489e-04 1.65439412e-01
  0.00000000e+00 1.56587722e-01 1.14603536e-01]
 [0.00000000e+00 1.76572291e-01 2.16407284e-01 0.00000000e+00
  0.00000000e+00 2.95106106e-02 7.91028063e-01 1.15572692e+00
  1.80821386e+00 9.78206277e-01 6.56844642e-01 6.42147358e-01
  0.00000000e+00 0.00000000e+00 2.30805687e-01]
 [0.00000000e+00 1.18129238e+00 9.26290709e-01 2.85807628e-03
  0.00000000e+00 0.00000000e+00 4.27483782e-01 5.15510390e-01
  1.09907898e+00 0.00000000e+00 0.00000000e+00 0.00000000e+00
  2.02200381e-02 3.57964627e-01 7.81783222e-01]
 [0.00000000e+00 0.00000000e+00 0.00000000e+00 0.00000000e+00
  0.00000000e+00 3.72717717e-01 0.00000000e+00 4.00831778e-01
  2.18775445e+00 1.20817838e+00 6.31489542e-01 2.16890838e-01
  0.00000000e+00 0.00000000e+00 0.00000000e+00]
 [1.79675433e+00 9.75792745e-01 1.35355658e+00 2.71940149e+00
  3.40821559e+00 3.45447261e+00 2.83138243e+00 1.26754211e+00
  1.50839301e+00 3.14420837e+00 3.43806949e+00 3.39987164e+00
  3.37824712e+00 2.20284927e+00 5.14454752e-01]]

18
----------------------------------------------------------------------------------
[[0.00000000e+00 0.00000000e+00 3.03810266e-01 0.00000000e+00
  0.00000000e+00 0.00000000e+00 0.00000000e+00 0.00000000e+00
  0.00000000e+00 0.00000000e+00 0.00000000e+00 2.62645911e-01
  3.57474926e-02 0.00000000e+00 0.00000000e+00]
 [0.00000000e+00 0.00000000e+00 2.18915016e-01 0.00000000e+00
  0.00000000e+00 0.00000000e+00 0.00000000e+00 0.00000000e+00
  0.00000000e+00 0.00000000e+00 0.00000000e+00 5.98438948e-02
  1.98018146e-02 0.00000000e+00 0.00000000e+00]
 [0.00000000e+00 0.00000000e+00 4.94505946e-01 3.11748154e-02
  0.00000000e+00 0.00000000e+00 0.00000000e+00 0.00000000e+00
  0.00000000e+00 0.00000000e+00 0.00000000e+00 2.12871835e-01
  0.00000000e+00 0.00000000e+00 1.02788627e-01]
 [0.00000000e+00 0.00000000e+00 2.99969004e-01 0.00000000e+00
  0.00000000e+00 0.00000000e+00 0.00000000e+00 0.00000000e+00
  0.00000000e+00 0.00000000e+00 0.00000000e+00 2.81093697e-01
  2.21381496e-01 0.00000000e+00 0.00000000e+00]
 [0.00000000e+00 0.00000000e+00 1.20769648e-01 0.00000000e+00
  0.00000000e+00 0.00000000e+00 0.00000000e+00 0.00000000e+00
  0.00000000e+00 0.00000000e+00 0.00000000e+00 1.55714373e-01
  3.24881229e-01 0.00000000e+00 0.00000000e+00]
 [7.80518577e-01 5.03422088e-02 5.42265293e-01 2.43813521e-01
  0.00000000e+00 0.00000000e+00 0.00000000e+00 0.00000000e+00
  0.00000000e+00 0.00000000e+00 0.00000000e+00 0.00000000e+00
  0.00000000e+00 0.00000000e+00 0.00000000e+00]
 [0.00000000e+00 0.00000000e+00 1.23007954e-01 0.00000000e+00
  0.00000000e+00 0.00000000e+00 0.00000000e+00 0.00000000e+00
  0.00000000e+00 0.00000000e+00 0.00000000e+00 0.00000000e+00
  8.83851298e-02 0.00000000e+00 0.00000000e+00]
 [0.00000000e+00 0.00000000e+00 1.93021390e-01 0.00000000e+00
  1.33782968e-02 0.00000000e+00 0.00000000e+00 0.00000000e+00
  0.00000000e+00 3.11046366e-01 4.02270870e+00 1.09587603e+00
  1.53279817e+00 7.21810707e-01 1.35179399e-01]
 [0.00000000e+00 0.00000000e+00 1.31839010e-01 0.00000000e+00
  4.53705078e-02 0.00000000e+00 0.00000000e+00 0.00000000e+00
  0.00000000e+00 0.00000000e+00 4.76907781e+00 1.14303035e+00
  1.92180533e+00 9.58081573e-01 2.91178917e-01]
 [0.00000000e+00 1.29877329e+00 1.03607281e+00 5.26419425e-01
  6.02161152e-01 7.83646772e-01 3.53162122e-02 3.28878946e-01
  0.00000000e+00 0.00000000e+00 2.01317585e+00 9.32185734e-01
  4.28315372e-01 5.53512346e-01 1.24250034e-01]
 [0.00000000e+00 0.00000000e+00 1.05055322e-01 0.00000000e+00
  0.00000000e+00 0.00000000e+00 0.00000000e+00 0.00000000e+00
  0.00000000e+00 2.43238171e-01 7.49151250e+00 1.75389640e+00
  3.46543728e-01 6.12893309e+00 1.57142140e+00]
 [0.00000000e+00 0.00000000e+00 1.40232406e-01 0.00000000e+00
  9.22402824e-02 0.00000000e+00 0.00000000e+00 0.00000000e+00
  0.00000000e+00 0.00000000e+00 2.58260572e+00 9.87650373e-01
  1.30597937e+00 1.06537315e+00 6.56090420e-03]
 [0.00000000e+00 0.00000000e+00 3.25702458e-01 0.00000000e+00
  0.00000000e+00 0.00000000e+00 1.79623600e-01 0.00000000e+00
  0.00000000e+00 6.43845806e-01 2.71933492e+00 8.92429774e-01
  6.10780546e-01 1.39830142e+00 4.80902762e-01]
 [8.12741118e-01 3.26891469e-01 1.46110485e-01 7.20570034e-01
  2.50318225e+00 4.38983523e+00 1.02104325e+00 9.79997118e-01
  0.00000000e+00 4.33696701e-01 3.63781025e-01 2.59686633e-01
  3.44213063e-02 0.00000000e+00 1.06738171e-01]
 [1.04500957e+00 9.74393400e-02 1.26190748e-01 8.99587988e-01
  6.18066499e+00 6.67123934e+00 1.80765735e+00 1.58230624e+00
  5.39401714e-02 4.01086207e-02 2.65563939e+00 1.75615861e+00
  3.50517870e-01 0.00000000e+00 1.52966637e-02]
 [9.37438040e-01 1.02061149e+00 2.95719493e-01 8.88206632e-01
  2.33014481e+00 1.29056484e+00 3.79292215e-01 1.53650099e+00
  0.00000000e+00 0.00000000e+00 0.00000000e+00 1.78261382e-01
  0.00000000e+00 0.00000000e+00 2.75574654e-02]
 [2.44139056e-01 0.00000000e+00 0.00000000e+00 4.27652946e-01
  1.75029147e+00 6.79918277e-01 5.03590137e-01 6.77259193e-01
  0.00000000e+00 0.00000000e+00 0.00000000e+00 1.73463565e-01
  2.35612723e-01 0.00000000e+00 2.97778642e-01]
 [7.81309919e-01 1.27351283e+00 4.33317847e-01 8.59339690e-01
  1.08502551e+00 1.81045772e+00 1.55469541e+00 1.44591905e+00
  1.86226605e+00 1.88209390e+00 7.64196575e-01 3.82734349e-01
  9.80948527e-01 1.07000664e+00 9.24636589e-01]]

19
----------------------------------------------------------------------------------
[[0.         0.11903085 0.32453625 0.         0.         0.
  0.         0.         0.         0.         0.51146263 0.17716104
  0.09491208 0.82883415 0.48790716]
 [0.         0.         0.19137997 0.06342843 0.         0.
  0.         0.         0.         0.         0.19522085 0.13353908
  0.         0.56439675 0.6395799 ]
 [0.         0.27554442 0.20762896 0.01317726 0.         0.
  0.         0.         0.         0.         0.74525261 0.55765188
  0.33105002 0.58309208 0.56818792]
 [0.         0.         0.10796454 0.         0.         0.
  0.         0.         0.         0.         0.31760698 0.06491959
  0.         0.55762    0.3404083 ]
 [0.         0.         0.0745983  0.         0.         0.
  0.         0.         0.         0.         0.17993784 0.
  0.         0.43810416 0.32479154]
 [0.         0.06805797 0.         0.         0.         0.
  0.         0.         0.         0.         0.24363825 0.21861701
  0.23363804 0.48810115 0.68870323]
 [0.         0.04820895 0.01609766 0.         0.         0.
  0.         0.         0.         0.         0.12498189 0.13446762
  0.         0.44540006 0.32047281]
 [0.         0.         0.059627   0.         0.         0.
  0.         0.         0.         0.         0.25879841 0.01855415
  0.         0.26867396 0.        ]
 [0.         0.         0.02495593 0.         0.         0.
  0.         0.         0.         0.         0.19335577 0.
  0.         0.20738483 0.        ]
 [0.         0.66311443 0.35607593 0.50023083 0.         0.
  0.         0.         0.         0.         0.87063941 0.64601412
  1.02672241 1.13947347 1.43860222]
 [0.         0.         0.         0.         0.         0.
  0.         0.         0.         0.         0.09399942 0.08442289
  0.11039518 0.37123065 0.38644038]
 [0.         0.         0.         0.         0.         0.
  0.         0.         0.         0.         0.20084599 0.
  0.         0.10697728 0.        ]
 [0.         0.         0.         0.         0.         0.
  0.         0.         0.         0.         0.         0.11016377
  0.05417317 0.40004625 0.63734009]
 [0.         0.         0.         0.10856109 0.         0.
  0.30413605 0.         0.         0.         0.2646515  0.24397281
  0.47508823 0.18253267 0.        ]
 [0.         0.         0.         0.11221548 0.03901222 0.
  0.26757363 0.         0.         0.         0.59291945 0.28877295
  0.87922863 0.7918329  0.        ]
 [0.         0.         0.         0.03353437 0.         0.
  0.         0.         0.         0.         0.19744693 0.29389637
  0.69059819 0.39184879 0.27906686]
 [0.         0.         0.         0.04704285 0.21522664 0.
  0.20581734 0.         0.         0.         0.27685322 0.
  0.         0.         0.        ]
 [1.27342593 1.17766114 1.52598543 1.10760095 1.74735029 2.08000682
  1.24647251 1.82987469 2.88881813 1.78743329 0.31840244 0.22966517
  0.46792254 0.53495019 1.28257388]]

20
----------------------------------------------------------------------------------
[[0.         0.         0.         0.         0.         0.
  0.         0.30835664 0.17732625 0.01387882 0.2258845  0.12652693
  0.29843158 0.         0.        ]
 [0.         0.         0.         0.         0.         0.
  0.         0.         0.49429225 0.07738984 0.22770027 0.33309438
  0.72429864 0.         0.        ]
 [0.         0.         0.         0.         0.         0.
  0.         0.46463731 0.48273015 0.04296881 0.85810587 0.
  0.69637027 0.         0.        ]
 [0.         0.         0.         0.         0.         0.
  0.         0.21147345 0.31270485 0.07924736 0.13563093 0.
  0.19959339 0.         0.        ]
 [0.         0.         0.         0.         0.         0.
  0.         0.04038979 0.32718784 0.03219198 0.16465306 0.
  0.26037532 0.         0.        ]
 [0.         0.         0.         0.         0.         0.
  0.         0.78171509 0.2204815  0.18836354 0.36368393 0.59996596
  0.52641054 0.         0.27050442]
 [0.         0.         0.         0.         0.         0.
  0.         0.01737884 0.31629862 0.29311321 0.44785243 0.04292939
  0.42543941 0.         0.        ]
 [0.         0.         0.         0.         0.         0.
  0.         1.60688586 1.66785295 0.6361226  0.20775419 0.
  0.02161518 0.         0.        ]
 [0.         0.         0.         0.         1.85618454 0.
  0.08818125 2.07025699 3.26525842 1.85455018 1.04008206 0.17573002
  0.22400212 0.         0.        ]
 [0.         0.         0.         0.         0.         0.
  0.09309845 1.42481579 0.         0.         0.04680098 0.4335076
  0.68740507 0.1154313  0.        ]
 [0.         0.         0.         1.51533095 4.18073313 0.63576203
  0.         0.80974236 3.54761985 2.63994183 1.6314422  0.79335191
  0.66800781 0.24129504 0.        ]
 [0.         0.         0.         0.         0.         0.
  0.         1.57481428 2.70117036 1.2995989  0.32384827 0.
  0.         0.         0.        ]
 [0.         0.         0.         0.         2.78965423 0.
  0.         0.40941251 3.26575562 0.48781907 0.00975963 0.
  0.31724769 0.         0.06958245]
 [0.12864876 0.         0.5206512  1.82956369 0.         0.
  0.12358152 0.41843176 0.         0.01534713 0.         0.
  0.04957809 0.         0.        ]
 [1.9647267  0.         1.55373375 1.90977141 0.         0.
  0.05868476 0.30600423 0.         0.         0.         0.
  0.16645854 0.         0.        ]
 [0.85905784 0.         0.         1.16091379 0.         0.
  0.29140692 0.32306927 0.         0.         0.         0.
  0.16500886 0.         0.        ]
 [0.         0.         0.         0.23844663 0.         0.
  0.12487819 0.11657201 0.         0.         0.         0.
  0.         0.         0.        ]
 [3.70249113 4.3762542  4.65529317 4.61054523 4.39438636 4.37021385
  2.43632259 0.84969961 1.13627915 1.97147434 2.36081526 2.53244066
  1.41516864 1.90583762 1.76202699]]

21
----------------------------------------------------------------------------------
[[ 0.          0.03009445  0.          0.          0.          0.
   0.          0.          0.          0.          0.          0.
   0.          0.          0.        ]
 [ 0.          0.          0.          0.          0.          0.
   0.          0.          0.          0.          0.          0.
   0.          0.          0.        ]
 [ 0.          0.          0.          0.          0.          0.
   0.05059195  0.          0.          0.          0.          0.
   0.14940489  0.1857248   0.        ]
 [ 0.          0.          0.          0.          0.          0.
   0.          0.          0.          0.          0.          0.
   0.          0.          0.        ]
 [ 0.          0.          0.          0.          0.          0.
   0.          0.          0.          0.          0.          0.
   0.          0.          0.        ]
 [ 0.          0.          0.          0.          0.          0.
   0.17678248  0.36237223  0.          0.          0.          0.
   0.2724526   0.          0.        ]
 [ 0.          0.          0.          0.          0.          0.
   0.          0.          0.          0.          0.          0.
   0.          0.          0.        ]
 [ 0.          0.18830312  0.          0.          0.          0.
   0.          0.          0.          2.25125096  5.31262018  0.
   0.46246071  1.05191764 10.40009361]
 [ 0.          0.09548439  0.          0.          0.          0.
   0.          0.          0.          1.94282193  2.55964271  0.
   0.7137811   2.4751534   1.18927181]
 [ 0.          0.17642129  0.          0.          0.          0.
   0.40020941  0.58265491  0.52843506  0.          0.51580604  0.
   0.85222502  0.40348485  0.06262692]
 [ 0.          0.          0.          0.          0.          0.
   0.05016939  0.          0.          1.32456979  4.67052052  0.
   0.          2.25775811  2.68788792]
 [ 0.          0.14677739  0.          0.          0.          0.
   0.          0.          0.          0.32778144  0.03089564  0.
   0.15423797  1.04873622  0.23642607]
 [ 0.          0.          0.          0.          0.          0.
   0.28327768  0.08517405  0.          0.          0.88531887  0.
   0.          0.56766735  0.13153989]
 [ 2.08671985  0.40568195  0.          4.97940526  2.58182335  0.42941467
   0.90862267  0.37943195  0.41516159  0.39169762  0.          0.1811331
   0.          0.          0.02708424]
 [ 5.97481566  1.96123669  2.13756382  6.10235195  2.06498455  1.68812661
   0.65405246  1.85737272  1.17849155  0.52425034  0.12155889  0.33321976
   0.          0.10931364  0.89807419]
 [ 5.68084459  5.23178421  0.          2.98049419  9.9011484   1.97300349
   0.62906999  1.63149288  1.58446506  0.77712763  0.          0.39728647
   0.31077419  0.09590871  0.89466554]
 [ 1.28075096  0.8998878   0.          0.56291202  1.92845791  0.80926721
   0.40005221  0.32822689  0.11537797  0.0458138   0.          0.
   0.          0.          0.        ]
 [ 1.39465445  0.96083544  2.87030421  2.59317991  1.99936676  1.08150338
   0.66806221  1.22736113  1.33039128  1.69134047  2.74009672  2.02277777
   1.69333188  2.02664459  2.07374464]]

22
----------------------------------------------------------------------------------
[[3.51551579e-01 8.65467558e-01 1.17809322e+00 5.70175841e-01
  0.00000000e+00 0.00000000e+00 0.00000000e+00 1.42668503e-01
  0.00000000e+00 5.38374705e-01 7.83770417e-01]
 [2.02340942e-01 6.04902359e-01 5.66620132e-01 0.00000000e+00
  0.00000000e+00 0.00000000e+00 1.63810594e-01 1.46738084e-01
  0.00000000e+00 5.41050439e-01 5.96301822e-01]
 [2.71715124e-01 8.74911024e-03 3.68664393e-01 0.00000000e+00
  0.00000000e+00 0.00000000e+00 2.95695900e-01 5.99095880e-01
  0.00000000e+00 6.44812854e-01 8.52439973e-01]
 [4.82804495e-01 8.05523524e-01 6.76281647e-01 8.88753757e-02
  0.00000000e+00 0.00000000e+00 0.00000000e+00 2.56119488e-01
  0.00000000e+00 2.18475041e-01 6.92164881e-01]
 [8.98462891e-02 4.31685451e-01 5.25282089e-01 1.31610009e-01
  0.00000000e+00 0.00000000e+00 0.00000000e+00 2.11620455e-01
  0.00000000e+00 1.47956833e-01 5.31871969e-01]
 [0.00000000e+00 0.00000000e+00 2.81759729e-01 0.00000000e+00
  0.00000000e+00 0.00000000e+00 2.83700108e-01 1.09358459e-01
  0.00000000e+00 6.70733577e-01 7.96586044e-01]
 [0.00000000e+00 1.51437682e-02 3.19654491e-01 0.00000000e+00
  0.00000000e+00 0.00000000e+00 1.26669943e-01 1.14367353e-01
  0.00000000e+00 3.86695148e-01 4.55559193e-01]
 [8.46781870e-01 6.91167005e-01 5.71471629e-01 6.26524828e-02
  0.00000000e+00 0.00000000e+00 0.00000000e+00 2.87114747e-01
  0.00000000e+00 1.33249453e-01 5.81214226e-01]
 [7.59680830e-01 5.46724774e-01 3.13735380e-01 0.00000000e+00
  0.00000000e+00 0.00000000e+00 0.00000000e+00 2.82323968e-02
  0.00000000e+00 4.94679982e-02 4.82656474e-01]
 [3.58203407e-01 0.00000000e+00 0.00000000e+00 0.00000000e+00
  0.00000000e+00 0.00000000e+00 5.85102239e-01 4.77504878e-01
  0.00000000e+00 1.59028031e+00 6.52583765e-01]
 [2.49181090e-01 0.00000000e+00 0.00000000e+00 0.00000000e+00
  0.00000000e+00 0.00000000e+00 2.87795646e-01 1.44357273e-01
  0.00000000e+00 2.54340908e-01 3.94441654e-01]
 [3.68057162e-01 3.42801788e-01 1.84221749e-01 0.00000000e+00
  0.00000000e+00 0.00000000e+00 0.00000000e+00 5.72553320e-02
  0.00000000e+00 0.00000000e+00 4.64117395e-01]
 [0.00000000e+00 0.00000000e+00 2.15939064e-01 0.00000000e+00
  0.00000000e+00 0.00000000e+00 3.56590662e-01 2.14958465e-02
  0.00000000e+00 3.46279661e-01 1.99797397e-01]
 [6.82273157e-01 0.00000000e+00 0.00000000e+00 0.00000000e+00
  0.00000000e+00 3.41287101e-01 8.81826544e-02 0.00000000e+00
  3.00562720e-02 0.00000000e+00 0.00000000e+00]
 [1.36860625e+00 2.02790654e-01 0.00000000e+00 0.00000000e+00
  0.00000000e+00 0.00000000e+00 1.97235864e-03 0.00000000e+00
  0.00000000e+00 4.28827846e-02 1.90507709e-01]
 [1.24867405e+00 0.00000000e+00 0.00000000e+00 0.00000000e+00
  0.00000000e+00 1.64933954e-01 4.52075969e-01 0.00000000e+00
  4.30159308e-01 3.20253823e-01 1.10557288e-02]
 [9.43831059e-01 4.06216561e-01 0.00000000e+00 0.00000000e+00
  0.00000000e+00 0.00000000e+00 0.00000000e+00 0.00000000e+00
  0.00000000e+00 0.00000000e+00 0.00000000e+00]
 [6.97230761e-01 1.32104852e+00 1.89076418e+00 2.09076767e+00
  2.07528561e+00 1.01796606e+00 7.15899673e-01 7.13605651e-01
  1.08347644e+00 3.94677858e-01 6.08995289e-01]]