

1
----------------------------------------------------------------------------------
[[1.09112608e-01 1.25145599e-01 0.00000000e+00 2.72240682e-01
  0.00000000e+00 0.00000000e+00 0.00000000e+00 6.71210880e-03
  0.00000000e+00 0.00000000e+00 0.00000000e+00 0.00000000e+00
  7.21377737e-01 0.00000000e+00 0.00000000e+00]
 [3.79993516e-01 2.18773722e-01 0.00000000e+00 3.52293412e-01
  1.95625767e-01 0.00000000e+00 0.00000000e+00 0.00000000e+00
  0.00000000e+00 0.00000000e+00 0.00000000e+00 0.00000000e+00
  3.46964745e-01 0.00000000e+00 0.00000000e+00]
 [2.65861353e-01 6.50165949e-01 1.18718200e-01 5.12868512e-01
  2.48991690e-01 2.57906096e-01 1.47186377e-01 1.44957777e-01
  0.00000000e+00 0.00000000e+00 0.00000000e+00 0.00000000e+00
  4.01857173e-01 0.00000000e+00 0.00000000e+00]
 [8.62644789e-02 6.65067705e-02 0.00000000e+00 1.13295571e-01
  0.00000000e+00 0.00000000e+00 0.00000000e+00 2.91250768e-02
  0.00000000e+00 0.00000000e+00 0.00000000e+00 0.00000000e+00
  5.11043653e-01 0.00000000e+00 0.00000000e+00]
 [2.23228952e-02 8.47045638e-02 0.00000000e+00 1.18012973e-01
  0.00000000e+00 0.00000000e+00 0.00000000e+00 6.83708115e-03
  0.00000000e+00 0.00000000e+00 0.00000000e+00 0.00000000e+00
  4.55345176e-01 0.00000000e+00 0.00000000e+00]
 [5.73478317e-01 7.87282142e-01 5.19884163e-01 1.28133006e-01
  3.75214322e-01 3.20667707e-01 0.00000000e+00 2.21884237e-01
  0.00000000e+00 7.92585477e-02 0.00000000e+00 3.16893141e-01
  2.75222833e-01 0.00000000e+00 0.00000000e+00]
 [6.78716844e-02 1.42628399e-01 0.00000000e+00 9.57123734e-02
  3.07145341e-02 0.00000000e+00 0.00000000e+00 0.00000000e+00
  0.00000000e+00 0.00000000e+00 0.00000000e+00 2.49647187e-01
  2.56595840e-01 0.00000000e+00 0.00000000e+00]
 [4.85687845e-03 2.80256491e-02 0.00000000e+00 0.00000000e+00
  0.00000000e+00 0.00000000e+00 0.00000000e+00 2.50331912e-02
  0.00000000e+00 0.00000000e+00 9.57122874e-01 6.97194552e+00
  1.76568533e+00 7.70161000e-01 4.62278190e-01]
 [3.83313185e-02 7.15456420e-02 0.00000000e+00 4.68825933e-02
  0.00000000e+00 0.00000000e+00 0.00000000e+00 4.60869399e-02
  0.00000000e+00 0.00000000e+00 1.14012822e+00 4.63141287e+00
  1.37920930e+00 1.35777506e+00 1.64481838e+00]
 [8.38808957e-01 1.16687575e+00 3.73136054e-01 5.83366822e-01
  3.42789030e-01 4.07311168e-01 3.48789653e-01 8.96392597e-01
  1.72522295e-01 4.35076847e-01 0.00000000e+00 0.00000000e+00
  7.66556330e-01 0.00000000e+00 0.00000000e+00]
 [1.33607330e-01 1.59289316e-01 0.00000000e+00 0.00000000e+00
  0.00000000e+00 0.00000000e+00 0.00000000e+00 0.00000000e+00
  0.00000000e+00 0.00000000e+00 1.85853646e+00 9.83535228e+00
  2.75817930e+00 8.59427576e-01 2.84680617e+00]
 [2.48235255e-02 7.66620609e-02 0.00000000e+00 2.88863589e-02
  0.00000000e+00 0.00000000e+00 0.00000000e+00 8.83151589e-02
  0.00000000e+00 0.00000000e+00 0.00000000e+00 1.89303470e+00
  1.20097556e+00 7.78686615e-01 1.21553876e+00]
 [2.63189933e-01 3.85633491e-02 0.00000000e+00 1.59088314e-01
  4.12271218e-02 0.00000000e+00 0.00000000e+00 0.00000000e+00
  0.00000000e+00 0.00000000e+00 0.00000000e+00 3.24241736e+00
  1.32266097e+00 6.81186632e-03 2.92504302e-01]
 [1.31236615e-01 3.20760212e-01 1.33624161e-01 1.69339619e-01
  5.78535274e-01 0.00000000e+00 6.45342844e-02 3.97059257e+00
  9.41338252e-01 1.66551133e+00 2.56316212e+00 3.29314237e-01
  1.85839032e+00 2.31852275e+00 1.54264372e+00]
 [1.14171470e-01 3.77476135e-02 0.00000000e+00 2.12243583e-01
  3.23450918e-01 0.00000000e+00 1.96725896e-01 5.45964062e-01
  7.46676803e-01 1.41572146e+00 7.61380638e-01 6.14203932e-01
  1.71881672e+00 4.12837618e+00 1.40527185e-01]
 [2.72067358e-01 3.86783522e-01 7.21586324e-02 8.56453522e-02
  6.20584269e-01 0.00000000e+00 1.04931142e+00 1.61266508e+00
  1.50068280e+00 6.41356607e-02 0.00000000e+00 3.42347984e-02
  1.78335849e+00 2.18368564e+00 0.00000000e+00]
 [2.61459354e-02 0.00000000e+00 0.00000000e+00 0.00000000e+00
  1.73402707e-01 0.00000000e+00 0.00000000e+00 0.00000000e+00
  0.00000000e+00 3.26095860e-01 0.00000000e+00 9.14465593e-01
  1.00259897e+00 3.57236439e-01 9.41632229e-01]
 [1.80811561e-01 1.61470303e-01 3.95983358e-01 2.32986939e-01
  2.33802325e-01 5.64900101e-01 3.61069116e-01 4.68291495e-01
  9.03234276e-01 7.49345448e-01 1.88155021e+00 1.34956637e+00
  4.19924347e-01 2.28699099e+00 3.75572390e+00]]

2
----------------------------------------------------------------------------------
[[0.         0.         0.29199969 0.         0.08683479 0.
  0.         0.         0.         0.         0.         0.
  0.         0.         0.        ]
 [0.         0.         0.         0.05540697 0.         0.
  0.         0.         0.         0.2149472  0.         0.
  0.         0.         0.        ]
 [0.         0.         0.43191726 0.         0.13966451 0.
  0.         0.         0.         0.24942886 0.05817293 0.
  0.         0.         0.11906049]
 [0.         0.         0.12614699 0.         0.01444604 0.
  0.         0.         0.         0.         0.         0.
  0.         0.         0.        ]
 [0.         0.         0.04285649 0.         0.0866031  0.
  0.         0.         0.         0.05727913 0.         0.
  0.         0.         0.        ]
 [0.         0.         0.         0.         0.         0.
  0.         0.         0.         0.07098285 0.         0.
  0.         0.11003186 0.78503692]
 [0.         0.         0.         0.         0.08570868 0.
  0.         0.         0.         0.         0.         0.
  0.         0.         0.        ]
 [0.         0.         0.16240503 0.         0.         0.
  0.         0.         0.48603847 0.93499145 0.         0.15528855
  0.         0.         0.        ]
 [0.         0.         0.         0.         0.14172684 0.
  0.         0.         1.08342017 1.73556319 0.         0.94915557
  0.50917856 0.10008031 0.        ]
 [0.         0.         0.         0.         0.37306294 0.
  0.         0.         0.         0.95432155 0.40369768 0.
  0.         1.33214639 0.69018149]
 [0.         0.         0.         0.         0.         0.
  0.         0.         0.54763542 3.17444528 0.         0.
  1.18708069 1.44336494 0.92889289]
 [0.         0.         0.06395625 0.         0.03737566 0.
  0.         0.         0.         0.99382966 0.         0.44854719
  0.33684488 0.06441034 0.        ]
 [0.         0.         0.         0.         0.         0.
  0.         0.         0.05891723 1.70540955 0.4211024  0.31796092
  1.50132355 1.2101656  0.53780622]
 [0.         0.         3.35956926 0.81396854 0.22439055 0.31742455
  0.03840093 0.         0.14198054 0.3058733  0.         0.
  0.         0.         0.        ]
 [0.         0.         3.59423434 0.84516235 0.84214043 2.48679784
  0.07485829 0.         0.         1.49895615 0.06621895 0.
  0.         0.         0.        ]
 [0.         0.         1.81492084 0.63305898 0.         1.71668744
  0.         0.         1.16754658 2.01524554 0.54238065 0.
  0.         0.1812972  0.07655691]
 [0.         0.         1.42720876 0.90658264 0.35019905 0.59404748
  0.         0.         0.         0.         0.         0.
  0.         0.         0.        ]
 [3.18435648 2.50449898 1.17534321 1.38726451 1.24672966 2.43798339
  4.20902757 4.64367837 3.23188634 1.20599332 0.96692982 1.9034179
  2.10384238 1.60970072 2.14804045]]

3
----------------------------------------------------------------------------------
[[0.         0.         0.         0.         0.         0.
  0.         0.         0.         0.         0.         0.
  0.         0.         0.        ]
 [0.         0.         0.         0.         0.         0.
  0.         0.         0.         0.         0.         0.
  0.         0.         0.        ]
 [0.         0.         0.         0.         0.         0.
  0.         0.         0.         0.         0.         0.
  0.         0.         0.        ]
 [0.         0.         0.         0.         0.         0.
  0.         0.         0.         0.         0.         0.
  0.         0.         0.        ]
 [0.         0.         0.         0.         0.         0.
  0.         0.         0.         0.         0.         0.
  0.         0.         0.        ]
 [0.         0.         0.         0.         0.         0.
  0.         0.         0.         0.         0.         0.
  0.         0.         0.        ]
 [0.         0.         0.         0.         0.         0.
  0.         0.         0.         0.         0.         0.
  0.         0.         0.        ]
 [0.         0.         0.         0.         0.         0.
  0.         0.         0.         0.         3.18294736 0.66748921
  0.         0.         0.        ]
 [0.         0.         0.         0.         0.         0.
  0.         0.         0.         0.         2.6704484  1.27704985
  0.         0.         0.        ]
 [0.67877595 0.         0.         0.         0.         0.
  0.         0.         0.         0.         0.         0.
  0.         0.         0.57560936]
 [0.40234128 0.         0.         0.         0.         0.
  0.         0.         0.         0.         2.98509891 2.23858299
  0.         0.         0.        ]
 [0.         0.         0.         0.         0.         0.
  0.         0.         0.         0.         1.88221666 0.91697222
  0.         0.         0.        ]
 [0.         0.         0.         0.         0.         0.
  0.         0.         0.         0.         0.71855008 0.48023021
  0.         0.         7.00553688]
 [0.         0.37914743 1.107901   0.21317648 0.27066146 0.
  0.49896249 0.31764393 0.         0.27172758 0.         0.
  0.         0.04740658 0.        ]
 [0.22009952 1.0997994  0.35679928 0.         0.32242493 0.
  0.09858107 0.11613033 0.         0.01688263 0.         0.
  0.         0.         0.        ]
 [0.39750162 1.35344424 0.         0.         0.60330724 0.
  0.50603934 0.22019402 0.         0.33925854 0.         0.
  0.         0.         0.21996791]
 [0.         0.         0.         0.         0.         0.
  0.         0.         0.03768653 0.10156161 0.11917549 0.
  0.         0.         0.        ]
 [2.69701693 3.01088577 4.74359973 5.34624872 5.48403221 5.47878351
  4.83228777 3.75934627 2.97660205 2.14232805 2.23590051 3.71285646
  4.22508528 3.3310472  2.60528686]]

4
----------------------------------------------------------------------------------
[[0.         0.         0.         0.         0.         0.
  0.0918512  0.         0.         0.         0.         0.
  0.         0.         0.        ]
 [0.         0.         0.         0.         0.         0.
  0.         0.         0.         0.         0.         0.
  0.         0.         0.        ]
 [0.         0.         0.         0.         0.         0.
  0.         0.         0.         0.         0.         0.
  0.         0.         0.        ]
 [0.         0.         0.         0.         0.         0.
  0.18297108 0.         0.         0.         0.         0.
  0.         0.         0.        ]
 [0.         0.         0.         0.         0.         0.
  0.         0.         0.         0.         0.         0.
  0.         0.         0.        ]
 [0.         0.         0.         0.         0.         0.
  0.         0.         0.         0.         0.         0.
  0.         0.         0.        ]
 [0.         0.         0.         0.         0.         0.
  0.         0.         0.         0.         0.         0.
  0.         0.         0.        ]
 [0.         0.         0.         0.         0.         0.
  0.19057504 0.         0.         0.         0.         0.
  0.         0.         0.        ]
 [0.         0.         0.         0.         0.         0.
  0.06118268 0.         0.         0.         0.         0.
  0.         0.         0.        ]
 [0.29078159 0.08494713 0.         0.         0.         0.
  0.         0.         0.         0.         0.         0.
  0.         0.         0.        ]
 [0.         0.         0.         0.         0.         0.
  0.         0.         0.         0.         0.         0.
  0.         0.         0.        ]
 [0.         0.         0.         0.         0.         0.
  0.12645886 0.         0.         0.         0.         0.
  0.         0.         0.        ]
 [0.         0.         0.         0.         0.         0.
  0.         0.         0.         0.         0.         0.
  0.         0.         0.        ]
 [0.24762846 0.         0.         0.92283074 0.25927306 0.57094941
  0.         0.         0.         0.         0.3870039  0.
  0.         0.77882084 1.01352698]
 [0.17118109 0.         0.31297995 1.4785186  0.52077975 1.36537635
  0.26928163 0.         0.         0.3001444  0.9031167  0.10290388
  0.02504029 1.52128655 1.64930339]
 [0.15666024 0.03016743 0.21940611 0.92399693 0.         0.
  0.         0.         0.         0.         0.         0.
  0.         0.09132995 0.87056041]
 [0.         0.         0.         0.08281527 0.         0.94921587
  0.65950926 0.08993358 0.         0.10932915 0.4288481  0.
  0.13107694 0.03256704 0.14050009]
 [2.60436415 2.92544929 2.83772485 3.40372872 4.03608423 3.28141428
  2.49507755 3.8462627  4.38421056 4.71479939 4.27847888 3.98116138
  3.78568946 3.42740321 4.60857076]]

5
----------------------------------------------------------------------------------
[[0.         0.         0.         0.         0.         0.
  0.36392182 0.10639411 0.09344348 0.         0.         0.
  0.         0.         0.        ]
 [0.         0.         0.         0.         0.         0.
  0.         0.         0.         0.         0.         0.
  0.         0.         0.        ]
 [0.         0.         0.         0.         0.         0.
  0.         0.         0.         0.         0.         0.
  0.         0.         0.        ]
 [0.         0.         0.         0.         0.         0.
  0.28417965 0.24410669 0.         0.         0.         0.
  0.         0.         0.        ]
 [0.         0.         0.         0.         0.         0.
  0.14214157 0.06138586 0.         0.         0.         0.
  0.         0.         0.        ]
 [0.         0.         0.         0.         0.         0.
  0.12827233 0.         0.         0.         0.         0.
  0.         0.         0.        ]
 [0.         0.         0.         0.         0.         0.
  0.08758452 0.         0.         0.         0.         0.
  0.         0.         0.        ]
 [0.         0.         0.         0.         0.         0.
  0.35366778 0.20513365 0.         0.         0.         0.
  0.         1.65384073 0.        ]
 [0.         0.         0.         0.         0.         0.
  0.28762937 0.11452193 0.         0.         0.         0.
  0.         1.40219943 0.        ]
 [0.         0.         0.         0.         0.         0.08939232
  1.10068367 0.         0.         0.         0.         0.
  0.         0.         0.        ]
 [0.         0.         0.         0.         0.         0.
  0.         0.         0.         0.         0.         0.
  0.         3.4438455  0.        ]
 [0.         0.         0.         0.         0.         0.
  0.32202779 0.08533529 0.         0.         0.         0.
  0.         1.34829376 0.        ]
 [0.         0.         0.         0.         0.         0.
  0.         0.         0.         0.         0.         0.
  0.         0.35076572 0.        ]
 [0.         0.         0.         0.         0.         0.
  0.79732109 0.17690511 0.         0.         0.         0.74691367
  0.         0.         0.5665057 ]
 [0.         0.         0.         0.13781982 0.         0.
  1.79850544 2.24460505 0.515553   0.         0.         0.95690866
  0.22285933 0.         1.93267439]
 [0.         0.         0.         0.12335339 0.08066178 0.
  0.06945728 0.         0.         0.         0.         0.
  0.22238743 0.         0.25238297]
 [0.         0.         0.         0.         0.         0.
  0.75946326 0.64881    0.20495856 0.05867582 0.         0.
  0.         0.         0.        ]
 [6.38094705 6.99406846 6.21196877 4.43338586 2.8048475  1.42352331
  0.48668878 1.08388725 2.77895792 2.99450131 3.13721638 3.86778354
  3.93739476 3.98011404 4.29820049]]

6
----------------------------------------------------------------------------------
[[ 0.          0.          0.          0.          0.          0.3360321
   0.27654572  0.          0.          0.          0.          0.
   0.          0.          0.        ]
 [ 0.          0.          0.05157806  0.          0.          0.16036209
   0.14782663  0.          0.          0.          0.          0.
   0.          0.          0.        ]
 [ 0.          0.          0.          0.          0.          0.33394037
   0.56052737  0.          0.          0.          0.          0.
   0.          0.          0.        ]
 [ 0.          0.          0.          0.          0.          0.12742442
   0.36972449  0.          0.          0.          0.          0.
   0.          0.          0.        ]
 [ 0.          0.          0.          0.          0.          0.
   0.16392323  0.          0.          0.          0.          0.
   0.          0.          0.        ]
 [ 0.          0.          0.          0.          0.          0.05416269
   0.08345114  0.          0.          0.          0.          0.
   0.          0.          0.        ]
 [ 0.          0.          0.          0.          0.          0.07139847
   0.1054305   0.          0.          0.          0.          0.
   0.          0.          0.        ]
 [ 0.          0.          0.          0.          0.          0.29760761
   0.36884713  0.          0.          0.          1.94702855  0.
   0.          0.          0.        ]
 [ 0.          0.          0.          0.          0.          0.07872213
   0.18848276  0.          0.          0.          1.13144976  0.
   0.          0.          0.        ]
 [ 0.          0.          0.          0.          0.30606481  0.
   1.63635204  0.67678236  0.          0.          0.          0.
   0.          0.          0.        ]
 [ 0.63423739  0.19608274  0.          0.          0.          0.25998327
   0.16712584  0.          0.          0.          2.14412641  0.
   0.          0.92146031  0.66278431]
 [ 0.          0.          0.          0.          0.          0.12539442
   0.20554224  0.          0.          0.          0.06027461  0.
   0.          0.          0.        ]
 [ 0.26617484  0.          0.          0.          0.          0.16369111
   0.09714365  0.          0.          0.          0.          0.
   0.          0.30444952  0.        ]
 [ 0.          0.          0.          0.06826125  0.37873918  0.7733091
   0.33695772  0.41338026  1.19419358  1.01429608  0.          0.
   0.          0.          0.06084991]
 [ 0.17110993  0.          0.40739256  1.73752344  0.23615271  0.72721834
   0.53458604  1.09548621  3.22675775  1.73103899  0.          0.
   0.          0.          1.6313096 ]
 [ 1.26680066  0.          0.          1.14660782 10.69428684  2.84522916
   1.09787489  1.23199828  1.6823458   0.5435292   0.07911864  0.
   0.          0.          0.        ]
 [ 0.05054377  0.280889    0.05057295  0.          0.20848212  0.64138622
   0.46473135  0.          0.20628389  0.          0.          0.
   0.          0.          0.3857751 ]
 [ 3.07482395  2.52677419  2.07671394  1.52354334  0.95452853  0.49549674
   0.29016605  0.92571531  1.47403622  2.45266573  3.34567311  3.50856689
   3.86068295  4.02099363  3.37457318]]

7
----------------------------------------------------------------------------------
[[0.00000000e+00 0.00000000e+00 0.00000000e+00 0.00000000e+00
  0.00000000e+00 7.48708696e-02 3.80434243e-01 6.61998543e-02
  0.00000000e+00 0.00000000e+00 0.00000000e+00 0.00000000e+00
  0.00000000e+00 0.00000000e+00 0.00000000e+00]
 [0.00000000e+00 0.00000000e+00 0.00000000e+00 0.00000000e+00
  0.00000000e+00 0.00000000e+00 4.50331076e-01 2.01902313e-02
  0.00000000e+00 0.00000000e+00 0.00000000e+00 0.00000000e+00
  0.00000000e+00 0.00000000e+00 0.00000000e+00]
 [0.00000000e+00 0.00000000e+00 0.00000000e+00 0.00000000e+00
  0.00000000e+00 2.07755789e-01 7.47252814e-01 3.97443244e-01
  0.00000000e+00 0.00000000e+00 0.00000000e+00 2.83854591e-01
  0.00000000e+00 0.00000000e+00 0.00000000e+00]
 [0.00000000e+00 0.00000000e+00 0.00000000e+00 0.00000000e+00
  0.00000000e+00 9.12023478e-02 1.54984315e-01 1.04374565e-01
  0.00000000e+00 0.00000000e+00 0.00000000e+00 0.00000000e+00
  0.00000000e+00 0.00000000e+00 0.00000000e+00]
 [0.00000000e+00 0.00000000e+00 0.00000000e+00 0.00000000e+00
  0.00000000e+00 2.83699535e-02 1.84079517e-01 1.47822429e-01
  0.00000000e+00 0.00000000e+00 0.00000000e+00 0.00000000e+00
  0.00000000e+00 0.00000000e+00 0.00000000e+00]
 [0.00000000e+00 0.00000000e+00 0.00000000e+00 0.00000000e+00
  0.00000000e+00 0.00000000e+00 6.06530947e-01 6.93952570e-01
  0.00000000e+00 0.00000000e+00 0.00000000e+00 0.00000000e+00
  0.00000000e+00 0.00000000e+00 0.00000000e+00]
 [0.00000000e+00 0.00000000e+00 0.00000000e+00 0.00000000e+00
  0.00000000e+00 0.00000000e+00 1.27552622e-01 1.05181949e-01
  0.00000000e+00 0.00000000e+00 0.00000000e+00 0.00000000e+00
  0.00000000e+00 0.00000000e+00 0.00000000e+00]
 [0.00000000e+00 0.00000000e+00 0.00000000e+00 0.00000000e+00
  0.00000000e+00 1.82464811e-02 1.23158734e-01 1.53382313e-02
  0.00000000e+00 0.00000000e+00 0.00000000e+00 0.00000000e+00
  0.00000000e+00 0.00000000e+00 0.00000000e+00]
 [0.00000000e+00 0.00000000e+00 0.00000000e+00 0.00000000e+00
  0.00000000e+00 0.00000000e+00 5.52424864e-02 3.70053414e-02
  0.00000000e+00 0.00000000e+00 0.00000000e+00 0.00000000e+00
  0.00000000e+00 0.00000000e+00 0.00000000e+00]
 [0.00000000e+00 0.00000000e+00 0.00000000e+00 0.00000000e+00
  0.00000000e+00 1.74395885e+00 4.42365342e-01 2.07628014e-01
  0.00000000e+00 0.00000000e+00 0.00000000e+00 0.00000000e+00
  0.00000000e+00 0.00000000e+00 0.00000000e+00]
 [0.00000000e+00 0.00000000e+00 0.00000000e+00 0.00000000e+00
  0.00000000e+00 0.00000000e+00 3.39240546e-02 0.00000000e+00
  0.00000000e+00 0.00000000e+00 0.00000000e+00 0.00000000e+00
  4.99815622e-01 5.44289123e-01 0.00000000e+00]
 [0.00000000e+00 0.00000000e+00 0.00000000e+00 0.00000000e+00
  0.00000000e+00 0.00000000e+00 2.63360389e-03 3.29229872e-02
  0.00000000e+00 0.00000000e+00 0.00000000e+00 0.00000000e+00
  0.00000000e+00 0.00000000e+00 0.00000000e+00]
 [0.00000000e+00 0.00000000e+00 6.71750235e-02 0.00000000e+00
  0.00000000e+00 0.00000000e+00 1.14427266e-01 0.00000000e+00
  0.00000000e+00 0.00000000e+00 0.00000000e+00 0.00000000e+00
  0.00000000e+00 7.71355059e-01 0.00000000e+00]
 [1.29267523e+00 0.00000000e+00 4.95872668e-01 4.02826194e-01
  4.52556594e-01 2.64973873e-01 1.29670537e-01 1.11250954e-02
  0.00000000e+00 3.71008757e-03 9.75906474e-01 0.00000000e+00
  0.00000000e+00 0.00000000e+00 0.00000000e+00]
 [1.67489030e+00 1.80517115e-01 9.31736024e-01 9.31256813e-01
  2.41734789e-01 4.87733016e-01 4.76382009e-01 3.24490767e-01
  0.00000000e+00 0.00000000e+00 1.09015109e+00 0.00000000e+00
  2.16519441e-01 7.13879236e-02 0.00000000e+00]
 [1.16470115e+00 4.07209573e-02 0.00000000e+00 5.38950387e-02
  1.23506901e-01 2.02179548e-01 3.04438871e-01 6.17380280e-02
  0.00000000e+00 0.00000000e+00 2.56315328e-01 0.00000000e+00
  0.00000000e+00 0.00000000e+00 1.16976632e-01]
 [1.24877579e-01 0.00000000e+00 3.24051359e-01 1.38076415e+00
  9.73883646e-01 0.00000000e+00 1.37125385e-01 0.00000000e+00
  0.00000000e+00 0.00000000e+00 0.00000000e+00 0.00000000e+00
  0.00000000e+00 0.00000000e+00 0.00000000e+00]
 [2.44410686e+00 2.17972186e+00 1.01901008e+00 1.36729237e+00
  1.13975198e+00 8.51242253e-01 4.35628294e-01 8.22338202e-01
  1.58978713e+00 2.07119414e+00 2.54876506e+00 3.04759449e+00
  3.43709299e+00 3.52925526e+00 3.44745345e+00]]

8
----------------------------------------------------------------------------------
[[0.         0.         0.         0.         0.         0.
  0.         0.06909836 0.         0.         0.         0.
  0.         0.         0.        ]
 [0.         0.         0.         0.         0.         0.
  0.         0.         0.21454825 0.         0.         0.
  0.         0.         0.        ]
 [0.         0.         0.         0.         0.         0.00855103
  0.15226831 0.         0.23451426 0.28518789 0.3754673  0.
  0.         0.         0.        ]
 [0.         0.         0.         0.         0.         0.
  0.         0.         0.01366829 0.02422933 0.         0.02064204
  0.         0.         0.        ]
 [0.         0.         0.         0.         0.         0.
  0.         0.         0.01009844 0.04660003 0.01251871 0.03488795
  0.         0.         0.        ]
 [0.         0.         0.         0.         0.         0.
  0.         0.         0.49153268 0.46294295 0.30630381 0.
  0.         0.         0.        ]
 [0.         0.         0.         0.         0.         0.
  0.         0.         0.09447065 0.09899443 0.12394885 0.
  0.         0.         0.        ]
 [0.         0.         0.         0.         0.         0.
  0.         0.         0.         0.03890049 0.01858153 0.
  0.         0.         0.        ]
 [0.46038148 0.00575138 0.         0.         0.         0.
  0.         0.         0.         0.0139394  0.13140897 0.06150561
  0.         0.         0.        ]
 [0.         0.         0.         0.         0.         0.19965586
  0.27538888 1.0788336  1.35439067 0.43540819 0.58332717 0.21945427
  0.02656633 0.         0.23105755]
 [0.34461454 0.12739548 0.         0.         0.         0.
  0.         0.         0.04313491 0.22147837 0.01722222 0.
  0.         0.         0.        ]
 [0.46038148 0.00575138 0.         0.         0.         0.
  0.         0.         0.         0.0139394  0.13140897 0.06150561
  0.         0.         0.        ]
 [0.39413838 0.48650358 0.         0.         0.         0.
  0.         0.34335495 0.31566311 0.05452219 0.01505674 0.
  0.         0.         0.        ]
 [0.         0.         0.         0.         0.05407928 0.
  0.05093704 0.00867884 2.25619099 1.49480586 1.27352912 0.68967258
  0.01200363 0.         0.32790851]
 [0.         0.         0.         0.         0.93567224 0.
  0.         0.58838105 4.0454548  4.66548452 3.33831355 1.95849053
  0.74005858 0.57236407 0.52818366]
 [0.         0.         0.         0.         0.         0.
  0.02548247 0.         1.12456109 2.14726415 2.90798795 4.80329757
  0.83118174 0.         1.49322872]
 [0.         0.         0.19114273 0.16496581 0.         0.
  0.         0.         1.09372394 1.99328709 1.91490276 0.83700765
  0.         0.         0.        ]
 [3.03025919 2.8464731  2.69861263 2.66224919 2.29969768 1.49185613
  1.50536585 0.98428344 0.62388216 0.73531778 0.59882781 0.81087522
  1.62218708 1.94419838 0.85985308]]

9
----------------------------------------------------------------------------------
[[0.         0.         0.         0.         0.         0.
  0.         0.         0.         0.         0.         0.
  0.         0.         0.        ]
 [0.         0.         0.         0.         0.         0.
  0.         0.         0.         0.         0.         0.
  0.         0.         0.        ]
 [0.         0.         0.         0.         0.         0.
  0.         0.         0.         0.         0.         0.
  0.         0.         0.        ]
 [0.         0.         0.         0.         0.         0.
  0.         0.         0.         0.         0.         0.
  0.         0.         0.        ]
 [0.         0.         0.         0.         0.         0.
  0.         0.         0.         0.         0.         0.
  0.         0.         0.        ]
 [0.         0.         0.         0.         0.         0.
  0.         0.         0.         0.         0.         0.
  0.         0.         0.        ]
 [0.         0.         0.         0.         0.         0.
  0.         0.         0.         0.         0.         0.
  0.         0.         0.        ]
 [0.         0.         2.44717775 0.54550164 0.         0.
  0.         0.         0.         0.         0.         0.
  0.         0.         0.        ]
 [0.         0.17119276 2.96819988 0.8040039  0.         0.
  0.         0.         0.         0.         0.         0.
  0.         0.         0.        ]
 [0.         0.         0.         0.         0.         0.
  0.         0.         0.         0.         0.         0.
  0.         0.         0.        ]
 [0.         0.         3.09070658 3.41630839 0.         0.
  0.         0.         0.         0.         0.         0.
  0.         0.         0.        ]
 [0.         0.10855765 3.29792244 0.88637672 0.         0.
  0.         0.         0.         0.         0.         0.
  0.         0.         0.        ]
 [0.         0.         1.09530184 1.68590583 0.         0.
  0.         0.         0.         0.         0.         0.
  0.         0.         0.        ]
 [0.         0.         0.02906034 0.         0.         0.04514741
  0.         0.11005175 0.         0.0300807  0.         0.08802696
  0.121759   0.         0.01465174]
 [0.         1.34883583 0.80428699 0.         0.         0.1133523
  0.         0.         0.76377812 0.90058593 0.39762428 0.19380029
  0.20390644 0.         0.        ]
 [0.32314957 1.71113662 0.9691963  0.         0.         0.
  0.         0.         0.         0.         0.15541182 0.5828991
  0.         0.02102467 0.        ]
 [0.         0.43338587 0.00878525 0.         0.         0.25434736
  0.10720184 0.         1.42237779 1.03421715 0.7033256  0.25369384
  0.2674225  0.04118133 0.04244653]
 [1.82231627 2.22128857 2.68346947 3.02865528 3.13478643 2.64620966
  2.86416434 2.74685161 2.73708373 3.35524067 2.60655048 2.37010106
  1.6709411  1.51159427 1.35214085]]

10
----------------------------------------------------------------------------------
[[0.00000000e+00 0.00000000e+00 0.00000000e+00 0.00000000e+00
  0.00000000e+00 0.00000000e+00 0.00000000e+00 0.00000000e+00
  0.00000000e+00 0.00000000e+00 0.00000000e+00 0.00000000e+00
  0.00000000e+00 0.00000000e+00 0.00000000e+00]
 [0.00000000e+00 0.00000000e+00 0.00000000e+00 0.00000000e+00
  0.00000000e+00 0.00000000e+00 0.00000000e+00 0.00000000e+00
  0.00000000e+00 0.00000000e+00 0.00000000e+00 0.00000000e+00
  0.00000000e+00 0.00000000e+00 0.00000000e+00]
 [0.00000000e+00 0.00000000e+00 0.00000000e+00 0.00000000e+00
  0.00000000e+00 0.00000000e+00 0.00000000e+00 0.00000000e+00
  0.00000000e+00 0.00000000e+00 0.00000000e+00 0.00000000e+00
  0.00000000e+00 0.00000000e+00 0.00000000e+00]
 [0.00000000e+00 0.00000000e+00 0.00000000e+00 0.00000000e+00
  0.00000000e+00 0.00000000e+00 0.00000000e+00 0.00000000e+00
  0.00000000e+00 0.00000000e+00 0.00000000e+00 0.00000000e+00
  0.00000000e+00 0.00000000e+00 0.00000000e+00]
 [0.00000000e+00 0.00000000e+00 0.00000000e+00 0.00000000e+00
  0.00000000e+00 0.00000000e+00 0.00000000e+00 0.00000000e+00
  0.00000000e+00 0.00000000e+00 0.00000000e+00 0.00000000e+00
  0.00000000e+00 0.00000000e+00 0.00000000e+00]
 [0.00000000e+00 0.00000000e+00 0.00000000e+00 0.00000000e+00
  0.00000000e+00 0.00000000e+00 0.00000000e+00 0.00000000e+00
  0.00000000e+00 0.00000000e+00 0.00000000e+00 0.00000000e+00
  0.00000000e+00 0.00000000e+00 0.00000000e+00]
 [0.00000000e+00 0.00000000e+00 0.00000000e+00 0.00000000e+00
  0.00000000e+00 0.00000000e+00 0.00000000e+00 0.00000000e+00
  0.00000000e+00 0.00000000e+00 0.00000000e+00 0.00000000e+00
  0.00000000e+00 0.00000000e+00 0.00000000e+00]
 [0.00000000e+00 0.00000000e+00 0.00000000e+00 0.00000000e+00
  0.00000000e+00 0.00000000e+00 1.78803923e-01 0.00000000e+00
  0.00000000e+00 0.00000000e+00 0.00000000e+00 0.00000000e+00
  0.00000000e+00 0.00000000e+00 0.00000000e+00]
 [0.00000000e+00 0.00000000e+00 0.00000000e+00 0.00000000e+00
  0.00000000e+00 0.00000000e+00 8.10555996e-01 0.00000000e+00
  0.00000000e+00 3.23593346e-02 1.43619970e+00 1.29157190e+00
  4.09973373e-01 0.00000000e+00 0.00000000e+00]
 [2.52775265e-01 1.81643029e-01 2.84066885e-01 0.00000000e+00
  0.00000000e+00 0.00000000e+00 0.00000000e+00 0.00000000e+00
  0.00000000e+00 0.00000000e+00 0.00000000e+00 0.00000000e+00
  0.00000000e+00 0.00000000e+00 0.00000000e+00]
 [0.00000000e+00 0.00000000e+00 0.00000000e+00 0.00000000e+00
  0.00000000e+00 8.96315839e-02 2.61743994e+00 0.00000000e+00
  0.00000000e+00 0.00000000e+00 0.00000000e+00 0.00000000e+00
  3.61649468e-01 0.00000000e+00 0.00000000e+00]
 [0.00000000e+00 0.00000000e+00 0.00000000e+00 0.00000000e+00
  0.00000000e+00 1.77345808e-01 1.06217633e+00 0.00000000e+00
  0.00000000e+00 9.64903452e-02 1.17015378e+00 1.01263397e+00
  5.39285615e-01 6.11668490e-02 0.00000000e+00]
 [0.00000000e+00 0.00000000e+00 0.00000000e+00 0.00000000e+00
  0.00000000e+00 0.00000000e+00 1.85433407e+00 0.00000000e+00
  0.00000000e+00 0.00000000e+00 0.00000000e+00 0.00000000e+00
  0.00000000e+00 0.00000000e+00 0.00000000e+00]
 [2.39872898e-01 1.08038784e-01 0.00000000e+00 8.92973023e-01
  2.90244394e+00 1.07839481e+00 0.00000000e+00 0.00000000e+00
  0.00000000e+00 0.00000000e+00 0.00000000e+00 0.00000000e+00
  0.00000000e+00 0.00000000e+00 2.99444000e-01]
 [4.80812046e-01 4.71940487e-01 3.32325625e-01 1.51824963e+00
  3.79960297e+00 3.71229297e-01 0.00000000e+00 0.00000000e+00
  0.00000000e+00 0.00000000e+00 0.00000000e+00 0.00000000e+00
  0.00000000e+00 0.00000000e+00 1.95822104e+00]
 [5.55859862e-01 4.39515073e-01 0.00000000e+00 5.44756353e-01
  2.38947283e+00 4.00907325e+00 0.00000000e+00 0.00000000e+00
  0.00000000e+00 0.00000000e+00 0.00000000e+00 0.00000000e+00
  1.59446936e-02 8.79504648e-02 3.97193226e-01]
 [1.06857354e-04 0.00000000e+00 0.00000000e+00 9.58530137e-01
  2.65433411e+00 5.79124935e-01 8.50208847e-01 4.27689805e-01
  1.56578313e-01 5.62946580e-02 0.00000000e+00 0.00000000e+00
  0.00000000e+00 0.00000000e+00 0.00000000e+00]
 [7.49305723e-01 9.81898289e-01 1.73095410e+00 2.64738643e+00
  2.16302962e+00 3.05206962e+00 3.87663927e+00 4.38825961e+00
  4.98106450e+00 4.89377341e+00 4.59325541e+00 3.71636733e+00
  3.60163591e+00 3.07779465e+00 2.89644819e+00]]

11
----------------------------------------------------------------------------------
[[0.00000000e+00 0.00000000e+00 0.00000000e+00 0.00000000e+00
  0.00000000e+00 0.00000000e+00 0.00000000e+00 0.00000000e+00
  0.00000000e+00 0.00000000e+00 0.00000000e+00 0.00000000e+00
  0.00000000e+00 0.00000000e+00 0.00000000e+00]
 [0.00000000e+00 0.00000000e+00 0.00000000e+00 0.00000000e+00
  0.00000000e+00 0.00000000e+00 0.00000000e+00 0.00000000e+00
  0.00000000e+00 0.00000000e+00 0.00000000e+00 0.00000000e+00
  0.00000000e+00 0.00000000e+00 0.00000000e+00]
 [0.00000000e+00 4.28265185e-01 0.00000000e+00 0.00000000e+00
  0.00000000e+00 0.00000000e+00 0.00000000e+00 0.00000000e+00
  0.00000000e+00 0.00000000e+00 0.00000000e+00 0.00000000e+00
  0.00000000e+00 0.00000000e+00 0.00000000e+00]
 [0.00000000e+00 0.00000000e+00 0.00000000e+00 0.00000000e+00
  0.00000000e+00 0.00000000e+00 0.00000000e+00 0.00000000e+00
  0.00000000e+00 0.00000000e+00 0.00000000e+00 0.00000000e+00
  0.00000000e+00 0.00000000e+00 0.00000000e+00]
 [0.00000000e+00 6.67265167e-02 0.00000000e+00 0.00000000e+00
  0.00000000e+00 0.00000000e+00 0.00000000e+00 0.00000000e+00
  0.00000000e+00 0.00000000e+00 0.00000000e+00 0.00000000e+00
  0.00000000e+00 0.00000000e+00 0.00000000e+00]
 [0.00000000e+00 5.41945078e-02 1.36497227e-01 0.00000000e+00
  0.00000000e+00 0.00000000e+00 0.00000000e+00 0.00000000e+00
  0.00000000e+00 0.00000000e+00 0.00000000e+00 0.00000000e+00
  0.00000000e+00 0.00000000e+00 0.00000000e+00]
 [0.00000000e+00 6.08433953e-02 2.34780243e-01 0.00000000e+00
  0.00000000e+00 0.00000000e+00 0.00000000e+00 0.00000000e+00
  0.00000000e+00 0.00000000e+00 0.00000000e+00 0.00000000e+00
  0.00000000e+00 0.00000000e+00 0.00000000e+00]
 [0.00000000e+00 0.00000000e+00 0.00000000e+00 0.00000000e+00
  0.00000000e+00 0.00000000e+00 0.00000000e+00 0.00000000e+00
  0.00000000e+00 0.00000000e+00 0.00000000e+00 0.00000000e+00
  0.00000000e+00 0.00000000e+00 0.00000000e+00]
 [0.00000000e+00 0.00000000e+00 0.00000000e+00 0.00000000e+00
  0.00000000e+00 0.00000000e+00 0.00000000e+00 0.00000000e+00
  0.00000000e+00 0.00000000e+00 0.00000000e+00 0.00000000e+00
  0.00000000e+00 0.00000000e+00 0.00000000e+00]
 [0.00000000e+00 8.76402025e-02 1.93501659e-01 0.00000000e+00
  2.03171202e-03 0.00000000e+00 0.00000000e+00 0.00000000e+00
  0.00000000e+00 0.00000000e+00 0.00000000e+00 0.00000000e+00
  0.00000000e+00 9.50763093e-02 0.00000000e+00]
 [0.00000000e+00 5.45469555e-02 1.15634235e-01 0.00000000e+00
  0.00000000e+00 0.00000000e+00 0.00000000e+00 0.00000000e+00
  0.00000000e+00 0.00000000e+00 0.00000000e+00 0.00000000e+00
  0.00000000e+00 0.00000000e+00 0.00000000e+00]
 [0.00000000e+00 0.00000000e+00 0.00000000e+00 0.00000000e+00
  0.00000000e+00 0.00000000e+00 0.00000000e+00 0.00000000e+00
  0.00000000e+00 0.00000000e+00 0.00000000e+00 0.00000000e+00
  0.00000000e+00 0.00000000e+00 0.00000000e+00]
 [0.00000000e+00 1.52109868e-01 4.64824226e-02 0.00000000e+00
  0.00000000e+00 0.00000000e+00 0.00000000e+00 0.00000000e+00
  0.00000000e+00 0.00000000e+00 0.00000000e+00 0.00000000e+00
  0.00000000e+00 0.00000000e+00 0.00000000e+00]
 [2.50877302e+00 2.92256336e-01 1.06802411e+00 3.20144301e-01
  0.00000000e+00 0.00000000e+00 0.00000000e+00 3.31133920e-02
  4.39393018e-01 0.00000000e+00 0.00000000e+00 0.00000000e+00
  0.00000000e+00 1.22856341e-01 0.00000000e+00]
 [2.82102676e+00 0.00000000e+00 9.88995552e-01 1.30420355e+00
  6.44736038e-01 3.62301361e-01 0.00000000e+00 3.70508041e-01
  1.49216051e-01 0.00000000e+00 0.00000000e+00 0.00000000e+00
  4.37766664e-02 1.12144495e-01 6.78644593e-02]
 [0.00000000e+00 1.34099834e-01 0.00000000e+00 0.00000000e+00
  0.00000000e+00 8.02577445e-01 6.02336123e-02 2.66168370e-01
  6.19107315e-01 0.00000000e+00 0.00000000e+00 0.00000000e+00
  0.00000000e+00 7.82974033e-02 2.16541856e-01]
 [0.00000000e+00 0.00000000e+00 0.00000000e+00 0.00000000e+00
  0.00000000e+00 0.00000000e+00 0.00000000e+00 0.00000000e+00
  0.00000000e+00 0.00000000e+00 0.00000000e+00 0.00000000e+00
  0.00000000e+00 0.00000000e+00 0.00000000e+00]
 [2.21977144e+00 1.67665096e+00 1.69314757e+00 1.78441813e+00
  1.64389672e+00 2.31362518e+00 3.07241406e+00 4.56618048e+00
  4.72800270e+00 4.89829712e+00 4.47402738e+00 3.90323064e+00
  3.23240887e+00 2.65769408e+00 2.45135485e+00]]

12
----------------------------------------------------------------------------------
[[0.00000000e+00 0.00000000e+00 0.00000000e+00 0.00000000e+00
  0.00000000e+00 0.00000000e+00 0.00000000e+00 0.00000000e+00
  0.00000000e+00 2.79370847e-01 0.00000000e+00 0.00000000e+00
  0.00000000e+00 0.00000000e+00 0.00000000e+00]
 [0.00000000e+00 0.00000000e+00 0.00000000e+00 0.00000000e+00
  0.00000000e+00 0.00000000e+00 0.00000000e+00 0.00000000e+00
  0.00000000e+00 0.00000000e+00 0.00000000e+00 0.00000000e+00
  0.00000000e+00 0.00000000e+00 0.00000000e+00]
 [0.00000000e+00 0.00000000e+00 0.00000000e+00 0.00000000e+00
  0.00000000e+00 0.00000000e+00 0.00000000e+00 0.00000000e+00
  0.00000000e+00 3.75552200e-01 6.89795745e-02 0.00000000e+00
  0.00000000e+00 0.00000000e+00 1.72074968e-01]
 [0.00000000e+00 0.00000000e+00 0.00000000e+00 0.00000000e+00
  0.00000000e+00 0.00000000e+00 0.00000000e+00 0.00000000e+00
  0.00000000e+00 2.96658417e-01 0.00000000e+00 0.00000000e+00
  0.00000000e+00 0.00000000e+00 0.00000000e+00]
 [0.00000000e+00 0.00000000e+00 0.00000000e+00 0.00000000e+00
  0.00000000e+00 0.00000000e+00 0.00000000e+00 0.00000000e+00
  0.00000000e+00 0.00000000e+00 0.00000000e+00 0.00000000e+00
  0.00000000e+00 0.00000000e+00 0.00000000e+00]
 [0.00000000e+00 0.00000000e+00 7.73163283e-02 0.00000000e+00
  0.00000000e+00 0.00000000e+00 0.00000000e+00 0.00000000e+00
  0.00000000e+00 6.81094916e-03 0.00000000e+00 0.00000000e+00
  0.00000000e+00 3.52092392e-02 0.00000000e+00]
 [0.00000000e+00 0.00000000e+00 0.00000000e+00 0.00000000e+00
  0.00000000e+00 0.00000000e+00 0.00000000e+00 0.00000000e+00
  0.00000000e+00 0.00000000e+00 0.00000000e+00 0.00000000e+00
  0.00000000e+00 0.00000000e+00 0.00000000e+00]
 [1.79398093e+00 0.00000000e+00 0.00000000e+00 0.00000000e+00
  0.00000000e+00 6.14195344e-02 9.85800660e-01 4.86994880e-01
  2.93933435e-01 7.30037145e-01 2.73268470e-01 0.00000000e+00
  3.45170954e-02 0.00000000e+00 0.00000000e+00]
 [2.04997573e+00 5.14469134e-01 2.13411711e-01 0.00000000e+00
  2.17379770e-02 3.13421393e-01 1.78475058e+00 1.78568037e+00
  1.23641193e+00 1.16908504e+00 3.81397225e-01 0.00000000e+00
  5.99384443e-02 4.09571345e-02 0.00000000e+00]
 [0.00000000e+00 0.00000000e+00 0.00000000e+00 1.25642149e+00
  0.00000000e+00 8.14894932e-02 0.00000000e+00 0.00000000e+00
  1.85381084e-01 5.25535447e-01 3.92120824e-01 8.68344078e-01
  6.71693298e-01 0.00000000e+00 5.09955928e-02]
 [6.82497193e+00 1.31809679e+00 2.71030789e-01 0.00000000e+00
  0.00000000e+00 0.00000000e+00 6.58329078e-01 1.92202976e+00
  1.51242611e+00 9.84315295e-01 3.67310853e-01 0.00000000e+00
  2.52205786e-02 0.00000000e+00 0.00000000e+00]
 [2.66203298e+00 5.26260017e-01 2.17910597e-01 0.00000000e+00
  0.00000000e+00 1.97312336e-01 1.53833154e+00 1.53247835e+00
  1.09651561e+00 1.09627761e+00 3.59305161e-01 0.00000000e+00
  7.93777915e-02 2.44662866e-02 0.00000000e+00]
 [4.93509707e+00 4.47316061e-01 0.00000000e+00 0.00000000e+00
  0.00000000e+00 0.00000000e+00 7.21909480e-01 1.47996689e+00
  7.71545486e-01 4.12450008e-01 0.00000000e+00 0.00000000e+00
  0.00000000e+00 5.40981209e-03 0.00000000e+00]
 [0.00000000e+00 0.00000000e+00 0.00000000e+00 0.00000000e+00
  5.58960580e-01 6.19223689e-01 2.41547106e-01 1.18578847e+00
  1.70160639e-01 3.42730242e-01 0.00000000e+00 4.27917635e-02
  1.66935075e+00 1.57236329e+00 3.24484327e-01]
 [6.53497858e-02 0.00000000e+00 0.00000000e+00 3.24031238e-01
  1.04059444e+00 1.18576206e+00 3.98942712e-01 1.87577756e+00
  1.72048581e+00 6.90529204e-01 2.36937568e-01 1.34546387e+00
  4.18975175e+00 1.77415545e+00 0.00000000e+00]
 [8.88197223e-02 0.00000000e+00 0.00000000e+00 0.00000000e+00
  3.17136876e-01 6.73806956e-01 4.66437063e-01 1.06575030e+00
  1.05264471e+00 9.12448173e-01 0.00000000e+00 0.00000000e+00
  3.73129155e-01 1.17490991e+00 3.38795818e-01]
 [0.00000000e+00 0.00000000e+00 0.00000000e+00 0.00000000e+00
  5.47631203e-01 4.10306772e-01 3.07540824e-01 0.00000000e+00
  0.00000000e+00 3.07561596e-01 0.00000000e+00 2.35039142e-01
  1.08919421e+00 8.48692873e-01 1.22810765e-01]
 [1.96048822e+00 2.17278328e+00 1.26191976e+00 1.01792472e+00
  6.84653765e-01 9.54724124e-01 1.04366257e+00 1.20660475e+00
  1.06895515e+00 3.16779651e-01 7.43018548e-01 7.39335877e-01
  7.06231849e-01 6.68934952e-01 6.75965657e-01]]

13
----------------------------------------------------------------------------------
[[0.         0.         0.         0.         0.         0.
  0.         0.         0.         0.         0.         0.
  0.         0.         0.        ]
 [0.         0.         0.         0.         0.         0.
  0.         0.         0.         0.         0.         0.
  0.         0.         0.        ]
 [0.         0.         0.18400588 0.14577492 0.         0.74364791
  0.         0.65858123 0.         0.         0.         0.
  0.17948203 0.         0.        ]
 [0.         0.         0.0746797  0.         0.         0.
  0.         0.         0.         0.         0.         0.
  0.         0.         0.        ]
 [0.         0.02399474 0.10460276 0.         0.         0.
  0.         0.         0.         0.         0.         0.
  0.         0.         0.        ]
 [0.         0.         0.         0.         0.03560876 0.
  0.         0.         0.         0.         0.         0.
  0.06218177 0.         0.        ]
 [0.         0.         0.         0.         0.         0.
  0.         0.         0.         0.         0.         0.
  0.         0.         0.        ]
 [0.         0.         0.         0.         0.         0.
  0.         0.         0.         0.         0.         0.
  0.         0.         0.        ]
 [0.         0.         0.00561371 0.         0.         0.
  0.         0.         0.         0.         0.         0.
  0.         0.         0.        ]
 [0.1421348  0.19474599 0.84654837 0.84793146 0.16034788 0.
  0.81324602 0.3760717  0.         0.         0.         0.
  0.97366467 0.         0.        ]
 [0.         0.         0.         0.         0.         0.
  0.         0.         0.         0.         0.         0.
  0.12243349 0.         0.        ]
 [0.         0.         0.05688266 0.         0.         0.
  0.         0.         0.         0.         0.         0.
  0.         0.         0.        ]
 [0.         0.         0.         0.         0.         0.
  0.         0.         0.         0.         0.         0.
  0.09594992 0.         0.        ]
 [0.82331499 1.42325686 0.72590718 0.85398081 0.90799385 1.50594803
  1.60074894 0.47756877 0.50798499 0.         0.44548157 0.
  0.         0.77576107 1.6713763 ]
 [0.39188856 2.04577092 2.35845831 1.83932683 1.34955901 3.42889044
  2.47703122 0.80395678 0.78322484 0.53816884 1.47380164 0.
  0.22562019 0.         2.42056887]
 [0.01910899 1.2598374  3.72611588 0.99722916 0.82175596 1.78736883
  1.32109209 0.19285015 1.09175116 1.56475566 1.29148313 0.
  0.16369194 0.42004082 1.43154816]
 [0.84286745 0.84839015 0.9177666  1.70566473 1.04159783 0.
  0.78542114 0.11428018 0.         0.         0.08833482 0.
  0.         0.         0.        ]
 [1.29478897 0.95103138 0.5370149  0.52928521 1.09557963 1.95305418
  0.59437553 0.78917439 2.08278902 2.48307436 2.2038925  2.44235103
  1.54230704 2.1043973  1.34979325]]

14
----------------------------------------------------------------------------------
[[0.00000000e+00 0.00000000e+00 1.33120599e-01 0.00000000e+00
  0.00000000e+00 0.00000000e+00 0.00000000e+00 0.00000000e+00
  0.00000000e+00 0.00000000e+00 0.00000000e+00 0.00000000e+00
  0.00000000e+00 0.00000000e+00 0.00000000e+00]
 [0.00000000e+00 0.00000000e+00 1.83718299e-02 0.00000000e+00
  0.00000000e+00 0.00000000e+00 0.00000000e+00 0.00000000e+00
  0.00000000e+00 0.00000000e+00 0.00000000e+00 0.00000000e+00
  0.00000000e+00 0.00000000e+00 0.00000000e+00]
 [1.06850626e-01 1.96654756e-01 3.39997416e-01 1.99308222e-01
  5.77348593e-02 2.87816799e-01 0.00000000e+00 0.00000000e+00
  0.00000000e+00 0.00000000e+00 0.00000000e+00 0.00000000e+00
  0.00000000e+00 0.00000000e+00 0.00000000e+00]
 [0.00000000e+00 0.00000000e+00 5.52658569e-02 0.00000000e+00
  0.00000000e+00 0.00000000e+00 0.00000000e+00 0.00000000e+00
  0.00000000e+00 0.00000000e+00 0.00000000e+00 0.00000000e+00
  0.00000000e+00 0.00000000e+00 0.00000000e+00]
 [0.00000000e+00 0.00000000e+00 1.25543712e-01 0.00000000e+00
  0.00000000e+00 0.00000000e+00 0.00000000e+00 0.00000000e+00
  0.00000000e+00 0.00000000e+00 0.00000000e+00 0.00000000e+00
  0.00000000e+00 0.00000000e+00 0.00000000e+00]
 [4.03228421e-03 0.00000000e+00 7.57687765e-02 0.00000000e+00
  1.76192820e-01 1.21518893e-01 0.00000000e+00 0.00000000e+00
  0.00000000e+00 0.00000000e+00 0.00000000e+00 0.00000000e+00
  0.00000000e+00 0.00000000e+00 0.00000000e+00]
 [0.00000000e+00 0.00000000e+00 3.91834591e-02 0.00000000e+00
  0.00000000e+00 0.00000000e+00 0.00000000e+00 0.00000000e+00
  0.00000000e+00 0.00000000e+00 0.00000000e+00 0.00000000e+00
  0.00000000e+00 0.00000000e+00 0.00000000e+00]
 [0.00000000e+00 0.00000000e+00 1.18193317e-02 0.00000000e+00
  0.00000000e+00 4.03901629e-01 2.89785136e+00 0.00000000e+00
  0.00000000e+00 0.00000000e+00 0.00000000e+00 0.00000000e+00
  0.00000000e+00 0.00000000e+00 0.00000000e+00]
 [0.00000000e+00 0.00000000e+00 3.80711683e-02 0.00000000e+00
  0.00000000e+00 3.92863807e-01 1.82910496e+00 4.77985036e-01
  0.00000000e+00 0.00000000e+00 0.00000000e+00 0.00000000e+00
  8.98889075e-01 0.00000000e+00 0.00000000e+00]
 [1.75016323e-01 5.57230260e-01 7.34423414e-01 0.00000000e+00
  6.85044400e-01 4.35303116e-01 2.23788188e-01 0.00000000e+00
  0.00000000e+00 0.00000000e+00 0.00000000e+00 0.00000000e+00
  0.00000000e+00 3.11318841e-02 0.00000000e+00]
 [4.56235594e-02 0.00000000e+00 1.27928555e-01 0.00000000e+00
  0.00000000e+00 1.07044811e+00 4.16985417e+00 2.12720568e+00
  0.00000000e+00 0.00000000e+00 0.00000000e+00 0.00000000e+00
  0.00000000e+00 0.00000000e+00 7.91646224e-01]
 [0.00000000e+00 0.00000000e+00 3.78777271e-02 0.00000000e+00
  0.00000000e+00 0.00000000e+00 2.91165897e-01 0.00000000e+00
  0.00000000e+00 0.00000000e+00 0.00000000e+00 0.00000000e+00
  4.71210982e-01 0.00000000e+00 0.00000000e+00]
 [0.00000000e+00 0.00000000e+00 2.06849376e-01 0.00000000e+00
  0.00000000e+00 1.01604435e-01 2.87241372e+00 9.45819449e-01
  0.00000000e+00 0.00000000e+00 0.00000000e+00 0.00000000e+00
  0.00000000e+00 2.94350099e-01 0.00000000e+00]
 [2.59680813e-01 4.10626583e+00 1.50505354e+00 1.36878678e-01
  3.11341421e+00 2.87013131e+00 0.00000000e+00 3.20125361e-01
  0.00000000e+00 0.00000000e+00 5.21952897e-02 6.32435032e-01
  4.60921250e-01 4.39011415e-01 1.06197365e-01]
 [8.30285254e-01 5.37216254e+00 2.77054108e+00 4.13542450e-01
  4.44527665e+00 4.20953437e+00 1.79128581e-01 1.83923209e+00
  0.00000000e+00 0.00000000e+00 0.00000000e+00 0.00000000e+00
  8.48134728e-01 1.94457750e+00 1.23848273e+00]
 [2.24478131e-01 1.42488027e+00 9.85359332e-01 0.00000000e+00
  1.68536721e+00 1.37856516e+00 1.58046957e-01 2.14670981e+00
  0.00000000e+00 0.00000000e+00 0.00000000e+00 0.00000000e+00
  2.12227753e+00 3.67237210e-01 0.00000000e+00]
 [3.65923399e-01 8.24781227e-01 3.37823341e-01 2.27150483e-01
  1.29531879e+00 1.35283197e+00 0.00000000e+00 1.85014357e-01
  0.00000000e+00 0.00000000e+00 0.00000000e+00 0.00000000e+00
  0.00000000e+00 9.33431073e-01 7.34327320e-01]
 [6.03991368e-01 6.46659490e-01 2.65016738e-01 6.83252269e-01
  3.88858304e-01 5.10467208e-01 1.54382099e+00 2.95448390e+00
  4.91682393e+00 5.67710771e+00 5.69892030e+00 4.35548304e+00
  2.40575051e+00 2.31398919e+00 1.83066812e+00]]

16
----------------------------------------------------------------------------------
[[ 0.          0.          0.          0.          0.          0.
   0.          0.          0.          0.          0.08620973  0.3287869
   0.61079612  0.          0.        ]
 [ 0.          0.          0.          0.          0.          0.
   0.          0.          0.          0.          0.          0.
   0.          0.          0.        ]
 [ 0.          0.          0.          0.          0.          0.
   0.          0.          0.          0.          0.          0.
   0.          0.          0.        ]
 [ 0.          0.          0.          0.          0.          0.
   0.          0.          0.          0.          0.          0.
   0.          0.          0.        ]
 [ 0.          0.          0.          0.          0.          0.
   0.          0.          0.          0.          0.          0.34499418
   1.44093831  0.          0.        ]
 [ 0.          0.          0.          0.          0.          0.
   0.          0.          0.          0.          0.          0.
   0.          0.          0.        ]
 [ 0.          0.          0.          0.          0.          0.
   0.          0.          0.          0.          0.          0.
   1.0854238   0.          0.        ]
 [ 0.          0.          0.          0.          0.          0.
   0.          0.          0.          0.          0.          0.
   0.          0.          0.        ]
 [ 0.          0.          0.          0.          0.          0.
   0.          0.          0.          0.          0.          0.
   0.          0.          0.        ]
 [ 0.          0.          0.          0.          0.          0.
   0.          0.          0.          0.          0.          0.
   0.          0.          0.        ]
 [ 0.          0.          0.          0.          0.          0.
   0.          0.          0.          0.          0.          0.
   0.          0.          0.        ]
 [ 0.          0.          0.          0.          0.          0.
   0.          0.          0.          0.          0.          0.
   0.          0.          0.        ]
 [ 0.          0.          0.          0.          0.          0.
   0.          0.          0.          0.          0.          0.
   9.20190892 22.37861931  0.        ]
 [ 0.5318983   0.75376695  0.1097589   0.          0.66154618  1.70155859
   0.07022093  0.          0.          0.          0.          0.
   0.          0.          0.        ]
 [ 1.67063342  1.52409572  0.          0.          0.53415694  1.14859494
   0.03053517  0.          0.          0.          0.          0.
   0.          0.          0.        ]
 [ 0.1721694   0.46895327  0.06765604  0.          0.          0.
   0.          0.          0.0518458   0.          0.          0.
   0.          0.          0.        ]
 [ 0.30892432  0.28663     0.          0.          0.          0.
   0.          0.          0.          0.          0.          0.
   0.          0.          0.        ]
 [ 2.54153559  2.34015799  2.26273765  2.66622094  3.16444876  3.74895487
   3.21057209  2.71379297  2.33756349  2.39982493  2.9432992   4.74687604
  10.50575365 16.87994576 15.58618991]]

17
----------------------------------------------------------------------------------
[[0.00000000e+00 0.00000000e+00 0.00000000e+00 0.00000000e+00
  0.00000000e+00 0.00000000e+00 0.00000000e+00 0.00000000e+00
  0.00000000e+00 3.72214908e-02 0.00000000e+00 9.58827153e-02
  1.27269471e-01 7.16417816e-02 0.00000000e+00]
 [0.00000000e+00 0.00000000e+00 0.00000000e+00 0.00000000e+00
  0.00000000e+00 0.00000000e+00 0.00000000e+00 0.00000000e+00
  0.00000000e+00 0.00000000e+00 0.00000000e+00 0.00000000e+00
  0.00000000e+00 0.00000000e+00 0.00000000e+00]
 [0.00000000e+00 0.00000000e+00 0.00000000e+00 0.00000000e+00
  0.00000000e+00 0.00000000e+00 5.30194102e-02 0.00000000e+00
  0.00000000e+00 0.00000000e+00 0.00000000e+00 0.00000000e+00
  0.00000000e+00 0.00000000e+00 0.00000000e+00]
 [0.00000000e+00 0.00000000e+00 0.00000000e+00 0.00000000e+00
  0.00000000e+00 0.00000000e+00 0.00000000e+00 0.00000000e+00
  0.00000000e+00 0.00000000e+00 0.00000000e+00 1.42242227e-02
  1.34292012e-01 2.05038523e-02 0.00000000e+00]
 [0.00000000e+00 0.00000000e+00 0.00000000e+00 0.00000000e+00
  0.00000000e+00 0.00000000e+00 0.00000000e+00 0.00000000e+00
  0.00000000e+00 8.18344543e-02 5.28345528e-03 5.67330364e-02
  4.84076899e-03 0.00000000e+00 0.00000000e+00]
 [0.00000000e+00 0.00000000e+00 0.00000000e+00 0.00000000e+00
  6.85366968e-02 0.00000000e+00 0.00000000e+00 0.00000000e+00
  0.00000000e+00 0.00000000e+00 0.00000000e+00 0.00000000e+00
  0.00000000e+00 0.00000000e+00 0.00000000e+00]
 [0.00000000e+00 0.00000000e+00 0.00000000e+00 0.00000000e+00
  0.00000000e+00 0.00000000e+00 0.00000000e+00 0.00000000e+00
  0.00000000e+00 0.00000000e+00 0.00000000e+00 0.00000000e+00
  0.00000000e+00 0.00000000e+00 0.00000000e+00]
 [0.00000000e+00 0.00000000e+00 0.00000000e+00 0.00000000e+00
  0.00000000e+00 0.00000000e+00 0.00000000e+00 0.00000000e+00
  0.00000000e+00 0.00000000e+00 0.00000000e+00 0.00000000e+00
  7.51507555e-02 0.00000000e+00 0.00000000e+00]
 [0.00000000e+00 0.00000000e+00 0.00000000e+00 0.00000000e+00
  0.00000000e+00 0.00000000e+00 0.00000000e+00 0.00000000e+00
  0.00000000e+00 0.00000000e+00 0.00000000e+00 0.00000000e+00
  0.00000000e+00 0.00000000e+00 0.00000000e+00]
 [0.00000000e+00 0.00000000e+00 0.00000000e+00 0.00000000e+00
  0.00000000e+00 1.08192359e-01 4.36132133e-01 0.00000000e+00
  0.00000000e+00 0.00000000e+00 0.00000000e+00 1.68888938e-01
  0.00000000e+00 0.00000000e+00 0.00000000e+00]
 [0.00000000e+00 0.00000000e+00 0.00000000e+00 0.00000000e+00
  0.00000000e+00 0.00000000e+00 0.00000000e+00 0.00000000e+00
  0.00000000e+00 0.00000000e+00 0.00000000e+00 0.00000000e+00
  0.00000000e+00 0.00000000e+00 0.00000000e+00]
 [0.00000000e+00 0.00000000e+00 0.00000000e+00 0.00000000e+00
  0.00000000e+00 0.00000000e+00 0.00000000e+00 0.00000000e+00
  0.00000000e+00 0.00000000e+00 0.00000000e+00 0.00000000e+00
  0.00000000e+00 0.00000000e+00 0.00000000e+00]
 [0.00000000e+00 0.00000000e+00 0.00000000e+00 0.00000000e+00
  0.00000000e+00 0.00000000e+00 0.00000000e+00 0.00000000e+00
  3.04825197e-01 0.00000000e+00 0.00000000e+00 0.00000000e+00
  0.00000000e+00 0.00000000e+00 0.00000000e+00]
 [1.73699551e-01 0.00000000e+00 5.60697647e-01 0.00000000e+00
  4.61592206e-02 5.95574489e-03 0.00000000e+00 0.00000000e+00
  0.00000000e+00 0.00000000e+00 0.00000000e+00 0.00000000e+00
  0.00000000e+00 1.20357268e-01 0.00000000e+00]
 [0.00000000e+00 4.23797934e-01 6.06173249e-01 0.00000000e+00
  2.43901627e-01 1.29165834e-01 0.00000000e+00 0.00000000e+00
  0.00000000e+00 0.00000000e+00 0.00000000e+00 0.00000000e+00
  3.80682686e-03 1.74210014e-01 0.00000000e+00]
 [0.00000000e+00 0.00000000e+00 7.12120248e-01 0.00000000e+00
  1.36904623e-01 5.13311607e-03 1.14631807e-01 0.00000000e+00
  0.00000000e+00 0.00000000e+00 0.00000000e+00 0.00000000e+00
  0.00000000e+00 0.00000000e+00 0.00000000e+00]
 [1.18413191e-01 2.15748320e-01 3.24549942e-01 0.00000000e+00
  3.80897344e-02 2.26845419e-01 0.00000000e+00 0.00000000e+00
  0.00000000e+00 0.00000000e+00 0.00000000e+00 0.00000000e+00
  2.32727666e-01 7.63382459e-01 6.63991596e-01]
 [5.06809856e+00 3.05592576e+00 2.12719287e+00 1.83825421e+00
  1.00380551e+00 8.04670563e-01 9.35390897e-01 1.32209128e+00
  1.52602997e+00 1.96561393e+00 2.30430914e+00 2.24199065e+00
  2.07710506e+00 2.47086768e+00 2.62271542e+00]]

18
----------------------------------------------------------------------------------
[[0.00000000e+00 0.00000000e+00 1.06097961e-01 1.96855487e-01
  1.91056365e-01 0.00000000e+00 0.00000000e+00 9.13870687e-02
  0.00000000e+00 0.00000000e+00 5.68638108e-02 3.24565961e-01
  2.05658570e-02 2.09564869e-01 1.82586090e-01]
 [0.00000000e+00 0.00000000e+00 0.00000000e+00 0.00000000e+00
  0.00000000e+00 1.51478027e-01 2.53981638e-01 4.57524087e-01
  0.00000000e+00 1.68995683e-02 1.89378016e-03 6.14513683e-02
  1.69261424e-02 2.24120856e-01 1.24075992e-01]
 [0.00000000e+00 0.00000000e+00 0.00000000e+00 3.89254975e-01
  2.27976919e-01 0.00000000e+00 1.35090992e-01 3.70034061e-01
  0.00000000e+00 5.90068182e-01 0.00000000e+00 2.94393638e-01
  0.00000000e+00 4.68393982e-01 2.31599023e-01]
 [0.00000000e+00 0.00000000e+00 1.96707987e-02 1.17668058e-01
  5.81091085e-02 1.20487525e-03 0.00000000e+00 0.00000000e+00
  4.09450944e-02 0.00000000e+00 5.37000222e-02 1.42759879e-01
  0.00000000e+00 1.86926947e-01 1.30880889e-01]
 [0.00000000e+00 0.00000000e+00 0.00000000e+00 1.24793965e-01
  3.71963308e-02 3.12691966e-02 0.00000000e+00 0.00000000e+00
  2.60350818e-02 0.00000000e+00 0.00000000e+00 7.33806239e-02
  0.00000000e+00 0.00000000e+00 1.41491825e-01]
 [0.00000000e+00 0.00000000e+00 0.00000000e+00 1.26507573e-01
  0.00000000e+00 0.00000000e+00 7.66199231e-02 0.00000000e+00
  0.00000000e+00 3.45994127e-01 0.00000000e+00 9.21117217e-03
  0.00000000e+00 1.22030714e-02 0.00000000e+00]
 [0.00000000e+00 0.00000000e+00 0.00000000e+00 6.06802995e-02
  0.00000000e+00 0.00000000e+00 4.37576719e-03 0.00000000e+00
  0.00000000e+00 0.00000000e+00 9.31806502e-03 0.00000000e+00
  0.00000000e+00 0.00000000e+00 1.01930419e-01]
 [3.01775884e-01 7.28512370e-01 9.56897683e-01 8.24088157e-01
  1.36519966e-01 0.00000000e+00 0.00000000e+00 0.00000000e+00
  0.00000000e+00 0.00000000e+00 4.53925573e-02 1.82637435e-01
  0.00000000e+00 1.06863140e-01 0.00000000e+00]
 [1.33175269e+00 2.85428931e-01 9.95993292e-01 1.06977499e+00
  2.13186375e-01 4.66913517e-02 0.00000000e+00 0.00000000e+00
  0.00000000e+00 0.00000000e+00 0.00000000e+00 3.13153990e-03
  0.00000000e+00 2.34954787e-02 8.64117766e-02]
 [1.35314987e-01 0.00000000e+00 0.00000000e+00 2.67192096e-01
  3.67962955e-01 0.00000000e+00 1.69041302e-01 2.40046591e-01
  4.14878987e-01 3.14612694e-01 5.14278407e-01 1.00431377e+00
  0.00000000e+00 0.00000000e+00 5.14686002e-01]
 [1.20270146e+00 0.00000000e+00 0.00000000e+00 1.18218710e+00
  5.67119256e-01 2.19739679e-01 3.74369508e-01 0.00000000e+00
  0.00000000e+00 0.00000000e+00 0.00000000e+00 0.00000000e+00
  0.00000000e+00 0.00000000e+00 0.00000000e+00]
 [4.29569270e-01 8.15816601e-02 9.38503866e-01 1.10723560e+00
  4.06952203e-01 6.09594311e-02 0.00000000e+00 0.00000000e+00
  0.00000000e+00 0.00000000e+00 0.00000000e+00 2.16263828e-03
  0.00000000e+00 0.00000000e+00 4.29636041e-02]
 [8.66833109e-01 0.00000000e+00 4.46624003e-01 1.55377152e+00
  9.29666489e-01 3.37467033e-01 3.75173118e-01 0.00000000e+00
  0.00000000e+00 0.00000000e+00 0.00000000e+00 0.00000000e+00
  0.00000000e+00 0.00000000e+00 0.00000000e+00]
 [0.00000000e+00 2.54635735e-02 0.00000000e+00 0.00000000e+00
  0.00000000e+00 0.00000000e+00 0.00000000e+00 0.00000000e+00
  0.00000000e+00 0.00000000e+00 0.00000000e+00 7.87444059e-02
  0.00000000e+00 6.11666957e-02 3.95563281e-01]
 [0.00000000e+00 0.00000000e+00 0.00000000e+00 6.71758595e-01
  0.00000000e+00 0.00000000e+00 0.00000000e+00 0.00000000e+00
  0.00000000e+00 0.00000000e+00 0.00000000e+00 3.56154895e-02
  0.00000000e+00 1.82546766e-01 1.66552192e+00]
 [0.00000000e+00 0.00000000e+00 0.00000000e+00 0.00000000e+00
  0.00000000e+00 0.00000000e+00 1.57672524e-01 0.00000000e+00
  0.00000000e+00 0.00000000e+00 0.00000000e+00 8.87742929e-02
  2.68527739e-01 1.49511157e+00 3.14545638e+00]
 [2.97352966e-01 0.00000000e+00 0.00000000e+00 0.00000000e+00
  0.00000000e+00 0.00000000e+00 0.00000000e+00 0.00000000e+00
  0.00000000e+00 0.00000000e+00 0.00000000e+00 7.37104726e-02
  0.00000000e+00 0.00000000e+00 0.00000000e+00]
 [2.50544334e+00 2.64676898e+00 2.35810768e+00 1.69252777e+00
  1.78681997e+00 1.58011992e+00 1.03182860e+00 1.30023893e+00
  1.85435897e+00 1.45801391e+00 9.99429760e-01 9.41349515e-01
  1.04208168e+00 8.18897420e-01 7.05539172e-01]]

19
----------------------------------------------------------------------------------
[[0.14986089 0.         0.17081017 0.         0.01463595 0.00900101
  0.         0.         0.         0.         0.         0.
  0.         0.11474046 0.16749306]
 [0.13021507 0.         0.         0.         0.         0.
  0.         0.         0.         0.         0.         0.
  0.         0.08558302 0.32332442]
 [0.         0.         0.         0.         0.         0.
  0.         0.         0.         0.         0.         0.
  0.         0.36593565 0.2563759 ]
 [0.         0.         0.         0.         0.         0.
  0.         0.         0.         0.         0.         0.
  0.         0.         0.        ]
 [0.07491111 0.02737992 0.         0.         0.         0.
  0.         0.         0.         0.         0.         0.
  0.         0.00837227 0.        ]
 [0.         0.         0.         0.         0.         0.
  0.         0.         0.         0.         0.         0.
  0.         0.0148751  0.31474335]
 [0.         0.         0.         0.         0.         0.
  0.         0.         0.         0.         0.         0.
  0.         0.05066141 0.05657437]
 [0.         0.         0.         0.         0.67510098 0.72454887
  0.         1.84963713 1.56876649 0.63603548 0.41846525 0.
  0.         0.         0.        ]
 [0.         0.         0.         0.         0.         1.86490195
  0.         2.38916131 2.67300947 1.14420689 0.47030279 0.
  0.         0.         0.        ]
 [0.         0.         0.         0.         0.         1.51697034
  0.         0.         0.         0.36211388 0.24152437 0.
  0.         1.03741887 1.4045961 ]
 [0.         0.         0.         0.         1.89459595 3.55813418
  0.         0.32833328 2.28696897 2.082352   1.15638087 0.49979198
  0.17168956 0.10953815 0.00804935]
 [0.         0.         0.         0.         0.         1.07804721
  0.         1.97249583 1.89189039 0.47899672 0.16731967 0.
  0.         0.         0.        ]
 [0.         0.         0.         0.         0.58082715 3.29275202
  0.         0.23334436 2.18390446 1.44769482 0.92963226 0.38423284
  0.08117112 0.15626978 0.        ]
 [0.         0.         0.70137605 1.82357493 4.45072807 0.82077152
  0.         5.06430311 3.80990159 0.74924852 1.05978054 0.71230945
  0.10296664 0.50502212 0.27856375]
 [0.         0.         1.04107399 0.17420541 1.98921075 0.
  0.         6.43637169 5.74120123 1.15090142 2.66815526 1.21209862
  0.54391672 0.92384732 0.31556762]
 [0.         0.         0.38691967 0.79042231 2.30781295 2.37799113
  1.50032821 0.4797636  1.28260503 1.14118574 0.76704762 0.33541072
  0.         0.275399   0.54192428]
 [0.         0.         0.30126282 0.2701626  0.80581472 0.03248962
  0.         1.60962894 2.45975423 0.06782697 0.93675007 0.68895085
  0.         0.4364538  0.        ]
 [1.74641389 2.4967057  2.19457803 2.68073908 3.12925712 2.66366373
  2.59817063 1.93160268 1.25500551 0.60511371 0.73103899 0.66642913
  0.56327157 0.20956412 0.25362076]]

20
----------------------------------------------------------------------------------
[[0.00000000e+00 1.37822081e-01 4.32693076e-01 2.82375958e-01
  0.00000000e+00 0.00000000e+00 0.00000000e+00 0.00000000e+00
  0.00000000e+00 0.00000000e+00 0.00000000e+00 0.00000000e+00
  0.00000000e+00 0.00000000e+00 0.00000000e+00]
 [4.31105034e-02 1.34042206e-01 4.98205222e-01 3.44906098e-01
  0.00000000e+00 0.00000000e+00 0.00000000e+00 0.00000000e+00
  0.00000000e+00 0.00000000e+00 0.00000000e+00 0.00000000e+00
  0.00000000e+00 0.00000000e+00 0.00000000e+00]
 [4.39236607e-01 2.24383580e-01 5.09001781e-01 7.94587227e-01
  0.00000000e+00 0.00000000e+00 0.00000000e+00 0.00000000e+00
  0.00000000e+00 0.00000000e+00 0.00000000e+00 0.00000000e+00
  0.00000000e+00 2.38767481e-01 0.00000000e+00]
 [0.00000000e+00 2.47071879e-01 3.52157815e-01 1.31107387e-01
  0.00000000e+00 0.00000000e+00 0.00000000e+00 0.00000000e+00
  0.00000000e+00 0.00000000e+00 0.00000000e+00 0.00000000e+00
  0.00000000e+00 0.00000000e+00 0.00000000e+00]
 [0.00000000e+00 3.24659510e-02 2.04814774e-01 2.70367103e-01
  0.00000000e+00 0.00000000e+00 0.00000000e+00 0.00000000e+00
  0.00000000e+00 0.00000000e+00 0.00000000e+00 0.00000000e+00
  0.00000000e+00 0.00000000e+00 0.00000000e+00]
 [7.39233698e-02 1.26372641e-01 1.71548361e-01 1.67914032e-01
  0.00000000e+00 0.00000000e+00 0.00000000e+00 0.00000000e+00
  0.00000000e+00 0.00000000e+00 0.00000000e+00 0.00000000e+00
  0.00000000e+00 0.00000000e+00 0.00000000e+00]
 [0.00000000e+00 0.00000000e+00 1.75650935e-01 2.40515395e-01
  0.00000000e+00 0.00000000e+00 0.00000000e+00 0.00000000e+00
  0.00000000e+00 0.00000000e+00 0.00000000e+00 0.00000000e+00
  0.00000000e+00 0.00000000e+00 0.00000000e+00]
 [0.00000000e+00 1.25571478e-01 1.94821612e-01 1.73552376e-02
  0.00000000e+00 0.00000000e+00 0.00000000e+00 0.00000000e+00
  0.00000000e+00 0.00000000e+00 0.00000000e+00 0.00000000e+00
  0.00000000e+00 0.00000000e+00 0.00000000e+00]
 [0.00000000e+00 9.19421659e-02 1.21754503e-01 4.65040648e-02
  0.00000000e+00 0.00000000e+00 0.00000000e+00 0.00000000e+00
  0.00000000e+00 0.00000000e+00 0.00000000e+00 0.00000000e+00
  0.00000000e+00 0.00000000e+00 0.00000000e+00]
 [1.40539974e+00 4.82160728e-01 3.89347591e-01 5.59485849e-01
  0.00000000e+00 0.00000000e+00 0.00000000e+00 0.00000000e+00
  0.00000000e+00 0.00000000e+00 0.00000000e+00 6.82755560e-01
  7.48770270e-01 0.00000000e+00 0.00000000e+00]
 [9.43091769e-03 0.00000000e+00 0.00000000e+00 2.69769194e-01
  0.00000000e+00 0.00000000e+00 0.00000000e+00 0.00000000e+00
  0.00000000e+00 0.00000000e+00 0.00000000e+00 0.00000000e+00
  0.00000000e+00 0.00000000e+00 0.00000000e+00]
 [0.00000000e+00 1.22283655e-01 1.04576566e-01 4.44091713e-02
  0.00000000e+00 0.00000000e+00 0.00000000e+00 0.00000000e+00
  0.00000000e+00 0.00000000e+00 0.00000000e+00 0.00000000e+00
  0.00000000e+00 0.00000000e+00 0.00000000e+00]
 [1.28444133e-03 0.00000000e+00 1.24943519e-01 5.81322138e-02
  0.00000000e+00 0.00000000e+00 0.00000000e+00 0.00000000e+00
  0.00000000e+00 0.00000000e+00 0.00000000e+00 0.00000000e+00
  0.00000000e+00 0.00000000e+00 0.00000000e+00]
 [1.35420364e+00 5.34780888e-01 5.56924318e-01 8.65352259e-01
  5.21587047e-01 0.00000000e+00 5.50666365e-01 8.36586117e-02
  0.00000000e+00 4.46397277e-01 2.39891429e-01 1.53342534e-01
  1.59593519e-01 3.87812922e-01 6.93249819e-01]
 [2.46941177e+00 1.69607605e+00 1.33901805e+00 1.32552641e+00
  5.62620535e-01 0.00000000e+00 2.50578026e-01 0.00000000e+00
  1.95290673e-01 2.48947152e+00 4.29911057e-01 7.00124645e-01
  1.16505468e-01 1.03142485e+00 6.29319559e-01]
 [9.88311318e-01 9.06536155e-01 4.99093871e-01 1.14618261e+00
  1.22411350e+00 0.00000000e+00 0.00000000e+00 0.00000000e+00
  2.05132794e-02 1.00670685e+00 4.49480315e-01 3.21904197e-01
  0.00000000e+00 0.00000000e+00 5.42216441e-01]
 [6.46038670e-01 4.12798590e-01 2.29480756e-01 2.99308703e-01
  1.57220782e-01 0.00000000e+00 0.00000000e+00 0.00000000e+00
  0.00000000e+00 3.37770710e-01 0.00000000e+00 0.00000000e+00
  4.36682820e-01 7.96030128e-01 4.21009306e-01]
 [4.17518293e-01 2.49278961e-01 4.56873378e-01 4.56666938e-01
  1.52562728e+00 2.04136672e+00 1.96942631e+00 1.81631055e+00
  1.85228053e+00 2.00446477e+00 1.87711783e+00 1.15120403e+00
  1.09393004e+00 1.58898273e+00 2.66206523e+00]]

21
----------------------------------------------------------------------------------
[[0.00000000e+00 0.00000000e+00 0.00000000e+00 0.00000000e+00
  0.00000000e+00 0.00000000e+00 0.00000000e+00 0.00000000e+00
  0.00000000e+00 0.00000000e+00 0.00000000e+00 0.00000000e+00
  0.00000000e+00 0.00000000e+00 0.00000000e+00]
 [0.00000000e+00 0.00000000e+00 0.00000000e+00 0.00000000e+00
  1.18900135e-01 5.74887884e-02 0.00000000e+00 0.00000000e+00
  0.00000000e+00 0.00000000e+00 0.00000000e+00 0.00000000e+00
  0.00000000e+00 0.00000000e+00 0.00000000e+00]
 [0.00000000e+00 0.00000000e+00 0.00000000e+00 0.00000000e+00
  0.00000000e+00 8.32139145e-01 1.57663743e-01 8.09935060e-02
  1.22983718e-01 0.00000000e+00 0.00000000e+00 0.00000000e+00
  0.00000000e+00 0.00000000e+00 0.00000000e+00]
 [0.00000000e+00 0.00000000e+00 0.00000000e+00 0.00000000e+00
  0.00000000e+00 0.00000000e+00 0.00000000e+00 0.00000000e+00
  0.00000000e+00 0.00000000e+00 0.00000000e+00 0.00000000e+00
  0.00000000e+00 0.00000000e+00 0.00000000e+00]
 [0.00000000e+00 0.00000000e+00 0.00000000e+00 0.00000000e+00
  4.06076859e-02 0.00000000e+00 0.00000000e+00 0.00000000e+00
  0.00000000e+00 0.00000000e+00 0.00000000e+00 0.00000000e+00
  0.00000000e+00 0.00000000e+00 0.00000000e+00]
 [0.00000000e+00 0.00000000e+00 0.00000000e+00 0.00000000e+00
  0.00000000e+00 5.87650285e-02 0.00000000e+00 0.00000000e+00
  3.13043988e-02 0.00000000e+00 0.00000000e+00 0.00000000e+00
  0.00000000e+00 0.00000000e+00 0.00000000e+00]
 [0.00000000e+00 0.00000000e+00 0.00000000e+00 0.00000000e+00
  5.08020628e-02 0.00000000e+00 0.00000000e+00 0.00000000e+00
  0.00000000e+00 0.00000000e+00 0.00000000e+00 0.00000000e+00
  0.00000000e+00 0.00000000e+00 0.00000000e+00]
 [0.00000000e+00 0.00000000e+00 0.00000000e+00 0.00000000e+00
  0.00000000e+00 0.00000000e+00 0.00000000e+00 1.27516675e+00
  2.65049224e-01 0.00000000e+00 1.88247436e-01 0.00000000e+00
  0.00000000e+00 0.00000000e+00 0.00000000e+00]
 [0.00000000e+00 0.00000000e+00 0.00000000e+00 0.00000000e+00
  0.00000000e+00 0.00000000e+00 0.00000000e+00 6.29096923e-01
  1.18169842e+00 0.00000000e+00 8.74513923e-01 9.79241641e-01
  3.34847468e-01 0.00000000e+00 0.00000000e+00]
 [0.00000000e+00 0.00000000e+00 0.00000000e+00 0.00000000e+00
  1.09208450e+00 2.91794298e-01 0.00000000e+00 0.00000000e+00
  2.95062528e-01 0.00000000e+00 0.00000000e+00 0.00000000e+00
  0.00000000e+00 0.00000000e+00 0.00000000e+00]
 [0.00000000e+00 0.00000000e+00 0.00000000e+00 0.00000000e+00
  9.86922169e-03 3.80461140e-01 0.00000000e+00 1.57548732e+00
  1.97687151e+00 0.00000000e+00 0.00000000e+00 2.07130412e+00
  1.12296451e+00 0.00000000e+00 0.00000000e+00]
 [0.00000000e+00 0.00000000e+00 0.00000000e+00 0.00000000e+00
  0.00000000e+00 0.00000000e+00 0.00000000e+00 7.36991522e-01
  8.58777089e-01 0.00000000e+00 8.29045982e-01 9.30063926e-01
  3.92260074e-01 0.00000000e+00 0.00000000e+00]
 [0.00000000e+00 0.00000000e+00 0.00000000e+00 0.00000000e+00
  0.00000000e+00 4.59813618e-01 0.00000000e+00 1.75282511e+00
  7.54087482e+00 0.00000000e+00 0.00000000e+00 1.90752526e+00
  1.10799520e+00 0.00000000e+00 0.00000000e+00]
 [0.00000000e+00 0.00000000e+00 0.00000000e+00 3.34837433e-01
  6.67478290e-03 2.32106773e-01 0.00000000e+00 0.00000000e+00
  0.00000000e+00 0.00000000e+00 0.00000000e+00 0.00000000e+00
  3.67088400e-01 8.71284615e-01 4.16239310e+00]
 [0.00000000e+00 0.00000000e+00 0.00000000e+00 0.00000000e+00
  9.32930180e-02 2.56491450e-01 0.00000000e+00 0.00000000e+00
  0.00000000e+00 0.00000000e+00 0.00000000e+00 0.00000000e+00
  6.39972929e-01 2.18256697e+00 4.70849138e+00]
 [0.00000000e+00 0.00000000e+00 0.00000000e+00 1.68288450e-01
  0.00000000e+00 1.21617853e-01 1.30178570e-01 0.00000000e+00
  1.00913943e-01 3.36828823e-01 0.00000000e+00 0.00000000e+00
  1.54424611e-01 2.95686249e-01 8.19811885e-01]
 [0.00000000e+00 0.00000000e+00 0.00000000e+00 7.82829648e-02
  2.26528060e-02 1.04496200e-01 0.00000000e+00 0.00000000e+00
  0.00000000e+00 0.00000000e+00 0.00000000e+00 0.00000000e+00
  1.86848294e-01 6.37328868e-01 1.31180272e+00]
 [5.40929317e+00 3.53918554e+00 2.87200269e+00 2.08349560e+00
  1.01021882e+00 6.25374463e-01 1.55340450e+00 1.85188906e+00
  1.63158847e+00 2.44013801e+00 2.79073679e+00 2.49670282e+00
  2.78272823e+00 3.38165045e+00 2.78009835e+00]]

22
----------------------------------------------------------------------------------
[[0.         0.         0.         0.         0.         0.
  0.         0.         0.         0.         0.         0.
  0.         0.        ]
 [0.         0.         0.         0.         0.         0.
  0.         0.         0.         0.         0.         0.
  0.         0.        ]
 [0.         0.         0.         0.         0.         0.
  0.         0.         0.         0.         0.06326285 0.38150789
  0.         0.        ]
 [0.         0.         0.         0.         0.         0.
  0.         0.         0.         0.         0.         0.
  0.         0.        ]
 [0.         0.         0.         0.         0.         0.
  0.         0.         0.         0.         0.         0.
  0.         0.        ]
 [0.         0.         0.         0.         0.         0.
  0.         0.         0.         0.         0.         0.
  0.16975995 0.        ]
 [0.         0.         0.         0.         0.         0.
  0.         0.         0.         0.         0.         0.
  0.         0.        ]
 [0.         0.         0.         0.         0.         0.
  0.         0.         0.         0.         0.         0.
  0.         0.        ]
 [0.         0.         0.         0.         0.         0.
  0.         0.         0.         0.         0.         0.
  0.         0.        ]
 [0.         0.         0.         0.         0.         0.
  0.         0.         0.         0.01464226 0.         0.
  0.70050175 0.        ]
 [0.         0.         0.         0.         0.         0.
  0.         0.         0.         0.         0.         0.21172791
  0.         0.        ]
 [0.         0.         0.         0.         0.         0.
  0.         0.         0.         0.         0.         0.
  0.         0.        ]
 [0.         0.         0.         0.         0.         0.
  0.         0.         0.         0.         0.         0.01847923
  0.         0.        ]
 [0.13037762 0.56663371 0.         1.44346351 0.         0.
  0.         0.         0.         0.         0.         0.
  0.         0.29646223]
 [0.25829165 0.81385686 0.         3.34879206 0.         0.
  0.         0.         0.         0.         0.         0.
  0.         0.35695813]
 [0.         0.7874654  0.54846921 0.         0.         0.
  0.         0.         0.         0.         0.         0.
  0.         0.19423809]
 [0.         0.72344474 0.         0.         0.         0.
  0.         0.         0.         0.         0.         0.
  0.         0.        ]
 [3.24689366 5.30839158 8.24012914 9.0882394  7.6789419  6.25527059
  5.73761888 6.30438071 6.81385759 6.65433424 6.02126954 4.7682358
  3.43855443 2.06692636]]