

1
----------------------------------------------------------------------------------
[[1.79006219e-01 0.00000000e+00 3.39438603e-01 5.78664683e-02
  1.44026321e-01 2.51420833e-01 0.00000000e+00 2.69188980e-01
  1.89065064e-01 1.06650954e-01 4.87175469e-02 0.00000000e+00
  0.00000000e+00 6.14097753e-02 0.00000000e+00]
 [2.41943579e-01 4.53945377e-02 1.69909025e-01 4.62586563e-01
  2.03844587e-01 8.09373762e-02 7.83279410e-02 8.22049767e-02
  3.39115231e-01 3.29778816e-03 3.54148271e-02 0.00000000e+00
  0.00000000e+00 1.00192537e-01 0.00000000e+00]
 [8.53239769e-01 0.00000000e+00 9.61573320e-01 3.19870940e-01
  0.00000000e+00 0.00000000e+00 2.01532865e-01 5.94361077e-01
  4.04367700e-01 8.42239244e-01 0.00000000e+00 1.46169777e-01
  2.79274068e-01 3.97653007e-01 0.00000000e+00]
 [1.87111794e-01 0.00000000e+00 1.84685062e-01 0.00000000e+00
  4.53934391e-02 3.51855458e-02 1.55838667e-02 1.65415195e-01
  9.97286325e-02 1.51600328e-01 0.00000000e+00 0.00000000e+00
  0.00000000e+00 5.80549227e-02 0.00000000e+00]
 [7.26764897e-02 0.00000000e+00 7.21173073e-02 0.00000000e+00
  9.57987002e-02 1.18488848e-01 0.00000000e+00 1.50200030e-01
  1.62593917e-01 2.49003503e-01 0.00000000e+00 0.00000000e+00
  0.00000000e+00 2.07789086e-02 0.00000000e+00]
 [8.53433346e-01 0.00000000e+00 6.43958701e-01 1.84148059e-01
  1.72225383e-01 0.00000000e+00 1.42690583e-01 1.27300445e-01
  3.02466486e-01 2.32519477e-01 3.31246813e-01 0.00000000e+00
  6.59614111e-01 2.53972077e-01 0.00000000e+00]
 [0.00000000e+00 0.00000000e+00 2.32957694e-01 0.00000000e+00
  1.26924108e-01 1.60095139e-01 0.00000000e+00 1.26403731e-01
  2.42129993e-01 7.16314043e-02 0.00000000e+00 0.00000000e+00
  0.00000000e+00 2.16806841e-01 0.00000000e+00]
 [3.43533738e-01 0.00000000e+00 1.84757293e-01 0.00000000e+00
  0.00000000e+00 0.00000000e+00 1.63044975e-01 1.80705188e-01
  2.67312641e-01 3.89942562e-02 1.02913915e-01 0.00000000e+00
  0.00000000e+00 1.82173098e-01 0.00000000e+00]
 [1.77811240e-01 0.00000000e+00 5.72919378e-02 0.00000000e+00
  7.67826292e-02 0.00000000e+00 0.00000000e+00 2.04298740e-01
  1.34171594e-01 1.01278225e-01 0.00000000e+00 0.00000000e+00
  0.00000000e+00 7.93872006e-02 0.00000000e+00]
 [3.39145939e-01 7.42410776e-01 4.89195081e-01 0.00000000e+00
  3.70942836e-02 1.20858316e-01 0.00000000e+00 7.51078747e-01
  3.67385097e-01 1.08418992e+00 2.65975371e-01 1.52959350e-01
  7.26355307e-01 4.46189747e-02 4.57379000e-01]
 [0.00000000e+00 0.00000000e+00 7.11526018e-02 5.27014669e-02
  2.39125031e-01 6.47790136e-02 5.89751821e-02 5.49296405e-03
  2.62613861e-03 2.09690577e-01 2.19044515e-02 0.00000000e+00
  3.03298196e-02 3.47318053e-04 0.00000000e+00]
 [1.57372164e-01 0.00000000e+00 0.00000000e+00 0.00000000e+00
  4.82394440e-02 0.00000000e+00 3.07276899e-02 2.08729275e-01
  1.29211714e-01 5.97716570e-03 5.27129883e-02 0.00000000e+00
  0.00000000e+00 1.95456559e-03 0.00000000e+00]
 [1.64988287e-01 0.00000000e+00 1.27265331e-01 1.23022847e-01
  3.12529437e-01 1.13134575e-02 0.00000000e+00 0.00000000e+00
  0.00000000e+00 1.66078132e-01 4.05451695e-02 1.98315280e-01
  8.74658788e-03 8.83147752e-02 0.00000000e+00]
 [7.55996620e-02 0.00000000e+00 0.00000000e+00 0.00000000e+00
  1.12047805e-01 2.92966186e-02 0.00000000e+00 7.94515742e-02
  5.81632062e-02 0.00000000e+00 7.91918778e-02 0.00000000e+00
  0.00000000e+00 6.36176156e-02 0.00000000e+00]
 [5.09136829e-02 0.00000000e+00 0.00000000e+00 0.00000000e+00
  0.00000000e+00 1.91042240e-01 0.00000000e+00 1.44505189e-01
  1.00574895e-01 2.88689159e-01 0.00000000e+00 2.24403841e-02
  0.00000000e+00 6.58133336e-02 0.00000000e+00]
 [3.17292049e-01 5.35596077e-02 0.00000000e+00 0.00000000e+00
  0.00000000e+00 0.00000000e+00 1.21864539e-01 0.00000000e+00
  0.00000000e+00 0.00000000e+00 0.00000000e+00 1.62956288e-01
  0.00000000e+00 5.63817640e-02 0.00000000e+00]
 [1.07050616e-01 1.11325786e-01 0.00000000e+00 0.00000000e+00
  3.64485742e-02 3.06209824e-02 0.00000000e+00 0.00000000e+00
  2.16575670e-01 0.00000000e+00 5.78469618e-02 1.50660997e-01
  0.00000000e+00 2.41481558e-01 0.00000000e+00]
 [6.23131746e-01 5.99734091e-01 4.35675219e-01 9.52316952e-01
  1.40554426e+00 1.72953583e+00 1.77450789e+00 1.72984458e+00
  1.70953052e+00 1.57302529e+00 1.35803307e+00 1.25952611e+00
  1.06283212e+00 6.62786581e-01 1.36238506e+00]]

2
----------------------------------------------------------------------------------
[[0.00000000e+00 3.80249825e-02 5.54125521e-02 7.55781813e-02
  1.07054558e-01 0.00000000e+00 0.00000000e+00 0.00000000e+00
  5.65767980e-02 5.66597621e-02 1.26732849e-01 0.00000000e+00
  4.17828625e-02 8.95912547e-03 0.00000000e+00]
 [1.08620099e-02 0.00000000e+00 0.00000000e+00 0.00000000e+00
  4.37189289e-03 0.00000000e+00 0.00000000e+00 8.16757442e-03
  9.18528302e-02 1.11890750e-01 2.31647041e-01 0.00000000e+00
  1.89838187e-01 1.69839805e-01 0.00000000e+00]
 [0.00000000e+00 0.00000000e+00 1.40137318e-01 0.00000000e+00
  1.26682941e-02 0.00000000e+00 2.11563751e-02 3.51956672e-01
  1.75173483e-01 0.00000000e+00 2.06939063e-01 2.14290754e-01
  4.93184690e-01 2.35262869e-01 0.00000000e+00]
 [0.00000000e+00 0.00000000e+00 2.21121341e-01 0.00000000e+00
  9.50236684e-02 0.00000000e+00 0.00000000e+00 0.00000000e+00
  3.56770840e-02 0.00000000e+00 2.18787701e-01 0.00000000e+00
  5.30860774e-02 9.06907106e-02 0.00000000e+00]
 [0.00000000e+00 4.24548951e-02 1.14386771e-01 9.73028615e-03
  2.06894346e-01 0.00000000e+00 0.00000000e+00 0.00000000e+00
  1.75382348e-02 0.00000000e+00 2.23762966e-01 0.00000000e+00
  8.77232932e-02 1.88140355e-01 0.00000000e+00]
 [5.86953778e-01 0.00000000e+00 1.70581902e-01 0.00000000e+00
  1.26698424e-01 0.00000000e+00 6.13539897e-01 1.26323291e-01
  3.42913704e-01 1.60913253e-01 2.97269871e-01 3.74593025e-01
  4.62365222e-01 5.22905821e-01 8.31476775e-02]
 [0.00000000e+00 0.00000000e+00 1.13068615e-01 0.00000000e+00
  1.36293474e-01 0.00000000e+00 0.00000000e+00 0.00000000e+00
  0.00000000e+00 8.79019077e-02 1.25539383e-01 0.00000000e+00
  1.91708942e-01 2.32416543e-01 0.00000000e+00]
 [0.00000000e+00 8.35569557e-03 1.39349437e-01 0.00000000e+00
  9.05891854e-02 0.00000000e+00 9.65205730e-02 0.00000000e+00
  0.00000000e+00 0.00000000e+00 5.44542041e-02 0.00000000e+00
  1.14786028e-01 1.61295519e-01 0.00000000e+00]
 [0.00000000e+00 0.00000000e+00 2.67081580e-02 3.59081393e-02
  1.07354656e-01 0.00000000e+00 0.00000000e+00 0.00000000e+00
  0.00000000e+00 0.00000000e+00 0.00000000e+00 0.00000000e+00
  2.21446366e-01 1.76496047e-01 0.00000000e+00]
 [3.66475813e-01 3.83188641e-01 0.00000000e+00 4.51025377e-01
  0.00000000e+00 0.00000000e+00 1.07179039e+00 5.29314076e-01
  4.60148659e-01 1.45695668e-01 4.56046570e-01 9.39328820e-02
  1.19167894e+00 6.49850937e-01 0.00000000e+00]
 [0.00000000e+00 0.00000000e+00 0.00000000e+00 0.00000000e+00
  0.00000000e+00 0.00000000e+00 3.00390274e-02 0.00000000e+00
  0.00000000e+00 0.00000000e+00 9.94376536e-02 0.00000000e+00
  3.01472605e-01 2.35349545e-01 0.00000000e+00]
 [3.28430406e-02 0.00000000e+00 1.58303513e-01 5.84826763e-02
  1.96854676e-01 0.00000000e+00 0.00000000e+00 1.01828786e-02
  0.00000000e+00 0.00000000e+00 0.00000000e+00 0.00000000e+00
  1.89835310e-01 2.30649498e-01 0.00000000e+00]
 [0.00000000e+00 0.00000000e+00 0.00000000e+00 0.00000000e+00
  1.19003345e-01 0.00000000e+00 1.56395079e-01 0.00000000e+00
  6.54701069e-02 0.00000000e+00 4.55670478e-02 9.52288961e-02
  5.27519262e-01 3.63244940e-01 4.10098534e-02]
 [0.00000000e+00 0.00000000e+00 9.63941669e-02 0.00000000e+00
  0.00000000e+00 0.00000000e+00 2.54138725e-02 5.82429156e-01
  5.97934993e-01 0.00000000e+00 0.00000000e+00 3.91315263e+00
  5.14635136e+00 9.48451667e-01 0.00000000e+00]
 [0.00000000e+00 0.00000000e+00 3.51456097e-02 0.00000000e+00
  0.00000000e+00 0.00000000e+00 0.00000000e+00 6.11297139e-01
  9.33787226e-01 0.00000000e+00 2.23350968e-01 4.46224878e+00
  6.18816010e+00 1.80503531e+00 0.00000000e+00]
 [0.00000000e+00 0.00000000e+00 0.00000000e+00 0.00000000e+00
  1.39038581e-02 2.00439522e-01 5.51624420e-02 4.20650458e-01
  5.89438031e-01 0.00000000e+00 4.60252155e-01 2.13569065e+00
  2.50743449e+00 9.60052732e-01 1.36841975e-01]
 [0.00000000e+00 0.00000000e+00 7.62021367e-02 0.00000000e+00
  0.00000000e+00 0.00000000e+00 0.00000000e+00 8.62231253e-02
  2.03228057e-01 0.00000000e+00 1.04421376e-01 2.29319279e+00
  2.13697818e+00 4.72901366e-01 0.00000000e+00]
 [1.65538005e+00 1.92604581e+00 1.94411121e+00 1.99825430e+00
  1.28043945e+00 1.24600212e+00 6.50305187e-01 3.22038186e-01
  1.75170099e-01 6.04932812e-01 5.26905823e-01 4.79313625e-01
  2.06130169e-01 5.39135172e-01 1.04389470e+00]]

3
----------------------------------------------------------------------------------
[[0.         0.         0.         0.         0.10724963 0.
  0.         0.11757648 0.00334778 0.         0.124687   0.
  0.01202037 0.13478001 0.        ]
 [0.00700428 0.         0.         0.         0.40392057 0.05034163
  0.         0.13914578 0.01495207 0.29658789 0.22667269 0.2378305
  0.13910213 0.         0.        ]
 [0.         0.34642757 0.         0.10298111 0.35865373 0.23448476
  0.08480586 0.13108433 0.06554784 0.43790565 0.41757044 0.28423607
  0.77919888 0.         0.01785591]
 [0.04599963 0.         0.         0.         0.25531688 0.
  0.         0.0659565  0.         0.02850781 0.05937003 0.
  0.         0.05425267 0.        ]
 [0.01259481 0.         0.03166045 0.         0.21513891 0.
  0.         0.0052543  0.         0.11534533 0.19765718 0.
  0.         0.04968412 0.        ]
 [0.16754735 0.06295015 0.21704973 0.         0.33421983 0.28792407
  0.         0.13041091 0.61273355 0.         0.41619045 0.48746702
  0.34072695 0.04917804 0.        ]
 [0.         0.         0.14414399 0.06811295 0.18764674 0.
  0.00479629 0.03522848 0.15152848 0.07279885 0.25075531 0.19133704
  0.         0.         0.        ]
 [0.12044774 0.         0.         0.         0.1083592  0.
  0.         0.01728044 0.         0.         0.         0.
  0.         0.         0.        ]
 [0.         0.         0.         0.         0.05185251 0.
  0.         0.05101051 0.         0.         0.         0.
  0.         0.07605665 0.        ]
 [0.15620533 0.         0.         0.         0.14952953 0.35252435
  0.35851005 0.23041476 0.6236903  0.41053164 0.08249839 0.95196082
  0.67530074 0.08531014 0.        ]
 [0.         0.         0.03454224 0.         0.06851018 0.00728846
  0.         0.         0.05227248 0.27092849 0.10656045 0.17295135
  0.         0.         0.        ]
 [0.         0.         0.         0.         0.1363477  0.
  0.         0.         0.         0.         0.         0.
  0.         0.07573496 0.        ]
 [0.         0.         0.11169755 0.         0.16626197 0.13357188
  0.29667292 0.14703561 0.17603263 0.20786653 0.44092071 0.00422484
  0.1358672  0.05248717 0.        ]
 [0.         0.         0.         0.         0.         0.
  0.03128325 0.27290094 0.13705531 0.         0.03187501 0.01669279
  0.16690895 0.28222765 0.07359707]
 [0.         0.         0.         0.         0.         0.
  0.25334323 0.45628382 0.41190825 0.         0.14616807 0.53353326
  0.49089009 0.51744639 0.12183773]
 [0.29828351 0.         0.47097765 0.         0.1629144  0.05961799
  0.28016267 0.20060306 0.2170133  0.68490575 0.6047998  0.81012476
  0.96762926 0.75854907 0.        ]
 [0.         0.         0.         0.         0.09197179 0.
  0.05801157 0.36249745 0.22149526 0.         0.         0.05092057
  0.25745238 0.4898586  0.30086464]
 [0.89518881 0.9394248  1.15179214 1.57512625 1.16540057 0.7295055
  0.64773673 0.25859754 0.38929923 0.56477926 0.69282647 0.65924566
  0.26478724 0.59962191 1.18578446]]

4
----------------------------------------------------------------------------------
[[0.00000000e+00 0.00000000e+00 0.00000000e+00 0.00000000e+00
  1.12366938e-01 0.00000000e+00 0.00000000e+00 5.97762116e-02
  7.40199221e-02 0.00000000e+00 0.00000000e+00 0.00000000e+00
  0.00000000e+00 0.00000000e+00 0.00000000e+00]
 [0.00000000e+00 0.00000000e+00 0.00000000e+00 1.65515641e-02
  7.56915836e-02 1.01030851e-01 0.00000000e+00 1.31313453e-01
  9.18617691e-02 0.00000000e+00 0.00000000e+00 0.00000000e+00
  0.00000000e+00 0.00000000e+00 0.00000000e+00]
 [0.00000000e+00 0.00000000e+00 0.00000000e+00 0.00000000e+00
  3.30958768e-01 0.00000000e+00 4.51040527e-01 2.09098698e-01
  3.11262488e-01 1.60287738e-01 0.00000000e+00 0.00000000e+00
  0.00000000e+00 0.00000000e+00 1.36651212e-01]
 [0.00000000e+00 0.00000000e+00 0.00000000e+00 6.74021066e-02
  1.12195059e-01 0.00000000e+00 0.00000000e+00 5.95324659e-02
  2.00738364e-01 0.00000000e+00 0.00000000e+00 0.00000000e+00
  0.00000000e+00 0.00000000e+00 0.00000000e+00]
 [0.00000000e+00 0.00000000e+00 0.00000000e+00 7.69187227e-02
  1.03630925e-01 5.64632089e-02 0.00000000e+00 5.63419174e-02
  8.71005273e-02 0.00000000e+00 0.00000000e+00 0.00000000e+00
  0.00000000e+00 0.00000000e+00 1.70239908e-01]
 [0.00000000e+00 3.11502777e-01 0.00000000e+00 0.00000000e+00
  3.00958313e-01 6.10243096e-02 1.62027173e-01 2.27670221e-01
  5.52494959e-01 0.00000000e+00 0.00000000e+00 4.40966507e-01
  1.56391920e-02 0.00000000e+00 2.32906287e-01]
 [0.00000000e+00 0.00000000e+00 0.00000000e+00 1.67063531e-02
  1.89464245e-01 4.53030982e-02 0.00000000e+00 2.30641412e-02
  6.33524361e-02 0.00000000e+00 0.00000000e+00 0.00000000e+00
  0.00000000e+00 0.00000000e+00 8.00742109e-02]
 [0.00000000e+00 0.00000000e+00 0.00000000e+00 0.00000000e+00
  4.26779599e-02 0.00000000e+00 0.00000000e+00 0.00000000e+00
  1.55895319e-01 0.00000000e+00 0.00000000e+00 0.00000000e+00
  0.00000000e+00 0.00000000e+00 0.00000000e+00]
 [0.00000000e+00 0.00000000e+00 0.00000000e+00 0.00000000e+00
  1.54128560e-01 0.00000000e+00 0.00000000e+00 0.00000000e+00
  5.31922803e-02 0.00000000e+00 0.00000000e+00 0.00000000e+00
  0.00000000e+00 0.00000000e+00 0.00000000e+00]
 [0.00000000e+00 0.00000000e+00 0.00000000e+00 3.64011291e-01
  4.05033962e-01 0.00000000e+00 8.77054729e-01 3.38660827e-01
  8.09464761e-01 0.00000000e+00 0.00000000e+00 4.04860010e-01
  0.00000000e+00 2.55944420e-01 1.34244854e-01]
 [0.00000000e+00 0.00000000e+00 0.00000000e+00 0.00000000e+00
  1.36774269e-01 0.00000000e+00 0.00000000e+00 2.06965619e-01
  2.68433506e-01 0.00000000e+00 0.00000000e+00 0.00000000e+00
  0.00000000e+00 0.00000000e+00 0.00000000e+00]
 [0.00000000e+00 0.00000000e+00 0.00000000e+00 0.00000000e+00
  1.23553107e-01 0.00000000e+00 0.00000000e+00 3.42561870e-03
  1.15159043e-01 0.00000000e+00 0.00000000e+00 0.00000000e+00
  0.00000000e+00 0.00000000e+00 0.00000000e+00]
 [0.00000000e+00 0.00000000e+00 0.00000000e+00 0.00000000e+00
  2.59373214e-01 0.00000000e+00 0.00000000e+00 3.91301374e-01
  4.20608654e-01 0.00000000e+00 0.00000000e+00 0.00000000e+00
  0.00000000e+00 0.00000000e+00 2.33798789e-02]
 [0.00000000e+00 1.03189440e-01 7.62356956e-02 3.87382678e-02
  2.87881713e-01 2.09683960e-01 8.12373933e-02 7.86505693e-02
  6.63259586e-01 2.31830371e+00 1.86230431e+00 7.67186874e-01
  1.11005097e+00 5.40646285e+00 3.17622324e+00]
 [0.00000000e+00 1.27983243e-01 1.15740869e-01 1.15283573e-01
  4.89401099e-01 3.19849638e-01 1.13123285e-01 3.38696689e-01
  1.54775865e+00 2.22149176e+00 2.25683151e+00 1.70720544e-01
  9.47320958e-01 4.92488665e+00 4.78631528e+00]
 [0.00000000e+00 2.56511852e-01 3.55484319e-01 5.87425671e-01
  1.17549613e+00 1.52302470e+00 1.57284381e+00 5.09676845e-01
  1.14053922e+00 9.46283368e-01 1.44603749e+00 2.80822993e-01
  5.24267612e-01 1.32755044e+00 2.00046694e+00]
 [0.00000000e+00 0.00000000e+00 1.07032690e-01 1.74907149e-01
  1.87223830e-01 0.00000000e+00 0.00000000e+00 9.97556664e-02
  7.43463588e-01 0.00000000e+00 2.49760713e-02 2.50691040e-02
  7.86838089e-01 9.03660188e-01 1.24901842e+00]
 [1.56986898e+00 9.79343083e-01 9.64077249e-01 7.73086135e-01
  9.65322050e-01 9.33315621e-01 8.98449458e-01 3.86476533e-01
  1.87315502e-01 7.73192421e-01 8.86818356e-01 1.11625584e+00
  8.93893153e-01 1.30861650e+00 1.09516445e+00]]

5
----------------------------------------------------------------------------------
[[0.00000000e+00 0.00000000e+00 0.00000000e+00 8.73185326e-02
  2.38485705e-01 1.07852094e-02 6.59949116e-03 0.00000000e+00
  1.20827042e-01 0.00000000e+00 6.62041715e-02 0.00000000e+00
  0.00000000e+00 0.00000000e+00 0.00000000e+00]
 [0.00000000e+00 0.00000000e+00 0.00000000e+00 0.00000000e+00
  2.23939325e-01 1.43418188e-01 1.22214471e-01 1.36215684e-03
  9.95705371e-02 2.31516307e-01 0.00000000e+00 0.00000000e+00
  0.00000000e+00 0.00000000e+00 0.00000000e+00]
 [0.00000000e+00 3.84136337e-02 5.10831245e-01 1.55527342e-01
  3.12269691e-01 1.78859677e-01 2.66997591e-01 2.44215927e-01
  4.61403128e-01 0.00000000e+00 0.00000000e+00 0.00000000e+00
  0.00000000e+00 0.00000000e+00 0.00000000e+00]
 [0.00000000e+00 0.00000000e+00 0.00000000e+00 0.00000000e+00
  1.15472446e-01 0.00000000e+00 6.02182498e-03 0.00000000e+00
  4.63572211e-02 0.00000000e+00 8.22764291e-02 5.02429020e-02
  0.00000000e+00 0.00000000e+00 0.00000000e+00]
 [0.00000000e+00 0.00000000e+00 0.00000000e+00 0.00000000e+00
  1.90196448e-01 5.51524992e-02 1.06407898e-01 0.00000000e+00
  9.49358957e-02 0.00000000e+00 9.89177094e-02 0.00000000e+00
  2.22068596e-02 0.00000000e+00 0.00000000e+00]
 [2.91337365e-01 0.00000000e+00 1.62953473e-01 3.39822880e-01
  4.92261272e-01 0.00000000e+00 3.11366588e-01 1.67688694e-01
  3.28697504e-01 3.44668061e-01 0.00000000e+00 0.00000000e+00
  0.00000000e+00 0.00000000e+00 0.00000000e+00]
 [2.72617377e-03 0.00000000e+00 1.65358774e-01 0.00000000e+00
  3.70134166e-01 0.00000000e+00 2.09319108e-01 0.00000000e+00
  6.16636834e-02 0.00000000e+00 0.00000000e+00 0.00000000e+00
  0.00000000e+00 0.00000000e+00 0.00000000e+00]
 [0.00000000e+00 0.00000000e+00 0.00000000e+00 0.00000000e+00
  1.25164714e-01 0.00000000e+00 0.00000000e+00 4.45617490e-04
  1.24793549e-02 0.00000000e+00 6.15121102e-02 0.00000000e+00
  0.00000000e+00 0.00000000e+00 0.00000000e+00]
 [0.00000000e+00 0.00000000e+00 0.00000000e+00 0.00000000e+00
  1.90976412e-01 0.00000000e+00 0.00000000e+00 0.00000000e+00
  6.72792890e-02 0.00000000e+00 0.00000000e+00 0.00000000e+00
  0.00000000e+00 0.00000000e+00 0.00000000e+00]
 [9.54879549e-01 4.14008842e-01 4.61990273e-01 5.58078012e-01
  2.48470261e-01 0.00000000e+00 1.27022981e-01 1.03919642e-01
  2.88763097e-01 4.56032125e-01 4.42564083e-02 0.00000000e+00
  0.00000000e+00 0.00000000e+00 0.00000000e+00]
 [1.01706473e-01 0.00000000e+00 8.22825189e-02 0.00000000e+00
  7.78730337e-02 0.00000000e+00 0.00000000e+00 0.00000000e+00
  1.19667996e-01 0.00000000e+00 0.00000000e+00 0.00000000e+00
  0.00000000e+00 0.00000000e+00 0.00000000e+00]
 [1.18231196e-01 0.00000000e+00 7.00398076e-02 0.00000000e+00
  1.16939612e-01 0.00000000e+00 0.00000000e+00 0.00000000e+00
  6.46817191e-02 0.00000000e+00 0.00000000e+00 1.13783468e-01
  0.00000000e+00 0.00000000e+00 0.00000000e+00]
 [1.13242946e-01 0.00000000e+00 2.50244481e-01 2.01785321e-03
  3.20379941e-01 0.00000000e+00 1.65499623e-01 0.00000000e+00
  2.30802271e-01 0.00000000e+00 0.00000000e+00 0.00000000e+00
  0.00000000e+00 0.00000000e+00 0.00000000e+00]
 [1.00481407e+00 1.32524481e+00 2.91838713e-01 5.97640229e-01
  1.94688222e+00 2.15810802e-01 1.56495557e-01 3.10263260e-02
  5.86634531e-02 5.13776950e-01 1.02411365e+00 2.91126668e-02
  0.00000000e+00 0.00000000e+00 0.00000000e+00]
 [2.86820471e+00 2.62471294e+00 4.25988582e-01 5.56831279e-01
  1.61974520e+00 0.00000000e+00 1.63758731e-01 0.00000000e+00
  6.93311387e-01 2.49726267e+00 1.55059890e+00 0.00000000e+00
  0.00000000e+00 0.00000000e+00 0.00000000e+00]
 [1.43914804e+00 1.03581413e+00 7.24574320e-01 7.58528497e-01
  1.08816092e+00 8.50845847e-01 7.32269401e-01 2.56108460e-01
  7.76908157e-01 1.17039941e+00 4.23065390e-01 0.00000000e+00
  0.00000000e+00 0.00000000e+00 0.00000000e+00]
 [4.74060106e-01 2.58642396e-01 5.01739315e-01 3.95356655e-01
  0.00000000e+00 0.00000000e+00 0.00000000e+00 0.00000000e+00
  2.50326601e-01 5.91545071e-01 0.00000000e+00 0.00000000e+00
  0.00000000e+00 1.01804846e-01 2.49046901e-01]
 [5.49233843e-01 5.68404484e-01 2.08982875e-01 2.98725564e-01
  4.58335872e-01 8.28235758e-01 6.75377926e-01 4.02551514e-01
  2.81515324e-01 4.22865589e-01 7.71306930e-01 1.05589996e+00
  1.08382978e+00 1.50747891e+00 1.33323675e+00]]

6
----------------------------------------------------------------------------------
[[0.00000000e+00 0.00000000e+00 0.00000000e+00 0.00000000e+00
  0.00000000e+00 0.00000000e+00 0.00000000e+00 2.98332003e-01
  0.00000000e+00 0.00000000e+00 0.00000000e+00 0.00000000e+00
  0.00000000e+00 1.05257504e-01 5.77010778e-02]
 [0.00000000e+00 0.00000000e+00 0.00000000e+00 0.00000000e+00
  0.00000000e+00 0.00000000e+00 0.00000000e+00 2.22875193e-01
  0.00000000e+00 0.00000000e+00 0.00000000e+00 0.00000000e+00
  0.00000000e+00 0.00000000e+00 0.00000000e+00]
 [2.02441100e-01 1.40449027e-02 1.56485583e-01 0.00000000e+00
  0.00000000e+00 0.00000000e+00 0.00000000e+00 1.61120586e-01
  1.70710929e-01 2.30663713e-01 0.00000000e+00 0.00000000e+00
  3.73097208e-01 3.47564031e-01 2.82093911e-01]
 [0.00000000e+00 5.97552888e-02 0.00000000e+00 0.00000000e+00
  0.00000000e+00 0.00000000e+00 0.00000000e+00 2.84599004e-01
  0.00000000e+00 0.00000000e+00 3.85716016e-02 0.00000000e+00
  0.00000000e+00 0.00000000e+00 0.00000000e+00]
 [0.00000000e+00 6.33420804e-02 3.50725729e-02 0.00000000e+00
  0.00000000e+00 0.00000000e+00 0.00000000e+00 1.39953197e-01
  0.00000000e+00 0.00000000e+00 0.00000000e+00 0.00000000e+00
  0.00000000e+00 0.00000000e+00 0.00000000e+00]
 [0.00000000e+00 5.15294163e-04 2.05677836e-01 0.00000000e+00
  8.13720285e-02 0.00000000e+00 0.00000000e+00 8.40382458e-02
  1.22130728e-01 3.16703911e-01 0.00000000e+00 1.22982835e-01
  0.00000000e+00 5.42649106e-02 6.83241966e-01]
 [0.00000000e+00 0.00000000e+00 0.00000000e+00 0.00000000e+00
  0.00000000e+00 0.00000000e+00 0.00000000e+00 0.00000000e+00
  0.00000000e+00 0.00000000e+00 0.00000000e+00 0.00000000e+00
  0.00000000e+00 0.00000000e+00 0.00000000e+00]
 [0.00000000e+00 0.00000000e+00 0.00000000e+00 0.00000000e+00
  0.00000000e+00 0.00000000e+00 0.00000000e+00 2.57412844e-01
  0.00000000e+00 0.00000000e+00 1.00991083e-02 0.00000000e+00
  0.00000000e+00 0.00000000e+00 0.00000000e+00]
 [0.00000000e+00 0.00000000e+00 0.00000000e+00 0.00000000e+00
  0.00000000e+00 0.00000000e+00 0.00000000e+00 1.82159117e-01
  0.00000000e+00 0.00000000e+00 0.00000000e+00 0.00000000e+00
  0.00000000e+00 0.00000000e+00 0.00000000e+00]
 [0.00000000e+00 0.00000000e+00 1.61261463e-01 3.14171576e-01
  1.17138185e-01 6.08846874e-01 0.00000000e+00 6.24589095e-02
  5.70377786e-01 2.76810827e-01 0.00000000e+00 0.00000000e+00
  0.00000000e+00 6.64594090e-01 1.47029926e-01]
 [0.00000000e+00 0.00000000e+00 0.00000000e+00 0.00000000e+00
  0.00000000e+00 0.00000000e+00 0.00000000e+00 0.00000000e+00
  0.00000000e+00 0.00000000e+00 0.00000000e+00 0.00000000e+00
  0.00000000e+00 0.00000000e+00 0.00000000e+00]
 [0.00000000e+00 0.00000000e+00 0.00000000e+00 0.00000000e+00
  0.00000000e+00 0.00000000e+00 0.00000000e+00 2.20677255e-01
  0.00000000e+00 0.00000000e+00 0.00000000e+00 0.00000000e+00
  0.00000000e+00 0.00000000e+00 0.00000000e+00]
 [0.00000000e+00 0.00000000e+00 0.00000000e+00 0.00000000e+00
  0.00000000e+00 0.00000000e+00 0.00000000e+00 0.00000000e+00
  0.00000000e+00 0.00000000e+00 1.00057695e-01 0.00000000e+00
  0.00000000e+00 0.00000000e+00 6.05175945e-02]
 [0.00000000e+00 0.00000000e+00 4.58466481e-02 7.71661320e-01
  1.47494075e+00 0.00000000e+00 0.00000000e+00 1.03320327e+00
  2.23318554e+00 2.44147283e-01 2.29815738e-01 0.00000000e+00
  0.00000000e+00 2.35874192e-01 1.16114062e-02]
 [4.20185705e-01 7.81993005e-02 0.00000000e+00 1.67471653e+00
  2.20904087e+00 0.00000000e+00 2.10097994e-01 1.99138873e+00
  3.23832400e+00 7.78445033e-01 2.07565185e-02 0.00000000e+00
  0.00000000e+00 4.55171653e-01 4.77815546e-01]
 [0.00000000e+00 0.00000000e+00 0.00000000e+00 1.08982617e+00
  1.39776896e+00 2.98917947e-01 0.00000000e+00 2.13126529e+00
  1.74926362e+00 4.64991391e-01 0.00000000e+00 0.00000000e+00
  0.00000000e+00 7.95744306e-01 5.96831779e-01]
 [0.00000000e+00 0.00000000e+00 4.76847444e-01 8.54003394e-01
  4.80329346e-01 0.00000000e+00 0.00000000e+00 1.31284563e+00
  0.00000000e+00 0.00000000e+00 0.00000000e+00 0.00000000e+00
  0.00000000e+00 1.53824950e-01 2.32444412e-01]
 [9.89902380e-01 8.34748960e-01 8.38992615e-01 8.66996650e-01
  7.50104992e-01 8.53978529e-01 7.87527708e-01 2.94544945e-01
  5.86045322e-01 6.32663216e-01 7.07005495e-01 1.58746207e+00
  7.92096895e-01 3.21800396e-01 3.40466106e-01]]

7
----------------------------------------------------------------------------------
[[0.         0.09810592 0.         0.11136648 0.132323   0.
  0.         0.         0.         0.         0.21368375 0.07149261
  0.         0.         0.        ]
 [0.         0.         0.         0.21523525 0.33706509 0.
  0.         0.         0.         0.         0.00184944 0.16447025
  0.         0.         0.        ]
 [0.         0.         0.33926347 0.35808213 0.34474895 0.28214468
  0.25804862 0.         0.17172356 0.00245079 0.0977411  0.
  0.25134261 0.02455301 0.        ]
 [0.         0.12581399 0.06389554 0.04906553 0.19732958 0.
  0.         0.         0.         0.         0.07403715 0.05111418
  0.         0.         0.        ]
 [0.         0.         0.02093158 0.         0.         0.
  0.         0.         0.         0.         0.10515092 0.08363181
  0.         0.         0.02766653]
 [0.03049722 0.         0.35942286 0.1404624  0.34556558 0.40360621
  0.27809534 0.         0.18148021 0.         0.40422415 0.11435945
  0.         0.         0.15109549]
 [0.         0.         0.         0.0444905  0.         0.
  0.         0.         0.         0.         0.15265144 0.08386172
  0.         0.         0.05006032]
 [0.         0.         0.06974092 0.08350652 0.17930874 0.
  0.         0.         0.         0.         0.14428412 0.08456519
  0.         0.         0.        ]
 [0.         0.         0.         0.         0.1595538  0.
  0.         0.         0.         0.         0.15022785 0.0871113
  0.         0.         0.        ]
 [0.28429027 0.         0.64516405 0.22255336 0.57041499 0.73155212
  0.35800035 0.         0.37104938 0.33621927 0.32293841 0.14469771
  0.         0.49234317 0.        ]
 [0.         0.         0.         0.         0.         0.
  0.         0.         0.03744266 0.         0.1512965  0.
  0.         0.         0.        ]
 [0.         0.         0.0402462  0.         0.15379397 0.
  0.         0.         0.         0.         0.19219431 0.09215105
  0.         0.00885169 0.        ]
 [0.         0.         0.         0.         0.06250573 0.03583893
  0.03376378 0.         0.         0.22041323 0.         0.15726544
  0.         0.         0.        ]
 [0.         0.         0.03013096 0.19908155 0.05037494 0.
  0.         0.         0.         0.         0.22391509 0.14569962
  0.         0.05609791 0.15408501]
 [0.         0.         0.1218624  0.         0.         0.
  0.01663272 0.         0.26381047 0.         0.51022012 0.45412242
  0.03441734 0.20697918 0.26406919]
 [0.         0.         0.1284862  0.2427103  0.20075691 0.01064303
  0.         0.06383764 0.23497742 0.         0.06547208 0.10214713
  0.43191114 0.         0.01037834]
 [0.         0.         0.11642655 0.10130202 0.13723075 0.
  0.         0.         0.00478389 0.         0.36740251 0.0792691
  0.01473734 0.0941317  0.10558258]
 [1.09510383 0.72044701 0.35280308 0.2863843  0.27092306 0.38823198
  0.41285825 0.6493172  0.52458985 0.83771487 0.64691129 0.395473
  0.94709819 0.97677234 1.05580966]]

8
----------------------------------------------------------------------------------
[[0.         0.         0.         0.01036697 0.         0.21958203
  0.         0.00344372 0.         0.01033292 0.17368577 0.
  0.         0.         0.        ]
 [0.         0.11862874 0.         0.         0.         0.10454467
  0.05519307 0.         0.         0.06180772 0.27858248 0.00527814
  0.         0.17845044 0.        ]
 [0.         0.11801631 0.2143972  0.10003682 0.05732561 0.73033619
  0.11100421 0.79902333 0.26058757 0.52963017 0.55616996 0.15820276
  0.22018154 0.         0.02782982]
 [0.         0.         0.01787994 0.         0.00859675 0.16028759
  0.         0.         0.         0.         0.         0.01858517
  0.         0.         0.        ]
 [0.07961439 0.         0.         0.         0.         0.17695815
  0.00318852 0.         0.         0.         0.         0.
  0.         0.         0.        ]
 [0.03695841 0.14075214 0.22511418 0.26103289 0.1284462  0.13194129
  0.12997563 0.74067712 0.09089602 0.33156034 0.59927726 0.
  0.10406932 0.         0.        ]
 [0.16084544 0.         0.         0.         0.         0.25130124
  0.         0.09557851 0.         0.02997661 0.05294255 0.
  0.         0.         0.        ]
 [0.         0.         0.10947263 0.07390289 0.         0.10444208
  0.         0.         0.         0.         0.0578491  0.04731192
  0.         0.04143059 0.        ]
 [0.         0.         0.         0.00952284 0.         0.19004575
  0.         0.         0.         0.         0.0386172  0.
  0.         0.         0.        ]
 [0.         0.         0.55829133 0.11090511 0.02838855 0.559585
  0.37598398 0.84277257 0.         0.50745559 0.26992234 0.11866687
  0.51391521 0.         0.10477255]
 [0.         0.         0.         0.         0.         0.1380557
  0.         0.         0.         0.19161586 0.14754095 0.
  0.         0.         0.        ]
 [0.         0.         0.         0.0668307  0.         0.15845381
  0.         0.         0.         0.         0.06602041 0.0087094
  0.15357323 0.         0.        ]
 [0.         0.         0.         0.         0.         0.08399166
  0.12796524 0.18065258 0.         0.57926153 0.25268976 0.
  0.         0.         0.        ]
 [0.01534744 0.         0.         0.         0.         0.09763795
  0.         0.         0.         0.02632986 0.         0.08768394
  0.08295093 0.07645323 0.        ]
 [0.29345257 0.24233189 0.         0.00134457 0.         0.14216095
  0.         0.         0.         0.         0.03349167 0.19737514
  0.08926041 0.24170439 0.        ]
 [0.05714768 0.         0.         0.00699942 0.         0.37233129
  0.         0.         0.1978753  0.38918589 0.70275429 0.25777832
  0.         0.20768346 0.        ]
 [0.04883144 0.34937595 0.         0.14186511 0.         0.03354685
  0.         0.09659091 0.         0.         0.10842881 0.07577473
  0.23093361 0.40794632 0.        ]
 [0.91178672 0.67129708 0.41403856 0.60298853 0.80813014 0.41148101
  0.52035548 0.64253134 0.59635937 0.26837904 0.13457325 0.32317048
  0.72376117 0.7723606  0.94722401]]

9
----------------------------------------------------------------------------------
[[0.         0.         0.         0.02784139 0.         0.00603049
  0.         0.         0.07312946 0.04774976 0.         0.
  0.18735464 0.         0.        ]
 [0.         0.         0.         0.18907485 0.0815683  0.20799475
  0.         0.01027353 0.16904219 0.03849972 0.         0.
  0.20285617 0.         0.        ]
 [0.         0.         0.07105566 0.52397532 0.29966473 0.22654225
  0.         0.11228731 0.44880375 0.10692475 0.         0.06878565
  0.42492569 0.04222314 0.        ]
 [0.         0.         0.         0.         0.         0.
  0.         0.         0.01531163 0.01424614 0.         0.
  0.07278744 0.         0.        ]
 [0.         0.02178298 0.         0.02064292 0.         0.01091382
  0.         0.         0.03211954 0.         0.         0.
  0.         0.         0.        ]
 [0.         0.07754145 0.08299863 0.47635743 0.30605595 0.38020225
  0.16247098 0.         0.62427941 0.32433029 0.10599694 0.32947199
  0.167878   0.         0.25111482]
 [0.         0.         0.         0.09193466 0.         0.05472722
  0.         0.01282473 0.13368602 0.         0.         0.
  0.         0.         0.        ]
 [0.         0.         0.         0.09883872 0.         0.
  0.         0.         0.         0.         0.         0.
  0.02806454 0.         0.        ]
 [0.         0.         0.         0.         0.         0.
  0.         0.         0.         0.00700076 0.         0.
  0.1086902  0.         0.        ]
 [0.         0.00944888 0.03269265 0.63093606 0.42091904 0.44787155
  0.48514115 0.         0.51128352 0.29032529 0.         0.83720594
  0.52579964 0.13635302 0.69851544]
 [0.         0.         0.         0.04229257 0.         0.
  0.00605238 0.         0.04333519 0.         0.         0.
  0.         0.         0.        ]
 [0.         0.         0.         0.03235363 0.         0.
  0.         0.         0.         0.13335089 0.         0.
  0.10942248 0.         0.        ]
 [0.00112826 0.07499688 0.08656145 0.25200005 0.0185308  0.07193824
  0.         0.         0.18116533 0.17453663 0.         0.
  0.15467577 0.         0.        ]
 [0.         0.00479063 0.         0.06363921 0.         0.01442879
  0.         0.         0.00252017 0.         0.         0.
  0.         0.         0.        ]
 [0.05336326 0.         0.         0.10471578 0.         0.
  0.         0.         0.01807742 0.         0.         0.04771248
  0.         0.         0.00897657]
 [0.29663412 0.00085029 0.         0.23405695 0.28113799 0.56186166
  0.         0.         0.12753606 0.2640147  0.02781082 0.14362029
  0.16110094 0.         0.16367328]
 [0.02678282 0.01141353 0.         0.16311266 0.19751055 0.34090251
  0.04774789 0.         0.05997631 0.11135591 0.         0.
  0.         0.         0.        ]
 [0.65388817 0.57345021 0.47066134 0.194749   0.25792975 0.20643217
  0.52666964 0.73391924 0.32137927 0.26304707 0.68428669 0.2870013
  0.25105561 0.67578156 0.63486268]]

10
----------------------------------------------------------------------------------
[[0.00000000e+00 2.11781950e-02 1.04758644e-02 1.64603612e-01
  0.00000000e+00 0.00000000e+00 4.52820883e-02 0.00000000e+00
  2.18897211e-02 5.70178283e-01 2.85431390e-01 0.00000000e+00
  4.97744763e-02 1.67875071e-01 1.33625504e-01]
 [1.21993524e-01 8.24057327e-03 3.35489022e-02 0.00000000e+00
  2.21666747e-01 1.34352027e-02 9.87546925e-02 0.00000000e+00
  2.94632133e-01 3.77137216e-02 1.70674629e-01 4.10588645e-02
  9.99070460e-02 0.00000000e+00 1.99312582e-01]
 [4.74816530e-01 1.79006458e-01 6.18662119e-01 2.67820681e-01
  5.65655308e-01 7.92723985e-02 2.50593338e-01 4.07956504e-01
  2.82581294e-01 5.65322363e-01 1.52615677e-01 0.00000000e+00
  2.56465720e-01 0.00000000e+00 5.81584973e-01]
 [0.00000000e+00 3.30002632e-02 0.00000000e+00 1.02100342e-01
  6.58708901e-03 0.00000000e+00 0.00000000e+00 0.00000000e+00
  0.00000000e+00 7.74974916e-01 5.26779383e-01 2.18615187e-02
  1.42190642e-01 6.14899538e-01 3.63689046e-01]
 [0.00000000e+00 0.00000000e+00 0.00000000e+00 2.06331886e-02
  2.21421614e-01 0.00000000e+00 0.00000000e+00 0.00000000e+00
  2.42355647e-03 2.42379264e-01 2.58892517e-01 0.00000000e+00
  4.20215392e-02 1.59511596e-01 2.98657240e-01]
 [5.43491176e-01 0.00000000e+00 2.54427742e-01 7.40249878e-02
  1.96009839e-01 6.33585591e-01 3.36125000e-01 1.29232809e-01
  4.56276404e-02 8.53143129e-01 1.03773622e+00 5.11443766e-01
  6.00158105e-01 2.01351855e-01 5.58270935e-01]
 [0.00000000e+00 0.00000000e+00 1.26107567e-02 0.00000000e+00
  8.45428230e-02 0.00000000e+00 1.30931607e-01 6.51628040e-02
  8.70638142e-02 3.95867574e-01 5.71968027e-01 2.75377679e-02
  0.00000000e+00 0.00000000e+00 3.12478880e-01]
 [4.43023732e-03 0.00000000e+00 0.00000000e+00 3.62231337e-02
  9.78416517e-02 0.00000000e+00 2.93990487e-02 0.00000000e+00
  3.27170255e+00 5.55501491e+00 1.00275626e+00 5.20144608e-02
  0.00000000e+00 8.87610997e-01 2.09845017e+00]
 [0.00000000e+00 0.00000000e+00 0.00000000e+00 1.96346226e-02
  1.44619836e-02 0.00000000e+00 3.03252910e-03 0.00000000e+00
  3.52877964e+00 7.97271976e+00 5.16851991e-01 2.96562632e-02
  0.00000000e+00 3.90410333e-01 1.16831753e+00]
 [9.88091503e-01 3.68136819e-01 1.05574286e-01 4.59457710e-02
  5.96075717e-01 6.77440366e-01 5.50485870e-01 1.94145503e-01
  4.96414563e-01 4.32304705e+00 7.82542069e-01 2.86470998e-01
  4.76117539e-01 9.80103330e-01 1.31495254e+00]
 [0.00000000e+00 0.00000000e+00 0.00000000e+00 0.00000000e+00
  6.47746703e-02 0.00000000e+00 3.84889475e-02 0.00000000e+00
  9.06584438e-01 9.30764429e+00 1.33896333e+00 2.11411573e-01
  4.49319898e-01 0.00000000e+00 1.31806180e+00]
 [0.00000000e+00 6.47668347e-02 0.00000000e+00 0.00000000e+00
  7.74621404e-02 0.00000000e+00 0.00000000e+00 0.00000000e+00
  1.34176553e+00 4.71732422e+00 5.73603943e-01 2.75099169e-02
  0.00000000e+00 3.12766430e-01 1.29996446e+00]
 [1.18397621e-01 0.00000000e+00 0.00000000e+00 0.00000000e+00
  1.58208406e-01 0.00000000e+00 0.00000000e+00 3.24098114e-01
  2.56308955e-01 6.46536360e+00 1.49383243e+00 4.63960290e-01
  6.12335879e-01 3.03802998e-01 2.60939946e+00]
 [0.00000000e+00 0.00000000e+00 1.53626423e-02 0.00000000e+00
  3.31728697e-02 0.00000000e+00 0.00000000e+00 0.00000000e+00
  1.02756164e-01 8.33754225e-02 2.75992642e-01 2.41243365e-02
  1.15792752e-01 0.00000000e+00 4.57112629e-02]
 [0.00000000e+00 0.00000000e+00 0.00000000e+00 0.00000000e+00
  0.00000000e+00 0.00000000e+00 0.00000000e+00 0.00000000e+00
  8.80677136e-02 1.68295020e-01 0.00000000e+00 9.94913077e-02
  0.00000000e+00 0.00000000e+00 1.54266821e-01]
 [3.10459324e-01 3.02513000e-01 1.50728530e-01 0.00000000e+00
  0.00000000e+00 0.00000000e+00 2.65749702e-01 0.00000000e+00
  4.69566042e-01 5.16622137e-01 5.73803980e-02 4.91595950e-01
  4.61193459e-01 0.00000000e+00 7.83983168e-02]
 [0.00000000e+00 0.00000000e+00 1.25759439e-02 5.36223553e-02
  2.73576359e-02 0.00000000e+00 0.00000000e+00 0.00000000e+00
  2.03154551e-01 5.34889386e-02 1.11631557e-01 1.07516728e-01
  9.37848425e-03 0.00000000e+00 1.96598351e-01]
 [2.81359381e-01 3.93946660e-01 5.76891711e-01 6.09260860e-01
  4.93426391e-01 3.31691123e-01 4.19992721e-01 4.29974793e-01
  5.69658166e-01 3.11122636e-01 3.81511753e-01 3.58887854e-01
  4.94359860e-01 4.41054168e-01 2.26777658e-01]]

11
----------------------------------------------------------------------------------
[[2.37630466e-02 0.00000000e+00 0.00000000e+00 0.00000000e+00
  0.00000000e+00 1.00662791e-01 0.00000000e+00 3.45606319e-02
  0.00000000e+00 0.00000000e+00 0.00000000e+00 0.00000000e+00
  8.79383466e-03 4.87404289e-02 6.58022420e-03]
 [1.63333355e-01 9.58444604e-02 0.00000000e+00 0.00000000e+00
  0.00000000e+00 0.00000000e+00 0.00000000e+00 6.44950155e-02
  0.00000000e+00 0.00000000e+00 0.00000000e+00 1.47007434e-01
  0.00000000e+00 0.00000000e+00 0.00000000e+00]
 [3.85342161e-01 1.33582103e-01 3.34081831e-01 0.00000000e+00
  0.00000000e+00 1.07463926e-01 2.46114534e-01 3.54484848e-01
  3.49795380e-01 0.00000000e+00 4.34225809e-01 5.06072479e-02
  4.76058834e-01 3.06591819e-01 4.61882136e-01]
 [0.00000000e+00 0.00000000e+00 0.00000000e+00 0.00000000e+00
  0.00000000e+00 0.00000000e+00 0.00000000e+00 0.00000000e+00
  0.00000000e+00 0.00000000e+00 0.00000000e+00 0.00000000e+00
  0.00000000e+00 0.00000000e+00 0.00000000e+00]
 [0.00000000e+00 0.00000000e+00 0.00000000e+00 0.00000000e+00
  0.00000000e+00 0.00000000e+00 0.00000000e+00 0.00000000e+00
  0.00000000e+00 0.00000000e+00 0.00000000e+00 9.60555239e-03
  0.00000000e+00 0.00000000e+00 0.00000000e+00]
 [3.48746877e-01 3.58434264e-01 4.01256104e-01 0.00000000e+00
  0.00000000e+00 2.85294037e-01 0.00000000e+00 1.27213987e-01
  1.37857327e-02 0.00000000e+00 2.15524943e-02 2.23276802e-02
  0.00000000e+00 1.61152387e-01 1.76129552e-01]
 [1.16436920e-02 0.00000000e+00 0.00000000e+00 0.00000000e+00
  0.00000000e+00 1.59305238e-01 0.00000000e+00 1.12115942e-04
  0.00000000e+00 0.00000000e+00 0.00000000e+00 0.00000000e+00
  0.00000000e+00 0.00000000e+00 4.17691714e-02]
 [1.56361804e+00 1.49237612e+00 3.19115615e-01 0.00000000e+00
  0.00000000e+00 0.00000000e+00 0.00000000e+00 0.00000000e+00
  0.00000000e+00 0.00000000e+00 0.00000000e+00 3.18981339e-02
  0.00000000e+00 8.47121075e-02 0.00000000e+00]
 [7.68733197e+00 1.55565029e+00 5.19146116e-01 0.00000000e+00
  0.00000000e+00 0.00000000e+00 0.00000000e+00 0.00000000e+00
  0.00000000e+00 0.00000000e+00 0.00000000e+00 0.00000000e+00
  0.00000000e+00 0.00000000e+00 0.00000000e+00]
 [1.05978263e+00 6.17112217e-01 2.56186488e-01 0.00000000e+00
  0.00000000e+00 6.06787075e-01 5.61873213e-01 3.60142121e-01
  3.92606232e-01 0.00000000e+00 1.87570119e-02 3.87903325e-01
  2.08866494e-01 7.25420785e-03 0.00000000e+00]
 [2.35592547e+00 1.47353390e+00 5.55754891e-01 0.00000000e+00
  0.00000000e+00 1.18588177e-01 5.70251430e-02 0.00000000e+00
  0.00000000e+00 0.00000000e+00 0.00000000e+00 0.00000000e+00
  0.00000000e+00 0.00000000e+00 0.00000000e+00]
 [1.91721282e+00 8.32848108e-01 1.54973448e-01 0.00000000e+00
  0.00000000e+00 0.00000000e+00 0.00000000e+00 0.00000000e+00
  0.00000000e+00 0.00000000e+00 0.00000000e+00 6.45748592e-02
  0.00000000e+00 0.00000000e+00 0.00000000e+00]
 [1.42263757e+00 6.65488554e-01 1.52893280e-01 0.00000000e+00
  0.00000000e+00 5.46341674e-02 0.00000000e+00 1.21996351e-01
  1.28500261e-01 0.00000000e+00 0.00000000e+00 1.39407706e-01
  0.00000000e+00 1.26410220e-01 1.59716703e-01]
 [1.46598262e-01 6.50603965e-01 7.61101574e-01 3.02507708e+00
  4.90463322e+00 6.50900697e-01 2.80613188e-01 2.34208416e+00
  7.02300289e-01 1.74777183e-01 7.08816912e-01 3.39288629e+00
  1.68693604e-02 1.60250115e+00 4.33605477e+00]
 [5.43241483e-01 1.89749285e+00 1.57534145e+00 3.67477911e+00
  2.81423772e+00 1.09494258e+00 5.38785185e-03 1.89445394e+00
  1.34641746e+00 2.45810674e-01 3.41566583e-01 2.28015536e+00
  1.50889731e-01 2.05892244e+00 4.77582536e+00]
 [1.12677907e-01 1.28097851e+00 1.71351910e+00 1.86836985e+00
  2.05190104e+00 1.08137330e+00 1.60994321e-02 4.95200778e-01
  2.43275746e-01 0.00000000e+00 3.93798425e-02 1.00864299e+00
  4.34678996e-01 1.50461163e+00 1.75804557e+00]
 [1.95323917e-01 1.18301988e+00 5.85020530e-01 7.65157973e-01
  6.34280880e-01 1.44578478e+00 8.80715060e-01 5.97686234e-01
  4.83667273e-02 2.10199212e-01 1.44217881e-02 1.78280981e-01
  7.34507943e-02 1.34586789e+00 1.44287217e+00]
 [3.04781731e-01 2.19263297e-01 3.68899543e-01 1.18900811e+00
  7.75561930e-01 5.64795089e-01 7.38611169e-01 4.07106267e-01
  3.97872222e-01 8.47727419e-01 7.50280558e-01 5.29250354e-01
  4.52899003e-01 3.62391153e-01 4.28164657e-01]]

12
----------------------------------------------------------------------------------
[[0.00000000e+00 3.78544884e-03 1.64272981e-01 0.00000000e+00
  0.00000000e+00 0.00000000e+00 0.00000000e+00 4.62797176e-03
  0.00000000e+00 0.00000000e+00 0.00000000e+00 0.00000000e+00
  0.00000000e+00 0.00000000e+00 1.38957023e-01]
 [0.00000000e+00 0.00000000e+00 2.35673896e-01 3.14726167e-01
  1.09953433e-01 0.00000000e+00 0.00000000e+00 0.00000000e+00
  0.00000000e+00 0.00000000e+00 0.00000000e+00 0.00000000e+00
  4.86145514e-02 0.00000000e+00 1.27489103e-01]
 [0.00000000e+00 2.04410822e-01 1.63201633e-01 5.45702304e-01
  1.57237891e-01 4.75098860e-02 0.00000000e+00 0.00000000e+00
  0.00000000e+00 0.00000000e+00 2.25565567e-01 0.00000000e+00
  1.02284268e-01 0.00000000e+00 5.14401655e-01]
 [0.00000000e+00 0.00000000e+00 1.31369228e-01 2.34580497e-02
  0.00000000e+00 0.00000000e+00 0.00000000e+00 5.47951151e-02
  0.00000000e+00 0.00000000e+00 0.00000000e+00 0.00000000e+00
  7.42959541e-02 0.00000000e+00 1.86880782e-01]
 [1.69394275e-02 0.00000000e+00 1.59414280e-01 0.00000000e+00
  0.00000000e+00 0.00000000e+00 0.00000000e+00 7.05411772e-02
  0.00000000e+00 0.00000000e+00 0.00000000e+00 0.00000000e+00
  1.57139689e-02 0.00000000e+00 1.49116736e-01]
 [0.00000000e+00 0.00000000e+00 2.85712325e-01 4.52420082e-01
  4.11503414e-01 2.93839555e-02 1.65351025e-01 5.14804951e-02
  0.00000000e+00 0.00000000e+00 1.17398025e-01 1.37581646e-01
  5.09584310e-02 1.97352174e-01 3.84642922e-01]
 [0.00000000e+00 0.00000000e+00 1.17790560e-01 9.26138415e-02
  0.00000000e+00 0.00000000e+00 0.00000000e+00 6.67345272e-02
  0.00000000e+00 0.00000000e+00 5.28274796e-02 0.00000000e+00
  0.00000000e+00 0.00000000e+00 4.12854207e-02]
 [0.00000000e+00 0.00000000e+00 3.70477795e-02 0.00000000e+00
  0.00000000e+00 0.00000000e+00 0.00000000e+00 0.00000000e+00
  0.00000000e+00 0.00000000e+00 3.21818127e-02 3.96500622e+00
  1.37275203e+00 3.75601045e-01 1.16405474e+00]
 [0.00000000e+00 0.00000000e+00 0.00000000e+00 4.99170029e-03
  0.00000000e+00 0.00000000e+00 0.00000000e+00 0.00000000e+00
  0.00000000e+00 0.00000000e+00 1.78675916e-01 4.69312924e+00
  2.61179187e+00 2.38146964e-01 1.27284202e+00]
 [0.00000000e+00 0.00000000e+00 1.84728764e-02 4.33129774e-01
  3.90310867e-01 0.00000000e+00 0.00000000e+00 3.56255884e-01
  0.00000000e+00 0.00000000e+00 0.00000000e+00 1.51540451e+00
  1.12998946e+00 1.33015065e-01 1.84044749e-01]
 [0.00000000e+00 0.00000000e+00 0.00000000e+00 6.97715557e-02
  0.00000000e+00 0.00000000e+00 0.00000000e+00 8.12752855e-02
  0.00000000e+00 0.00000000e+00 3.24229180e-02 2.68046972e+00
  2.56054453e+00 0.00000000e+00 8.54609194e-01]
 [0.00000000e+00 0.00000000e+00 0.00000000e+00 5.21630846e-02
  0.00000000e+00 0.00000000e+00 0.00000000e+00 1.51670460e-03
  0.00000000e+00 0.00000000e+00 0.00000000e+00 2.05844924e+00
  1.83670574e+00 2.57251740e-01 9.09689592e-01]
 [0.00000000e+00 0.00000000e+00 2.33130545e-01 2.44742541e-01
  8.44722382e-02 0.00000000e+00 0.00000000e+00 0.00000000e+00
  0.00000000e+00 0.00000000e+00 3.55262101e-01 3.98082742e-01
  2.78807253e+00 0.00000000e+00 1.28678971e+00]
 [5.71824841e-01 0.00000000e+00 0.00000000e+00 0.00000000e+00
  0.00000000e+00 0.00000000e+00 0.00000000e+00 0.00000000e+00
  0.00000000e+00 0.00000000e+00 0.00000000e+00 0.00000000e+00
  0.00000000e+00 0.00000000e+00 0.00000000e+00]
 [2.41813242e-01 0.00000000e+00 0.00000000e+00 0.00000000e+00
  0.00000000e+00 6.44874853e-02 0.00000000e+00 0.00000000e+00
  0.00000000e+00 0.00000000e+00 0.00000000e+00 0.00000000e+00
  0.00000000e+00 0.00000000e+00 0.00000000e+00]
 [8.96779156e-01 0.00000000e+00 0.00000000e+00 2.86746515e-01
  3.33981858e-01 1.30692015e-02 3.89579646e-01 4.23153798e-02
  0.00000000e+00 0.00000000e+00 1.10644548e-01 1.10817964e-01
  0.00000000e+00 0.00000000e+00 1.50888909e-01]
 [1.04615793e-01 2.34627172e-01 0.00000000e+00 0.00000000e+00
  0.00000000e+00 3.21984596e-01 2.53155687e-01 0.00000000e+00
  0.00000000e+00 0.00000000e+00 0.00000000e+00 0.00000000e+00
  0.00000000e+00 0.00000000e+00 0.00000000e+00]
 [7.27563806e-01 1.02901923e+00 7.97324217e-01 2.98392488e-01
  3.20853035e-01 6.27046691e-01 1.00607167e+00 9.77216005e-01
  1.13379140e+00 1.22055728e+00 8.59285452e-01 6.14076160e-01
  6.95261215e-01 9.29015686e-01 4.90445291e-01]]

13
----------------------------------------------------------------------------------
[[0.00000000e+00 4.05597424e-03 0.00000000e+00 0.00000000e+00
  1.41666084e-02 0.00000000e+00 0.00000000e+00 0.00000000e+00
  0.00000000e+00 0.00000000e+00 0.00000000e+00 4.55075777e-02
  4.63477969e-02 0.00000000e+00 9.90304209e-03]
 [1.26327211e-01 1.17093593e-01 0.00000000e+00 7.47819944e-02
  2.56092027e-01 4.07349539e-02 7.98200681e-02 0.00000000e+00
  0.00000000e+00 1.03314362e-01 9.46375347e-02 0.00000000e+00
  1.68301090e-01 0.00000000e+00 0.00000000e+00]
 [4.60525985e-01 4.60541194e-01 1.43963235e-01 1.01367024e-01
  1.53065167e-01 1.42887714e-01 5.85595563e-02 1.67581234e-01
  1.80912863e-01 2.72399982e-01 2.66625916e-01 1.78021929e-01
  3.64239801e-01 0.00000000e+00 4.69408134e-02]
 [0.00000000e+00 0.00000000e+00 0.00000000e+00 0.00000000e+00
  0.00000000e+00 0.00000000e+00 0.00000000e+00 0.00000000e+00
  0.00000000e+00 2.00813340e-04 0.00000000e+00 1.33404183e-02
  1.76298067e-02 0.00000000e+00 4.74529716e-02]
 [0.00000000e+00 7.65793159e-03 0.00000000e+00 0.00000000e+00
  0.00000000e+00 0.00000000e+00 0.00000000e+00 0.00000000e+00
  0.00000000e+00 0.00000000e+00 8.46883492e-02 0.00000000e+00
  8.04176057e-02 0.00000000e+00 0.00000000e+00]
 [5.46472850e-01 4.40184395e-01 2.70650899e-01 1.90986101e-01
  3.74021142e-01 3.75359689e-01 1.39057237e-01 2.65776836e-01
  7.17296385e-02 1.94581972e-01 2.04109601e-01 0.00000000e+00
  3.17130290e-01 4.92272773e-02 1.07863227e-01]
 [8.04624040e-02 6.47573019e-02 0.00000000e+00 0.00000000e+00
  6.64708043e-02 0.00000000e+00 1.07590471e-01 0.00000000e+00
  0.00000000e+00 3.45326746e-02 2.23860561e-02 0.00000000e+00
  4.50792306e-02 0.00000000e+00 3.09864151e-02]
 [1.14356597e-01 2.04532406e-01 1.18037282e-01 3.67601158e-02
  1.10239619e-01 0.00000000e+00 0.00000000e+00 0.00000000e+00
  0.00000000e+00 0.00000000e+00 0.00000000e+00 0.00000000e+00
  0.00000000e+00 0.00000000e+00 0.00000000e+00]
 [2.36138592e-01 2.61372971e-01 1.44160330e-01 2.66651024e-02
  1.12171013e-01 0.00000000e+00 0.00000000e+00 0.00000000e+00
  0.00000000e+00 0.00000000e+00 0.00000000e+00 0.00000000e+00
  6.56688624e-02 0.00000000e+00 0.00000000e+00]
 [1.31744096e-01 1.20746151e+00 1.04714660e-01 3.23719036e-01
  5.03717657e-01 5.93021898e-01 7.48333487e-01 2.36090014e-01
  4.41274650e-01 4.94896479e-01 1.01406935e-01 1.70363997e-01
  0.00000000e+00 1.40752570e-02 0.00000000e+00]
 [1.23051503e-01 4.88084833e-01 1.46789020e-03 2.89709015e-01
  1.51256398e-01 0.00000000e+00 0.00000000e+00 0.00000000e+00
  1.53351528e-01 0.00000000e+00 0.00000000e+00 1.84433290e-01
  1.08804910e-02 0.00000000e+00 0.00000000e+00]
 [9.16033733e-02 1.26152663e-01 0.00000000e+00 0.00000000e+00
  1.27113181e-01 1.16786443e-02 0.00000000e+00 0.00000000e+00
  0.00000000e+00 0.00000000e+00 0.00000000e+00 0.00000000e+00
  5.96975203e-02 0.00000000e+00 6.26869709e-02]
 [0.00000000e+00 3.03484221e-01 1.31470639e-03 1.19649319e-01
  6.42000457e-02 1.55453113e-01 5.82984159e-02 2.83952827e-02
  2.88525408e-01 1.18227953e-01 0.00000000e+00 1.03816525e-01
  5.35947031e-02 0.00000000e+00 2.17302898e-01]
 [0.00000000e+00 0.00000000e+00 0.00000000e+00 0.00000000e+00
  0.00000000e+00 0.00000000e+00 3.49194921e-02 8.51124787e-02
  0.00000000e+00 1.62033102e-02 0.00000000e+00 1.61989883e-02
  0.00000000e+00 0.00000000e+00 0.00000000e+00]
 [0.00000000e+00 1.12117677e-01 4.80301169e-01 3.50339584e-01
  1.45270878e-01 0.00000000e+00 2.37547076e-01 9.15141774e-01
  4.28509542e-01 0.00000000e+00 4.02108147e-01 1.15940082e+00
  2.16113669e-01 1.10643133e-01 0.00000000e+00]
 [8.41173376e-02 2.64433823e-01 2.70058485e-01 4.67069541e-01
  4.91520608e-01 1.52294827e-02 2.16312966e-01 8.86598348e-01
  2.48931307e-01 3.41451912e-01 1.60508025e-01 8.91947596e-01
  1.08508959e-01 0.00000000e+00 6.53901278e-02]
 [0.00000000e+00 1.07900637e-01 0.00000000e+00 2.36833053e-01
  1.19434122e-01 0.00000000e+00 5.03155883e-02 0.00000000e+00
  0.00000000e+00 0.00000000e+00 1.32980553e-01 3.12771253e-01
  1.45920227e-01 3.69515229e-01 0.00000000e+00]
 [4.53268254e-01 2.20286855e-01 3.18262172e-01 2.67939579e-01
  1.89250901e-01 4.16510383e-01 2.39490563e-01 3.77496106e-01
  7.18728221e-01 7.02745685e-01 6.87603902e-01 8.42993098e-01
  8.72812555e-01 9.67499188e-01 1.03624130e+00]]

14
----------------------------------------------------------------------------------
[[0.00000000e+00 2.40958174e-02 2.02269811e-02 9.98066992e-03
  0.00000000e+00 0.00000000e+00 1.53977473e-01 9.87814741e-02
  0.00000000e+00 0.00000000e+00 0.00000000e+00 4.22482959e-02
  0.00000000e+00 0.00000000e+00 0.00000000e+00]
 [2.90064955e-02 1.76277064e-01 2.64673627e-01 1.67848872e-02
  0.00000000e+00 3.00813254e-02 1.53304440e-01 1.93644903e-01
  0.00000000e+00 0.00000000e+00 0.00000000e+00 0.00000000e+00
  9.70789744e-03 0.00000000e+00 0.00000000e+00]
 [1.87478179e-01 1.00578519e-01 1.32964055e+00 3.85540028e-01
  5.88426539e-01 0.00000000e+00 2.54582645e-01 3.37536506e-01
  0.00000000e+00 3.96804156e-01 9.90571128e-02 2.23005371e-01
  1.40885976e-01 0.00000000e+00 1.19563287e-01]
 [0.00000000e+00 0.00000000e+00 0.00000000e+00 0.00000000e+00
  0.00000000e+00 0.00000000e+00 9.80416045e-02 7.98261797e-02
  0.00000000e+00 0.00000000e+00 6.85795762e-02 0.00000000e+00
  0.00000000e+00 0.00000000e+00 0.00000000e+00]
 [0.00000000e+00 1.11869792e-01 5.62038270e-02 0.00000000e+00
  0.00000000e+00 0.00000000e+00 1.77769644e-02 7.95819292e-02
  0.00000000e+00 0.00000000e+00 8.58677013e-02 0.00000000e+00
  0.00000000e+00 0.00000000e+00 0.00000000e+00]
 [1.63608370e-01 1.28285503e-02 3.02950383e-01 1.06127956e-01
  1.13894429e-01 1.01432859e-01 2.96311022e-01 1.14854486e-01
  0.00000000e+00 2.37388791e-01 3.08915543e-01 2.21574767e-01
  1.08185988e-01 3.73842959e-01 0.00000000e+00]
 [1.78025775e-01 1.87639639e-01 2.18711280e-01 0.00000000e+00
  0.00000000e+00 0.00000000e+00 6.48946452e-05 8.73343882e-02
  0.00000000e+00 3.41108758e-02 7.07577970e-02 0.00000000e+00
  0.00000000e+00 1.82503670e-02 0.00000000e+00]
 [0.00000000e+00 0.00000000e+00 0.00000000e+00 0.00000000e+00
  0.00000000e+00 0.00000000e+00 7.17106025e-02 1.71666809e-01
  0.00000000e+00 6.13678604e-02 0.00000000e+00 0.00000000e+00
  0.00000000e+00 0.00000000e+00 0.00000000e+00]
 [0.00000000e+00 0.00000000e+00 0.00000000e+00 0.00000000e+00
  0.00000000e+00 0.00000000e+00 0.00000000e+00 3.07655207e-02
  0.00000000e+00 1.40159137e-02 0.00000000e+00 0.00000000e+00
  0.00000000e+00 0.00000000e+00 0.00000000e+00]
 [0.00000000e+00 3.55188768e-01 0.00000000e+00 0.00000000e+00
  0.00000000e+00 4.64613777e-01 1.04836238e-02 3.99694146e-01
  3.56453735e-01 7.96749957e-01 0.00000000e+00 0.00000000e+00
  9.15149499e-02 0.00000000e+00 0.00000000e+00]
 [0.00000000e+00 0.00000000e+00 1.84631353e-02 0.00000000e+00
  0.00000000e+00 2.43573276e-02 0.00000000e+00 9.13461065e-02
  0.00000000e+00 2.04744895e-02 0.00000000e+00 4.88117390e-02
  0.00000000e+00 0.00000000e+00 0.00000000e+00]
 [0.00000000e+00 0.00000000e+00 0.00000000e+00 0.00000000e+00
  0.00000000e+00 0.00000000e+00 0.00000000e+00 9.55283269e-02
  0.00000000e+00 4.85096107e-02 0.00000000e+00 0.00000000e+00
  0.00000000e+00 0.00000000e+00 0.00000000e+00]
 [1.47321402e-01 7.90231118e-02 0.00000000e+00 5.32484218e-01
  0.00000000e+00 2.95528759e-01 1.46885700e-01 1.37266077e-01
  1.09593707e-01 3.06895527e-01 0.00000000e+00 0.00000000e+00
  0.00000000e+00 0.00000000e+00 0.00000000e+00]
 [0.00000000e+00 0.00000000e+00 0.00000000e+00 0.00000000e+00
  0.00000000e+00 0.00000000e+00 4.41189228e-02 0.00000000e+00
  0.00000000e+00 4.36680273e-02 0.00000000e+00 0.00000000e+00
  0.00000000e+00 0.00000000e+00 0.00000000e+00]
 [0.00000000e+00 0.00000000e+00 0.00000000e+00 0.00000000e+00
  0.00000000e+00 0.00000000e+00 0.00000000e+00 1.34525871e-01
  0.00000000e+00 1.70008285e-01 0.00000000e+00 2.15431794e-01
  2.20830357e-01 2.97612762e-01 4.92710691e-02]
 [7.88520821e-02 1.46200809e-01 1.02117358e-01 1.84083104e-01
  2.39977017e-02 3.42149770e-01 4.91809413e-01 2.59881037e-01
  0.00000000e+00 3.30058748e-01 4.65655019e-01 8.64619922e-02
  0.00000000e+00 4.11593531e-02 0.00000000e+00]
 [0.00000000e+00 0.00000000e+00 0.00000000e+00 0.00000000e+00
  0.00000000e+00 2.38863769e-02 0.00000000e+00 1.21178182e-01
  0.00000000e+00 0.00000000e+00 0.00000000e+00 6.92062701e-02
  1.76103612e-01 8.26746012e-02 3.87029437e-01]
 [1.18712527e+00 1.16921410e+00 9.58190261e-01 5.84273564e-01
  7.89756649e-01 4.75137611e-01 2.61134539e-01 3.05499549e-01
  6.69338509e-01 6.67928105e-01 7.07353430e-01 7.86619042e-01
  7.58817244e-01 8.40692962e-01 9.60954081e-01]]

16
----------------------------------------------------------------------------------
[[0.         0.         0.         0.         0.         0.
  0.08623343 0.         0.10756094 0.07550212 0.08757688 0.
  0.         0.         0.        ]
 [0.         0.         0.         0.         0.         0.01819395
  0.05148062 0.17736174 0.0843531  0.19047931 0.11857009 0.
  0.         0.13606524 0.        ]
 [0.23784973 0.10172397 0.52257954 0.         0.         0.51449826
  0.3172954  0.22526856 0.26058964 0.47174794 0.32484903 0.
  0.         0.11499587 0.15268278]
 [0.         0.         0.         0.         0.         0.
  0.01397627 0.         0.0275698  0.10782454 0.10317831 0.
  0.         0.         0.        ]
 [0.04816184 0.         0.         0.         0.         0.
  0.04706852 0.         0.10468645 0.05031855 0.10395256 0.
  0.         0.         0.        ]
 [0.         0.         0.04219695 0.01110788 0.06333212 0.23740712
  0.20920394 0.17345044 0.57738432 0.38118102 0.23142096 0.
  0.         0.38139698 0.50864032]
 [0.         0.         0.         0.         0.         0.
  0.03512248 0.         0.08766767 0.10758283 0.14466665 0.
  0.         0.         0.00451414]
 [0.         0.         0.         0.         0.         0.
  0.         0.         0.         0.         0.08751673 0.
  0.         0.         0.        ]
 [0.         0.         0.         0.         0.         0.
  0.         0.         0.04114825 0.         0.04440805 0.
  0.         0.         0.        ]
 [0.         0.50391901 0.         0.3803958  0.03173212 0.60060003
  0.78616445 0.17485311 0.63473853 0.58196188 0.19390273 0.12683827
  0.14701518 0.0148731  0.23423819]
 [0.         0.         0.         0.         0.         0.
  0.         0.         0.11840793 0.08137289 0.         0.
  0.         0.         0.        ]
 [0.         0.         0.03757872 0.         0.         0.
  0.04242614 0.         0.12764103 0.02228439 0.02833407 0.
  0.         0.         0.        ]
 [0.         0.         0.02111958 0.         0.         0.
  0.09510775 0.02071539 0.18917862 0.14611402 0.07275325 0.
  0.         0.         0.03203648]
 [0.         0.         0.20366225 0.77996318 1.034416   0.81026389
  0.28564295 0.00695541 0.43617463 0.90718061 0.25717113 1.15592998
  2.88621395 1.02601213 0.12614386]
 [0.62778617 0.42892884 1.91037269 2.77936879 0.81386515 0.60020351
  0.50367777 0.16088462 0.41062629 1.55697665 0.27918026 1.35909393
  3.14281159 0.84931779 0.04903437]
 [0.0953341  0.01940674 0.7534929  2.58386962 2.15453613 1.66889722
  0.47368266 0.11248869 0.26490997 0.37332167 0.51528425 1.5724073
  1.79943996 1.28588378 0.        ]
 [0.27074417 0.43397451 0.78811262 1.44567208 0.81855993 0.42059043
  0.12920469 0.11137127 0.27855479 0.41552159 0.         0.61728557
  0.41813836 0.413761   0.        ]
 [0.8229525  1.02205516 0.49523133 0.32871541 0.76623362 0.48958345
  0.38301278 0.43999539 0.22488937 0.20796168 0.35211212 0.63257816
  0.64259076 0.59660953 0.60611244]]

17
----------------------------------------------------------------------------------
[[0.00000000e+00 0.00000000e+00 0.00000000e+00 0.00000000e+00
  0.00000000e+00 6.35494458e-02 9.04726196e-02 0.00000000e+00
  0.00000000e+00 0.00000000e+00 0.00000000e+00 0.00000000e+00
  0.00000000e+00 0.00000000e+00 0.00000000e+00]
 [2.09891342e-02 0.00000000e+00 4.86012274e-02 0.00000000e+00
  0.00000000e+00 2.53154643e-03 8.66832951e-02 0.00000000e+00
  0.00000000e+00 0.00000000e+00 0.00000000e+00 1.82983788e-01
  6.07845859e-02 0.00000000e+00 1.88676832e-02]
 [0.00000000e+00 6.65566929e-01 3.57983161e-01 1.71993910e-01
  0.00000000e+00 1.85186126e-01 8.18291863e-02 0.00000000e+00
  0.00000000e+00 0.00000000e+00 0.00000000e+00 2.03361605e-01
  2.04638873e-01 0.00000000e+00 2.03621810e-01]
 [0.00000000e+00 0.00000000e+00 0.00000000e+00 0.00000000e+00
  0.00000000e+00 8.59476061e-02 6.17922801e-04 0.00000000e+00
  0.00000000e+00 0.00000000e+00 0.00000000e+00 0.00000000e+00
  0.00000000e+00 0.00000000e+00 5.70660477e-02]
 [0.00000000e+00 0.00000000e+00 0.00000000e+00 0.00000000e+00
  0.00000000e+00 4.18201483e-02 0.00000000e+00 0.00000000e+00
  0.00000000e+00 0.00000000e+00 0.00000000e+00 0.00000000e+00
  0.00000000e+00 0.00000000e+00 0.00000000e+00]
 [3.01494308e-01 5.69107881e-01 3.32069545e-01 7.63716862e-02
  0.00000000e+00 4.21443921e-01 2.60100593e-01 0.00000000e+00
  1.69854764e-01 0.00000000e+00 1.35024896e-01 2.99465947e-01
  4.22458372e-02 1.07555015e-01 3.39081823e-01]
 [0.00000000e+00 4.36754992e-02 0.00000000e+00 0.00000000e+00
  0.00000000e+00 1.01478296e-01 1.35641584e-01 0.00000000e+00
  0.00000000e+00 0.00000000e+00 0.00000000e+00 3.09642842e-03
  0.00000000e+00 0.00000000e+00 0.00000000e+00]
 [0.00000000e+00 0.00000000e+00 0.00000000e+00 0.00000000e+00
  0.00000000e+00 4.22827451e-02 0.00000000e+00 0.00000000e+00
  0.00000000e+00 0.00000000e+00 0.00000000e+00 4.95096807e-02
  0.00000000e+00 0.00000000e+00 8.54852969e-01]
 [0.00000000e+00 0.00000000e+00 0.00000000e+00 0.00000000e+00
  0.00000000e+00 7.02190380e-02 0.00000000e+00 0.00000000e+00
  0.00000000e+00 0.00000000e+00 0.00000000e+00 0.00000000e+00
  0.00000000e+00 0.00000000e+00 8.80119302e-01]
 [5.47579217e-01 5.33596688e-01 2.20511055e-01 1.04969062e-01
  4.17501698e-01 4.96567485e-01 4.20715455e-01 0.00000000e+00
  0.00000000e+00 1.30487427e-01 6.04515669e-02 6.78355032e-01
  3.80003774e-01 0.00000000e+00 1.34183560e-01]
 [0.00000000e+00 3.56384583e-02 0.00000000e+00 0.00000000e+00
  0.00000000e+00 8.95427564e-02 4.53584832e-02 0.00000000e+00
  0.00000000e+00 0.00000000e+00 0.00000000e+00 0.00000000e+00
  0.00000000e+00 0.00000000e+00 3.45470779e-01]
 [0.00000000e+00 0.00000000e+00 0.00000000e+00 0.00000000e+00
  0.00000000e+00 3.34378411e-02 0.00000000e+00 0.00000000e+00
  0.00000000e+00 0.00000000e+00 0.00000000e+00 4.27333730e-03
  0.00000000e+00 0.00000000e+00 2.85053672e-01]
 [8.52194436e-02 1.91622899e-01 0.00000000e+00 5.19462420e-02
  0.00000000e+00 8.63163806e-02 2.10296016e-01 0.00000000e+00
  0.00000000e+00 0.00000000e+00 0.00000000e+00 3.49729024e-02
  9.40648719e-02 0.00000000e+00 1.93696640e-01]
 [0.00000000e+00 0.00000000e+00 0.00000000e+00 2.23165628e-01
  4.82433252e+00 2.01272408e+00 1.33938424e-01 1.50212663e+00
  1.94232656e+00 6.31580687e-01 0.00000000e+00 1.10752720e-01
  8.78382148e-02 0.00000000e+00 4.36940277e-01]
 [0.00000000e+00 0.00000000e+00 0.00000000e+00 1.26087368e+00
  5.53650871e+00 1.86884277e+00 2.65307633e-01 1.76188085e+00
  2.91125700e+00 4.43226350e-01 0.00000000e+00 1.90117928e-01
  7.35264727e-02 0.00000000e+00 7.64328795e-01]
 [0.00000000e+00 1.50888491e-01 1.62842674e-01 8.64603842e-01
  2.87408982e+00 1.68332571e+00 1.70861867e-01 6.88177808e-01
  1.61959285e+00 5.74902693e-01 0.00000000e+00 2.81983975e-01
  1.11470706e-01 2.45130179e-02 7.35977640e-01]
 [0.00000000e+00 0.00000000e+00 0.00000000e+00 5.11839876e-01
  8.27825851e-01 3.45974189e-01 4.01031616e-01 5.34281364e-01
  0.00000000e+00 6.79952957e-02 2.24145979e-01 1.14289951e-01
  1.17238029e-01 0.00000000e+00 4.40943787e-01]
 [8.16979916e-01 5.91486446e-01 4.84021213e-01 6.30303940e-01
  6.44122239e-01 3.07098433e-01 2.16424969e-01 7.69609105e-01
  7.81276288e-01 5.73132039e-01 6.37375757e-01 3.57534985e-01
  6.05490008e-01 7.33263756e-01 3.69480404e-01]]

18
----------------------------------------------------------------------------------
[[0.00000000e+00 0.00000000e+00 0.00000000e+00 0.00000000e+00
  0.00000000e+00 1.98470099e-01 1.49374675e-01 0.00000000e+00
  9.55087768e-02 0.00000000e+00 5.94422910e-02 2.65925944e-03
  0.00000000e+00 0.00000000e+00 0.00000000e+00]
 [0.00000000e+00 0.00000000e+00 0.00000000e+00 0.00000000e+00
  0.00000000e+00 1.37377773e-01 2.25663314e-01 0.00000000e+00
  1.29034637e-01 0.00000000e+00 9.26936193e-02 1.16754343e-01
  9.62152493e-02 0.00000000e+00 9.39711099e-02]
 [2.60546634e-01 2.67809845e-01 0.00000000e+00 0.00000000e+00
  0.00000000e+00 6.57725843e-01 6.24177334e-01 9.74503037e-02
  2.43469566e-01 1.93261860e-01 4.49563342e-01 3.54306666e-01
  2.07441289e-01 8.68533184e-02 2.30204269e-01]
 [0.00000000e+00 0.00000000e+00 0.00000000e+00 0.00000000e+00
  0.00000000e+00 1.14716833e-01 6.89654254e-03 0.00000000e+00
  1.06986040e-01 0.00000000e+00 5.71747643e-02 0.00000000e+00
  0.00000000e+00 0.00000000e+00 0.00000000e+00]
 [0.00000000e+00 0.00000000e+00 1.40585905e-03 0.00000000e+00
  0.00000000e+00 2.30785230e-01 4.52098743e-02 0.00000000e+00
  1.56425690e-01 0.00000000e+00 0.00000000e+00 0.00000000e+00
  0.00000000e+00 0.00000000e+00 0.00000000e+00]
 [2.52688230e-01 3.26876728e-01 1.03132414e-01 9.57211987e-02
  0.00000000e+00 3.73033794e-01 2.41995395e-01 5.54664614e-01
  7.63862615e-02 4.30194980e-01 9.50924727e-02 0.00000000e+00
  9.32815012e-02 1.62101628e-01 1.98455235e-01]
 [0.00000000e+00 2.63346881e-02 2.13868116e-02 0.00000000e+00
  0.00000000e+00 4.51749247e-01 0.00000000e+00 2.00519404e-02
  1.28820133e-01 0.00000000e+00 0.00000000e+00 0.00000000e+00
  0.00000000e+00 0.00000000e+00 0.00000000e+00]
 [3.73673929e-01 0.00000000e+00 3.39878951e-02 0.00000000e+00
  0.00000000e+00 0.00000000e+00 7.39974879e-02 0.00000000e+00
  6.18455563e-02 0.00000000e+00 0.00000000e+00 0.00000000e+00
  0.00000000e+00 0.00000000e+00 0.00000000e+00]
 [1.26538697e+00 0.00000000e+00 4.28792057e-01 0.00000000e+00
  0.00000000e+00 5.27251102e-03 0.00000000e+00 0.00000000e+00
  8.54270958e-02 0.00000000e+00 0.00000000e+00 0.00000000e+00
  0.00000000e+00 0.00000000e+00 0.00000000e+00]
 [1.39066840e+00 1.89749921e-01 1.44085463e+00 0.00000000e+00
  0.00000000e+00 5.38042006e-01 0.00000000e+00 4.52508426e-01
  5.87413393e-01 0.00000000e+00 6.77380596e-01 0.00000000e+00
  2.89781608e-01 2.17540127e-02 6.30244494e-01]
 [2.35408781e+00 1.26314556e-01 4.63356252e-01 6.51819525e-02
  0.00000000e+00 0.00000000e+00 0.00000000e+00 0.00000000e+00
  0.00000000e+00 0.00000000e+00 0.00000000e+00 0.00000000e+00
  0.00000000e+00 0.00000000e+00 0.00000000e+00]
 [8.04684857e-01 0.00000000e+00 2.50232224e-01 0.00000000e+00
  0.00000000e+00 0.00000000e+00 0.00000000e+00 0.00000000e+00
  2.35377539e-01 0.00000000e+00 0.00000000e+00 0.00000000e+00
  0.00000000e+00 0.00000000e+00 0.00000000e+00]
 [1.15843799e+00 6.20372495e-01 1.82012730e-01 1.67220775e-01
  0.00000000e+00 2.24324295e-01 7.61819688e-02 1.82739787e-01
  0.00000000e+00 0.00000000e+00 0.00000000e+00 0.00000000e+00
  1.04410557e-01 2.73417719e-01 8.28055541e-02]
 [0.00000000e+00 0.00000000e+00 0.00000000e+00 0.00000000e+00
  0.00000000e+00 0.00000000e+00 0.00000000e+00 0.00000000e+00
  6.49123522e-02 5.89585477e-02 0.00000000e+00 0.00000000e+00
  0.00000000e+00 0.00000000e+00 0.00000000e+00]
 [0.00000000e+00 0.00000000e+00 0.00000000e+00 0.00000000e+00
  0.00000000e+00 0.00000000e+00 0.00000000e+00 0.00000000e+00
  4.55385430e-02 0.00000000e+00 0.00000000e+00 0.00000000e+00
  0.00000000e+00 0.00000000e+00 9.00890554e-02]
 [0.00000000e+00 6.04402880e-01 1.39696683e-01 0.00000000e+00
  0.00000000e+00 1.76858494e-01 0.00000000e+00 1.02576423e-01
  2.43199803e-01 2.80884502e-01 2.17191414e-01 2.94771688e-02
  0.00000000e+00 2.09290690e-01 2.85811792e-01]
 [0.00000000e+00 0.00000000e+00 0.00000000e+00 0.00000000e+00
  0.00000000e+00 0.00000000e+00 0.00000000e+00 0.00000000e+00
  0.00000000e+00 0.00000000e+00 0.00000000e+00 0.00000000e+00
  0.00000000e+00 0.00000000e+00 9.79361645e-02]
 [5.89235544e-01 5.60298723e-01 5.72690513e-01 8.49024779e-01
  1.29676751e+00 6.18838501e-01 8.31623818e-01 9.23955783e-01
  5.31871561e-01 5.07110976e-01 3.10173798e-01 4.34385598e-01
  2.88607147e-01 4.87198372e-01 2.16245771e-01]]

19
----------------------------------------------------------------------------------
[[0.00000000e+00 0.00000000e+00 0.00000000e+00 0.00000000e+00
  0.00000000e+00 0.00000000e+00 0.00000000e+00 0.00000000e+00
  0.00000000e+00 0.00000000e+00 0.00000000e+00 0.00000000e+00
  0.00000000e+00 0.00000000e+00 6.14229749e-02]
 [4.19885898e-02 0.00000000e+00 0.00000000e+00 0.00000000e+00
  0.00000000e+00 0.00000000e+00 0.00000000e+00 0.00000000e+00
  0.00000000e+00 0.00000000e+00 8.58132257e-02 2.84021080e-02
  0.00000000e+00 0.00000000e+00 7.48175040e-02]
 [5.94145977e-01 4.82184522e-01 0.00000000e+00 2.96757709e-01
  0.00000000e+00 1.53054616e-02 0.00000000e+00 0.00000000e+00
  0.00000000e+00 0.00000000e+00 1.49632043e-01 4.47770791e-01
  0.00000000e+00 3.27018508e-01 8.46380121e-02]
 [0.00000000e+00 0.00000000e+00 0.00000000e+00 0.00000000e+00
  0.00000000e+00 0.00000000e+00 0.00000000e+00 0.00000000e+00
  0.00000000e+00 0.00000000e+00 0.00000000e+00 0.00000000e+00
  0.00000000e+00 0.00000000e+00 8.07840149e-02]
 [0.00000000e+00 0.00000000e+00 0.00000000e+00 0.00000000e+00
  0.00000000e+00 0.00000000e+00 0.00000000e+00 7.61821982e-02
  0.00000000e+00 0.00000000e+00 0.00000000e+00 0.00000000e+00
  0.00000000e+00 0.00000000e+00 1.26842592e-01]
 [2.25574872e-01 2.98825310e-01 0.00000000e+00 0.00000000e+00
  2.43839131e-01 0.00000000e+00 0.00000000e+00 1.86885442e-01
  2.44122838e-01 1.11535914e-01 2.99261485e-01 4.22243768e-01
  0.00000000e+00 1.90937656e-01 2.77999180e-01]
 [2.92253416e-02 0.00000000e+00 0.00000000e+00 0.00000000e+00
  0.00000000e+00 0.00000000e+00 0.00000000e+00 0.00000000e+00
  0.00000000e+00 0.00000000e+00 0.00000000e+00 0.00000000e+00
  0.00000000e+00 0.00000000e+00 2.01429558e-01]
 [0.00000000e+00 0.00000000e+00 0.00000000e+00 0.00000000e+00
  0.00000000e+00 0.00000000e+00 0.00000000e+00 0.00000000e+00
  0.00000000e+00 0.00000000e+00 0.00000000e+00 0.00000000e+00
  0.00000000e+00 0.00000000e+00 1.38317281e-01]
 [0.00000000e+00 0.00000000e+00 0.00000000e+00 0.00000000e+00
  0.00000000e+00 0.00000000e+00 0.00000000e+00 0.00000000e+00
  0.00000000e+00 0.00000000e+00 0.00000000e+00 0.00000000e+00
  0.00000000e+00 0.00000000e+00 1.31113407e-03]
 [6.42977825e-01 0.00000000e+00 0.00000000e+00 2.81540827e-01
  1.75600429e-01 0.00000000e+00 3.19314140e-01 0.00000000e+00
  4.02935723e-01 6.82240901e-02 3.38584670e-01 4.00918043e-01
  1.67671002e-01 9.72647790e-02 3.12505514e-01]
 [1.05969725e-01 0.00000000e+00 0.00000000e+00 0.00000000e+00
  0.00000000e+00 0.00000000e+00 0.00000000e+00 0.00000000e+00
  0.00000000e+00 0.00000000e+00 5.17168770e-02 0.00000000e+00
  0.00000000e+00 0.00000000e+00 9.16104861e-03]
 [0.00000000e+00 0.00000000e+00 0.00000000e+00 0.00000000e+00
  0.00000000e+00 0.00000000e+00 0.00000000e+00 0.00000000e+00
  0.00000000e+00 0.00000000e+00 0.00000000e+00 0.00000000e+00
  0.00000000e+00 0.00000000e+00 0.00000000e+00]
 [1.81648694e-01 3.17077466e-02 0.00000000e+00 3.77082105e-01
  0.00000000e+00 0.00000000e+00 0.00000000e+00 9.10479095e-02
  1.55109370e-02 0.00000000e+00 6.20452952e-02 9.88234138e-02
  0.00000000e+00 0.00000000e+00 3.97753920e-02]
 [0.00000000e+00 4.92123180e-02 0.00000000e+00 4.58346725e+00
  2.87637597e-01 0.00000000e+00 0.00000000e+00 0.00000000e+00
  0.00000000e+00 0.00000000e+00 6.90933754e-03 4.69625868e-02
  0.00000000e+00 0.00000000e+00 6.76264382e-02]
 [2.77856986e-02 2.80754719e-01 6.43803933e-01 3.28231133e+00
  3.38377861e-01 0.00000000e+00 0.00000000e+00 1.95371895e-03
  0.00000000e+00 0.00000000e+00 9.98882044e-02 0.00000000e+00
  4.63654985e-02 0.00000000e+00 0.00000000e+00]
 [1.79555476e-01 4.43120659e-02 0.00000000e+00 9.27416112e-01
  4.17883227e-01 0.00000000e+00 0.00000000e+00 0.00000000e+00
  0.00000000e+00 1.24800584e-02 2.85065701e-01 1.73534615e-01
  7.87420396e-02 3.48971349e-02 7.74950062e-02]
 [3.36501554e-02 3.34104069e-01 3.52054648e-02 1.51707911e-01
  0.00000000e+00 0.00000000e+00 0.00000000e+00 0.00000000e+00
  0.00000000e+00 0.00000000e+00 1.58396803e-01 0.00000000e+00
  0.00000000e+00 0.00000000e+00 0.00000000e+00]
 [3.53722177e-01 5.23287565e-01 8.17443313e-01 5.10027643e-01
  7.07095832e-01 9.02970031e-01 7.01044214e-01 8.99522449e-01
  8.15597672e-01 5.82816032e-01 2.82208941e-01 3.65618323e-01
  5.38824621e-01 8.21549445e-01 5.96346700e-01]]

20
----------------------------------------------------------------------------------
[[0.00000000e+00 1.22626386e-02 5.41885104e-02 0.00000000e+00
  0.00000000e+00 2.32067381e-02 3.94573195e-02 8.86359942e-02
  0.00000000e+00 4.45461050e-01 0.00000000e+00 1.10058728e-01]
 [1.32411077e-01 4.96603059e-02 0.00000000e+00 0.00000000e+00
  1.46133880e-01 1.89341038e-01 4.65990711e-02 2.07416123e-01
  0.00000000e+00 4.49539970e-01 8.80802105e-03 0.00000000e+00]
 [6.03779098e-02 2.09989882e-01 3.60313311e-01 3.64088037e-01
  2.01105963e-01 2.25745030e-01 3.40238631e-01 3.41739230e-01
  3.59011689e-02 4.69677976e-01 6.04653097e-02 1.96298085e-01]
 [0.00000000e+00 0.00000000e+00 0.00000000e+00 0.00000000e+00
  0.00000000e+00 2.31710554e-04 0.00000000e+00 8.02220438e-02
  0.00000000e+00 3.82074933e-01 0.00000000e+00 0.00000000e+00]
 [0.00000000e+00 0.00000000e+00 5.92614654e-02 0.00000000e+00
  0.00000000e+00 0.00000000e+00 0.00000000e+00 1.13222960e-01
  0.00000000e+00 5.69253962e-01 0.00000000e+00 3.42183957e-02]
 [4.61062976e-02 3.80434379e-01 2.28460993e-01 1.30352408e-01
  3.53446421e-01 1.59790739e-01 3.86131448e-01 3.97497852e-01
  1.49873987e-01 5.77471143e-01 9.44115068e-02 2.78664712e-01]
 [0.00000000e+00 1.00004086e-01 6.93492241e-02 0.00000000e+00
  1.72425456e-02 0.00000000e+00 0.00000000e+00 3.57459885e-01
  0.00000000e+00 5.57280595e-01 0.00000000e+00 2.92583295e-02]
 [0.00000000e+00 0.00000000e+00 0.00000000e+00 0.00000000e+00
  3.74131128e-02 4.72950660e-02 2.24033367e-02 2.91376026e-02
  0.00000000e+00 3.41262865e-01 0.00000000e+00 0.00000000e+00]
 [0.00000000e+00 0.00000000e+00 0.00000000e+00 0.00000000e+00
  0.00000000e+00 3.90804263e-03 0.00000000e+00 7.03831930e-02
  0.00000000e+00 2.88949012e-01 0.00000000e+00 0.00000000e+00]
 [2.60471597e-01 1.87551829e-01 1.81240993e-01 2.06516006e-01
  5.59208615e-01 1.67822068e-01 5.94223951e-01 3.48452635e-01
  0.00000000e+00 3.07053029e-01 2.82112859e-01 0.00000000e+00]
 [3.52823897e-02 1.30159135e-01 5.01844971e-01 0.00000000e+00
  1.74675550e-01 0.00000000e+00 4.12499285e-02 5.08306723e-02
  0.00000000e+00 3.82236440e-01 0.00000000e+00 0.00000000e+00]
 [0.00000000e+00 0.00000000e+00 0.00000000e+00 0.00000000e+00
  5.77677842e-02 1.15509181e-02 0.00000000e+00 4.48710926e-02
  0.00000000e+00 2.18762746e-01 0.00000000e+00 0.00000000e+00]
 [0.00000000e+00 1.09258939e-01 3.71142452e-01 0.00000000e+00
  2.05979646e-01 1.71407291e-01 0.00000000e+00 7.40431555e-02
  0.00000000e+00 3.92833539e-01 3.01662801e-02 3.94564338e-02]
 [0.00000000e+00 0.00000000e+00 2.04941261e-02 0.00000000e+00
  8.93753314e-02 3.29551557e-02 0.00000000e+00 1.19171882e-03
  0.00000000e+00 2.80750179e-01 0.00000000e+00 0.00000000e+00]
 [0.00000000e+00 0.00000000e+00 0.00000000e+00 0.00000000e+00
  1.11392403e-01 0.00000000e+00 5.36353631e-02 6.25344757e-02
  0.00000000e+00 1.87583992e-01 0.00000000e+00 0.00000000e+00]
 [0.00000000e+00 7.88288166e-02 1.46371062e-01 0.00000000e+00
  8.87971022e-02 6.66463497e-02 1.81949100e-01 2.94915072e-01
  0.00000000e+00 1.99901761e-01 0.00000000e+00 2.24039465e-01]
 [0.00000000e+00 0.00000000e+00 0.00000000e+00 0.00000000e+00
  2.07127679e-01 9.27147762e-02 0.00000000e+00 4.51120961e-03
  0.00000000e+00 2.50414902e-01 0.00000000e+00 0.00000000e+00]
 [4.39945074e-01 5.25778521e-01 5.26235676e-01 4.33408752e-01
  1.60196778e-01 2.21169510e-01 3.11369301e-01 2.48950536e-01
  9.71227077e-01 4.51020869e-01 4.17642579e-01 5.66389548e-01]]