

1
----------------------------------------------------------------------------------
[[0.01438067 0.         0.         0.         0.         0.
  0.         0.         0.         0.16014624 0.         0.
  0.         0.         0.        ]
 [0.         0.         0.11744237 0.         0.         0.
  0.         0.         0.         0.15042235 0.10828198 0.
  0.22077997 0.01028597 0.        ]
 [0.         0.         0.11181184 0.         0.         0.10047529
  0.         0.         0.         0.08778716 0.06010128 0.
  0.36743599 0.11736293 0.        ]
 [0.02510236 0.         0.0031951  0.         0.         0.
  0.         0.         0.         0.16483168 0.         0.
  0.         0.00551702 0.        ]
 [0.         0.         0.         0.         0.         0.02125509
  0.         0.         0.         0.08433096 0.         0.
  0.         0.         0.        ]
 [0.02226847 0.         0.         0.         0.08141011 0.
  0.         0.         0.         0.63336601 0.13135654 0.
  0.2329582  0.06995092 0.01335111]
 [0.         0.         0.         0.         0.         0.00293319
  0.         0.         0.         0.10914888 0.         0.
  0.         0.         0.        ]
 [0.00562783 0.         0.         0.         0.         0.
  0.         0.         0.         0.21020435 0.         0.
  0.         0.02220347 0.        ]
 [0.         0.         0.         0.         0.         0.
  0.         0.         0.         0.12181822 0.         0.
  0.         0.         0.        ]
 [0.41607149 0.24211981 0.08094935 0.         0.26241334 0.10891963
  0.         0.17297232 0.         0.22248931 0.         0.26777298
  0.18753519 0.19979524 0.06426292]
 [0.         0.         0.         0.         0.         0.10129027
  0.         0.         0.         0.17718827 0.         0.
  0.         0.         0.        ]
 [0.         0.         0.         0.         0.         0.
  0.         0.         0.         0.         0.         0.
  0.         0.00227512 0.        ]
 [0.         0.         0.         0.         0.         0.21023255
  0.         0.         0.         0.14887871 0.         0.
  0.03386115 0.         0.00995845]
 [0.20383457 0.         0.         0.06807181 0.53158397 0.66516078
  0.         0.10653975 0.         0.         0.         0.
  0.         0.16315147 0.        ]
 [0.09968829 0.         0.27131701 0.29410566 0.95560036 0.80326212
  0.22740129 0.3874889  0.         0.12661859 0.13669526 0.
  0.         0.22489675 0.0446032 ]
 [0.16318695 0.22785604 0.03208439 0.10102089 0.61728976 0.52273112
  0.0833776  0.73107266 0.         0.43295228 0.30121716 0.
  0.26078022 0.28705795 0.12915124]
 [0.         0.         0.22662915 0.39059231 1.0401863  0.67699908
  0.19538979 0.1945988  0.00384279 0.08832167 0.         0.
  0.         0.1556188  0.        ]
 [0.46588447 0.79630292 0.7750983  1.03554434 0.79915468 0.90303079
  1.08647976 1.01209861 1.14761474 0.60121052 0.63366473 0.61129899
  0.44042303 0.25327839 0.58314268]]

2
----------------------------------------------------------------------------------
[[0.00000000e+00 2.45876809e-01 0.00000000e+00 2.92382842e-02
  0.00000000e+00 2.07709749e-01 3.08748194e-02 8.12866883e-02
  2.98296734e-01 2.23297722e-01 0.00000000e+00 2.50197013e-01
  1.92799777e-01 6.75263025e-02 3.55606489e-02]
 [0.00000000e+00 2.12589026e-01 0.00000000e+00 0.00000000e+00
  0.00000000e+00 2.12107883e-01 4.07156460e-02 1.02134076e-01
  2.07943985e-01 0.00000000e+00 2.26517231e-01 2.48716699e-01
  1.95670442e-01 1.72057313e-01 5.69460860e-02]
 [4.79084829e-02 2.29367042e-01 1.11710742e-01 0.00000000e+00
  7.12217895e-02 2.55011042e-01 0.00000000e+00 8.46767862e-02
  1.81732871e-01 7.58808587e-02 1.18934552e-01 3.65237872e-01
  3.43853914e-01 9.60732255e-02 3.65059269e-01]
 [0.00000000e+00 1.53882127e-01 1.11929589e-02 0.00000000e+00
  8.26174614e-02 5.30636646e-02 1.17244522e-01 2.79629958e-02
  2.86607088e-01 0.00000000e+00 1.35611465e-01 1.02341537e-01
  1.69115514e-01 0.00000000e+00 0.00000000e+00]
 [0.00000000e+00 5.99879791e-02 6.29430993e-02 1.89870087e-02
  1.10865932e-01 9.24090427e-02 8.37391055e-02 5.27621311e-02
  2.28491962e-01 5.73289910e-02 2.94466258e-03 9.62136502e-02
  1.89306956e-01 0.00000000e+00 0.00000000e+00]
 [5.52770540e-02 8.00013365e-01 2.34455228e-01 0.00000000e+00
  2.14485289e-01 1.31370265e-01 2.60743037e-01 3.59322157e-02
  4.30959528e-01 1.69313954e-01 9.16763701e-02 5.22255667e-01
  2.56154659e-01 2.25955573e-01 9.56841155e-02]
 [0.00000000e+00 9.11797830e-02 5.76309900e-02 0.00000000e+00
  0.00000000e+00 5.82796166e-02 1.65400523e-01 0.00000000e+00
  2.75811196e-01 0.00000000e+00 8.05741833e-02 2.11068294e-01
  1.29589550e-01 3.40765623e-02 0.00000000e+00]
 [0.00000000e+00 2.27673264e-01 2.68392387e-02 0.00000000e+00
  0.00000000e+00 1.79939064e-01 1.21963969e-01 2.05213067e-01
  2.00151136e-01 1.60265219e-01 7.94229146e-02 2.61832673e-01
  1.45480260e-01 0.00000000e+00 1.47468597e-01]
 [0.00000000e+00 7.05147652e-02 4.86179004e-02 0.00000000e+00
  0.00000000e+00 1.15154520e-01 3.67765506e-02 7.66338074e-02
  2.10419150e-01 7.94113935e-02 6.55020426e-02 1.62399639e-01
  1.03992249e-01 0.00000000e+00 2.16986929e-02]
 [0.00000000e+00 5.52353594e-01 4.91414446e-01 5.01000656e-01
  0.00000000e+00 3.54679506e-01 2.09533320e-01 1.62939888e-01
  5.83179455e-01 5.69184334e-01 4.80309222e-01 6.76728957e-01
  8.62255416e-01 2.94423921e-01 1.11020155e+00]
 [0.00000000e+00 5.71923351e-02 0.00000000e+00 0.00000000e+00
  7.78360771e-03 0.00000000e+00 0.00000000e+00 0.00000000e+00
  2.47654296e-01 3.30907680e-02 5.05369742e-02 1.17132072e-01
  5.07212625e-02 1.87381970e-02 7.70246855e-02]
 [0.00000000e+00 5.14004278e-02 2.57266954e-01 0.00000000e+00
  7.31955646e-02 0.00000000e+00 1.55461573e-01 0.00000000e+00
  2.09180026e-01 1.16699495e-01 1.89022266e-03 1.76633764e-01
  7.66541719e-02 0.00000000e+00 1.38054032e-01]
 [0.00000000e+00 6.79309596e-02 2.90528520e-03 1.70013097e-01
  0.00000000e+00 0.00000000e+00 0.00000000e+00 0.00000000e+00
  2.76712408e-01 4.66372543e-02 1.91132263e-01 1.31770818e-01
  1.77667884e-01 2.52020100e-04 1.63845736e-01]
 [0.00000000e+00 8.94846064e-02 0.00000000e+00 5.34969470e-05
  0.00000000e+00 0.00000000e+00 0.00000000e+00 2.64235160e-02
  1.29497605e-01 0.00000000e+00 3.17068161e-03 2.17801138e-02
  0.00000000e+00 0.00000000e+00 0.00000000e+00]
 [0.00000000e+00 0.00000000e+00 0.00000000e+00 0.00000000e+00
  0.00000000e+00 0.00000000e+00 0.00000000e+00 0.00000000e+00
  6.56927949e-02 0.00000000e+00 0.00000000e+00 7.54434237e-02
  0.00000000e+00 0.00000000e+00 0.00000000e+00]
 [0.00000000e+00 2.36373693e-01 4.97534560e-02 1.81924382e-01
  0.00000000e+00 0.00000000e+00 0.00000000e+00 0.00000000e+00
  5.35913377e-02 0.00000000e+00 1.35203825e-01 1.45170358e-01
  4.15022492e-02 1.46048350e-01 6.59093295e-01]
 [0.00000000e+00 0.00000000e+00 0.00000000e+00 0.00000000e+00
  8.87688238e-02 0.00000000e+00 0.00000000e+00 0.00000000e+00
  2.29585649e-01 0.00000000e+00 2.41869647e-02 0.00000000e+00
  2.80476410e-02 0.00000000e+00 0.00000000e+00]
 [6.98251950e-01 2.32930395e-01 5.27500089e-01 9.20001278e-01
  1.16510820e+00 7.63257345e-01 1.11716602e+00 1.31114638e+00
  8.83991263e-01 7.23380276e-01 5.01658308e-01 4.01438667e-01
  3.22432907e-01 5.66872907e-01 2.11874902e-01]]

3
----------------------------------------------------------------------------------
[[0.00000000e+00 0.00000000e+00 0.00000000e+00 0.00000000e+00
  0.00000000e+00 0.00000000e+00 1.83253635e-01 0.00000000e+00
  0.00000000e+00 0.00000000e+00 0.00000000e+00 0.00000000e+00
  1.54387676e-02 3.00209147e-01 0.00000000e+00]
 [0.00000000e+00 1.09379000e-01 5.28877381e-03 0.00000000e+00
  0.00000000e+00 1.31947136e-01 1.38100378e-01 0.00000000e+00
  0.00000000e+00 0.00000000e+00 0.00000000e+00 0.00000000e+00
  2.50204967e-01 3.81914944e-01 0.00000000e+00]
 [0.00000000e+00 0.00000000e+00 1.18605644e-01 0.00000000e+00
  3.43080403e-01 0.00000000e+00 1.80475708e-01 0.00000000e+00
  0.00000000e+00 0.00000000e+00 0.00000000e+00 0.00000000e+00
  1.64773441e-02 4.50685432e-01 0.00000000e+00]
 [0.00000000e+00 1.36654895e-02 0.00000000e+00 0.00000000e+00
  0.00000000e+00 0.00000000e+00 1.30550308e-01 0.00000000e+00
  0.00000000e+00 0.00000000e+00 0.00000000e+00 0.00000000e+00
  0.00000000e+00 3.30986686e-01 0.00000000e+00]
 [0.00000000e+00 9.21527796e-02 1.54618847e-02 1.65899648e-02
  1.71320102e-02 0.00000000e+00 2.17837583e-01 0.00000000e+00
  0.00000000e+00 0.00000000e+00 0.00000000e+00 0.00000000e+00
  0.00000000e+00 2.43597571e-01 0.00000000e+00]
 [0.00000000e+00 1.17026759e-01 1.27648560e-01 0.00000000e+00
  0.00000000e+00 4.92598195e-02 2.50230047e-01 0.00000000e+00
  0.00000000e+00 0.00000000e+00 2.19333097e-01 0.00000000e+00
  1.78576890e-01 4.52628473e-01 0.00000000e+00]
 [0.00000000e+00 4.17259721e-02 9.33448107e-02 0.00000000e+00
  8.45024842e-02 0.00000000e+00 1.90984829e-01 0.00000000e+00
  0.00000000e+00 0.00000000e+00 0.00000000e+00 0.00000000e+00
  6.55010587e-02 3.51946202e-01 0.00000000e+00]
 [0.00000000e+00 1.84190199e-03 0.00000000e+00 0.00000000e+00
  0.00000000e+00 0.00000000e+00 2.25021492e-02 0.00000000e+00
  0.00000000e+00 0.00000000e+00 0.00000000e+00 0.00000000e+00
  0.00000000e+00 2.73239294e-01 0.00000000e+00]
 [0.00000000e+00 7.76022517e-02 0.00000000e+00 0.00000000e+00
  0.00000000e+00 0.00000000e+00 1.06453564e-01 0.00000000e+00
  0.00000000e+00 0.00000000e+00 0.00000000e+00 0.00000000e+00
  0.00000000e+00 1.74537773e-01 0.00000000e+00]
 [1.78906276e-02 0.00000000e+00 2.15056767e-01 0.00000000e+00
  0.00000000e+00 0.00000000e+00 0.00000000e+00 0.00000000e+00
  3.02856596e-01 0.00000000e+00 0.00000000e+00 0.00000000e+00
  2.41793696e-01 1.11947997e+00 1.48612548e-01]
 [0.00000000e+00 0.00000000e+00 0.00000000e+00 0.00000000e+00
  0.00000000e+00 6.85437669e-02 1.24889981e-01 0.00000000e+00
  0.00000000e+00 0.00000000e+00 0.00000000e+00 0.00000000e+00
  0.00000000e+00 4.39263626e-01 0.00000000e+00]
 [0.00000000e+00 1.09976538e-01 0.00000000e+00 0.00000000e+00
  0.00000000e+00 0.00000000e+00 1.24125912e-01 0.00000000e+00
  0.00000000e+00 0.00000000e+00 0.00000000e+00 0.00000000e+00
  0.00000000e+00 3.17757157e-01 0.00000000e+00]
 [0.00000000e+00 5.59373733e-02 2.80430597e-03 0.00000000e+00
  3.68343357e-02 0.00000000e+00 0.00000000e+00 0.00000000e+00
  0.00000000e+00 0.00000000e+00 0.00000000e+00 0.00000000e+00
  2.07039171e-01 3.55329975e-01 0.00000000e+00]
 [1.96654958e-02 0.00000000e+00 0.00000000e+00 0.00000000e+00
  8.16319277e-02 0.00000000e+00 0.00000000e+00 0.00000000e+00
  0.00000000e+00 0.00000000e+00 0.00000000e+00 0.00000000e+00
  1.95226378e-01 1.79465244e+00 4.44583723e+00]
 [0.00000000e+00 3.28700235e-02 0.00000000e+00 0.00000000e+00
  0.00000000e+00 0.00000000e+00 1.01240874e-03 0.00000000e+00
  0.00000000e+00 0.00000000e+00 0.00000000e+00 0.00000000e+00
  4.18039243e-01 2.44499267e+00 4.96848671e+00]
 [0.00000000e+00 0.00000000e+00 1.94999057e-01 0.00000000e+00
  3.45357910e-01 3.04238166e-01 2.32823800e-01 0.00000000e+00
  0.00000000e+00 0.00000000e+00 0.00000000e+00 0.00000000e+00
  1.40940973e-01 2.07984582e+00 2.04949629e+00]
 [0.00000000e+00 3.47641829e-02 0.00000000e+00 0.00000000e+00
  0.00000000e+00 0.00000000e+00 0.00000000e+00 0.00000000e+00
  0.00000000e+00 0.00000000e+00 0.00000000e+00 0.00000000e+00
  2.80018132e-01 1.97527346e+00 1.24481704e+00]
 [7.23540826e-01 8.53046925e-01 1.37534643e+00 1.41934129e+00
  1.42755469e+00 1.57163142e+00 1.38789204e+00 1.88428296e+00
  1.84459919e+00 2.05666977e+00 2.10531840e+00 1.86957572e+00
  1.16913849e+00 4.17121666e-01 8.24311106e-01]]

4
----------------------------------------------------------------------------------
[[0.00000000e+00 0.00000000e+00 2.84774561e-01 1.71926262e-01
  0.00000000e+00 1.39236720e-01 0.00000000e+00 0.00000000e+00
  0.00000000e+00 0.00000000e+00 0.00000000e+00 0.00000000e+00
  0.00000000e+00 0.00000000e+00 1.06194166e-01]
 [0.00000000e+00 0.00000000e+00 0.00000000e+00 0.00000000e+00
  0.00000000e+00 4.35488595e-02 0.00000000e+00 0.00000000e+00
  0.00000000e+00 0.00000000e+00 3.50074727e-02 0.00000000e+00
  2.57475654e-02 1.18749863e-01 1.90684690e-02]
 [0.00000000e+00 0.00000000e+00 1.36904417e-01 1.23016988e-01
  4.23950279e-03 4.93043829e-02 0.00000000e+00 0.00000000e+00
  0.00000000e+00 0.00000000e+00 0.00000000e+00 0.00000000e+00
  2.10121942e-01 1.32234968e-01 0.00000000e+00]
 [0.00000000e+00 0.00000000e+00 2.12305409e-01 1.66574215e-01
  3.99263071e-02 1.05839164e-01 0.00000000e+00 0.00000000e+00
  0.00000000e+00 0.00000000e+00 0.00000000e+00 0.00000000e+00
  0.00000000e+00 0.00000000e+00 1.00334592e-01]
 [0.00000000e+00 0.00000000e+00 1.77546241e-01 2.11208991e-01
  3.59644077e-02 1.37022178e-01 0.00000000e+00 0.00000000e+00
  0.00000000e+00 0.00000000e+00 0.00000000e+00 0.00000000e+00
  0.00000000e+00 2.99398641e-02 4.71178409e-02]
 [0.00000000e+00 0.00000000e+00 2.09046584e-01 2.13234791e-01
  0.00000000e+00 4.33184761e-01 0.00000000e+00 0.00000000e+00
  0.00000000e+00 6.01405966e-02 0.00000000e+00 3.96141217e-01
  3.23759436e-01 4.37736811e-01 1.34005055e-01]
 [0.00000000e+00 0.00000000e+00 7.07698049e-02 1.97199186e-01
  0.00000000e+00 1.76265209e-01 0.00000000e+00 0.00000000e+00
  0.00000000e+00 0.00000000e+00 9.94555285e-04 0.00000000e+00
  0.00000000e+00 0.00000000e+00 5.39888838e-02]
 [0.00000000e+00 0.00000000e+00 2.07451621e-01 1.84384463e-01
  0.00000000e+00 1.75423905e+00 2.20384637e+00 5.89779791e-01
  9.42021176e-01 1.28922480e-01 0.00000000e+00 0.00000000e+00
  1.75966914e-01 9.27885638e-02 3.83881506e-02]
 [0.00000000e+00 0.00000000e+00 1.81445241e-01 2.34397672e-01
  0.00000000e+00 2.76894968e+00 3.97566102e+00 5.49011441e-01
  4.47511973e-01 1.58832077e-01 0.00000000e+00 0.00000000e+00
  2.54907537e-01 1.92433640e-02 0.00000000e+00]
 [1.51606372e-01 5.92178646e-02 1.05519175e-01 3.43184640e-01
  0.00000000e+00 2.38611548e-01 8.78419688e-01 7.02588016e-01
  4.68466496e-01 4.85102230e-01 1.83182551e-01 5.46649859e-01
  6.09740103e-01 6.76703912e-01 4.45257634e-01]
 [0.00000000e+00 0.00000000e+00 2.68197090e-02 1.99299415e-01
  0.00000000e+00 1.72729444e+00 4.08064039e+00 7.98718518e-01
  0.00000000e+00 0.00000000e+00 0.00000000e+00 0.00000000e+00
  2.87068096e-01 0.00000000e+00 6.27778254e-02]
 [0.00000000e+00 0.00000000e+00 2.55050457e-01 1.55810317e-01
  0.00000000e+00 6.93834778e-01 1.47662980e+00 4.82320945e-01
  5.18297380e-01 1.39945920e-01 0.00000000e+00 0.00000000e+00
  0.00000000e+00 0.00000000e+00 2.54694750e-02]
 [0.00000000e+00 0.00000000e+00 6.16096117e-02 1.12668153e-01
  0.00000000e+00 7.60379264e-01 4.43607156e+00 6.71264453e-01
  0.00000000e+00 2.90237012e+00 0.00000000e+00 0.00000000e+00
  1.75059066e-01 0.00000000e+00 0.00000000e+00]
 [2.26451374e-02 0.00000000e+00 0.00000000e+00 6.99866279e-02
  0.00000000e+00 0.00000000e+00 0.00000000e+00 0.00000000e+00
  0.00000000e+00 0.00000000e+00 0.00000000e+00 0.00000000e+00
  0.00000000e+00 0.00000000e+00 0.00000000e+00]
 [6.25242398e-01 4.55293179e-02 0.00000000e+00 0.00000000e+00
  0.00000000e+00 0.00000000e+00 0.00000000e+00 0.00000000e+00
  0.00000000e+00 0.00000000e+00 0.00000000e+00 0.00000000e+00
  4.34052389e-02 0.00000000e+00 0.00000000e+00]
 [1.38340541e-01 1.44592959e-02 1.32299071e-01 0.00000000e+00
  0.00000000e+00 0.00000000e+00 0.00000000e+00 0.00000000e+00
  0.00000000e+00 0.00000000e+00 0.00000000e+00 0.00000000e+00
  2.08331301e-01 0.00000000e+00 0.00000000e+00]
 [3.76932924e-01 7.46473856e-02 0.00000000e+00 2.95793487e-02
  0.00000000e+00 0.00000000e+00 0.00000000e+00 0.00000000e+00
  0.00000000e+00 0.00000000e+00 0.00000000e+00 0.00000000e+00
  0.00000000e+00 0.00000000e+00 0.00000000e+00]
 [9.58551832e-01 9.35604286e-01 8.99785173e-01 1.31240037e+00
  1.64391344e+00 1.56353701e+00 1.88389773e+00 1.31344709e+00
  6.99111254e-01 9.59643428e-01 8.62815379e-01 7.77104944e-01
  3.12437285e-01 5.23675146e-01 4.60818494e-01]]

5
----------------------------------------------------------------------------------
[[0.         0.02321821 0.         0.         0.         0.
  0.         0.         0.         0.         0.03373103 0.
  0.         0.         0.        ]
 [0.04614412 0.12740648 0.12855282 0.         0.         0.
  0.         0.         0.09809757 0.08008139 0.1692368  0.
  0.         0.         0.        ]
 [0.15061115 0.16524466 0.11386508 0.         0.         0.
  0.         0.         0.22154115 0.17512689 0.20740242 0.
  0.17167366 0.13373653 0.        ]
 [0.         0.01951295 0.         0.         0.         0.
  0.         0.         0.         0.         0.01529413 0.
  0.         0.         0.        ]
 [0.         0.07087464 0.02388833 0.         0.         0.
  0.         0.         0.05156235 0.0408198  0.09575714 0.
  0.         0.         0.        ]
 [0.25125959 0.23335048 0.23224961 0.10089278 0.         0.01298914
  0.         0.         0.18928033 0.30974365 0.09811951 0.08022752
  0.01935358 0.50460249 0.        ]
 [0.         0.00843617 0.0929879  0.00846392 0.02350791 0.
  0.         0.         0.02952914 0.10259007 0.18077699 0.
  0.         0.         0.        ]
 [0.         0.         0.         0.         0.         0.
  0.         0.         0.         0.         0.         0.
  0.         0.         0.        ]
 [0.         0.         0.         0.         0.         0.
  0.         0.         0.         0.         0.         0.
  0.         0.         0.        ]
 [0.77734122 0.3428081  0.0126774  0.55077374 0.7274283  0.06602719
  0.17804534 0.         0.29944355 0.         0.         0.
  0.25808811 0.20803762 0.        ]
 [0.         0.04897317 0.         0.         0.         0.
  0.         0.         0.06544972 0.         0.17972313 0.05487689
  0.         0.         0.        ]
 [0.         0.         0.         0.         0.         0.
  0.         0.         0.         0.         0.02994245 0.
  0.         0.         0.        ]
 [0.         0.0030882  0.         0.         0.         0.10064064
  0.         0.         0.04586998 0.05406841 0.23500174 0.06408631
  0.         0.         0.        ]
 [0.         0.0890408  0.02820899 0.         0.         0.
  0.         0.         0.0164011  0.00154014 0.14347866 0.
  0.         0.02295487 0.23440369]
 [0.         0.00833598 0.         0.         0.         0.
  0.         0.         0.4602483  0.16887506 0.40682066 0.0144286
  0.         0.48112113 0.99814725]
 [0.01535274 0.31769186 0.         0.         0.1098383  0.
  0.41142284 0.09404932 0.64597223 0.61428981 0.49797509 0.21893788
  0.5549417  0.76325407 0.50249299]
 [0.         0.10709187 0.00726395 0.         0.         0.
  0.         0.03526494 0.27387014 0.         0.17244067 0.
  0.         0.         0.54705691]
 [0.35265078 0.19196231 0.57807667 0.65266981 0.43853792 0.7877453
  0.49985825 0.57283158 0.5665086  0.71209622 0.55544019 0.58376865
  0.63853365 0.78765256 1.17353293]]

6
----------------------------------------------------------------------------------
[[0.00000000e+00 3.29514740e-01 3.04455446e-01 7.93067520e-01
  3.12023381e-01 4.85092234e-01 2.47200205e-01 1.04369573e-01
  0.00000000e+00 0.00000000e+00 1.64891893e-01 1.67330241e-01
  3.60798510e-02 0.00000000e+00 0.00000000e+00]
 [0.00000000e+00 4.00676990e-01 1.55726103e-02 7.48666050e-01
  5.54963808e-01 4.87491329e-01 3.92955916e-01 0.00000000e+00
  6.67505006e-02 8.52775881e-02 1.39782270e-01 0.00000000e+00
  0.00000000e+00 0.00000000e+00 0.00000000e+00]
 [0.00000000e+00 1.72616693e-01 2.99568962e-01 7.99778848e-01
  4.14601151e-01 6.54720799e-01 3.82398703e-01 1.84689044e-01
  1.76333021e-01 2.23012996e-01 2.42388916e-01 0.00000000e+00
  3.54400759e-01 4.07911044e-02 1.87281122e-02]
 [0.00000000e+00 2.45460772e-01 1.78023392e-01 5.38289175e-01
  2.24781583e-01 3.78777604e-01 2.89212362e-01 0.00000000e+00
  0.00000000e+00 0.00000000e+00 1.49962053e-01 8.45712003e-02
  0.00000000e+00 0.00000000e+00 0.00000000e+00]
 [0.00000000e+00 2.43809972e-01 1.85685995e-01 5.99934287e-01
  3.12115007e-01 3.98395107e-01 2.31588255e-01 0.00000000e+00
  0.00000000e+00 0.00000000e+00 1.80142285e-01 1.80477969e-02
  0.00000000e+00 0.00000000e+00 0.00000000e+00]
 [0.00000000e+00 2.25808681e-01 0.00000000e+00 5.40369819e-01
  4.22427819e-01 2.58467952e-01 4.48039786e-01 2.36134349e-02
  3.81912997e-01 2.38155734e-01 2.89763613e-01 8.53336496e-02
  3.77757026e-03 3.63049403e-01 2.42333085e-01]
 [1.18427626e-02 3.11683281e-01 1.87833518e-01 5.98025615e-01
  3.40882614e-01 4.25033897e-01 2.30271628e-01 0.00000000e+00
  2.92709840e-02 0.00000000e+00 1.13211770e-01 0.00000000e+00
  0.00000000e+00 0.00000000e+00 0.00000000e+00]
 [0.00000000e+00 2.05644813e-01 4.29857513e-02 4.30723741e-01
  0.00000000e+00 3.39759758e-01 1.62007044e-01 0.00000000e+00
  0.00000000e+00 0.00000000e+00 2.05175767e+00 3.04523798e+00
  2.10377627e-01 1.13137087e+00 4.58178137e-01]
 [0.00000000e+00 9.43879440e-02 0.00000000e+00 3.61866342e-01
  4.31909871e-02 2.34762417e-01 5.89514867e-02 0.00000000e+00
  0.00000000e+00 0.00000000e+00 2.29800052e+00 4.34985110e+00
  1.82225629e-01 6.37460606e-01 4.79169389e-01]
 [3.49379829e-02 1.46978203e-01 5.31281636e-01 6.89922688e-01
  2.88501684e-01 3.60439405e-02 3.10735930e-01 6.05481462e-01
  4.04101631e-01 6.94527214e-01 7.83126855e-01 1.76068580e+00
  2.14637997e-01 8.43335158e-01 1.12155144e+00]
 [0.00000000e+00 5.34617371e-02 0.00000000e+00 2.00802917e-01
  1.39478232e-01 3.22102794e-01 1.41098687e-01 0.00000000e+00
  0.00000000e+00 0.00000000e+00 1.04753837e+00 4.38627605e+00
  3.32017624e-01 4.54733452e-01 6.45478917e-01]
 [0.00000000e+00 0.00000000e+00 1.50852463e-02 2.29949304e-01
  0.00000000e+00 2.31841041e-01 4.93141292e-02 0.00000000e+00
  0.00000000e+00 0.00000000e+00 6.00543732e-01 2.38280931e+00
  1.94724717e-01 4.21250081e-01 3.07152091e-01]
 [0.00000000e+00 0.00000000e+00 0.00000000e+00 2.84410288e-01
  0.00000000e+00 2.28215962e-01 1.03970438e-01 0.00000000e+00
  0.00000000e+00 0.00000000e+00 2.02953425e+00 6.26650996e+00
  3.26623089e-01 3.62869219e-01 6.47617629e-01]
 [0.00000000e+00 0.00000000e+00 0.00000000e+00 0.00000000e+00
  0.00000000e+00 0.00000000e+00 1.69228641e-02 0.00000000e+00
  5.22211351e-01 5.58529978e-01 1.93358987e-01 0.00000000e+00
  0.00000000e+00 2.09365173e-01 2.39413458e-01]
 [1.30788647e-01 0.00000000e+00 4.48095012e-02 4.27356131e-01
  0.00000000e+00 0.00000000e+00 5.66183967e-01 4.50167530e-01
  2.20729196e+00 2.44503076e+00 4.56336070e-01 0.00000000e+00
  0.00000000e+00 4.54559485e-01 6.78224338e-01]
 [0.00000000e+00 0.00000000e+00 0.00000000e+00 3.99364023e-01
  0.00000000e+00 0.00000000e+00 4.37172228e-02 4.00477083e-01
  1.14043663e+00 1.05354657e+00 4.49255921e-01 0.00000000e+00
  4.29026793e-02 8.17195786e-01 6.42858686e-01]
 [0.00000000e+00 0.00000000e+00 2.19008092e-01 1.66617901e-01
  0.00000000e+00 0.00000000e+00 1.77508797e-01 4.03744491e-01
  1.55032044e+00 1.44322802e+00 1.88562461e-01 0.00000000e+00
  0.00000000e+00 3.22809357e-01 6.97051242e-01]
 [1.70139367e+00 1.43993056e+00 1.80988488e+00 9.61919147e-01
  1.15055984e+00 8.13801240e-01 6.75481877e-01 5.53732303e-01
  2.77663487e-01 3.58574217e-01 4.28474534e-01 7.86828253e-01
  4.87984439e-01 3.97843599e-01 4.96633020e-01]]

7
----------------------------------------------------------------------------------
[[0.00000000e+00 0.00000000e+00 0.00000000e+00 0.00000000e+00
  8.40232312e-02 0.00000000e+00 0.00000000e+00 0.00000000e+00
  0.00000000e+00 0.00000000e+00 0.00000000e+00 0.00000000e+00
  0.00000000e+00 0.00000000e+00 0.00000000e+00]
 [1.00843371e-01 0.00000000e+00 0.00000000e+00 0.00000000e+00
  1.78817089e-01 0.00000000e+00 0.00000000e+00 0.00000000e+00
  0.00000000e+00 0.00000000e+00 0.00000000e+00 0.00000000e+00
  0.00000000e+00 0.00000000e+00 0.00000000e+00]
 [1.31341594e-01 0.00000000e+00 1.69001010e-01 0.00000000e+00
  2.33508937e-01 0.00000000e+00 0.00000000e+00 0.00000000e+00
  0.00000000e+00 0.00000000e+00 0.00000000e+00 0.00000000e+00
  0.00000000e+00 0.00000000e+00 0.00000000e+00]
 [0.00000000e+00 0.00000000e+00 0.00000000e+00 0.00000000e+00
  0.00000000e+00 0.00000000e+00 0.00000000e+00 0.00000000e+00
  0.00000000e+00 0.00000000e+00 0.00000000e+00 0.00000000e+00
  0.00000000e+00 0.00000000e+00 0.00000000e+00]
 [2.12516673e-02 0.00000000e+00 0.00000000e+00 0.00000000e+00
  0.00000000e+00 0.00000000e+00 0.00000000e+00 0.00000000e+00
  0.00000000e+00 0.00000000e+00 0.00000000e+00 0.00000000e+00
  0.00000000e+00 0.00000000e+00 0.00000000e+00]
 [8.95415016e-02 0.00000000e+00 4.56338779e-01 0.00000000e+00
  5.69072358e-01 7.01673188e-03 0.00000000e+00 0.00000000e+00
  0.00000000e+00 0.00000000e+00 0.00000000e+00 0.00000000e+00
  0.00000000e+00 0.00000000e+00 0.00000000e+00]
 [1.49484890e-01 0.00000000e+00 8.85152120e-02 2.14275996e-02
  4.52752667e-02 0.00000000e+00 0.00000000e+00 0.00000000e+00
  0.00000000e+00 0.00000000e+00 0.00000000e+00 0.00000000e+00
  0.00000000e+00 0.00000000e+00 0.00000000e+00]
 [0.00000000e+00 0.00000000e+00 0.00000000e+00 0.00000000e+00
  7.90797057e-02 0.00000000e+00 0.00000000e+00 0.00000000e+00
  0.00000000e+00 0.00000000e+00 0.00000000e+00 0.00000000e+00
  0.00000000e+00 0.00000000e+00 0.00000000e+00]
 [1.71074888e-02 0.00000000e+00 0.00000000e+00 0.00000000e+00
  8.85603278e-02 0.00000000e+00 0.00000000e+00 0.00000000e+00
  0.00000000e+00 0.00000000e+00 0.00000000e+00 0.00000000e+00
  0.00000000e+00 0.00000000e+00 0.00000000e+00]
 [0.00000000e+00 0.00000000e+00 6.44296781e-01 2.06517405e-01
  6.29408064e-01 4.83642764e-01 0.00000000e+00 0.00000000e+00
  1.36625313e-01 0.00000000e+00 0.00000000e+00 0.00000000e+00
  0.00000000e+00 0.00000000e+00 0.00000000e+00]
 [8.25455114e-02 0.00000000e+00 0.00000000e+00 0.00000000e+00
  8.69099328e-02 0.00000000e+00 0.00000000e+00 0.00000000e+00
  0.00000000e+00 0.00000000e+00 0.00000000e+00 0.00000000e+00
  0.00000000e+00 0.00000000e+00 0.00000000e+00]
 [0.00000000e+00 0.00000000e+00 0.00000000e+00 0.00000000e+00
  9.58378732e-02 0.00000000e+00 0.00000000e+00 0.00000000e+00
  0.00000000e+00 0.00000000e+00 0.00000000e+00 0.00000000e+00
  0.00000000e+00 0.00000000e+00 0.00000000e+00]
 [7.86056871e-03 0.00000000e+00 0.00000000e+00 0.00000000e+00
  1.03824828e-01 0.00000000e+00 0.00000000e+00 0.00000000e+00
  0.00000000e+00 0.00000000e+00 0.00000000e+00 0.00000000e+00
  0.00000000e+00 0.00000000e+00 0.00000000e+00]
 [1.15441615e-03 0.00000000e+00 2.52706645e-01 5.70134070e-01
  4.79685713e-02 1.07670689e+00 4.75016535e+00 8.19053871e-01
  1.58603906e-01 1.68939696e-01 0.00000000e+00 9.55109675e-03
  0.00000000e+00 0.00000000e+00 0.00000000e+00]
 [1.52172387e-01 0.00000000e+00 1.25161920e-02 3.07159907e-01
  1.68219253e-01 1.92984253e+00 6.01044655e+00 9.63991411e-01
  1.32274306e-01 0.00000000e+00 0.00000000e+00 0.00000000e+00
  0.00000000e+00 0.00000000e+00 0.00000000e+00]
 [0.00000000e+00 0.00000000e+00 0.00000000e+00 2.15156996e-01
  2.02298090e-01 4.20791920e-01 1.91867927e+00 0.00000000e+00
  0.00000000e+00 0.00000000e+00 0.00000000e+00 0.00000000e+00
  0.00000000e+00 0.00000000e+00 0.00000000e+00]
 [9.77609025e-02 0.00000000e+00 0.00000000e+00 0.00000000e+00
  2.34566208e-01 1.06514829e+00 1.39849553e+00 2.08852292e-01
  3.24789049e-01 4.49136558e-02 0.00000000e+00 0.00000000e+00
  0.00000000e+00 0.00000000e+00 0.00000000e+00]
 [6.67746708e-01 1.33157194e+00 1.00559229e+00 8.71658435e-01
  2.27682421e-01 7.50759524e-01 1.48786087e+00 1.91276837e+00
  1.61467254e+00 1.75213274e+00 1.66038343e+00 1.31060283e+00
  1.49867081e+00 1.50957477e+00 1.01450979e+00]]

8
----------------------------------------------------------------------------------
[[0.         0.         0.         0.18323464 0.26282002 0.
  0.         0.         0.         0.         0.         0.
  0.         0.         0.        ]
 [0.         0.         0.         0.18311668 0.15753253 0.
  0.         0.         0.         0.         0.01155993 0.
  0.         0.         0.        ]
 [0.         0.         0.         0.12401392 0.05225586 0.
  0.         0.12838046 0.         0.         0.         0.11331843
  0.         0.16725887 0.02665615]
 [0.         0.         0.         0.15325036 0.23142479 0.
  0.         0.         0.         0.         0.         0.
  0.         0.         0.        ]
 [0.         0.         0.         0.21605886 0.20350252 0.
  0.         0.         0.         0.         0.         0.
  0.         0.         0.        ]
 [0.34116189 0.27638969 0.         0.28620384 0.27569464 0.
  0.         0.         0.         0.01528345 0.04019395 0.
  0.         0.         0.18040484]
 [0.         0.         0.         0.10346867 0.1621927  0.
  0.         0.         0.         0.         0.         0.
  0.         0.         0.01598134]
 [0.         0.         0.         0.07212403 0.20295214 0.
  0.         0.         0.         0.         0.         0.
  0.         0.         0.        ]
 [0.         0.         0.         0.0925192  0.11876048 0.
  0.         0.         0.         0.         0.         0.
  0.         0.         0.        ]
 [0.14273967 0.33144166 0.18203621 0.         0.53211106 0.29624171
  0.30770502 0.60446735 0.         0.         0.         0.
  0.         0.16205901 0.06223204]
 [0.         0.         0.         0.         0.         0.
  0.         0.         0.         0.         0.         0.
  0.         0.         0.        ]
 [0.         0.         0.         0.17705208 0.10087124 0.
  0.         0.         0.         0.         0.         0.
  0.         0.         0.        ]
 [0.05504121 0.         0.         0.03257916 0.00645072 0.
  0.         0.         0.         0.         0.         0.
  0.         0.         0.        ]
 [0.         0.05320101 0.         0.         0.         0.
  0.11290365 0.31744565 0.         0.         0.         0.
  0.         0.         0.0999371 ]
 [0.         0.01323654 0.         0.         0.         0.13274215
  0.22167355 0.17760446 0.         0.         0.         0.
  0.         0.         0.05931809]
 [0.1384318  0.08942482 0.         0.         0.21790385 0.1503091
  0.57019157 0.242393   0.32495682 0.08089285 0.         0.11637443
  0.         0.         0.15465348]
 [0.         0.         0.         0.         0.         0.
  0.21697878 0.1259274  0.         0.         0.         0.
  0.         0.         0.        ]
 [0.7968876  0.5058742  0.63355814 0.52330285 0.56478921 0.75537385
  0.69958065 0.54179121 0.84198978 0.89039589 0.77680263 0.84578355
  1.03583852 0.62417335 0.50318164]]

9
----------------------------------------------------------------------------------
[[5.05476179e-02 2.04162848e-01 4.79934257e-02 9.96019007e-02
  0.00000000e+00 0.00000000e+00 0.00000000e+00 0.00000000e+00
  0.00000000e+00 0.00000000e+00 0.00000000e+00 0.00000000e+00
  0.00000000e+00 0.00000000e+00 0.00000000e+00]
 [1.80019165e-01 5.34911616e-03 2.32191984e-01 4.15398576e-01
  0.00000000e+00 0.00000000e+00 0.00000000e+00 0.00000000e+00
  0.00000000e+00 0.00000000e+00 0.00000000e+00 0.00000000e+00
  0.00000000e+00 2.93748760e-03 0.00000000e+00]
 [1.04609962e-01 6.24304557e-01 0.00000000e+00 5.14458205e-01
  1.56016294e-01 0.00000000e+00 0.00000000e+00 0.00000000e+00
  0.00000000e+00 0.00000000e+00 0.00000000e+00 0.00000000e+00
  0.00000000e+00 0.00000000e+00 0.00000000e+00]
 [0.00000000e+00 6.43115131e-02 1.06614727e-02 1.08023901e-02
  0.00000000e+00 0.00000000e+00 0.00000000e+00 0.00000000e+00
  0.00000000e+00 0.00000000e+00 0.00000000e+00 0.00000000e+00
  0.00000000e+00 0.00000000e+00 0.00000000e+00]
 [1.47020129e-02 2.21894821e-01 2.03895075e-01 2.32348278e-01
  0.00000000e+00 0.00000000e+00 0.00000000e+00 0.00000000e+00
  0.00000000e+00 0.00000000e+00 0.00000000e+00 0.00000000e+00
  0.00000000e+00 0.00000000e+00 2.43749989e-02]
 [1.11627454e-03 3.55977065e-02 7.89472264e-02 3.44347777e-01
  2.47531688e-01 0.00000000e+00 4.07538290e-01 0.00000000e+00
  0.00000000e+00 0.00000000e+00 0.00000000e+00 0.00000000e+00
  1.45529278e-01 0.00000000e+00 0.00000000e+00]
 [0.00000000e+00 2.47645615e-01 1.47834875e-01 2.22057795e-01
  1.44971147e-02 0.00000000e+00 0.00000000e+00 0.00000000e+00
  0.00000000e+00 0.00000000e+00 0.00000000e+00 0.00000000e+00
  0.00000000e+00 0.00000000e+00 0.00000000e+00]
 [0.00000000e+00 0.00000000e+00 0.00000000e+00 0.00000000e+00
  0.00000000e+00 0.00000000e+00 0.00000000e+00 0.00000000e+00
  0.00000000e+00 0.00000000e+00 0.00000000e+00 0.00000000e+00
  0.00000000e+00 0.00000000e+00 0.00000000e+00]
 [0.00000000e+00 0.00000000e+00 0.00000000e+00 1.86597247e-02
  0.00000000e+00 0.00000000e+00 0.00000000e+00 0.00000000e+00
  0.00000000e+00 0.00000000e+00 0.00000000e+00 0.00000000e+00
  0.00000000e+00 0.00000000e+00 0.00000000e+00]
 [0.00000000e+00 0.00000000e+00 0.00000000e+00 0.00000000e+00
  8.80971605e-01 1.43545596e+00 8.30622089e-01 0.00000000e+00
  0.00000000e+00 0.00000000e+00 0.00000000e+00 0.00000000e+00
  0.00000000e+00 0.00000000e+00 0.00000000e+00]
 [0.00000000e+00 1.67786519e-01 0.00000000e+00 1.22403837e-01
  0.00000000e+00 0.00000000e+00 0.00000000e+00 0.00000000e+00
  0.00000000e+00 0.00000000e+00 0.00000000e+00 0.00000000e+00
  0.00000000e+00 0.00000000e+00 0.00000000e+00]
 [0.00000000e+00 0.00000000e+00 0.00000000e+00 0.00000000e+00
  0.00000000e+00 0.00000000e+00 0.00000000e+00 0.00000000e+00
  0.00000000e+00 0.00000000e+00 0.00000000e+00 0.00000000e+00
  0.00000000e+00 0.00000000e+00 0.00000000e+00]
 [0.00000000e+00 2.25903238e-01 0.00000000e+00 1.56306946e-01
  0.00000000e+00 0.00000000e+00 0.00000000e+00 0.00000000e+00
  0.00000000e+00 0.00000000e+00 0.00000000e+00 0.00000000e+00
  0.00000000e+00 0.00000000e+00 5.03393064e-02]
 [0.00000000e+00 3.87514772e-02 0.00000000e+00 0.00000000e+00
  5.02361900e-02 0.00000000e+00 0.00000000e+00 4.39493074e-02
  2.15740094e-01 4.66696080e-02 3.68922209e-01 0.00000000e+00
  1.68713328e-02 0.00000000e+00 0.00000000e+00]
 [0.00000000e+00 1.88414164e-01 0.00000000e+00 0.00000000e+00
  2.30765119e-01 6.19247583e-04 0.00000000e+00 2.61069184e-01
  1.04972573e-01 1.08495694e-01 6.22838956e-01 5.41230119e-02
  1.26864801e-01 0.00000000e+00 2.11015863e-01]
 [0.00000000e+00 2.81752450e-01 0.00000000e+00 0.00000000e+00
  0.00000000e+00 0.00000000e+00 1.27390584e-02 0.00000000e+00
  1.77380576e-01 0.00000000e+00 1.81148334e-01 0.00000000e+00
  0.00000000e+00 0.00000000e+00 7.45842497e-01]
 [0.00000000e+00 2.93452338e-02 0.00000000e+00 0.00000000e+00
  0.00000000e+00 0.00000000e+00 0.00000000e+00 0.00000000e+00
  0.00000000e+00 2.06769827e-01 5.33619653e-01 2.29664691e-01
  1.55015820e-01 0.00000000e+00 0.00000000e+00]
 [9.21513857e-01 9.18099599e-01 1.40602269e+00 1.22824293e+00
  1.37525413e+00 1.16765639e+00 6.78511622e-01 9.94606422e-01
  7.79228040e-01 1.12872568e+00 1.37401201e+00 1.86844538e+00
  1.54760333e+00 1.76346930e+00 1.72401809e+00]]

10
----------------------------------------------------------------------------------
[[0.00000000e+00 0.00000000e+00 0.00000000e+00 0.00000000e+00
  0.00000000e+00 0.00000000e+00 0.00000000e+00 0.00000000e+00
  0.00000000e+00 0.00000000e+00 3.61847761e-03 0.00000000e+00
  0.00000000e+00 1.80827011e-01 0.00000000e+00]
 [0.00000000e+00 0.00000000e+00 0.00000000e+00 0.00000000e+00
  0.00000000e+00 9.83068281e-02 0.00000000e+00 0.00000000e+00
  0.00000000e+00 0.00000000e+00 0.00000000e+00 0.00000000e+00
  0.00000000e+00 1.24680683e-01 0.00000000e+00]
 [0.00000000e+00 0.00000000e+00 0.00000000e+00 0.00000000e+00
  5.81768280e-02 2.34405193e-01 1.56580210e-01 0.00000000e+00
  0.00000000e+00 0.00000000e+00 0.00000000e+00 0.00000000e+00
  8.08467451e-02 8.95511016e-02 0.00000000e+00]
 [0.00000000e+00 0.00000000e+00 0.00000000e+00 0.00000000e+00
  0.00000000e+00 0.00000000e+00 0.00000000e+00 0.00000000e+00
  0.00000000e+00 0.00000000e+00 0.00000000e+00 0.00000000e+00
  0.00000000e+00 0.00000000e+00 0.00000000e+00]
 [0.00000000e+00 0.00000000e+00 1.42702069e-02 0.00000000e+00
  0.00000000e+00 0.00000000e+00 0.00000000e+00 0.00000000e+00
  0.00000000e+00 0.00000000e+00 1.05887137e-01 6.60059190e-02
  1.15828039e-02 1.40365688e-01 0.00000000e+00]
 [0.00000000e+00 0.00000000e+00 2.22705385e-01 0.00000000e+00
  1.18261197e-02 1.91511217e-01 0.00000000e+00 0.00000000e+00
  1.48753747e-01 0.00000000e+00 0.00000000e+00 0.00000000e+00
  0.00000000e+00 5.81532005e-02 1.26599407e-01]
 [0.00000000e+00 0.00000000e+00 0.00000000e+00 7.21063815e-04
  0.00000000e+00 4.42219900e-03 0.00000000e+00 0.00000000e+00
  0.00000000e+00 0.00000000e+00 8.03143715e-02 0.00000000e+00
  8.36967486e-02 7.41779678e-02 0.00000000e+00]
 [0.00000000e+00 0.00000000e+00 0.00000000e+00 0.00000000e+00
  0.00000000e+00 0.00000000e+00 0.00000000e+00 0.00000000e+00
  0.00000000e+00 0.00000000e+00 0.00000000e+00 0.00000000e+00
  0.00000000e+00 0.00000000e+00 0.00000000e+00]
 [0.00000000e+00 0.00000000e+00 0.00000000e+00 0.00000000e+00
  0.00000000e+00 0.00000000e+00 0.00000000e+00 0.00000000e+00
  0.00000000e+00 0.00000000e+00 0.00000000e+00 0.00000000e+00
  0.00000000e+00 0.00000000e+00 0.00000000e+00]
 [8.52833466e-02 0.00000000e+00 1.98233781e-01 0.00000000e+00
  5.51920221e-01 5.00810716e-01 3.94755570e-01 0.00000000e+00
  0.00000000e+00 0.00000000e+00 0.00000000e+00 2.42188243e-01
  0.00000000e+00 4.43613781e-01 0.00000000e+00]
 [0.00000000e+00 0.00000000e+00 0.00000000e+00 0.00000000e+00
  0.00000000e+00 0.00000000e+00 0.00000000e+00 0.00000000e+00
  0.00000000e+00 0.00000000e+00 0.00000000e+00 0.00000000e+00
  0.00000000e+00 0.00000000e+00 0.00000000e+00]
 [0.00000000e+00 0.00000000e+00 0.00000000e+00 0.00000000e+00
  0.00000000e+00 0.00000000e+00 0.00000000e+00 0.00000000e+00
  0.00000000e+00 0.00000000e+00 0.00000000e+00 0.00000000e+00
  0.00000000e+00 0.00000000e+00 0.00000000e+00]
 [0.00000000e+00 0.00000000e+00 0.00000000e+00 8.56133370e-02
  0.00000000e+00 0.00000000e+00 0.00000000e+00 0.00000000e+00
  0.00000000e+00 0.00000000e+00 0.00000000e+00 0.00000000e+00
  0.00000000e+00 2.85992436e-02 0.00000000e+00]
 [2.29251065e-01 0.00000000e+00 0.00000000e+00 0.00000000e+00
  0.00000000e+00 0.00000000e+00 0.00000000e+00 2.93409486e-02
  0.00000000e+00 0.00000000e+00 9.02424844e-02 0.00000000e+00
  0.00000000e+00 0.00000000e+00 0.00000000e+00]
 [1.76893651e-01 4.83744448e-02 0.00000000e+00 0.00000000e+00
  0.00000000e+00 0.00000000e+00 1.30782863e-01 3.76895548e-01
  0.00000000e+00 0.00000000e+00 1.47679059e-01 1.84163306e-01
  1.01393470e+00 5.36895513e-01 0.00000000e+00]
 [4.88867369e-01 4.58723015e-01 2.65559029e-01 2.84838476e-01
  0.00000000e+00 0.00000000e+00 2.74563695e-01 9.09448787e-02
  0.00000000e+00 0.00000000e+00 1.83645261e-01 0.00000000e+00
  3.08562944e-01 2.22010595e-01 0.00000000e+00]
 [6.07818820e-02 0.00000000e+00 0.00000000e+00 0.00000000e+00
  0.00000000e+00 0.00000000e+00 1.55260515e-02 3.05827570e-01
  0.00000000e+00 0.00000000e+00 0.00000000e+00 0.00000000e+00
  5.20814974e-01 2.04688174e-01 0.00000000e+00]
 [1.70428624e+00 1.44951239e+00 1.15499425e+00 1.25041554e+00
  9.85904862e-01 8.09664164e-01 4.58765325e-01 7.22442906e-01
  1.51530742e+00 1.75463713e+00 1.23262885e+00 1.38710894e+00
  1.45511847e+00 1.09038725e+00 1.10407013e+00]]

11
----------------------------------------------------------------------------------
[[3.93303010e-02 0.00000000e+00 3.00080972e-02 0.00000000e+00
  0.00000000e+00 0.00000000e+00 4.31128363e-02 0.00000000e+00
  0.00000000e+00 5.60870573e-02 0.00000000e+00 0.00000000e+00
  0.00000000e+00 3.36975686e-02 0.00000000e+00]
 [2.99122284e-02 1.06527087e-02 7.41990217e-02 2.07564152e-02
  8.10116904e-02 0.00000000e+00 1.12137524e-01 0.00000000e+00
  0.00000000e+00 9.52515923e-02 1.27525620e-01 1.73581047e-01
  2.58451498e-01 0.00000000e+00 0.00000000e+00]
 [1.38436396e-01 2.59424787e-01 3.93636720e-01 9.56208714e-02
  2.00583358e-01 0.00000000e+00 1.03365234e-01 0.00000000e+00
  0.00000000e+00 1.60916430e-03 1.14927924e-01 2.62216159e-01
  2.25464216e-01 1.90506185e-01 0.00000000e+00]
 [0.00000000e+00 0.00000000e+00 1.09202582e-02 0.00000000e+00
  0.00000000e+00 0.00000000e+00 1.90433477e-02 0.00000000e+00
  0.00000000e+00 0.00000000e+00 0.00000000e+00 0.00000000e+00
  0.00000000e+00 0.00000000e+00 0.00000000e+00]
 [6.43806087e-02 0.00000000e+00 0.00000000e+00 0.00000000e+00
  0.00000000e+00 0.00000000e+00 1.66760053e-02 0.00000000e+00
  0.00000000e+00 0.00000000e+00 0.00000000e+00 0.00000000e+00
  1.40743061e-01 0.00000000e+00 3.67720019e-02]
 [9.28013267e-02 1.72007846e-01 4.73991125e-01 2.46562567e-01
  1.86203647e-01 0.00000000e+00 3.61122193e-01 0.00000000e+00
  0.00000000e+00 1.31077745e-01 3.49413010e-01 1.03292501e-01
  3.36146197e-01 0.00000000e+00 1.49767667e-01]
 [2.89003051e-02 5.22317850e-02 0.00000000e+00 1.38738399e-02
  1.81883162e-02 0.00000000e+00 6.09026066e-02 0.00000000e+00
  0.00000000e+00 7.03615480e-02 1.60030273e-01 2.53453563e-01
  3.77634581e-01 0.00000000e+00 0.00000000e+00]
 [0.00000000e+00 0.00000000e+00 0.00000000e+00 0.00000000e+00
  0.00000000e+00 0.00000000e+00 0.00000000e+00 0.00000000e+00
  0.00000000e+00 0.00000000e+00 0.00000000e+00 0.00000000e+00
  0.00000000e+00 4.17343494e-02 0.00000000e+00]
 [4.36704797e-03 0.00000000e+00 0.00000000e+00 0.00000000e+00
  0.00000000e+00 0.00000000e+00 4.40034796e-03 0.00000000e+00
  0.00000000e+00 0.00000000e+00 0.00000000e+00 0.00000000e+00
  0.00000000e+00 0.00000000e+00 0.00000000e+00]
 [2.19680063e-01 5.12859697e-01 4.12314906e-01 4.34704116e-01
  3.14936239e-01 7.02894575e-02 5.37041532e-01 3.43836726e-01
  0.00000000e+00 0.00000000e+00 0.00000000e+00 8.47894096e-02
  2.76265843e-01 7.16849432e-01 0.00000000e+00]
 [0.00000000e+00 0.00000000e+00 0.00000000e+00 0.00000000e+00
  8.83954689e-02 0.00000000e+00 3.74350565e-02 0.00000000e+00
  0.00000000e+00 4.87840025e-02 1.68969811e-02 2.20612008e-01
  1.04268573e-01 5.88079601e-03 0.00000000e+00]
 [0.00000000e+00 1.05195410e-03 3.04593266e-02 0.00000000e+00
  0.00000000e+00 0.00000000e+00 0.00000000e+00 0.00000000e+00
  0.00000000e+00 0.00000000e+00 0.00000000e+00 1.47847352e-02
  5.05464202e-02 0.00000000e+00 0.00000000e+00]
 [2.17846500e-02 3.39360104e-02 3.67103881e-02 0.00000000e+00
  1.70659085e-01 0.00000000e+00 2.69297205e-02 0.00000000e+00
  0.00000000e+00 0.00000000e+00 6.00520620e-02 3.27573997e-01
  2.70410510e-01 6.01116539e-02 0.00000000e+00]
 [1.42770901e-01 4.99890447e-01 2.43344178e-01 2.82096405e-02
  5.36629977e-02 0.00000000e+00 3.17580724e-01 0.00000000e+00
  0.00000000e+00 0.00000000e+00 0.00000000e+00 3.26374952e-01
  3.25755469e-01 6.25502338e-01 0.00000000e+00]
 [7.19723092e-01 1.12495554e+00 5.21899565e-01 1.94394367e-01
  1.02408999e-01 1.03712498e-01 5.19122963e-01 6.06659753e-01
  0.00000000e+00 0.00000000e+00 5.50217987e-02 7.58936833e-01
  9.40283645e-01 1.97656481e+00 0.00000000e+00]
 [7.87432169e-01 6.90644156e-01 4.30858500e-01 3.78347408e-01
  5.03669835e-01 1.15786278e-01 4.17417149e-01 4.93627899e-01
  0.00000000e+00 0.00000000e+00 1.13557702e-02 6.75528162e-01
  7.53388725e-01 5.34681360e-01 1.11361665e-01]
 [5.21860915e-01 8.73754604e-01 3.34565921e-01 9.80663040e-02
  1.43574835e-01 1.27591937e-02 6.43816691e-01 4.52999782e-01
  1.21680087e-01 0.00000000e+00 0.00000000e+00 2.37786630e-01
  5.17106309e-01 1.49343840e+00 0.00000000e+00]
 [5.83787504e-01 3.82669255e-01 3.26812001e-01 3.17979327e-01
  2.33350275e-01 4.18678323e-01 1.93332261e-01 7.71521067e-01
  1.31278551e+00 1.32351514e+00 1.54621819e+00 1.42801127e+00
  1.09063252e+00 7.74079866e-01 9.40401308e-01]]

12
----------------------------------------------------------------------------------
[[0.00000000e+00 0.00000000e+00 2.16880365e-01 6.49751619e-02
  0.00000000e+00 1.92559276e-01 1.74815764e-01 2.99561282e-01
  3.11822656e-03 0.00000000e+00 1.68661201e-02 0.00000000e+00
  0.00000000e+00 0.00000000e+00 2.40822294e-01]
 [0.00000000e+00 0.00000000e+00 0.00000000e+00 2.01194056e-01
  0.00000000e+00 2.10155917e-01 7.66332487e-02 0.00000000e+00
  0.00000000e+00 0.00000000e+00 0.00000000e+00 0.00000000e+00
  0.00000000e+00 0.00000000e+00 2.24150697e-03]
 [0.00000000e+00 0.00000000e+00 5.65246316e-02 3.17318651e-01
  0.00000000e+00 1.49263468e-01 1.17862924e-01 2.01635968e-01
  0.00000000e+00 0.00000000e+00 5.14831684e-02 0.00000000e+00
  0.00000000e+00 0.00000000e+00 3.62979516e-02]
 [0.00000000e+00 0.00000000e+00 3.45141927e-01 3.65111104e-01
  0.00000000e+00 1.86694571e-01 3.34644857e-01 3.82431953e-01
  1.39534308e-01 7.73507327e-02 1.00018110e-01 0.00000000e+00
  0.00000000e+00 1.48911164e-03 1.86341195e-01]
 [0.00000000e+00 0.00000000e+00 1.78570395e-01 4.02986549e-01
  0.00000000e+00 2.59445435e-01 1.75454150e-01 1.53514632e-01
  6.90566043e-02 0.00000000e+00 0.00000000e+00 0.00000000e+00
  0.00000000e+00 0.00000000e+00 1.44070825e-01]
 [3.92642232e-01 2.43728048e-01 3.42968142e-01 2.54909327e-01
  0.00000000e+00 3.85641140e-01 1.48690325e-01 9.34205077e-02
  1.00103773e-01 0.00000000e+00 2.91323463e-01 0.00000000e+00
  0.00000000e+00 0.00000000e+00 2.06291649e-01]
 [0.00000000e+00 0.00000000e+00 0.00000000e+00 6.10343089e-02
  0.00000000e+00 3.39977404e-01 5.90769172e-02 0.00000000e+00
  0.00000000e+00 0.00000000e+00 0.00000000e+00 0.00000000e+00
  0.00000000e+00 0.00000000e+00 4.44952405e-02]
 [0.00000000e+00 0.00000000e+00 0.00000000e+00 0.00000000e+00
  0.00000000e+00 1.87086720e-01 2.25204483e-01 1.56993132e-01
  0.00000000e+00 0.00000000e+00 0.00000000e+00 0.00000000e+00
  0.00000000e+00 0.00000000e+00 1.05476888e-01]
 [0.00000000e+00 0.00000000e+00 0.00000000e+00 0.00000000e+00
  0.00000000e+00 1.83140948e-01 1.22042470e-01 7.25348342e-02
  0.00000000e+00 0.00000000e+00 0.00000000e+00 0.00000000e+00
  0.00000000e+00 0.00000000e+00 1.05553079e-01]
 [4.39175353e-01 4.52136930e-01 7.08831790e-01 5.42836461e-01
  0.00000000e+00 5.97423336e-01 2.40878936e-02 4.00481441e-01
  0.00000000e+00 1.56668687e-02 1.59009443e-01 1.65378960e-01
  0.00000000e+00 0.00000000e+00 6.88664239e-01]
 [0.00000000e+00 0.00000000e+00 0.00000000e+00 0.00000000e+00
  0.00000000e+00 0.00000000e+00 0.00000000e+00 0.00000000e+00
  0.00000000e+00 0.00000000e+00 0.00000000e+00 0.00000000e+00
  0.00000000e+00 0.00000000e+00 0.00000000e+00]
 [0.00000000e+00 7.00317175e-03 0.00000000e+00 0.00000000e+00
  0.00000000e+00 1.71564971e-01 1.03307604e-01 3.09289946e-02
  0.00000000e+00 1.03139029e-02 0.00000000e+00 0.00000000e+00
  0.00000000e+00 0.00000000e+00 1.04511270e-01]
 [0.00000000e+00 0.00000000e+00 2.65529666e-03 0.00000000e+00
  0.00000000e+00 5.13173350e-02 0.00000000e+00 1.29968671e-02
  0.00000000e+00 0.00000000e+00 2.55272280e-02 0.00000000e+00
  0.00000000e+00 0.00000000e+00 0.00000000e+00]
 [1.65902630e-01 2.73430937e+00 1.02395983e+00 7.87923345e-01
  2.55655405e+00 6.90251868e-01 0.00000000e+00 2.33363077e-01
  2.48260181e-01 1.70481155e-01 9.83754254e-02 0.00000000e+00
  0.00000000e+00 0.00000000e+00 0.00000000e+00]
 [1.42131028e+00 4.04069483e+00 9.30837173e-01 9.24001286e-01
  3.92703565e+00 1.18392459e+00 0.00000000e+00 6.46747956e-01
  4.68510703e-01 4.05836251e-01 1.91583678e-01 0.00000000e+00
  0.00000000e+00 0.00000000e+00 0.00000000e+00]
 [3.59684283e-01 9.00914568e-01 5.53199890e-01 1.55140022e-01
  1.41457897e+00 2.73544837e-01 1.87705532e-01 1.61366475e+00
  6.44718607e-01 4.22904457e-01 6.98665533e-01 0.00000000e+00
  0.00000000e+00 0.00000000e+00 1.24291528e-01]
 [1.04798709e+00 9.90023287e-01 9.21343972e-02 0.00000000e+00
  1.35460003e+00 4.31337293e-01 0.00000000e+00 2.56172696e-01
  1.86244524e-01 2.91120267e-01 4.74484143e-03 1.58075416e-01
  0.00000000e+00 0.00000000e+00 0.00000000e+00]
 [6.46829333e-01 5.49443918e-01 2.85155069e-01 6.67780177e-01
  9.42312647e-01 3.92446800e-01 6.26516151e-01 2.98685900e-01
  5.83108048e-01 7.29230526e-01 6.59700219e-01 8.13377470e-01
  1.52759474e+00 1.07177995e+00 7.57532492e-01]]

13
----------------------------------------------------------------------------------
[[2.75310943e-01 0.00000000e+00 9.92710143e-02 0.00000000e+00
  0.00000000e+00 0.00000000e+00 0.00000000e+00 0.00000000e+00
  0.00000000e+00 0.00000000e+00 7.39742879e-04 0.00000000e+00
  0.00000000e+00 0.00000000e+00 0.00000000e+00]
 [3.12585463e-01 0.00000000e+00 1.14045321e-01 0.00000000e+00
  0.00000000e+00 0.00000000e+00 0.00000000e+00 0.00000000e+00
  0.00000000e+00 0.00000000e+00 5.28773753e-02 0.00000000e+00
  0.00000000e+00 0.00000000e+00 1.52875280e-01]
 [1.98827664e-01 0.00000000e+00 1.52989454e-01 0.00000000e+00
  0.00000000e+00 0.00000000e+00 0.00000000e+00 0.00000000e+00
  0.00000000e+00 0.00000000e+00 1.71308505e-01 0.00000000e+00
  0.00000000e+00 0.00000000e+00 0.00000000e+00]
 [1.66290893e-01 0.00000000e+00 6.97042635e-02 0.00000000e+00
  0.00000000e+00 0.00000000e+00 0.00000000e+00 0.00000000e+00
  0.00000000e+00 0.00000000e+00 0.00000000e+00 0.00000000e+00
  0.00000000e+00 0.00000000e+00 0.00000000e+00]
 [1.00637794e-01 0.00000000e+00 9.83418322e-02 0.00000000e+00
  0.00000000e+00 0.00000000e+00 0.00000000e+00 0.00000000e+00
  0.00000000e+00 0.00000000e+00 0.00000000e+00 0.00000000e+00
  0.00000000e+00 0.00000000e+00 0.00000000e+00]
 [2.60766999e-02 0.00000000e+00 1.31000289e-01 0.00000000e+00
  3.36361602e-01 0.00000000e+00 0.00000000e+00 4.44983696e-01
  7.27791665e-01 3.67901514e-02 7.48826247e-02 0.00000000e+00
  0.00000000e+00 0.00000000e+00 0.00000000e+00]
 [1.21632437e-01 0.00000000e+00 5.74358010e-02 0.00000000e+00
  0.00000000e+00 0.00000000e+00 0.00000000e+00 0.00000000e+00
  0.00000000e+00 0.00000000e+00 1.10456334e-03 0.00000000e+00
  0.00000000e+00 0.00000000e+00 4.80328407e-03]
 [1.93993344e-01 0.00000000e+00 0.00000000e+00 0.00000000e+00
  0.00000000e+00 0.00000000e+00 0.00000000e+00 0.00000000e+00
  0.00000000e+00 0.00000000e+00 4.52691287e-02 0.00000000e+00
  0.00000000e+00 0.00000000e+00 0.00000000e+00]
 [9.69775666e-02 0.00000000e+00 0.00000000e+00 0.00000000e+00
  0.00000000e+00 0.00000000e+00 0.00000000e+00 0.00000000e+00
  0.00000000e+00 0.00000000e+00 0.00000000e+00 0.00000000e+00
  0.00000000e+00 0.00000000e+00 0.00000000e+00]
 [3.18821009e-01 1.40687617e-01 3.37960470e-01 1.88422238e-02
  0.00000000e+00 3.64246998e-01 0.00000000e+00 2.81362081e-01
  0.00000000e+00 6.85564229e-01 4.15985026e-02 6.87759633e-02
  0.00000000e+00 0.00000000e+00 7.00067526e-01]
 [7.09308021e-03 0.00000000e+00 0.00000000e+00 0.00000000e+00
  0.00000000e+00 0.00000000e+00 0.00000000e+00 0.00000000e+00
  0.00000000e+00 0.00000000e+00 0.00000000e+00 0.00000000e+00
  0.00000000e+00 0.00000000e+00 0.00000000e+00]
 [1.43634052e-01 0.00000000e+00 0.00000000e+00 0.00000000e+00
  0.00000000e+00 0.00000000e+00 0.00000000e+00 0.00000000e+00
  0.00000000e+00 0.00000000e+00 0.00000000e+00 0.00000000e+00
  0.00000000e+00 0.00000000e+00 0.00000000e+00]
 [0.00000000e+00 0.00000000e+00 0.00000000e+00 0.00000000e+00
  0.00000000e+00 0.00000000e+00 0.00000000e+00 0.00000000e+00
  0.00000000e+00 0.00000000e+00 0.00000000e+00 0.00000000e+00
  0.00000000e+00 0.00000000e+00 0.00000000e+00]
 [8.98730302e-04 0.00000000e+00 0.00000000e+00 0.00000000e+00
  0.00000000e+00 0.00000000e+00 2.06235551e-01 7.89243300e-02
  0.00000000e+00 0.00000000e+00 0.00000000e+00 0.00000000e+00
  0.00000000e+00 0.00000000e+00 0.00000000e+00]
 [1.46971744e-02 0.00000000e+00 0.00000000e+00 0.00000000e+00
  0.00000000e+00 0.00000000e+00 2.28622839e-01 1.08482728e-01
  0.00000000e+00 0.00000000e+00 0.00000000e+00 2.90853756e-02
  0.00000000e+00 0.00000000e+00 0.00000000e+00]
 [2.55211888e-01 0.00000000e+00 7.12292886e-02 0.00000000e+00
  0.00000000e+00 2.04524640e-01 2.25171287e-01 6.21103128e-02
  2.47665371e-01 3.26384570e-01 2.98291772e-01 0.00000000e+00
  1.52903125e-01 0.00000000e+00 0.00000000e+00]
 [5.58401644e-02 1.15377561e-02 0.00000000e+00 0.00000000e+00
  0.00000000e+00 0.00000000e+00 1.23792478e-01 2.17815954e-01
  0.00000000e+00 0.00000000e+00 0.00000000e+00 5.50154331e-02
  0.00000000e+00 0.00000000e+00 0.00000000e+00]
 [3.11226927e-01 4.57183793e-01 5.27989075e-01 7.05348560e-01
  7.39280366e-01 8.02288862e-01 4.76947546e-01 4.84754356e-01
  4.52197807e-01 4.52418624e-01 6.14525821e-01 9.24115708e-01
  1.30084687e+00 1.21454629e+00 1.06798993e+00]]

14
----------------------------------------------------------------------------------
[[0.00000000e+00 1.69178168e-01 0.00000000e+00 1.28314927e-01
  0.00000000e+00 0.00000000e+00 0.00000000e+00 1.10890808e-01
  0.00000000e+00 0.00000000e+00 0.00000000e+00 0.00000000e+00
  1.50377814e-01 0.00000000e+00 0.00000000e+00]
 [7.72996088e-02 1.44864308e-01 0.00000000e+00 5.48454564e-02
  0.00000000e+00 0.00000000e+00 0.00000000e+00 0.00000000e+00
  0.00000000e+00 0.00000000e+00 0.00000000e+00 1.50804342e-01
  0.00000000e+00 0.00000000e+00 0.00000000e+00]
 [1.48801331e-01 5.12566245e-02 0.00000000e+00 3.20121866e-01
  0.00000000e+00 0.00000000e+00 0.00000000e+00 0.00000000e+00
  0.00000000e+00 0.00000000e+00 0.00000000e+00 2.23734234e-01
  0.00000000e+00 0.00000000e+00 0.00000000e+00]
 [0.00000000e+00 7.68187076e-02 0.00000000e+00 1.11766264e-01
  0.00000000e+00 0.00000000e+00 0.00000000e+00 8.57586601e-04
  0.00000000e+00 0.00000000e+00 0.00000000e+00 2.48061924e-02
  2.19254896e-01 0.00000000e+00 0.00000000e+00]
 [0.00000000e+00 1.27614820e-01 0.00000000e+00 1.69928866e-01
  0.00000000e+00 0.00000000e+00 0.00000000e+00 0.00000000e+00
  0.00000000e+00 0.00000000e+00 0.00000000e+00 0.00000000e+00
  1.97241085e-01 0.00000000e+00 0.00000000e+00]
 [0.00000000e+00 4.37090838e-01 0.00000000e+00 1.74002310e-01
  2.53017653e-01 7.18607725e-02 1.56420356e-01 1.48424582e-01
  2.54885759e-01 0.00000000e+00 3.38437698e-02 2.90291875e-01
  0.00000000e+00 0.00000000e+00 0.00000000e+00]
 [0.00000000e+00 2.13323815e-01 0.00000000e+00 3.06764110e-02
  0.00000000e+00 0.00000000e+00 0.00000000e+00 1.23867411e-01
  0.00000000e+00 0.00000000e+00 0.00000000e+00 0.00000000e+00
  0.00000000e+00 0.00000000e+00 0.00000000e+00]
 [0.00000000e+00 0.00000000e+00 0.00000000e+00 8.42101440e-02
  0.00000000e+00 2.10866089e-01 3.88483634e+00 2.32550787e-01
  2.86876245e-01 1.59454648e-01 0.00000000e+00 3.10491315e-01
  0.00000000e+00 0.00000000e+00 0.00000000e+00]
 [0.00000000e+00 1.00622653e-03 0.00000000e+00 9.19784293e-02
  0.00000000e+00 1.34493539e-01 3.74059790e+00 9.22334221e-01
  5.34666685e-01 8.27436035e-01 1.66507984e-01 4.19225115e-01
  0.00000000e+00 0.00000000e+00 0.00000000e+00]
 [0.00000000e+00 1.57457438e-01 0.00000000e+00 2.70303561e-01
  1.04098635e+00 0.00000000e+00 5.18554278e-01 6.95228298e-01
  3.85318921e-02 0.00000000e+00 0.00000000e+00 4.85960541e-01
  2.96126371e-01 0.00000000e+00 0.00000000e+00]
 [0.00000000e+00 1.22002035e-01 0.00000000e+00 0.00000000e+00
  0.00000000e+00 0.00000000e+00 1.89025416e+00 4.49863264e-01
  4.59335213e-01 8.69822279e-01 3.59994869e-01 6.17246307e-01
  0.00000000e+00 0.00000000e+00 0.00000000e+00]
 [0.00000000e+00 0.00000000e+00 0.00000000e+00 9.05326260e-02
  0.00000000e+00 0.00000000e+00 1.20939232e+00 5.39258541e-02
  1.93981768e-01 1.44218308e-01 0.00000000e+00 1.73878960e-01
  2.85497844e-02 0.00000000e+00 0.00000000e+00]
 [0.00000000e+00 9.40283749e-02 0.00000000e+00 0.00000000e+00
  0.00000000e+00 0.00000000e+00 3.20914255e+00 5.54794091e-01
  3.95467191e-01 1.01242877e+00 1.62008449e-01 3.70558498e-01
  0.00000000e+00 0.00000000e+00 0.00000000e+00]
 [0.00000000e+00 0.00000000e+00 0.00000000e+00 0.00000000e+00
  2.13810865e-01 0.00000000e+00 0.00000000e+00 0.00000000e+00
  2.16259010e-01 0.00000000e+00 0.00000000e+00 1.00272430e-02
  1.41116228e-01 0.00000000e+00 0.00000000e+00]
 [0.00000000e+00 0.00000000e+00 3.42834376e-01 0.00000000e+00
  3.20374324e-01 0.00000000e+00 0.00000000e+00 0.00000000e+00
  2.23144349e-01 3.41968578e-01 0.00000000e+00 1.01613126e-02
  2.39324670e-01 0.00000000e+00 1.41962154e-01]
 [0.00000000e+00 5.35819571e-02 2.28360441e-01 1.56747282e-01
  2.81872651e-01 0.00000000e+00 0.00000000e+00 0.00000000e+00
  2.30050902e-01 0.00000000e+00 0.00000000e+00 1.23544515e-01
  2.11117583e-01 4.04312961e-02 0.00000000e+00]
 [0.00000000e+00 0.00000000e+00 9.49681182e-02 0.00000000e+00
  2.47392224e-01 0.00000000e+00 0.00000000e+00 0.00000000e+00
  5.94233739e-02 3.14113458e-01 0.00000000e+00 0.00000000e+00
  3.04034078e-01 0.00000000e+00 0.00000000e+00]
 [1.60658438e+00 8.12565940e-01 4.34969321e-01 4.48276405e-01
  3.94555173e-01 7.62516250e-01 1.01196608e+00 1.05060240e+00
  1.08494809e+00 1.13649442e+00 8.56625050e-01 2.84997174e-01
  6.13849614e-01 1.20850809e+00 1.47235109e+00]]

16
----------------------------------------------------------------------------------
[[0.00000000e+00 0.00000000e+00 0.00000000e+00 0.00000000e+00
  0.00000000e+00 0.00000000e+00 0.00000000e+00 0.00000000e+00
  5.05972522e-02 3.55541500e-02 2.94274098e-03 4.62800178e-01
  3.33456275e-01 4.39823097e-01 4.22055900e-01]
 [0.00000000e+00 0.00000000e+00 0.00000000e+00 0.00000000e+00
  0.00000000e+00 0.00000000e+00 0.00000000e+00 0.00000000e+00
  8.68743450e-02 1.36573529e-01 0.00000000e+00 3.46804666e-01
  3.34562426e-01 7.43143615e-02 3.53073744e-01]
 [0.00000000e+00 0.00000000e+00 0.00000000e+00 0.00000000e+00
  0.00000000e+00 5.39384973e-03 2.69329661e-02 8.31652434e-02
  1.12591461e-01 4.70542185e-01 0.00000000e+00 2.94202160e-01
  3.93794687e-01 1.32346402e-01 2.08717868e-01]
 [0.00000000e+00 0.00000000e+00 0.00000000e+00 0.00000000e+00
  0.00000000e+00 0.00000000e+00 0.00000000e+00 0.00000000e+00
  0.00000000e+00 0.00000000e+00 0.00000000e+00 3.34404463e-01
  2.30286844e-01 4.82106668e-01 3.40769765e-01]
 [0.00000000e+00 0.00000000e+00 0.00000000e+00 0.00000000e+00
  0.00000000e+00 0.00000000e+00 0.00000000e+00 0.00000000e+00
  0.00000000e+00 0.00000000e+00 3.55207143e-03 2.49452956e-01
  2.69594939e-01 2.95742124e-01 2.09991927e-01]
 [0.00000000e+00 0.00000000e+00 0.00000000e+00 3.78328466e-02
  3.81276231e-04 1.27595381e-01 1.55775235e-01 1.66075810e-01
  0.00000000e+00 0.00000000e+00 2.14769904e-01 4.91177253e-01
  6.54189186e-03 2.40226788e-01 0.00000000e+00]
 [0.00000000e+00 0.00000000e+00 0.00000000e+00 0.00000000e+00
  1.34505059e-02 0.00000000e+00 0.00000000e+00 0.00000000e+00
  0.00000000e+00 0.00000000e+00 6.68494948e-02 3.05810134e-01
  1.37445551e-01 2.59984480e-01 0.00000000e+00]
 [0.00000000e+00 0.00000000e+00 0.00000000e+00 0.00000000e+00
  6.04065101e-02 0.00000000e+00 0.00000000e+00 0.00000000e+00
  6.68005205e-02 7.07705951e-02 0.00000000e+00 3.44531655e-01
  1.17148548e-01 1.75993761e-01 2.26675688e-01]
 [0.00000000e+00 0.00000000e+00 0.00000000e+00 0.00000000e+00
  0.00000000e+00 0.00000000e+00 0.00000000e+00 0.00000000e+00
  3.68384037e-02 0.00000000e+00 0.00000000e+00 1.16032492e-01
  6.68644252e-02 1.38221361e-01 1.34054418e-01]
 [0.00000000e+00 8.39489392e-02 2.15126004e-02 5.11503531e-01
  0.00000000e+00 0.00000000e+00 0.00000000e+00 5.01969961e-01
  1.77529819e-01 1.54082382e-01 4.24688833e-01 2.52264459e-01
  0.00000000e+00 2.08927375e-02 0.00000000e+00]
 [0.00000000e+00 0.00000000e+00 0.00000000e+00 0.00000000e+00
  0.00000000e+00 0.00000000e+00 0.00000000e+00 0.00000000e+00
  0.00000000e+00 5.56038193e-02 9.36754310e-02 4.21775310e-02
  0.00000000e+00 0.00000000e+00 0.00000000e+00]
 [0.00000000e+00 0.00000000e+00 0.00000000e+00 0.00000000e+00
  1.14971876e-01 0.00000000e+00 0.00000000e+00 0.00000000e+00
  0.00000000e+00 0.00000000e+00 0.00000000e+00 1.71379359e-01
  0.00000000e+00 1.29159585e-01 1.31085742e-01]
 [0.00000000e+00 3.90441373e-02 0.00000000e+00 0.00000000e+00
  0.00000000e+00 0.00000000e+00 0.00000000e+00 5.35745248e-03
  0.00000000e+00 0.00000000e+00 1.65776526e-01 4.21472139e-02
  0.00000000e+00 0.00000000e+00 0.00000000e+00]
 [0.00000000e+00 0.00000000e+00 0.00000000e+00 0.00000000e+00
  0.00000000e+00 9.77652360e-02 4.79579353e-01 3.42388883e-01
  1.49358071e-01 0.00000000e+00 0.00000000e+00 0.00000000e+00
  0.00000000e+00 0.00000000e+00 0.00000000e+00]
 [2.38724153e-01 0.00000000e+00 3.81041217e-01 4.37633008e-01
  1.18267268e-01 1.54138159e-01 2.62547655e-01 3.26207666e-01
  1.13235222e+00 3.89473187e-01 0.00000000e+00 1.52783828e-01
  0.00000000e+00 1.04730099e-01 0.00000000e+00]
 [0.00000000e+00 0.00000000e+00 3.76927291e-01 1.93926749e-01
  0.00000000e+00 2.90706711e-01 7.88118662e-01 8.58607657e-01
  7.65948278e-01 2.79368975e-01 0.00000000e+00 4.56033319e-01
  3.85827195e-02 4.35289905e-01 0.00000000e+00]
 [7.36855740e-02 0.00000000e+00 0.00000000e+00 3.81453453e-02
  0.00000000e+00 5.12281266e-01 5.14299345e-01 3.81281192e-01
  5.93893640e-01 0.00000000e+00 0.00000000e+00 0.00000000e+00
  0.00000000e+00 0.00000000e+00 0.00000000e+00]
 [1.30378621e+00 9.17655851e-01 7.10130089e-01 7.44117985e-01
  8.62932267e-01 7.23286963e-01 5.29047739e-01 4.43247744e-01
  4.52832385e-01 7.16461287e-01 6.65074892e-01 4.39760603e-01
  9.56159039e-01 8.95235439e-01 1.04131638e+00]]

17
----------------------------------------------------------------------------------
[[5.78580263e-01 5.74620685e-01 5.61051439e-01 8.42670713e-02
  2.87219885e-01 2.87079477e-01 0.00000000e+00 0.00000000e+00
  0.00000000e+00 0.00000000e+00 0.00000000e+00 0.00000000e+00
  0.00000000e+00 1.45303152e-01 5.45946660e-01]
 [2.61800658e-01 7.17692808e-01 2.64187414e-01 1.24014206e-01
  3.76176664e-01 4.04388433e-01 0.00000000e+00 0.00000000e+00
  0.00000000e+00 0.00000000e+00 0.00000000e+00 6.33370601e-03
  5.04498210e-01 3.32939111e-01 6.37624423e-01]
 [2.85602798e-01 2.92495076e-01 5.93171156e-01 3.84187692e-01
  5.67932109e-01 5.50467151e-01 0.00000000e+00 0.00000000e+00
  0.00000000e+00 0.00000000e+00 0.00000000e+00 2.87475323e-02
  3.89246431e-01 4.90964566e-01 5.42588021e-01]
 [6.07517420e-01 3.43758049e-01 2.77131593e-01 0.00000000e+00
  1.98325991e-01 2.71605403e-01 0.00000000e+00 0.00000000e+00
  0.00000000e+00 0.00000000e+00 0.00000000e+00 0.00000000e+00
  0.00000000e+00 0.00000000e+00 1.73212115e-01]
 [4.49975189e-01 5.58981435e-01 3.76316898e-01 1.79199285e-01
  2.40652998e-01 1.14895954e-01 0.00000000e+00 0.00000000e+00
  0.00000000e+00 0.00000000e+00 0.00000000e+00 1.82683980e-01
  1.14335423e-02 2.91963052e-01 2.73747647e-01]
 [4.11438591e-01 1.04855323e-03 2.57956088e-01 2.56817574e-01
  5.71021042e-01 3.70480621e-01 0.00000000e+00 0.00000000e+00
  0.00000000e+00 0.00000000e+00 0.00000000e+00 3.15799798e-02
  2.41407348e-01 2.95045626e-01 1.07986675e+00]
 [2.74325869e-01 4.71354367e-01 3.49949164e-01 2.51421124e-01
  3.37812292e-01 1.05583110e-01 0.00000000e+00 0.00000000e+00
  0.00000000e+00 0.00000000e+00 0.00000000e+00 2.81013110e-01
  1.90188951e-01 4.19008628e-01 5.23172214e-01]
 [3.36565654e-01 2.74828090e-01 1.01633697e-01 0.00000000e+00
  1.51786278e-01 2.82680130e-01 0.00000000e+00 0.00000000e+00
  0.00000000e+00 0.00000000e+00 0.00000000e+00 0.00000000e+00
  0.00000000e+00 0.00000000e+00 7.16860671e-02]
 [2.72566751e-01 2.44062763e-01 0.00000000e+00 0.00000000e+00
  1.56291454e-01 9.43809429e-02 0.00000000e+00 0.00000000e+00
  0.00000000e+00 0.00000000e+00 0.00000000e+00 0.00000000e+00
  0.00000000e+00 0.00000000e+00 0.00000000e+00]
 [0.00000000e+00 2.63534806e-01 0.00000000e+00 1.50664055e-01
  4.31236751e-01 6.52373603e-01 0.00000000e+00 0.00000000e+00
  0.00000000e+00 0.00000000e+00 0.00000000e+00 0.00000000e+00
  0.00000000e+00 1.60602528e-01 1.19468515e+00]
 [3.95163393e-02 1.87695191e-01 0.00000000e+00 9.05704281e-02
  3.33882845e-01 1.54756155e-01 0.00000000e+00 0.00000000e+00
  0.00000000e+00 0.00000000e+00 0.00000000e+00 0.00000000e+00
  8.38734404e-02 2.28559627e-01 3.45424674e-01]
 [3.77210443e-01 2.39115052e-01 0.00000000e+00 0.00000000e+00
  5.85311090e-02 8.07916953e-02 0.00000000e+00 0.00000000e+00
  0.00000000e+00 0.00000000e+00 0.00000000e+00 0.00000000e+00
  0.00000000e+00 0.00000000e+00 0.00000000e+00]
 [9.06692702e-02 0.00000000e+00 0.00000000e+00 7.40023993e-02
  2.46657271e-01 3.85661008e-02 0.00000000e+00 0.00000000e+00
  0.00000000e+00 0.00000000e+00 0.00000000e+00 0.00000000e+00
  1.43492201e-01 2.38442665e-01 4.77004570e-01]
 [0.00000000e+00 0.00000000e+00 0.00000000e+00 0.00000000e+00
  0.00000000e+00 2.65331043e-01 2.19936945e-01 5.04202714e-02
  0.00000000e+00 6.08522922e-02 0.00000000e+00 0.00000000e+00
  0.00000000e+00 0.00000000e+00 0.00000000e+00]
 [0.00000000e+00 0.00000000e+00 0.00000000e+00 0.00000000e+00
  0.00000000e+00 2.25562314e-01 3.12114832e-01 1.72832838e-01
  0.00000000e+00 8.68814083e-02 0.00000000e+00 0.00000000e+00
  0.00000000e+00 0.00000000e+00 0.00000000e+00]
 [0.00000000e+00 0.00000000e+00 0.00000000e+00 0.00000000e+00
  1.88464923e-01 7.81048908e-01 0.00000000e+00 0.00000000e+00
  4.44263563e-04 1.63758817e-01 0.00000000e+00 0.00000000e+00
  0.00000000e+00 0.00000000e+00 0.00000000e+00]
 [0.00000000e+00 0.00000000e+00 0.00000000e+00 0.00000000e+00
  0.00000000e+00 2.38436216e-01 2.60622018e-01 4.55452343e-02
  0.00000000e+00 0.00000000e+00 0.00000000e+00 0.00000000e+00
  0.00000000e+00 0.00000000e+00 0.00000000e+00]
 [1.39676846e+00 1.59438275e+00 1.97035730e+00 1.91732726e+00
  7.44108901e-01 1.77490219e-01 1.31334923e+00 2.31897188e+00
  2.54511960e+00 2.48440189e+00 2.90109762e+00 2.46574654e+00
  2.23416914e+00 2.05189567e+00 1.50649674e+00]]

18
----------------------------------------------------------------------------------
[[2.41771890e-01 0.00000000e+00 0.00000000e+00 0.00000000e+00
  0.00000000e+00 0.00000000e+00 0.00000000e+00 0.00000000e+00
  0.00000000e+00 0.00000000e+00 0.00000000e+00 0.00000000e+00
  0.00000000e+00 0.00000000e+00 0.00000000e+00]
 [4.35700947e-01 0.00000000e+00 0.00000000e+00 0.00000000e+00
  0.00000000e+00 0.00000000e+00 0.00000000e+00 0.00000000e+00
  0.00000000e+00 0.00000000e+00 0.00000000e+00 2.40753208e-02
  0.00000000e+00 0.00000000e+00 0.00000000e+00]
 [1.85120363e-01 0.00000000e+00 0.00000000e+00 0.00000000e+00
  0.00000000e+00 0.00000000e+00 0.00000000e+00 0.00000000e+00
  0.00000000e+00 0.00000000e+00 0.00000000e+00 2.27747178e-01
  0.00000000e+00 0.00000000e+00 0.00000000e+00]
 [2.06096788e-01 0.00000000e+00 0.00000000e+00 0.00000000e+00
  0.00000000e+00 0.00000000e+00 0.00000000e+00 0.00000000e+00
  0.00000000e+00 0.00000000e+00 0.00000000e+00 0.00000000e+00
  0.00000000e+00 0.00000000e+00 2.73858752e-03]
 [2.45298233e-01 0.00000000e+00 0.00000000e+00 0.00000000e+00
  0.00000000e+00 0.00000000e+00 0.00000000e+00 0.00000000e+00
  0.00000000e+00 0.00000000e+00 0.00000000e+00 5.78486715e-02
  0.00000000e+00 0.00000000e+00 8.99337644e-03]
 [1.31972272e-01 0.00000000e+00 0.00000000e+00 0.00000000e+00
  0.00000000e+00 0.00000000e+00 0.00000000e+00 0.00000000e+00
  3.18685668e-02 0.00000000e+00 0.00000000e+00 1.38705468e-01
  2.71355296e-02 0.00000000e+00 4.19591576e-02]
 [2.33176764e-01 0.00000000e+00 0.00000000e+00 0.00000000e+00
  0.00000000e+00 0.00000000e+00 1.67631274e-02 0.00000000e+00
  0.00000000e+00 0.00000000e+00 0.00000000e+00 9.78050634e-02
  0.00000000e+00 0.00000000e+00 0.00000000e+00]
 [0.00000000e+00 0.00000000e+00 0.00000000e+00 0.00000000e+00
  0.00000000e+00 0.00000000e+00 0.00000000e+00 0.00000000e+00
  0.00000000e+00 0.00000000e+00 0.00000000e+00 0.00000000e+00
  0.00000000e+00 0.00000000e+00 0.00000000e+00]
 [5.97240054e-02 0.00000000e+00 0.00000000e+00 0.00000000e+00
  0.00000000e+00 0.00000000e+00 0.00000000e+00 0.00000000e+00
  0.00000000e+00 0.00000000e+00 0.00000000e+00 0.00000000e+00
  0.00000000e+00 0.00000000e+00 0.00000000e+00]
 [3.18357251e-01 0.00000000e+00 0.00000000e+00 0.00000000e+00
  2.57491936e-01 0.00000000e+00 0.00000000e+00 0.00000000e+00
  0.00000000e+00 0.00000000e+00 0.00000000e+00 1.69119173e-01
  0.00000000e+00 0.00000000e+00 3.00293075e-01]
 [5.60170654e-02 0.00000000e+00 0.00000000e+00 0.00000000e+00
  0.00000000e+00 0.00000000e+00 0.00000000e+00 0.00000000e+00
  0.00000000e+00 0.00000000e+00 0.00000000e+00 0.00000000e+00
  0.00000000e+00 0.00000000e+00 0.00000000e+00]
 [4.17737996e-02 0.00000000e+00 0.00000000e+00 0.00000000e+00
  0.00000000e+00 0.00000000e+00 0.00000000e+00 0.00000000e+00
  0.00000000e+00 0.00000000e+00 0.00000000e+00 0.00000000e+00
  0.00000000e+00 0.00000000e+00 0.00000000e+00]
 [8.64760865e-02 0.00000000e+00 0.00000000e+00 0.00000000e+00
  0.00000000e+00 0.00000000e+00 8.13491323e-02 0.00000000e+00
  0.00000000e+00 0.00000000e+00 0.00000000e+00 0.00000000e+00
  0.00000000e+00 0.00000000e+00 0.00000000e+00]
 [0.00000000e+00 0.00000000e+00 0.00000000e+00 3.39022468e-02
  4.03433803e-01 0.00000000e+00 0.00000000e+00 0.00000000e+00
  0.00000000e+00 0.00000000e+00 0.00000000e+00 0.00000000e+00
  0.00000000e+00 0.00000000e+00 0.00000000e+00]
 [0.00000000e+00 0.00000000e+00 0.00000000e+00 4.98887021e-02
  2.98099678e-01 0.00000000e+00 0.00000000e+00 0.00000000e+00
  0.00000000e+00 0.00000000e+00 0.00000000e+00 0.00000000e+00
  0.00000000e+00 0.00000000e+00 0.00000000e+00]
 [0.00000000e+00 0.00000000e+00 0.00000000e+00 0.00000000e+00
  3.06375199e-01 0.00000000e+00 0.00000000e+00 0.00000000e+00
  0.00000000e+00 0.00000000e+00 1.47282868e-02 0.00000000e+00
  0.00000000e+00 0.00000000e+00 0.00000000e+00]
 [0.00000000e+00 0.00000000e+00 0.00000000e+00 0.00000000e+00
  1.18156663e-01 0.00000000e+00 0.00000000e+00 0.00000000e+00
  0.00000000e+00 0.00000000e+00 0.00000000e+00 0.00000000e+00
  0.00000000e+00 0.00000000e+00 0.00000000e+00]
 [1.21656803e+00 2.72171724e+00 3.18510883e+00 2.05203687e+00
  1.37960201e+00 2.30946759e+00 2.68778098e+00 2.63896601e+00
  2.43556903e+00 1.92918327e+00 1.67783344e+00 1.30673840e+00
  1.31610051e+00 1.40801523e+00 1.10714000e+00]]

19
----------------------------------------------------------------------------------
[[0.00000000e+00 0.00000000e+00 0.00000000e+00 2.77878630e-01
  0.00000000e+00 0.00000000e+00 0.00000000e+00 0.00000000e+00
  0.00000000e+00 3.30970479e-02 6.07722215e-02 4.37176711e-02
  0.00000000e+00 0.00000000e+00 0.00000000e+00]
 [0.00000000e+00 0.00000000e+00 2.07674339e-02 4.81940005e-01
  2.94127997e-02 1.06556023e-01 0.00000000e+00 0.00000000e+00
  0.00000000e+00 7.95157786e-02 1.50556186e-01 9.57342484e-02
  0.00000000e+00 0.00000000e+00 0.00000000e+00]
 [0.00000000e+00 2.14926737e-01 4.55231860e-01 4.82291933e-01
  7.39801320e-02 1.46582332e-01 1.56917801e-01 1.26551820e-01
  0.00000000e+00 3.69179133e-01 2.52528852e-01 0.00000000e+00
  0.00000000e+00 0.00000000e+00 0.00000000e+00]
 [0.00000000e+00 0.00000000e+00 0.00000000e+00 1.54764330e-01
  0.00000000e+00 0.00000000e+00 0.00000000e+00 0.00000000e+00
  0.00000000e+00 1.85886195e-02 0.00000000e+00 1.56419981e-02
  0.00000000e+00 0.00000000e+00 0.00000000e+00]
 [0.00000000e+00 0.00000000e+00 0.00000000e+00 6.59920470e-02
  0.00000000e+00 0.00000000e+00 0.00000000e+00 0.00000000e+00
  0.00000000e+00 0.00000000e+00 7.50813167e-03 2.51768081e-02
  0.00000000e+00 0.00000000e+00 0.00000000e+00]
 [0.00000000e+00 3.49339623e-02 1.42769966e-01 3.99054667e-01
  2.21981890e-01 0.00000000e+00 1.44476980e-01 0.00000000e+00
  5.55244560e-02 1.92779185e-01 3.45325730e-01 1.56658034e-01
  3.36053681e-02 1.61364115e-01 1.07168460e-01]
 [0.00000000e+00 0.00000000e+00 0.00000000e+00 2.50445898e-01
  0.00000000e+00 0.00000000e+00 0.00000000e+00 0.00000000e+00
  0.00000000e+00 0.00000000e+00 1.82186458e-01 0.00000000e+00
  0.00000000e+00 0.00000000e+00 0.00000000e+00]
 [0.00000000e+00 6.73133379e-03 0.00000000e+00 2.39717980e-01
  0.00000000e+00 0.00000000e+00 0.00000000e+00 0.00000000e+00
  0.00000000e+00 1.04682434e-01 4.02885224e-05 2.38473793e-02
  0.00000000e+00 0.00000000e+00 0.00000000e+00]
 [0.00000000e+00 0.00000000e+00 0.00000000e+00 2.33160513e-02
  0.00000000e+00 0.00000000e+00 0.00000000e+00 0.00000000e+00
  0.00000000e+00 0.00000000e+00 1.86541739e-02 2.01345700e-02
  0.00000000e+00 0.00000000e+00 0.00000000e+00]
 [1.01750077e-01 3.64696612e-01 0.00000000e+00 9.46066594e-01
  5.02936768e-01 3.96103372e-01 3.37631366e-02 4.08645535e-01
  5.71426844e-01 6.38635771e-01 6.92424707e-01 3.14757870e-01
  2.34355501e-01 0.00000000e+00 3.22592994e-01]
 [0.00000000e+00 0.00000000e+00 0.00000000e+00 2.08837485e-01
  1.03933476e-01 0.00000000e+00 0.00000000e+00 0.00000000e+00
  0.00000000e+00 2.71137993e-02 1.83701180e-01 0.00000000e+00
  0.00000000e+00 0.00000000e+00 0.00000000e+00]
 [0.00000000e+00 0.00000000e+00 0.00000000e+00 8.63348764e-03
  0.00000000e+00 8.52168912e-02 0.00000000e+00 0.00000000e+00
  0.00000000e+00 1.43059230e-02 9.31340055e-02 2.17268588e-02
  0.00000000e+00 0.00000000e+00 0.00000000e+00]
 [0.00000000e+00 0.00000000e+00 0.00000000e+00 2.04802801e-01
  1.89112015e-01 0.00000000e+00 0.00000000e+00 6.56944062e-02
  0.00000000e+00 6.63849292e-02 2.05620308e-01 0.00000000e+00
  0.00000000e+00 0.00000000e+00 0.00000000e+00]
 [4.43095740e-02 9.71743532e-02 1.19586344e-01 0.00000000e+00
  4.87576091e-02 4.32637587e-02 4.54362531e-02 1.67992309e-02
  3.05744370e-02 2.61582804e-01 1.68071462e-01 0.00000000e+00
  0.00000000e+00 0.00000000e+00 1.94211415e-02]
 [0.00000000e+00 2.58752147e-01 6.03383305e-02 0.00000000e+00
  3.42314016e-02 6.12842284e-02 1.97049460e-01 4.98464991e-02
  4.11796894e-02 2.13760800e-01 2.66838194e-01 4.77167431e-02
  0.00000000e+00 0.00000000e+00 1.39159709e-02]
 [3.01020974e-01 2.21928504e-01 1.23698932e-01 3.38385199e-01
  1.27569669e-01 2.73549216e-01 1.07555390e-01 1.63231253e-01
  2.15807185e-01 5.05975520e-01 4.27984138e-01 0.00000000e+00
  1.92099313e-01 0.00000000e+00 0.00000000e+00]
 [0.00000000e+00 1.59260049e-01 0.00000000e+00 0.00000000e+00
  0.00000000e+00 1.05256933e-01 6.42121513e-02 0.00000000e+00
  0.00000000e+00 2.85635281e-01 1.07481720e-01 7.21150793e-02
  0.00000000e+00 0.00000000e+00 1.41665785e-01]
 [7.31961153e-01 3.44208121e-01 3.79927343e-01 2.13599200e-01
  3.24500132e-01 5.26417804e-01 6.53268347e-01 5.73377720e-01
  5.82585105e-01 1.63413197e-01 1.14861336e-01 2.72851548e-01
  4.51873976e-01 5.59922610e-01 7.29882967e-01]]

19
----------------------------------------------------------------------------------
[[0.         0.         0.03300107 0.         0.00448959 0.13766565
  0.18750882]
 [0.         0.         0.         0.         0.         0.41523823
  0.06966638]
 [0.         0.         0.         0.         0.13964367 0.12012736
  0.10940827]
 [0.         0.         0.         0.         0.         0.03022455
  0.14559041]
 [0.         0.         0.00285342 0.         0.         0.08534348
  0.20406473]
 [0.         0.         0.0808793  0.         0.42873821 0.2363653
  0.14977964]
 [0.         0.         0.         0.         0.         0.16965781
  0.20677879]
 [0.         0.         0.         0.         0.         0.01294715
  0.08538397]
 [0.         0.         0.         0.         0.         0.03737933
  0.11238787]
 [0.         0.05835761 0.         0.20027788 0.         0.30031404
  0.6084968 ]
 [0.         0.         0.         0.         0.         0.05258649
  0.18235276]
 [0.         0.         0.         0.         0.         0.02030695
  0.16419935]
 [0.01293253 0.         0.         0.         0.         0.
  0.2049147 ]
 [0.         0.07210203 0.         0.         0.         0.
  0.        ]
 [0.         0.         0.         0.         0.         0.
  0.02726373]
 [0.         0.         0.         0.         0.         0.02048656
  0.44455067]
 [0.         0.03243757 0.         0.0076886  0.         0.
  0.05069312]
 [1.07372713 0.65206452 0.95636736 1.22927017 0.72053173 0.83471006
  0.32287083]]