

1
----------------------------------------------------------------------------------
[[0.00000000e+00 0.00000000e+00 2.94971209e-01 5.50985134e-02
  6.31805106e-02 3.33887979e-01 4.76245251e-02 1.61815801e-01
  0.00000000e+00 1.93605683e-01 0.00000000e+00 0.00000000e+00
  0.00000000e+00 0.00000000e+00 0.00000000e+00]
 [0.00000000e+00 0.00000000e+00 1.35648674e-01 6.79391073e-02
  3.25927619e-02 2.40825273e-01 0.00000000e+00 1.63087501e-01
  1.80654660e-01 1.71338752e-01 0.00000000e+00 0.00000000e+00
  0.00000000e+00 0.00000000e+00 0.00000000e+00]
 [0.00000000e+00 2.84001219e-02 2.61953024e-01 1.60953610e-01
  2.48105051e-01 3.43626454e-01 3.78051832e-01 5.57900818e-02
  3.07495343e-01 5.36023479e-01 0.00000000e+00 0.00000000e+00
  0.00000000e+00 0.00000000e+00 0.00000000e+00]
 [0.00000000e+00 0.00000000e+00 1.30244166e-01 0.00000000e+00
  6.51561164e-02 1.95932317e-01 0.00000000e+00 1.06109896e-01
  1.31306254e-01 1.77773348e-01 0.00000000e+00 0.00000000e+00
  0.00000000e+00 0.00000000e+00 0.00000000e+00]
 [0.00000000e+00 0.00000000e+00 0.00000000e+00 0.00000000e+00
  1.96859189e-02 2.01139989e-01 0.00000000e+00 4.42630995e-02
  1.47127545e-01 3.05055641e-02 0.00000000e+00 0.00000000e+00
  0.00000000e+00 0.00000000e+00 0.00000000e+00]
 [0.00000000e+00 1.75760642e-01 2.52622065e-01 1.79291461e-01
  5.82743946e-02 4.02304929e-01 7.04918082e-02 2.23149585e-01
  1.42459002e-01 5.16577053e-02 3.14851685e-02 4.74058600e-03
  0.00000000e+00 0.00000000e+00 0.00000000e+00]
 [0.00000000e+00 2.44265592e-03 1.06019166e-01 0.00000000e+00
  0.00000000e+00 2.15125451e-01 0.00000000e+00 0.00000000e+00
  9.59990181e-03 1.87862116e-02 0.00000000e+00 0.00000000e+00
  0.00000000e+00 0.00000000e+00 0.00000000e+00]
 [0.00000000e+00 0.00000000e+00 1.39701812e-01 1.91446286e-02
  5.05083031e-02 8.98957529e-01 2.81658807e+00 3.73454974e-01
  9.87097947e-01 1.04968402e+00 0.00000000e+00 0.00000000e+00
  0.00000000e+00 0.00000000e+00 0.00000000e+00]
 [0.00000000e+00 0.00000000e+00 1.49251747e-01 0.00000000e+00
  0.00000000e+00 1.07246291e+00 4.81093083e+00 5.06668892e-01
  8.83480450e-01 1.32836409e+00 8.80908524e-02 5.17324367e-02
  0.00000000e+00 0.00000000e+00 0.00000000e+00]
 [0.00000000e+00 3.14104252e-02 6.54496153e-01 0.00000000e+00
  5.09511777e-01 1.11998520e+00 1.74129447e+00 8.46057045e-01
  2.95682858e-01 1.09883156e+00 1.08349889e-01 4.00926990e-01
  0.00000000e+00 4.29804227e-01 0.00000000e+00]
 [0.00000000e+00 0.00000000e+00 2.31461634e-01 0.00000000e+00
  0.00000000e+00 6.81396175e-01 2.97319994e+00 1.36241246e+00
  0.00000000e+00 5.60978493e-01 0.00000000e+00 0.00000000e+00
  0.00000000e+00 0.00000000e+00 0.00000000e+00]
 [0.00000000e+00 0.00000000e+00 4.99597012e-02 0.00000000e+00
  0.00000000e+00 5.06021790e-01 3.19251863e+00 2.52631523e-01
  8.41600056e-01 1.29819754e+00 1.19317123e-02 0.00000000e+00
  0.00000000e+00 0.00000000e+00 0.00000000e+00]
 [0.00000000e+00 0.00000000e+00 2.07340676e-01 0.00000000e+00
  0.00000000e+00 4.70244200e-01 1.91768833e+00 1.58134275e+00
  0.00000000e+00 4.00143134e-01 2.43649510e-02 0.00000000e+00
  0.00000000e+00 0.00000000e+00 0.00000000e+00]
 [0.00000000e+00 7.52833913e-02 1.85278945e-02 0.00000000e+00
  0.00000000e+00 2.05258337e-01 3.16311383e-02 9.77537998e-02
  0.00000000e+00 3.03943914e-02 0.00000000e+00 0.00000000e+00
  0.00000000e+00 0.00000000e+00 0.00000000e+00]
 [0.00000000e+00 2.93205537e-02 1.00195961e-02 0.00000000e+00
  1.63799148e-02 5.86442643e-01 4.45876602e-01 2.22707742e-01
  0.00000000e+00 0.00000000e+00 0.00000000e+00 0.00000000e+00
  0.00000000e+00 0.00000000e+00 0.00000000e+00]
 [0.00000000e+00 1.34436614e-01 1.11067982e-01 7.96461904e-02
  0.00000000e+00 2.50474034e-01 6.42998251e-02 1.97446156e-01
  0.00000000e+00 0.00000000e+00 2.16224180e-01 0.00000000e+00
  0.00000000e+00 0.00000000e+00 0.00000000e+00]
 [0.00000000e+00 3.12482327e-02 1.45961182e-01 0.00000000e+00
  0.00000000e+00 1.78393171e-01 1.47988542e-01 0.00000000e+00
  0.00000000e+00 2.17976690e-01 0.00000000e+00 0.00000000e+00
  0.00000000e+00 0.00000000e+00 0.00000000e+00]
 [1.33872091e+00 1.15559574e+00 1.14332650e+00 1.10990624e+00
  7.88336496e-01 5.75486807e-01 9.41759996e-01 1.00918690e+00
  6.62784514e-01 4.74059575e-01 6.43298078e-01 6.16052595e-01
  1.14946101e+00 1.47118507e+00 1.56992757e+00]]

2
----------------------------------------------------------------------------------
[[0.         0.         0.         0.         0.         0.
  0.         0.         0.         0.06360722 0.         0.
  0.         0.         0.00590949]
 [0.         0.         0.         0.         0.0934071  0.
  0.004133   0.         0.05383162 0.21322373 0.10935398 0.
  0.         0.         0.09525012]
 [0.         0.18562815 0.         0.03836767 0.18476666 0.
  0.         0.06912089 0.01672401 0.20118197 0.03570433 0.13757613
  0.         0.18853559 0.28552594]
 [0.         0.         0.         0.         0.         0.
  0.         0.         0.         0.02356063 0.05544416 0.
  0.         0.         0.        ]
 [0.         0.         0.         0.         0.         0.
  0.         0.01373915 0.         0.06142326 0.01212302 0.03924656
  0.         0.         0.        ]
 [0.20646295 0.         0.18162085 0.         0.         0.
  0.         0.         0.15986931 0.41591456 0.11388226 0.02503145
  0.09543054 0.10638092 0.17724292]
 [0.         0.02007513 0.         0.         0.         0.
  0.04961694 0.06970125 0.         0.05994417 0.05258221 0.04516031
  0.         0.         0.01985332]
 [0.         0.         0.         0.         0.         0.
  0.         0.         0.         0.04279353 0.         0.
  0.         0.         0.        ]
 [0.         0.         0.         0.         0.         0.
  0.         0.         0.         0.         0.         0.
  0.         0.         0.        ]
 [0.06782529 0.         0.         0.         0.         0.
  0.         0.37548004 0.27049652 0.25606874 0.07231295 0.61910346
  0.42993609 0.21521124 0.461981  ]
 [0.         0.         0.         0.         0.         0.
  0.         0.08511179 0.         0.13856714 0.         0.
  0.         0.         0.        ]
 [0.         0.         0.         0.         0.         0.
  0.         0.         0.         0.07180753 0.03145769 0.
  0.         0.         0.        ]
 [0.         0.         0.         0.         0.04932787 0.
  0.         0.         0.         0.12821466 0.04806469 0.00611332
  0.         0.2702496  0.        ]
 [0.         0.         0.         0.         0.         0.
  0.03008228 0.         0.         0.15197193 0.09478949 0.
  0.         0.         0.        ]
 [0.         0.         0.04822435 0.         0.         0.
  0.08043945 0.         0.         0.20421836 0.03187351 0.
  0.         0.         0.        ]
 [0.15528581 0.         0.03555206 0.         0.00746681 0.
  0.         0.01281093 0.         0.583125   0.31367075 0.
  0.         0.         0.        ]
 [0.         0.         0.06202618 0.         0.         0.
  0.         0.         0.         0.2470784  0.         0.
  0.         0.         0.        ]
 [0.78194657 0.51337501 0.82291785 1.07394996 1.18294079 1.22382338
  1.03528601 0.89589083 0.47947155 0.19215842 0.34512825 0.28173621
  0.39172338 0.58564406 0.69002058]]

3
----------------------------------------------------------------------------------
[[0.00000000e+00 4.90919537e-02 3.10864759e-02 1.45278891e-01
  0.00000000e+00 4.25318097e-02 2.65030384e-01 0.00000000e+00
  0.00000000e+00 1.43352051e-02 0.00000000e+00 0.00000000e+00
  0.00000000e+00 0.00000000e+00 0.00000000e+00]
 [0.00000000e+00 0.00000000e+00 1.92705374e-01 1.28610441e-01
  3.24375421e-02 2.15728552e-01 2.08912378e-01 1.49008350e-03
  0.00000000e+00 4.21625540e-03 0.00000000e+00 0.00000000e+00
  0.00000000e+00 0.00000000e+00 0.00000000e+00]
 [0.00000000e+00 3.12050052e-01 6.09990589e-01 3.09032631e-01
  1.11179107e-01 5.79391300e-01 2.64326680e-01 1.55819897e-01
  1.07677265e-01 8.70068881e-02 0.00000000e+00 0.00000000e+00
  0.00000000e+00 0.00000000e+00 8.25527192e-02]
 [0.00000000e+00 0.00000000e+00 4.52848645e-02 0.00000000e+00
  0.00000000e+00 0.00000000e+00 1.06491835e-01 0.00000000e+00
  0.00000000e+00 1.05843063e-01 0.00000000e+00 0.00000000e+00
  0.00000000e+00 0.00000000e+00 0.00000000e+00]
 [0.00000000e+00 9.69471146e-02 1.12009379e-02 5.31776410e-02
  0.00000000e+00 2.00654938e-02 2.36076025e-01 0.00000000e+00
  0.00000000e+00 1.28036570e-01 4.40780834e-02 0.00000000e+00
  0.00000000e+00 0.00000000e+00 0.00000000e+00]
 [4.73320330e-02 0.00000000e+00 1.84380880e-01 1.27713734e-01
  1.97431779e-01 5.98791007e-01 3.09640961e-01 1.10035108e-01
  1.02303309e-01 2.28966016e-01 0.00000000e+00 0.00000000e+00
  0.00000000e+00 6.65055545e-02 9.92521663e-02]
 [0.00000000e+00 1.49381017e-01 0.00000000e+00 8.96338381e-02
  0.00000000e+00 1.29882282e-01 1.54607767e-01 0.00000000e+00
  0.00000000e+00 5.11350511e-02 0.00000000e+00 0.00000000e+00
  0.00000000e+00 0.00000000e+00 0.00000000e+00]
 [0.00000000e+00 0.00000000e+00 0.00000000e+00 2.08714902e-02
  0.00000000e+00 0.00000000e+00 4.07901575e-02 0.00000000e+00
  0.00000000e+00 7.70840575e-02 0.00000000e+00 0.00000000e+00
  0.00000000e+00 0.00000000e+00 0.00000000e+00]
 [0.00000000e+00 0.00000000e+00 0.00000000e+00 0.00000000e+00
  0.00000000e+00 0.00000000e+00 4.40190981e-02 0.00000000e+00
  0.00000000e+00 4.55224829e-02 0.00000000e+00 0.00000000e+00
  0.00000000e+00 0.00000000e+00 0.00000000e+00]
 [0.00000000e+00 0.00000000e+00 5.55057372e-01 4.06217100e-01
  5.77293935e-01 6.84050270e-01 2.08325438e-01 2.42926128e-01
  5.73766465e-01 0.00000000e+00 0.00000000e+00 1.26904283e-01
  0.00000000e+00 0.00000000e+00 8.41390368e-02]
 [0.00000000e+00 7.19821097e-03 7.44406280e-02 4.87535308e-02
  0.00000000e+00 1.04988359e-01 1.06919329e-01 1.37241632e-01
  0.00000000e+00 0.00000000e+00 0.00000000e+00 0.00000000e+00
  0.00000000e+00 0.00000000e+00 0.00000000e+00]
 [0.00000000e+00 0.00000000e+00 2.00379471e-02 0.00000000e+00
  0.00000000e+00 4.59387031e-02 4.27342696e-02 0.00000000e+00
  0.00000000e+00 1.22019531e-01 0.00000000e+00 0.00000000e+00
  0.00000000e+00 0.00000000e+00 0.00000000e+00]
 [0.00000000e+00 3.23860855e-02 1.12646857e-01 1.15330627e-01
  1.86766460e-01 1.59172161e-01 2.77390225e-01 6.33030364e-02
  0.00000000e+00 0.00000000e+00 0.00000000e+00 0.00000000e+00
  0.00000000e+00 0.00000000e+00 1.63846462e-02]
 [0.00000000e+00 0.00000000e+00 0.00000000e+00 0.00000000e+00
  0.00000000e+00 9.74365983e-02 0.00000000e+00 0.00000000e+00
  0.00000000e+00 2.03555104e-01 3.96864610e-01 6.42212526e-01
  0.00000000e+00 8.80117226e-02 3.09591607e-02]
 [0.00000000e+00 0.00000000e+00 7.12894768e-02 0.00000000e+00
  3.39079964e-02 2.09154781e-01 0.00000000e+00 0.00000000e+00
  0.00000000e+00 2.27554689e-01 9.17282236e-01 1.34518336e+00
  0.00000000e+00 7.65049970e-02 4.32694540e-02]
 [0.00000000e+00 2.67966728e-02 3.37451838e-01 2.46409635e-01
  3.45127049e-01 3.26778001e-01 2.09210843e-01 1.10307794e-01
  2.90598642e-01 5.56625187e-01 4.34391416e-01 7.76317925e-01
  0.00000000e+00 0.00000000e+00 9.84991896e-02]
 [0.00000000e+00 0.00000000e+00 0.00000000e+00 2.69779253e-02
  0.00000000e+00 9.19723795e-02 2.53363891e-02 0.00000000e+00
  0.00000000e+00 5.57969511e-01 7.57621533e-01 4.10087895e-01
  0.00000000e+00 0.00000000e+00 0.00000000e+00]
 [1.14406745e+00 5.84743284e-01 1.75908627e-01 1.90398621e-01
  2.78298131e-01 1.65386900e-01 3.13351301e-01 6.99515175e-01
  7.79388010e-01 8.76921712e-01 1.26517624e+00 1.48801284e+00
  2.18803454e+00 1.24449173e+00 4.42523836e-01]]

4
----------------------------------------------------------------------------------
[[0.         0.41228253 0.         0.         0.74840686 0.28782171
  0.90515373 0.         0.3622269  0.         0.         0.
  0.         0.14082321 0.17656721]
 [0.         0.11690243 0.         0.         0.5196963  0.08427771
  0.52079629 0.         0.64786874 0.         0.         0.
  0.         0.06386761 0.12452385]
 [0.         0.         0.         0.         0.58920638 0.04435831
  0.62401556 0.15750976 0.40505246 0.         0.         0.
  0.         0.0834294  0.44428539]
 [0.         0.35470809 0.         0.         0.76156854 0.26356249
  0.74922275 0.         0.30773277 0.         0.         0.
  0.         0.15148227 0.1468449 ]
 [0.         0.34390881 0.         0.         0.43713227 0.12360363
  0.46111789 0.         0.08986124 0.         0.         0.
  0.         0.05546098 0.16187058]
 [0.         0.         0.         0.         0.48148695 0.
  0.66567612 0.15681878 0.44083268 0.         0.         0.
  0.         0.12008627 0.09480435]
 [0.         0.00319048 0.         0.         0.19157911 0.
  0.28875396 0.         0.24189178 0.         0.         0.
  0.         0.         0.11574882]
 [0.         0.28952839 0.         0.         0.8022026  0.2352018
  0.78491105 0.         0.39993124 0.         0.         0.
  0.         0.20983813 0.03127006]
 [0.         0.22496587 0.         0.         0.67037238 0.07564061
  0.45005866 0.         0.19029679 0.         0.         0.
  0.         0.12801959 0.07826104]
 [0.         0.         0.         0.         1.01909659 0.
  0.56483785 0.45246941 1.40757243 0.         0.         0.
  0.         0.3709821  0.27247095]
 [0.         0.         0.         0.         0.31989087 0.
  0.11916278 0.         0.26802645 0.         0.         0.
  0.         0.         0.        ]
 [0.         0.19994919 0.         0.         0.64982118 0.01747524
  0.48659579 0.         0.15129615 0.         0.         0.
  0.         0.12670957 0.        ]
 [0.18855165 0.         0.         0.         0.48565252 0.
  0.27719391 0.         0.3532046  0.         0.         0.
  0.         0.18452332 0.        ]
 [0.71052776 0.62146111 0.2987068  0.         1.00980404 0.3724203
  0.85583834 0.02294147 0.48606739 0.         0.08640971 0.17278076
  0.         0.         0.        ]
 [1.0398316  1.39655303 2.03650797 0.         1.73401796 1.95148872
  1.68983278 0.18551395 0.70020952 0.08809291 0.23132093 0.40320185
  0.17167863 0.03722516 0.        ]
 [1.23503695 0.4164684  0.77488253 0.25439145 1.28885833 1.04730962
  1.34182888 0.39817833 0.69259542 0.         0.11173079 0.13774946
  0.         0.03973881 0.        ]
 [0.43047648 0.87923822 0.59176897 0.         1.64680667 1.0430303
  1.00103384 0.09448257 0.59223899 0.21141674 0.         0.
  0.         0.05767268 0.02244905]
 [1.07459206 1.32007978 2.79504829 2.06698698 0.38831921 1.1918757
  0.23245582 0.94970935 0.11111592 1.84436396 2.92654378 2.66378968
  1.43865988 0.49542283 1.05500908]]

5
----------------------------------------------------------------------------------
[[0.         0.         0.         0.         0.         0.
  0.         0.         0.         0.         0.         0.
  0.         0.         0.        ]
 [0.         0.         0.00541595 0.         0.03629723 0.
  0.         0.         0.         0.         0.         0.
  0.         0.         0.        ]
 [0.         0.03384501 0.10920619 0.00706701 0.06431485 0.25858738
  0.         0.         0.         0.         0.         0.
  0.         0.         0.        ]
 [0.         0.         0.         0.         0.04109912 0.
  0.         0.         0.         0.         0.         0.
  0.         0.         0.        ]
 [0.         0.         0.         0.         0.00338508 0.
  0.         0.         0.         0.         0.         0.
  0.         0.09104807 0.        ]
 [0.         0.31016737 0.14475502 0.         0.15699952 0.
  0.4549297  0.         0.         0.         0.         0.
  0.         0.13539561 0.        ]
 [0.         0.05142886 0.         0.         0.04892082 0.
  0.         0.         0.         0.         0.         0.
  0.         0.07621006 0.        ]
 [1.54686888 1.62527278 0.08088884 0.51278044 0.1427546  0.
  0.         0.         0.         0.         0.         0.
  0.         0.         0.        ]
 [2.03806571 2.73216352 0.20876517 0.532759   0.31804622 0.
  0.         0.         0.         0.         0.         0.
  0.         0.         0.        ]
 [0.75686665 1.93030249 0.35561488 0.02660247 0.65771721 0.38606396
  0.         0.         0.1735339  0.         0.         0.
  0.         0.         0.        ]
 [1.59234138 2.57836754 0.7982785  0.29809535 0.         0.
  0.         0.         0.         0.         0.         0.
  0.         0.         0.        ]
 [0.56146979 1.35322524 0.17306262 0.44729577 0.03794405 0.
  0.         0.         0.         0.         0.         0.
  0.         0.         0.        ]
 [0.5705138  2.33510944 0.3379651  0.34318924 0.32901924 0.
  0.         0.         0.         0.         0.         0.
  0.         0.         0.        ]
 [0.         0.30959748 0.13053107 0.02128113 0.09905248 0.
  0.07814818 0.27850433 0.28406488 0.         0.02403818 0.
  0.         0.10344849 0.        ]
 [0.04797085 0.65746467 0.07189935 0.02012114 0.11525001 0.
  0.34957587 0.28628831 0.49676175 0.02428194 0.05361763 0.
  0.         0.15524832 0.        ]
 [0.         0.30638383 0.05608618 0.44082231 0.36472326 0.04581171
  0.08994502 0.         0.         0.         0.         0.
  0.         0.1958592  0.        ]
 [0.0560571  0.25401813 0.12136664 0.15302884 0.         0.
  0.0363806  0.         0.22057897 0.         0.         0.
  0.         0.         0.        ]
 [0.59445705 0.43016179 0.3567997  0.49637892 0.69643587 1.33433433
  1.5879198  1.66821028 1.69391313 2.46914879 2.31896643 2.45486486
  2.35936619 1.87065968 2.28063679]]

6
----------------------------------------------------------------------------------
[[0.         0.11130181 0.         0.27002246 0.38364523 0.
  0.         0.         0.         0.         0.         0.
  0.03819569 0.         0.        ]
 [0.         0.38271487 0.0721615  0.17916158 0.30357828 0.
  0.         0.         0.04809936 0.         0.         0.
  0.         0.         0.        ]
 [0.         0.1088282  0.00329609 0.26156222 0.39497892 0.
  0.         0.         0.23809666 0.         0.         0.
  0.3246421  0.         0.        ]
 [0.         0.00934621 0.00403384 0.26096123 0.36656532 0.
  0.         0.         0.         0.         0.         0.
  0.03131969 0.         0.        ]
 [0.         0.21920979 0.         0.19714084 0.29756763 0.00212595
  0.         0.         0.         0.         0.         0.
  0.10483659 0.         0.        ]
 [0.         0.40523043 0.0243375  0.2765366  0.         0.43378602
  0.         0.         0.04122229 0.         0.         0.
  0.         0.         0.        ]
 [0.         0.3502169  0.         0.         0.0632204  0.09967418
  0.         0.         0.         0.         0.         0.
  0.         0.         0.        ]
 [0.         0.         0.06255014 0.14591307 0.20709507 0.
  0.         0.         0.         0.         0.         0.
  0.00857616 0.         0.        ]
 [0.         0.         0.         0.22336006 0.1232488  0.
  0.         0.         0.         0.         0.         0.
  0.05694806 0.         0.        ]
 [0.         0.28185036 0.11252923 0.42579767 0.31879387 0.
  0.         0.         0.         0.         0.         0.03521862
  0.40160925 0.         0.37410857]
 [0.         0.18825256 0.         0.09981401 0.         0.
  0.00232863 0.         0.         0.         0.         0.
  0.04130766 0.         0.        ]
 [0.         0.         0.00670429 0.22706312 0.04298456 0.
  0.         0.         0.         0.         0.         0.
  0.0923277  0.         0.        ]
 [0.         0.23936729 0.05800355 0.00460357 0.         0.
  0.11676035 0.         0.         0.         0.         0.
  0.03140316 0.         0.        ]
 [0.         0.         0.07316282 0.11400591 1.53331286 0.10132622
  0.         0.07260078 0.21352235 0.         0.         0.
  0.38166788 0.13456377 0.        ]
 [0.         0.04581498 0.0299178  0.         0.73194449 0.
  0.05740678 0.         0.03730045 0.2276385  0.         0.04834373
  0.7377876  0.30544415 0.10377184]
 [0.         0.2510695  0.46143922 0.         0.         0.
  0.         0.00680883 0.08650228 0.         0.         0.
  0.15929414 0.00529628 0.        ]
 [0.         0.         0.         0.30924028 0.         0.
  0.03884228 0.         0.10219426 0.11369812 0.02996828 0.
  0.53548018 0.27709919 0.        ]
 [1.16873549 0.84489846 0.64078352 0.39255597 0.76317051 1.47610525
  1.52579529 1.11848376 0.53138266 0.80187938 1.20925118 1.08749416
  0.70945677 0.87844532 0.74317871]]

7
----------------------------------------------------------------------------------
[[0.00000000e+00 0.00000000e+00 0.00000000e+00 4.53100462e-01
  7.49122065e-01 7.52814695e-01 5.41872725e-02 0.00000000e+00
  0.00000000e+00 0.00000000e+00 1.56877339e-01 0.00000000e+00
  0.00000000e+00 0.00000000e+00 0.00000000e+00]
 [0.00000000e+00 0.00000000e+00 0.00000000e+00 4.86059703e-01
  6.47979033e-01 5.85045449e-01 0.00000000e+00 0.00000000e+00
  0.00000000e+00 0.00000000e+00 4.23988557e-02 2.34682001e-02
  0.00000000e+00 1.46806600e-01 5.33679225e-02]
 [0.00000000e+00 0.00000000e+00 1.69388960e-01 6.69055424e-01
  5.18956707e-01 4.18359138e-01 0.00000000e+00 0.00000000e+00
  0.00000000e+00 0.00000000e+00 1.15749220e-01 0.00000000e+00
  0.00000000e+00 3.61587638e-01 1.13870536e-01]
 [0.00000000e+00 0.00000000e+00 0.00000000e+00 4.41124415e-01
  5.98488174e-01 7.10816937e-01 1.04943053e-01 0.00000000e+00
  0.00000000e+00 0.00000000e+00 1.79427799e-01 0.00000000e+00
  0.00000000e+00 1.46720763e-01 0.00000000e+00]
 [0.00000000e+00 0.00000000e+00 0.00000000e+00 4.15076459e-01
  4.26780432e-01 6.53002313e-01 0.00000000e+00 0.00000000e+00
  0.00000000e+00 0.00000000e+00 1.07723842e-01 0.00000000e+00
  0.00000000e+00 1.89010757e-03 0.00000000e+00]
 [0.00000000e+00 0.00000000e+00 0.00000000e+00 7.70368761e-01
  3.34976965e-01 3.17769804e-01 0.00000000e+00 0.00000000e+00
  0.00000000e+00 0.00000000e+00 1.09036192e-01 3.98000970e-02
  0.00000000e+00 1.24942596e-01 2.48505197e-01]
 [0.00000000e+00 0.00000000e+00 0.00000000e+00 4.21178029e-01
  2.46111316e-01 5.74656443e-01 0.00000000e+00 0.00000000e+00
  0.00000000e+00 0.00000000e+00 8.93690494e-02 0.00000000e+00
  0.00000000e+00 0.00000000e+00 0.00000000e+00]
 [0.00000000e+00 0.00000000e+00 0.00000000e+00 4.15302663e-01
  6.01902281e-01 6.27568823e-01 6.70265506e-02 0.00000000e+00
  0.00000000e+00 0.00000000e+00 4.66892044e-02 0.00000000e+00
  0.00000000e+00 0.00000000e+00 0.00000000e+00]
 [9.14976327e-02 0.00000000e+00 0.00000000e+00 3.42532374e-01
  3.76035772e-01 4.41688796e-01 0.00000000e+00 0.00000000e+00
  0.00000000e+00 0.00000000e+00 7.32179295e-02 0.00000000e+00
  0.00000000e+00 0.00000000e+00 0.00000000e+00]
 [0.00000000e+00 0.00000000e+00 1.58139740e-02 3.80752351e-01
  3.67819415e-01 0.00000000e+00 0.00000000e+00 0.00000000e+00
  0.00000000e+00 0.00000000e+00 1.28980167e-02 0.00000000e+00
  0.00000000e+00 2.23982991e-01 2.54439287e-01]
 [0.00000000e+00 0.00000000e+00 0.00000000e+00 1.90581688e-01
  2.68876967e-02 0.00000000e+00 0.00000000e+00 0.00000000e+00
  0.00000000e+00 0.00000000e+00 5.10738839e-02 0.00000000e+00
  0.00000000e+00 0.00000000e+00 0.00000000e+00]
 [8.38527422e-02 0.00000000e+00 0.00000000e+00 3.07174769e-01
  3.47060803e-01 4.82335387e-01 0.00000000e+00 0.00000000e+00
  0.00000000e+00 0.00000000e+00 2.55448851e-02 0.00000000e+00
  0.00000000e+00 0.00000000e+00 0.00000000e+00]
 [0.00000000e+00 0.00000000e+00 4.98792043e-02 7.33615310e-02
  0.00000000e+00 1.44020446e-01 0.00000000e+00 0.00000000e+00
  0.00000000e+00 0.00000000e+00 3.07210070e-02 0.00000000e+00
  0.00000000e+00 1.47006847e-01 0.00000000e+00]
 [0.00000000e+00 1.26395298e-01 7.46299775e-02 1.06832716e-01
  0.00000000e+00 0.00000000e+00 0.00000000e+00 2.91777299e-02
  6.33122879e-01 5.54130463e-02 7.96921953e-02 0.00000000e+00
  0.00000000e+00 4.66686475e-02 0.00000000e+00]
 [0.00000000e+00 1.75498301e-01 2.65379038e-01 4.44828117e-01
  0.00000000e+00 0.00000000e+00 0.00000000e+00 3.93450703e-01
  1.19951852e+00 1.20434075e+00 0.00000000e+00 5.62539240e-01
  9.00741643e-01 8.08662035e-01 2.51985816e-01]
 [0.00000000e+00 2.91811607e-01 1.88962531e-01 4.99767154e-01
  2.88844113e-01 0.00000000e+00 0.00000000e+00 0.00000000e+00
  6.66605345e-01 2.19078513e-01 8.12686395e-02 0.00000000e+00
  1.21442837e-01 0.00000000e+00 0.00000000e+00]
 [0.00000000e+00 0.00000000e+00 0.00000000e+00 1.81890549e-01
  0.00000000e+00 0.00000000e+00 3.47502070e-03 2.09670389e-01
  5.83941010e-01 6.17453475e-02 9.02845315e-02 9.04474435e-02
  0.00000000e+00 1.06066944e-01 0.00000000e+00]
 [1.15792871e+00 8.52175273e-01 6.52128345e-01 6.68583544e-01
  1.21348971e+00 1.98495585e+00 2.56052787e+00 1.93243977e+00
  8.13531136e-01 8.45870167e-01 1.12435391e+00 2.35687784e+00
  2.62960604e+00 1.74094556e+00 1.28319841e+00]]

8
----------------------------------------------------------------------------------
[[0.33721188 0.         0.         0.2020565  0.22647204 0.67137217
  0.         0.         0.         0.34361829 0.51708718 0.20152244
  0.         0.         0.        ]
 [0.34283985 0.52363393 0.08444339 0.72020497 0.7165396  0.37609294
  0.         0.         0.         0.23085981 0.51394047 0.1337818
  0.         0.         0.        ]
 [1.27435341 0.28537509 0.38630829 0.4137735  0.9872151  0.26633881
  0.         0.         0.21495552 0.53017238 0.64345573 0.57640386
  0.         0.         0.        ]
 [0.14791666 0.         0.         0.02394145 0.07085756 0.50589357
  0.         0.         0.         0.08814874 0.29299488 0.08336479
  0.         0.         0.        ]
 [0.2208141  0.11494423 0.         0.38972452 0.32521346 0.30611965
  0.         0.         0.0523406  0.1966736  0.18292432 0.
  0.         0.         0.        ]
 [1.05920118 0.         0.1358199  0.30086908 0.40010957 0.31035582
  0.         0.         0.24875605 0.4921391  0.50137171 0.46651966
  0.         0.04073801 0.        ]
 [0.46054735 0.26825292 0.1494219  0.50550155 0.54454199 0.15208063
  0.         0.         0.12896518 0.26341745 0.25383033 0.00367437
  0.         0.         0.        ]
 [0.         0.         0.         0.         0.         0.54530485
  0.         0.         0.         0.1770792  0.13420672 0.12772581
  0.         0.         0.        ]
 [0.         0.         0.         0.         0.         0.33797442
  0.         0.         0.         0.01207223 0.03183313 0.01330715
  0.         0.         0.        ]
 [0.         0.         0.         0.         0.88011493 0.38194853
  0.         0.21304758 0.33062923 0.21650037 0.36967112 0.44765359
  0.27542651 0.59152565 0.        ]
 [0.21960783 0.06323959 0.15239251 0.32428446 0.32712169 0.
  0.         0.         0.11700949 0.05442925 0.33422659 0.13913628
  0.         0.         0.        ]
 [0.         0.         0.         0.         0.         0.26605804
  0.         0.         0.         0.         0.06149661 0.05478248
  0.         0.         0.        ]
 [0.         0.47930767 0.13820505 0.28366006 0.4284195  0.03000528
  0.         0.04627164 0.09441361 0.24079312 0.29604784 0.13210849
  0.         0.         0.        ]
 [0.         0.         0.         0.         0.         0.20623708
  0.08805347 0.         0.         0.         0.         0.3656017
  0.01544122 0.24797356 0.14755686]
 [0.         0.         0.         0.17982554 0.         0.29306379
  0.08189961 0.07560006 0.         0.         0.07949166 0.35740658
  0.15968628 0.38640063 0.22650639]
 [0.5997693  0.4833841  0.03867372 0.26030791 0.         0.00843389
  0.10460328 0.         0.         0.06451003 0.3631164  0.49452664
  0.02529955 0.30158226 0.17624004]
 [0.         0.         0.         0.         0.         0.36422252
  0.10167094 0.         0.         0.         0.         0.30087486
  0.20143216 0.19726247 0.08631071]
 [1.88107338 3.11584519 3.4056558  2.63228391 1.34099745 0.45071823
  1.40448833 1.291156   1.0297651  0.72140753 0.3741364  0.26513481
  0.69099656 0.6570136  0.83616814]]

9
----------------------------------------------------------------------------------
[[8.59447848e-02 0.00000000e+00 0.00000000e+00 0.00000000e+00
  0.00000000e+00 0.00000000e+00 0.00000000e+00 0.00000000e+00
  0.00000000e+00 0.00000000e+00 0.00000000e+00 0.00000000e+00
  0.00000000e+00 0.00000000e+00 0.00000000e+00]
 [1.75112302e-02 0.00000000e+00 0.00000000e+00 0.00000000e+00
  0.00000000e+00 1.32446016e-01 0.00000000e+00 0.00000000e+00
  0.00000000e+00 1.53831156e-01 0.00000000e+00 0.00000000e+00
  0.00000000e+00 1.05686434e-01 0.00000000e+00]
 [2.32732184e-03 0.00000000e+00 0.00000000e+00 0.00000000e+00
  3.94422142e-02 5.94172887e-01 0.00000000e+00 2.31055004e-01
  0.00000000e+00 1.53306472e-02 0.00000000e+00 0.00000000e+00
  0.00000000e+00 6.61357416e-02 7.92006019e-02]
 [6.43058964e-02 0.00000000e+00 0.00000000e+00 0.00000000e+00
  0.00000000e+00 0.00000000e+00 0.00000000e+00 0.00000000e+00
  0.00000000e+00 0.00000000e+00 0.00000000e+00 0.00000000e+00
  0.00000000e+00 0.00000000e+00 0.00000000e+00]
 [9.03814904e-02 3.47226420e-02 0.00000000e+00 0.00000000e+00
  0.00000000e+00 0.00000000e+00 0.00000000e+00 0.00000000e+00
  0.00000000e+00 7.09883615e-02 0.00000000e+00 0.00000000e+00
  0.00000000e+00 0.00000000e+00 0.00000000e+00]
 [0.00000000e+00 0.00000000e+00 0.00000000e+00 0.00000000e+00
  0.00000000e+00 1.21241861e-01 0.00000000e+00 0.00000000e+00
  0.00000000e+00 4.00240904e-01 2.39007726e-01 0.00000000e+00
  0.00000000e+00 0.00000000e+00 0.00000000e+00]
 [8.52471131e-02 0.00000000e+00 0.00000000e+00 0.00000000e+00
  0.00000000e+00 0.00000000e+00 0.00000000e+00 0.00000000e+00
  0.00000000e+00 0.00000000e+00 0.00000000e+00 0.00000000e+00
  0.00000000e+00 4.24876263e-02 4.66478263e-02]
 [9.89828141e-02 0.00000000e+00 0.00000000e+00 0.00000000e+00
  0.00000000e+00 1.23346659e-01 0.00000000e+00 0.00000000e+00
  0.00000000e+00 0.00000000e+00 0.00000000e+00 0.00000000e+00
  0.00000000e+00 2.31062118e+00 2.37787715e-01]
 [7.70548309e-02 0.00000000e+00 0.00000000e+00 0.00000000e+00
  0.00000000e+00 0.00000000e+00 0.00000000e+00 0.00000000e+00
  0.00000000e+00 0.00000000e+00 0.00000000e+00 0.00000000e+00
  0.00000000e+00 2.85137825e+00 0.00000000e+00]
 [2.14959890e-01 1.72350256e-01 0.00000000e+00 0.00000000e+00
  6.40576611e-01 6.96599831e-02 0.00000000e+00 0.00000000e+00
  2.80809017e-01 0.00000000e+00 0.00000000e+00 0.00000000e+00
  7.84155596e-02 1.16888187e+00 3.83714640e-01]
 [0.00000000e+00 0.00000000e+00 0.00000000e+00 0.00000000e+00
  0.00000000e+00 0.00000000e+00 0.00000000e+00 0.00000000e+00
  0.00000000e+00 0.00000000e+00 0.00000000e+00 0.00000000e+00
  0.00000000e+00 2.48077438e+00 3.84471602e-01]
 [3.34439310e-03 0.00000000e+00 0.00000000e+00 0.00000000e+00
  0.00000000e+00 6.12197399e-02 0.00000000e+00 1.07160109e-01
  0.00000000e+00 0.00000000e+00 0.00000000e+00 0.00000000e+00
  0.00000000e+00 8.66706318e-01 0.00000000e+00]
 [8.77101864e-02 0.00000000e+00 0.00000000e+00 0.00000000e+00
  0.00000000e+00 0.00000000e+00 0.00000000e+00 0.00000000e+00
  0.00000000e+00 4.43380608e-03 0.00000000e+00 0.00000000e+00
  0.00000000e+00 2.35720987e+00 1.50220831e+00]
 [0.00000000e+00 0.00000000e+00 0.00000000e+00 0.00000000e+00
  0.00000000e+00 0.00000000e+00 0.00000000e+00 0.00000000e+00
  0.00000000e+00 0.00000000e+00 0.00000000e+00 0.00000000e+00
  0.00000000e+00 6.86837710e-02 0.00000000e+00]
 [0.00000000e+00 0.00000000e+00 9.72075424e-02 0.00000000e+00
  0.00000000e+00 5.08312679e-02 0.00000000e+00 1.66131660e-03
  0.00000000e+00 0.00000000e+00 0.00000000e+00 0.00000000e+00
  0.00000000e+00 4.28871003e-02 0.00000000e+00]
 [1.30636358e-01 0.00000000e+00 0.00000000e+00 0.00000000e+00
  0.00000000e+00 2.07659246e-01 6.11371750e-02 1.03960557e-01
  0.00000000e+00 0.00000000e+00 0.00000000e+00 0.00000000e+00
  0.00000000e+00 5.62216562e-02 0.00000000e+00]
 [0.00000000e+00 0.00000000e+00 0.00000000e+00 0.00000000e+00
  0.00000000e+00 0.00000000e+00 0.00000000e+00 0.00000000e+00
  0.00000000e+00 0.00000000e+00 0.00000000e+00 0.00000000e+00
  0.00000000e+00 0.00000000e+00 0.00000000e+00]
 [5.75277548e-01 6.75040252e-01 7.21796756e-01 6.92131611e-01
  4.77294359e-01 3.53804995e-01 1.11536787e+00 1.48968655e+00
  2.22796562e+00 2.11229993e+00 1.96697803e+00 1.69629627e+00
  1.73258272e+00 1.00856257e+00 9.57323997e-01]]

10
----------------------------------------------------------------------------------
[[4.64854568e-02 0.00000000e+00 7.51474521e-02 0.00000000e+00
  1.16803439e-01 0.00000000e+00 1.81256183e-01 0.00000000e+00
  0.00000000e+00 0.00000000e+00 1.88007331e-01 3.54948935e-02
  1.50026030e-01 0.00000000e+00 0.00000000e+00]
 [0.00000000e+00 0.00000000e+00 0.00000000e+00 1.70721704e-01
  0.00000000e+00 0.00000000e+00 5.64087303e-01 0.00000000e+00
  0.00000000e+00 5.17537960e-03 3.55000752e-01 2.14517751e-01
  6.65501857e-02 0.00000000e+00 0.00000000e+00]
 [8.36725488e-02 0.00000000e+00 0.00000000e+00 0.00000000e+00
  1.90962388e-01 3.93055541e-02 3.14490494e-03 0.00000000e+00
  7.76281967e-02 2.07318880e-01 2.67723282e-01 1.87635594e-01
  1.32528715e-02 1.53951602e-01 1.39163171e-02]
 [1.16558858e-01 0.00000000e+00 4.86411713e-02 0.00000000e+00
  0.00000000e+00 0.00000000e+00 1.30225827e-01 0.00000000e+00
  0.00000000e+00 0.00000000e+00 1.08667561e-01 2.10213761e-02
  1.45435870e-01 0.00000000e+00 0.00000000e+00]
 [0.00000000e+00 0.00000000e+00 8.01215303e-02 0.00000000e+00
  1.10901855e-02 0.00000000e+00 1.29583057e-01 0.00000000e+00
  0.00000000e+00 0.00000000e+00 1.01029486e-01 0.00000000e+00
  1.39682267e-01 0.00000000e+00 0.00000000e+00]
 [2.89294066e-01 6.44441776e-02 6.06140191e-03 0.00000000e+00
  9.57504923e-02 0.00000000e+00 0.00000000e+00 3.00974713e-01
  0.00000000e+00 8.62413562e-01 2.13321180e-01 8.59383018e-02
  4.90203241e-01 0.00000000e+00 2.62517751e-02]
 [0.00000000e+00 0.00000000e+00 0.00000000e+00 0.00000000e+00
  0.00000000e+00 7.72089369e-03 3.42261516e-02 5.10151418e-02
  0.00000000e+00 9.87746450e-03 1.30577534e-01 0.00000000e+00
  1.39329042e-01 0.00000000e+00 0.00000000e+00]
 [3.25507076e-01 0.00000000e+00 0.00000000e+00 0.00000000e+00
  0.00000000e+00 0.00000000e+00 0.00000000e+00 6.35851937e-02
  0.00000000e+00 0.00000000e+00 5.16199040e-02 1.17263955e-01
  1.74282356e-01 0.00000000e+00 0.00000000e+00]
 [3.71230889e-01 0.00000000e+00 0.00000000e+00 0.00000000e+00
  0.00000000e+00 0.00000000e+00 4.99839962e-02 0.00000000e+00
  0.00000000e+00 0.00000000e+00 9.41922134e-04 8.18250137e-02
  0.00000000e+00 0.00000000e+00 0.00000000e+00]
 [8.03938500e-01 1.37861391e-02 1.68801404e-01 0.00000000e+00
  0.00000000e+00 2.40430794e-01 0.00000000e+00 7.07336694e-02
  6.53283310e-01 2.72289450e-01 3.70001044e-01 5.33374382e-01
  3.34831240e-01 4.86820404e-01 8.89085487e-02]
 [4.25417419e-01 1.86855750e-02 0.00000000e+00 0.00000000e+00
  0.00000000e+00 0.00000000e+00 0.00000000e+00 0.00000000e+00
  0.00000000e+00 0.00000000e+00 1.23664678e-01 1.30604292e-02
  1.28627137e-01 0.00000000e+00 0.00000000e+00]
 [2.03053130e-01 0.00000000e+00 0.00000000e+00 0.00000000e+00
  0.00000000e+00 0.00000000e+00 5.00100750e-02 0.00000000e+00
  0.00000000e+00 0.00000000e+00 0.00000000e+00 1.32935370e-01
  0.00000000e+00 0.00000000e+00 0.00000000e+00]
 [3.52130793e-01 1.52717588e-01 0.00000000e+00 0.00000000e+00
  0.00000000e+00 0.00000000e+00 0.00000000e+00 0.00000000e+00
  2.14166099e-02 6.39882391e-02 2.78441653e-01 1.66677180e-01
  0.00000000e+00 0.00000000e+00 0.00000000e+00]
 [8.59667951e-02 0.00000000e+00 2.04456149e-01 0.00000000e+00
  0.00000000e+00 0.00000000e+00 0.00000000e+00 0.00000000e+00
  0.00000000e+00 0.00000000e+00 4.86852261e-02 6.23731311e-02
  7.19393219e-02 0.00000000e+00 0.00000000e+00]
 [1.60746710e-01 0.00000000e+00 2.06402502e-01 0.00000000e+00
  0.00000000e+00 0.00000000e+00 0.00000000e+00 0.00000000e+00
  0.00000000e+00 0.00000000e+00 2.25477609e-02 2.66942646e-02
  1.44116164e-01 0.00000000e+00 0.00000000e+00]
 [5.10178655e-02 0.00000000e+00 2.17226929e-01 0.00000000e+00
  0.00000000e+00 1.02833657e-02 0.00000000e+00 0.00000000e+00
  0.00000000e+00 0.00000000e+00 1.35839745e-01 5.49377432e-02
  2.32210431e-01 1.38984374e-01 1.34944952e-01]
 [2.09729485e-01 0.00000000e+00 1.70406560e-01 1.26261446e-01
  0.00000000e+00 0.00000000e+00 4.37888097e-03 0.00000000e+00
  0.00000000e+00 0.00000000e+00 2.33901763e-02 1.40737308e-01
  3.95572923e-02 0.00000000e+00 0.00000000e+00]
 [3.93279875e-01 7.69628645e-01 8.16816788e-01 1.17169926e+00
  8.72172768e-01 9.66500015e-01 7.08121994e-01 5.74633746e-01
  5.08824999e-01 5.88427468e-01 1.85195591e-01 2.55903615e-01
  3.79776428e-01 3.61458561e-01 3.51328214e-01]]

11
----------------------------------------------------------------------------------
[[0.11654226 0.         0.         0.         0.         0.04745163
  0.         0.         0.04759502 0.         0.00247537 0.
  0.0206093  0.         0.        ]
 [0.0506484  0.20031005 0.         0.07370767 0.05477467 0.00408961
  0.         0.         0.31737125 0.         0.14748065 0.01923594
  0.         0.         0.        ]
 [0.15743881 0.22771996 0.         0.09484153 0.         0.
  0.26644604 0.00520061 0.12923938 0.43094039 0.16762178 0.24551453
  0.         0.         0.        ]
 [0.09766374 0.01014118 0.         0.         0.         0.
  0.         0.         0.00991282 0.         0.07508859 0.01902206
  0.         0.         0.        ]
 [0.00784155 0.00738254 0.         0.         0.02861705 0.
  0.         0.         0.05718788 0.         0.09010964 0.
  0.         0.         0.        ]
 [0.29421351 0.19662622 0.02914883 0.29445828 0.09440787 0.01522409
  0.38165693 0.38021293 0.13632548 0.0216702  0.19801171 0.
  0.         0.02242909 0.        ]
 [0.         0.         0.         0.03347797 0.         0.
  0.02265622 0.         0.13690047 0.         0.09845259 0.
  0.         0.         0.        ]
 [0.04660427 0.         0.         0.         0.         0.
  0.01254726 0.         0.         0.         0.04035457 0.01542227
  0.         0.         0.        ]
 [0.         0.         0.         0.         0.         0.
  0.         0.         0.         0.         0.03788078 0.01801651
  0.         0.         0.        ]
 [0.37936441 0.29609731 0.16170757 0.31166712 0.15590616 0.
  0.24495084 0.1830881  1.10237008 0.07095233 0.8793081  0.07342573
  0.08039427 0.         0.23555706]
 [0.         0.         0.         0.         0.08880023 0.
  0.         0.         0.12879642 0.         0.         0.
  0.         0.         0.        ]
 [0.04279082 0.         0.         0.         0.         0.
  0.         0.         0.01889365 0.         0.         0.07247393
  0.         0.         0.        ]
 [0.         0.06139052 0.         0.         0.03079977 0.
  0.         0.         0.12320137 0.         0.         0.
  0.         0.         0.        ]
 [0.03009732 0.07193373 0.         0.         0.         0.
  0.         0.         0.03384821 0.18869774 0.23151562 0.28777234
  0.14155222 0.01742917 0.        ]
 [0.17988756 0.22646027 0.         0.05104486 0.         0.
  0.01372359 0.25002088 0.38683881 0.79489434 1.10431401 0.8783086
  1.05064064 0.26017762 0.        ]
 [0.09847859 0.08706617 0.         0.09591778 0.         0.
  0.17963192 0.02677763 0.1930637  0.11761378 0.4234312  0.57725669
  0.81394974 0.33812853 0.        ]
 [0.08612066 0.08859335 0.         0.         0.01522725 0.
  0.         0.         0.04282734 0.15345092 0.35189237 0.36935891
  0.18309144 0.0417057  0.        ]
 [0.30886804 0.2022073  0.73634756 0.54926161 0.57757985 0.65680427
  0.49351909 0.40344831 0.43223897 0.50410041 0.42079045 0.41447102
  0.55830726 0.61954485 0.48769682]]

12
----------------------------------------------------------------------------------
[[0.00000000e+00 0.00000000e+00 0.00000000e+00 0.00000000e+00
  1.10570212e-01 0.00000000e+00 6.48559763e-02 9.36026636e-02
  4.41114887e-02 2.56768397e-01 1.08142335e-01 0.00000000e+00
  0.00000000e+00 6.27007360e-02 0.00000000e+00]
 [5.64958548e-02 5.75859504e-02 0.00000000e+00 0.00000000e+00
  1.84753667e-01 0.00000000e+00 3.00585187e-01 0.00000000e+00
  1.54689347e-01 2.36311985e-01 3.43269478e-01 0.00000000e+00
  0.00000000e+00 1.26629406e-02 1.05142100e-01]
 [0.00000000e+00 1.54846160e-01 0.00000000e+00 0.00000000e+00
  2.35481648e-02 0.00000000e+00 2.67877270e-01 1.33862352e-01
  4.32847139e-01 1.30648731e-01 2.18075013e-01 1.82744450e-01
  0.00000000e+00 0.00000000e+00 0.00000000e+00]
 [0.00000000e+00 0.00000000e+00 0.00000000e+00 0.00000000e+00
  6.46337545e-02 0.00000000e+00 1.31212933e-01 9.51258209e-02
  0.00000000e+00 1.66201118e-01 1.35946212e-01 0.00000000e+00
  0.00000000e+00 0.00000000e+00 0.00000000e+00]
 [0.00000000e+00 0.00000000e+00 0.00000000e+00 0.00000000e+00
  0.00000000e+00 0.00000000e+00 1.94851527e-01 1.74710703e-01
  3.24514717e-02 2.26364770e-01 1.92257851e-01 0.00000000e+00
  0.00000000e+00 0.00000000e+00 4.87020975e-02]
 [1.83095842e-01 3.18362431e-01 0.00000000e+00 3.74991889e-02
  5.33640343e-01 0.00000000e+00 0.00000000e+00 7.89445241e-01
  3.38117269e-01 1.48050402e-01 3.49736678e-02 4.96024527e-01
  5.06500213e-04 6.34866355e-02 2.74641777e-01]
 [0.00000000e+00 0.00000000e+00 0.00000000e+00 0.00000000e+00
  6.83141067e-03 0.00000000e+00 5.82377253e-02 2.96935954e-01
  1.29773882e-01 2.00242464e-01 1.80575200e-01 0.00000000e+00
  0.00000000e+00 0.00000000e+00 8.02510430e-02]
 [0.00000000e+00 0.00000000e+00 0.00000000e+00 0.00000000e+00
  2.94756480e-02 0.00000000e+00 5.29989672e-02 4.64881957e-02
  0.00000000e+00 7.78901041e-02 1.20732216e-01 0.00000000e+00
  0.00000000e+00 0.00000000e+00 0.00000000e+00]
 [0.00000000e+00 0.00000000e+00 0.00000000e+00 0.00000000e+00
  0.00000000e+00 0.00000000e+00 0.00000000e+00 9.92245856e-02
  0.00000000e+00 6.02937063e-02 6.73598294e-02 0.00000000e+00
  0.00000000e+00 0.00000000e+00 0.00000000e+00]
 [4.96795150e-01 4.78260046e-01 0.00000000e+00 3.66326448e-01
  5.46996556e-01 5.77117855e-02 1.67272288e-01 0.00000000e+00
  2.30617653e-01 1.01238090e+00 0.00000000e+00 0.00000000e+00
  0.00000000e+00 5.73188097e-01 6.75709770e-02]
 [1.81452500e-02 6.44162343e-03 0.00000000e+00 0.00000000e+00
  0.00000000e+00 0.00000000e+00 7.89962693e-02 0.00000000e+00
  0.00000000e+00 1.75200237e-01 0.00000000e+00 0.00000000e+00
  0.00000000e+00 0.00000000e+00 1.28477395e-02]
 [0.00000000e+00 0.00000000e+00 0.00000000e+00 0.00000000e+00
  0.00000000e+00 0.00000000e+00 0.00000000e+00 2.04698364e-01
  0.00000000e+00 8.46735656e-02 3.01847473e-03 0.00000000e+00
  0.00000000e+00 0.00000000e+00 0.00000000e+00]
 [1.83430883e-01 0.00000000e+00 0.00000000e+00 0.00000000e+00
  1.74861638e-01 0.00000000e+00 0.00000000e+00 0.00000000e+00
  1.33765079e-01 3.24536729e-02 8.61735681e-02 0.00000000e+00
  0.00000000e+00 0.00000000e+00 1.24076579e-01]
 [0.00000000e+00 2.88669814e-02 0.00000000e+00 0.00000000e+00
  0.00000000e+00 0.00000000e+00 4.45425694e-02 0.00000000e+00
  0.00000000e+00 0.00000000e+00 0.00000000e+00 0.00000000e+00
  0.00000000e+00 0.00000000e+00 6.52519577e-01]
 [1.40899481e-01 0.00000000e+00 0.00000000e+00 1.25406948e+00
  4.53332690e-01 0.00000000e+00 5.52897619e-01 5.60515706e-02
  0.00000000e+00 0.00000000e+00 0.00000000e+00 0.00000000e+00
  2.79252075e-01 1.22576355e+00 3.11806821e+00]
 [4.31114573e-01 2.07581572e-01 0.00000000e+00 7.50898296e-01
  6.96023035e-01 7.45866304e-02 7.89997694e-02 0.00000000e+00
  0.00000000e+00 3.45087027e-02 0.00000000e+00 0.00000000e+00
  8.83274290e-02 5.77994516e-01 1.62483235e+00]
 [0.00000000e+00 0.00000000e+00 0.00000000e+00 3.01791301e-02
  9.49915368e-02 0.00000000e+00 0.00000000e+00 0.00000000e+00
  0.00000000e+00 0.00000000e+00 0.00000000e+00 0.00000000e+00
  1.72365684e-01 6.33826559e-01 4.98890757e-01]
 [4.25968078e-01 5.90494302e-01 8.97596842e-01 8.43968883e-01
  6.70023594e-01 9.41937791e-01 8.52543384e-01 1.00002567e+00
  1.27794433e+00 8.22289269e-01 8.80864034e-01 1.41169419e+00
  9.97534338e-01 9.74775156e-01 9.73278751e-01]]

13
----------------------------------------------------------------------------------
[[0.00000000e+00 0.00000000e+00 3.93935836e-02 4.63729142e-02
  2.48855813e-02 0.00000000e+00 7.11983907e-02 8.59508357e-03
  1.00890034e-01 0.00000000e+00 0.00000000e+00 0.00000000e+00
  0.00000000e+00 0.00000000e+00 0.00000000e+00]
 [0.00000000e+00 0.00000000e+00 2.92008213e-03 4.46450714e-02
  1.14185445e-01 0.00000000e+00 0.00000000e+00 1.75021357e-01
  8.50574017e-02 3.04357942e-01 0.00000000e+00 1.51815969e-01
  0.00000000e+00 2.58560083e-02 0.00000000e+00]
 [8.36353003e-03 2.56357844e-01 0.00000000e+00 3.10502681e-01
  2.68159004e-01 2.62637580e-01 1.25357155e-01 3.61581846e-01
  0.00000000e+00 1.23639892e-01 6.93985000e-03 2.81685298e-01
  0.00000000e+00 1.81001985e-01 0.00000000e+00]
 [0.00000000e+00 0.00000000e+00 0.00000000e+00 0.00000000e+00
  0.00000000e+00 0.00000000e+00 5.82760279e-02 0.00000000e+00
  0.00000000e+00 3.79716387e-02 0.00000000e+00 0.00000000e+00
  0.00000000e+00 0.00000000e+00 0.00000000e+00]
 [0.00000000e+00 0.00000000e+00 0.00000000e+00 5.53174242e-02
  2.66663818e-02 7.22825070e-03 1.39906318e-01 0.00000000e+00
  9.73987426e-03 1.06889480e-01 0.00000000e+00 0.00000000e+00
  0.00000000e+00 3.11594948e-02 0.00000000e+00]
 [0.00000000e+00 6.96074929e-02 6.22884208e-03 2.48944521e-01
  4.79126468e-01 1.42577823e-01 2.53533291e-01 0.00000000e+00
  1.42453969e-01 6.45342429e-01 0.00000000e+00 4.16069346e-01
  0.00000000e+00 2.52751188e-01 0.00000000e+00]
 [0.00000000e+00 0.00000000e+00 0.00000000e+00 1.88531498e-02
  7.48304773e-02 0.00000000e+00 7.63232787e-02 0.00000000e+00
  7.31978428e-02 1.97129523e-01 0.00000000e+00 0.00000000e+00
  0.00000000e+00 4.20959717e-02 0.00000000e+00]
 [0.00000000e+00 0.00000000e+00 0.00000000e+00 1.94352219e-02
  0.00000000e+00 0.00000000e+00 1.20930406e-01 0.00000000e+00
  0.00000000e+00 0.00000000e+00 0.00000000e+00 0.00000000e+00
  0.00000000e+00 0.00000000e+00 0.00000000e+00]
 [0.00000000e+00 0.00000000e+00 0.00000000e+00 0.00000000e+00
  0.00000000e+00 0.00000000e+00 4.28575706e-02 0.00000000e+00
  0.00000000e+00 4.55744587e-02 0.00000000e+00 0.00000000e+00
  0.00000000e+00 1.14561851e-04 0.00000000e+00]
 [6.19985097e-01 2.91229989e-01 6.65103042e-01 0.00000000e+00
  9.52881248e-02 0.00000000e+00 0.00000000e+00 2.75757859e-01
  5.93943515e-01 1.34943406e+00 0.00000000e+00 4.31113052e-01
  2.51460379e-01 6.58125418e-01 0.00000000e+00]
 [1.13514920e-02 0.00000000e+00 0.00000000e+00 0.00000000e+00
  0.00000000e+00 6.10805214e-02 0.00000000e+00 0.00000000e+00
  5.56178086e-02 1.13330464e-01 0.00000000e+00 0.00000000e+00
  0.00000000e+00 1.00533273e-02 0.00000000e+00]
 [0.00000000e+00 0.00000000e+00 0.00000000e+00 0.00000000e+00
  0.00000000e+00 0.00000000e+00 3.97935672e-02 0.00000000e+00
  0.00000000e+00 1.05814287e-02 0.00000000e+00 0.00000000e+00
  0.00000000e+00 6.36647437e-04 0.00000000e+00]
 [0.00000000e+00 0.00000000e+00 0.00000000e+00 0.00000000e+00
  0.00000000e+00 0.00000000e+00 4.99169048e-02 0.00000000e+00
  1.06309693e-01 1.92329946e-01 0.00000000e+00 0.00000000e+00
  0.00000000e+00 3.19815549e-02 0.00000000e+00]
 [0.00000000e+00 0.00000000e+00 0.00000000e+00 0.00000000e+00
  1.01812426e-01 1.43718609e-01 0.00000000e+00 0.00000000e+00
  5.00366255e-03 2.09264495e-02 0.00000000e+00 0.00000000e+00
  0.00000000e+00 0.00000000e+00 0.00000000e+00]
 [0.00000000e+00 1.88611350e-01 0.00000000e+00 0.00000000e+00
  4.04239906e-01 6.02542339e-01 0.00000000e+00 0.00000000e+00
  8.26297722e-02 1.51258887e-02 0.00000000e+00 0.00000000e+00
  0.00000000e+00 3.60019433e-01 7.10757561e-01]
 [4.85859200e-01 6.66293663e-02 0.00000000e+00 7.47061912e-02
  3.82230758e-02 5.04424999e-01 6.38548706e-01 1.10601128e-01
  2.32653135e-01 1.38341313e-02 2.90377172e-01 8.18260650e-02
  2.77667435e-01 3.42646118e-01 2.60565609e-01]
 [0.00000000e+00 0.00000000e+00 0.00000000e+00 0.00000000e+00
  5.46610767e-02 2.37521490e-01 0.00000000e+00 0.00000000e+00
  0.00000000e+00 0.00000000e+00 0.00000000e+00 0.00000000e+00
  0.00000000e+00 0.00000000e+00 0.00000000e+00]
 [6.34907040e-01 6.58608962e-01 8.92009648e-01 7.85789383e-01
  9.72413015e-01 8.60507167e-01 7.29382912e-01 7.32723240e-01
  9.05895589e-01 7.52279907e-01 9.01333470e-01 7.71492289e-01
  7.77199878e-01 5.41525970e-01 9.24417602e-01]]

14
----------------------------------------------------------------------------------
[[4.58621832e-02 0.00000000e+00 0.00000000e+00 2.93757763e-02
  0.00000000e+00 1.45926501e-02 4.08634015e-02 3.17920197e-01
  1.31122299e-01 2.79260911e-01 8.52303008e-02 0.00000000e+00
  0.00000000e+00 0.00000000e+00 2.09957599e-02]
 [7.91608797e-02 2.02235193e-02 0.00000000e+00 0.00000000e+00
  0.00000000e+00 0.00000000e+00 1.13251799e-02 3.76850034e-02
  2.36693003e-01 2.71966127e-01 3.47418481e-01 3.21988808e-02
  0.00000000e+00 0.00000000e+00 7.61955226e-02]
 [3.37977886e-01 5.34298560e-01 1.03942697e-01 0.00000000e+00
  0.00000000e+00 0.00000000e+00 0.00000000e+00 5.44879540e-02
  4.32834700e-01 2.56509132e-01 1.66074417e-01 0.00000000e+00
  1.18636717e-01 2.76003422e-01 1.38956226e-01]
 [0.00000000e+00 0.00000000e+00 0.00000000e+00 4.47206523e-02
  0.00000000e+00 1.04511554e-01 6.96765581e-02 1.90730228e-01
  1.45708294e-01 2.16602354e-01 1.09987380e-01 0.00000000e+00
  0.00000000e+00 0.00000000e+00 0.00000000e+00]
 [0.00000000e+00 0.00000000e+00 0.00000000e+00 0.00000000e+00
  0.00000000e+00 7.60426128e-02 1.41188395e-01 1.81800776e-01
  7.78874337e-02 1.70358695e-01 2.21588464e-01 6.54440129e-02
  0.00000000e+00 4.88481557e-03 0.00000000e+00]
 [0.00000000e+00 6.87617547e-02 6.79193949e-02 0.00000000e+00
  0.00000000e+00 6.80264392e-02 0.00000000e+00 2.00130630e-01
  2.43054061e-01 3.30813286e-01 3.26533429e-01 8.32197732e-02
  3.98232913e-01 0.00000000e+00 3.18425494e-01]
 [0.00000000e+00 0.00000000e+00 0.00000000e+00 0.00000000e+00
  0.00000000e+00 1.53253172e-01 0.00000000e+00 2.13595276e-01
  1.04364072e-01 2.48528939e-01 2.36979997e-01 1.20086878e-01
  0.00000000e+00 2.76459210e-02 3.95908829e-02]
 [0.00000000e+00 0.00000000e+00 0.00000000e+00 0.00000000e+00
  0.00000000e+00 0.00000000e+00 0.00000000e+00 1.68842501e-01
  1.54778163e-01 2.02858204e-01 6.44801674e-02 0.00000000e+00
  0.00000000e+00 0.00000000e+00 0.00000000e+00]
 [0.00000000e+00 0.00000000e+00 0.00000000e+00 0.00000000e+00
  0.00000000e+00 0.00000000e+00 4.04677073e-02 1.14467866e-01
  8.70269555e-02 1.61637326e-01 1.23004880e-01 0.00000000e+00
  0.00000000e+00 0.00000000e+00 0.00000000e+00]
 [0.00000000e+00 3.22472244e-01 7.77406875e-02 2.98641799e-02
  0.00000000e+00 4.44160371e-01 0.00000000e+00 4.23703736e-01
  0.00000000e+00 1.89302618e-01 3.21066534e-02 0.00000000e+00
  5.93588225e-01 1.03161511e-01 4.55998352e-01]
 [0.00000000e+00 0.00000000e+00 0.00000000e+00 0.00000000e+00
  0.00000000e+00 0.00000000e+00 0.00000000e+00 0.00000000e+00
  6.77814915e-04 7.61593569e-02 1.71304136e-01 0.00000000e+00
  1.87846670e-02 0.00000000e+00 9.23669257e-02]
 [0.00000000e+00 0.00000000e+00 0.00000000e+00 0.00000000e+00
  0.00000000e+00 0.00000000e+00 0.00000000e+00 1.01892617e-01
  1.06660047e-01 1.60889244e-01 1.79893240e-01 0.00000000e+00
  0.00000000e+00 0.00000000e+00 0.00000000e+00]
 [0.00000000e+00 0.00000000e+00 0.00000000e+00 0.00000000e+00
  0.00000000e+00 0.00000000e+00 0.00000000e+00 1.01543337e-01
  1.69797358e-01 0.00000000e+00 3.90989331e-01 2.47561396e-01
  0.00000000e+00 0.00000000e+00 1.02406122e-01]
 [1.05106635e-01 0.00000000e+00 0.00000000e+00 1.21958400e-01
  0.00000000e+00 6.48297524e-03 0.00000000e+00 0.00000000e+00
  2.21815950e-02 4.29995762e-01 2.67678226e-01 1.10292600e-01
  0.00000000e+00 0.00000000e+00 1.00849199e-02]
 [9.79598918e-01 2.87675505e-01 4.80427573e-01 1.90712164e-01
  0.00000000e+00 0.00000000e+00 0.00000000e+00 0.00000000e+00
  2.78080169e-01 7.70261955e-01 5.92308870e-01 3.06440246e-01
  0.00000000e+00 0.00000000e+00 0.00000000e+00]
 [5.18734662e-01 3.18014551e-01 2.16005619e-01 0.00000000e+00
  1.13968155e-02 0.00000000e+00 0.00000000e+00 0.00000000e+00
  2.04203994e-01 8.52989212e-01 1.12296098e+00 7.74219769e-01
  2.61226515e-01 2.85179632e-01 1.96474977e-01]
 [4.34348026e-01 3.50846550e-01 3.65017653e-01 1.51489366e-01
  1.28406545e-02 0.00000000e+00 0.00000000e+00 0.00000000e+00
  1.29620944e-01 2.75604439e-01 5.27280831e-01 2.22854460e-01
  3.80579498e-02 0.00000000e+00 0.00000000e+00]
 [5.44968971e-01 6.47541108e-01 6.88015167e-01 8.13033652e-01
  1.18676852e+00 1.16953535e+00 1.40040723e+00 9.96165832e-01
  5.77659316e-01 6.61094656e-01 7.92385701e-01 9.71282551e-01
  5.61586188e-01 5.72118566e-01 2.61400012e-01]]

16
----------------------------------------------------------------------------------
[[0.         0.11356999 0.08055493 0.24208537 0.54164395 0.07830847
  0.08855606 0.         0.         0.         0.         0.
  0.08972744 0.03527644 0.        ]
 [0.         0.14180079 0.2196579  0.39206418 0.39379774 0.34042017
  0.23308804 0.06822909 0.         0.17499456 0.         0.05562544
  0.07670723 0.19238184 0.        ]
 [0.0527676  0.40104937 0.5281441  0.39657144 0.57452935 0.43899009
  0.45139015 0.07697426 0.35939175 0.         0.         0.18180529
  0.55080378 0.08233076 0.        ]
 [0.         0.16143566 0.12510155 0.1250694  0.39179398 0.
  0.09854425 0.         0.         0.         0.         0.
  0.         0.         0.        ]
 [0.         0.11423871 0.04483905 0.06113334 0.24542119 0.09551082
  0.03846294 0.         0.         0.10713097 0.         0.
  0.         0.         0.        ]
 [0.         0.18653712 0.25741892 0.51570877 0.76585669 0.32248515
  0.26769562 0.11653925 0.         0.22591674 0.         0.38517388
  0.38478369 0.17887137 0.00364014]
 [0.         0.         0.10081908 0.03953813 0.26326393 0.11161645
  0.1037551  0.00243016 0.         0.07964321 0.         0.00145471
  0.         0.         0.        ]
 [0.         0.08591665 0.06923994 0.21177378 0.28518362 0.
  0.         0.         0.         0.         0.         0.
  0.         0.         0.        ]
 [0.         0.06835891 0.01893064 0.06120275 0.30110995 0.
  0.044568   0.         0.         0.         0.         0.
  0.         0.         0.        ]
 [0.16323898 0.44134174 0.20232414 0.05849644 0.4755781  0.14092192
  0.         0.73711387 0.         0.1294593  0.28659471 0.09549337
  0.38288231 0.14029873 0.22618944]
 [0.         0.1773103  0.         0.02384446 0.21131423 0.08966255
  0.         0.0994624  0.         0.         0.         0.
  0.01911379 0.         0.        ]
 [0.         0.06006055 0.16027016 0.1127021  0.25015051 0.
  0.         0.04122385 0.         0.         0.         0.
  0.         0.         0.        ]
 [0.         0.20986064 0.0990729  0.1002477  0.23428756 0.08798266
  0.         0.10893109 0.         0.04513966 0.         0.07725288
  0.09459402 0.06873359 0.        ]
 [0.         0.         0.         0.05265244 0.1374708  0.
  0.03349512 0.         0.         0.         0.         0.
  0.03414432 0.33868685 0.04073347]
 [0.         0.02411173 0.         0.09329718 0.39142669 0.3890021
  0.39298051 0.10040545 0.         0.         0.         0.
  0.21485876 0.85777001 0.55815178]
 [0.         0.25336346 0.09507556 0.0463484  0.49775742 0.26314849
  0.         0.08268106 0.08846912 0.02784852 0.01834523 0.46570482
  0.32886299 0.82221713 0.6901212 ]
 [0.         0.         0.         0.         0.28208588 0.
  0.21059006 0.04270159 0.         0.         0.         0.
  0.13067971 0.5161305  0.19088157]
 [0.42682459 0.22095228 0.29025458 0.34279407 0.24541484 0.40962317
  0.66976249 0.62859686 0.91433711 0.80828645 0.8281377  0.36661035
  0.21960342 0.20375087 0.51544061]]

17
----------------------------------------------------------------------------------
[[0.         0.11360103 0.00677948 0.         0.02160845 0.08398679
  0.         0.         0.00708618 0.08811002 0.         0.
  0.01255004 0.04679865 0.        ]
 [0.19078318 0.10742315 0.         0.         0.1191805  0.11156899
  0.01146914 0.         0.14404389 0.14319117 0.04242429 0.
  0.07090639 0.17583347 0.        ]
 [0.0787751  0.11294991 0.21474177 0.02361069 0.26135733 0.36634091
  0.24164317 0.21830601 0.31414641 0.21558179 0.10031945 0.
  0.12959306 0.31518957 0.16438484]
 [0.         0.08181884 0.         0.         0.         0.08336322
  0.         0.         0.         0.         0.         0.
  0.         0.01358825 0.03269758]
 [0.01176586 0.04312257 0.         0.04942318 0.         0.
  0.         0.         0.         0.         0.         0.
  0.         0.         0.        ]
 [0.13827643 0.09686569 0.10405125 0.2340021  0.51889514 0.29727821
  0.15516807 0.         0.15932613 0.67707209 0.36264    0.13111947
  0.18439688 0.09137689 0.04733206]
 [0.07849283 0.00952488 0.         0.03360627 0.00705086 0.06687252
  0.         0.         0.05584258 0.         0.         0.
  0.         0.02549349 0.        ]
 [0.         0.03784877 0.25091747 2.52867961 1.44800057 1.07044836
  0.63575714 0.11218306 0.21088006 0.08680101 0.01628363 0.
  0.03563289 0.04399924 0.0310388 ]
 [0.         0.05713508 0.26670681 2.52415957 2.38074715 0.89602519
  1.00504339 0.41425987 0.22867204 0.13050006 0.08022927 0.
  0.01840213 0.         0.        ]
 [0.73877933 0.78309558 0.54784301 0.97129036 1.75577461 0.70951932
  0.9606994  0.52550266 0.45052167 0.74718442 0.49788631 0.08376672
  0.33361489 0.44432623 0.49088581]
 [0.0982601  0.         0.02564967 1.60283596 2.8299768  0.21890547
  0.99138172 0.49625055 0.36182579 0.05912714 0.12702372 0.
  0.05945415 0.04159727 0.        ]
 [0.         0.08038384 0.1670019  1.15008234 1.24063033 0.604938
  0.65119608 0.21976458 0.12859126 0.06948872 0.04910055 0.
  0.         0.02518449 0.        ]
 [0.1624627  0.04083603 0.         0.65228704 2.26805267 0.33210206
  0.70040994 0.19920328 0.04800005 0.11107051 0.         0.
  0.16226745 0.09710859 0.        ]
 [0.00531825 0.11079319 0.05043181 0.10371562 0.01328665 0.
  0.         0.         0.         0.         0.         0.
  0.         0.         0.        ]
 [0.16077583 0.1551533  0.04316358 0.06578734 0.01192047 0.02265129
  0.07029649 0.         0.         0.07072432 0.         0.
  0.         0.05057807 0.        ]
 [0.32546086 0.18127469 0.47061118 0.12126632 0.29542477 0.36061453
  0.15462051 0.06120403 0.17565668 0.22750172 0.         0.
  0.25924193 0.64644979 0.11812061]
 [0.02695842 0.08481024 0.         0.13853871 0.         0.03965815
  0.03385202 0.         0.         0.         0.         0.
  0.         0.08305297 0.        ]
 [0.37193275 0.36223299 0.41304143 0.44535591 0.16698979 0.20012157
  0.20358552 0.33980913 0.20120098 0.21683562 0.20901118 0.3961522
  0.20101369 0.11609585 0.37652873]]

18
----------------------------------------------------------------------------------
[[0.         0.         0.03732959 0.03770581 0.         0.
  0.         0.         0.         0.         0.01618088 0.
  0.03073441 0.         0.        ]
 [0.         0.         0.18691172 0.         0.         0.
  0.         0.         0.03030588 0.         0.06159394 0.00566854
  0.10067675 0.         0.06115275]
 [0.         0.0667224  0.14466384 0.11330915 0.00123178 0.15618166
  0.08160483 0.04391131 0.38822394 0.         0.54149571 0.2820184
  0.         0.07924458 0.16696131]
 [0.         0.         0.08840201 0.         0.         0.
  0.         0.         0.         0.         0.0235363  0.
  0.         0.         0.        ]
 [0.         0.00238437 0.         0.048157   0.01165391 0.
  0.         0.         0.05891461 0.         0.07641762 0.
  0.         0.01309079 0.01199485]
 [0.47179411 0.06046857 0.         0.35341206 0.11403517 0.34162874
  0.33848308 0.09169629 0.24051194 0.12965099 0.29216913 0.15198186
  0.30674903 0.32381189 0.08701171]
 [0.         0.00857902 0.         0.0366677  0.         0.
  0.         0.         0.22475039 0.         0.2059325  0.
  0.         0.         0.0364844 ]
 [0.         0.         0.09912656 0.         0.         0.
  0.         0.         0.00363136 0.         0.         0.
  0.         0.         0.        ]
 [0.         0.         0.02382407 0.         0.         0.
  0.         0.04792709 0.01083925 0.         0.03750563 0.
  0.         0.         0.        ]
 [0.20499146 0.3278424  0.59009151 0.08474245 0.44067029 0.03540535
  0.44433123 0.         1.08739515 0.22978433 0.34311012 0.09688884
  0.21504381 0.37060629 0.1655685 ]
 [0.         0.         0.         0.         0.         0.
  0.         0.05293838 0.06698537 0.         0.0465089  0.
  0.         0.         0.        ]
 [0.03734429 0.         0.07148057 0.         0.         0.
  0.         0.03528429 0.         0.         0.04724605 0.
  0.         0.         0.        ]
 [0.         0.03965849 0.08538454 0.         0.         0.0412944
  0.09530483 0.         0.06454472 0.         0.21617155 0.
  0.07489701 0.         0.04374986]
 [0.         0.         0.06274568 0.         0.         0.05370553
  0.         0.15922156 0.08430194 0.         0.11171004 0.
  0.05010763 0.         0.        ]
 [0.         0.         0.00543118 0.         0.         0.07019788
  0.         0.11319759 0.13034896 0.         0.11503813 0.
  0.03552241 0.1578498  0.02654488]
 [0.         0.         0.2004551  0.         0.2412689  0.28723708
  0.06132791 0.08625834 0.30289909 0.         0.53151711 0.
  0.41079043 0.42012965 0.09932565]
 [0.         0.07582846 0.10172062 0.         0.02755123 0.19023217
  0.         0.13997487 0.06433632 0.         0.10706264 0.
  0.22368147 0.         0.        ]
 [0.5630852  0.66630743 0.5704886  0.66266786 0.48173947 0.39136284
  0.90092212 1.00766768 0.5172265  0.68486719 0.27531836 0.36440045
  0.42450663 0.50398684 0.40947647]]

19
----------------------------------------------------------------------------------
[[0.00000000e+00 0.00000000e+00 0.00000000e+00 0.00000000e+00
  3.45123502e-02 8.57167554e-02 0.00000000e+00 1.59320072e-02
  4.08533651e-02 0.00000000e+00 0.00000000e+00 1.12291518e-02
  9.59329542e-02 0.00000000e+00 1.12929407e-01]
 [0.00000000e+00 3.66946045e-02 1.22952028e-01 0.00000000e+00
  1.83178084e-01 2.14087547e-02 0.00000000e+00 1.91278920e-02
  3.60258473e-02 1.56724091e-01 1.08260668e-02 2.76872750e-02
  1.29968470e-01 1.04431595e-01 6.92904888e-02]
 [4.07789650e-01 3.48133193e-01 6.31890217e-01 3.72412610e-01
  9.74812141e-02 1.72332526e-01 2.14946684e-01 2.88663195e-01
  3.92084406e-01 0.00000000e+00 5.06486155e-01 9.42371340e-02
  5.11070683e-02 0.00000000e+00 2.50549306e-01]
 [0.00000000e+00 0.00000000e+00 0.00000000e+00 0.00000000e+00
  0.00000000e+00 0.00000000e+00 0.00000000e+00 0.00000000e+00
  0.00000000e+00 8.67221530e-03 4.27369945e-03 0.00000000e+00
  8.45141947e-02 0.00000000e+00 8.09741616e-02]
 [0.00000000e+00 0.00000000e+00 0.00000000e+00 0.00000000e+00
  2.71475994e-02 3.11137129e-02 0.00000000e+00 0.00000000e+00
  0.00000000e+00 1.60959710e-03 0.00000000e+00 0.00000000e+00
  4.59198515e-02 0.00000000e+00 0.00000000e+00]
 [8.68224380e-02 1.30105398e-01 5.38012203e-01 2.09756131e-01
  1.06845646e-01 1.91145706e-01 0.00000000e+00 9.00271203e-02
  2.54933923e-01 4.53282775e-01 3.63823730e-01 8.79938771e-02
  1.50075403e-01 1.24061053e-01 7.57349992e-02]
 [0.00000000e+00 0.00000000e+00 1.80055715e-04 0.00000000e+00
  6.87865601e-02 0.00000000e+00 6.84233421e-03 0.00000000e+00
  4.58966714e-02 2.97643550e-02 2.15746715e-02 0.00000000e+00
  8.53856899e-02 0.00000000e+00 0.00000000e+00]
 [0.00000000e+00 0.00000000e+00 0.00000000e+00 0.00000000e+00
  4.21658405e-02 0.00000000e+00 0.00000000e+00 5.32383931e-02
  0.00000000e+00 2.51919705e-02 0.00000000e+00 4.62816010e-02
  0.00000000e+00 0.00000000e+00 8.64057397e-02]
 [0.00000000e+00 0.00000000e+00 0.00000000e+00 0.00000000e+00
  3.19065853e-02 0.00000000e+00 0.00000000e+00 0.00000000e+00
  0.00000000e+00 0.00000000e+00 0.00000000e+00 2.74188035e-02
  0.00000000e+00 0.00000000e+00 1.01867630e-01]
 [2.99924765e-01 4.64377244e-01 4.13345427e-01 2.20716293e-01
  8.40116851e-02 0.00000000e+00 2.83143314e-01 8.57388199e-01
  4.75116451e-01 2.66705819e-01 0.00000000e+00 3.77654898e-01
  0.00000000e+00 7.39402439e-02 1.25961806e-01]
 [3.20552214e-02 0.00000000e+00 1.57672320e-02 0.00000000e+00
  2.15327588e-02 0.00000000e+00 0.00000000e+00 3.68256349e-02
  0.00000000e+00 0.00000000e+00 2.38757962e-02 2.80744507e-03
  0.00000000e+00 0.00000000e+00 0.00000000e+00]
 [0.00000000e+00 0.00000000e+00 0.00000000e+00 0.00000000e+00
  4.21071432e-02 0.00000000e+00 0.00000000e+00 0.00000000e+00
  0.00000000e+00 2.55911756e-02 0.00000000e+00 1.77072552e-02
  0.00000000e+00 0.00000000e+00 1.77794104e-01]
 [1.20151549e-01 0.00000000e+00 4.19723026e-02 0.00000000e+00
  3.18135666e-02 5.08866708e-03 0.00000000e+00 1.48258948e-01
  8.75930256e-03 0.00000000e+00 0.00000000e+00 5.00485904e-02
  1.07412182e-01 0.00000000e+00 0.00000000e+00]
 [0.00000000e+00 0.00000000e+00 0.00000000e+00 0.00000000e+00
  2.55658947e-02 8.98118567e-02 0.00000000e+00 1.12044586e-01
  7.74538900e-02 1.33908073e-01 5.74384885e-01 1.91603936e-01
  0.00000000e+00 0.00000000e+00 1.44574105e-01]
 [0.00000000e+00 0.00000000e+00 3.26275033e-02 0.00000000e+00
  0.00000000e+00 0.00000000e+00 0.00000000e+00 1.58221845e-01
  3.67425200e-01 5.14982771e-01 1.28185372e+00 6.61684205e-01
  0.00000000e+00 0.00000000e+00 1.58073762e-02]
 [2.76341535e-02 0.00000000e+00 2.44063004e-01 1.32997545e-01
  0.00000000e+00 0.00000000e+00 5.86019606e-02 1.63965600e-01
  1.08020665e-01 2.18820153e-01 6.97415824e-01 7.34326358e-01
  3.37426797e-01 0.00000000e+00 3.08555787e-01]
 [0.00000000e+00 0.00000000e+00 0.00000000e+00 0.00000000e+00
  4.78586625e-02 0.00000000e+00 0.00000000e+00 1.68294084e-01
  1.43522714e-01 1.53404876e-01 3.49675780e-01 0.00000000e+00
  0.00000000e+00 0.00000000e+00 2.28158922e-01]
 [3.63645158e-01 5.10946290e-01 4.27837668e-01 3.69903909e-01
  4.41851163e-01 4.85560547e-01 3.20096519e-01 2.74741368e-01
  2.55590165e-01 5.56259664e-01 3.37168227e-01 2.94697326e-01
  5.02892847e-01 6.29334623e-01 6.83405347e-01]]

20
----------------------------------------------------------------------------------
[[0.         0.         0.16964579 0.05387454 0.         0.13183939
  0.         0.         0.00786648 0.         0.0161171  0.
  0.         0.         0.12399344]
 [0.         0.00740459 0.01473226 0.17660741 0.         0.
  0.         0.00610875 0.         0.00954687 0.         0.
  0.03436616 0.09662434 0.21264754]
 [0.02788428 0.         0.09992332 0.25438516 0.         0.23397371
  0.         0.         0.00821097 0.20299695 0.02431986 0.
  0.28081253 0.11238821 0.13710529]
 [0.         0.         0.03720318 0.10620322 0.         0.10724036
  0.         0.         0.         0.         0.         0.
  0.         0.         0.12282589]
 [0.         0.         0.         0.08469285 0.         0.11430632
  0.         0.         0.         0.         0.         0.
  0.         0.         0.08043636]
 [0.08340205 0.         0.00150249 0.0332911  0.         0.10757672
  0.         0.         0.18926801 0.         0.57728072 0.28981476
  0.24653492 0.21197616 0.04100572]
 [0.         0.         0.11646056 0.07674189 0.         0.
  0.         0.         0.         0.         0.01880051 0.
  0.         0.03569697 0.        ]
 [0.         0.         0.0557743  0.07610865 0.         0.06863065
  0.         0.         0.02094899 0.         0.00755326 0.
  0.         0.09355361 0.07267564]
 [0.         0.         0.03778094 0.04224011 0.         0.02895074
  0.         0.         0.03079169 0.         0.04698944 0.
  0.         0.         0.08735938]
 [0.         0.         0.         0.11322005 0.         0.48028994
  0.         0.22178259 0.21163918 0.         0.4266393  0.51489517
  0.26375874 0.2407718  0.20295126]
 [0.         0.         0.         0.         0.         0.09454501
  0.         0.         0.         0.         0.         0.
  0.         0.         0.        ]
 [0.         0.         0.0082917  0.         0.         0.03819213
  0.         0.         0.         0.         0.01532393 0.
  0.         0.         0.12334984]
 [0.         0.         0.01243756 0.         0.         0.014489
  0.         0.         0.         0.         0.         0.
  0.01367663 0.11863515 0.01830152]
 [0.         0.         0.09059578 0.         0.         0.03410117
  0.         0.         0.         0.         0.         0.
  0.         0.         0.09358759]
 [0.08596151 0.         0.04506005 0.         0.         0.10074123
  0.01350543 0.         0.19919479 0.         0.14834274 0.
  0.00879413 0.         0.19663988]
 [0.         0.         0.14409972 0.10079129 0.         0.24510499
  0.         0.         0.00406812 0.         0.32378714 0.05920164
  0.07612839 0.23332729 0.36649039]
 [0.09082886 0.         0.21667847 0.06261267 0.         0.04319024
  0.08674689 0.05622625 0.04651068 0.00605059 0.         0.
  0.07709156 0.         0.07161406]
 [1.05852311 0.89768462 0.55287045 0.54411314 1.00385126 0.7171449
  0.97812661 0.75636208 0.58467069 0.65410307 0.45792491 0.47323827
  0.30297223 0.29423879 0.36675915]]

21
----------------------------------------------------------------------------------
[[7.08704746e-03 0.00000000e+00 0.00000000e+00 1.35085443e-01
  0.00000000e+00 0.00000000e+00 0.00000000e+00 2.59980892e-01
  0.00000000e+00 0.00000000e+00 0.00000000e+00 0.00000000e+00
  1.49770639e-01 0.00000000e+00 0.00000000e+00]
 [0.00000000e+00 1.20802910e-01 0.00000000e+00 3.16805808e-02
  0.00000000e+00 9.51306392e-02 0.00000000e+00 2.55479011e-01
  0.00000000e+00 0.00000000e+00 0.00000000e+00 0.00000000e+00
  1.46735098e-01 0.00000000e+00 9.57717984e-02]
 [3.81117043e-03 1.50571652e-01 0.00000000e+00 0.00000000e+00
  0.00000000e+00 3.19677682e-01 0.00000000e+00 3.03558577e-01
  1.55888673e-01 5.41994443e-02 0.00000000e+00 2.41114744e-01
  2.42191054e-01 6.21918718e-02 1.09764755e-01]
 [0.00000000e+00 0.00000000e+00 0.00000000e+00 1.13444056e-01
  0.00000000e+00 0.00000000e+00 5.98444763e-02 2.16792463e-01
  0.00000000e+00 0.00000000e+00 0.00000000e+00 0.00000000e+00
  5.25312713e-02 0.00000000e+00 0.00000000e+00]
 [0.00000000e+00 9.02532502e-02 0.00000000e+00 9.54665380e-02
  0.00000000e+00 0.00000000e+00 0.00000000e+00 2.08087726e-01
  0.00000000e+00 0.00000000e+00 0.00000000e+00 0.00000000e+00
  8.25456305e-02 0.00000000e+00 0.00000000e+00]
 [2.10528022e-01 3.85518670e-02 0.00000000e+00 4.70855934e-01
  0.00000000e+00 0.00000000e+00 0.00000000e+00 3.05036707e-01
  2.56038967e-01 0.00000000e+00 3.18013428e-01 8.09739421e-02
  6.99790468e-02 4.20678702e-01 0.00000000e+00]
 [0.00000000e+00 6.94805930e-02 0.00000000e+00 3.70568078e-02
  0.00000000e+00 0.00000000e+00 0.00000000e+00 2.43075777e-01
  0.00000000e+00 0.00000000e+00 0.00000000e+00 0.00000000e+00
  5.81636570e-02 0.00000000e+00 0.00000000e+00]
 [0.00000000e+00 1.02929122e-01 0.00000000e+00 2.97703111e-01
  3.53503952e+00 5.28496766e-01 1.28525348e+00 1.04369769e+00
  4.93142706e-01 3.24745086e-01 5.04082440e-02 9.45992685e-02
  5.30945669e-02 0.00000000e+00 0.00000000e+00]
 [0.00000000e+00 4.34214072e-02 0.00000000e+00 4.27697091e-01
  4.81834594e+00 7.90659134e-01 1.30562926e+00 1.73186880e+00
  9.23931304e-01 5.59451882e-01 2.02553556e-01 1.99983879e-01
  8.57827388e-02 0.00000000e+00 0.00000000e+00]
 [0.00000000e+00 2.47431287e-01 0.00000000e+00 4.24832514e-01
  1.24197388e+00 2.85031371e-01 1.59496530e-01 1.62107759e-02
  3.00692901e-01 5.70384165e-01 0.00000000e+00 3.85283880e-01
  3.57852192e-02 3.55106652e-01 4.94442913e-01]
 [0.00000000e+00 0.00000000e+00 0.00000000e+00 4.04615546e-01
  3.29870876e+00 1.05890101e+00 6.36167984e-01 1.19061560e+00
  5.15244769e-01 4.21710688e-01 9.29420293e-02 2.95618967e-01
  1.37108247e-01 0.00000000e+00 3.94921444e-02]
 [2.19796455e-02 8.14870861e-03 0.00000000e+00 1.45207489e-01
  3.68098773e+00 6.81707437e-01 1.01416866e+00 1.40892358e+00
  8.12216497e-01 2.87299429e-01 5.12564480e-02 3.93777591e-02
  8.28109979e-02 0.00000000e+00 0.00000000e+00]
 [0.00000000e+00 3.84800306e-02 0.00000000e+00 3.11767490e-01
  3.25559180e+00 6.90996120e-01 7.17385987e-01 8.91985132e-01
  1.25499757e-01 1.76214135e-01 9.49714853e-03 1.66464072e-01
  4.78726492e-02 0.00000000e+00 0.00000000e+00]
 [0.00000000e+00 1.10124076e-01 0.00000000e+00 5.73491989e-02
  0.00000000e+00 0.00000000e+00 0.00000000e+00 6.06103914e-02
  0.00000000e+00 0.00000000e+00 0.00000000e+00 0.00000000e+00
  5.79754790e-02 0.00000000e+00 0.00000000e+00]
 [0.00000000e+00 5.24654202e-01 4.32201399e-01 1.98214707e-01
  0.00000000e+00 0.00000000e+00 0.00000000e+00 1.06278468e-03
  0.00000000e+00 0.00000000e+00 0.00000000e+00 1.94647052e-01
  3.00002853e-01 2.05122913e-01 0.00000000e+00]
 [2.76146621e-01 4.64389391e-01 6.08693615e-02 0.00000000e+00
  0.00000000e+00 0.00000000e+00 0.00000000e+00 2.52974695e-01
  3.96449257e-02 3.88135888e-02 1.53048410e-03 2.45593941e-01
  2.35737490e-02 1.73289168e-01 1.56971169e-01]
 [0.00000000e+00 1.50054904e-01 8.82405145e-02 2.35350154e-01
  0.00000000e+00 1.34579106e-02 0.00000000e+00 9.47611357e-03
  0.00000000e+00 0.00000000e+00 0.00000000e+00 2.90048117e-02
  2.39449900e-01 0.00000000e+00 0.00000000e+00]
 [6.96889026e-01 8.16693168e-01 1.14020535e+00 8.24839312e-01
  1.37087048e+00 1.08268413e+00 1.02580153e+00 8.26458561e-01
  8.82604168e-01 6.08262196e-01 4.72418882e-01 3.79760418e-01
  4.34482206e-01 5.00688485e-01 7.03488034e-01]]

22
----------------------------------------------------------------------------------
[[1.57913112e-01 6.67989988e-02 0.00000000e+00 0.00000000e+00
  0.00000000e+00 0.00000000e+00 0.00000000e+00 0.00000000e+00
  0.00000000e+00 5.70740227e-02 0.00000000e+00 1.61847664e-01
  3.04386332e-01 1.29183919e-01 6.67406012e-02]
 [3.22145325e-01 7.14382111e-02 0.00000000e+00 5.07898553e-02
  0.00000000e+00 1.92983360e-01 0.00000000e+00 0.00000000e+00
  0.00000000e+00 1.89707135e-01 0.00000000e+00 1.83350729e-01
  3.33487829e-01 9.82081868e-02 1.51456744e-01]
 [4.09342588e-01 0.00000000e+00 1.40916851e-01 4.75616345e-02
  0.00000000e+00 3.12008158e-01 0.00000000e+00 0.00000000e+00
  6.44181611e-02 4.78857135e-01 2.00925678e-01 2.58549825e-01
  3.29563211e-01 1.19929208e-01 0.00000000e+00]
 [1.53223386e-02 2.90295393e-02 0.00000000e+00 0.00000000e+00
  0.00000000e+00 0.00000000e+00 0.00000000e+00 0.00000000e+00
  0.00000000e+00 4.86733073e-03 0.00000000e+00 1.43289978e-01
  2.54914056e-01 1.16220598e-01 0.00000000e+00]
 [4.85879990e-02 7.59603131e-02 0.00000000e+00 0.00000000e+00
  0.00000000e+00 0.00000000e+00 9.81690927e-03 0.00000000e+00
  5.75337748e-03 0.00000000e+00 0.00000000e+00 6.81261516e-02
  1.15751981e-01 1.32173528e-01 0.00000000e+00]
 [5.55387178e-01 7.26635995e-02 8.04988345e-02 1.38734091e-01
  0.00000000e+00 4.43118025e-01 8.14592117e-02 2.09706506e-01
  1.80521102e-01 2.66904984e-01 1.82819829e-01 3.85214171e-01
  3.02210792e-01 1.22248120e-01 4.36649894e-01]
 [1.76772853e-01 6.01930324e-02 0.00000000e+00 7.86230570e-02
  0.00000000e+00 4.14150212e-02 1.50182285e-02 0.00000000e+00
  0.00000000e+00 6.40277549e-02 0.00000000e+00 1.55758619e-01
  9.94136864e-02 1.79305523e-01 0.00000000e+00]
 [6.97233680e-02 1.80784683e-02 0.00000000e+00 0.00000000e+00
  0.00000000e+00 0.00000000e+00 0.00000000e+00 0.00000000e+00
  0.00000000e+00 0.00000000e+00 0.00000000e+00 3.50279215e-02
  3.05374949e-01 1.20028300e-01 0.00000000e+00]
 [2.83498689e-02 0.00000000e+00 0.00000000e+00 0.00000000e+00
  0.00000000e+00 0.00000000e+00 0.00000000e+00 0.00000000e+00
  0.00000000e+00 0.00000000e+00 0.00000000e+00 5.98446573e-02
  1.76004478e-01 0.00000000e+00 0.00000000e+00]
 [4.55408026e-01 2.00788942e-01 0.00000000e+00 7.83808221e-02
  0.00000000e+00 1.46649457e-01 0.00000000e+00 2.98221422e-01
  0.00000000e+00 1.53319644e-01 5.34075040e-02 2.02364813e-01
  6.44268628e-01 3.51536311e-01 1.05162979e-01]
 [1.62673517e-01 0.00000000e+00 0.00000000e+00 0.00000000e+00
  0.00000000e+00 0.00000000e+00 0.00000000e+00 0.00000000e+00
  0.00000000e+00 7.27739040e-02 0.00000000e+00 4.54978129e-02
  1.68119035e-02 1.00352093e-01 0.00000000e+00]
 [1.35353200e-02 0.00000000e+00 0.00000000e+00 0.00000000e+00
  0.00000000e+00 3.71636859e-02 0.00000000e+00 0.00000000e+00
  5.03005699e-04 7.06911840e-03 0.00000000e+00 2.31823662e-02
  2.00905028e-01 0.00000000e+00 0.00000000e+00]
 [2.20680342e-01 0.00000000e+00 0.00000000e+00 0.00000000e+00
  0.00000000e+00 6.40801612e-02 1.78856952e-02 0.00000000e+00
  8.01082559e-02 2.94083571e-01 0.00000000e+00 3.21755467e-01
  1.46044870e-01 1.30772268e-02 0.00000000e+00]
 [6.68232748e-02 6.52875895e-02 0.00000000e+00 0.00000000e+00
  0.00000000e+00 1.74071393e-01 2.49277326e-02 7.98864482e-02
  1.74287713e-01 2.00646587e-01 4.42039551e-02 9.55631955e-02
  2.61520212e-01 0.00000000e+00 0.00000000e+00]
 [5.42552943e-03 1.69463520e-01 0.00000000e+00 1.32814739e-01
  1.41104213e-01 4.24769290e-01 1.89749527e-01 0.00000000e+00
  3.36488181e-01 5.04214989e-01 3.13729252e-01 1.94006480e-01
  3.38095419e-01 0.00000000e+00 0.00000000e+00]
 [2.77361776e-01 3.28902644e-01 0.00000000e+00 0.00000000e+00
  0.00000000e+00 2.95032458e-01 2.41879499e-01 8.37294317e-02
  4.87345639e-01 4.02737551e-01 3.03786213e-01 2.92612748e-01
  2.76867961e-01 1.54553413e-01 9.38292822e-03]
 [0.00000000e+00 0.00000000e+00 0.00000000e+00 5.82505594e-02
  0.00000000e+00 2.07209295e-01 1.01664590e-01 4.17407413e-02
  1.95726896e-01 3.43560164e-01 1.31643364e-01 2.03612697e-01
  3.43558885e-01 0.00000000e+00 0.00000000e+00]
 [5.23380298e-01 4.94456361e-01 8.08818570e-01 8.19832397e-01
  9.86169853e-01 6.34301766e-01 9.12448386e-01 5.82917053e-01
  4.97544740e-01 4.67236756e-01 4.23246325e-01 1.88488986e-01
  1.57074503e-01 4.65367040e-01 4.55411448e-01]]

23
----------------------------------------------------------------------------------
[[0.         0.         0.06716023 0.         0.02096669 0.
  0.         0.         0.         0.         0.         0.
  0.         0.         0.00156728]
 [0.         0.0592029  0.05270909 0.2553818  0.10197881 0.
  0.         0.19487207 0.01062276 0.         0.0826852  0.
  0.07944669 0.03111436 0.09371505]
 [0.         0.         0.43854819 0.39712179 0.14129652 0.0679413
  0.07273479 0.29709633 0.0302687  0.0066368  0.25820686 0.
  0.12202168 0.08536179 0.        ]
 [0.         0.         0.         0.         0.07291387 0.
  0.         0.         0.         0.         0.03780706 0.
  0.00518052 0.         0.        ]
 [0.         0.         0.08227255 0.         0.         0.
  0.         0.00358982 0.0022735  0.         0.12777279 0.
  0.08881034 0.01425962 0.        ]
 [0.         0.12430143 0.13912313 0.34326768 0.13583893 0.0546343
  0.49029991 0.66551155 0.03065817 0.         0.16459623 0.03884801
  0.13768397 0.19055536 0.        ]
 [0.         0.         0.04238389 0.04459901 0.         0.
  0.         0.06344814 0.         0.         0.0964807  0.
  0.12347322 0.036943   0.04777694]
 [0.         0.         0.         0.         0.         0.
  0.         0.19675572 0.02404939 0.         0.05038408 0.
  0.         0.         0.        ]
 [0.         0.         0.         0.         0.         0.
  0.         0.04313543 0.         0.         0.03173964 0.
  0.         0.         0.        ]
 [0.         0.74840107 0.42997881 1.00078212 0.74915904 0.28421254
  0.08777052 0.84692231 0.3349627  0.12284577 0.05326043 0.
  0.28181197 0.2558526  0.1636704 ]
 [0.         0.         0.12625877 0.17466458 0.         0.
  0.         0.05174469 0.01577598 0.         0.05232414 0.
  0.06363014 0.05065796 0.        ]
 [0.         0.         0.         0.         0.         0.
  0.         0.02808533 0.00408372 0.         0.01780572 0.
  0.         0.         0.        ]
 [0.         0.05139573 0.24713069 0.08796161 0.         0.
  0.00444185 0.23076304 0.         0.         0.         0.
  0.1234605  0.09286977 0.09140922]
 [0.0415763  0.         0.02691308 0.         0.08183536 0.
  0.         0.22500322 0.15132188 0.         0.30904174 0.36288454
  0.37347322 0.23821303 0.0493999 ]
 [0.10706413 0.         0.08262836 0.04754586 0.12136506 0.
  0.         0.3742995  0.24991591 0.19656827 0.38198546 0.7693375
  0.95853633 0.35378596 0.        ]
 [0.21864546 0.         0.23437092 0.1422315  0.32750273 0.22332051
  0.29439866 0.88170469 0.54004517 0.75978746 0.44482489 0.49476793
  0.880991   0.48275462 0.        ]
 [0.089382   0.         0.08641157 0.         0.25803445 0.
  0.         0.         0.2869897  0.0827748  0.49926559 0.57601206
  0.515277   0.41799811 0.05988092]
 [0.67873757 0.58239313 0.29898784 0.29086026 0.21621105 0.35946173
  0.36374941 0.3108548  0.36510818 0.93124377 0.73987037 0.70180426
  0.48328673 0.55013479 0.76113454]]

24
----------------------------------------------------------------------------------
[[1.47258044e-01 0.00000000e+00 0.00000000e+00 0.00000000e+00
  0.00000000e+00 0.00000000e+00 0.00000000e+00 0.00000000e+00
  0.00000000e+00 0.00000000e+00 0.00000000e+00 0.00000000e+00
  0.00000000e+00 0.00000000e+00 0.00000000e+00]
 [8.60637661e-02 0.00000000e+00 0.00000000e+00 0.00000000e+00
  8.12528497e-02 8.43828542e-02 1.06479083e-01 0.00000000e+00
  0.00000000e+00 0.00000000e+00 0.00000000e+00 0.00000000e+00
  0.00000000e+00 0.00000000e+00 0.00000000e+00]
 [1.58877934e-01 2.72705453e-01 3.06066279e-01 0.00000000e+00
  7.63959831e-03 1.09380852e-01 0.00000000e+00 0.00000000e+00
  7.04281184e-02 0.00000000e+00 0.00000000e+00 0.00000000e+00
  0.00000000e+00 0.00000000e+00 0.00000000e+00]
 [9.86148538e-02 0.00000000e+00 0.00000000e+00 0.00000000e+00
  0.00000000e+00 4.77020439e-02 0.00000000e+00 0.00000000e+00
  0.00000000e+00 0.00000000e+00 0.00000000e+00 0.00000000e+00
  0.00000000e+00 0.00000000e+00 0.00000000e+00]
 [1.20651162e-01 0.00000000e+00 0.00000000e+00 0.00000000e+00
  0.00000000e+00 1.35244218e-01 0.00000000e+00 0.00000000e+00
  0.00000000e+00 0.00000000e+00 1.14506919e-02 0.00000000e+00
  0.00000000e+00 0.00000000e+00 0.00000000e+00]
 [2.97184388e-01 9.91801798e-03 8.49557829e-02 2.70196096e-01
  2.27785634e-01 2.46870713e-01 7.71631745e-02 0.00000000e+00
  2.14609676e-01 0.00000000e+00 0.00000000e+00 0.00000000e+00
  1.92655999e-01 0.00000000e+00 0.00000000e+00]
 [1.13056610e-01 3.74085026e-02 0.00000000e+00 0.00000000e+00
  0.00000000e+00 1.52239066e-01 0.00000000e+00 0.00000000e+00
  7.42547609e-02 0.00000000e+00 0.00000000e+00 0.00000000e+00
  0.00000000e+00 0.00000000e+00 0.00000000e+00]
 [3.16360144e-02 0.00000000e+00 1.27562867e-03 0.00000000e+00
  0.00000000e+00 3.89710358e-02 0.00000000e+00 0.00000000e+00
  0.00000000e+00 0.00000000e+00 0.00000000e+00 0.00000000e+00
  0.00000000e+00 0.00000000e+00 0.00000000e+00]
 [3.34883955e-03 0.00000000e+00 0.00000000e+00 0.00000000e+00
  0.00000000e+00 0.00000000e+00 0.00000000e+00 0.00000000e+00
  0.00000000e+00 0.00000000e+00 0.00000000e+00 0.00000000e+00
  0.00000000e+00 0.00000000e+00 0.00000000e+00]
 [5.28832426e-02 6.95338637e-01 4.68136743e-01 4.26029074e-01
  7.22100015e-03 3.71753199e-01 2.96759658e-01 1.05348005e-01
  6.49313449e-02 3.68218176e-01 0.00000000e+00 0.00000000e+00
  0.00000000e+00 3.36420630e-01 0.00000000e+00]
 [3.84742776e-02 0.00000000e+00 0.00000000e+00 0.00000000e+00
  6.47389551e-02 0.00000000e+00 0.00000000e+00 0.00000000e+00
  0.00000000e+00 0.00000000e+00 0.00000000e+00 0.00000000e+00
  0.00000000e+00 0.00000000e+00 0.00000000e+00]
 [3.87520836e-02 4.51669606e-03 0.00000000e+00 0.00000000e+00
  0.00000000e+00 6.13149873e-02 0.00000000e+00 0.00000000e+00
  0.00000000e+00 0.00000000e+00 0.00000000e+00 0.00000000e+00
  0.00000000e+00 0.00000000e+00 0.00000000e+00]
 [4.30621291e-02 3.10492645e-02 0.00000000e+00 1.96478635e-02
  4.48022807e-02 5.58575361e-03 9.73020676e-02 0.00000000e+00
  0.00000000e+00 0.00000000e+00 0.00000000e+00 0.00000000e+00
  0.00000000e+00 0.00000000e+00 0.00000000e+00]
 [6.79406086e-02 1.10789053e-01 8.92466485e-01 5.57947284e-01
  1.30773355e-01 9.58335376e-01 2.72804044e+00 2.50865919e-01
  2.44555997e-01 3.25386013e-01 6.33848459e-02 0.00000000e+00
  0.00000000e+00 0.00000000e+00 1.51119779e-01]
 [4.93094442e-02 8.68079744e-03 8.76162537e-01 1.40495515e-01
  1.78351728e-01 1.82866004e+00 3.24669236e+00 3.31718248e-01
  5.03252143e-01 1.20420025e+00 5.73453483e-01 2.60716481e-01
  0.00000000e+00 0.00000000e+00 8.58820569e-02]
 [5.02029861e-01 6.47473782e-02 1.13333562e-01 3.82111438e-01
  2.12510426e-01 1.14967500e+00 1.43993896e+00 4.33625736e-02
  3.52876824e-01 6.26100184e-01 3.98375164e-01 5.85501508e-01
  0.00000000e+00 0.00000000e+00 5.25079959e-01]
 [6.79835424e-02 0.00000000e+00 6.75182897e-02 0.00000000e+00
  1.29950215e-01 9.22197913e-01 8.78995922e-01 0.00000000e+00
  1.46269950e-01 3.59374031e-01 1.77253055e-01 1.40046119e-01
  3.93124474e-02 0.00000000e+00 2.60446244e-02]
 [2.48206993e-01 2.83989568e-01 3.36498340e-01 3.75970523e-01
  4.19718508e-01 3.89336614e-01 3.55600379e-01 5.60745195e-01
  4.91377670e-01 8.68364249e-01 1.18525624e+00 1.15228349e+00
  1.01798813e+00 1.15131303e+00 1.22449247e+00]]

25
----------------------------------------------------------------------------------
[[0.04439908 0.22382476 0.10090581 0.0733549  0.         0.
  0.         0.         0.         0.         0.        ]
 [0.19513672 0.20399668 0.05009669 0.         0.         0.
  0.         0.         0.         0.         0.        ]
 [0.16051038 0.3632622  0.14739472 0.         0.         0.17277287
  0.         0.07656559 0.         0.         0.        ]
 [0.06110561 0.16353484 0.11805386 0.04969858 0.         0.
  0.         0.         0.         0.         0.        ]
 [0.0251231  0.10229558 0.0222984  0.         0.         0.
  0.02367155 0.         0.         0.         0.        ]
 [0.45794602 0.29186865 0.21388616 0.03994647 0.         0.03987065
  0.         0.08002518 0.         0.         0.08449471]
 [0.13444946 0.14914323 0.         0.         0.         0.
  0.06416674 0.         0.         0.         0.01078562]
 [0.0494659  0.17128175 0.09915521 0.03724419 0.         0.
  0.         0.         0.         0.         0.        ]
 [0.04923194 0.11768853 0.05687504 0.         0.         0.
  0.0039621  0.         0.         0.         0.        ]
 [1.07299278 0.40780542 0.08382149 0.         0.         0.
  0.         0.29599409 0.         0.16314009 0.        ]
 [0.15112653 0.1063562  0.         0.         0.         0.
  0.         0.         0.         0.         0.        ]
 [0.05608435 0.10115451 0.06290429 0.         0.         0.
  0.         0.         0.         0.         0.        ]
 [0.29869801 0.33067372 0.         0.         0.         0.
  0.         0.         0.         0.         0.        ]
 [0.37001469 0.05613938 0.         0.         0.         0.
  0.         0.         0.         0.         0.        ]
 [0.5345116  0.15566113 0.         0.         0.         0.
  0.         0.         0.         0.         0.        ]
 [1.08901221 0.3759509  0.01456673 0.06005628 0.         0.
  0.22712245 0.05169567 0.         0.         0.        ]
 [0.36838633 0.14362178 0.         0.05796872 0.         0.
  0.         0.         0.         0.         0.        ]
 [0.23335552 0.20227578 0.57592379 0.95270723 0.99522045 1.32490828
  1.25114359 1.11560545 1.08478017 0.76273687 1.13335579]]