

1
----------------------------------------------------------------------------------
[[0.00000000e+00 0.00000000e+00 0.00000000e+00 0.00000000e+00
  2.27937272e-01 9.11649738e-02 0.00000000e+00 0.00000000e+00
  3.76218348e-02 4.65139413e-02 0.00000000e+00 1.08227603e-01
  0.00000000e+00 0.00000000e+00 0.00000000e+00]
 [0.00000000e+00 2.08737006e-01 0.00000000e+00 3.97266022e-02
  3.16099078e-01 2.61893843e-01 1.01906408e-01 0.00000000e+00
  9.97112489e-02 0.00000000e+00 5.97603995e-03 3.21489626e-01
  2.04883078e-01 1.88899459e-01 1.36813159e-01]
 [1.40804579e-01 0.00000000e+00 0.00000000e+00 1.71708151e-01
  3.57064197e-01 0.00000000e+00 0.00000000e+00 0.00000000e+00
  0.00000000e+00 9.32262848e-02 1.03842931e-01 2.51899682e-01
  7.47292023e-01 3.58252442e-01 5.89836338e-01]
 [0.00000000e+00 3.43994071e-02 0.00000000e+00 0.00000000e+00
  1.68036990e-01 8.56497717e-02 2.40418360e-02 0.00000000e+00
  4.18113274e-03 0.00000000e+00 0.00000000e+00 3.28727033e-01
  0.00000000e+00 0.00000000e+00 0.00000000e+00]
 [0.00000000e+00 6.18585393e-02 0.00000000e+00 0.00000000e+00
  1.19608169e-01 9.87041500e-02 1.69261742e-02 0.00000000e+00
  0.00000000e+00 1.40111897e-01 5.64611196e-02 1.37632282e-01
  0.00000000e+00 0.00000000e+00 0.00000000e+00]
 [4.88353646e-01 1.59967645e-01 0.00000000e+00 5.86621027e-02
  7.09840580e-01 2.90397762e-01 2.38494711e-01 2.73979083e-01
  3.34073284e-01 2.01883029e-01 2.76838918e-01 3.70647715e-01
  1.49473228e-01 0.00000000e+00 2.38632856e-02]
 [0.00000000e+00 0.00000000e+00 0.00000000e+00 0.00000000e+00
  8.19896024e-02 4.48380293e-02 2.19997814e-01 0.00000000e+00
  2.21648970e-01 4.97412579e-02 1.90723476e-02 2.42505549e-01
  1.15747332e-01 0.00000000e+00 0.00000000e+00]
 [0.00000000e+00 3.45524327e-02 0.00000000e+00 0.00000000e+00
  3.12584852e-01 2.27437631e-01 1.04157489e-02 0.00000000e+00
  0.00000000e+00 1.91624517e-02 0.00000000e+00 1.52738586e-01
  0.00000000e+00 0.00000000e+00 0.00000000e+00]
 [0.00000000e+00 0.00000000e+00 0.00000000e+00 0.00000000e+00
  4.56756167e-01 3.67290215e-01 0.00000000e+00 0.00000000e+00
  0.00000000e+00 4.25924207e-02 0.00000000e+00 2.30406056e-01
  0.00000000e+00 0.00000000e+00 0.00000000e+00]
 [3.93063832e-01 1.69309832e+00 4.97547352e-01 1.93872446e-01
  8.50473368e-01 1.08075322e-01 1.49188261e-01 1.24281149e+00
  5.90604214e-01 1.87037188e-02 6.70197826e-01 1.21387606e+00
  6.61933384e-01 2.26049255e-01 2.66050775e-01]
 [0.00000000e+00 0.00000000e+00 0.00000000e+00 9.03115515e-02
  4.98613533e-01 5.40412628e-01 1.31184182e-01 0.00000000e+00
  2.88518441e-03 1.10518903e-01 2.51531515e-01 8.31514266e-02
  1.88255810e-01 0.00000000e+00 7.46731186e-03]
 [0.00000000e+00 0.00000000e+00 0.00000000e+00 0.00000000e+00
  1.94909088e-01 6.20716762e-02 0.00000000e+00 0.00000000e+00
  0.00000000e+00 8.04368928e-03 0.00000000e+00 3.15020022e-02
  0.00000000e+00 0.00000000e+00 0.00000000e+00]
 [5.42613670e-02 6.29866005e-02 0.00000000e+00 2.14594342e-01
  3.43488752e-01 2.59915882e-01 1.09720388e-01 0.00000000e+00
  1.90416182e-01 1.31773256e-01 0.00000000e+00 5.30785516e-01
  4.82133432e-01 3.59942438e-01 1.99540927e-02]
 [4.57230977e-02 3.42940459e-02 0.00000000e+00 4.59058066e-01
  6.92871451e-01 1.27371218e-01 2.68525362e-01 0.00000000e+00
  0.00000000e+00 0.00000000e+00 0.00000000e+00 2.34304274e-01
  1.45756987e-01 0.00000000e+00 0.00000000e+00]
 [1.20516994e-01 3.36119089e-01 1.81930671e-01 1.34185404e+00
  8.01937536e-01 8.21278294e-02 2.31801594e-01 0.00000000e+00
  0.00000000e+00 0.00000000e+00 0.00000000e+00 2.89639954e-01
  8.55013406e-02 0.00000000e+00 2.09411157e-02]
 [0.00000000e+00 4.92094204e-01 0.00000000e+00 4.62168111e-01
  5.54725819e-01 4.78265444e-02 1.77636231e-02 0.00000000e+00
  0.00000000e+00 8.52412875e-04 6.58212797e-02 4.58022090e-01
  1.40785895e-01 0.00000000e+00 0.00000000e+00]
 [0.00000000e+00 0.00000000e+00 0.00000000e+00 0.00000000e+00
  0.00000000e+00 0.00000000e+00 0.00000000e+00 0.00000000e+00
  0.00000000e+00 0.00000000e+00 0.00000000e+00 1.02647407e-01
  0.00000000e+00 0.00000000e+00 0.00000000e+00]
 [1.52150713e+00 1.00792637e+00 1.31083763e+00 4.09749097e-01
  3.32126714e-01 5.11935774e-01 9.98723040e-01 1.30063389e+00
  8.76894315e-01 8.81715973e-01 8.26230750e-01 4.29940154e-01
  3.15021585e-01 5.40770369e-01 5.07161232e-01]]

2
----------------------------------------------------------------------------------
[[0.         0.         0.         0.         0.         0.
  0.         0.         0.         0.         0.         0.
  0.         0.25431279 0.        ]
 [0.         0.         0.         0.         0.         0.
  0.         0.         0.         0.05538611 0.         0.
  0.         0.         0.        ]
 [0.         0.         0.         0.         0.         0.
  0.         0.16236035 0.         0.         0.         0.
  0.28558242 0.32962148 0.        ]
 [0.         0.         0.         0.         0.         0.
  0.         0.         0.         0.         0.         0.
  0.         0.10865463 0.        ]
 [0.         0.         0.         0.         0.         0.
  0.         0.         0.         0.03777451 0.         0.
  0.         0.01218156 0.        ]
 [0.         0.         0.         0.         0.         0.
  0.07324051 0.19071923 0.22392502 0.         0.         0.11736042
  0.         0.         0.        ]
 [0.         0.         0.         0.         0.         0.
  0.         0.         0.         0.         0.         0.
  0.         0.03252812 0.        ]
 [0.         0.         0.         0.         0.         0.
  0.         0.         0.         0.         0.         0.
  0.         0.08214063 0.        ]
 [0.         0.         0.         0.         0.         0.
  0.         0.         0.         0.         0.         0.
  0.         0.07118482 0.        ]
 [0.         0.         0.         0.         0.         0.
  0.         0.03269928 0.08242732 0.         0.         0.84202585
  0.         0.5099899  0.        ]
 [0.         0.         0.         0.         0.         0.
  0.         0.06642368 0.         0.         0.         0.
  0.         0.         0.        ]
 [0.         0.         0.         0.         0.         0.
  0.         0.         0.         0.         0.         0.
  0.         0.36974969 0.        ]
 [0.50789731 0.         0.20759332 0.         0.         0.
  0.14447467 0.48750292 0.         0.         0.         0.00742715
  0.         0.         0.        ]
 [0.         0.         0.         0.         0.         0.
  0.         0.         0.         0.         0.         0.
  0.28338983 0.3486484  0.        ]
 [0.         0.         0.         0.         0.         0.
  0.         0.         0.         0.         0.         0.31569425
  0.60045644 0.4581263  0.        ]
 [0.         0.         0.         0.         0.         0.08696666
  0.         0.1123916  0.         0.24198132 0.         0.
  0.2851055  0.3068423  0.        ]
 [0.         0.         0.         0.         0.         0.
  0.         0.         0.         0.         0.         0.
  0.04393983 0.         0.        ]
 [5.56827378 6.60799226 6.52533176 6.30255094 5.25320768 4.15694709
  3.30061039 2.07120019 1.41700477 1.31906724 1.75555744 1.59364911
  1.27999126 1.22736306 1.69677856]]

3
----------------------------------------------------------------------------------
[[0.00000000e+00 0.00000000e+00 0.00000000e+00 0.00000000e+00
  0.00000000e+00 0.00000000e+00 0.00000000e+00 0.00000000e+00
  0.00000000e+00 0.00000000e+00 0.00000000e+00 1.21843202e-01
  0.00000000e+00 2.55698780e-02 0.00000000e+00]
 [7.47610140e-03 1.31627996e-01 0.00000000e+00 0.00000000e+00
  1.59743092e-01 0.00000000e+00 0.00000000e+00 0.00000000e+00
  0.00000000e+00 8.37139643e-02 0.00000000e+00 1.11469596e-01
  0.00000000e+00 0.00000000e+00 0.00000000e+00]
 [0.00000000e+00 6.37451585e-01 0.00000000e+00 3.31920394e-01
  0.00000000e+00 1.79264953e-01 5.86753759e-01 0.00000000e+00
  6.22459017e-01 1.92215413e-01 2.17734221e-01 5.00991222e-02
  6.82181091e-02 0.00000000e+00 4.06635196e-01]
 [0.00000000e+00 0.00000000e+00 0.00000000e+00 0.00000000e+00
  0.00000000e+00 0.00000000e+00 0.00000000e+00 0.00000000e+00
  0.00000000e+00 0.00000000e+00 0.00000000e+00 0.00000000e+00
  0.00000000e+00 0.00000000e+00 0.00000000e+00]
 [0.00000000e+00 1.18605847e-02 0.00000000e+00 5.19743404e-02
  1.53727061e-01 0.00000000e+00 6.71932774e-02 0.00000000e+00
  8.07977263e-02 0.00000000e+00 0.00000000e+00 3.38120782e-02
  0.00000000e+00 0.00000000e+00 0.00000000e+00]
 [0.00000000e+00 6.35960012e-02 0.00000000e+00 0.00000000e+00
  0.00000000e+00 0.00000000e+00 1.54811927e-01 0.00000000e+00
  6.26516536e-02 0.00000000e+00 1.48540615e-01 2.59450723e-01
  3.67587950e-02 4.01599085e-01 3.66930945e-01]
 [0.00000000e+00 2.28331611e-01 0.00000000e+00 9.07449589e-02
  1.27175042e-01 0.00000000e+00 7.51749801e-02 0.00000000e+00
  6.15912889e-02 0.00000000e+00 0.00000000e+00 1.95688807e-02
  0.00000000e+00 0.00000000e+00 0.00000000e+00]
 [0.00000000e+00 3.56994661e-01 0.00000000e+00 7.75479744e-01
  1.28523270e-02 0.00000000e+00 0.00000000e+00 0.00000000e+00
  0.00000000e+00 0.00000000e+00 0.00000000e+00 0.00000000e+00
  0.00000000e+00 6.17739173e-02 1.64712496e-01]
 [0.00000000e+00 0.00000000e+00 0.00000000e+00 0.00000000e+00
  0.00000000e+00 0.00000000e+00 0.00000000e+00 0.00000000e+00
  0.00000000e+00 0.00000000e+00 0.00000000e+00 0.00000000e+00
  0.00000000e+00 0.00000000e+00 7.71380838e-04]
 [0.00000000e+00 0.00000000e+00 0.00000000e+00 1.69282354e-01
  0.00000000e+00 3.23792581e-02 8.39944322e-02 0.00000000e+00
  0.00000000e+00 7.26581751e-01 4.91919095e-01 4.77684466e-01
  1.53054745e-01 0.00000000e+00 3.69239632e-01]
 [0.00000000e+00 0.00000000e+00 0.00000000e+00 0.00000000e+00
  0.00000000e+00 0.00000000e+00 5.53862658e-02 0.00000000e+00
  0.00000000e+00 0.00000000e+00 0.00000000e+00 9.66651678e-02
  0.00000000e+00 0.00000000e+00 0.00000000e+00]
 [0.00000000e+00 0.00000000e+00 0.00000000e+00 0.00000000e+00
  0.00000000e+00 0.00000000e+00 0.00000000e+00 0.00000000e+00
  0.00000000e+00 2.83268562e-02 0.00000000e+00 5.50779557e-02
  0.00000000e+00 0.00000000e+00 1.96362071e-01]
 [0.00000000e+00 5.62309789e-02 0.00000000e+00 0.00000000e+00
  0.00000000e+00 0.00000000e+00 0.00000000e+00 2.33374002e-02
  4.96540320e-01 0.00000000e+00 5.32710109e-02 4.40651126e-01
  0.00000000e+00 0.00000000e+00 1.34341632e-01]
 [0.00000000e+00 0.00000000e+00 0.00000000e+00 0.00000000e+00
  0.00000000e+00 0.00000000e+00 0.00000000e+00 0.00000000e+00
  0.00000000e+00 0.00000000e+00 0.00000000e+00 9.60883607e-02
  0.00000000e+00 0.00000000e+00 0.00000000e+00]
 [0.00000000e+00 0.00000000e+00 0.00000000e+00 0.00000000e+00
  0.00000000e+00 0.00000000e+00 6.57462199e-02 0.00000000e+00
  6.20021300e-02 0.00000000e+00 0.00000000e+00 9.22980133e-02
  0.00000000e+00 0.00000000e+00 1.14441670e-02]
 [0.00000000e+00 0.00000000e+00 0.00000000e+00 0.00000000e+00
  0.00000000e+00 0.00000000e+00 0.00000000e+00 6.78554389e-02
  0.00000000e+00 0.00000000e+00 0.00000000e+00 1.33919579e-01
  0.00000000e+00 0.00000000e+00 1.65570755e-01]
 [0.00000000e+00 0.00000000e+00 0.00000000e+00 0.00000000e+00
  0.00000000e+00 0.00000000e+00 0.00000000e+00 0.00000000e+00
  0.00000000e+00 0.00000000e+00 0.00000000e+00 1.05857069e-01
  0.00000000e+00 0.00000000e+00 0.00000000e+00]
 [3.18457783e+00 2.97881658e+00 2.92092047e+00 2.02404364e+00
  1.71747480e+00 1.64573754e+00 1.17113283e+00 1.18540127e+00
  1.04761265e+00 1.02507439e+00 8.40710823e-01 4.36045175e-01
  5.18937604e-01 6.74756438e-01 4.51459928e-01]]

4
----------------------------------------------------------------------------------
[[0.00000000e+00 0.00000000e+00 0.00000000e+00 0.00000000e+00
  0.00000000e+00 0.00000000e+00 0.00000000e+00 0.00000000e+00
  0.00000000e+00 0.00000000e+00 0.00000000e+00 0.00000000e+00
  0.00000000e+00 0.00000000e+00 0.00000000e+00]
 [0.00000000e+00 0.00000000e+00 2.31854130e-03 0.00000000e+00
  0.00000000e+00 0.00000000e+00 0.00000000e+00 0.00000000e+00
  0.00000000e+00 0.00000000e+00 0.00000000e+00 0.00000000e+00
  0.00000000e+00 0.00000000e+00 0.00000000e+00]
 [2.75544737e-02 0.00000000e+00 1.98313975e-01 0.00000000e+00
  1.09840885e-02 1.21196860e-01 0.00000000e+00 0.00000000e+00
  0.00000000e+00 0.00000000e+00 0.00000000e+00 0.00000000e+00
  0.00000000e+00 0.00000000e+00 0.00000000e+00]
 [0.00000000e+00 0.00000000e+00 0.00000000e+00 0.00000000e+00
  0.00000000e+00 0.00000000e+00 0.00000000e+00 0.00000000e+00
  0.00000000e+00 0.00000000e+00 0.00000000e+00 0.00000000e+00
  0.00000000e+00 0.00000000e+00 0.00000000e+00]
 [0.00000000e+00 0.00000000e+00 0.00000000e+00 0.00000000e+00
  1.88381261e-02 0.00000000e+00 0.00000000e+00 0.00000000e+00
  0.00000000e+00 0.00000000e+00 0.00000000e+00 0.00000000e+00
  0.00000000e+00 0.00000000e+00 0.00000000e+00]
 [3.70943515e-01 5.79371396e-01 2.59894393e-01 0.00000000e+00
  0.00000000e+00 0.00000000e+00 0.00000000e+00 0.00000000e+00
  0.00000000e+00 0.00000000e+00 0.00000000e+00 0.00000000e+00
  0.00000000e+00 0.00000000e+00 0.00000000e+00]
 [0.00000000e+00 3.17044117e-03 1.82103155e-01 0.00000000e+00
  0.00000000e+00 0.00000000e+00 0.00000000e+00 0.00000000e+00
  0.00000000e+00 0.00000000e+00 0.00000000e+00 0.00000000e+00
  0.00000000e+00 0.00000000e+00 0.00000000e+00]
 [0.00000000e+00 0.00000000e+00 1.82753820e-01 0.00000000e+00
  0.00000000e+00 0.00000000e+00 0.00000000e+00 0.00000000e+00
  0.00000000e+00 0.00000000e+00 0.00000000e+00 0.00000000e+00
  0.00000000e+00 0.00000000e+00 0.00000000e+00]
 [1.88233177e-01 3.59130695e+00 1.18880976e+01 1.92054301e-01
  4.09444741e-01 2.17309313e-01 0.00000000e+00 0.00000000e+00
  0.00000000e+00 0.00000000e+00 0.00000000e+00 0.00000000e+00
  0.00000000e+00 0.00000000e+00 0.00000000e+00]
 [0.00000000e+00 4.74523841e-01 1.70330587e+00 0.00000000e+00
  2.49214548e-01 0.00000000e+00 0.00000000e+00 0.00000000e+00
  0.00000000e+00 0.00000000e+00 0.00000000e+00 0.00000000e+00
  0.00000000e+00 0.00000000e+00 0.00000000e+00]
 [0.00000000e+00 2.06597080e+00 4.97471151e+00 8.95284062e-01
  6.42277122e-01 3.83185822e-02 0.00000000e+00 0.00000000e+00
  0.00000000e+00 0.00000000e+00 0.00000000e+00 0.00000000e+00
  3.00545115e-01 0.00000000e+00 0.00000000e+00]
 [4.69117315e-02 0.00000000e+00 6.57954576e-01 0.00000000e+00
  1.42591756e-01 0.00000000e+00 0.00000000e+00 0.00000000e+00
  0.00000000e+00 0.00000000e+00 0.00000000e+00 0.00000000e+00
  0.00000000e+00 0.00000000e+00 0.00000000e+00]
 [9.89251126e-03 8.54382116e-02 1.47288185e+00 4.40433643e-01
  4.06384550e-01 3.30706699e-02 0.00000000e+00 0.00000000e+00
  0.00000000e+00 4.34630662e-02 8.56935031e-01 2.14210687e+00
  4.37621918e+00 9.90327289e-01 6.17796230e-01]
 [0.00000000e+00 0.00000000e+00 1.61734163e-03 0.00000000e+00
  0.00000000e+00 0.00000000e+00 0.00000000e+00 0.00000000e+00
  0.00000000e+00 0.00000000e+00 0.00000000e+00 0.00000000e+00
  0.00000000e+00 0.00000000e+00 0.00000000e+00]
 [0.00000000e+00 0.00000000e+00 3.06797655e-02 0.00000000e+00
  0.00000000e+00 0.00000000e+00 0.00000000e+00 0.00000000e+00
  0.00000000e+00 0.00000000e+00 0.00000000e+00 0.00000000e+00
  0.00000000e+00 0.00000000e+00 0.00000000e+00]
 [0.00000000e+00 0.00000000e+00 1.37965452e-01 0.00000000e+00
  0.00000000e+00 0.00000000e+00 0.00000000e+00 0.00000000e+00
  0.00000000e+00 0.00000000e+00 0.00000000e+00 0.00000000e+00
  0.00000000e+00 0.00000000e+00 0.00000000e+00]
 [0.00000000e+00 0.00000000e+00 0.00000000e+00 0.00000000e+00
  0.00000000e+00 0.00000000e+00 0.00000000e+00 0.00000000e+00
  0.00000000e+00 0.00000000e+00 0.00000000e+00 0.00000000e+00
  0.00000000e+00 0.00000000e+00 0.00000000e+00]
 [6.31216324e-01 6.73604035e-01 5.98177376e-01 1.10995907e+00
  1.26853471e+00 1.71413094e+00 2.45584162e+00 3.46131066e+00
  4.20002449e+00 4.85455133e+00 6.13765506e+00 6.52369426e+00
  5.90848897e+00 5.30477667e+00 5.02292237e+00]]

5
----------------------------------------------------------------------------------
[[0.00000000e+00 0.00000000e+00 0.00000000e+00 0.00000000e+00
  0.00000000e+00 0.00000000e+00 0.00000000e+00 0.00000000e+00
  0.00000000e+00 0.00000000e+00 0.00000000e+00 0.00000000e+00
  0.00000000e+00 0.00000000e+00 0.00000000e+00]
 [0.00000000e+00 0.00000000e+00 0.00000000e+00 0.00000000e+00
  1.33242332e-02 0.00000000e+00 0.00000000e+00 1.69267624e-01
  0.00000000e+00 3.83091658e-03 1.39575612e-01 0.00000000e+00
  0.00000000e+00 2.68510222e-02 0.00000000e+00]
 [0.00000000e+00 0.00000000e+00 0.00000000e+00 0.00000000e+00
  1.35115589e-01 0.00000000e+00 0.00000000e+00 4.39107989e-01
  1.40671405e-02 1.13533064e-02 0.00000000e+00 0.00000000e+00
  0.00000000e+00 1.30583076e-02 0.00000000e+00]
 [0.00000000e+00 0.00000000e+00 0.00000000e+00 0.00000000e+00
  0.00000000e+00 0.00000000e+00 0.00000000e+00 0.00000000e+00
  0.00000000e+00 0.00000000e+00 0.00000000e+00 0.00000000e+00
  0.00000000e+00 0.00000000e+00 0.00000000e+00]
 [0.00000000e+00 0.00000000e+00 0.00000000e+00 0.00000000e+00
  0.00000000e+00 0.00000000e+00 0.00000000e+00 0.00000000e+00
  0.00000000e+00 4.30703900e-02 0.00000000e+00 0.00000000e+00
  0.00000000e+00 2.22489649e-02 0.00000000e+00]
 [0.00000000e+00 4.83462987e-02 0.00000000e+00 0.00000000e+00
  0.00000000e+00 6.93876702e-02 0.00000000e+00 8.60556414e-03
  5.61075808e-01 1.43386013e-01 0.00000000e+00 0.00000000e+00
  0.00000000e+00 0.00000000e+00 1.09383894e-01]
 [0.00000000e+00 0.00000000e+00 0.00000000e+00 0.00000000e+00
  0.00000000e+00 3.27711871e-02 0.00000000e+00 1.08538593e-01
  5.91087156e-01 2.21333358e-01 0.00000000e+00 0.00000000e+00
  0.00000000e+00 1.59185769e-01 3.85025315e-02]
 [0.00000000e+00 0.00000000e+00 0.00000000e+00 0.00000000e+00
  0.00000000e+00 0.00000000e+00 0.00000000e+00 0.00000000e+00
  8.80265372e-02 1.16809216e+00 0.00000000e+00 2.43580674e-02
  6.39166151e-01 1.45816522e-01 1.46529227e+00]
 [0.00000000e+00 0.00000000e+00 0.00000000e+00 0.00000000e+00
  0.00000000e+00 0.00000000e+00 0.00000000e+00 1.82859476e-01
  6.25180009e-01 3.67789905e+00 0.00000000e+00 2.24117013e-01
  1.51211800e+00 1.16388982e+00 3.34839875e+00]
 [0.00000000e+00 0.00000000e+00 0.00000000e+00 0.00000000e+00
  0.00000000e+00 1.93171925e-02 0.00000000e+00 1.19375495e+00
  5.37984555e-01 6.17073579e-01 0.00000000e+00 0.00000000e+00
  0.00000000e+00 6.22278268e-01 1.15721587e+00]
 [0.00000000e+00 0.00000000e+00 0.00000000e+00 0.00000000e+00
  0.00000000e+00 8.09233157e-02 0.00000000e+00 3.44091256e-01
  5.01395908e-01 4.28337929e+00 0.00000000e+00 0.00000000e+00
  2.87826684e+00 1.49925791e+00 3.41287433e+00]
 [0.00000000e+00 0.00000000e+00 0.00000000e+00 0.00000000e+00
  0.00000000e+00 0.00000000e+00 0.00000000e+00 2.29212415e-01
  0.00000000e+00 0.00000000e+00 0.00000000e+00 0.00000000e+00
  0.00000000e+00 1.21370965e-01 6.69196134e-01]
 [0.00000000e+00 0.00000000e+00 0.00000000e+00 9.25066721e-02
  0.00000000e+00 0.00000000e+00 3.60348029e-01 0.00000000e+00
  0.00000000e+00 3.16405320e+00 0.00000000e+00 0.00000000e+00
  2.51766749e+00 1.31137312e+00 3.26401928e+00]
 [0.00000000e+00 0.00000000e+00 0.00000000e+00 0.00000000e+00
  0.00000000e+00 0.00000000e+00 0.00000000e+00 0.00000000e+00
  0.00000000e+00 0.00000000e+00 0.00000000e+00 0.00000000e+00
  0.00000000e+00 0.00000000e+00 0.00000000e+00]
 [0.00000000e+00 0.00000000e+00 0.00000000e+00 0.00000000e+00
  4.48432968e-02 0.00000000e+00 0.00000000e+00 0.00000000e+00
  0.00000000e+00 0.00000000e+00 0.00000000e+00 0.00000000e+00
  0.00000000e+00 0.00000000e+00 0.00000000e+00]
 [0.00000000e+00 0.00000000e+00 4.15928437e-01 0.00000000e+00
  1.46308929e-01 1.00760415e-01 0.00000000e+00 0.00000000e+00
  0.00000000e+00 0.00000000e+00 0.00000000e+00 0.00000000e+00
  0.00000000e+00 0.00000000e+00 1.13301818e-01]
 [0.00000000e+00 0.00000000e+00 0.00000000e+00 0.00000000e+00
  0.00000000e+00 0.00000000e+00 0.00000000e+00 0.00000000e+00
  0.00000000e+00 0.00000000e+00 0.00000000e+00 0.00000000e+00
  0.00000000e+00 0.00000000e+00 0.00000000e+00]
 [3.82045900e+00 2.87520577e+00 2.09805031e+00 1.99959079e+00
  1.39611626e+00 1.33875108e+00 1.21692280e+00 1.04665178e+00
  1.15983654e+00 1.03176617e+00 1.70519685e+00 1.97133232e+00
  2.50933921e+00 1.91977713e+00 1.67854513e+00]]

7
----------------------------------------------------------------------------------
[[0.00000000e+00 0.00000000e+00 0.00000000e+00 1.39059172e-01
  0.00000000e+00 0.00000000e+00 0.00000000e+00 0.00000000e+00
  0.00000000e+00 0.00000000e+00 0.00000000e+00 2.50049253e-01
  1.50231618e-01 7.19170884e-04 0.00000000e+00]
 [2.22035791e-01 0.00000000e+00 0.00000000e+00 0.00000000e+00
  0.00000000e+00 0.00000000e+00 2.62757858e-01 9.06182298e-02
  0.00000000e+00 0.00000000e+00 0.00000000e+00 6.33328823e-01
  6.45459326e-01 0.00000000e+00 0.00000000e+00]
 [0.00000000e+00 1.68233806e-01 0.00000000e+00 0.00000000e+00
  0.00000000e+00 0.00000000e+00 1.09813543e-01 8.83343810e-02
  6.16132431e-02 7.63641590e-02 0.00000000e+00 4.55038889e-01
  3.73296197e-01 3.79069173e-01 0.00000000e+00]
 [0.00000000e+00 0.00000000e+00 0.00000000e+00 1.61438455e-01
  0.00000000e+00 0.00000000e+00 0.00000000e+00 0.00000000e+00
  0.00000000e+00 0.00000000e+00 0.00000000e+00 4.20628606e-01
  1.13788186e-01 0.00000000e+00 0.00000000e+00]
 [0.00000000e+00 0.00000000e+00 0.00000000e+00 8.43114011e-03
  0.00000000e+00 0.00000000e+00 0.00000000e+00 0.00000000e+00
  0.00000000e+00 0.00000000e+00 0.00000000e+00 1.38885186e-01
  8.39463855e-02 0.00000000e+00 0.00000000e+00]
 [0.00000000e+00 0.00000000e+00 3.28862650e-02 7.08683468e-02
  0.00000000e+00 0.00000000e+00 0.00000000e+00 0.00000000e+00
  0.00000000e+00 0.00000000e+00 0.00000000e+00 5.12682812e-01
  1.21466321e-01 0.00000000e+00 5.22825181e-01]
 [0.00000000e+00 0.00000000e+00 0.00000000e+00 0.00000000e+00
  0.00000000e+00 0.00000000e+00 3.15984048e-02 0.00000000e+00
  0.00000000e+00 0.00000000e+00 0.00000000e+00 1.59688149e-01
  0.00000000e+00 0.00000000e+00 0.00000000e+00]
 [0.00000000e+00 0.00000000e+00 0.00000000e+00 1.70722276e-01
  0.00000000e+00 0.00000000e+00 0.00000000e+00 0.00000000e+00
  0.00000000e+00 0.00000000e+00 0.00000000e+00 1.35121869e-01
  1.92158342e-01 6.45560251e-03 0.00000000e+00]
 [0.00000000e+00 0.00000000e+00 0.00000000e+00 7.24957712e-02
  0.00000000e+00 0.00000000e+00 0.00000000e+00 0.00000000e+00
  0.00000000e+00 0.00000000e+00 0.00000000e+00 1.64326790e-01
  1.25884627e-01 0.00000000e+00 0.00000000e+00]
 [1.79472092e-01 0.00000000e+00 1.19400573e-01 0.00000000e+00
  0.00000000e+00 0.00000000e+00 0.00000000e+00 0.00000000e+00
  2.01529035e-01 4.77155956e-02 0.00000000e+00 3.03823111e-01
  5.18030907e-01 0.00000000e+00 0.00000000e+00]
 [2.67436774e-01 5.99413561e-02 0.00000000e+00 0.00000000e+00
  0.00000000e+00 0.00000000e+00 0.00000000e+00 0.00000000e+00
  0.00000000e+00 0.00000000e+00 0.00000000e+00 1.25496099e-01
  3.63399915e-01 0.00000000e+00 0.00000000e+00]
 [0.00000000e+00 0.00000000e+00 0.00000000e+00 4.62857247e-01
  0.00000000e+00 0.00000000e+00 1.23678256e-01 0.00000000e+00
  3.48686546e-02 0.00000000e+00 0.00000000e+00 1.54282244e-01
  1.95640597e-01 0.00000000e+00 0.00000000e+00]
 [2.10944459e-01 0.00000000e+00 3.60066269e-02 0.00000000e+00
  0.00000000e+00 2.07067672e-01 5.97975371e-02 0.00000000e+00
  8.00386794e-03 0.00000000e+00 2.67611228e-02 1.95433020e-01
  7.83348214e-01 0.00000000e+00 0.00000000e+00]
 [3.33069666e-01 2.42451401e-01 9.93344714e-02 2.64238229e-01
  0.00000000e+00 0.00000000e+00 0.00000000e+00 0.00000000e+00
  0.00000000e+00 0.00000000e+00 0.00000000e+00 4.57367939e-01
  4.76841283e-01 0.00000000e+00 0.00000000e+00]
 [1.18165283e+00 1.25630545e+00 8.15496429e-02 1.35967489e-01
  1.09348948e-01 0.00000000e+00 0.00000000e+00 0.00000000e+00
  0.00000000e+00 0.00000000e+00 0.00000000e+00 6.53333194e-01
  5.19520213e-01 0.00000000e+00 0.00000000e+00]
 [5.15287659e-01 1.13203819e+00 1.20831778e-01 9.20409042e-02
  0.00000000e+00 0.00000000e+00 0.00000000e+00 0.00000000e+00
  0.00000000e+00 0.00000000e+00 4.35753521e-01 6.61822858e-01
  4.62203785e-01 0.00000000e+00 0.00000000e+00]
 [5.38637551e-01 3.41723789e-01 1.05031377e-01 3.04601209e-01
  0.00000000e+00 4.34798211e-02 0.00000000e+00 0.00000000e+00
  0.00000000e+00 0.00000000e+00 0.00000000e+00 2.39342378e-01
  4.39924691e-01 0.00000000e+00 0.00000000e+00]
 [7.72530590e-01 7.93090521e-01 9.20994872e-01 9.30665028e-01
  1.32237143e+00 1.18693516e+00 1.18542203e+00 1.23437783e+00
  1.25273128e+00 1.03890897e+00 8.79363702e-01 4.26412412e-01
  9.35180838e-01 1.67027500e+00 1.85444081e+00]]

8
----------------------------------------------------------------------------------
[[0.00000000e+00 0.00000000e+00 0.00000000e+00 0.00000000e+00
  0.00000000e+00 0.00000000e+00 0.00000000e+00 0.00000000e+00
  0.00000000e+00 0.00000000e+00 0.00000000e+00 0.00000000e+00
  0.00000000e+00 0.00000000e+00 0.00000000e+00]
 [0.00000000e+00 2.65601740e-01 0.00000000e+00 0.00000000e+00
  4.52292069e-01 0.00000000e+00 0.00000000e+00 0.00000000e+00
  0.00000000e+00 0.00000000e+00 0.00000000e+00 0.00000000e+00
  3.74753814e-01 0.00000000e+00 2.62045443e-01]
 [0.00000000e+00 0.00000000e+00 9.79000951e-02 0.00000000e+00
  0.00000000e+00 0.00000000e+00 0.00000000e+00 0.00000000e+00
  0.00000000e+00 0.00000000e+00 0.00000000e+00 0.00000000e+00
  1.17746053e-01 0.00000000e+00 1.05329548e-01]
 [0.00000000e+00 0.00000000e+00 0.00000000e+00 3.34525414e-01
  7.72257824e-01 0.00000000e+00 0.00000000e+00 0.00000000e+00
  0.00000000e+00 0.00000000e+00 0.00000000e+00 0.00000000e+00
  0.00000000e+00 0.00000000e+00 0.00000000e+00]
 [0.00000000e+00 0.00000000e+00 1.02317694e-01 0.00000000e+00
  2.73977524e-01 0.00000000e+00 0.00000000e+00 0.00000000e+00
  0.00000000e+00 0.00000000e+00 0.00000000e+00 0.00000000e+00
  2.00614783e-01 0.00000000e+00 0.00000000e+00]
 [0.00000000e+00 0.00000000e+00 5.80483367e-02 0.00000000e+00
  0.00000000e+00 0.00000000e+00 0.00000000e+00 0.00000000e+00
  3.69038195e-01 0.00000000e+00 0.00000000e+00 0.00000000e+00
  0.00000000e+00 0.00000000e+00 0.00000000e+00]
 [0.00000000e+00 0.00000000e+00 0.00000000e+00 0.00000000e+00
  0.00000000e+00 0.00000000e+00 0.00000000e+00 0.00000000e+00
  0.00000000e+00 0.00000000e+00 0.00000000e+00 0.00000000e+00
  2.42426433e-01 0.00000000e+00 0.00000000e+00]
 [0.00000000e+00 0.00000000e+00 0.00000000e+00 0.00000000e+00
  0.00000000e+00 0.00000000e+00 0.00000000e+00 0.00000000e+00
  0.00000000e+00 0.00000000e+00 0.00000000e+00 0.00000000e+00
  0.00000000e+00 0.00000000e+00 0.00000000e+00]
 [0.00000000e+00 0.00000000e+00 0.00000000e+00 0.00000000e+00
  0.00000000e+00 0.00000000e+00 0.00000000e+00 0.00000000e+00
  7.09006417e-01 0.00000000e+00 0.00000000e+00 0.00000000e+00
  0.00000000e+00 0.00000000e+00 0.00000000e+00]
 [0.00000000e+00 0.00000000e+00 0.00000000e+00 0.00000000e+00
  0.00000000e+00 0.00000000e+00 0.00000000e+00 0.00000000e+00
  0.00000000e+00 0.00000000e+00 0.00000000e+00 0.00000000e+00
  0.00000000e+00 0.00000000e+00 0.00000000e+00]
 [0.00000000e+00 0.00000000e+00 0.00000000e+00 0.00000000e+00
  0.00000000e+00 0.00000000e+00 3.17531107e-01 3.39478422e-01
  0.00000000e+00 0.00000000e+00 0.00000000e+00 0.00000000e+00
  0.00000000e+00 0.00000000e+00 0.00000000e+00]
 [0.00000000e+00 0.00000000e+00 0.00000000e+00 0.00000000e+00
  0.00000000e+00 0.00000000e+00 6.51531205e-01 6.00814419e-01
  0.00000000e+00 0.00000000e+00 0.00000000e+00 0.00000000e+00
  0.00000000e+00 0.00000000e+00 0.00000000e+00]
 [0.00000000e+00 0.00000000e+00 0.00000000e+00 5.01149501e-01
  0.00000000e+00 0.00000000e+00 1.33447073e+00 3.63198957e+01
  0.00000000e+00 0.00000000e+00 0.00000000e+00 0.00000000e+00
  2.34925879e-01 0.00000000e+00 0.00000000e+00]
 [0.00000000e+00 0.00000000e+00 0.00000000e+00 0.00000000e+00
  2.49482659e+00 0.00000000e+00 0.00000000e+00 0.00000000e+00
  0.00000000e+00 0.00000000e+00 0.00000000e+00 0.00000000e+00
  3.44834345e-02 0.00000000e+00 0.00000000e+00]
 [0.00000000e+00 3.55708558e-01 0.00000000e+00 0.00000000e+00
  6.72930155e-01 0.00000000e+00 0.00000000e+00 0.00000000e+00
  0.00000000e+00 0.00000000e+00 0.00000000e+00 0.00000000e+00
  0.00000000e+00 0.00000000e+00 0.00000000e+00]
 [2.11532675e-02 0.00000000e+00 2.58991399e-02 0.00000000e+00
  0.00000000e+00 0.00000000e+00 0.00000000e+00 0.00000000e+00
  2.76413785e-01 0.00000000e+00 0.00000000e+00 0.00000000e+00
  0.00000000e+00 0.00000000e+00 0.00000000e+00]
 [0.00000000e+00 0.00000000e+00 0.00000000e+00 0.00000000e+00
  0.00000000e+00 0.00000000e+00 0.00000000e+00 0.00000000e+00
  0.00000000e+00 0.00000000e+00 0.00000000e+00 0.00000000e+00
  0.00000000e+00 0.00000000e+00 0.00000000e+00]
 [2.49938874e+00 2.56909957e+00 2.34438064e+00 3.62287889e+00
  5.12791718e+00 5.42807771e+00 2.24234590e+00 1.89247406e+00
  2.01553897e+00 2.89036660e+00 2.76126179e+00 1.99897352e+00
  1.70004401e+00 2.46236180e+00 1.87619204e+00]]

9
----------------------------------------------------------------------------------
[[0.00000000e+00 0.00000000e+00 0.00000000e+00 2.96629757e-01
  1.83282875e-01 0.00000000e+00 0.00000000e+00 0.00000000e+00
  0.00000000e+00 0.00000000e+00 0.00000000e+00 0.00000000e+00
  0.00000000e+00 1.50613459e-01 1.08202373e-01]
 [1.86323653e-01 0.00000000e+00 3.98513180e-01 4.05665342e-01
  5.57499662e-01 0.00000000e+00 2.45494624e-01 0.00000000e+00
  0.00000000e+00 0.00000000e+00 9.50787121e-02 0.00000000e+00
  0.00000000e+00 4.10687238e-01 4.37057731e-01]
 [4.04358169e-01 1.26643075e-01 4.44292934e-01 6.69818834e-01
  5.99781218e-01 0.00000000e+00 4.62818819e-02 0.00000000e+00
  0.00000000e+00 0.00000000e+00 1.57982552e-01 2.91779933e-01
  0.00000000e+00 5.86440447e-01 6.51581678e-01]
 [0.00000000e+00 0.00000000e+00 0.00000000e+00 1.68889705e-01
  1.15166475e-01 0.00000000e+00 0.00000000e+00 0.00000000e+00
  0.00000000e+00 0.00000000e+00 0.00000000e+00 0.00000000e+00
  0.00000000e+00 5.77049538e-02 0.00000000e+00]
 [6.64325287e-02 2.74456715e-02 1.29075494e-02 2.25700240e-01
  0.00000000e+00 0.00000000e+00 0.00000000e+00 3.68127800e-02
  0.00000000e+00 2.10966973e-02 0.00000000e+00 0.00000000e+00
  0.00000000e+00 1.27460005e-01 0.00000000e+00]
 [9.34926548e-02 2.36241043e-01 3.39065538e-01 3.03068006e-01
  2.49506426e-01 0.00000000e+00 0.00000000e+00 0.00000000e+00
  0.00000000e+00 0.00000000e+00 0.00000000e+00 0.00000000e+00
  0.00000000e+00 3.00805482e-01 4.56715380e-01]
 [1.87626775e-01 0.00000000e+00 2.65841684e-01 3.18275374e-01
  1.62573520e-03 0.00000000e+00 6.77165827e-03 3.28532940e-01
  0.00000000e+00 0.00000000e+00 0.00000000e+00 7.24067790e-02
  0.00000000e+00 2.41937467e-01 1.26926783e-01]
 [0.00000000e+00 0.00000000e+00 0.00000000e+00 1.97092252e-01
  2.42599439e-01 0.00000000e+00 5.80830271e-01 0.00000000e+00
  4.13011902e-01 3.82646033e-01 0.00000000e+00 7.00507958e-02
  0.00000000e+00 1.64917353e-01 0.00000000e+00]
 [0.00000000e+00 0.00000000e+00 0.00000000e+00 1.29641264e-01
  0.00000000e+00 9.69935477e-01 2.60894045e+00 8.94509606e-01
  1.00203122e+00 1.91570760e+00 6.09651655e-01 3.99014055e-01
  0.00000000e+00 1.37057515e-01 4.95332046e-02]
 [1.06232269e-01 5.17189184e-01 0.00000000e+00 2.98044940e-01
  3.57334233e-01 0.00000000e+00 1.69403537e-01 1.18909181e+00
  0.00000000e+00 0.00000000e+00 0.00000000e+00 0.00000000e+00
  1.89248566e-01 1.05519718e+00 4.83927201e-02]
 [0.00000000e+00 5.21427362e-02 0.00000000e+00 5.41495589e-01
  1.89676531e-01 2.64860247e-01 2.22826104e+00 1.78886517e+00
  5.46985735e-01 1.83285834e+00 8.62964993e-01 3.87664191e-01
  5.72028080e-02 1.28379542e-01 0.00000000e+00]
 [0.00000000e+00 0.00000000e+00 0.00000000e+00 1.04080095e-01
  4.14310373e-02 0.00000000e+00 1.49242242e+00 4.27360842e-01
  7.02483501e-01 8.31317878e-01 6.42147247e-02 0.00000000e+00
  0.00000000e+00 0.00000000e+00 6.63454906e-02]
 [5.88910075e-02 1.56940388e-01 1.18916756e-01 5.69063474e-01
  1.51296833e-01 0.00000000e+00 2.45748128e+00 3.17316465e+00
  8.21621033e-01 3.60490759e+00 1.65914605e+00 5.30688760e-02
  0.00000000e+00 7.28374449e-01 1.03663861e-01]
 [0.00000000e+00 2.04220650e-01 1.05469460e+00 0.00000000e+00
  4.61740364e-01 1.14767220e-02 0.00000000e+00 0.00000000e+00
  0.00000000e+00 0.00000000e+00 0.00000000e+00 0.00000000e+00
  0.00000000e+00 2.59423399e-01 0.00000000e+00]
 [0.00000000e+00 1.15027858e+00 1.97122542e+00 3.81107941e-01
  1.05190800e+00 7.16346268e-01 0.00000000e+00 0.00000000e+00
  0.00000000e+00 0.00000000e+00 0.00000000e+00 0.00000000e+00
  0.00000000e+00 5.53575578e-01 2.68885783e-02]
 [0.00000000e+00 4.54281878e-01 1.39593863e+00 1.75891145e+00
  1.15573308e+00 8.17890367e-01 1.83044393e-01 0.00000000e+00
  0.00000000e+00 0.00000000e+00 0.00000000e+00 0.00000000e+00
  2.72770175e-01 8.57369744e-01 2.00746450e-02]
 [0.00000000e+00 0.00000000e+00 6.38318267e-01 0.00000000e+00
  6.33177136e-01 0.00000000e+00 0.00000000e+00 0.00000000e+00
  0.00000000e+00 0.00000000e+00 0.00000000e+00 1.71589424e-02
  0.00000000e+00 1.34933246e-01 0.00000000e+00]
 [1.53627805e+00 1.56585914e+00 1.00531717e+00 3.97567164e-01
  2.43852114e-01 9.50651543e-01 1.03399815e+00 1.92372457e+00
  1.90766043e+00 2.14459387e+00 2.07960671e+00 1.29453132e+00
  1.18160707e+00 5.74761791e-01 6.38019749e-01]]

10
----------------------------------------------------------------------------------
[[0.00000000e+00 0.00000000e+00 1.92055750e-01 0.00000000e+00
  0.00000000e+00 0.00000000e+00 0.00000000e+00 0.00000000e+00
  9.18436370e-02 0.00000000e+00 0.00000000e+00 0.00000000e+00
  0.00000000e+00 0.00000000e+00 0.00000000e+00]
 [2.09557305e-01 4.52248327e-02 6.28303399e-02 2.68246898e-01
  0.00000000e+00 0.00000000e+00 1.78637516e-01 5.43164127e-02
  4.58041763e-01 0.00000000e+00 3.35160670e-01 0.00000000e+00
  0.00000000e+00 0.00000000e+00 0.00000000e+00]
 [9.21646003e-01 4.96751224e-02 5.58030460e-02 6.93466615e-01
  7.66114500e-02 1.11278878e-01 5.52527763e-01 0.00000000e+00
  6.93817851e-01 1.87942482e-01 5.86928791e-02 0.00000000e+00
  1.11956992e-02 2.56411487e-01 0.00000000e+00]
 [0.00000000e+00 0.00000000e+00 1.72916608e-01 0.00000000e+00
  0.00000000e+00 0.00000000e+00 0.00000000e+00 0.00000000e+00
  1.87236437e-02 0.00000000e+00 2.17107854e-01 0.00000000e+00
  0.00000000e+00 0.00000000e+00 0.00000000e+00]
 [0.00000000e+00 0.00000000e+00 1.53541875e-01 0.00000000e+00
  6.76635882e-02 0.00000000e+00 0.00000000e+00 0.00000000e+00
  0.00000000e+00 0.00000000e+00 1.04623132e-01 0.00000000e+00
  0.00000000e+00 0.00000000e+00 0.00000000e+00]
 [1.94648421e-01 4.48287964e-01 5.37120713e-01 3.95980101e-01
  4.31704209e-02 0.00000000e+00 3.40394341e-01 2.46558904e-01
  5.99413944e-02 2.60372248e-01 8.38760727e-02 0.00000000e+00
  0.00000000e+00 0.00000000e+00 0.00000000e+00]
 [2.71363099e-03 1.01426086e-02 1.99876640e-01 1.91568018e-01
  0.00000000e+00 0.00000000e+00 0.00000000e+00 0.00000000e+00
  0.00000000e+00 0.00000000e+00 7.42688475e-02 1.46490585e-01
  0.00000000e+00 0.00000000e+00 0.00000000e+00]
 [0.00000000e+00 0.00000000e+00 1.08500807e-01 0.00000000e+00
  6.80661280e-02 0.00000000e+00 0.00000000e+00 0.00000000e+00
  4.27147161e-02 0.00000000e+00 2.34517973e-01 0.00000000e+00
  0.00000000e+00 0.00000000e+00 0.00000000e+00]
 [0.00000000e+00 0.00000000e+00 1.73026908e-01 0.00000000e+00
  9.89738233e-03 0.00000000e+00 0.00000000e+00 0.00000000e+00
  0.00000000e+00 0.00000000e+00 1.80817922e-01 0.00000000e+00
  0.00000000e+00 0.00000000e+00 0.00000000e+00]
 [3.16515762e-01 1.07438552e-01 4.04114689e-01 7.75692213e-01
  3.13382615e-01 2.18150201e-01 5.43760382e-01 2.68311452e-01
  4.94017912e-01 6.45641101e-01 7.96413587e-01 7.19854950e-01
  0.00000000e+00 4.42815605e-01 0.00000000e+00]
 [0.00000000e+00 0.00000000e+00 1.36611579e-01 3.16578988e-01
  7.64209769e-02 0.00000000e+00 0.00000000e+00 9.76492823e-02
  1.05724851e-01 1.57507677e-01 1.92698550e-01 0.00000000e+00
  0.00000000e+00 0.00000000e+00 0.00000000e+00]
 [5.30363421e-02 0.00000000e+00 1.49122262e-01 0.00000000e+00
  3.75562245e-02 0.00000000e+00 1.84599626e-02 0.00000000e+00
  8.49403148e-02 0.00000000e+00 2.35574389e-01 0.00000000e+00
  0.00000000e+00 0.00000000e+00 0.00000000e+00]
 [4.05792833e-01 0.00000000e+00 9.26404453e-02 2.05786060e-01
  3.35816136e-01 3.15021245e-01 6.19634717e-01 1.42358654e-01
  7.49691454e-01 8.82369574e-02 3.68249208e-01 4.26450542e-01
  0.00000000e+00 0.00000000e+00 0.00000000e+00]
 [5.83758054e-01 0.00000000e+00 5.89644837e-01 1.55223978e+00
  3.93515536e-01 9.19571894e-02 7.25728102e-01 1.10507930e-01
  4.47735495e-01 5.82986153e-02 1.46760501e-01 2.48150806e-01
  5.08151841e-02 0.00000000e+00 0.00000000e+00]
 [1.61776546e+00 0.00000000e+00 1.96738733e+00 2.88446795e+00
  5.31796640e-01 1.92203693e-01 5.99741985e-01 2.35491617e-01
  7.15508467e-01 2.67300202e-01 6.23080137e-01 3.02239501e-01
  6.30607320e-01 2.11294503e-01 3.14112084e-01]
 [7.48845595e-01 2.31791299e-01 7.35936503e-01 1.39505005e+00
  3.26346243e-01 0.00000000e+00 4.56570036e-01 2.87055123e-01
  1.99984801e+00 0.00000000e+00 5.40827832e-01 5.51534309e-01
  4.00289755e-01 2.31607942e-01 0.00000000e+00]
 [4.09876625e-01 0.00000000e+00 3.38597077e-01 2.37654790e-01
  2.87742353e-01 2.75028667e-02 2.16402643e-01 2.90552969e-01
  3.14702310e-01 2.53465447e-01 5.86916056e-01 0.00000000e+00
  0.00000000e+00 0.00000000e+00 0.00000000e+00]
 [4.15250084e-01 8.42093477e-01 6.86994131e-01 5.19474905e-01
  4.77750074e-01 7.56136067e-01 2.78624151e-01 5.16132251e-01
  2.11607367e-01 8.57680200e-01 7.45602949e-01 1.08659013e+00
  1.40335388e+00 1.73379959e+00 2.08430936e+00]]

11
----------------------------------------------------------------------------------
[[0.         0.         0.         0.         0.14610686 0.
  0.         0.         0.         0.         0.         0.
  0.         0.         0.00478538]
 [0.         0.         0.         0.         0.45849635 0.06805189
  0.11501042 0.11093732 0.         0.01677648 0.         0.
  0.         0.11233946 0.26726267]
 [0.         0.         0.91553483 0.03002339 0.61179716 0.26138442
  0.17171815 0.         0.26578158 0.62098675 0.         0.
  0.         0.         0.29241764]
 [0.         0.         0.         0.         0.         0.05179518
  0.         0.         0.         0.         0.         0.
  0.         0.         0.        ]
 [0.         0.         0.         0.051274   0.         0.
  0.         0.         0.         0.         0.         0.
  0.         0.         0.        ]
 [0.         0.         0.         0.27131747 0.         0.08787065
  0.02785862 0.08051105 0.         0.15925945 0.         0.
  0.         0.         0.00288973]
 [0.         0.         0.         0.         0.         0.
  0.         0.         0.         0.         0.         0.
  0.         0.03156262 0.        ]
 [0.         0.         0.         0.03527861 0.         0.
  0.         0.         0.         0.         0.         0.
  0.         0.         0.5804135 ]
 [0.         0.         0.         0.         0.         0.
  0.         0.         0.         0.         0.         0.
  0.         0.         0.93494669]
 [0.         0.         0.         0.         0.         1.01692602
  0.14996644 0.27243911 0.         0.         0.62077712 0.
  0.63488765 0.2099757  0.        ]
 [0.         0.         0.         0.         0.11450937 0.01676052
  0.         0.         0.         0.         0.         0.
  0.         0.         0.15592182]
 [0.         0.         0.         0.         0.         0.
  0.         0.         0.         0.         0.         0.
  0.         0.         0.09151969]
 [0.06924174 0.         0.12154495 0.34701939 0.57220675 0.07100518
  0.         0.3752589  0.57642102 0.         0.         0.
  0.         0.         0.04467794]
 [0.         0.         0.         0.19002755 0.33682081 0.87979998
  0.67686862 0.06608719 0.         0.         0.         0.
  0.         0.         0.        ]
 [0.         0.         0.         0.         0.82706151 1.11993883
  0.67352664 0.         0.07291628 0.         0.         0.34593726
  0.4159947  0.46783459 0.63436172]
 [0.77971284 0.30513487 0.         0.         0.56291773 0.94577242
  0.30718023 0.11744983 0.         0.04839119 0.00970179 0.
  0.51520311 0.20739375 0.        ]
 [0.         0.         0.         0.         0.34708545 0.42175363
  0.         0.         0.         0.         0.         0.
  0.         0.         0.        ]
 [1.71172454 1.53059492 1.24530277 0.91511889 0.65770023 0.33886154
  0.59252751 0.76196486 0.83506144 1.05041109 1.61514729 2.09500576
  1.95415043 1.44337282 1.02749437]]

12
----------------------------------------------------------------------------------
[[0.00000000e+00 2.16776401e-01 1.76759296e-01 2.33281496e-04
  2.74784784e-01 0.00000000e+00 0.00000000e+00 0.00000000e+00
  0.00000000e+00 0.00000000e+00 0.00000000e+00 0.00000000e+00
  0.00000000e+00 0.00000000e+00 0.00000000e+00]
 [3.56897602e-01 2.64299919e-01 2.03443903e-01 0.00000000e+00
  1.77430194e-01 0.00000000e+00 0.00000000e+00 0.00000000e+00
  0.00000000e+00 0.00000000e+00 6.10602955e-01 0.00000000e+00
  0.00000000e+00 0.00000000e+00 0.00000000e+00]
 [2.23166834e-01 3.66538678e-01 4.68944651e-01 0.00000000e+00
  0.00000000e+00 0.00000000e+00 0.00000000e+00 0.00000000e+00
  0.00000000e+00 0.00000000e+00 6.23755799e-01 0.00000000e+00
  3.95396099e-01 0.00000000e+00 0.00000000e+00]
 [0.00000000e+00 2.13708639e-01 0.00000000e+00 9.13606357e-02
  1.92284325e-01 0.00000000e+00 0.00000000e+00 0.00000000e+00
  0.00000000e+00 0.00000000e+00 0.00000000e+00 0.00000000e+00
  0.00000000e+00 0.00000000e+00 0.00000000e+00]
 [0.00000000e+00 3.48229162e-02 1.21907887e-01 9.20333657e-02
  5.20318650e-02 0.00000000e+00 3.58455976e-02 0.00000000e+00
  0.00000000e+00 0.00000000e+00 0.00000000e+00 0.00000000e+00
  0.00000000e+00 0.00000000e+00 0.00000000e+00]
 [0.00000000e+00 2.54949480e-01 0.00000000e+00 1.21777733e-02
  0.00000000e+00 0.00000000e+00 0.00000000e+00 0.00000000e+00
  0.00000000e+00 0.00000000e+00 3.57890938e-02 0.00000000e+00
  0.00000000e+00 0.00000000e+00 0.00000000e+00]
 [0.00000000e+00 2.47291297e-01 9.88537180e-02 4.47484044e-02
  0.00000000e+00 0.00000000e+00 0.00000000e+00 0.00000000e+00
  0.00000000e+00 2.91347157e-02 1.66071174e-01 0.00000000e+00
  0.00000000e+00 0.00000000e+00 0.00000000e+00]
 [0.00000000e+00 3.07553339e-01 1.58469053e-02 1.16826840e-01
  1.34569676e-01 0.00000000e+00 0.00000000e+00 0.00000000e+00
  0.00000000e+00 0.00000000e+00 0.00000000e+00 0.00000000e+00
  0.00000000e+00 0.00000000e+00 0.00000000e+00]
 [0.00000000e+00 2.01367316e-01 0.00000000e+00 1.57627510e-01
  0.00000000e+00 0.00000000e+00 0.00000000e+00 0.00000000e+00
  0.00000000e+00 0.00000000e+00 0.00000000e+00 0.00000000e+00
  0.00000000e+00 0.00000000e+00 0.00000000e+00]
 [1.80792404e-01 3.38741271e-01 0.00000000e+00 0.00000000e+00
  0.00000000e+00 0.00000000e+00 0.00000000e+00 0.00000000e+00
  0.00000000e+00 0.00000000e+00 0.00000000e+00 1.18342031e-02
  0.00000000e+00 0.00000000e+00 0.00000000e+00]
 [0.00000000e+00 3.90677575e-01 8.57413677e-02 0.00000000e+00
  0.00000000e+00 0.00000000e+00 0.00000000e+00 0.00000000e+00
  0.00000000e+00 0.00000000e+00 0.00000000e+00 0.00000000e+00
  0.00000000e+00 0.00000000e+00 0.00000000e+00]
 [0.00000000e+00 2.38065356e-01 0.00000000e+00 1.60467367e-02
  5.10526688e-03 1.85733949e-02 0.00000000e+00 0.00000000e+00
  0.00000000e+00 0.00000000e+00 0.00000000e+00 0.00000000e+00
  0.00000000e+00 0.00000000e+00 0.00000000e+00]
 [5.58387411e-01 8.16391177e-01 0.00000000e+00 1.53675913e-01
  0.00000000e+00 0.00000000e+00 0.00000000e+00 0.00000000e+00
  0.00000000e+00 0.00000000e+00 0.00000000e+00 1.51912639e-01
  4.66238750e-01 3.76302780e-01 0.00000000e+00]
 [0.00000000e+00 8.44528897e-02 0.00000000e+00 0.00000000e+00
  0.00000000e+00 0.00000000e+00 0.00000000e+00 0.00000000e+00
  0.00000000e+00 0.00000000e+00 0.00000000e+00 8.98551911e-02
  0.00000000e+00 0.00000000e+00 0.00000000e+00]
 [0.00000000e+00 5.51362039e-02 0.00000000e+00 0.00000000e+00
  0.00000000e+00 0.00000000e+00 0.00000000e+00 0.00000000e+00
  0.00000000e+00 0.00000000e+00 1.59159537e-01 0.00000000e+00
  2.17172240e-01 0.00000000e+00 0.00000000e+00]
 [0.00000000e+00 2.43759647e-01 0.00000000e+00 0.00000000e+00
  0.00000000e+00 0.00000000e+00 0.00000000e+00 0.00000000e+00
  0.00000000e+00 0.00000000e+00 0.00000000e+00 0.00000000e+00
  0.00000000e+00 0.00000000e+00 0.00000000e+00]
 [0.00000000e+00 1.24954750e-01 0.00000000e+00 0.00000000e+00
  0.00000000e+00 4.29697430e-02 4.73411201e-02 0.00000000e+00
  0.00000000e+00 0.00000000e+00 0.00000000e+00 0.00000000e+00
  0.00000000e+00 0.00000000e+00 0.00000000e+00]
 [9.44971665e-01 3.00002360e-01 1.07485409e+00 1.43758027e+00
  1.79529153e+00 2.71498298e+00 3.00719896e+00 3.27983959e+00
  2.94976078e+00 2.36232265e+00 1.41499215e+00 1.12255425e+00
  8.93820318e-01 1.25461648e+00 1.67054066e+00]]

13
----------------------------------------------------------------------------------
[[0.         0.         0.        ]
 [0.         0.11040968 0.        ]
 [0.         0.         0.35796463]
 [0.         0.         0.        ]
 [0.         0.         0.        ]
 [0.         0.         0.        ]
 [0.         0.         0.        ]
 [0.         0.         0.        ]
 [0.         0.         0.        ]
 [0.         0.84033075 0.        ]
 [0.         0.         0.        ]
 [0.         0.         0.        ]
 [0.04422992 0.24455621 0.15395071]
 [0.         0.         0.04160202]
 [0.         0.05604094 0.12170373]
 [0.         0.17019379 0.        ]
 [0.         0.         0.        ]
 [1.40074157 1.22814359 1.1474763 ]]