

1
----------------------------------------------------------------------------------
[[0.         0.         0.         0.         0.02442237 0.
  0.27755531 0.15148923 0.         0.         0.         0.21000854
  0.06240226 0.01641277 0.        ]
 [0.         0.19127545 0.04867768 0.0222588  0.07134512 0.09665402
  0.2740732  0.11441547 0.         0.23412133 0.14893887 0.4770721
  0.34329223 0.03584492 0.23934508]
 [0.54481566 0.16211514 0.0737873  0.51075194 0.1363727  0.17735798
  0.34078503 0.44907133 0.38791432 0.30911411 0.08942591 0.42150056
  0.55435202 0.59496704 0.15355571]
 [0.         0.         0.         0.         0.         0.
  0.         0.03795309 0.         0.         0.         0.28964617
  0.03126935 0.         0.        ]
 [0.         0.         0.         0.         0.04022432 0.
  0.06682786 0.         0.         0.         0.         0.28053532
  0.04878995 0.04624857 0.        ]
 [0.         0.         0.45909995 0.43004544 0.04118635 0.09612506
  0.42009585 0.18758424 0.16478776 0.52583901 0.24320005 0.09451405
  0.08709631 0.16294926 0.21186178]
 [0.         0.         0.         0.16191393 0.03548474 0.
  0.08292675 0.         0.         0.         0.         0.32280204
  0.         0.         0.03861604]
 [0.         0.         0.         0.05346472 0.03705602 0.02367682
  0.05723709 0.         0.         0.         0.         0.274786
  0.18040502 0.         0.        ]
 [0.         0.         0.         0.         0.         0.
  0.01662981 0.         0.         0.         0.         0.26365161
  0.0177365  0.         0.        ]
 [0.09061412 0.         0.18560831 0.04367782 0.         0.
  0.         0.39802386 0.         0.19925971 0.10739054 0.03421313
  0.24619196 0.11323952 0.        ]
 [0.01862384 0.         0.10275127 0.07662513 0.         0.12723154
  0.         0.         0.         0.         0.         0.21885872
  0.09926191 0.01494788 0.        ]
 [0.         0.         0.         0.18107925 0.         0.
  0.06628345 0.08564556 0.         0.00533272 0.         0.47267911
  0.11795168 0.07977392 0.        ]
 [0.2524401  0.         0.         0.37314352 0.         0.31822343
  0.         0.24782052 0.         0.19736689 0.02699651 0.18673413
  0.11940557 0.09028734 0.        ]
 [0.         0.20844452 0.81112203 0.84258323 0.45607813 0.26333926
  0.         0.51663858 0.27945285 0.67423683 0.49250423 0.05915648
  0.23127927 0.632964   0.10828168]
 [0.         0.81640464 1.70493302 1.97544024 1.60909969 0.67156651
  0.         1.0832133  0.7415079  0.67410475 0.92584795 0.
  0.16512459 1.46630727 0.65944491]
 [0.34370145 0.45528174 0.70662902 0.76242645 1.05359358 0.75846199
  0.15740454 1.00859448 0.25924681 0.4059854  0.29795654 0.46357731
  0.28058073 0.83589145 0.37463214]
 [0.         0.52157073 0.96266474 1.3400695  0.92859291 0.37671619
  0.         0.64208636 0.45707644 0.78140847 0.5323024  0.
  0.         0.75736363 0.22363931]
 [0.83107593 0.62949827 0.51195939 0.42768424 0.58992909 0.35493095
  0.35283051 0.2480935  0.45318605 0.31106865 0.49005375 0.52920721
  0.52097451 0.3271135  0.49983984]]

2
----------------------------------------------------------------------------------
[[0.00000000e+00 0.00000000e+00 3.05780692e-01 4.27763020e-02
  0.00000000e+00 2.59997421e-03 0.00000000e+00 0.00000000e+00
  0.00000000e+00 0.00000000e+00 0.00000000e+00 1.06512002e-01
  0.00000000e+00 9.26490297e-02 0.00000000e+00]
 [0.00000000e+00 9.54619808e-02 1.20100600e-01 1.43008281e-01
  1.76143006e-02 1.28801897e-01 0.00000000e+00 0.00000000e+00
  2.75509538e-01 1.45902617e-01 3.73928334e-01 0.00000000e+00
  1.46796283e-01 3.53747177e-01 0.00000000e+00]
 [0.00000000e+00 2.12804915e-01 1.78137442e-01 2.63649332e-01
  1.55114579e-01 3.27163072e-01 1.75498552e-02 0.00000000e+00
  0.00000000e+00 1.68752517e-01 9.13967222e-02 2.32443649e-01
  3.75539984e-01 4.68206622e-01 0.00000000e+00]
 [0.00000000e+00 0.00000000e+00 1.85463494e-01 4.16763038e-02
  0.00000000e+00 8.23063326e-02 0.00000000e+00 0.00000000e+00
  0.00000000e+00 0.00000000e+00 0.00000000e+00 0.00000000e+00
  0.00000000e+00 0.00000000e+00 0.00000000e+00]
 [0.00000000e+00 1.36893500e-01 2.07758193e-01 1.11784173e-01
  0.00000000e+00 0.00000000e+00 0.00000000e+00 0.00000000e+00
  0.00000000e+00 0.00000000e+00 0.00000000e+00 9.11152845e-03
  0.00000000e+00 0.00000000e+00 0.00000000e+00]
 [0.00000000e+00 2.15406131e-01 1.38283893e-01 5.56384245e-02
  0.00000000e+00 5.71050914e-02 9.20129210e-03 4.58005294e-02
  1.34419409e-01 0.00000000e+00 7.30667660e-02 4.62923875e-01
  3.34134061e-02 2.29744926e-01 0.00000000e+00]
 [0.00000000e+00 1.39844995e-01 1.05637437e-01 1.62991705e-01
  0.00000000e+00 0.00000000e+00 0.00000000e+00 0.00000000e+00
  0.00000000e+00 0.00000000e+00 0.00000000e+00 0.00000000e+00
  0.00000000e+00 0.00000000e+00 0.00000000e+00]
 [0.00000000e+00 0.00000000e+00 3.60286175e-02 0.00000000e+00
  0.00000000e+00 9.21894114e-01 2.12765666e+00 3.89280855e-01
  0.00000000e+00 5.64559433e-01 2.62937734e-01 2.61169648e-01
  0.00000000e+00 0.00000000e+00 0.00000000e+00]
 [0.00000000e+00 0.00000000e+00 1.64880996e-01 0.00000000e+00
  0.00000000e+00 1.07257338e+00 3.23596089e+00 8.75421317e-01
  4.15730634e-02 1.24031831e+00 4.90488417e-01 5.27741300e-01
  1.29475766e-02 0.00000000e+00 0.00000000e+00]
 [0.00000000e+00 3.04695501e-01 1.32150376e-01 6.71939161e-02
  2.76090818e-02 1.88269544e-01 0.00000000e+00 0.00000000e+00
  0.00000000e+00 7.41254929e-02 2.13008126e-01 3.83030095e-01
  3.29083823e-02 4.74088145e-01 0.00000000e+00]
 [0.00000000e+00 3.68656486e-02 1.01588366e-01 1.01183317e-02
  0.00000000e+00 8.68338782e-01 5.56700969e+00 1.17132582e+00
  0.00000000e+00 1.31292455e+00 1.41658898e+00 7.18721370e-01
  2.51249074e-01 0.00000000e+00 0.00000000e+00]
 [0.00000000e+00 8.43287715e-03 1.94851318e-01 1.89907044e-01
  0.00000000e+00 2.54856227e-01 6.74921137e-01 3.28414053e-01
  0.00000000e+00 6.01409565e-01 4.05131439e-01 1.66936241e-01
  8.71188128e-02 1.63473294e-01 0.00000000e+00]
 [0.00000000e+00 3.06377980e-01 3.27688017e-02 3.58066025e-03
  1.26160013e-01 1.36592869e-01 1.50041768e+00 8.18034652e-01
  4.61130428e-02 6.62463533e-01 5.00303587e-01 4.60457983e-01
  0.00000000e+00 3.22364102e-01 0.00000000e+00]
 [0.00000000e+00 0.00000000e+00 3.05772581e-02 2.37913243e-01
  0.00000000e+00 0.00000000e+00 0.00000000e+00 0.00000000e+00
  3.61985477e-02 0.00000000e+00 1.46005737e-01 2.20966919e-01
  5.42038686e-02 2.23335306e-01 0.00000000e+00]
 [0.00000000e+00 0.00000000e+00 1.88104531e-01 6.28769160e-01
  5.78099622e-01 2.00256360e-01 0.00000000e+00 0.00000000e+00
  0.00000000e+00 0.00000000e+00 1.40885969e-01 2.03061053e-01
  2.04757630e-01 2.68987107e-01 5.69626337e-02]
 [0.00000000e+00 7.93043796e-02 2.34430751e-01 2.13636524e-01
  2.58102263e-01 2.15013170e-01 4.56753641e-02 7.36452362e-02
  1.04116557e+00 0.00000000e+00 2.56492412e-01 2.01603458e-01
  3.13483935e-01 2.69621163e-01 4.07199087e-01]
 [0.00000000e+00 0.00000000e+00 0.00000000e+00 0.00000000e+00
  2.55915147e-01 8.96779970e-02 0.00000000e+00 0.00000000e+00
  0.00000000e+00 0.00000000e+00 2.34208594e-01 1.37797185e-01
  0.00000000e+00 1.71301123e-02 0.00000000e+00]
 [7.85354223e-01 5.06174484e-01 5.01155588e-01 6.28517719e-01
  5.39751526e-01 4.13213413e-01 1.01438036e+00 7.52055212e-01
  6.00434560e-01 5.23275835e-01 4.14384279e-01 2.50995051e-01
  3.22244132e-01 4.66937298e-01 8.79732000e-01]]

3
----------------------------------------------------------------------------------
[[2.37133819e-02 0.00000000e+00 0.00000000e+00 0.00000000e+00
  4.46798181e-02 0.00000000e+00 8.11246917e-02 0.00000000e+00
  2.10776531e-01 0.00000000e+00 0.00000000e+00 0.00000000e+00
  1.39440508e-01 0.00000000e+00 1.15781124e-01]
 [1.54257994e-01 0.00000000e+00 0.00000000e+00 1.02836306e-01
  3.10938782e-01 0.00000000e+00 2.17246787e-01 1.73366109e-01
  2.50568829e-01 2.81947087e-01 2.65217930e-02 1.06940308e-01
  4.17951274e-01 9.86602234e-02 3.47948709e-01]
 [1.83006524e-01 0.00000000e+00 0.00000000e+00 0.00000000e+00
  3.29273723e-01 0.00000000e+00 1.27534349e-01 3.02790943e-01
  9.19591264e-02 2.91967761e-01 2.65291203e-01 1.17180520e-01
  5.31507633e-01 6.86156592e-02 4.16208241e-01]
 [8.75485847e-02 0.00000000e+00 0.00000000e+00 0.00000000e+00
  5.66597192e-02 0.00000000e+00 0.00000000e+00 0.00000000e+00
  0.00000000e+00 0.00000000e+00 0.00000000e+00 0.00000000e+00
  1.26623187e-01 0.00000000e+00 6.88153119e-02]
 [0.00000000e+00 0.00000000e+00 0.00000000e+00 2.81687736e-02
  7.61874415e-02 0.00000000e+00 8.73044627e-03 5.40177812e-02
  0.00000000e+00 0.00000000e+00 0.00000000e+00 0.00000000e+00
  1.71435649e-01 0.00000000e+00 1.86986894e-02]
 [0.00000000e+00 4.38553115e-02 0.00000000e+00 0.00000000e+00
  3.68130307e-01 5.08994988e-02 1.70162379e-01 1.84630432e-01
  1.69695402e-01 1.09405784e-01 0.00000000e+00 3.42764450e-01
  2.81261026e-01 0.00000000e+00 1.94972859e-01]
 [0.00000000e+00 0.00000000e+00 0.00000000e+00 0.00000000e+00
  2.52708798e-02 0.00000000e+00 0.00000000e+00 2.41788982e-01
  6.28197907e-02 0.00000000e+00 0.00000000e+00 0.00000000e+00
  4.35077855e-02 0.00000000e+00 1.96386552e-01]
 [0.00000000e+00 0.00000000e+00 0.00000000e+00 0.00000000e+00
  0.00000000e+00 0.00000000e+00 0.00000000e+00 0.00000000e+00
  1.05765148e-04 0.00000000e+00 0.00000000e+00 0.00000000e+00
  2.39243334e-01 0.00000000e+00 0.00000000e+00]
 [0.00000000e+00 0.00000000e+00 0.00000000e+00 0.00000000e+00
  3.09058481e-02 0.00000000e+00 4.73291559e-02 0.00000000e+00
  0.00000000e+00 0.00000000e+00 0.00000000e+00 0.00000000e+00
  9.89825949e-02 0.00000000e+00 1.53265537e-02]
 [0.00000000e+00 0.00000000e+00 0.00000000e+00 0.00000000e+00
  0.00000000e+00 0.00000000e+00 4.55320219e-01 5.96238853e-01
  2.62031480e-01 3.02257072e-01 0.00000000e+00 4.20576528e-01
  6.41718435e-01 5.35138064e-03 3.61216585e-01]
 [0.00000000e+00 0.00000000e+00 0.00000000e+00 4.86137898e-02
  8.78206618e-02 0.00000000e+00 0.00000000e+00 6.76571091e-02
  0.00000000e+00 0.00000000e+00 0.00000000e+00 0.00000000e+00
  8.38751771e-02 0.00000000e+00 1.22787090e-01]
 [0.00000000e+00 0.00000000e+00 0.00000000e+00 0.00000000e+00
  3.27605611e-03 0.00000000e+00 3.77020536e-02 8.51167636e-02
  2.81585892e-01 1.22968547e-01 0.00000000e+00 0.00000000e+00
  2.04873683e-01 0.00000000e+00 1.67016032e-01]
 [3.97055188e-01 6.70867446e-02 4.23637083e-01 0.00000000e+00
  1.63436357e-02 3.77055522e-02 4.01498169e-01 1.56948335e-01
  1.23090906e-01 1.59090107e-01 6.35624352e-02 8.57860009e-02
  5.57331951e-01 2.89530513e-01 2.76587688e-01]
 [1.90172773e-01 0.00000000e+00 0.00000000e+00 0.00000000e+00
  2.77371666e-02 0.00000000e+00 0.00000000e+00 2.35640660e-01
  0.00000000e+00 0.00000000e+00 0.00000000e+00 0.00000000e+00
  4.29208769e-01 0.00000000e+00 2.75770254e-01]
 [5.14764940e-01 0.00000000e+00 2.00554314e-02 0.00000000e+00
  1.29252171e-01 1.80945457e-01 1.01479175e+00 6.48427308e-01
  0.00000000e+00 4.29905646e-01 0.00000000e+00 0.00000000e+00
  1.31326683e+00 0.00000000e+00 6.59296174e-01]
 [3.87098604e-01 0.00000000e+00 8.80501411e-02 1.43801594e-01
  0.00000000e+00 4.27364374e-01 5.46370625e-01 4.47944679e-01
  3.43681067e-01 5.52507596e-01 0.00000000e+00 1.89884308e-02
  1.13613632e+00 2.05574897e-01 2.54169567e-01]
 [7.45601990e-02 0.00000000e+00 0.00000000e+00 0.00000000e+00
  0.00000000e+00 0.00000000e+00 1.30961156e-01 5.32069334e-02
  0.00000000e+00 0.00000000e+00 0.00000000e+00 2.90739930e-02
  5.83934072e-01 0.00000000e+00 2.45192383e-01]
 [6.08752008e-01 7.58615659e-01 7.75618121e-01 9.45727115e-01
  4.73601470e-01 6.69109188e-01 4.16701817e-01 3.38298937e-01
  2.29840215e-01 3.06281571e-01 7.57233029e-01 3.61297793e-01
  1.80052799e-01 5.41896943e-01 2.40596364e-01]]

4
----------------------------------------------------------------------------------
[[0.089065   0.         0.11700814 0.         0.18693038 0.
  0.         0.         0.0657     0.02837179 0.05866057 0.
  0.         0.         0.        ]
 [0.52726935 0.19137798 0.22800535 0.         0.29516553 0.1016204
  0.23563602 0.15585171 0.28440298 0.23505092 0.41531147 0.23202092
  0.09465212 0.04198593 0.07348362]
 [0.37404904 0.46825587 0.1533531  0.         0.73127064 0.37341439
  0.13412932 0.78171998 0.25803585 0.31006841 0.37378825 0.24430763
  0.14667071 0.14821528 0.4658464 ]
 [0.02187976 0.         0.         0.         0.12838148 0.
  0.         0.         0.03956433 0.         0.         0.
  0.         0.         0.        ]
 [0.05238853 0.         0.         0.         0.11234269 0.02182336
  0.01065864 0.         0.05757998 0.         0.         0.
  0.         0.         0.09053302]
 [0.29297018 0.32417291 0.1101896  0.         0.28893721 0.18725038
  0.         0.03592866 0.13382253 0.46397468 0.11807193 0.25089267
  0.28737635 0.0408494  0.47026781]
 [0.23667065 0.02910603 0.         0.         0.15412916 0.02573287
  0.         0.08715113 0.03931712 0.         0.         0.
  0.         0.         0.        ]
 [0.06266372 0.         0.         0.         0.03321416 0.03210277
  0.         0.         0.06196693 0.02367283 0.         0.
  0.         0.         0.        ]
 [0.         0.         0.         0.         0.11874528 0.02026655
  0.         0.         0.         0.01950311 0.         0.
  0.         0.         0.        ]
 [0.05570068 0.05927302 0.13995199 0.71655517 0.70242373 0.04740516
  0.3688428  0.16944745 0.4650462  0.24931148 0.10823907 0.15055878
  0.59027261 0.52206873 0.15427954]
 [0.13547583 0.         0.09957492 0.         0.22213079 0.
  0.         0.         0.14932739 0.11315208 0.         0.
  0.         0.         0.00269949]
 [0.17351331 0.00111615 0.09398381 0.         0.13567011 0.04962856
  0.         0.         0.09466308 0.         0.         0.
  0.053823   0.         0.        ]
 [0.95983583 0.4868806  0.33371691 0.         0.43992589 0.26842821
  0.07213378 0.31530477 0.12422832 0.29837923 0.         0.
  0.         0.         0.20171643]
 [0.21078911 0.         0.05548434 0.         0.29624703 0.
  0.         0.         0.05805746 0.         0.         0.
  0.         0.         0.06891062]
 [0.64513079 0.12092918 0.26545205 0.13745268 0.32316366 0.
  0.11276444 0.         0.07697605 0.         0.         0.
  0.         0.         0.78776526]
 [0.74663611 0.69999208 0.31575139 0.         0.52492784 0.44677307
  0.56246103 0.39155321 0.78001489 0.22955894 0.01838588 0.
  0.3497466  0.54448921 0.97607801]
 [0.30663646 0.         0.21544547 0.         0.4328084  0.
  0.         0.03731592 0.05578143 0.         0.         0.
  0.         0.10840781 0.56345175]
 [0.18954908 0.34396806 0.30561414 0.80823993 0.3726657  0.45056929
  0.38686296 0.48194865 0.38416667 0.36015634 0.45637628 0.60561575
  0.47672009 0.57749029 0.40789443]]

5
----------------------------------------------------------------------------------
[[0.         0.         0.         0.         0.         0.
  0.         0.         0.         0.         0.         0.
  0.         0.         0.        ]
 [0.         0.         0.         0.13911334 0.11373179 0.0094009
  0.         0.00722867 0.1584933  0.23828891 0.30476168 0.36136292
  0.25261359 0.         0.        ]
 [0.         0.         0.         0.09017565 0.23984747 0.
  0.         0.         0.         0.43013459 0.3276678  0.24312083
  0.         0.03961871 0.19469799]
 [0.         0.         0.         0.         0.         0.
  0.         0.         0.         0.         0.         0.07438726
  0.         0.         0.        ]
 [0.         0.         0.         0.         0.         0.
  0.         0.         0.         0.         0.         0.08985925
  0.         0.         0.        ]
 [0.09026292 0.         0.         0.         0.14844759 0.
  0.         0.06527819 0.         0.20822415 0.28456775 0.37535283
  0.07699116 0.         0.        ]
 [0.         0.         0.         0.         0.         0.
  0.         0.         0.05473899 0.07230943 0.         0.23110786
  0.         0.         0.        ]
 [0.         0.         0.         0.         0.         0.
  0.         0.         0.         0.         0.         0.
  0.         0.         0.        ]
 [0.         0.         0.         0.         0.         0.
  0.         0.         0.         0.         0.         0.01654309
  0.         0.         0.        ]
 [0.         0.         0.         0.         0.         0.72460949
  0.         0.1506253  0.21868076 0.24655866 0.42460878 0.73129525
  0.45089544 0.         0.        ]
 [0.         0.         0.         0.         0.         0.
  0.         0.         0.10800289 0.03572615 0.01085797 0.04447039
  0.         0.         0.        ]
 [0.         0.         0.         0.         0.01507364 0.
  0.         0.         0.02200138 0.07186384 0.         0.13887878
  0.         0.         0.        ]
 [0.03077296 0.         0.         0.27132208 0.2021048  0.20778666
  0.         0.14376124 0.73914364 0.         0.25708228 0.04404969
  0.         0.07495996 0.        ]
 [0.52513975 0.         0.         0.0671286  0.03347597 0.19269538
  0.11959968 0.85397738 0.83368908 0.23022278 0.         0.41075305
  0.         0.         0.        ]
 [1.07006548 0.17786745 0.         0.03579265 0.33746787 1.24021192
  0.79162927 1.53561083 2.13876481 1.08328891 0.         0.86642246
  0.05619108 0.         0.        ]
 [0.93006764 0.11109731 0.         0.         0.48764965 1.19632798
  0.51110784 1.36828315 1.23339539 0.20734791 0.28509272 0.35538003
  0.         0.22516601 0.42501985]
 [0.56481977 0.         0.         0.         0.         0.56981996
  0.24271844 0.97715557 0.58318194 0.5355118  0.         0.55585547
  0.         0.         0.        ]
 [1.60069381 2.14815749 1.87844942 0.89063864 0.40368741 0.62654319
  1.11993113 0.64736535 0.40244399 0.56597772 0.47638702 0.36018886
  0.6103016  0.59940863 0.55819111]]

6
----------------------------------------------------------------------------------
[[0.0590714  0.02802131 0.07966492 0.14454421 0.         0.11517001
  0.09070438 0.         0.         0.         0.         0.01552755
  0.         0.10045648 0.1865482 ]
 [0.27040789 0.16399216 0.22420059 0.38876949 0.34071824 0.36620259
  0.13253928 0.43490937 0.         0.         0.09340822 0.
  0.         0.08998268 0.24113717]
 [0.50407621 0.25262936 0.40022121 0.62334934 0.87426762 0.48202696
  0.40212155 0.50245828 0.08157574 0.         0.69809797 0.47420969
  0.2492253  0.54771438 0.47078427]
 [0.09487479 0.         0.10756614 0.06935487 0.         0.
  0.         0.         0.         0.         0.         0.
  0.         0.         0.        ]
 [0.08181357 0.03822725 0.15691185 0.1633391  0.         0.13752957
  0.00979851 0.         0.         0.         0.         0.
  0.         0.         0.00253955]
 [0.5466799  0.24827065 0.76386227 0.29634806 0.29600389 0.41124293
  0.28064646 0.21007403 0.         0.07715237 0.         0.
  0.19815589 0.14228103 0.51635038]
 [0.10807519 0.         0.29454715 0.10678231 0.         0.16601219
  0.07352428 0.0573541  0.         0.         0.         0.09736245
  0.         0.         0.18774303]
 [0.         0.07132339 0.13137589 0.11221217 0.         0.
  0.         0.         0.         0.         0.         0.
  0.         0.         0.0353569 ]
 [0.         0.         0.         0.04057959 0.         0.03078336
  0.         0.         0.         0.         0.         0.
  0.         0.         0.01995284]
 [0.20839108 0.46829527 0.63794137 0.39195681 0.30070484 0.13865361
  0.07652306 0.0290752  0.12286757 0.52734861 0.         0.12173143
  0.52308055 0.22823348 0.31508074]
 [0.15070931 0.         0.01143259 0.01372777 0.         0.06975399
  0.         0.0012257  0.         0.         0.0549758  0.
  0.         0.         0.05846147]
 [0.15261672 0.07317669 0.11598584 0.08292841 0.01011972 0.08752487
  0.17148284 0.         0.         0.         0.         0.09965491
  0.         0.         0.08621746]
 [0.48453799 0.09945304 0.20939924 0.12507188 0.38843585 0.77435509
  0.09140433 0.32813032 0.25534493 0.23027555 0.17271651 0.
  0.20268941 0.2076777  0.54236329]
 [0.36723583 0.16518513 0.08998646 0.04481757 0.         0.04314626
  0.17249855 0.         0.         0.         0.         0.
  0.         0.04366082 0.06673473]
 [0.63652755 0.38071125 0.38600687 0.02708901 0.34500605 0.17403844
  0.54356741 0.14676973 0.         0.         0.         0.
  0.         0.1425749  0.19964283]
 [0.49121581 0.66553998 0.71627887 1.06655228 0.35279116 0.64150611
  0.72577135 0.00354186 0.27870703 0.         0.80274895 0.15601587
  0.19850674 0.48598553 0.51531725]
 [0.39283354 0.         0.         0.         0.         0.07161485
  0.17752805 0.         0.         0.         0.         0.
  0.         0.         0.08326472]
 [0.24334226 0.32361644 0.19709183 0.20227314 0.32358819 0.25318079
  0.20839693 0.45681893 0.54149176 0.71957667 0.50793062 0.60980159
  0.71411794 0.31678594 0.21848087]]

7
----------------------------------------------------------------------------------
[[0.00000000e+00 2.55443248e-01 0.00000000e+00 0.00000000e+00
  0.00000000e+00 2.08148839e-02 7.15902712e-02 0.00000000e+00
  0.00000000e+00 0.00000000e+00 0.00000000e+00 0.00000000e+00
  0.00000000e+00 0.00000000e+00 0.00000000e+00]
 [3.93297533e-01 6.33965290e-01 0.00000000e+00 2.18231974e-01
  1.92988584e-01 1.19373043e-01 3.36279589e-01 2.10570214e-01
  0.00000000e+00 5.14874374e-02 0.00000000e+00 2.43255423e-01
  0.00000000e+00 2.25135484e-01 0.00000000e+00]
 [6.26168736e-02 3.17899299e-01 2.87674635e-01 2.68401512e-01
  6.50941620e-01 2.21203850e-01 3.63588519e-01 0.00000000e+00
  0.00000000e+00 2.74604396e-01 1.31926285e-01 3.44961392e-02
  1.03609967e-01 3.24241780e-01 2.86955412e-01]
 [8.18837801e-02 2.18021850e-02 0.00000000e+00 0.00000000e+00
  0.00000000e+00 0.00000000e+00 2.32922607e-02 0.00000000e+00
  0.00000000e+00 0.00000000e+00 0.00000000e+00 0.00000000e+00
  0.00000000e+00 3.69764154e-02 0.00000000e+00]
 [9.48343105e-03 8.53192548e-02 0.00000000e+00 0.00000000e+00
  2.24449667e-03 0.00000000e+00 1.71112699e-01 0.00000000e+00
  0.00000000e+00 0.00000000e+00 0.00000000e+00 0.00000000e+00
  0.00000000e+00 0.00000000e+00 0.00000000e+00]
 [1.35896075e-01 1.81969518e-01 3.55812197e-02 2.49324494e-01
  1.19811624e-01 8.08464686e-01 3.08585935e-01 0.00000000e+00
  0.00000000e+00 6.66152511e-03 0.00000000e+00 2.61837996e-01
  6.75245297e-02 2.44862809e-01 3.45735045e-02]
 [0.00000000e+00 9.25884480e-02 0.00000000e+00 0.00000000e+00
  2.60149119e-01 0.00000000e+00 7.10347533e-03 0.00000000e+00
  0.00000000e+00 0.00000000e+00 0.00000000e+00 0.00000000e+00
  0.00000000e+00 0.00000000e+00 0.00000000e+00]
 [4.10162269e-01 1.91204398e+00 4.77735856e-01 5.14615750e-02
  4.11779861e-01 5.08874733e-02 1.57975110e-01 0.00000000e+00
  0.00000000e+00 0.00000000e+00 1.14214933e+00 1.37132419e+00
  5.24199110e-01 7.90027961e-01 5.39142466e-01]
 [9.15345798e-01 3.00098806e+00 9.86145568e-01 3.68027984e-02
  9.56878913e-01 5.91146237e-01 5.15564275e-01 0.00000000e+00
  0.00000000e+00 0.00000000e+00 2.04161286e+00 2.26254091e+00
  9.35822223e-01 1.78005507e+00 1.12350514e+00]
 [3.82083252e-01 1.18909287e+00 0.00000000e+00 4.68168935e-01
  2.85060394e-01 5.18260050e-01 2.57823576e-01 0.00000000e+00
  0.00000000e+00 0.00000000e+00 0.00000000e+00 2.38091670e-01
  0.00000000e+00 7.98083678e-01 3.37399575e-01]
 [6.10443811e-01 4.74989570e+00 1.29139642e+00 8.79160111e-02
  8.50964730e-01 1.32517833e+00 7.83059634e-01 1.66992130e-01
  0.00000000e+00 0.00000000e+00 1.33098220e+00 2.67748308e+00
  1.60141957e-01 1.80796764e+00 1.46486706e+00]
 [1.73761408e-01 1.37854103e+00 5.32309328e-01 0.00000000e+00
  4.99876437e-01 4.15585822e-01 3.64526267e-01 0.00000000e+00
  0.00000000e+00 0.00000000e+00 1.23950903e+00 1.21747104e+00
  2.50120351e-01 9.34634417e-01 1.60909338e-01]
 [5.20212405e-01 4.72324979e+00 2.12170011e+00 1.33308627e-02
  1.05663195e+00 7.24985799e-01 3.42514569e-01 0.00000000e+00
  0.00000000e+00 0.00000000e+00 6.31070215e-01 2.59385953e+00
  1.67558739e-01 1.30606214e+00 1.81923308e+00]
 [0.00000000e+00 0.00000000e+00 0.00000000e+00 1.67700205e-01
  1.17463073e-01 1.50625032e-01 1.35268733e-01 1.70215654e-02
  0.00000000e+00 0.00000000e+00 0.00000000e+00 0.00000000e+00
  0.00000000e+00 0.00000000e+00 0.00000000e+00]
 [0.00000000e+00 2.62078288e-02 0.00000000e+00 4.90597447e-01
  3.75352528e-01 1.82053942e-01 3.15326184e-01 4.45046295e-02
  1.63560322e-01 0.00000000e+00 0.00000000e+00 0.00000000e+00
  0.00000000e+00 0.00000000e+00 1.15608717e-01]
 [1.76058851e-01 1.09823484e-01 0.00000000e+00 2.27469967e-01
  2.44918197e-01 1.01021954e-01 3.97478434e-01 0.00000000e+00
  8.82112933e-01 2.50472746e-01 0.00000000e+00 1.52244183e-01
  1.64207219e-01 3.23446542e-01 3.84214004e-01]
 [0.00000000e+00 0.00000000e+00 0.00000000e+00 3.43414469e-01
  2.61227516e-01 2.00985849e-01 3.50284558e-01 1.14097025e-01
  1.10199864e-01 0.00000000e+00 0.00000000e+00 0.00000000e+00
  0.00000000e+00 2.60714238e-02 0.00000000e+00]
 [3.25702036e-01 2.36777246e-01 6.37834066e-01 3.39426772e-01
  4.27000990e-01 4.88624813e-01 3.10314528e-01 7.19279839e-01
  8.95021548e-01 8.44740826e-01 8.05960686e-01 6.22498142e-01
  6.20807600e-01 3.26184214e-01 5.85189060e-01]]

8
----------------------------------------------------------------------------------
[[0.         0.         0.         0.         0.         0.
  0.         0.         0.         0.         0.         0.
  0.         0.         0.        ]
 [0.         0.1226887  0.         0.         0.05887476 0.43212439
  0.59064598 0.         0.19689025 0.06895135 0.14757189 0.
  0.1622857  0.         0.21285982]
 [0.         0.45157863 0.30318145 0.0390865  0.20863046 0.53858278
  0.38305049 0.04281442 0.22342258 0.14171646 0.         0.52179211
  0.         0.4173349  0.        ]
 [0.         0.         0.         0.         0.         0.
  0.         0.         0.         0.         0.         0.
  0.         0.         0.        ]
 [0.         0.03490226 0.         0.         0.         0.
  0.         0.         0.15148171 0.         0.         0.04499514
  0.         0.         0.        ]
 [0.         0.07563286 0.         0.         0.         0.35262822
  0.12405726 0.         0.24397478 0.06610255 0.         0.
  0.         0.         0.        ]
 [0.         0.         0.         0.         0.         0.
  0.         0.         0.09935327 0.         0.09366697 0.
  0.         0.         0.01171144]
 [0.         0.         0.         0.         0.         0.
  0.         0.         0.         0.         0.         0.
  0.         0.         0.        ]
 [0.06437532 0.         0.         0.         0.         0.
  0.         0.         0.         0.         0.         0.
  0.         0.         0.        ]
 [0.         0.09749985 0.16901032 0.         0.12224928 0.63183862
  0.17599267 0.         0.45638066 0.15290666 0.0752098  0.
  0.         0.         0.11592745]
 [0.11101609 0.         0.         0.         0.         0.
  0.         0.         0.         0.         0.04786337 0.
  0.         0.         0.        ]
 [0.         0.         0.02984967 0.         0.         0.
  0.         0.         0.         0.         0.         0.
  0.         0.         0.        ]
 [0.15259026 0.02825542 0.12208706 0.2004179  0.         0.13415913
  0.07805121 0.         0.03959776 0.         0.18223719 0.
  0.         0.         0.65467987]
 [0.         0.         0.08571157 0.         0.         0.
  0.         0.         0.         0.         0.         0.
  0.         0.         0.        ]
 [0.         0.         0.08440835 0.         0.         0.
  0.         0.         0.         0.         0.         0.
  0.         0.         0.        ]
 [0.         0.06617113 0.54889168 0.         0.26159217 0.10503761
  0.15856597 0.39440208 0.10145283 0.         0.03206045 0.00682489
  0.         0.         0.19171869]
 [0.         0.         0.07810309 0.         0.         0.
  0.         0.         0.         0.         0.         0.
  0.         0.         0.        ]
 [0.90701473 0.60668975 0.50343594 0.56734112 0.43223205 0.33294396
  0.33144114 0.70211383 0.47355817 0.69749162 0.99045657 1.20472215
  1.40051024 1.36667696 0.9082235 ]]

9
----------------------------------------------------------------------------------
[[0.         0.2117762  0.         0.24838226 0.         0.
  0.00743113 0.04464215 0.         0.         0.00534874 0.
  0.         0.         0.08884982]
 [0.26162715 0.22649311 0.26495431 0.45986529 0.         0.
  0.02636719 0.         0.03619525 0.         0.18876882 0.02498308
  0.26356551 0.13046246 0.2853782 ]
 [0.27824036 0.13135636 0.19319041 0.18532747 0.05562387 0.19368744
  0.38591243 0.56302932 0.17585446 0.2416211  0.27223179 0.30230791
  0.0899909  0.34644415 0.48730842]
 [0.         0.2279478  0.01161641 0.22148052 0.         0.
  0.         0.         0.         0.         0.02952141 0.
  0.         0.         0.        ]
 [0.         0.07309178 0.         0.16784618 0.         0.24478137
  0.         0.         0.04721669 0.         0.07183077 0.
  0.         0.         0.06601373]
 [0.10720169 0.07156681 0.14445467 0.10311281 0.         0.1206482
  0.         0.         0.08459482 0.29109941 0.23336496 0.03428108
  0.2593177  0.15755806 0.38367881]
 [0.00616116 0.         0.07256016 0.07812024 0.         0.
  0.         0.         0.         0.05580056 0.21841523 0.
  0.         0.         0.09896195]
 [0.         0.13028652 0.0275586  0.         0.         0.31304252
  0.1979746  0.         0.87142475 0.39803354 0.28321053 0.
  0.11701123 0.         0.17616164]
 [0.         0.03108108 0.         0.09102997 0.         1.75143004
  1.13291098 0.06900099 1.62551245 1.54500817 1.04435948 0.22107512
  0.13450589 0.0859971  0.07429371]
 [0.33921933 0.09545578 0.         0.         0.         0.66555751
  0.         0.         0.58304607 0.03207928 0.7264957  0.09008536
  0.29601774 0.01898197 0.61674455]
 [0.         0.         0.         0.04649608 0.         1.38068535
  0.45203914 0.         0.56945998 0.59326658 0.79417187 0.13364508
  0.04936919 0.20145902 0.08461046]
 [0.         0.         0.10585434 0.         0.         0.21130515
  0.75487328 0.06040358 0.84948367 0.82748697 0.48987435 0.
  0.22064747 0.0295943  0.00827429]
 [0.24769248 0.10877154 0.         0.83417778 0.00401284 0.37493756
  2.6076767  0.         2.30420717 0.89223707 0.73649516 0.04829041
  0.23446153 0.27418303 0.51379681]
 [0.         0.         0.         0.         0.         0.
  0.00571676 0.         0.         0.         0.1533655  0.
  0.06844392 0.         0.        ]
 [0.         0.         0.         0.11478995 0.         0.
  0.07084831 0.         0.         0.         0.58429432 0.09305343
  0.02163222 0.         0.        ]
 [0.24183122 0.3358153  0.         0.         0.         0.01019608
  0.06386786 0.         0.14085333 0.         0.57314647 0.26335409
  0.18734536 0.15170716 0.60613136]
 [0.         0.         0.         0.03160653 0.         0.
  0.         0.         0.         0.         0.27593253 0.
  0.01146508 0.         0.        ]
 [0.39679927 0.43473369 1.22092773 1.30045404 1.23779656 1.15618445
  0.87291503 0.91144007 0.68579362 0.49695444 0.21091472 0.47019503
  0.40093728 0.55249884 0.56117147]]

10
----------------------------------------------------------------------------------
[[1.45351019e-01 1.36924818e-01 1.70019256e-01 5.88926785e-02
  7.78283929e-02 0.00000000e+00 0.00000000e+00 0.00000000e+00
  0.00000000e+00 0.00000000e+00 7.36184449e-02 0.00000000e+00
  3.12556683e-02 7.76979512e-02 0.00000000e+00]
 [0.00000000e+00 5.06674591e-01 1.81010695e-01 3.04510694e-01
  1.76725816e-01 3.62295680e-03 1.34810808e-01 2.71726702e-01
  0.00000000e+00 1.41147331e-01 2.11523461e-01 0.00000000e+00
  0.00000000e+00 0.00000000e+00 6.03691362e-02]
 [1.23909673e-01 7.28759396e-01 5.60890864e-02 1.57106662e-01
  5.97634614e-01 1.46560634e-01 2.77882041e-01 3.11922045e-01
  2.33689719e-01 1.16868282e-01 7.04449751e-01 0.00000000e+00
  0.00000000e+00 0.00000000e+00 0.00000000e+00]
 [2.22638043e-01 1.22358692e-02 2.58305819e-01 1.31309955e-02
  8.94701237e-02 0.00000000e+00 0.00000000e+00 0.00000000e+00
  0.00000000e+00 0.00000000e+00 5.09056329e-02 0.00000000e+00
  0.00000000e+00 4.66102324e-02 1.13811065e-02]
 [2.16046115e-01 2.50815216e-01 3.30036662e-02 8.82358866e-02
  1.10727805e-01 0.00000000e+00 0.00000000e+00 0.00000000e+00
  0.00000000e+00 0.00000000e+00 0.00000000e+00 0.00000000e+00
  0.00000000e+00 1.04801273e-01 0.00000000e+00]
 [0.00000000e+00 1.20210093e-01 2.72657753e-01 1.78845435e-01
  2.31975093e-01 0.00000000e+00 3.76941655e-01 7.32586471e-02
  0.00000000e+00 0.00000000e+00 0.00000000e+00 0.00000000e+00
  0.00000000e+00 0.00000000e+00 0.00000000e+00]
 [0.00000000e+00 2.36255378e-01 1.33629711e-01 1.44422164e-01
  1.34083987e-01 0.00000000e+00 0.00000000e+00 0.00000000e+00
  0.00000000e+00 0.00000000e+00 0.00000000e+00 0.00000000e+00
  0.00000000e+00 0.00000000e+00 0.00000000e+00]
 [1.21954047e-01 6.64117275e-02 4.50185955e-02 0.00000000e+00
  0.00000000e+00 0.00000000e+00 0.00000000e+00 0.00000000e+00
  0.00000000e+00 0.00000000e+00 8.59588445e-02 3.42577639e-02
  0.00000000e+00 0.00000000e+00 0.00000000e+00]
 [9.55165612e-02 1.19866207e-01 6.74722864e-02 0.00000000e+00
  0.00000000e+00 0.00000000e+00 0.00000000e+00 0.00000000e+00
  0.00000000e+00 0.00000000e+00 5.26789394e-02 0.00000000e+00
  0.00000000e+00 0.00000000e+00 0.00000000e+00]
 [0.00000000e+00 0.00000000e+00 0.00000000e+00 2.97751489e-01
  3.38847460e-01 0.00000000e+00 5.35487929e-02 9.86120619e-02
  1.02608760e-01 4.25598701e-01 5.17694878e-01 0.00000000e+00
  0.00000000e+00 0.00000000e+00 0.00000000e+00]
 [0.00000000e+00 2.10495896e-02 1.78971683e-01 3.55045503e-01
  7.74472630e-02 0.00000000e+00 0.00000000e+00 0.00000000e+00
  0.00000000e+00 1.10347769e-01 5.68505395e-02 0.00000000e+00
  0.00000000e+00 0.00000000e+00 0.00000000e+00]
 [1.86601576e-01 2.14416034e-01 1.14529927e-01 4.95520576e-03
  1.07126767e-01 8.00058679e-02 0.00000000e+00 0.00000000e+00
  0.00000000e+00 0.00000000e+00 0.00000000e+00 1.50099861e-01
  0.00000000e+00 0.00000000e+00 2.72993015e-03]
 [0.00000000e+00 1.76416582e-01 2.18544890e-01 4.02022303e-01
  6.24199494e-01 0.00000000e+00 3.88596240e-01 4.02523090e-02
  4.56142577e-01 4.94300513e-02 4.45469862e-01 0.00000000e+00
  0.00000000e+00 0.00000000e+00 0.00000000e+00]
 [0.00000000e+00 0.00000000e+00 1.63737067e-01 2.05362566e-01
  2.61355107e-01 0.00000000e+00 0.00000000e+00 0.00000000e+00
  0.00000000e+00 2.65080792e-02 1.31362400e-01 0.00000000e+00
  0.00000000e+00 0.00000000e+00 0.00000000e+00]
 [0.00000000e+00 0.00000000e+00 1.04662600e-01 3.29919011e-01
  2.95441005e-01 1.60573834e-01 0.00000000e+00 0.00000000e+00
  0.00000000e+00 2.24481594e-01 2.92822503e-01 0.00000000e+00
  1.68640605e-01 7.69907456e-03 0.00000000e+00]
 [0.00000000e+00 0.00000000e+00 8.18821537e-02 4.76099158e-01
  3.14221620e-01 7.14116937e-01 3.54955942e-01 3.36548042e-01
  1.49194090e-01 4.02436607e-01 1.60703196e-01 5.65717361e-01
  0.00000000e+00 0.00000000e+00 0.00000000e+00]
 [0.00000000e+00 0.00000000e+00 1.93686348e-01 1.25129189e-01
  2.59761659e-01 0.00000000e+00 0.00000000e+00 0.00000000e+00
  0.00000000e+00 0.00000000e+00 3.53583022e-01 8.72347051e-02
  0.00000000e+00 0.00000000e+00 0.00000000e+00]
 [1.37350931e+00 1.10278308e+00 7.61710392e-01 3.20346697e-01
  3.38936291e-01 5.53481733e-01 6.96156492e-01 5.41204180e-01
  1.16774526e+00 9.84897174e-01 4.79017606e-01 2.11929471e+00
  2.87761503e+00 2.83045505e+00 2.34584779e+00]]

11
----------------------------------------------------------------------------------
[[0.         0.         0.         0.08812293 0.02584633 0.
  0.06790095 0.         0.         0.         0.39336519 0.06803327
  0.         0.         0.30690545]
 [0.67091791 0.         0.         0.04681704 0.17414306 0.29047396
  0.78121415 0.58387388 0.27670285 0.         0.17547473 0.
  0.         0.         0.44416903]
 [0.60255157 0.12700059 0.         0.54826859 0.88855932 0.29654444
  0.40561663 0.         0.24850672 0.         0.71228171 0.
  0.         0.         0.54350878]
 [0.         0.         0.         0.13888937 0.06280341 0.02251413
  0.28628239 0.         0.         0.         0.02218081 0.
  0.         0.         0.19981916]
 [0.         0.         0.         0.         0.03959883 0.
  0.23550578 0.         0.         0.         0.21560097 0.
  0.         0.         0.21124728]
 [0.57744333 0.39191093 0.19170436 0.23532304 0.10899967 0.36842238
  0.24323279 0.08917686 0.         0.         0.37733525 0.01025486
  0.         0.         0.42957464]
 [0.06788556 0.         0.         0.         0.07371722 0.
  0.23022528 0.         0.         0.         0.2398964  0.06688157
  0.         0.         0.29082668]
 [0.         0.         0.         0.2096631  0.         0.01832975
  0.27659769 0.         0.         0.         0.03379825 0.
  0.         0.         0.28437603]
 [0.         0.         0.         0.05983538 0.00769112 0.
  0.15408452 0.         0.         0.         0.13508255 0.
  0.         0.         0.3030013 ]
 [0.28030618 0.64855772 0.         0.24311455 0.70876815 1.04146867
  0.89469375 0.21871216 0.18703336 0.02477073 0.         0.09874917
  0.         0.         0.73303301]
 [0.08371484 0.03441886 0.         0.         0.06062385 0.
  0.27130476 0.         0.         0.         0.2694569  0.17847422
  0.         0.         0.33995049]
 [0.         0.         0.         0.2331783  0.23829707 0.14124475
  0.0766253  0.         0.         0.         0.1246405  0.
  0.         0.         0.23179043]
 [0.1660028  0.2397497  0.         0.03354298 0.1916065  0.38614185
  0.         0.         0.10745868 0.05547093 0.31975212 0.2364208
  0.21163407 0.06865109 0.43841934]
 [0.29626575 0.81298841 0.         0.3920946  0.92511857 0.04720643
  0.11727763 0.         0.         0.         0.         0.
  0.         0.         0.01772001]
 [0.74682467 1.64443266 0.         0.79163334 1.89129316 0.49396517
  0.33150326 0.         0.         0.         0.         0.
  0.         0.         0.0237082 ]
 [0.74788861 0.60994413 0.         0.48555833 1.1263207  1.09237996
  0.48651145 0.         0.13930447 0.05324922 0.         0.
  0.         0.14910944 0.56785112]
 [0.27225327 0.         0.         0.56938547 0.99807443 0.
  0.         0.         0.         0.         0.         0.
  0.         0.         0.09526394]
 [0.65051499 0.36597811 0.88113172 0.3305181  0.31275508 0.40450648
  0.59916125 0.92848308 0.5566205  0.96534188 0.72605698 1.16264378
  1.37488666 0.90438724 0.15445736]]

12
----------------------------------------------------------------------------------
[[1.45808413e-01 0.00000000e+00 0.00000000e+00 0.00000000e+00
  0.00000000e+00 0.00000000e+00 0.00000000e+00 3.22969409e-02
  0.00000000e+00 0.00000000e+00 0.00000000e+00 0.00000000e+00
  0.00000000e+00 1.80944528e-01 0.00000000e+00]
 [3.57931527e-01 0.00000000e+00 0.00000000e+00 0.00000000e+00
  2.31055127e-01 0.00000000e+00 3.27191321e-02 1.74014864e-01
  0.00000000e+00 0.00000000e+00 0.00000000e+00 0.00000000e+00
  8.19445925e-02 0.00000000e+00 3.81166620e-02]
 [1.39932872e-01 3.02718216e-01 3.89685911e-01 0.00000000e+00
  2.05600173e-01 0.00000000e+00 8.24651664e-02 4.77377763e-01
  0.00000000e+00 0.00000000e+00 0.00000000e+00 2.57658078e-01
  2.15821087e-02 6.26240313e-01 0.00000000e+00]
 [1.32427454e-01 0.00000000e+00 0.00000000e+00 0.00000000e+00
  0.00000000e+00 0.00000000e+00 0.00000000e+00 0.00000000e+00
  0.00000000e+00 0.00000000e+00 0.00000000e+00 0.00000000e+00
  0.00000000e+00 1.81300634e-02 0.00000000e+00]
 [0.00000000e+00 0.00000000e+00 0.00000000e+00 0.00000000e+00
  0.00000000e+00 0.00000000e+00 0.00000000e+00 3.52936873e-02
  0.00000000e+00 0.00000000e+00 0.00000000e+00 6.02815181e-02
  0.00000000e+00 8.42691997e-02 0.00000000e+00]
 [2.47968680e-01 1.27800370e-02 0.00000000e+00 0.00000000e+00
  1.78364067e-01 6.21557220e-02 1.69084189e-01 3.38162613e-01
  4.38873624e-02 2.81682624e-01 2.81534964e-01 0.00000000e+00
  5.61458143e-02 0.00000000e+00 0.00000000e+00]
 [0.00000000e+00 0.00000000e+00 0.00000000e+00 0.00000000e+00
  0.00000000e+00 0.00000000e+00 0.00000000e+00 9.68718296e-02
  0.00000000e+00 0.00000000e+00 0.00000000e+00 0.00000000e+00
  0.00000000e+00 0.00000000e+00 0.00000000e+00]
 [6.78288537e-01 1.34963838e+00 0.00000000e+00 0.00000000e+00
  0.00000000e+00 0.00000000e+00 0.00000000e+00 1.35641895e-01
  0.00000000e+00 0.00000000e+00 0.00000000e+00 0.00000000e+00
  1.48226330e+00 5.30054906e-01 0.00000000e+00]
 [1.30598068e+00 3.25621676e+00 3.70551103e-03 0.00000000e+00
  3.30582140e-01 5.19920709e-01 2.22800639e-01 3.65453929e-01
  0.00000000e+00 0.00000000e+00 0.00000000e+00 3.07277794e-01
  3.03011182e+00 1.44854749e+00 0.00000000e+00]
 [2.14792830e-01 0.00000000e+00 0.00000000e+00 0.00000000e+00
  0.00000000e+00 3.20666849e-01 6.26733325e-01 2.69107534e-01
  1.36994232e-01 1.00155897e+00 9.60482518e-02 4.42255864e-01
  0.00000000e+00 0.00000000e+00 0.00000000e+00]
 [3.59152114e-01 2.29116549e+00 0.00000000e+00 0.00000000e+00
  2.43592575e-01 4.21314190e-01 5.59630829e-01 4.20448936e-01
  0.00000000e+00 0.00000000e+00 0.00000000e+00 0.00000000e+00
  3.17955823e-01 9.23270469e-01 0.00000000e+00]
 [4.23584172e-01 5.30457074e+00 0.00000000e+00 0.00000000e+00
  8.78082188e-02 1.78986795e-01 0.00000000e+00 2.34450691e-01
  0.00000000e+00 0.00000000e+00 8.97934687e-03 0.00000000e+00
  7.96972191e-01 1.05280686e+00 0.00000000e+00]
 [0.00000000e+00 3.16258680e+00 1.73929748e+00 0.00000000e+00
  1.35378878e+00 8.46438582e-01 3.64115051e-01 3.24612276e-01
  1.90579593e-01 0.00000000e+00 4.32753640e-01 5.58289591e-02
  7.81911073e-01 1.02569023e+00 7.95695681e-01]
 [0.00000000e+00 0.00000000e+00 0.00000000e+00 0.00000000e+00
  0.00000000e+00 0.00000000e+00 0.00000000e+00 1.69478296e-01
  0.00000000e+00 0.00000000e+00 1.85080620e-03 0.00000000e+00
  0.00000000e+00 0.00000000e+00 0.00000000e+00]
 [0.00000000e+00 0.00000000e+00 0.00000000e+00 0.00000000e+00
  0.00000000e+00 0.00000000e+00 0.00000000e+00 1.11106672e-01
  0.00000000e+00 1.55433709e-01 0.00000000e+00 0.00000000e+00
  0.00000000e+00 0.00000000e+00 0.00000000e+00]
 [1.18287850e-02 0.00000000e+00 2.83200573e-01 0.00000000e+00
  0.00000000e+00 1.81881875e-01 5.57553387e-01 2.81606051e-01
  1.77703450e-01 7.40500929e-01 3.25451956e-02 0.00000000e+00
  0.00000000e+00 0.00000000e+00 0.00000000e+00]
 [0.00000000e+00 0.00000000e+00 0.00000000e+00 0.00000000e+00
  0.00000000e+00 0.00000000e+00 0.00000000e+00 3.55771575e-02
  0.00000000e+00 5.29504891e-02 0.00000000e+00 0.00000000e+00
  0.00000000e+00 0.00000000e+00 0.00000000e+00]
 [8.71206225e-01 1.52854690e+00 1.22585998e+00 1.09364887e+00
  9.02574537e-01 6.38853343e-01 6.36306737e-01 2.15292732e-01
  8.85604528e-01 8.09028929e-01 1.31660724e+00 1.91098913e+00
  2.05712275e+00 2.55056215e+00 2.51272398e+00]]

13
----------------------------------------------------------------------------------
[[0.00000000e+00 0.00000000e+00 0.00000000e+00 1.36561157e-01
  0.00000000e+00 0.00000000e+00 1.40645576e-01 0.00000000e+00
  0.00000000e+00 0.00000000e+00 0.00000000e+00 0.00000000e+00
  0.00000000e+00 6.47572700e-02 0.00000000e+00]
 [0.00000000e+00 3.91025071e-02 6.67867689e-02 2.72106599e-01
  1.62649373e-01 2.39459838e-01 2.75600983e-01 0.00000000e+00
  5.57248771e-02 1.63295701e-02 0.00000000e+00 6.17341754e-01
  0.00000000e+00 7.51864290e-02 8.38756780e-01]
 [3.77751597e-02 2.60358091e-01 5.90275352e-01 5.51093598e-01
  0.00000000e+00 2.47088283e-02 2.27052775e-01 0.00000000e+00
  7.55364028e-01 3.53934485e-01 4.05717217e-01 8.30514271e-01
  1.84523368e-01 4.76195291e-01 4.22070154e-01]
 [0.00000000e+00 3.61447347e-02 0.00000000e+00 0.00000000e+00
  0.00000000e+00 0.00000000e+00 1.50874669e-01 0.00000000e+00
  1.09611711e-01 0.00000000e+00 0.00000000e+00 0.00000000e+00
  0.00000000e+00 0.00000000e+00 2.50358716e-02]
 [6.81592005e-02 0.00000000e+00 0.00000000e+00 1.36399080e-01
  0.00000000e+00 0.00000000e+00 8.26088650e-02 0.00000000e+00
  0.00000000e+00 0.00000000e+00 0.00000000e+00 0.00000000e+00
  0.00000000e+00 0.00000000e+00 0.00000000e+00]
 [0.00000000e+00 0.00000000e+00 2.20664754e-01 9.45624199e-02
  0.00000000e+00 2.41831210e-02 1.94990671e-01 0.00000000e+00
  5.67412402e-02 0.00000000e+00 9.82611123e-02 1.98523060e-01
  1.56049590e-01 1.81427436e-01 4.28308600e-01]
 [0.00000000e+00 1.49354970e-01 0.00000000e+00 4.71123904e-02
  0.00000000e+00 0.00000000e+00 0.00000000e+00 0.00000000e+00
  0.00000000e+00 0.00000000e+00 5.93452749e-02 0.00000000e+00
  8.71272381e-02 9.08698855e-02 6.29252883e-02]
 [2.57423921e-01 2.44489580e-01 3.23030416e-01 1.36490458e+00
  5.33896360e-01 2.86093204e-01 1.61259903e-01 0.00000000e+00
  0.00000000e+00 0.00000000e+00 0.00000000e+00 0.00000000e+00
  0.00000000e+00 1.03088472e-03 0.00000000e+00]
 [5.02546769e-02 8.12825705e-02 3.07602974e-01 1.51039676e+00
  1.52218705e+00 1.61008583e+00 4.80484836e-01 0.00000000e+00
  0.00000000e+00 0.00000000e+00 0.00000000e+00 0.00000000e+00
  0.00000000e+00 0.00000000e+00 1.77318641e-02]
 [0.00000000e+00 6.54640642e-02 1.98653928e-01 0.00000000e+00
  0.00000000e+00 3.16549106e-01 4.44890814e-01 0.00000000e+00
  0.00000000e+00 0.00000000e+00 9.34028864e-01 1.11458010e+00
  1.50847910e-01 7.65040358e-01 6.49628116e-01]
 [0.00000000e+00 0.00000000e+00 5.96718423e-01 5.69311377e-01
  1.84090355e+00 1.06968981e+00 9.53636630e-01 0.00000000e+00
  0.00000000e+00 0.00000000e+00 1.20090454e-01 0.00000000e+00
  0.00000000e+00 0.00000000e+00 3.71224339e-02]
 [2.75273204e-01 0.00000000e+00 4.16107905e-01 1.32648368e+00
  1.17921672e+00 1.56817516e-01 4.90770351e-02 0.00000000e+00
  0.00000000e+00 0.00000000e+00 7.48212443e-02 0.00000000e+00
  0.00000000e+00 3.45460481e-04 9.03091684e-02]
 [0.00000000e+00 0.00000000e+00 1.19342332e+00 2.65022885e+00
  2.03125659e+00 6.67925544e-01 5.92753391e-01 0.00000000e+00
  0.00000000e+00 1.82050557e-02 3.97185000e-01 1.81173723e-02
  2.99153299e-01 1.43826686e-01 2.53914644e-01]
 [5.51193412e-01 6.86029547e-02 0.00000000e+00 1.14572525e+00
  3.95895396e-01 0.00000000e+00 3.77746077e-02 3.99225359e-01
  0.00000000e+00 0.00000000e+00 3.43671812e-01 8.37940276e-01
  2.06766223e-01 1.77985220e+00 5.92573719e-01]
 [1.04053171e+00 0.00000000e+00 0.00000000e+00 2.59498684e+00
  1.98946835e+00 5.05944218e-01 2.37018024e-01 0.00000000e+00
  0.00000000e+00 0.00000000e+00 9.12974078e-01 1.32245618e+00
  6.31162292e-01 3.40191801e+00 2.29220914e+00]
 [0.00000000e+00 0.00000000e+00 3.34847882e-01 7.90368636e-01
  8.41540736e-01 1.86992348e-01 5.99658030e-01 0.00000000e+00
  5.18425588e-02 0.00000000e+00 8.56474500e-01 4.73981841e-01
  2.70181045e-01 1.61925752e+00 1.26954873e+00]
 [1.88067973e-01 3.27441691e-01 0.00000000e+00 1.34485213e+00
  7.69999546e-01 0.00000000e+00 0.00000000e+00 0.00000000e+00
  0.00000000e+00 0.00000000e+00 5.92653956e-01 6.79034760e-01
  0.00000000e+00 7.64270587e-01 6.76810657e-01]
 [1.65722213e+00 1.12626458e+00 6.63717322e-01 4.69347286e-01
  6.37982603e-01 5.72500115e-01 4.80768518e-01 1.11681202e+00
  7.20838247e-01 6.61057002e-01 4.06645490e-01 4.58636815e-01
  4.13786156e-01 2.96311033e-01 2.69476782e-01]]

14
----------------------------------------------------------------------------------
[[1.36442046e-01 0.00000000e+00 0.00000000e+00 0.00000000e+00
  0.00000000e+00 0.00000000e+00 0.00000000e+00 0.00000000e+00
  0.00000000e+00 0.00000000e+00 0.00000000e+00 1.04674557e-01
  3.75076431e-02 6.27472997e-02 0.00000000e+00]
 [1.56629227e-01 0.00000000e+00 0.00000000e+00 0.00000000e+00
  1.54011944e-02 0.00000000e+00 4.52007098e-01 3.62461237e-02
  0.00000000e+00 0.00000000e+00 4.49876460e-02 1.67514141e-01
  8.54073302e-02 7.79308473e-02 0.00000000e+00]
 [0.00000000e+00 0.00000000e+00 0.00000000e+00 0.00000000e+00
  1.71869884e-01 0.00000000e+00 0.00000000e+00 9.97592667e-02
  2.08173025e-01 6.49481314e-01 3.02473842e-02 2.48762385e-01
  1.99670810e-01 0.00000000e+00 0.00000000e+00]
 [0.00000000e+00 0.00000000e+00 0.00000000e+00 0.00000000e+00
  0.00000000e+00 0.00000000e+00 0.00000000e+00 0.00000000e+00
  0.00000000e+00 0.00000000e+00 0.00000000e+00 2.48888721e-01
  0.00000000e+00 5.88925554e-02 3.49514410e-01]
 [2.91220218e-02 0.00000000e+00 0.00000000e+00 1.06501537e-03
  0.00000000e+00 0.00000000e+00 0.00000000e+00 0.00000000e+00
  0.00000000e+00 0.00000000e+00 0.00000000e+00 9.61820025e-02
  0.00000000e+00 4.66403221e-02 0.00000000e+00]
 [0.00000000e+00 0.00000000e+00 1.55101979e-01 0.00000000e+00
  0.00000000e+00 0.00000000e+00 0.00000000e+00 0.00000000e+00
  2.89077822e-02 2.56010377e-01 1.03903363e-02 7.46388930e-02
  2.08670170e-01 0.00000000e+00 0.00000000e+00]
 [0.00000000e+00 0.00000000e+00 0.00000000e+00 0.00000000e+00
  3.46546392e-02 0.00000000e+00 0.00000000e+00 0.00000000e+00
  0.00000000e+00 0.00000000e+00 0.00000000e+00 0.00000000e+00
  0.00000000e+00 2.45307138e-02 0.00000000e+00]
 [0.00000000e+00 0.00000000e+00 0.00000000e+00 0.00000000e+00
  0.00000000e+00 0.00000000e+00 0.00000000e+00 0.00000000e+00
  0.00000000e+00 0.00000000e+00 0.00000000e+00 2.97805511e-01
  0.00000000e+00 1.66189439e-01 9.94995623e-01]
 [0.00000000e+00 0.00000000e+00 0.00000000e+00 0.00000000e+00
  0.00000000e+00 0.00000000e+00 0.00000000e+00 0.00000000e+00
  0.00000000e+00 0.00000000e+00 0.00000000e+00 1.75124207e-01
  0.00000000e+00 2.47695309e-01 1.59347412e+00]
 [0.00000000e+00 0.00000000e+00 0.00000000e+00 0.00000000e+00
  0.00000000e+00 0.00000000e+00 0.00000000e+00 1.03627935e-01
  0.00000000e+00 0.00000000e+00 1.32770380e-01 5.03970764e-01
  2.95506218e-01 2.45616329e-01 0.00000000e+00]
 [0.00000000e+00 0.00000000e+00 0.00000000e+00 0.00000000e+00
  0.00000000e+00 0.00000000e+00 1.24236915e-01 0.00000000e+00
  0.00000000e+00 0.00000000e+00 0.00000000e+00 1.45975443e-01
  0.00000000e+00 3.48372292e-03 8.16427526e-01]
 [6.48774578e-02 0.00000000e+00 0.00000000e+00 0.00000000e+00
  0.00000000e+00 0.00000000e+00 0.00000000e+00 0.00000000e+00
  0.00000000e+00 0.00000000e+00 0.00000000e+00 9.89511573e-02
  0.00000000e+00 1.77615535e-01 1.06989570e-01]
 [0.00000000e+00 0.00000000e+00 0.00000000e+00 5.25295700e-02
  0.00000000e+00 0.00000000e+00 5.89721789e-01 1.35516492e-01
  0.00000000e+00 8.13003433e-02 2.98650871e-02 2.08975698e-01
  0.00000000e+00 1.59570345e-02 1.40210183e-02]
 [2.84353385e-02 0.00000000e+00 0.00000000e+00 3.92810995e-01
  0.00000000e+00 0.00000000e+00 0.00000000e+00 0.00000000e+00
  8.48666589e-02 0.00000000e+00 0.00000000e+00 1.66506872e-01
  0.00000000e+00 0.00000000e+00 0.00000000e+00]
 [2.59884752e-02 0.00000000e+00 0.00000000e+00 5.30746782e-01
  1.54721145e-01 0.00000000e+00 0.00000000e+00 0.00000000e+00
  1.35174845e-01 0.00000000e+00 0.00000000e+00 2.41032685e-02
  0.00000000e+00 5.75962036e-02 0.00000000e+00]
 [0.00000000e+00 0.00000000e+00 0.00000000e+00 4.69756083e-02
  0.00000000e+00 0.00000000e+00 5.38712565e-02 3.04458449e-01
  0.00000000e+00 0.00000000e+00 3.09697719e-01 1.09617827e-01
  2.70635603e-01 2.09286151e-01 0.00000000e+00]
 [3.02399889e-01 0.00000000e+00 1.23307715e-02 0.00000000e+00
  0.00000000e+00 0.00000000e+00 0.00000000e+00 0.00000000e+00
  0.00000000e+00 0.00000000e+00 1.82013989e-02 6.08151470e-02
  0.00000000e+00 1.25794082e-01 2.22028287e-01]
 [8.64065871e-01 1.41140502e+00 1.73801081e+00 1.40653624e+00
  1.25995376e+00 1.55859667e+00 7.44654053e-01 8.87432617e-01
  7.16008524e-01 7.96502458e-01 5.67240865e-01 4.09763776e-01
  5.50474953e-01 7.00563531e-01 1.14807000e+00]]

16
----------------------------------------------------------------------------------
[[0.00000000e+00 8.07416700e-02 1.44325613e-03 0.00000000e+00
  1.87708163e-01 0.00000000e+00 0.00000000e+00 0.00000000e+00
  0.00000000e+00 9.56859012e-02 2.39271546e-02 0.00000000e+00
  0.00000000e+00 0.00000000e+00 0.00000000e+00]
 [1.14271278e-01 0.00000000e+00 0.00000000e+00 3.00425538e-02
  2.21374112e-01 0.00000000e+00 0.00000000e+00 0.00000000e+00
  0.00000000e+00 3.83467482e-01 1.10759287e-01 0.00000000e+00
  1.87433238e-02 1.57313928e-01 0.00000000e+00]
 [0.00000000e+00 0.00000000e+00 0.00000000e+00 0.00000000e+00
  4.35945882e-02 0.00000000e+00 0.00000000e+00 1.25766300e-02
  0.00000000e+00 2.59692506e-01 0.00000000e+00 3.75014572e-01
  3.51358678e-03 3.00676141e-01 3.13908636e-01]
 [0.00000000e+00 8.26054818e-02 0.00000000e+00 0.00000000e+00
  1.86313991e-01 0.00000000e+00 0.00000000e+00 0.00000000e+00
  0.00000000e+00 1.01383149e-02 0.00000000e+00 0.00000000e+00
  0.00000000e+00 0.00000000e+00 0.00000000e+00]
 [0.00000000e+00 1.14019691e-01 0.00000000e+00 0.00000000e+00
  1.06449695e-01 0.00000000e+00 0.00000000e+00 0.00000000e+00
  0.00000000e+00 2.34331241e-02 3.02935986e-01 0.00000000e+00
  0.00000000e+00 1.96871710e-01 0.00000000e+00]
 [0.00000000e+00 0.00000000e+00 0.00000000e+00 0.00000000e+00
  3.14380261e-02 0.00000000e+00 0.00000000e+00 0.00000000e+00
  0.00000000e+00 8.17735156e-02 2.35446563e-02 0.00000000e+00
  0.00000000e+00 9.03582385e-02 2.36457158e-01]
 [0.00000000e+00 0.00000000e+00 0.00000000e+00 0.00000000e+00
  0.00000000e+00 0.00000000e+00 0.00000000e+00 0.00000000e+00
  0.00000000e+00 2.12087743e-02 3.36736669e-01 0.00000000e+00
  0.00000000e+00 3.21580007e-02 0.00000000e+00]
 [0.00000000e+00 0.00000000e+00 0.00000000e+00 0.00000000e+00
  1.79093496e-01 0.00000000e+00 0.00000000e+00 0.00000000e+00
  0.00000000e+00 0.00000000e+00 0.00000000e+00 0.00000000e+00
  0.00000000e+00 0.00000000e+00 0.00000000e+00]
 [8.13349248e-01 0.00000000e+00 5.25927582e-02 1.52525908e-01
  4.71444660e-01 0.00000000e+00 0.00000000e+00 0.00000000e+00
  0.00000000e+00 0.00000000e+00 0.00000000e+00 0.00000000e+00
  0.00000000e+00 0.00000000e+00 0.00000000e+00]
 [0.00000000e+00 0.00000000e+00 0.00000000e+00 0.00000000e+00
  0.00000000e+00 0.00000000e+00 0.00000000e+00 0.00000000e+00
  0.00000000e+00 3.24097688e-01 3.28810451e-01 0.00000000e+00
  2.06520340e-01 7.91557036e-03 2.72794409e-02]
 [5.23575681e-01 2.80947266e-02 0.00000000e+00 4.77453525e-01
  4.86029416e-01 2.09475867e-01 0.00000000e+00 0.00000000e+00
  0.00000000e+00 1.48858310e-01 2.02029634e-01 0.00000000e+00
  1.29035321e-01 0.00000000e+00 0.00000000e+00]
 [2.26180107e-01 0.00000000e+00 3.45119758e-01 1.67562770e-01
  2.09698302e-02 5.47389047e-02 0.00000000e+00 7.47103484e-02
  0.00000000e+00 0.00000000e+00 1.30927852e-01 0.00000000e+00
  5.05687508e-02 0.00000000e+00 0.00000000e+00]
 [1.30768744e+00 4.14068440e-01 1.10377151e+00 0.00000000e+00
  1.10654533e-01 4.61748419e-01 0.00000000e+00 0.00000000e+00
  4.13218061e-01 4.72757396e-01 0.00000000e+00 0.00000000e+00
  0.00000000e+00 0.00000000e+00 0.00000000e+00]
 [0.00000000e+00 0.00000000e+00 0.00000000e+00 0.00000000e+00
  2.87406299e-01 0.00000000e+00 0.00000000e+00 0.00000000e+00
  0.00000000e+00 1.22299092e-01 8.67853188e-02 0.00000000e+00
  0.00000000e+00 0.00000000e+00 0.00000000e+00]
 [4.57773890e-01 4.15975210e-01 0.00000000e+00 0.00000000e+00
  3.48151656e-01 0.00000000e+00 0.00000000e+00 3.76035534e-02
  0.00000000e+00 1.53866901e-01 0.00000000e+00 0.00000000e+00
  0.00000000e+00 0.00000000e+00 4.22892615e-01]
 [0.00000000e+00 0.00000000e+00 0.00000000e+00 0.00000000e+00
  0.00000000e+00 0.00000000e+00 0.00000000e+00 0.00000000e+00
  0.00000000e+00 7.13721097e-01 1.73758383e-02 1.10136983e-01
  7.32789904e-02 3.92605660e-01 1.40852158e-01]
 [3.58787505e-01 2.17928284e-01 2.69397745e-02 5.99450903e-02
  4.88122392e-01 2.11473210e-01 0.00000000e+00 1.61717885e-01
  0.00000000e+00 4.33003515e-02 0.00000000e+00 0.00000000e+00
  0.00000000e+00 0.00000000e+00 0.00000000e+00]
 [1.94705297e+00 1.46480492e+00 1.48341080e+00 1.29370337e+00
  8.44989350e-01 1.15801627e+00 9.87228785e-01 9.38055511e-01
  9.18925134e-01 5.64454778e-01 4.92708629e-01 6.71644068e-01
  5.41187558e-01 8.21058203e-01 1.03630324e+00]]

17
----------------------------------------------------------------------------------
[[0.01735633 0.02075903 0.         0.28396766 0.21363214 0.09984105
  0.13497781 0.02952238 0.1128053  0.08370976 0.18837686 0.
  0.03251986 0.15896606 0.21535094]
 [0.2188061  0.         0.26437976 0.5223723  0.26558466 0.50709172
  0.19217572 0.2408086  0.39715865 0.14086938 0.17314837 0.
  0.35933477 0.2513951  0.13951454]
 [0.13866468 0.21886938 0.0360922  0.24249366 0.3713608  0.59895022
  0.61258277 0.61607107 0.24909717 0.07457903 0.26163198 0.1102329
  0.41420231 0.78699353 0.26892543]
 [0.09002211 0.         0.         0.41682008 0.11114413 0.06057477
  0.07316627 0.         0.15062856 0.12284454 0.0846834  0.
  0.04474567 0.12130543 0.1194237 ]
 [0.1226697  0.         0.         0.25697852 0.12266834 0.00930731
  0.01095784 0.         0.03209544 0.19257828 0.         0.
  0.12789127 0.05194785 0.16122927]
 [0.         0.         0.19023564 0.23564737 0.16689104 0.16356697
  0.23791752 0.2114036  0.25203811 0.16448749 0.24249189 0.08023444
  0.02330273 0.25335019 0.31986197]
 [0.03735717 0.         0.         0.18177773 0.07447841 0.03660613
  0.07297513 0.         0.13720915 0.11466505 0.         0.
  0.         0.05853698 0.10477844]
 [0.02069134 0.         0.         0.17047772 0.17615973 0.00343572
  0.19633296 0.         0.23793538 0.         0.18116423 0.
  0.05776786 0.11302951 0.10545717]
 [0.07573576 0.         0.         0.16576441 0.13459763 0.
  0.01058594 0.         0.10152516 0.         0.         0.
  0.         0.16888608 0.34495349]
 [0.         0.         0.         0.         0.32140849 0.55967946
  0.46972942 0.30624409 0.30529289 0.18930684 0.03395471 0.
  0.1346703  0.11601912 0.27505716]
 [0.0400856  0.         0.06047629 0.22770032 0.         0.0344141
  0.03143656 0.         0.02170948 0.         0.         0.
  0.         0.06317644 0.53614161]
 [0.18980777 0.         0.         0.21900462 0.15718806 0.30526666
  0.40241598 0.08056879 0.11686572 0.17643142 0.         0.
  0.0452504  0.         0.29981639]
 [0.03478744 0.         0.         0.38407004 0.10929491 0.20106604
  0.43937219 0.58617323 0.20871056 0.20367528 0.2769599  0.13393524
  0.         0.54079068 0.6626856 ]
 [1.07424357 0.         0.         0.19118362 0.36711095 0.3753633
  1.88886923 0.20689789 0.3591045  0.29909983 0.14129586 0.0354916
  0.08025607 0.11502872 0.01108893]
 [2.48448369 0.49888607 0.         0.26801114 1.46348511 1.46987579
  2.99243709 0.62532756 0.53663821 0.20530614 0.82599851 0.56302053
  0.69071502 0.64915734 0.05721899]
 [0.74541828 0.38911024 0.34355028 0.         1.44183801 0.9658463
  1.37648712 1.05887609 0.64095155 0.12246484 0.33106628 0.13414259
  0.08131415 0.38641116 0.21328268]
 [0.35272117 0.26664233 0.14582939 0.44349223 0.42972982 0.49634345
  0.44972388 0.28264104 0.29722223 0.48372305 0.52758109 0.29359416
  0.52335838 0.24006508 0.01620508]
 [0.88300525 1.04415198 0.72892162 0.53256668 0.37829501 0.22685686
  0.14141433 0.29849868 0.19199457 0.58279388 0.58850199 0.8591012
  0.57236124 0.36619923 0.57380415]]

18
----------------------------------------------------------------------------------
[[1.11949517e-01 0.00000000e+00 0.00000000e+00 0.00000000e+00
  0.00000000e+00 1.63734726e-01 0.00000000e+00 0.00000000e+00
  0.00000000e+00 0.00000000e+00 0.00000000e+00 0.00000000e+00
  0.00000000e+00 0.00000000e+00 0.00000000e+00]
 [3.52731181e-01 0.00000000e+00 0.00000000e+00 0.00000000e+00
  2.58667529e-01 2.96481512e-01 0.00000000e+00 0.00000000e+00
  0.00000000e+00 0.00000000e+00 1.07904553e-03 3.87646372e-02
  0.00000000e+00 5.27744313e-02 1.50954033e-01]
 [5.09928435e-01 0.00000000e+00 0.00000000e+00 8.68374415e-03
  2.75884704e-01 2.19295150e-01 0.00000000e+00 0.00000000e+00
  0.00000000e+00 0.00000000e+00 1.02978060e-01 1.89686881e-01
  0.00000000e+00 5.44378632e-02 3.32256453e-02]
 [1.12933266e-01 0.00000000e+00 0.00000000e+00 0.00000000e+00
  1.14971711e-01 4.31845939e-03 0.00000000e+00 0.00000000e+00
  0.00000000e+00 0.00000000e+00 0.00000000e+00 0.00000000e+00
  0.00000000e+00 0.00000000e+00 0.00000000e+00]
 [7.22664086e-03 0.00000000e+00 0.00000000e+00 0.00000000e+00
  7.25196547e-02 2.43949747e-02 0.00000000e+00 0.00000000e+00
  0.00000000e+00 0.00000000e+00 0.00000000e+00 2.92006699e-02
  0.00000000e+00 1.15416816e-01 0.00000000e+00]
 [2.54871876e-01 6.29639404e-02 0.00000000e+00 0.00000000e+00
  0.00000000e+00 1.37036977e-01 0.00000000e+00 2.13707491e-01
  0.00000000e+00 0.00000000e+00 1.10806635e-01 0.00000000e+00
  3.27078075e-01 2.06168581e-01 3.64510836e-01]
 [0.00000000e+00 0.00000000e+00 0.00000000e+00 0.00000000e+00
  0.00000000e+00 2.27124690e-03 0.00000000e+00 0.00000000e+00
  0.00000000e+00 0.00000000e+00 0.00000000e+00 0.00000000e+00
  0.00000000e+00 1.44091769e-01 0.00000000e+00]
 [1.10111616e+00 0.00000000e+00 1.04923473e-01 5.91093934e-01
  4.12588434e-01 4.84452236e-01 0.00000000e+00 0.00000000e+00
  0.00000000e+00 0.00000000e+00 0.00000000e+00 0.00000000e+00
  0.00000000e+00 0.00000000e+00 0.00000000e+00]
 [2.73038179e+00 7.81363591e-01 3.22560360e-01 1.50603627e+00
  1.35242793e+00 1.34583388e+00 0.00000000e+00 0.00000000e+00
  0.00000000e+00 0.00000000e+00 0.00000000e+00 0.00000000e+00
  0.00000000e+00 0.00000000e+00 0.00000000e+00]
 [1.55397467e-01 0.00000000e+00 0.00000000e+00 3.55946501e-01
  1.92856223e-01 0.00000000e+00 0.00000000e+00 0.00000000e+00
  3.70307625e-03 0.00000000e+00 0.00000000e+00 1.65703162e-01
  3.34575551e-01 2.76279501e-01 3.17679159e-01]
 [3.92316911e+00 1.07526458e+00 0.00000000e+00 5.66025459e-01
  1.28839160e+00 1.30099931e+00 0.00000000e+00 1.22758422e-01
  0.00000000e+00 0.00000000e+00 0.00000000e+00 0.00000000e+00
  0.00000000e+00 0.00000000e+00 1.96857228e-02]
 [1.61222477e+00 2.80944818e-01 2.29682180e-01 5.52767867e-01
  5.28807788e-01 3.95097137e-01 0.00000000e+00 0.00000000e+00
  0.00000000e+00 0.00000000e+00 0.00000000e+00 0.00000000e+00
  0.00000000e+00 0.00000000e+00 0.00000000e+00]
 [2.53700384e+00 2.24378307e+00 6.98611995e-01 3.44922642e+00
  9.03135947e-01 4.46213255e-01 0.00000000e+00 0.00000000e+00
  0.00000000e+00 0.00000000e+00 7.28897454e-02 0.00000000e+00
  0.00000000e+00 9.52076569e-02 0.00000000e+00]
 [0.00000000e+00 0.00000000e+00 1.03615268e-01 0.00000000e+00
  7.99995983e-02 2.49790914e-01 0.00000000e+00 7.09764812e-03
  0.00000000e+00 0.00000000e+00 0.00000000e+00 1.15463059e-01
  0.00000000e+00 9.31522413e-02 1.33640885e-01]
 [4.37005413e-02 0.00000000e+00 1.19610995e-01 0.00000000e+00
  1.17348472e-01 1.34089284e-01 0.00000000e+00 1.05205916e-01
  1.36796651e-01 0.00000000e+00 0.00000000e+00 1.39636788e-01
  0.00000000e+00 7.11069534e-02 0.00000000e+00]
 [0.00000000e+00 1.34343926e-01 1.62310580e-01 2.87128956e-01
  5.68781562e-02 2.88242952e-01 1.60473652e-01 0.00000000e+00
  3.72563505e-01 1.18387071e+00 5.49961722e-01 3.93973135e-01
  0.00000000e+00 2.89704750e-01 7.53565266e-02]
 [0.00000000e+00 1.01551052e-02 2.56221981e-01 8.97716797e-02
  1.17045857e-01 1.09662287e-01 0.00000000e+00 0.00000000e+00
  0.00000000e+00 0.00000000e+00 0.00000000e+00 0.00000000e+00
  0.00000000e+00 5.51003864e-02 0.00000000e+00]
 [3.40894985e-01 7.74253908e-01 1.07190341e+00 7.84339788e-01
  4.40869657e-01 3.78676855e-01 1.37069304e+00 8.91210220e-01
  1.02100333e+00 8.25663371e-01 5.97284450e-01 4.92929320e-01
  6.70906177e-01 6.97938831e-01 9.24469198e-01]]

19
----------------------------------------------------------------------------------
[[0.18325818 0.05850468 0.         0.01502164 0.         0.
  0.         0.         0.         0.23154214 0.13343401 0.
  0.01157439 0.         0.        ]
 [0.37600338 0.31144041 0.         0.41478158 0.14015886 0.15511824
  0.         0.         0.36885054 0.52972106 0.         0.
  0.44488604 0.24895466 0.17486163]
 [0.60305067 0.42858337 0.         0.57021399 0.81504051 0.0855607
  0.         0.         0.40432557 0.32475164 0.04462542 0.06608843
  0.26242122 0.74617323 0.15803173]
 [0.07969203 0.01062252 0.         0.03076658 0.00344477 0.
  0.         0.         0.         0.1993587  0.2022645  0.
  0.         0.         0.        ]
 [0.30730972 0.         0.04920769 0.05378679 0.         0.09522435
  0.         0.         0.         0.09587345 0.18868066 0.
  0.         0.         0.        ]
 [0.44922306 0.12412966 0.02726417 0.33803289 0.18134757 0.13292668
  0.         0.         0.59277436 0.00503813 0.         0.08671493
  0.         0.         0.11561031]
 [0.41232736 0.         0.19211337 0.         0.         0.01861694
  0.         0.         0.         0.         0.22683177 0.
  0.         0.         0.0701759 ]
 [0.0381018  0.01210873 0.         0.         0.         0.
  0.         0.         0.         0.         0.09918045 0.
  0.         0.         0.        ]
 [0.09037136 0.08123765 0.         0.         0.         0.
  0.         0.         0.         0.         0.1229319  0.
  0.         0.         0.        ]
 [0.20243773 0.08806494 0.18588253 0.66723032 0.16746979 0.02539969
  0.         0.01324357 0.11613494 0.01208979 0.54221825 0.
  0.5089154  0.20055046 0.26433608]
 [0.         0.10498452 0.         0.27871238 0.         0.
  0.         0.         0.04405196 0.         0.         0.
  0.         0.         0.        ]
 [0.23569081 0.04314883 0.11497184 0.         0.07641349 0.08487126
  0.         0.         0.         0.04132392 0.03955371 0.
  0.         0.         0.        ]
 [0.         0.07202946 0.06202321 0.16549527 0.24553679 0.
  0.14263324 0.         0.04009656 0.12261282 0.00921112 0.
  0.08536853 0.09885399 0.02295391]
 [0.04795801 0.09560813 0.01185952 0.21779298 0.06121258 0.
  0.         0.60641961 0.25527768 0.         0.         0.
  0.05250135 0.79944294 0.45720719]
 [0.29697434 0.04015474 0.00195255 0.19314671 0.08165707 0.13359445
  0.13310954 0.47753952 0.51507844 0.         0.         0.
  0.2389369  1.08776445 0.68626768]
 [0.42866319 0.33421721 0.22322181 0.47620729 0.14993385 0.05360041
  0.09985418 0.79217511 0.33904757 0.         0.12046262 0.14738148
  0.51665875 0.01710225 0.01215237]
 [0.07156669 0.07714589 0.         0.29593651 0.         0.
  0.         0.         0.         0.09605628 0.         0.
  0.04992075 0.02697743 0.08291864]
 [0.55743804 0.46667622 0.59354303 0.31697809 0.38679281 0.75342857
  0.77381875 0.73449442 0.4320339  0.50828624 0.57246426 1.13128002
  0.37644463 0.56652646 0.67133207]]

20
----------------------------------------------------------------------------------
[[0.00429283 0.11336822 0.05248194 0.         0.03060055 0.
  0.08686323 0.         0.         0.         0.16307429 0.
  0.         0.03568628 0.        ]
 [0.03017852 0.14218404 0.21782314 0.35265474 0.68291238 0.1393934
  0.32681866 0.06272143 0.         0.13992253 0.13754125 0.00886093
  0.06516738 0.3887358  0.19644613]
 [0.53010938 0.06260535 0.96885588 0.         0.37766553 0.50706859
  0.38276481 0.44620329 0.95518557 0.         0.3431235  0.22785783
  0.26950977 0.6564312  0.41912073]
 [0.         0.00733309 0.         0.         0.         0.
  0.07597339 0.         0.         0.         0.0230847  0.
  0.         0.         0.        ]
 [0.06739388 0.04110038 0.         0.         0.         0.
  0.21016806 0.         0.         0.         0.0772236  0.
  0.         0.1478153  0.        ]
 [0.01599018 0.2678069  0.06155965 0.41051829 0.39131079 0.14932332
  0.24838727 0.         0.20589937 0.         0.         0.23374818
  0.         0.         0.12750324]
 [0.         0.         0.         0.         0.         0.
  0.20756751 0.         0.05738224 0.         0.         0.
  0.         0.         0.        ]
 [0.         0.05912058 0.         0.         0.         0.
  0.01035747 0.         0.         0.         0.         0.
  0.         0.         0.        ]
 [0.         0.06257203 0.         0.         0.         0.
  0.         0.         0.         0.         0.         0.
  0.         0.         0.        ]
 [0.01399286 0.11833254 0.4825596  0.16663248 0.57677988 0.21438516
  0.61064131 0.56173601 0.         0.         0.         0.
  0.31016633 0.         0.5234385 ]
 [0.         0.         0.         0.12608705 0.03625325 0.
  0.         0.05000382 0.         0.         0.         0.
  0.         0.04070225 0.        ]
 [0.11555795 0.04371028 0.17181878 0.         0.01165745 0.
  0.30910531 0.         0.         0.         0.         0.
  0.         0.         0.        ]
 [0.32541283 0.32475526 0.01081451 0.45841723 0.22524939 0.
  0.17848016 0.         0.         0.11169667 0.         0.21417176
  0.         0.20975537 0.25945554]
 [0.         0.         0.41291418 0.02288235 0.2912055  0.14610465
  0.04247728 0.         0.         0.         0.         0.
  0.         0.         0.        ]
 [0.09433783 0.02912928 0.31273786 0.44636322 1.02328373 0.82811929
  0.04230379 0.18287249 0.         0.07438707 0.         0.
  0.00807738 0.         0.        ]
 [0.32981497 0.03868615 0.73376633 0.81617857 0.59117332 0.92735852
  0.28497071 0.42040401 0.         0.59371323 0.         0.
  0.04760646 0.         0.20298011]
 [0.         0.         0.         0.18035411 0.23044229 0.13190659
  0.04640015 0.00264224 0.         0.         0.         0.
  0.         0.         0.05202654]
 [0.51320245 0.314623   0.2997182  0.36107693 0.23727079 0.4273207
  0.27836529 0.756975   1.04368905 1.08098534 0.78882698 1.13224078
  0.86609376 0.49625846 0.45747552]]

21
----------------------------------------------------------------------------------
[[0.07383048 0.         0.11141611 0.18679701 0.64949713 0.49187634
  0.         0.         0.         0.         0.         0.
  0.         0.         0.        ]
 [0.20590078 0.         0.29050824 0.55448141 0.38643207 0.68656425
  0.         0.         0.         0.         0.         0.3891273
  0.         0.         0.        ]
 [0.24579201 0.         0.32760463 0.46299545 0.83672244 0.39258013
  0.07956188 0.         0.         0.10279297 0.         0.
  0.         0.06112321 0.06184369]
 [0.         0.         0.18095607 0.02434123 0.55368729 0.43053459
  0.         0.         0.         0.         0.         0.
  0.         0.         0.        ]
 [0.04584547 0.         0.06147767 0.00492034 0.28651013 0.2482339
  0.         0.         0.         0.         0.         0.
  0.         0.         0.        ]
 [0.26834112 0.         0.41858642 0.24077727 0.5255255  0.54402862
  0.         0.         0.         0.         0.         0.
  0.         0.         0.        ]
 [0.         0.         0.05006332 0.16120603 0.31237015 0.16912661
  0.         0.         0.         0.         0.         0.
  0.         0.00976139 0.        ]
 [0.         0.         0.14001441 0.         0.48728979 0.52997688
  0.         0.         0.         0.         0.         0.
  0.         0.         0.        ]
 [0.         0.         0.07072277 0.         0.37812329 0.29263055
  0.         0.         0.         0.         0.         0.
  0.         0.         0.        ]
 [0.0522688  0.00529483 0.11552951 0.1320249  0.79252254 0.24115227
  0.         0.         0.         0.         0.         0.44315236
  0.14822585 0.         0.        ]
 [0.         0.         0.         0.         0.30197222 0.17106292
  0.         0.         0.         0.         0.         0.
  0.         0.         0.        ]
 [0.         0.         0.32040485 0.         0.43248434 0.17961624
  0.         0.         0.         0.         0.         0.
  0.         0.         0.        ]
 [0.44394934 0.         0.51364452 0.         0.65494608 0.63952735
  0.         0.         0.         0.         0.         0.
  0.18544113 0.         0.        ]
 [0.00254223 0.         0.         0.14490804 0.00392425 0.11540877
  0.         0.         0.         0.         0.         0.16009775
  0.         0.         0.        ]
 [0.         0.         0.         0.31457203 0.2444778  0.2204614
  0.         0.         0.17592517 0.         0.         0.43237191
  0.26112289 0.33887496 0.        ]
 [0.45870388 0.02015662 0.13541677 0.67022521 0.17571835 0.19828654
  0.         0.         0.0445027  0.         0.44399547 0.07275589
  0.53594327 0.         0.25045957]
 [0.         0.         0.         0.         0.03741103 0.18489309
  0.         0.         0.         0.         0.         0.
  0.         0.         0.        ]
 [0.329377   0.63152596 0.40776733 0.43626402 0.28148692 0.49801594
  0.90010849 1.45937375 1.74204563 1.57392304 1.34494058 0.98121149
  0.97911556 1.26610264 1.09586298]]

22
----------------------------------------------------------------------------------
[[0.         0.         0.         0.23723736 0.         0.
  0.         0.         0.         0.         0.         0.
  0.         0.         0.        ]
 [0.         0.         0.         0.06262114 0.         0.
  0.21419254 0.         0.         0.27749033 0.         0.
  0.0777843  0.         0.        ]
 [0.31958755 0.42247729 0.46340257 1.13711057 0.         0.1933213
  0.30349537 0.         0.         0.         0.         0.
  0.         0.03904194 0.27756156]
 [0.         0.         0.         0.08556209 0.         0.
  0.         0.         0.         0.         0.         0.
  0.         0.         0.        ]
 [0.         0.         0.         0.12923711 0.         0.
  0.         0.         0.         0.         0.         0.
  0.         0.         0.        ]
 [0.         0.10471329 0.19916382 0.14720737 0.         0.7453938
  0.27516895 0.         0.         0.         0.         0.
  0.         0.         0.23316154]
 [0.         0.         0.         0.21109492 0.         0.
  0.         0.         0.         0.         0.         0.
  0.         0.14176198 0.        ]
 [0.         0.         0.         0.09468185 0.         0.
  0.         0.         0.         0.         0.         0.
  0.         0.         0.        ]
 [0.         0.         0.         0.06873957 0.         0.
  0.         0.         0.         0.         0.         0.
  0.         0.         0.        ]
 [0.         0.31622675 0.09180508 0.29520405 0.24991299 0.26575112
  0.50812117 0.         0.         0.         0.         0.
  0.         0.         0.38924581]
 [0.         0.         0.         0.         0.         0.
  0.         0.         0.         0.         0.         0.
  0.         0.         0.        ]
 [0.         0.         0.         0.14101675 0.         0.
  0.         0.         0.         0.         0.         0.
  0.         0.         0.        ]
 [0.         0.18776206 0.16815849 0.16071108 0.         0.00402605
  0.         0.         0.0443221  0.         0.         0.15493475
  0.         0.16094663 0.        ]
 [0.06188883 1.10823696 0.38467031 0.11511456 0.         0.
  0.         0.         0.00922797 0.         0.         0.
  0.         0.         0.        ]
 [0.345497   1.42422964 0.6776291  0.2543292  0.         0.
  0.         0.         0.         0.         0.         0.
  0.         0.         0.00810589]
 [0.20261452 0.49376813 0.72050495 0.4536224  0.0315288  0.
  0.24067599 0.28925205 0.16430619 0.         0.         0.
  0.         0.         0.11200894]
 [0.12516908 0.1931753  0.         0.22160774 0.         0.
  0.         0.         0.         0.         0.         0.
  0.         0.         0.        ]
 [0.73460313 0.33818427 0.66749526 0.4486452  0.89026683 0.49933214
  0.47006245 0.90885851 0.84042941 1.28379324 1.81889847 1.89465347
  1.68014095 1.24798864 0.88387265]]

23
----------------------------------------------------------------------------------
[[0.         0.         0.         0.         0.         0.
  0.25535542 0.20442804 0.09490778 0.         0.         0.
  0.02310442 0.         0.        ]
 [0.         0.         0.         0.         0.         0.03034001
  0.24544412 0.12030428 0.09888346 0.23394161 0.47905881 0.00964437
  0.07028349 0.         0.        ]
 [0.32337473 0.         0.20684534 0.         0.35340862 0.37146138
  1.01466887 0.30676172 0.86483473 0.25060067 0.33426223 0.08749163
  0.00624538 0.14875199 0.02745478]
 [0.         0.         0.         0.         0.         0.
  0.00413271 0.18857623 0.         0.         0.         0.
  0.03286248 0.         0.        ]
 [0.         0.         0.         0.         0.         0.03856637
  0.06083432 0.11868544 0.         0.         0.         0.
  0.01014795 0.         0.        ]
 [0.         0.         0.         0.         0.15239697 0.17874819
  0.         0.53489546 0.15892003 0.04682588 0.08350716 0.35519867
  0.40655602 0.         0.05705077]
 [0.         0.         0.         0.         0.00177772 0.
  0.         0.21403668 0.         0.         0.         0.1197095
  0.         0.         0.        ]
 [0.         0.         0.         0.         0.         0.
  0.         0.         0.         0.         0.         0.
  0.         0.         0.        ]
 [0.         0.         0.         0.         0.         0.
  0.         0.07219819 0.         0.         0.         0.
  0.         0.         0.        ]
 [0.02474726 0.         0.         0.         0.         0.
  0.41394387 0.60387892 0.35180174 0.751441   0.37336545 0.2324654
  0.43216277 0.03556625 0.        ]
 [0.         0.         0.         0.         0.         0.05865402
  0.06727594 0.07766333 0.09779406 0.         0.         0.
  0.         0.         0.        ]
 [0.         0.         0.         0.         0.         0.
  0.         0.         0.01038228 0.         0.13665782 0.
  0.         0.01262944 0.        ]
 [0.04665071 0.         0.         0.         0.08213677 0.02178978
  0.33586651 0.21496854 0.17845422 0.30074251 0.17637269 0.33201452
  0.37602552 0.0354644  0.        ]
 [0.09154821 0.         0.         0.         0.         0.
  0.         0.13487541 0.         0.         0.         0.
  0.16449815 0.00113054 0.        ]
 [0.00980413 0.         0.         0.         0.         0.
  0.07115728 0.         0.         0.         0.         0.02253634
  0.27060712 0.21376364 0.        ]
 [0.2559606  0.         0.         0.         0.18542276 0.
  0.30201769 0.23951521 0.15341924 0.03555564 0.13154247 0.26181328
  0.11267522 0.11150868 0.        ]
 [0.         0.         0.         0.         0.         0.
  0.         0.         0.         0.         0.         0.
  0.05131987 0.27692187 0.        ]
 [0.73643192 1.09599515 1.00543541 1.00777057 0.76197644 0.72078882
  0.68924256 0.50684333 0.36576075 0.40669447 0.29745246 0.68710073
  0.40158911 0.56372491 0.66221963]]

24
----------------------------------------------------------------------------------
[[0.00000000e+00 0.00000000e+00 0.00000000e+00 0.00000000e+00
  2.65736936e-01 3.67041944e-01 3.19261815e-01 0.00000000e+00
  0.00000000e+00 3.36051471e-02 5.35812377e-02 2.49761459e-01
  0.00000000e+00 9.38351778e-02 0.00000000e+00]
 [3.86804541e-01 0.00000000e+00 1.61713005e-01 2.93278116e-01
  1.50360804e-01 3.59368586e-01 2.13695728e-01 2.15581919e-01
  0.00000000e+00 1.34761555e-01 2.39698370e-01 0.00000000e+00
  0.00000000e+00 8.14451472e-02 0.00000000e+00]
 [1.13865207e-01 6.06339453e-01 6.20168475e-02 0.00000000e+00
  2.63866411e-01 7.80147695e-01 5.51115112e-01 5.51679034e-01
  1.43953757e-01 2.52433694e-01 5.27301639e-01 3.04986141e-01
  0.00000000e+00 5.89168871e-01 0.00000000e+00]
 [1.75274690e-02 0.00000000e+00 0.00000000e+00 0.00000000e+00
  8.20200123e-02 3.35067653e-01 5.27632491e-02 0.00000000e+00
  0.00000000e+00 1.24698001e-01 7.58353164e-02 4.15106098e-02
  0.00000000e+00 0.00000000e+00 0.00000000e+00]
 [1.28539931e-02 0.00000000e+00 0.00000000e+00 0.00000000e+00
  4.25186602e-02 7.39165121e-01 1.26684285e-01 0.00000000e+00
  0.00000000e+00 1.08465225e-01 1.27135911e-03 7.21680096e-02
  0.00000000e+00 0.00000000e+00 6.08097354e-03]
 [5.08954648e-02 0.00000000e+00 3.43483576e-01 0.00000000e+00
  5.05755822e-01 4.05471682e-01 4.64937700e-01 0.00000000e+00
  0.00000000e+00 6.46801750e-01 2.34146431e-01 2.60583472e-01
  0.00000000e+00 0.00000000e+00 0.00000000e+00]
 [1.76812062e-02 0.00000000e+00 3.17164665e-02 0.00000000e+00
  1.00839847e-01 5.62792177e-01 3.39328951e-01 0.00000000e+00
  0.00000000e+00 3.57876637e-03 5.44176281e-02 1.40106239e-01
  0.00000000e+00 6.02682054e-02 0.00000000e+00]
 [0.00000000e+00 0.00000000e+00 0.00000000e+00 0.00000000e+00
  0.00000000e+00 0.00000000e+00 1.11280184e+00 1.13340387e-02
  7.15088487e-01 7.43073715e-01 3.95869459e-01 1.71064103e-01
  0.00000000e+00 0.00000000e+00 0.00000000e+00]
 [0.00000000e+00 0.00000000e+00 0.00000000e+00 0.00000000e+00
  0.00000000e+00 4.10732507e-01 3.41788828e+00 1.78360718e-01
  1.52936194e+00 2.00290440e+00 9.55352963e-01 3.53531274e-01
  0.00000000e+00 0.00000000e+00 0.00000000e+00]
 [2.48060517e-01 1.66612122e-01 0.00000000e+00 1.96897152e-01
  3.94799581e-01 3.91716055e-01 3.85881638e-01 0.00000000e+00
  0.00000000e+00 2.61954589e-01 6.97638943e-01 6.76877468e-01
  0.00000000e+00 0.00000000e+00 0.00000000e+00]
 [4.06791850e-02 0.00000000e+00 0.00000000e+00 0.00000000e+00
  0.00000000e+00 5.07718311e-01 3.58479597e+00 1.21112681e-01
  5.08596537e-01 2.09177843e+00 1.13579122e+00 4.48669703e-01
  0.00000000e+00 0.00000000e+00 0.00000000e+00]
 [1.28091220e-01 0.00000000e+00 0.00000000e+00 0.00000000e+00
  0.00000000e+00 2.52059583e-01 1.38552413e+00 5.18175732e-01
  6.35767025e-01 1.14542545e+00 4.60405796e-01 2.91899136e-02
  0.00000000e+00 0.00000000e+00 0.00000000e+00]
 [2.75777405e-01 0.00000000e+00 1.98622998e-01 0.00000000e+00
  0.00000000e+00 9.88194566e-02 2.11948324e+00 0.00000000e+00
  8.59967295e-01 1.09805654e+00 8.00940039e-01 1.59935581e-01
  0.00000000e+00 0.00000000e+00 0.00000000e+00]
 [9.33012899e-02 0.00000000e+00 4.64379320e-02 0.00000000e+00
  0.00000000e+00 0.00000000e+00 0.00000000e+00 2.35251987e-01
  0.00000000e+00 6.16049503e-01 0.00000000e+00 5.20138708e-01
  0.00000000e+00 0.00000000e+00 0.00000000e+00]
 [8.86917261e-02 2.45525339e-01 7.79084079e-01 0.00000000e+00
  0.00000000e+00 0.00000000e+00 0.00000000e+00 4.37383181e-01
  0.00000000e+00 1.76401638e+00 1.52161294e-01 5.40963785e-01
  2.78953803e-01 0.00000000e+00 0.00000000e+00]
 [6.68381854e-01 6.88136451e-01 1.55123637e+00 0.00000000e+00
  1.55181885e-01 0.00000000e+00 6.09066409e-01 2.90323767e-01
  5.20525822e-01 4.08585519e-01 2.98163862e-01 7.88189659e-01
  8.53521669e-01 1.00168006e+00 1.70028215e-01]
 [8.47141354e-03 0.00000000e+00 6.29707451e-02 0.00000000e+00
  0.00000000e+00 0.00000000e+00 0.00000000e+00 0.00000000e+00
  0.00000000e+00 1.63624649e-01 0.00000000e+00 0.00000000e+00
  0.00000000e+00 0.00000000e+00 0.00000000e+00]
 [4.95776287e-01 7.90867646e-01 8.83460541e-01 1.30686624e+00
  1.45124484e+00 1.14904133e+00 1.09245461e+00 1.20898594e+00
  9.83177026e-01 4.49371492e-01 3.76305160e-01 5.68333576e-01
  1.48388562e+00 1.72799207e+00 1.98995713e+00]]

25
----------------------------------------------------------------------------------
[[0.         0.         0.         0.         0.         0.
  0.         0.         0.03626948 0.02538084 0.07232744 0.19241805
  0.         0.         0.        ]
 [0.         0.         0.         0.         0.         0.
  0.         0.         0.04428269 0.18659119 0.18412128 0.42998475
  0.0509781  0.         0.        ]
 [0.         0.         0.         0.         0.         0.
  0.         0.         0.         0.310309   0.         0.23344216
  0.28191076 0.         0.        ]
 [0.         0.         0.         0.         0.         0.
  0.         0.         0.         0.19793301 0.         0.14941187
  0.         0.         0.        ]
 [0.         0.         0.         0.         0.         0.
  0.         0.         0.         0.14477565 0.         0.14344696
  0.         0.         0.        ]
 [0.         0.         0.         0.         0.         0.
  0.         0.         0.         0.         0.         0.16811776
  0.01688337 0.         0.        ]
 [0.         0.         0.         0.         0.         0.
  0.         0.         0.03681156 0.06309418 0.         0.1221515
  0.         0.         0.        ]
 [0.         0.         0.         0.         0.         0.
  0.         0.         0.         0.11876749 0.         0.
  0.         0.         0.        ]
 [0.         0.         0.         0.         0.         0.
  0.         0.         0.         0.         0.         0.
  0.         0.         0.        ]
 [0.         0.         0.         0.         0.         0.
  0.         0.         0.         0.         0.         0.
  0.02940738 0.         0.        ]
 [0.         0.         0.         0.         0.         0.
  0.         0.         0.         0.         0.         0.1288887
  0.         0.         0.        ]
 [0.         0.         0.         0.         0.         0.
  0.         0.         0.         0.11330037 0.         0.
  0.00396966 0.         0.        ]
 [0.27144791 0.         0.         0.         0.         0.
  0.         0.16235048 0.04620501 0.         0.         0.02812632
  0.04925594 0.         0.        ]
 [0.         0.4076268  0.         0.         0.         0.
  0.25371167 0.25213432 0.         0.         0.         0.
  0.21391914 0.18810867 0.70465139]
 [0.13204821 0.32298754 0.         0.4608978  0.         0.08284319
  0.43978116 0.04606367 0.         0.         0.         0.30814369
  0.34292205 0.4118584  1.00181139]
 [0.         0.         0.         0.         0.         0.
  0.         0.21674857 0.         0.         0.         0.31973178
  0.32524749 0.         0.        ]
 [0.25701533 0.33329101 0.         0.33994147 0.         0.
  0.25750445 0.         0.         0.         0.         0.
  0.25813345 0.14147642 0.28719972]
 [2.89822308 3.32831112 3.1520115  3.06181393 2.87015371 2.25220292
  1.73268572 1.73388704 1.61523884 1.35506862 1.27864448 0.60833285
  0.38597784 1.72453272 2.67190238]]

25
----------------------------------------------------------------------------------
[[0.         0.        ]
 [0.         0.17188465]
 [0.         0.        ]
 [0.         0.00533238]
 [0.         0.23223236]
 [0.         0.        ]
 [0.         0.        ]
 [0.         0.        ]
 [0.         0.        ]
 [0.         0.        ]
 [0.         0.        ]
 [0.         0.        ]
 [0.         0.11724772]
 [0.         0.        ]
 [0.         0.        ]
 [0.         0.        ]
 [0.         0.        ]
 [3.19015776 2.09610119]]