

1
----------------------------------------------------------------------------------
[[0.         0.         0.         0.         0.06060648 0.19576557
  0.         0.04202433 0.         0.02005561 0.         0.
  0.         0.         0.        ]
 [0.1542496  0.39138627 0.05553282 0.         0.26398248 0.25182957
  0.05264011 0.01482493 0.         0.2228325  0.         0.41383061
  0.04844909 0.1974555  0.        ]
 [0.1861703  0.41595152 0.19930854 0.11120282 0.35383994 0.32510724
  0.23789565 0.04523637 0.15536209 0.21363109 0.05253474 0.25683676
  0.20453656 0.26615439 0.        ]
 [0.         0.         0.         0.         0.         0.06546757
  0.         0.         0.         0.         0.         0.
  0.         0.06015301 0.        ]
 [0.         0.         0.         0.         0.         0.05093495
  0.         0.         0.         0.09446882 0.         0.
  0.         0.         0.        ]
 [0.09326552 0.28410834 0.         0.         0.         0.26211007
  0.09260542 0.26257771 0.09864271 0.         0.         0.2572435
  0.02964369 0.17938398 0.        ]
 [0.         0.06129232 0.         0.         0.1150861  0.09090401
  0.         0.         0.         0.11127868 0.         0.
  0.         0.         0.        ]
 [0.         0.         0.         0.         0.         0.
  0.         0.05397316 0.         0.         0.         0.
  0.         0.00963064 0.        ]
 [0.         0.         0.         0.         0.         0.05247459
  0.         0.         0.         0.         0.         0.
  0.         0.00123004 0.        ]
 [0.         0.4491968  0.         0.05315039 0.17310065 0.07898326
  0.         0.20396932 0.1372744  0.13117514 0.         0.
  0.12452343 0.33761731 0.14401029]
 [0.03102586 0.         0.         0.         0.         0.01024286
  0.         0.         0.         0.         0.         0.
  0.03682041 0.         0.        ]
 [0.         0.01427674 0.05333525 0.         0.         0.13497935
  0.         0.04418115 0.         0.         0.         0.
  0.         0.01595513 0.        ]
 [0.27978933 0.35258324 0.01416332 0.12037773 0.30717192 0.56563035
  0.10848209 0.         0.05695777 0.51909187 0.         0.
  0.30450212 0.08437094 0.25054412]
 [0.         0.         0.         0.         0.28716535 0.18471757
  0.         0.         0.         0.17850839 0.         0.
  0.0507558  0.32201826 0.11328087]
 [0.         0.         0.13851435 0.16831814 0.15366983 0.55605694
  0.         0.32929226 0.06097418 0.28934182 0.         0.
  0.10547536 0.65137952 0.24036711]
 [0.10737865 0.44726197 0.         0.25848788 0.02481295 0.02313135
  0.15975509 0.23769135 0.89633674 0.5528509  0.         0.
  0.37370873 0.40632321 0.40966963]
 [0.         0.         0.         0.         0.16684753 0.32505396
  0.         0.08411152 0.         0.         0.         0.
  0.         0.29618398 0.        ]
 [0.46676699 0.52078315 0.47354621 0.49960657 0.36373139 0.33614326
  0.57243632 0.52919944 0.39826169 0.37909268 0.85906906 0.6699397
  0.5611182  0.24743626 0.62857469]]

2
----------------------------------------------------------------------------------
[[0.00000000e+00 0.00000000e+00 1.58942955e-01 1.16326397e-01
  1.59258028e-02 0.00000000e+00 1.97778857e-01 0.00000000e+00
  6.77509333e-02 4.89119594e-01 1.26660669e-01 2.00687459e-01
  1.33500038e-01 0.00000000e+00 0.00000000e+00]
 [1.15384236e-01 0.00000000e+00 0.00000000e+00 0.00000000e+00
  1.74808672e-01 1.88456201e-01 1.16043553e-01 0.00000000e+00
  1.87091531e-01 4.71853221e-01 2.06592195e-01 1.35364249e-01
  1.71519907e-01 0.00000000e+00 0.00000000e+00]
 [3.42760443e-01 0.00000000e+00 5.47660214e-03 2.76729612e-01
  1.54195049e-01 3.20881842e-01 2.28522374e-01 0.00000000e+00
  3.04215228e-01 5.19502899e-01 2.69694146e-01 8.60532827e-02
  5.48480309e-01 1.46936807e-02 0.00000000e+00]
 [0.00000000e+00 0.00000000e+00 1.57342327e-01 3.12438896e-02
  0.00000000e+00 0.00000000e+00 5.55944266e-02 0.00000000e+00
  0.00000000e+00 3.88293963e-01 1.90405630e-01 3.91157337e-01
  1.28254572e-01 0.00000000e+00 0.00000000e+00]
 [2.39803287e-02 0.00000000e+00 2.71636555e-01 1.30137291e-01
  0.00000000e+00 0.00000000e+00 6.40018442e-02 0.00000000e+00
  7.28092361e-02 3.39409462e-01 1.78034412e-01 3.55207948e-01
  1.13894785e-01 0.00000000e+00 0.00000000e+00]
 [4.02847298e-01 0.00000000e+00 2.02928796e-01 1.64448830e-01
  6.98386120e-02 5.84241929e-01 1.93489533e-01 0.00000000e+00
  4.16818305e-01 1.52124668e-01 3.20424056e-01 1.57088537e-01
  2.74295808e-01 0.00000000e+00 0.00000000e+00]
 [2.11129009e-02 0.00000000e+00 2.44007474e-01 4.12089932e-02
  0.00000000e+00 5.57749931e-02 1.21898900e-01 0.00000000e+00
  1.51480745e-01 2.71450558e-01 1.89410077e-01 9.41657915e-02
  1.63408336e-02 0.00000000e+00 0.00000000e+00]
 [0.00000000e+00 0.00000000e+00 2.35240212e-01 0.00000000e+00
  0.00000000e+00 0.00000000e+00 0.00000000e+00 0.00000000e+00
  0.00000000e+00 2.71985024e-01 7.29729357e-02 2.39984215e+00
  1.66704067e+00 0.00000000e+00 3.81931003e-01]
 [0.00000000e+00 0.00000000e+00 1.86620511e-01 0.00000000e+00
  0.00000000e+00 0.00000000e+00 1.90970593e-03 0.00000000e+00
  8.73842471e-03 1.63967871e-01 0.00000000e+00 3.16760509e+00
  3.04100292e+00 0.00000000e+00 1.52066090e+00]
 [6.42813716e-01 0.00000000e+00 0.00000000e+00 0.00000000e+00
  4.73974129e-01 6.32458890e-01 1.69438384e-02 6.48552815e-02
  5.64118337e-01 5.42004504e-01 2.31538422e-01 6.89059251e-01
  6.96119186e-01 0.00000000e+00 3.68002841e-02]
 [2.31523765e-01 0.00000000e+00 1.50837557e-01 0.00000000e+00
  0.00000000e+00 0.00000000e+00 2.27907447e-02 0.00000000e+00
  1.02976824e-01 3.92386938e-01 0.00000000e+00 2.19854217e+00
  3.29740234e+00 0.00000000e+00 1.40531916e+00]
 [9.42241084e-02 0.00000000e+00 2.92097420e-01 0.00000000e+00
  0.00000000e+00 3.70400623e-03 6.68474272e-02 0.00000000e+00
  0.00000000e+00 6.72318269e-01 3.72252789e-01 7.15803003e-01
  1.29248727e+00 0.00000000e+00 4.14342103e-01]
 [2.21521525e-01 0.00000000e+00 1.85190117e-01 3.97889832e-01
  1.90349796e-02 3.38260547e-01 0.00000000e+00 0.00000000e+00
  1.69927254e-01 2.47577924e-01 4.03249906e-01 2.22508534e+00
  2.02797551e+00 0.00000000e+00 1.16378429e+00]
 [4.46502494e-02 0.00000000e+00 0.00000000e+00 0.00000000e+00
  0.00000000e+00 1.11590076e-01 0.00000000e+00 0.00000000e+00
  1.17956092e+00 6.66983158e-01 7.59156304e-01 5.01145302e-01
  3.16372607e-01 3.18180875e-01 4.93749146e-01]
 [2.55062981e-02 1.55579951e-01 0.00000000e+00 0.00000000e+00
  0.00000000e+00 1.68451886e-01 2.06388288e-01 1.91514844e-01
  2.80920662e+00 4.78739653e-01 3.95218331e-01 5.41494952e-01
  2.62221306e-01 5.75032252e-02 7.29277451e-02]
 [2.31062973e-01 0.00000000e+00 2.51746505e-01 0.00000000e+00
  1.03478431e-01 2.09525539e-01 2.83409405e-01 0.00000000e+00
  3.89982696e-01 2.79428645e-01 8.47274721e-01 3.57872089e-01
  6.59704369e-01 4.75598534e-01 4.81801358e-01]
 [0.00000000e+00 0.00000000e+00 0.00000000e+00 0.00000000e+00
  0.00000000e+00 0.00000000e+00 0.00000000e+00 0.00000000e+00
  1.35872611e-01 5.13857490e-01 5.89216853e-01 6.56124966e-01
  4.97277917e-01 0.00000000e+00 0.00000000e+00]
 [3.80295815e-01 8.99997825e-01 6.11022817e-01 6.73571663e-01
  5.80432473e-01 2.66267876e-01 4.16893839e-01 8.43603973e-01
  4.70737096e-01 4.00946361e-01 4.77224655e-01 4.31238521e-01
  3.65742740e-01 9.18116298e-01 1.15601310e+00]]

3
----------------------------------------------------------------------------------
[[0.00000000e+00 0.00000000e+00 9.19762054e-02 0.00000000e+00
  0.00000000e+00 0.00000000e+00 0.00000000e+00 4.85228997e-02
  0.00000000e+00 0.00000000e+00 0.00000000e+00 0.00000000e+00
  0.00000000e+00 2.82619616e-01 0.00000000e+00]
 [0.00000000e+00 6.49968769e-03 2.47898661e-01 4.63018707e-02
  0.00000000e+00 0.00000000e+00 0.00000000e+00 0.00000000e+00
  1.07578980e-01 3.75348911e-01 0.00000000e+00 9.12069506e-03
  0.00000000e+00 6.30004853e-01 1.55111942e-01]
 [0.00000000e+00 0.00000000e+00 5.03474829e-01 2.64381957e-03
  0.00000000e+00 0.00000000e+00 0.00000000e+00 6.85254301e-03
  0.00000000e+00 1.18355488e-01 0.00000000e+00 0.00000000e+00
  9.92519110e-02 2.39058300e-01 0.00000000e+00]
 [0.00000000e+00 0.00000000e+00 0.00000000e+00 0.00000000e+00
  0.00000000e+00 0.00000000e+00 0.00000000e+00 1.60580108e-01
  0.00000000e+00 0.00000000e+00 0.00000000e+00 0.00000000e+00
  0.00000000e+00 5.58537651e-02 0.00000000e+00]
 [0.00000000e+00 0.00000000e+00 2.65439016e-01 0.00000000e+00
  0.00000000e+00 0.00000000e+00 0.00000000e+00 4.55089222e-02
  6.87263258e-02 0.00000000e+00 0.00000000e+00 0.00000000e+00
  0.00000000e+00 5.73078302e-02 0.00000000e+00]
 [0.00000000e+00 0.00000000e+00 1.66169118e-01 9.10297475e-02
  1.61433441e-01 0.00000000e+00 2.01374220e-02 0.00000000e+00
  0.00000000e+00 0.00000000e+00 0.00000000e+00 0.00000000e+00
  0.00000000e+00 2.38795834e-01 5.85825318e-02]
 [7.77116710e-03 0.00000000e+00 1.77869701e-01 0.00000000e+00
  0.00000000e+00 0.00000000e+00 0.00000000e+00 0.00000000e+00
  0.00000000e+00 0.00000000e+00 0.00000000e+00 0.00000000e+00
  0.00000000e+00 0.00000000e+00 0.00000000e+00]
 [0.00000000e+00 0.00000000e+00 0.00000000e+00 0.00000000e+00
  0.00000000e+00 0.00000000e+00 0.00000000e+00 8.64887165e-03
  0.00000000e+00 0.00000000e+00 0.00000000e+00 0.00000000e+00
  0.00000000e+00 1.97425926e-01 0.00000000e+00]
 [1.99374771e-01 0.00000000e+00 0.00000000e+00 0.00000000e+00
  0.00000000e+00 0.00000000e+00 0.00000000e+00 9.47823017e-02
  0.00000000e+00 0.00000000e+00 0.00000000e+00 0.00000000e+00
  0.00000000e+00 2.88470501e-02 0.00000000e+00]
 [0.00000000e+00 1.93635184e-01 0.00000000e+00 0.00000000e+00
  0.00000000e+00 2.13833187e-01 1.15849836e-01 1.33230794e-02
  0.00000000e+00 0.00000000e+00 0.00000000e+00 0.00000000e+00
  1.97415716e-01 3.44374597e-01 1.96042412e-01]
 [1.50175656e-01 1.28530827e-03 7.08768569e-02 0.00000000e+00
  0.00000000e+00 0.00000000e+00 0.00000000e+00 0.00000000e+00
  0.00000000e+00 0.00000000e+00 0.00000000e+00 0.00000000e+00
  0.00000000e+00 0.00000000e+00 0.00000000e+00]
 [0.00000000e+00 0.00000000e+00 0.00000000e+00 0.00000000e+00
  0.00000000e+00 0.00000000e+00 0.00000000e+00 0.00000000e+00
  0.00000000e+00 0.00000000e+00 0.00000000e+00 3.34165122e-02
  0.00000000e+00 1.42011476e-01 0.00000000e+00]
 [0.00000000e+00 0.00000000e+00 0.00000000e+00 0.00000000e+00
  0.00000000e+00 0.00000000e+00 5.95293209e-02 1.54029798e-01
  0.00000000e+00 0.00000000e+00 0.00000000e+00 0.00000000e+00
  0.00000000e+00 1.05972772e+00 0.00000000e+00]
 [0.00000000e+00 0.00000000e+00 1.81572933e-02 0.00000000e+00
  6.67281887e-02 4.09223923e-01 9.78944655e-01 8.25118466e-02
  0.00000000e+00 0.00000000e+00 0.00000000e+00 2.15580952e+00
  3.46812286e-01 1.00751487e+00 1.65989999e+00]
 [0.00000000e+00 0.00000000e+00 4.59196119e-01 0.00000000e+00
  2.98181224e-01 3.76780163e+00 8.94021532e-01 1.63777691e-01
  0.00000000e+00 0.00000000e+00 0.00000000e+00 5.00640066e-01
  2.42677717e-01 1.44945364e+00 9.91857476e-01]
 [0.00000000e+00 0.00000000e+00 8.55459518e-01 8.07203004e-01
  2.76336894e+00 4.23043837e+00 1.70330079e+00 1.09000952e+00
  0.00000000e+00 0.00000000e+00 0.00000000e+00 9.20352108e-01
  1.00928406e+00 1.13759539e+00 3.75918656e-01]
 [0.00000000e+00 0.00000000e+00 4.59182818e-01 0.00000000e+00
  0.00000000e+00 0.00000000e+00 3.20889094e-02 0.00000000e+00
  0.00000000e+00 0.00000000e+00 0.00000000e+00 0.00000000e+00
  3.50484938e-01 6.91232022e-01 3.51131649e-01]
 [1.20365067e+00 1.09171632e+00 7.97692355e-01 9.78565697e-01
  9.06127891e-01 9.42801776e-01 5.56919739e-01 5.41686600e-01
  6.35309948e-01 9.60948443e-01 1.27973005e+00 9.37547417e-01
  7.64315908e-01 2.29610437e-01 4.85875265e-01]]

4
----------------------------------------------------------------------------------
[[0.00000000e+00 8.29337803e-02 0.00000000e+00 6.66548130e-03
  0.00000000e+00 0.00000000e+00 0.00000000e+00 0.00000000e+00
  0.00000000e+00 0.00000000e+00 0.00000000e+00 0.00000000e+00
  0.00000000e+00 0.00000000e+00 6.04932293e-02]
 [4.46232263e-02 2.31281463e-01 2.00666119e-01 7.35770618e-02
  6.75739586e-02 0.00000000e+00 0.00000000e+00 6.54946938e-02
  0.00000000e+00 0.00000000e+00 0.00000000e+00 3.16107858e-02
  1.24018679e-01 5.16095611e-01 2.84900853e-01]
 [1.29555297e-01 5.08491673e-01 2.64308180e-01 5.53324493e-01
  3.93242017e-02 2.03847530e-01 4.01527116e-01 6.55664703e-01
  0.00000000e+00 0.00000000e+00 3.15535109e-02 3.77895670e-01
  5.59729460e-01 7.28669087e-01 6.93611747e-01]
 [0.00000000e+00 2.60967460e-04 0.00000000e+00 0.00000000e+00
  0.00000000e+00 0.00000000e+00 0.00000000e+00 0.00000000e+00
  0.00000000e+00 0.00000000e+00 0.00000000e+00 0.00000000e+00
  0.00000000e+00 0.00000000e+00 0.00000000e+00]
 [0.00000000e+00 1.25669312e-01 0.00000000e+00 9.55828873e-02
  0.00000000e+00 0.00000000e+00 0.00000000e+00 0.00000000e+00
  0.00000000e+00 0.00000000e+00 0.00000000e+00 0.00000000e+00
  0.00000000e+00 0.00000000e+00 7.66690787e-02]
 [9.91425211e-02 0.00000000e+00 4.05504056e-01 2.17746134e-01
  0.00000000e+00 0.00000000e+00 1.34938368e-01 0.00000000e+00
  0.00000000e+00 0.00000000e+00 0.00000000e+00 0.00000000e+00
  1.59656838e-01 2.86857493e-01 6.04077434e-02]
 [3.12344625e-02 1.06032063e-01 0.00000000e+00 9.54537390e-02
  0.00000000e+00 0.00000000e+00 0.00000000e+00 0.00000000e+00
  0.00000000e+00 0.00000000e+00 3.26703460e-02 0.00000000e+00
  0.00000000e+00 0.00000000e+00 0.00000000e+00]
 [0.00000000e+00 8.26241123e-04 0.00000000e+00 2.12656560e-02
  0.00000000e+00 0.00000000e+00 0.00000000e+00 0.00000000e+00
  0.00000000e+00 0.00000000e+00 0.00000000e+00 0.00000000e+00
  0.00000000e+00 0.00000000e+00 0.00000000e+00]
 [0.00000000e+00 1.04221464e-01 0.00000000e+00 0.00000000e+00
  0.00000000e+00 0.00000000e+00 0.00000000e+00 0.00000000e+00
  0.00000000e+00 0.00000000e+00 0.00000000e+00 0.00000000e+00
  0.00000000e+00 0.00000000e+00 6.92236561e-02]
 [6.87443668e-01 0.00000000e+00 4.28847676e-01 2.31827140e-01
  0.00000000e+00 6.89178907e-02 0.00000000e+00 8.47375169e-02
  0.00000000e+00 0.00000000e+00 1.00979267e-01 0.00000000e+00
  2.74844841e-01 0.00000000e+00 3.30353659e-01]
 [1.76324919e-01 0.00000000e+00 0.00000000e+00 8.16089284e-03
  0.00000000e+00 0.00000000e+00 0.00000000e+00 0.00000000e+00
  0.00000000e+00 0.00000000e+00 0.00000000e+00 0.00000000e+00
  0.00000000e+00 0.00000000e+00 4.45805157e-02]
 [0.00000000e+00 1.18472041e-01 1.48527553e-01 1.00128110e-01
  0.00000000e+00 0.00000000e+00 4.27507400e-02 0.00000000e+00
  0.00000000e+00 0.00000000e+00 0.00000000e+00 0.00000000e+00
  0.00000000e+00 0.00000000e+00 0.00000000e+00]
 [4.16689246e-01 0.00000000e+00 7.91028258e-02 0.00000000e+00
  9.14885970e-02 0.00000000e+00 2.07930980e-01 2.67384504e-01
  0.00000000e+00 0.00000000e+00 0.00000000e+00 0.00000000e+00
  2.94124488e-01 0.00000000e+00 4.14036152e-01]
 [1.44107896e-01 2.92464068e-01 4.50846413e-02 1.25122265e-01
  0.00000000e+00 0.00000000e+00 2.90409493e-02 3.99119248e-01
  2.85748370e-01 3.78822499e-01 5.81068231e-02 0.00000000e+00
  0.00000000e+00 9.77369283e-02 5.34334162e-01]
 [8.22403947e-02 3.18604801e-01 4.45372435e-01 5.85114265e-01
  1.88266999e-01 0.00000000e+00 1.35964712e-01 3.81154547e-01
  1.12146723e+00 3.31937455e-01 0.00000000e+00 0.00000000e+00
  0.00000000e+00 2.02414731e-01 7.97819861e-01]
 [4.38953503e-02 5.14094316e-01 5.23695383e-01 1.10358915e-01
  0.00000000e+00 3.83528899e-01 2.96451555e-01 9.63262868e-01
  1.11248648e+00 2.87743693e-01 0.00000000e+00 1.97540834e-01
  4.97142297e-02 6.07909180e-01 1.09253507e+00]
 [2.52069267e-01 2.93315316e-01 1.63384051e-01 1.18430800e-01
  0.00000000e+00 0.00000000e+00 0.00000000e+00 2.78822853e-01
  2.89691589e-01 6.06084327e-02 0.00000000e+00 0.00000000e+00
  0.00000000e+00 7.71517719e-02 7.70669333e-01]
 [6.28193442e-01 5.71570821e-01 3.69796099e-01 4.49753072e-01
  7.11980762e-01 8.68455545e-01 4.95758904e-01 4.43039461e-01
  1.05080980e+00 7.08116133e-01 7.80284404e-01 8.41363706e-01
  5.08902741e-01 4.72460435e-01 4.53901500e-01]]

5
----------------------------------------------------------------------------------
[[0.00000000e+00 0.00000000e+00 0.00000000e+00 0.00000000e+00
  0.00000000e+00 0.00000000e+00 0.00000000e+00 0.00000000e+00
  0.00000000e+00 0.00000000e+00 0.00000000e+00 0.00000000e+00
  6.52624272e-02 0.00000000e+00 0.00000000e+00]
 [4.27528068e-01 0.00000000e+00 0.00000000e+00 0.00000000e+00
  2.50596513e-01 0.00000000e+00 0.00000000e+00 2.89310281e-01
  4.96021511e-01 3.49469325e-01 0.00000000e+00 0.00000000e+00
  0.00000000e+00 1.12779898e-01 0.00000000e+00]
 [2.11097149e-01 0.00000000e+00 4.01805006e-01 0.00000000e+00
  7.77417713e-01 3.61056568e-01 1.98294147e-01 2.56904584e-01
  3.76491747e-01 2.35209085e-01 5.89531660e-03 0.00000000e+00
  0.00000000e+00 0.00000000e+00 0.00000000e+00]
 [0.00000000e+00 0.00000000e+00 0.00000000e+00 0.00000000e+00
  0.00000000e+00 0.00000000e+00 0.00000000e+00 0.00000000e+00
  0.00000000e+00 0.00000000e+00 0.00000000e+00 0.00000000e+00
  8.45691558e-02 0.00000000e+00 0.00000000e+00]
 [0.00000000e+00 0.00000000e+00 2.58788008e-02 0.00000000e+00
  0.00000000e+00 0.00000000e+00 0.00000000e+00 8.91616920e-02
  2.03978358e-02 0.00000000e+00 0.00000000e+00 0.00000000e+00
  2.21743871e-01 0.00000000e+00 0.00000000e+00]
 [0.00000000e+00 0.00000000e+00 1.63312913e-01 0.00000000e+00
  1.96410829e-01 0.00000000e+00 0.00000000e+00 1.29878213e-01
  0.00000000e+00 0.00000000e+00 0.00000000e+00 0.00000000e+00
  2.73467202e-01 0.00000000e+00 0.00000000e+00]
 [0.00000000e+00 0.00000000e+00 3.79423925e-02 9.64221403e-03
  7.95289310e-02 0.00000000e+00 0.00000000e+00 2.01152549e-01
  0.00000000e+00 0.00000000e+00 0.00000000e+00 0.00000000e+00
  1.51038716e-01 0.00000000e+00 0.00000000e+00]
 [0.00000000e+00 0.00000000e+00 0.00000000e+00 0.00000000e+00
  0.00000000e+00 0.00000000e+00 0.00000000e+00 0.00000000e+00
  0.00000000e+00 0.00000000e+00 0.00000000e+00 0.00000000e+00
  1.41729626e-01 0.00000000e+00 0.00000000e+00]
 [0.00000000e+00 0.00000000e+00 0.00000000e+00 0.00000000e+00
  0.00000000e+00 0.00000000e+00 0.00000000e+00 0.00000000e+00
  0.00000000e+00 0.00000000e+00 0.00000000e+00 0.00000000e+00
  5.53672025e-02 0.00000000e+00 0.00000000e+00]
 [9.69946725e-02 0.00000000e+00 0.00000000e+00 6.59481540e-02
  7.66045746e-02 3.24116891e-01 0.00000000e+00 2.82591894e-01
  1.00661210e-01 1.68272108e-01 0.00000000e+00 3.27873090e-02
  0.00000000e+00 0.00000000e+00 1.08128567e-02]
 [0.00000000e+00 0.00000000e+00 0.00000000e+00 0.00000000e+00
  0.00000000e+00 0.00000000e+00 0.00000000e+00 4.76610795e-02
  0.00000000e+00 0.00000000e+00 0.00000000e+00 0.00000000e+00
  0.00000000e+00 0.00000000e+00 0.00000000e+00]
 [0.00000000e+00 0.00000000e+00 2.14492787e-01 8.88530666e-02
  0.00000000e+00 0.00000000e+00 0.00000000e+00 0.00000000e+00
  6.86147891e-04 0.00000000e+00 0.00000000e+00 0.00000000e+00
  7.41014911e-02 0.00000000e+00 0.00000000e+00]
 [2.30247325e-01 0.00000000e+00 0.00000000e+00 5.53828095e-03
  5.98923502e-02 1.47375703e-01 7.39716640e-02 5.59571990e-01
  2.52576621e-01 2.31968466e-01 0.00000000e+00 0.00000000e+00
  0.00000000e+00 0.00000000e+00 0.00000000e+00]
 [1.01840220e+00 2.11501825e-01 5.13177329e-01 0.00000000e+00
  3.95046200e-02 1.59989872e-01 2.18411243e-01 5.06361690e-01
  9.03395421e-02 0.00000000e+00 0.00000000e+00 0.00000000e+00
  5.38948054e-02 0.00000000e+00 0.00000000e+00]
 [8.09673385e-01 1.06263008e+00 2.17420301e+00 3.62448126e-01
  4.98240311e-01 1.60020550e+00 1.91727203e+00 1.47906183e+00
  7.50872909e-01 0.00000000e+00 0.00000000e+00 0.00000000e+00
  0.00000000e+00 0.00000000e+00 0.00000000e+00]
 [7.89313544e-01 5.32127730e-02 9.21981159e-01 0.00000000e+00
  5.11538747e-01 1.68973962e+00 1.69384489e+00 4.87863850e-01
  1.55890080e-02 0.00000000e+00 0.00000000e+00 3.50880845e-01
  3.78635260e-01 0.00000000e+00 0.00000000e+00]
 [7.72346495e-01 1.27684320e+00 5.32674798e-01 0.00000000e+00
  3.20327730e-01 3.63478399e-01 3.07559034e-01 0.00000000e+00
  0.00000000e+00 0.00000000e+00 0.00000000e+00 0.00000000e+00
  1.34507139e-01 0.00000000e+00 0.00000000e+00]
 [5.32132552e-01 1.36597312e+00 7.87087729e-01 8.53522637e-01
  3.92538749e-01 4.44274152e-01 5.87847755e-01 4.58493226e-01
  5.80791365e-01 7.10352164e-01 7.79605660e-01 8.49386227e-01
  1.00350596e+00 1.18039672e+00 1.10438427e+00]]

6
----------------------------------------------------------------------------------
[[1.13468269e-02 0.00000000e+00 1.71292330e-01 1.51570719e-01
  5.25617750e-02 0.00000000e+00 0.00000000e+00 0.00000000e+00
  5.06638565e-02 3.89869549e-01 0.00000000e+00 9.81542612e-02
  0.00000000e+00 0.00000000e+00 8.13070982e-02]
 [4.70452860e-02 1.72232760e-01 3.95330877e-01 2.91787528e-01
  2.93931373e-01 2.01035991e-01 4.52595966e-02 6.05581859e-02
  2.40327052e-01 4.29773258e-01 0.00000000e+00 3.11587232e-01
  0.00000000e+00 1.16520627e-01 7.38306161e-02]
 [2.47480773e-02 4.32989518e-01 6.50237505e-01 3.79799627e-01
  3.51942394e-01 5.28467676e-01 1.18293276e-01 4.45554715e-01
  3.03121430e-01 1.25334831e+00 3.60462695e-01 9.36958466e-03
  0.00000000e+00 2.06070471e-01 3.83391993e-01]
 [0.00000000e+00 0.00000000e+00 2.59899470e-02 1.41812090e-01
  0.00000000e+00 0.00000000e+00 0.00000000e+00 0.00000000e+00
  4.08276217e-04 1.14453469e-01 0.00000000e+00 0.00000000e+00
  0.00000000e+00 0.00000000e+00 2.14787007e-03]
 [5.11842906e-03 1.03722714e-01 5.88530988e-02 3.53726691e-02
  0.00000000e+00 2.61920477e-03 0.00000000e+00 0.00000000e+00
  0.00000000e+00 5.37878148e-02 0.00000000e+00 1.25113599e-01
  0.00000000e+00 0.00000000e+00 0.00000000e+00]
 [2.46476182e-01 7.14909849e-04 1.46073814e-01 4.06687713e-01
  3.37694986e-01 2.73251074e-01 5.47197668e-02 0.00000000e+00
  1.18849926e-01 4.75949678e-01 0.00000000e+00 2.36371687e-01
  0.00000000e+00 2.58391581e-02 4.12956117e-02]
 [0.00000000e+00 1.36705381e-01 1.01065443e-01 1.40226434e-01
  4.67861903e-02 9.39303053e-02 0.00000000e+00 0.00000000e+00
  0.00000000e+00 1.18484375e-01 0.00000000e+00 2.99707450e-01
  0.00000000e+00 0.00000000e+00 3.58108720e-02]
 [0.00000000e+00 0.00000000e+00 0.00000000e+00 1.32345569e-01
  0.00000000e+00 3.89168517e-02 0.00000000e+00 0.00000000e+00
  0.00000000e+00 1.88630724e-01 0.00000000e+00 1.06895414e-02
  0.00000000e+00 0.00000000e+00 0.00000000e+00]
 [0.00000000e+00 0.00000000e+00 0.00000000e+00 1.31468092e-01
  0.00000000e+00 0.00000000e+00 0.00000000e+00 0.00000000e+00
  0.00000000e+00 1.71410707e-01 0.00000000e+00 1.48882885e-02
  0.00000000e+00 0.00000000e+00 0.00000000e+00]
 [0.00000000e+00 1.65187019e-01 4.11245428e-01 1.16113073e-01
  1.89971179e-01 2.34362692e-01 4.54379220e-01 5.81276656e-02
  1.75624610e-01 1.62188037e-01 0.00000000e+00 4.03087852e-01
  2.99359486e-01 0.00000000e+00 1.42882551e-01]
 [0.00000000e+00 0.00000000e+00 1.03104580e-01 0.00000000e+00
  9.74371894e-02 3.47535104e-02 0.00000000e+00 0.00000000e+00
  6.09468683e-02 2.04833796e-01 0.00000000e+00 2.09209852e-01
  0.00000000e+00 0.00000000e+00 0.00000000e+00]
 [0.00000000e+00 0.00000000e+00 0.00000000e+00 3.17311916e-01
  9.71541980e-03 2.07659576e-02 0.00000000e+00 1.80757533e-01
  1.52676776e-01 1.26684152e-01 0.00000000e+00 5.45693192e-02
  0.00000000e+00 0.00000000e+00 1.80514460e-01]
 [1.44561862e-01 1.79393757e-02 4.65724019e-01 3.49952062e-01
  7.26250042e-01 1.10280923e-01 1.10177282e-01 3.14903106e-02
  1.32913037e-01 3.52772061e-01 0.00000000e+00 0.00000000e+00
  2.09614888e-01 0.00000000e+00 3.13789092e-01]
 [0.00000000e+00 0.00000000e+00 0.00000000e+00 0.00000000e+00
  1.65645537e-01 1.87685022e-01 0.00000000e+00 0.00000000e+00
  1.51886329e-01 0.00000000e+00 0.00000000e+00 9.63764751e-02
  0.00000000e+00 0.00000000e+00 0.00000000e+00]
 [0.00000000e+00 0.00000000e+00 0.00000000e+00 0.00000000e+00
  3.21172206e-01 2.06382471e-01 3.30717912e-02 0.00000000e+00
  1.75534176e-01 4.21573194e-02 0.00000000e+00 1.74158533e-02
  0.00000000e+00 0.00000000e+00 0.00000000e+00]
 [1.62547526e-01 3.10224893e-01 5.81086637e-01 2.86885618e-01
  6.83464152e-02 5.58303314e-02 1.04810435e-01 4.48101676e-02
  4.56478076e-01 1.51609977e-01 0.00000000e+00 0.00000000e+00
  0.00000000e+00 0.00000000e+00 0.00000000e+00]
 [0.00000000e+00 0.00000000e+00 3.14534941e-03 0.00000000e+00
  2.48244333e-01 2.46270422e-01 0.00000000e+00 0.00000000e+00
  1.35319734e-01 4.39344792e-02 0.00000000e+00 0.00000000e+00
  0.00000000e+00 0.00000000e+00 0.00000000e+00]
 [5.07483846e-01 5.14686081e-01 3.70824007e-01 3.11433111e-01
  3.49814275e-01 3.90561011e-01 5.86138520e-01 4.53445691e-01
  2.59403353e-01 2.37893802e-01 8.03938547e-01 8.41135574e-01
  9.90014643e-01 1.04382912e+00 5.10007376e-01]]

7
----------------------------------------------------------------------------------
[[0.00000000e+00 0.00000000e+00 1.97474987e-01 9.26067280e-02
  8.53711958e-02 5.26649590e-03 0.00000000e+00 0.00000000e+00
  0.00000000e+00 1.21699681e-01 0.00000000e+00 0.00000000e+00
  3.60322177e-02 0.00000000e+00 8.28973429e-03]
 [1.91101284e-02 2.26499922e-01 0.00000000e+00 2.57146436e-01
  1.76031077e-01 1.11131015e-02 0.00000000e+00 0.00000000e+00
  0.00000000e+00 8.77795392e-02 3.10664208e-01 1.31844030e-01
  2.04950316e-01 9.63992029e-02 2.17759339e-01]
 [1.73450285e-01 1.93539154e-01 4.26459153e-01 0.00000000e+00
  5.18841565e-01 7.34171762e-01 0.00000000e+00 4.26826985e-01
  0.00000000e+00 1.93807419e-01 0.00000000e+00 0.00000000e+00
  2.24400865e-01 2.14477893e-01 5.82727544e-01]
 [0.00000000e+00 1.08312408e+00 1.08605209e-01 2.87945058e-01
  2.22374311e-01 2.40770920e-01 0.00000000e+00 0.00000000e+00
  0.00000000e+00 0.00000000e+00 0.00000000e+00 0.00000000e+00
  0.00000000e+00 0.00000000e+00 0.00000000e+00]
 [0.00000000e+00 1.16887545e+00 0.00000000e+00 3.08859740e-01
  3.56376802e-01 2.49768075e-01 2.92244107e-02 0.00000000e+00
  1.16239969e-02 0.00000000e+00 0.00000000e+00 0.00000000e+00
  0.00000000e+00 0.00000000e+00 0.00000000e+00]
 [9.51156640e-02 3.09661283e-02 0.00000000e+00 7.20846214e-03
  0.00000000e+00 3.01878843e-01 0.00000000e+00 0.00000000e+00
  0.00000000e+00 3.50233487e-01 0.00000000e+00 9.30542395e-02
  7.45818224e-02 3.63874855e-01 9.18405313e-02]
 [0.00000000e+00 5.61927646e-02 2.00324595e-02 0.00000000e+00
  0.00000000e+00 1.16437586e-01 0.00000000e+00 0.00000000e+00
  5.86559140e-02 6.33847697e-02 0.00000000e+00 0.00000000e+00
  5.30715736e-02 1.99144863e-01 0.00000000e+00]
 [3.60560701e-01 4.83663845e+00 2.94706933e-01 2.49724715e+00
  1.24214297e+00 5.69345196e-01 0.00000000e+00 0.00000000e+00
  0.00000000e+00 0.00000000e+00 0.00000000e+00 0.00000000e+00
  0.00000000e+00 0.00000000e+00 0.00000000e+00]
 [6.59902267e-01 6.21306026e+00 2.10732127e-01 2.99502797e+00
  1.90107002e+00 6.70647695e-01 0.00000000e+00 0.00000000e+00
  0.00000000e+00 0.00000000e+00 0.00000000e+00 0.00000000e+00
  0.00000000e+00 0.00000000e+00 0.00000000e+00]
 [6.98005214e-02 9.09566948e-01 2.78713280e-01 0.00000000e+00
  0.00000000e+00 2.43210204e-01 0.00000000e+00 0.00000000e+00
  0.00000000e+00 0.00000000e+00 0.00000000e+00 0.00000000e+00
  3.18322573e-01 2.67323111e-01 7.02883018e-02]
 [4.77748944e-01 4.52069676e+00 0.00000000e+00 1.16484134e+00
  1.87991652e+00 5.62578866e-01 0.00000000e+00 0.00000000e+00
  0.00000000e+00 0.00000000e+00 0.00000000e+00 0.00000000e+00
  0.00000000e+00 0.00000000e+00 9.22610838e-02]
 [2.00786043e-02 1.17363750e+00 6.03309243e-02 1.10091116e+00
  6.80066547e-01 1.70820422e-01 0.00000000e+00 0.00000000e+00
  0.00000000e+00 0.00000000e+00 0.00000000e+00 0.00000000e+00
  1.36682802e-01 0.00000000e+00 6.84358987e-02]
 [2.45253933e-01 3.25552368e+00 7.79673042e-02 1.34184059e+00
  1.14210436e+00 3.09218781e-01 0.00000000e+00 0.00000000e+00
  1.04409192e-01 1.24800318e-01 0.00000000e+00 2.02093762e-02
  2.91240377e-01 3.24816609e-02 2.49894411e-01]
 [0.00000000e+00 0.00000000e+00 0.00000000e+00 0.00000000e+00
  0.00000000e+00 7.38862895e-01 1.34801326e-01 3.94039988e-02
  2.80052782e-03 5.30362872e-02 0.00000000e+00 0.00000000e+00
  0.00000000e+00 6.93405971e-02 7.60144567e-02]
 [0.00000000e+00 0.00000000e+00 0.00000000e+00 0.00000000e+00
  2.52366767e-01 1.25830855e+00 4.96261610e-01 2.50216917e-01
  0.00000000e+00 1.60920608e-01 0.00000000e+00 0.00000000e+00
  5.03430793e-02 9.87846963e-03 0.00000000e+00]
 [1.96286964e-01 3.37698772e-01 0.00000000e+00 0.00000000e+00
  1.70738770e-02 1.22017081e+00 1.63812361e-01 0.00000000e+00
  2.27112006e-02 6.69776977e-02 0.00000000e+00 0.00000000e+00
  3.29597363e-01 3.30854767e-01 4.83504403e-01]
 [0.00000000e+00 2.39980351e-02 0.00000000e+00 0.00000000e+00
  9.73182329e-02 7.60155801e-01 5.71991427e-01 2.86865414e-01
  0.00000000e+00 1.41459361e-01 0.00000000e+00 0.00000000e+00
  0.00000000e+00 0.00000000e+00 0.00000000e+00]
 [4.68061458e-01 6.31025073e-01 7.43733077e-01 8.04707267e-01
  6.33180602e-01 4.51133454e-01 8.36126120e-01 8.21847333e-01
  6.68894420e-01 6.48677460e-01 7.94362482e-01 5.97463979e-01
  2.16237092e-01 3.55669317e-01 4.87314606e-01]]

8
----------------------------------------------------------------------------------
[[3.39608656e-02 0.00000000e+00 5.12454661e-02 1.46243543e-01
  0.00000000e+00 0.00000000e+00 0.00000000e+00 0.00000000e+00
  4.35151597e-02 0.00000000e+00 9.15992775e-02 0.00000000e+00
  0.00000000e+00 1.29052156e-01 0.00000000e+00]
 [2.77591837e-02 0.00000000e+00 1.04033469e-01 3.52324674e-02
  3.06218591e-01 0.00000000e+00 5.37070867e-02 3.42366279e-01
  6.61353376e-01 1.93614958e-01 2.34956093e-01 0.00000000e+00
  0.00000000e+00 4.65411429e-01 3.01522881e-02]
 [2.25137387e-01 5.00135168e-01 1.88725803e-01 2.56896656e-01
  1.87177138e-01 3.95248832e-01 9.06371978e-02 5.49004892e-01
  3.61652873e-01 6.40136874e-01 4.57415927e-01 0.00000000e+00
  0.00000000e+00 2.40599900e-01 3.91005451e-01]
 [0.00000000e+00 0.00000000e+00 0.00000000e+00 9.78789116e-02
  0.00000000e+00 0.00000000e+00 0.00000000e+00 0.00000000e+00
  0.00000000e+00 0.00000000e+00 5.08155753e-03 0.00000000e+00
  0.00000000e+00 8.42580515e-02 0.00000000e+00]
 [2.26634090e-02 0.00000000e+00 0.00000000e+00 0.00000000e+00
  6.30940980e-02 0.00000000e+00 0.00000000e+00 0.00000000e+00
  0.00000000e+00 0.00000000e+00 0.00000000e+00 0.00000000e+00
  0.00000000e+00 7.57007190e-02 0.00000000e+00]
 [0.00000000e+00 1.24269131e-01 3.87043653e-01 2.73539529e-01
  1.10237640e-02 0.00000000e+00 0.00000000e+00 2.50385480e-01
  2.31871891e-01 2.38992669e-01 5.07912189e-02 1.65626784e-03
  0.00000000e+00 0.00000000e+00 0.00000000e+00]
 [8.38175117e-02 0.00000000e+00 2.04129816e-01 1.31428720e-01
  8.99668512e-02 0.00000000e+00 0.00000000e+00 0.00000000e+00
  1.45174643e-03 0.00000000e+00 5.39963495e-02 0.00000000e+00
  0.00000000e+00 0.00000000e+00 0.00000000e+00]
 [0.00000000e+00 0.00000000e+00 0.00000000e+00 3.98850118e-02
  9.61298391e-02 0.00000000e+00 0.00000000e+00 0.00000000e+00
  3.45932362e-04 0.00000000e+00 0.00000000e+00 0.00000000e+00
  0.00000000e+00 2.47512334e-01 0.00000000e+00]
 [0.00000000e+00 0.00000000e+00 0.00000000e+00 0.00000000e+00
  0.00000000e+00 0.00000000e+00 0.00000000e+00 0.00000000e+00
  0.00000000e+00 0.00000000e+00 0.00000000e+00 0.00000000e+00
  0.00000000e+00 1.15615536e-01 0.00000000e+00]
 [0.00000000e+00 3.58224394e-01 7.11252142e-03 1.86337867e-01
  5.47072650e-01 0.00000000e+00 0.00000000e+00 0.00000000e+00
  2.73115042e-01 0.00000000e+00 2.20587557e-01 0.00000000e+00
  0.00000000e+00 1.32979821e-02 0.00000000e+00]
 [0.00000000e+00 1.09636729e-01 0.00000000e+00 1.45298812e-01
  0.00000000e+00 0.00000000e+00 0.00000000e+00 0.00000000e+00
  0.00000000e+00 0.00000000e+00 0.00000000e+00 0.00000000e+00
  0.00000000e+00 5.59516945e-02 0.00000000e+00]
 [0.00000000e+00 0.00000000e+00 0.00000000e+00 8.34817939e-02
  2.71974876e-02 0.00000000e+00 0.00000000e+00 2.53873056e-02
  1.09299294e-01 0.00000000e+00 7.53612162e-02 0.00000000e+00
  0.00000000e+00 2.09987581e-01 0.00000000e+00]
 [0.00000000e+00 1.73535879e-01 5.03125596e-01 4.72263252e-01
  4.04383527e-02 0.00000000e+00 2.54537383e-02 1.94019670e-01
  3.31082018e-01 1.56033603e-01 3.12877207e-01 3.77543225e-01
  2.65992123e-02 2.49182149e-01 0.00000000e+00]
 [0.00000000e+00 0.00000000e+00 0.00000000e+00 2.11893114e-01
  2.91355498e-02 0.00000000e+00 0.00000000e+00 0.00000000e+00
  0.00000000e+00 1.26836900e-01 0.00000000e+00 0.00000000e+00
  0.00000000e+00 9.37433880e-03 0.00000000e+00]
 [0.00000000e+00 0.00000000e+00 0.00000000e+00 1.33859263e-01
  1.44150430e-01 0.00000000e+00 0.00000000e+00 2.82562929e-02
  0.00000000e+00 0.00000000e+00 3.47422880e-02 0.00000000e+00
  0.00000000e+00 0.00000000e+00 0.00000000e+00]
 [0.00000000e+00 1.35787617e-01 2.26013236e-02 5.15629079e-01
  1.88729095e-01 2.25411490e-01 8.05557463e-02 5.76004976e-01
  1.75188737e-01 2.96016479e-01 4.19817036e-01 1.40966470e-01
  1.22793939e-01 7.59278292e-02 0.00000000e+00]
 [0.00000000e+00 0.00000000e+00 0.00000000e+00 0.00000000e+00
  1.42391489e-01 0.00000000e+00 0.00000000e+00 0.00000000e+00
  0.00000000e+00 0.00000000e+00 0.00000000e+00 0.00000000e+00
  0.00000000e+00 5.10479123e-02 0.00000000e+00]
 [6.21428524e-01 7.30922626e-01 3.94728598e-01 2.75978398e-01
  3.67990784e-01 8.42198805e-01 8.07791306e-01 4.10170998e-01
  2.09336813e-01 6.11385287e-01 4.06044929e-01 5.02791811e-01
  6.07593611e-01 4.99983757e-01 7.89935359e-01]]

9
----------------------------------------------------------------------------------
[[0.00000000e+00 0.00000000e+00 0.00000000e+00 0.00000000e+00
  0.00000000e+00 0.00000000e+00 0.00000000e+00 0.00000000e+00
  0.00000000e+00 0.00000000e+00 1.49293948e-01 8.63821464e-02
  0.00000000e+00 4.06597587e-02 0.00000000e+00]
 [0.00000000e+00 0.00000000e+00 0.00000000e+00 0.00000000e+00
  0.00000000e+00 1.54061245e-01 1.81632466e-01 9.50058351e-02
  1.10135994e-01 0.00000000e+00 4.13723357e-01 1.26352777e-01
  1.65516502e-01 6.51793787e-02 3.74589751e-01]
 [0.00000000e+00 3.88225535e-01 2.97648771e-01 3.21355347e-01
  2.68050636e-02 4.46459274e-01 1.99839972e-02 0.00000000e+00
  6.57174261e-02 1.38518918e-01 4.22846669e-01 1.39326144e-01
  4.29584944e-01 2.35327785e-01 2.84316136e-01]
 [0.00000000e+00 0.00000000e+00 0.00000000e+00 0.00000000e+00
  0.00000000e+00 5.83589987e-02 0.00000000e+00 0.00000000e+00
  2.68361261e-03 0.00000000e+00 6.17787965e-02 6.92568358e-02
  0.00000000e+00 0.00000000e+00 0.00000000e+00]
 [0.00000000e+00 0.00000000e+00 0.00000000e+00 0.00000000e+00
  0.00000000e+00 0.00000000e+00 0.00000000e+00 0.00000000e+00
  0.00000000e+00 0.00000000e+00 4.93106397e-02 1.47442887e-01
  0.00000000e+00 6.41213897e-02 0.00000000e+00]
 [0.00000000e+00 0.00000000e+00 1.96994668e-01 0.00000000e+00
  0.00000000e+00 3.43126080e-01 0.00000000e+00 0.00000000e+00
  3.56689028e-01 4.10718622e-02 1.77107968e-01 1.78484565e-01
  1.88283499e-01 3.60506373e-02 8.44045860e-02]
 [0.00000000e+00 0.00000000e+00 0.00000000e+00 0.00000000e+00
  0.00000000e+00 3.58863756e-02 0.00000000e+00 0.00000000e+00
  0.00000000e+00 0.00000000e+00 0.00000000e+00 6.22975204e-02
  3.64676221e-02 0.00000000e+00 0.00000000e+00]
 [0.00000000e+00 0.00000000e+00 0.00000000e+00 0.00000000e+00
  0.00000000e+00 0.00000000e+00 0.00000000e+00 0.00000000e+00
  3.85458749e-02 0.00000000e+00 0.00000000e+00 3.70396218e-02
  0.00000000e+00 6.17834604e-02 0.00000000e+00]
 [0.00000000e+00 0.00000000e+00 0.00000000e+00 0.00000000e+00
  0.00000000e+00 0.00000000e+00 0.00000000e+00 0.00000000e+00
  0.00000000e+00 0.00000000e+00 8.71543234e-04 1.21251515e-02
  0.00000000e+00 0.00000000e+00 0.00000000e+00]
 [0.00000000e+00 0.00000000e+00 0.00000000e+00 2.12306086e-01
  0.00000000e+00 1.83504245e-01 0.00000000e+00 0.00000000e+00
  3.19085833e-01 1.73618122e-01 2.84265575e-01 0.00000000e+00
  3.01752966e-01 1.58461395e-01 4.72524712e-01]
 [0.00000000e+00 0.00000000e+00 0.00000000e+00 0.00000000e+00
  0.00000000e+00 7.42737587e-03 0.00000000e+00 0.00000000e+00
  0.00000000e+00 0.00000000e+00 4.97031753e-02 0.00000000e+00
  0.00000000e+00 0.00000000e+00 0.00000000e+00]
 [0.00000000e+00 0.00000000e+00 0.00000000e+00 1.94452550e-02
  0.00000000e+00 0.00000000e+00 0.00000000e+00 0.00000000e+00
  1.15394716e-01 0.00000000e+00 4.64080505e-02 2.51186310e-01
  9.88817250e-02 0.00000000e+00 0.00000000e+00]
 [0.00000000e+00 0.00000000e+00 0.00000000e+00 2.55495211e-01
  0.00000000e+00 3.14611726e-01 1.83520503e-01 0.00000000e+00
  3.04383395e-01 4.83195610e-01 2.51103678e-01 6.19089941e-02
  1.33363563e-01 0.00000000e+00 1.44491525e-01]
 [0.00000000e+00 0.00000000e+00 0.00000000e+00 0.00000000e+00
  0.00000000e+00 0.00000000e+00 0.00000000e+00 0.00000000e+00
  3.87271993e-01 1.07969420e-01 3.29382556e-01 2.89120878e-01
  0.00000000e+00 0.00000000e+00 2.64754374e-01]
 [0.00000000e+00 2.00091620e-02 0.00000000e+00 0.00000000e+00
  0.00000000e+00 0.00000000e+00 0.00000000e+00 0.00000000e+00
  5.23981030e-01 5.20404958e-01 8.64215549e-01 4.21094056e-01
  0.00000000e+00 0.00000000e+00 4.98354653e-01]
 [0.00000000e+00 7.56760565e-02 3.40397950e-01 0.00000000e+00
  0.00000000e+00 3.12859902e-01 2.92357886e-01 2.52396282e-01
  1.34679398e+00 7.45018621e-01 1.05216225e+00 7.25949290e-01
  3.07675407e-01 1.78755078e-01 7.20136513e-01]
 [0.00000000e+00 0.00000000e+00 0.00000000e+00 0.00000000e+00
  0.00000000e+00 0.00000000e+00 0.00000000e+00 0.00000000e+00
  2.99316540e-01 1.43922288e-01 3.18530221e-01 3.07079696e-01
  1.05363395e-01 0.00000000e+00 2.49265719e-03]
 [9.66898769e-01 6.66349422e-01 6.46112287e-01 7.79823829e-01
  1.22227222e+00 4.20908664e-01 5.03970249e-01 5.25520072e-01
  4.41566170e-01 5.50576054e-01 2.95612668e-01 5.23746546e-01
  4.85687760e-01 5.36528487e-01 5.26821477e-01]]

10
----------------------------------------------------------------------------------
[[0.         0.         0.15487195 0.         0.         0.
  0.05654636 0.07977876 0.         0.         0.02638995 0.
  0.         0.08122412 0.        ]
 [0.         0.         0.1243812  0.22786443 0.         0.
  0.1786637  0.1797574  0.         0.0122927  0.3689147  0.13415887
  0.16031098 0.26024584 0.        ]
 [0.11168261 0.10173124 0.44638719 0.29272879 0.32876774 0.11809656
  0.46670029 0.36228613 0.         0.19186599 0.50351262 0.27148719
  0.         0.45824515 0.        ]
 [0.         0.         0.         0.         0.         0.
  0.06409294 0.06172345 0.         0.         0.         0.
  0.         0.03529517 0.        ]
 [0.         0.         0.         0.00425276 0.         0.
  0.         0.04278342 0.         0.02370206 0.         0.
  0.         0.01334228 0.        ]
 [0.         0.09416499 0.17344138 0.21620097 0.10224128 0.
  0.55554546 0.20695276 0.         0.35837038 0.11209559 0.22649892
  0.182838   0.14243991 0.        ]
 [0.         0.         0.         0.07149967 0.         0.
  0.         0.20739876 0.         0.02862776 0.18230317 0.
  0.         0.08527103 0.        ]
 [0.         0.         0.         0.         0.         0.
  0.11613616 0.         0.         0.         0.         0.
  0.         0.         0.        ]
 [0.         0.         0.         0.         0.         0.
  0.06113113 0.07258817 0.         0.         0.09159742 0.
  0.         0.         0.        ]
 [0.18555485 0.         0.20715468 0.08445814 0.24740665 0.
  0.20266642 0.27820374 0.         0.         0.38571522 0.41135664
  0.30329013 0.         0.        ]
 [0.         0.         0.13925029 0.20831346 0.         0.
  0.11381359 0.         0.         0.         0.07754969 0.
  0.         0.03321707 0.        ]
 [0.01668381 0.         0.         0.04793656 0.03120892 0.
  0.21731682 0.26314145 0.         0.         0.11439379 0.
  0.         0.         0.        ]
 [0.16640649 0.15435372 0.47652931 0.23709114 0.33447863 0.16643831
  0.06356087 0.30739696 0.06171393 0.32251053 0.26411075 0.29717818
  0.         0.04252236 0.        ]
 [0.         0.         0.         0.         0.07939045 0.
  0.226551   0.         0.         0.         0.         0.
  0.         0.01117383 0.        ]
 [0.25296839 0.14263629 0.06303732 0.09563087 0.11323601 0.
  0.32568649 0.08474321 0.         0.         0.07222289 0.03906418
  0.         0.0793669  0.        ]
 [0.10670998 0.47957008 0.44290224 0.29737876 0.27968218 0.
  0.94722822 1.06352407 0.08337725 0.05372688 0.22392896 0.3564792
  0.01953403 0.40285564 0.00842077]
 [0.         0.         0.         0.         0.         0.
  0.24542513 0.01998399 0.         0.         0.         0.
  0.         0.         0.        ]
 [0.52678319 0.65867067 0.40904286 0.3083269  0.3806911  0.72020015
  0.32708571 0.32313077 0.95101163 0.64265999 0.41568154 0.52989508
  0.51489603 0.55650105 1.19400245]]

11
----------------------------------------------------------------------------------
[[1.87317748e-01 1.96198155e-01 3.43166716e-02 0.00000000e+00
  2.06803475e-02 0.00000000e+00 0.00000000e+00 4.85338682e-02
  0.00000000e+00 3.83479081e-01 0.00000000e+00 0.00000000e+00
  1.31969180e-01 0.00000000e+00 0.00000000e+00]
 [3.44071685e-01 2.36341663e-01 2.07469904e-01 3.44024481e-02
  9.92101129e-02 5.34475208e-02 0.00000000e+00 3.73246626e-02
  0.00000000e+00 6.84592978e-02 9.63206686e-02 5.97960167e-01
  2.66484282e-01 0.00000000e+00 2.62678281e-01]
 [3.49788996e-01 2.57001281e-01 4.07930800e-01 4.32100777e-01
  2.41226130e-01 6.26666229e-02 0.00000000e+00 0.00000000e+00
  2.81143928e-01 7.56311173e-01 1.97094219e-01 4.39994945e-01
  3.02860622e-01 3.83527233e-01 3.34027487e-01]
 [5.71029737e-02 0.00000000e+00 2.68345954e-02 0.00000000e+00
  1.15370105e-02 0.00000000e+00 0.00000000e+00 9.94869730e-02
  0.00000000e+00 3.12083395e-02 0.00000000e+00 5.51460411e-02
  0.00000000e+00 0.00000000e+00 0.00000000e+00]
 [8.50808959e-02 0.00000000e+00 4.26013135e-02 0.00000000e+00
  1.29603433e-01 0.00000000e+00 0.00000000e+00 2.52764619e-02
  0.00000000e+00 2.86528146e-02 0.00000000e+00 2.08687198e-01
  0.00000000e+00 6.73605634e-02 0.00000000e+00]
 [2.96561576e-01 2.43006780e-01 1.15888077e-01 0.00000000e+00
  1.25053499e-01 8.51006343e-02 1.32788677e-03 5.72436644e-02
  8.36861382e-02 1.27992587e-01 0.00000000e+00 0.00000000e+00
  3.57257037e-02 3.42831048e-02 1.80434803e-01]
 [1.99842585e-01 4.66668170e-02 3.99472390e-02 0.00000000e+00
  1.25453321e-01 0.00000000e+00 0.00000000e+00 5.10009672e-02
  0.00000000e+00 1.84054974e-02 0.00000000e+00 1.13450607e-01
  0.00000000e+00 1.31272250e-01 0.00000000e+00]
 [6.70136819e-02 0.00000000e+00 0.00000000e+00 0.00000000e+00
  0.00000000e+00 0.00000000e+00 0.00000000e+00 6.25224784e-02
  0.00000000e+00 2.16019977e-03 0.00000000e+00 0.00000000e+00
  1.05837141e-02 0.00000000e+00 0.00000000e+00]
 [2.10063020e-02 0.00000000e+00 0.00000000e+00 0.00000000e+00
  0.00000000e+00 0.00000000e+00 0.00000000e+00 8.59960823e-02
  0.00000000e+00 0.00000000e+00 0.00000000e+00 0.00000000e+00
  0.00000000e+00 0.00000000e+00 0.00000000e+00]
 [2.06236902e-01 8.00342620e-02 2.30125177e-01 2.17378596e-02
  2.93052727e-01 0.00000000e+00 7.91555292e-02 3.21049010e-01
  2.12755430e-01 2.70856562e-01 0.00000000e+00 0.00000000e+00
  1.07436522e-01 1.82464809e-01 1.29114206e-01]
 [2.64371911e-01 0.00000000e+00 5.72346946e-02 0.00000000e+00
  0.00000000e+00 1.81155212e-02 0.00000000e+00 3.24478233e-02
  0.00000000e+00 0.00000000e+00 0.00000000e+00 0.00000000e+00
  4.20982918e-02 4.86828560e-02 8.28659482e-02]
 [8.43297286e-02 4.42870725e-02 3.78311965e-02 4.99879470e-02
  0.00000000e+00 0.00000000e+00 0.00000000e+00 0.00000000e+00
  0.00000000e+00 1.66375845e-01 0.00000000e+00 0.00000000e+00
  0.00000000e+00 1.52285858e-01 0.00000000e+00]
 [1.81845182e-01 4.91583448e-01 1.60046897e-01 3.70957936e-01
  2.10145340e-01 5.76721488e-01 0.00000000e+00 3.02618723e-01
  2.52701599e-01 2.73098496e-01 0.00000000e+00 6.40170816e-01
  4.52950020e-01 3.15554543e-01 1.03402670e-01]
 [5.24744686e-02 8.76229603e-02 1.36236567e-02 0.00000000e+00
  5.06596569e-02 0.00000000e+00 0.00000000e+00 2.41336411e-01
  0.00000000e+00 2.38448679e-01 2.18561495e-01 1.96319377e-01
  4.83158022e-01 1.58472111e+00 4.23021243e-01]
 [1.80777200e-01 3.52422599e-02 0.00000000e+00 0.00000000e+00
  2.06642040e-01 1.76561936e-01 2.96870313e-01 6.72990463e-01
  1.18682080e-01 3.71847081e-01 1.18108840e-01 2.35262155e-02
  1.37018356e+00 2.80468872e+00 1.20523364e+00]
 [3.70461361e-01 3.99109833e-01 1.88389237e-01 5.32199834e-02
  3.19111859e-01 3.39163895e-01 2.54765923e-01 5.46188790e-01
  4.02954682e-01 5.07349296e-01 2.10068188e-01 5.14867787e-03
  5.35726052e-01 7.48730670e-01 7.67797025e-01]
 [1.59622773e-01 0.00000000e+00 2.53477756e-02 0.00000000e+00
  3.92621962e-01 0.00000000e+00 1.15720215e-01 1.85099833e-01
  1.30872170e-01 1.53886853e-01 1.14639558e-01 2.66846927e-01
  0.00000000e+00 6.98717773e-01 1.03714333e+00]
 [2.71149411e-01 2.18592784e-01 2.74876578e-01 4.59503509e-01
  3.12289073e-01 3.97223911e-01 4.92119902e-01 4.05457785e-01
  3.32444443e-01 2.54197566e-01 5.94861567e-01 5.36455581e-01
  5.06575932e-01 5.70177950e-01 4.38727590e-01]]

12
----------------------------------------------------------------------------------
[[0.00000000e+00 6.02818397e-02 0.00000000e+00 1.02821102e-01
  5.17571209e-02 0.00000000e+00 3.35631876e-02 0.00000000e+00
  1.20041143e-01 0.00000000e+00 1.89876613e-01 4.00235786e-02
  0.00000000e+00 0.00000000e+00 1.22330902e-01]
 [1.99424619e-01 1.89296908e-01 1.49699002e-01 3.37565540e-01
  4.95587960e-01 1.12285005e-01 9.76939378e-02 0.00000000e+00
  4.76884555e-01 0.00000000e+00 1.75946907e-01 2.56344529e-01
  2.32184264e-01 0.00000000e+00 5.35063110e-01]
 [2.08550773e-01 7.03565029e-01 4.69305016e-01 4.94496217e-01
  5.43635188e-01 1.90355660e-01 1.51438415e-03 2.22301483e-02
  2.55814851e-01 1.22826661e-01 3.45277811e-01 4.71154413e-01
  1.98031303e-01 0.00000000e+00 3.26268851e-01]
 [0.00000000e+00 6.22488181e-02 5.46304637e-01 2.94770395e-01
  1.02578034e-02 0.00000000e+00 1.91279353e-01 0.00000000e+00
  2.17011911e-01 0.00000000e+00 2.29821736e-01 8.90820654e-02
  0.00000000e+00 0.00000000e+00 1.66818987e-01]
 [0.00000000e+00 9.19217988e-02 1.82666827e-01 2.40892089e-01
  1.38161840e-03 0.00000000e+00 5.14455207e-02 0.00000000e+00
  3.44522890e-01 0.00000000e+00 2.93858954e-01 1.65567707e-01
  0.00000000e+00 0.00000000e+00 5.50990044e-02]
 [3.32425922e-01 2.54606624e-01 4.09554469e-01 3.74813893e-01
  2.25289315e-01 2.17008326e-01 2.66044527e-01 7.81947603e-02
  0.00000000e+00 1.64592125e-01 0.00000000e+00 4.76283102e-02
  2.42512422e-01 0.00000000e+00 5.76216461e-01]
 [3.28922875e-02 1.55728720e-01 0.00000000e+00 4.61005107e-02
  0.00000000e+00 6.59965078e-02 4.26427886e-02 0.00000000e+00
  3.03289500e-01 0.00000000e+00 0.00000000e+00 6.98529735e-02
  8.17861730e-02 0.00000000e+00 1.11832121e-01]
 [0.00000000e+00 1.54815320e-01 2.18797264e+00 2.40812633e+00
  3.38382784e-01 6.63347038e-01 1.18184344e+00 8.56320921e-01
  4.66722130e-01 0.00000000e+00 2.93125276e-01 4.48250018e-02
  0.00000000e+00 0.00000000e+00 1.30678927e-01]
 [0.00000000e+00 3.58632804e-01 3.75803538e+00 4.15023458e+00
  6.83527973e-01 7.34256398e-01 1.99369129e+00 1.48736166e+00
  8.53028976e-01 1.89324742e-02 3.14172303e-01 1.22197941e-01
  0.00000000e+00 0.00000000e+00 2.81183734e-01]
 [7.82344349e-02 3.21401403e-01 3.12409639e-01 4.79389394e-01
  2.50296894e-01 2.09908804e-01 2.18095648e-01 2.18799315e-01
  9.68351971e-02 0.00000000e+00 0.00000000e+00 1.60667776e-01
  0.00000000e+00 8.37618228e-01 6.28155507e-01]
 [0.00000000e+00 2.48043920e-01 4.27178487e+00 4.25459649e+00
  7.25465719e-01 2.34698690e-01 1.29742471e+00 1.88168086e+00
  9.16076114e-01 2.74794660e-01 2.28993262e-01 1.37931851e-01
  5.38003794e-02 0.00000000e+00 2.88327015e-01]
 [0.00000000e+00 9.54516786e-02 7.63639213e-01 1.77470141e+00
  2.79432228e-01 3.85497843e-01 8.01081937e-01 1.10507188e+00
  3.04661805e-01 0.00000000e+00 1.65488437e-02 9.54077203e-02
  0.00000000e+00 0.00000000e+00 1.58975233e-01]
 [5.52366520e-01 3.43788874e-01 8.34299069e-01 3.15682907e+00
  6.72045805e-01 9.45970828e-01 1.59265311e+00 1.53480145e+00
  7.62126439e-02 1.16045671e-01 1.86640082e-01 2.63924488e-01
  1.05202129e-02 0.00000000e+00 4.17560538e-01]
 [2.74571611e-02 1.67399391e-01 9.97661087e-02 2.20695346e-01
  1.68301883e-01 2.29506791e-01 2.82818241e-01 1.58379369e-01
  0.00000000e+00 0.00000000e+00 0.00000000e+00 0.00000000e+00
  0.00000000e+00 0.00000000e+00 1.43714624e-01]
 [3.15482721e-01 3.47915743e-01 6.19828846e-01 6.43296217e-01
  6.52379873e-01 4.80786278e-01 4.98530201e-01 2.45622146e-01
  4.29705141e-02 0.00000000e+00 0.00000000e+00 0.00000000e+00
  0.00000000e+00 0.00000000e+00 1.09381141e-01]
 [2.96493498e-01 2.73894890e-01 4.08620256e-01 5.72057676e-01
  7.31637351e-01 2.15448478e-01 4.01274541e-01 1.68014075e-01
  1.58297052e-01 0.00000000e+00 6.69166015e-02 2.87529394e-01
  6.00739983e-02 0.00000000e+00 8.55534052e-02]
 [1.65806409e-01 7.96553024e-02 1.23972363e-01 3.25675986e-01
  3.24384854e-01 1.20532789e-01 4.87545570e-01 1.86492717e-01
  1.13500456e-01 0.00000000e+00 1.52835444e-01 0.00000000e+00
  0.00000000e+00 0.00000000e+00 1.31951992e-01]
 [2.24616114e-01 1.83353252e-01 3.17930651e-01 2.64159003e-01
  2.57293832e-01 3.70529878e-01 2.70844864e-01 5.26433549e-01
  7.01946521e-01 8.48258256e-01 6.93966191e-01 5.85461887e-01
  4.17784884e-01 8.92681782e-01 2.31165240e-01]]

13
----------------------------------------------------------------------------------
[[1.84516609e-01 0.00000000e+00 1.48021547e-01 0.00000000e+00
  8.90701504e-02 0.00000000e+00 2.89667868e-02 0.00000000e+00
  0.00000000e+00 6.69205153e-02 8.37826945e-02 0.00000000e+00
  0.00000000e+00 0.00000000e+00 0.00000000e+00]
 [3.36156461e-01 6.49704167e-03 3.33053538e-01 2.56245182e-01
  2.80942409e-01 1.58783284e-02 4.25617522e-01 0.00000000e+00
  6.47294592e-02 0.00000000e+00 1.99960711e-01 0.00000000e+00
  3.07876722e-01 1.69159383e-01 4.10736357e-01]
 [6.79713949e-01 7.83900804e-01 4.31104282e-01 4.97429509e-01
  9.00849410e-01 0.00000000e+00 4.98086655e-02 0.00000000e+00
  1.38039585e-01 4.54324977e-02 4.11133287e-01 1.20480682e-01
  2.97353151e-01 4.47722485e-01 5.16438107e-01]
 [3.88821979e-02 2.77624647e-02 0.00000000e+00 0.00000000e+00
  0.00000000e+00 0.00000000e+00 0.00000000e+00 0.00000000e+00
  0.00000000e+00 0.00000000e+00 0.00000000e+00 0.00000000e+00
  0.00000000e+00 0.00000000e+00 1.41825533e-02]
 [1.92495158e-02 0.00000000e+00 0.00000000e+00 0.00000000e+00
  0.00000000e+00 1.99084399e-02 0.00000000e+00 0.00000000e+00
  2.93734423e-02 5.80235182e-04 7.54363350e-03 0.00000000e+00
  0.00000000e+00 0.00000000e+00 0.00000000e+00]
 [2.00974502e-01 1.88096373e-01 2.93903324e-01 0.00000000e+00
  5.87690437e-01 0.00000000e+00 6.49491123e-02 2.34021757e-02
  2.96400547e-02 0.00000000e+00 0.00000000e+00 0.00000000e+00
  0.00000000e+00 1.41482963e-01 2.47260588e-01]
 [2.94998707e-02 0.00000000e+00 4.58935110e-02 0.00000000e+00
  6.30110517e-02 2.98642531e-02 0.00000000e+00 0.00000000e+00
  1.01795307e-01 6.11033568e-02 0.00000000e+00 0.00000000e+00
  0.00000000e+00 1.26249409e-01 0.00000000e+00]
 [1.54087904e-02 0.00000000e+00 0.00000000e+00 0.00000000e+00
  0.00000000e+00 0.00000000e+00 1.59297004e-01 0.00000000e+00
  0.00000000e+00 0.00000000e+00 0.00000000e+00 0.00000000e+00
  0.00000000e+00 0.00000000e+00 1.65241528e-01]
 [0.00000000e+00 0.00000000e+00 0.00000000e+00 0.00000000e+00
  0.00000000e+00 0.00000000e+00 0.00000000e+00 0.00000000e+00
  0.00000000e+00 0.00000000e+00 0.00000000e+00 0.00000000e+00
  0.00000000e+00 0.00000000e+00 4.36370073e-02]
 [2.23137725e-01 4.79932402e-01 2.97761602e-01 3.82466803e-01
  9.23622988e-01 8.80994406e-02 4.60340129e-03 0.00000000e+00
  0.00000000e+00 0.00000000e+00 0.00000000e+00 0.00000000e+00
  0.00000000e+00 1.26304619e-01 5.59357923e-01]
 [5.99394898e-02 0.00000000e+00 0.00000000e+00 0.00000000e+00
  4.83755619e-02 0.00000000e+00 1.35140056e-01 0.00000000e+00
  0.00000000e+00 0.00000000e+00 0.00000000e+00 0.00000000e+00
  0.00000000e+00 0.00000000e+00 1.45934421e-01]
 [3.27723680e-01 7.78354301e-02 1.69954492e-01 0.00000000e+00
  0.00000000e+00 0.00000000e+00 7.28289066e-03 0.00000000e+00
  0.00000000e+00 0.00000000e+00 1.18727216e-01 0.00000000e+00
  0.00000000e+00 9.86058110e-02 1.21895623e-01]
 [2.46747973e-01 6.48354093e-01 3.79754961e-01 0.00000000e+00
  7.60830454e-02 7.17772006e-02 3.10439882e-01 4.17114106e-01
  1.74440565e-01 0.00000000e+00 0.00000000e+00 0.00000000e+00
  1.35008131e-01 1.13277540e-01 0.00000000e+00]
 [0.00000000e+00 0.00000000e+00 0.00000000e+00 0.00000000e+00
  0.00000000e+00 0.00000000e+00 9.89504085e-02 0.00000000e+00
  8.54527958e-02 0.00000000e+00 0.00000000e+00 0.00000000e+00
  0.00000000e+00 0.00000000e+00 1.06749804e-01]
 [3.53410125e-02 0.00000000e+00 0.00000000e+00 0.00000000e+00
  0.00000000e+00 0.00000000e+00 0.00000000e+00 0.00000000e+00
  3.34420573e-03 0.00000000e+00 0.00000000e+00 0.00000000e+00
  0.00000000e+00 0.00000000e+00 2.69256381e-01]
 [3.53664022e-01 2.16023658e-01 1.11953677e-01 1.52111010e-01
  2.24411604e-01 9.25948024e-02 1.93288710e-01 0.00000000e+00
  1.71766428e-01 0.00000000e+00 1.16409704e-01 0.00000000e+00
  2.24466248e-01 3.17545663e-01 4.34186279e-01]
 [2.91553733e-02 0.00000000e+00 0.00000000e+00 0.00000000e+00
  0.00000000e+00 0.00000000e+00 4.17465106e-02 0.00000000e+00
  6.40190203e-02 0.00000000e+00 0.00000000e+00 0.00000000e+00
  0.00000000e+00 0.00000000e+00 0.00000000e+00]
 [1.59097423e-01 3.03465159e-01 2.46963265e-01 5.05702182e-01
  2.40156061e-01 6.36695853e-01 3.12170912e-01 5.85187993e-01
  8.86702668e-01 1.17189183e+00 9.91850298e-01 1.05090082e+00
  6.73944465e-01 3.41684527e-01 3.61122365e-01]]

14
----------------------------------------------------------------------------------
[[0.00000000e+00 0.00000000e+00 0.00000000e+00 0.00000000e+00
  1.01550152e-01 0.00000000e+00 1.78021020e-01 0.00000000e+00
  0.00000000e+00 0.00000000e+00 0.00000000e+00 0.00000000e+00
  4.34742335e-02 0.00000000e+00 9.75802261e-03]
 [5.39625548e-02 1.47566145e-01 3.10650648e-01 1.04540070e-01
  4.17766712e-01 0.00000000e+00 4.21780435e-01 0.00000000e+00
  5.97176110e-02 2.39423321e-02 0.00000000e+00 0.00000000e+00
  5.55650618e-02 2.73801222e-02 1.88750383e-01]
 [2.81791822e-02 0.00000000e+00 3.44898634e-01 3.97736041e-01
  2.14224538e-01 0.00000000e+00 6.80236853e-01 0.00000000e+00
  5.59466217e-01 1.16394917e-01 4.46571028e-02 4.26592986e-01
  6.94944881e-01 2.12243687e-01 9.03949949e-02]
 [0.00000000e+00 0.00000000e+00 0.00000000e+00 1.65847645e-02
  2.31412603e-02 0.00000000e+00 8.78604417e-03 0.00000000e+00
  0.00000000e+00 0.00000000e+00 0.00000000e+00 0.00000000e+00
  0.00000000e+00 0.00000000e+00 1.64665258e-02]
 [0.00000000e+00 0.00000000e+00 0.00000000e+00 5.86338892e-02
  0.00000000e+00 0.00000000e+00 5.47029406e-02 0.00000000e+00
  0.00000000e+00 0.00000000e+00 0.00000000e+00 0.00000000e+00
  0.00000000e+00 0.00000000e+00 7.86627649e-02]
 [0.00000000e+00 1.52571397e-02 1.89211923e-01 2.83616473e-01
  9.83688988e-02 0.00000000e+00 1.01794536e-01 0.00000000e+00
  1.10062805e-01 1.69157103e-02 1.47435213e-01 1.44430695e-01
  0.00000000e+00 1.59006543e-01 9.89562234e-02]
 [0.00000000e+00 1.12655507e-01 0.00000000e+00 1.03329143e-01
  9.01672579e-02 0.00000000e+00 4.92132863e-02 0.00000000e+00
  0.00000000e+00 5.38987881e-04 0.00000000e+00 1.64120639e-01
  0.00000000e+00 9.45327832e-04 0.00000000e+00]
 [0.00000000e+00 0.00000000e+00 5.02369470e-02 0.00000000e+00
  2.47368922e-02 0.00000000e+00 0.00000000e+00 0.00000000e+00
  0.00000000e+00 0.00000000e+00 0.00000000e+00 0.00000000e+00
  0.00000000e+00 0.00000000e+00 3.39295117e-02]
 [0.00000000e+00 0.00000000e+00 0.00000000e+00 3.89648275e-02
  0.00000000e+00 0.00000000e+00 0.00000000e+00 0.00000000e+00
  0.00000000e+00 0.00000000e+00 0.00000000e+00 0.00000000e+00
  0.00000000e+00 0.00000000e+00 0.00000000e+00]
 [3.89235579e-01 2.03832577e-03 0.00000000e+00 3.40047613e-01
  2.14748196e-01 0.00000000e+00 2.93107771e-01 0.00000000e+00
  4.76789056e-01 1.09968539e-01 2.16569987e-01 2.93635437e-03
  1.95722518e-01 3.65161077e-01 2.84671993e-01]
 [0.00000000e+00 0.00000000e+00 0.00000000e+00 1.18055237e-01
  0.00000000e+00 0.00000000e+00 9.49911443e-03 0.00000000e+00
  0.00000000e+00 0.00000000e+00 0.00000000e+00 0.00000000e+00
  7.48403651e-02 0.00000000e+00 0.00000000e+00]
 [0.00000000e+00 0.00000000e+00 0.00000000e+00 2.39640158e-01
  0.00000000e+00 1.00980189e-01 3.26007297e-02 0.00000000e+00
  4.46066026e-02 0.00000000e+00 3.78509597e-02 3.32900501e-01
  3.20872491e-02 2.07865872e-02 1.42285065e-01]
 [0.00000000e+00 2.89906154e-01 0.00000000e+00 4.85133081e-01
  1.75224776e-01 1.37292157e-01 3.12852818e-01 0.00000000e+00
  1.72174553e-01 5.53364555e-01 3.45404138e-01 2.10774568e-02
  1.62274093e-01 4.82732836e-01 1.78543792e-02]
 [0.00000000e+00 0.00000000e+00 0.00000000e+00 0.00000000e+00
  1.63659185e-02 0.00000000e+00 9.77092174e-02 0.00000000e+00
  0.00000000e+00 0.00000000e+00 4.79513484e-03 0.00000000e+00
  0.00000000e+00 0.00000000e+00 0.00000000e+00]
 [0.00000000e+00 0.00000000e+00 0.00000000e+00 0.00000000e+00
  4.59794173e-02 0.00000000e+00 1.02361643e-01 0.00000000e+00
  0.00000000e+00 0.00000000e+00 0.00000000e+00 0.00000000e+00
  0.00000000e+00 0.00000000e+00 0.00000000e+00]
 [0.00000000e+00 0.00000000e+00 4.19817036e-02 5.45202107e-02
  1.51014017e-01 6.80437358e-02 5.08399434e-01 5.80487435e-01
  2.15322900e-01 8.42256468e-01 0.00000000e+00 1.67419466e-01
  2.25880923e-01 2.89025104e-01 0.00000000e+00]
 [0.00000000e+00 0.00000000e+00 0.00000000e+00 2.07316862e-02
  8.35275902e-03 0.00000000e+00 8.39187844e-02 0.00000000e+00
  0.00000000e+00 0.00000000e+00 0.00000000e+00 1.09806743e-02
  0.00000000e+00 0.00000000e+00 7.43401739e-03]
 [8.30862374e-01 1.04730193e+00 8.43171046e-01 5.81957388e-01
  2.80540523e-01 7.75799606e-01 6.49585913e-01 5.62687245e-01
  5.08215112e-01 6.09398560e-01 4.88004321e-01 5.95536608e-01
  5.12254052e-01 2.91797665e-01 3.21067852e-01]]

16
----------------------------------------------------------------------------------
[[3.69507489e-02 0.00000000e+00 1.54139340e-01 0.00000000e+00
  0.00000000e+00 1.37333107e-01 0.00000000e+00 0.00000000e+00
  1.09925107e-02 0.00000000e+00 0.00000000e+00 0.00000000e+00
  0.00000000e+00 2.59762502e-01 4.11592330e-02]
 [1.71648071e-01 5.23769258e-02 4.54388310e-01 0.00000000e+00
  2.92279006e-01 3.08230211e-01 9.45118800e-02 0.00000000e+00
  1.16578566e-01 0.00000000e+00 0.00000000e+00 0.00000000e+00
  0.00000000e+00 7.18053425e-02 1.76527055e-01]
 [2.60360587e-01 3.64819368e-01 6.29837202e-01 9.08988900e-02
  5.50850974e-02 4.82255848e-01 4.14093794e-01 5.17206711e-01
  0.00000000e+00 0.00000000e+00 3.48306735e-02 0.00000000e+00
  1.56872782e-01 2.58840165e-01 9.83018403e-02]
 [1.02028642e-01 0.00000000e+00 1.21683816e-03 0.00000000e+00
  0.00000000e+00 0.00000000e+00 1.42524269e+00 5.14045594e-01
  0.00000000e+00 0.00000000e+00 0.00000000e+00 4.15063901e-01
  0.00000000e+00 7.33764830e-02 0.00000000e+00]
 [1.65148854e-01 0.00000000e+00 1.03465972e-01 0.00000000e+00
  0.00000000e+00 0.00000000e+00 2.75584563e-01 1.52916540e-01
  0.00000000e+00 0.00000000e+00 3.81923646e-02 0.00000000e+00
  0.00000000e+00 2.23235087e-01 0.00000000e+00]
 [1.79581643e-01 5.13860112e-03 4.38030323e-01 9.88588430e-03
  0.00000000e+00 1.87473939e-01 0.00000000e+00 2.68569639e-01
  0.00000000e+00 0.00000000e+00 1.99853886e-01 1.35022977e-01
  0.00000000e+00 4.81746261e-01 1.25989259e-01]
 [2.19496578e-01 0.00000000e+00 1.53276215e-01 0.00000000e+00
  0.00000000e+00 7.34920787e-03 0.00000000e+00 9.56746391e-02
  0.00000000e+00 0.00000000e+00 0.00000000e+00 0.00000000e+00
  0.00000000e+00 1.78772293e-01 5.26556111e-02]
 [1.09212970e-01 0.00000000e+00 0.00000000e+00 0.00000000e+00
  0.00000000e+00 2.11403242e-02 2.72454698e+00 1.72174879e+00
  0.00000000e+00 7.80013217e-02 0.00000000e+00 0.00000000e+00
  0.00000000e+00 1.72236814e-02 0.00000000e+00]
 [1.34041009e-02 0.00000000e+00 0.00000000e+00 0.00000000e+00
  0.00000000e+00 0.00000000e+00 3.86162497e+00 2.94965419e+00
  0.00000000e+00 3.69005595e-01 2.56342551e-01 0.00000000e+00
  0.00000000e+00 0.00000000e+00 0.00000000e+00]
 [5.99033931e-02 0.00000000e+00 1.82210720e-01 1.60369072e-01
  0.00000000e+00 3.07543199e-01 2.40887058e-01 9.77745268e-01
  0.00000000e+00 9.26022816e-02 0.00000000e+00 2.25838082e-01
  2.29014485e-02 2.69682401e-01 9.80316167e-01]
 [2.89769079e-02 0.00000000e+00 1.58862689e-02 0.00000000e+00
  0.00000000e+00 1.77879819e-01 2.47416718e+00 3.88724887e+00
  2.80426730e-01 7.16809693e-02 1.17302141e+00 1.30989265e-01
  0.00000000e+00 0.00000000e+00 0.00000000e+00]
 [1.56873800e-01 0.00000000e+00 9.27410331e-02 0.00000000e+00
  0.00000000e+00 0.00000000e+00 6.07037387e-01 1.36104447e+00
  0.00000000e+00 0.00000000e+00 7.72253788e-02 0.00000000e+00
  2.72753647e-02 0.00000000e+00 1.04099984e-01]
 [5.22971378e-01 0.00000000e+00 0.00000000e+00 4.51879828e-02
  0.00000000e+00 3.49820713e-01 3.49439142e-01 2.25353272e+00
  4.77635708e-01 9.23494281e-01 0.00000000e+00 2.16220350e-01
  0.00000000e+00 0.00000000e+00 0.00000000e+00]
 [0.00000000e+00 0.00000000e+00 3.23069382e-02 0.00000000e+00
  0.00000000e+00 0.00000000e+00 0.00000000e+00 0.00000000e+00
  0.00000000e+00 0.00000000e+00 0.00000000e+00 0.00000000e+00
  0.00000000e+00 2.48535771e-01 0.00000000e+00]
 [5.68176517e-02 0.00000000e+00 6.10750159e-02 0.00000000e+00
  0.00000000e+00 0.00000000e+00 0.00000000e+00 0.00000000e+00
  0.00000000e+00 0.00000000e+00 0.00000000e+00 0.00000000e+00
  0.00000000e+00 2.40798295e-01 0.00000000e+00]
 [5.39144014e-01 0.00000000e+00 2.81425401e-01 2.77589293e-01
  2.68399679e-01 2.31419162e-01 0.00000000e+00 3.92395822e-01
  0.00000000e+00 0.00000000e+00 0.00000000e+00 0.00000000e+00
  0.00000000e+00 5.33017326e-01 1.34366106e-03]
 [4.69335702e-02 0.00000000e+00 0.00000000e+00 0.00000000e+00
  0.00000000e+00 0.00000000e+00 0.00000000e+00 0.00000000e+00
  0.00000000e+00 0.00000000e+00 0.00000000e+00 0.00000000e+00
  0.00000000e+00 1.30734656e-01 0.00000000e+00]
 [4.08861270e-01 5.65314405e-01 5.02467846e-01 5.74853610e-01
  5.87344374e-01 2.73929555e-01 5.84043283e-01 6.42042708e-01
  8.11200196e-01 1.13230400e+00 9.23071036e-01 1.07052126e+00
  1.57118415e+00 1.47020175e+00 1.37153360e+00]]

17
----------------------------------------------------------------------------------
[[0.13664905 0.         0.0772557  0.         0.19326195 0.
  0.         0.         0.         0.08814018 0.         0.
  0.         0.00913015 0.1668393 ]
 [0.12548877 0.06497512 0.2920409  0.13820739 0.52070772 0.
  0.         0.01373368 0.         0.28788067 0.24388053 0.25490997
  0.21103736 0.05021475 0.25128553]
 [0.34534945 0.         0.36128728 0.57814289 0.44288708 0.
  0.         0.39356961 0.         0.24273628 0.22232967 0.18302479
  0.33562717 0.27372676 0.33336789]
 [0.         0.         0.11102121 0.         0.25635251 0.
  0.         0.         0.         0.         0.         0.05933334
  0.         0.         0.00965385]
 [0.         0.         0.02348029 0.         0.23562406 0.
  0.         0.         0.         0.08363429 0.         0.
  0.         0.         0.07575143]
 [0.69593704 0.42882852 0.73208059 0.36387896 0.33925666 0.30403048
  0.         0.         0.         0.56072433 0.         0.14470907
  0.14361324 0.01613219 0.40184515]
 [0.20386426 0.         0.01445142 0.         0.24170712 0.
  0.         0.         0.         0.23085966 0.         0.04199543
  0.         0.         0.22322983]
 [0.         0.11001071 0.12272943 0.         0.25459655 0.
  0.         0.         0.         0.02908658 0.         0.
  0.         0.00176655 0.        ]
 [0.         0.         0.07779252 0.         0.19011856 0.
  0.         0.         0.         0.03845854 0.         0.
  0.         0.         0.        ]
 [0.12561056 0.43008597 0.4354589  0.73409414 0.28268552 0.01175431
  0.         0.         0.         0.53238774 0.06729138 0.423923
  0.57867281 0.0362974  0.22750691]
 [0.         0.         0.09659848 0.         0.         0.
  0.         0.         0.         0.29195973 0.01569326 0.
  0.         0.         0.23790544]
 [0.08507477 0.23449986 0.46783002 0.26741773 1.2518987  0.
  0.41554558 0.50731684 0.22109917 0.37127767 0.14561192 0.15351518
  0.2372613  0.17739111 0.22015609]
 [0.         0.3084359  0.53531705 0.38076491 0.55193081 0.01591943
  0.1188691  0.         0.         0.19876781 0.23770764 0.33001913
  0.52934262 0.49938673 0.45615332]
 [0.         0.24316559 0.33329308 0.0744187  0.89927154 0.34637787
  0.27718783 0.09895391 0.26470244 0.70602943 0.49540546 0.27719511
  0.21093005 0.11000611 0.        ]
 [0.         0.12469053 0.27685872 0.13535195 0.82914044 0.28596185
  0.06676434 0.02661009 0.15183754 0.49659105 0.551442   0.2078284
  0.04749455 0.12026104 0.04001826]
 [0.         0.34495502 0.45508112 0.         0.87575935 0.
  0.32240683 0.         0.03243664 0.65607716 0.45471245 0.31914069
  0.37403329 0.37956118 0.33305654]
 [0.         0.48882154 0.58143888 0.48125707 1.61413741 1.17678296
  0.54776479 0.67109423 0.45118095 0.66236505 0.65953639 0.15314773
  0.07626707 0.06781548 0.04192469]
 [0.87578218 0.34318567 0.4380425  1.08949609 0.92166801 1.31304932
  0.99563999 1.12536134 0.83968062 0.22305741 0.40208562 0.23995
  0.41667484 0.279964   0.35887254]]

18
----------------------------------------------------------------------------------
[[8.98873815e-02 0.00000000e+00 0.00000000e+00 0.00000000e+00
  6.58824560e-02 0.00000000e+00 2.51930255e-02 0.00000000e+00
  0.00000000e+00 6.31052574e-02 0.00000000e+00 0.00000000e+00
  0.00000000e+00 0.00000000e+00 0.00000000e+00]
 [2.16172960e-01 1.75930551e-01 7.44865998e-02 0.00000000e+00
  4.11478053e-01 0.00000000e+00 2.11341191e-01 1.92711245e-01
  0.00000000e+00 0.00000000e+00 0.00000000e+00 0.00000000e+00
  0.00000000e+00 0.00000000e+00 1.26563840e-01]
 [3.44681381e-01 5.61221420e-01 0.00000000e+00 0.00000000e+00
  5.98894880e-01 0.00000000e+00 2.75021831e-01 4.31573955e-01
  2.59591907e-01 5.69973904e-01 3.90440162e-01 1.25816096e-01
  0.00000000e+00 4.11113085e-01 1.63736047e-01]
 [0.00000000e+00 0.00000000e+00 0.00000000e+00 0.00000000e+00
  0.00000000e+00 0.00000000e+00 0.00000000e+00 1.18962729e-02
  0.00000000e+00 1.04167125e-01 0.00000000e+00 0.00000000e+00
  0.00000000e+00 0.00000000e+00 0.00000000e+00]
 [0.00000000e+00 0.00000000e+00 0.00000000e+00 0.00000000e+00
  0.00000000e+00 0.00000000e+00 0.00000000e+00 0.00000000e+00
  0.00000000e+00 5.89782121e-02 0.00000000e+00 0.00000000e+00
  0.00000000e+00 0.00000000e+00 0.00000000e+00]
 [2.99726540e-01 1.54750281e-01 2.57814081e-02 3.04617939e-01
  2.85222731e-01 7.68194960e-02 3.53409823e-02 5.06528649e-01
  1.77632903e-01 7.70406223e-02 0.00000000e+00 2.13338757e-01
  0.00000000e+00 2.72987279e-01 0.00000000e+00]
 [0.00000000e+00 0.00000000e+00 0.00000000e+00 0.00000000e+00
  0.00000000e+00 0.00000000e+00 0.00000000e+00 0.00000000e+00
  0.00000000e+00 0.00000000e+00 0.00000000e+00 0.00000000e+00
  0.00000000e+00 0.00000000e+00 0.00000000e+00]
 [0.00000000e+00 0.00000000e+00 0.00000000e+00 0.00000000e+00
  0.00000000e+00 0.00000000e+00 0.00000000e+00 0.00000000e+00
  0.00000000e+00 7.01323740e-03 0.00000000e+00 0.00000000e+00
  0.00000000e+00 0.00000000e+00 0.00000000e+00]
 [0.00000000e+00 0.00000000e+00 0.00000000e+00 0.00000000e+00
  4.30050637e-03 0.00000000e+00 0.00000000e+00 0.00000000e+00
  0.00000000e+00 7.97691721e-02 0.00000000e+00 0.00000000e+00
  0.00000000e+00 0.00000000e+00 0.00000000e+00]
 [3.46639378e-01 3.10113266e-01 0.00000000e+00 0.00000000e+00
  1.86157946e-01 0.00000000e+00 0.00000000e+00 1.06671070e-01
  4.86479188e-01 0.00000000e+00 2.91533250e-01 2.26519037e-01
  0.00000000e+00 7.97469056e-02 0.00000000e+00]
 [1.68272042e-01 0.00000000e+00 0.00000000e+00 0.00000000e+00
  3.25974347e-01 0.00000000e+00 0.00000000e+00 0.00000000e+00
  3.00280470e-02 1.62253548e-01 0.00000000e+00 7.27193482e-03
  0.00000000e+00 0.00000000e+00 0.00000000e+00]
 [0.00000000e+00 0.00000000e+00 0.00000000e+00 0.00000000e+00
  2.06376520e-02 0.00000000e+00 0.00000000e+00 0.00000000e+00
  0.00000000e+00 1.22174729e-01 0.00000000e+00 0.00000000e+00
  0.00000000e+00 0.00000000e+00 0.00000000e+00]
 [9.43453351e-02 6.70187057e-02 1.19113061e-01 1.15594397e-01
  4.41259227e-01 0.00000000e+00 1.10371378e-01 6.73035110e-01
  0.00000000e+00 1.14333019e-01 0.00000000e+00 3.94657013e-04
  0.00000000e+00 0.00000000e+00 0.00000000e+00]
 [1.05176756e-01 1.89829746e-01 3.40338942e-02 4.21209768e-02
  3.94404681e-01 0.00000000e+00 0.00000000e+00 0.00000000e+00
  0.00000000e+00 8.38082844e-02 1.13894149e-01 1.82733047e-01
  2.49324041e-02 0.00000000e+00 0.00000000e+00]
 [7.34669927e-02 2.51959253e-01 0.00000000e+00 1.61064680e-02
  2.16589739e-01 0.00000000e+00 0.00000000e+00 2.16730523e-02
  0.00000000e+00 3.40976803e-01 3.06465849e-01 2.92297118e-01
  0.00000000e+00 0.00000000e+00 0.00000000e+00]
 [1.72641241e-01 6.90871951e-01 2.48200066e-01 1.40040235e-01
  2.65652756e-01 0.00000000e+00 0.00000000e+00 9.37242817e-02
  4.45969821e-02 9.03175491e-02 0.00000000e+00 5.12916986e-01
  1.69877558e-01 0.00000000e+00 0.00000000e+00]
 [4.38531853e-02 7.49499498e-02 0.00000000e+00 0.00000000e+00
  2.92271896e-01 0.00000000e+00 0.00000000e+00 7.06359113e-03
  0.00000000e+00 4.86399194e-01 3.36816524e-01 1.26232322e-01
  0.00000000e+00 0.00000000e+00 0.00000000e+00]
 [3.43668296e-01 4.10960630e-01 5.12661933e-01 5.24672378e-01
  1.97833021e-01 6.04122162e-01 6.81659328e-01 3.44037921e-01
  5.87857460e-01 5.07037834e-01 8.49383380e-01 7.26152412e-01
  8.40115951e-01 6.86010794e-01 4.61129262e-01]]

19
----------------------------------------------------------------------------------
[[0.00000000e+00 5.91309918e-02 0.00000000e+00 0.00000000e+00
  1.36059423e-01 5.28147197e-02 0.00000000e+00 2.78392100e-01
  0.00000000e+00 1.22534026e-02 0.00000000e+00 0.00000000e+00
  2.66695432e-02 0.00000000e+00 9.48452306e-02]
 [3.59526515e-01 3.26076083e-02 1.03134233e-01 3.01790702e-02
  0.00000000e+00 2.95658156e-01 0.00000000e+00 4.00041684e-01
  1.72220470e-01 3.15708790e-02 2.02674622e-01 1.60171500e-01
  1.72859713e-02 6.47235223e-02 0.00000000e+00]
 [2.60845001e-01 1.74339610e-01 2.42493913e-01 2.17821366e-01
  6.20761440e-01 0.00000000e+00 0.00000000e+00 0.00000000e+00
  8.74754391e-02 9.15874430e-02 0.00000000e+00 4.53393180e-01
  2.81831940e-01 2.46185483e-01 8.34917176e-02]
 [0.00000000e+00 2.50806869e-02 0.00000000e+00 0.00000000e+00
  1.16381983e-01 0.00000000e+00 0.00000000e+00 3.45621224e-02
  8.31369056e-02 0.00000000e+00 0.00000000e+00 0.00000000e+00
  0.00000000e+00 0.00000000e+00 9.30181083e-02]
 [0.00000000e+00 0.00000000e+00 0.00000000e+00 0.00000000e+00
  2.69681090e-01 0.00000000e+00 0.00000000e+00 5.55181288e-02
  1.42460130e-01 0.00000000e+00 0.00000000e+00 1.35915585e-02
  0.00000000e+00 0.00000000e+00 1.19823261e-02]
 [4.19871833e-02 7.57365780e-02 0.00000000e+00 1.03955791e-01
  2.07214487e-01 1.41834294e-01 0.00000000e+00 4.09669810e-01
  3.10580370e-01 1.68613880e-01 7.87671793e-02 1.23833023e-01
  0.00000000e+00 0.00000000e+00 1.98027876e-01]
 [0.00000000e+00 0.00000000e+00 0.00000000e+00 0.00000000e+00
  1.79222812e-01 4.30550631e-02 0.00000000e+00 2.65417831e-01
  1.02046223e-01 4.90725226e-02 9.38335856e-02 7.32604275e-02
  0.00000000e+00 0.00000000e+00 0.00000000e+00]
 [0.00000000e+00 0.00000000e+00 0.00000000e+00 0.00000000e+00
  1.08440332e-01 0.00000000e+00 0.00000000e+00 0.00000000e+00
  0.00000000e+00 0.00000000e+00 0.00000000e+00 0.00000000e+00
  0.00000000e+00 0.00000000e+00 1.23965485e-01]
 [0.00000000e+00 4.64171682e-02 0.00000000e+00 0.00000000e+00
  1.70932078e-01 0.00000000e+00 0.00000000e+00 0.00000000e+00
  0.00000000e+00 0.00000000e+00 0.00000000e+00 0.00000000e+00
  0.00000000e+00 0.00000000e+00 2.29406852e-01]
 [1.67730877e-01 0.00000000e+00 0.00000000e+00 0.00000000e+00
  0.00000000e+00 0.00000000e+00 0.00000000e+00 0.00000000e+00
  2.81018570e-02 0.00000000e+00 3.82765795e-02 2.59720172e-03
  2.42956352e-01 0.00000000e+00 3.66379415e-02]
 [0.00000000e+00 0.00000000e+00 0.00000000e+00 0.00000000e+00
  2.74002873e-03 0.00000000e+00 0.00000000e+00 9.47248575e-02
  7.41755073e-02 7.79481623e-02 1.21836314e-01 4.73752506e-02
  0.00000000e+00 0.00000000e+00 9.94089611e-02]
 [1.19096621e-02 0.00000000e+00 0.00000000e+00 0.00000000e+00
  1.35812869e-01 6.36137216e-02 0.00000000e+00 4.56562970e-02
  1.35364992e-01 0.00000000e+00 0.00000000e+00 0.00000000e+00
  0.00000000e+00 0.00000000e+00 1.79960194e-01]
 [3.84030420e-02 0.00000000e+00 3.94170356e-02 0.00000000e+00
  4.00543199e-01 0.00000000e+00 0.00000000e+00 3.72750112e-01
  0.00000000e+00 6.11190721e-02 1.06005207e-01 4.63068457e-01
  2.76709754e-01 5.67399349e-02 1.68913420e-01]
 [2.12632801e-02 0.00000000e+00 0.00000000e+00 0.00000000e+00
  1.29296014e-02 0.00000000e+00 0.00000000e+00 0.00000000e+00
  0.00000000e+00 0.00000000e+00 0.00000000e+00 1.00312810e-01
  1.67384974e-01 0.00000000e+00 3.48741509e-04]
 [3.53402569e-02 0.00000000e+00 1.29086584e-01 0.00000000e+00
  6.27159621e-02 0.00000000e+00 0.00000000e+00 0.00000000e+00
  0.00000000e+00 0.00000000e+00 0.00000000e+00 1.35660730e-01
  1.41204284e-02 0.00000000e+00 0.00000000e+00]
 [7.79130249e-02 0.00000000e+00 1.18828629e-01 0.00000000e+00
  0.00000000e+00 0.00000000e+00 0.00000000e+00 0.00000000e+00
  0.00000000e+00 0.00000000e+00 1.04277442e-01 1.07905167e-01
  0.00000000e+00 5.43335265e-02 0.00000000e+00]
 [8.35867605e-02 0.00000000e+00 1.32759602e-01 0.00000000e+00
  4.16664416e-02 0.00000000e+00 0.00000000e+00 0.00000000e+00
  0.00000000e+00 0.00000000e+00 0.00000000e+00 8.36385036e-02
  0.00000000e+00 0.00000000e+00 4.64837706e-02]
 [3.12342546e-01 5.42668689e-01 3.40383975e-01 4.95200592e-01
  3.78080856e-01 5.46170302e-01 8.33050572e-01 6.00286397e-01
  6.25529816e-01 5.93126975e-01 4.65007981e-01 3.69058926e-01
  3.81448937e-01 4.76783254e-01 3.98876583e-01]]

20
----------------------------------------------------------------------------------
[[0.         0.         0.         0.         0.         0.
  0.         0.         0.         0.         0.         0.
  0.22369004 0.09336006 0.16077619]
 [0.11765321 0.         0.13958901 0.         0.         0.04709254
  0.         0.         0.10527785 0.         0.         0.
  0.49513632 0.01643397 0.28049745]
 [0.21104758 0.31231284 0.45397001 0.70339028 0.40093178 0.15927575
  0.35241259 0.         0.44135151 0.         0.17512878 0.27024147
  0.57983543 0.04025389 0.        ]
 [0.         0.         0.         0.         0.         0.
  0.         0.         0.         0.         0.         0.
  0.31382145 0.04725996 0.19811142]
 [0.         0.         0.         0.         0.         0.
  0.05411028 0.         0.         0.         0.         0.
  0.1006688  0.02484178 0.19496672]
 [0.         0.         0.         0.40940528 0.         0.
  0.         0.         0.03970896 0.         0.         0.05171949
  0.30134115 0.11945314 0.26389441]
 [0.         0.         0.         0.00841324 0.         0.
  0.00239453 0.         0.         0.         0.         0.
  0.         0.         0.21336983]
 [0.34500048 0.         0.16723209 0.1195599  0.         0.
  0.         0.         0.         0.         0.         0.
  0.11778656 0.1485752  0.12718298]
 [1.24846558 0.         0.52827322 0.74573669 0.         0.
  0.08477105 0.         0.         0.         0.         0.
  0.08602325 0.         0.13664903]
 [0.         0.         0.         0.40541409 0.44683492 0.
  0.         0.         0.         0.         0.         0.
  0.15835791 0.         0.14793191]
 [0.54484781 0.         0.40836234 0.37345195 0.18256801 0.
  0.         0.         0.21296897 0.         0.14008113 0.
  0.         0.         0.27759162]
 [0.53994535 0.         0.32973958 0.17841138 0.         0.
  0.         0.         0.         0.         0.05833425 0.
  0.12230791 0.16253886 0.        ]
 [0.63261164 0.08255627 0.86480782 0.78040382 0.41452598 0.40876077
  1.01537166 0.88859553 0.08557759 0.         0.30303658 0.
  0.58263543 0.10832571 0.36898406]
 [0.         0.         0.         0.18747733 0.6134428  1.93762846
  1.7560352  1.05173417 0.17809879 0.         0.32883198 0.
  0.01402731 0.         0.08775059]
 [0.         0.         0.         0.19349158 0.3301622  1.15498972
  1.00859005 0.51008952 0.10625928 0.         0.54126956 0.
  0.22305688 0.         0.1874496 ]
 [0.         0.         0.         0.42270533 1.05271084 1.72328404
  1.82571974 0.81926556 0.34938026 0.03972857 0.1158726  0.
  0.61319049 0.         0.32507158]
 [0.         0.         0.07093321 0.03734353 0.         0.65100025
  0.00543646 0.0356067  0.00369641 0.         0.         0.
  0.17396273 0.02114644 0.        ]
 [0.64922244 0.75587676 0.51028939 0.3689266  0.6965324  0.65053202
  0.56937641 0.73375955 0.61437674 0.93910812 0.55266263 0.8431747
  0.47366384 0.47514504 0.57091252]]

21
----------------------------------------------------------------------------------
[[0.00000000e+00 1.92681309e-01 0.00000000e+00 3.04430348e-02
  0.00000000e+00 0.00000000e+00 0.00000000e+00 0.00000000e+00
  0.00000000e+00 2.92943142e-01 6.42454717e-02 0.00000000e+00
  0.00000000e+00 4.81257990e-02 0.00000000e+00]
 [1.86723677e-01 3.34986561e-01 0.00000000e+00 1.44560353e-01
  0.00000000e+00 5.16633064e-01 0.00000000e+00 1.21572793e-02
  1.42680273e-01 2.34828250e-01 2.28190907e-01 1.58625968e-01
  2.12785041e-01 1.80009410e-01 2.03499776e-01]
 [3.25125801e-01 5.49767381e-01 1.86377165e-01 2.10970961e-01
  0.00000000e+00 1.24399640e-01 6.95336991e-01 7.74629039e-02
  1.74684017e-01 3.77642677e-01 2.18686419e-01 1.16672207e-01
  1.24761397e-01 4.75217136e-01 4.59457765e-01]
 [0.00000000e+00 1.13279158e-01 0.00000000e+00 1.15519161e-01
  0.00000000e+00 2.55689948e-02 0.00000000e+00 0.00000000e+00
  0.00000000e+00 1.98147143e-01 3.71062785e-02 0.00000000e+00
  4.46988627e-02 0.00000000e+00 0.00000000e+00]
 [0.00000000e+00 1.37421093e-01 0.00000000e+00 8.10304066e-02
  0.00000000e+00 3.62448147e-02 0.00000000e+00 0.00000000e+00
  0.00000000e+00 1.89785126e-01 8.26091514e-03 0.00000000e+00
  0.00000000e+00 0.00000000e+00 6.37343668e-04]
 [1.90360729e-01 3.34137553e-01 3.34178904e-01 1.74932780e-02
  0.00000000e+00 2.14956740e-01 1.08913433e-02 0.00000000e+00
  1.26803403e-01 4.36270891e-01 4.05242561e-01 2.20265580e-01
  8.03316738e-03 1.13260161e-01 1.38793933e-01]
 [0.00000000e+00 1.16016089e-01 4.06983601e-02 1.06005050e-01
  0.00000000e+00 0.00000000e+00 1.97279485e-01 0.00000000e+00
  0.00000000e+00 1.00057903e-01 0.00000000e+00 1.02368966e-02
  0.00000000e+00 0.00000000e+00 5.88231468e-02]
 [0.00000000e+00 9.98553803e-03 0.00000000e+00 0.00000000e+00
  0.00000000e+00 0.00000000e+00 0.00000000e+00 0.00000000e+00
  0.00000000e+00 1.59459795e-01 1.05080641e-01 0.00000000e+00
  0.00000000e+00 8.58396130e-02 0.00000000e+00]
 [0.00000000e+00 1.37131432e-02 0.00000000e+00 0.00000000e+00
  0.00000000e+00 0.00000000e+00 0.00000000e+00 0.00000000e+00
  0.00000000e+00 1.52766271e-01 1.46739460e-02 0.00000000e+00
  0.00000000e+00 1.10053887e-02 0.00000000e+00]
 [4.07405002e-01 6.09424124e-01 3.40921584e-02 9.62965211e-04
  0.00000000e+00 1.40173057e-01 1.45420188e-01 0.00000000e+00
  4.60384508e-02 4.16091828e-01 6.45722457e-01 5.26413311e-02
  0.00000000e+00 6.01231013e-02 4.65660844e-01]
 [0.00000000e+00 7.81536893e-02 0.00000000e+00 0.00000000e+00
  0.00000000e+00 0.00000000e+00 0.00000000e+00 0.00000000e+00
  0.00000000e+00 1.50091103e-01 2.19596769e-02 0.00000000e+00
  0.00000000e+00 0.00000000e+00 1.75513034e-01]
 [4.70429247e-02 0.00000000e+00 0.00000000e+00 3.47520564e-01
  0.00000000e+00 0.00000000e+00 2.87876383e-01 1.18862066e-01
  0.00000000e+00 3.15696193e-01 2.59262998e-01 0.00000000e+00
  0.00000000e+00 7.08918775e-02 0.00000000e+00]
 [5.40393447e-01 3.51701912e-01 9.03317232e-03 0.00000000e+00
  0.00000000e+00 1.26792557e-01 1.87187430e-01 0.00000000e+00
  2.97127948e-03 3.46557555e-01 1.67638822e-01 0.00000000e+00
  3.16805974e-01 5.58932280e-02 1.10105876e-01]
 [0.00000000e+00 8.26002451e-02 0.00000000e+00 3.50005549e-02
  0.00000000e+00 0.00000000e+00 0.00000000e+00 0.00000000e+00
  9.31022746e-02 1.96076067e-01 0.00000000e+00 0.00000000e+00
  0.00000000e+00 0.00000000e+00 9.29882212e-02]
 [0.00000000e+00 1.62929607e-02 0.00000000e+00 0.00000000e+00
  0.00000000e+00 0.00000000e+00 0.00000000e+00 0.00000000e+00
  9.50608264e-02 1.74290819e-01 4.37470277e-02 0.00000000e+00
  1.92289247e-02 0.00000000e+00 2.35017321e-01]
 [1.20462515e-01 5.87692093e-02 1.51896196e-01 0.00000000e+00
  0.00000000e+00 0.00000000e+00 4.79568119e-02 0.00000000e+00
  4.16659259e-01 5.79448612e-01 5.78380682e-01 1.53251366e-01
  4.07373072e-01 3.91722491e-01 5.90638655e-01]
 [0.00000000e+00 1.37775504e-01 0.00000000e+00 1.59949483e-01
  0.00000000e+00 6.42729246e-03 0.00000000e+00 0.00000000e+00
  1.21765641e-01 1.25539222e-01 0.00000000e+00 0.00000000e+00
  0.00000000e+00 0.00000000e+00 4.52817644e-03]
 [2.78596018e-01 4.84243630e-01 6.54283612e-01 6.32021412e-01
  8.25584520e-01 4.44346798e-01 5.79801517e-01 6.56991977e-01
  3.65325025e-01 1.37863043e-01 2.30652358e-01 4.09550797e-01
  4.75859592e-01 4.25445596e-01 3.17937744e-01]]

22
----------------------------------------------------------------------------------
[[0.         0.         0.         0.         0.         0.
  0.         0.         0.         0.         0.11165882 0.04002956
  0.         0.         0.        ]
 [0.2500736  0.02868755 0.         0.06787105 0.27646522 0.02577614
  0.03756024 0.27101645 0.14033311 0.13853662 0.21387926 0.02919078
  0.         0.         0.        ]
 [0.42784738 0.         0.         0.20971285 0.43064873 0.28321815
  0.14057475 0.12753554 0.05506421 0.48059015 0.31236138 0.34725498
  0.17820263 0.         0.        ]
 [0.         0.         0.         0.00249374 0.         0.
  0.         0.         0.         0.         0.06130573 0.
  0.         0.         0.        ]
 [0.         0.         0.         0.         0.         0.
  0.         0.         0.         0.         0.         0.
  0.         0.         0.        ]
 [0.1954387  0.         0.         0.0196143  0.01940723 0.02637505
  0.40432875 0.         0.08556748 0.11391586 0.01465349 0.
  0.         0.         0.        ]
 [0.01103993 0.         0.         0.         0.         0.
  0.08224658 0.         0.07932477 0.05997473 0.         0.02983151
  0.         0.         0.        ]
 [0.         0.         0.         0.         0.         0.
  0.         0.         0.         0.         0.         0.
  0.         0.         0.        ]
 [0.         0.         0.         0.         0.         0.
  0.         0.         0.         0.         0.         0.
  0.         0.         0.        ]
 [0.34092274 0.         0.         0.         0.19932124 0.
  0.10355369 0.         0.02630048 0.23914099 0.97045614 0.25833384
  0.         0.         0.        ]
 [0.22366976 0.         0.         0.         0.00927953 0.
  0.         0.         0.         0.         0.         0.
  0.         0.         0.        ]
 [0.08127741 0.         0.         0.         0.         0.
  0.         0.         0.         0.20728456 0.         0.
  0.         0.         0.        ]
 [0.29644699 0.37126009 0.         0.24276287 0.         0.03607464
  0.30775948 0.         0.13891908 0.38868758 0.49859942 0.
  0.         0.         0.        ]
 [0.27167756 0.         0.         0.         0.         0.
  0.09528063 0.         0.         0.05643001 0.         0.
  0.         0.         0.        ]
 [0.06297292 0.07933623 0.         0.         0.         0.
  0.16279145 0.         0.         0.043249   0.         0.
  0.         0.         0.        ]
 [0.49792978 0.42580965 0.02364254 0.31704376 0.41066013 0.03822391
  0.38531546 0.04200603 0.02749762 0.13909192 0.07817155 0.
  0.         0.         0.        ]
 [0.         0.03322813 0.         0.         0.         0.
  0.0718552  0.         0.         0.03802627 0.         0.
  0.         0.         0.        ]
 [0.36719445 0.6011925  0.51793275 0.35816371 0.3379161  0.46677785
  0.36340411 0.79761482 0.6581398  0.33449136 0.56070291 0.6846111
  0.80808166 0.81012072 0.99536352]]

23
----------------------------------------------------------------------------------
[[0.         0.         0.02523994 0.         0.04158858 0.
  0.12155326 0.27525886 0.         0.         0.01041563 0.29329347
  0.05187133]
 [0.         0.         0.60429713 0.18383518 0.19253168 0.09455202
  0.00874719 0.29609389 0.2277711  0.23089131 0.01790456 0.15642925
  0.        ]
 [0.04298797 0.49766949 0.95819166 0.59469175 0.36132217 0.39036015
  0.40960913 0.30987754 0.38501454 0.22743202 0.46425693 0.58359418
  0.        ]
 [0.         0.         0.25571484 0.         0.04591855 0.
  0.11068577 0.17551442 0.         0.         0.11076246 0.01203103
  0.        ]
 [0.         0.         0.03949782 0.08938486 0.00801015 0.
  0.         0.05513823 0.         0.12390055 0.         0.
  0.        ]
 [0.01173021 0.00823937 0.38471027 0.44470543 0.22938301 0.28806839
  0.2270227  0.23776156 0.21371102 0.32708551 0.13201283 0.07432106
  0.08436802]
 [0.         0.         0.         0.09640925 0.02188958 0.
  0.14954403 0.00958387 0.         0.10957493 0.00674461 0.
  0.        ]
 [0.         0.         0.         0.         0.         0.
  0.13060499 0.25101787 0.         0.         0.10683908 0.10697285
  0.        ]
 [0.         0.         0.         0.         0.         0.
  0.03675634 0.02135497 0.         0.         0.02496598 0.
  0.        ]
 [0.08870864 0.         0.29135343 0.19065376 0.38547003 0.
  0.04617657 0.51206928 0.         0.321095   0.00363154 0.38048465
  0.        ]
 [0.         0.         0.15218201 0.10712167 0.21727995 0.
  0.03643476 0.26474918 0.         0.3393818  0.09126048 0.03814605
  0.        ]
 [0.         0.         0.0988759  0.18402111 0.         0.
  0.19056746 0.13479978 0.         0.09788179 0.09768674 0.13941279
  0.        ]
 [0.01721473 0.         0.26349187 0.29522145 0.11120702 0.20604051
  0.24288058 0.21591692 0.         0.34674607 0.         0.0888678
  0.        ]
 [0.         0.         0.08520473 0.         0.         0.
  0.12869751 0.03015478 0.         0.         0.01825263 0.04451528
  0.        ]
 [0.         0.         0.05588769 0.         0.04472072 0.
  0.04508279 0.08534397 0.         0.         0.11680056 0.
  0.        ]
 [0.         0.         0.22464933 0.10147294 0.31544529 0.10854025
  0.23423929 0.22550201 0.30506741 0.09182088 0.65001561 0.11175427
  0.        ]
 [0.         0.         0.05656283 0.         0.         0.
  0.04546835 0.02616173 0.         0.         0.15177009 0.02344511
  0.        ]
 [0.80184265 0.5887177  0.21669984 0.30801833 0.34005184 0.36482847
  0.21302812 0.21913248 0.64056485 0.49183751 0.39851676 0.3069962
  0.63228802]]