

1
----------------------------------------------------------------------------------
[[0.         0.         0.         0.         0.0186112  0.
  0.02178305 0.         0.         0.         0.         0.09129623
  0.         0.         0.        ]
 [0.35438185 0.         0.25558497 0.09868629 0.55494418 0.44185816
  0.12468734 0.         0.17948042 0.         0.07962541 0.27998927
  0.0927667  0.         0.17623764]
 [0.59406326 0.36036205 0.59237429 0.         0.04435881 0.67823044
  0.238638   0.29975064 0.2911767  0.27988451 0.6060247  0.35613744
  0.         0.41112547 0.19449822]
 [0.         0.         0.         0.         0.         0.
  0.         0.         0.         0.         0.         0.09456768
  0.         0.         0.        ]
 [0.         0.         0.         0.         0.         0.
  0.         0.         0.         0.         0.06996748 0.0330214
  0.         0.         0.        ]
 [0.44760659 0.11940247 0.2574848  0.33375239 0.27736453 0.09603511
  0.0633427  0.         0.42757669 0.42921352 0.4056528  0.11696156
  0.38781657 0.6251643  0.03307862]
 [0.         0.         0.         0.         0.01776971 0.
  0.00851339 0.         0.         0.         0.133052   0.17545619
  0.         0.         0.        ]
 [0.         0.         0.         0.         0.         0.
  0.         0.         0.         0.         0.         0.
  0.         0.         0.        ]
 [0.         0.         0.02543435 0.         0.         0.
  0.         0.         0.         0.         0.         0.
  0.         0.         0.        ]
 [0.09400114 0.         0.30916974 0.03432559 0.1090174  0.
  0.40453127 0.01875173 0.18896827 0.26219925 1.11838152 0.34302238
  0.03816305 0.15617317 0.13380303]
 [0.         0.01127156 0.09864294 0.21740407 0.         0.03738346
  0.         0.         0.13978187 0.         0.36748752 0.
  0.         0.04686442 0.15967628]
 [0.         0.         0.         0.04332774 0.         0.
  0.         0.         0.         0.09777604 0.         0.
  0.         0.         0.        ]
 [0.         0.         0.19669693 0.57710209 0.         0.
  0.47263045 0.         0.         0.         0.19271268 0.3311855
  0.05231429 0.         0.1450612 ]
 [0.         0.         0.         0.         0.         0.
  0.         0.         0.         0.         0.         0.0472405
  0.         0.         0.        ]
 [0.         0.         0.         0.         0.         0.
  0.         0.         0.         0.         0.         0.00403633
  0.         0.         0.        ]
 [0.         0.         0.42989811 0.05964131 0.39597588 0.
  0.18573917 0.         0.12804378 0.2640776  0.42117087 0.29278283
  0.26778768 0.16839006 0.4605866 ]
 [0.         0.         0.11074318 0.         0.         0.
  0.         0.         0.         0.         0.         0.
  0.         0.         0.        ]
 [0.51266877 0.66981064 0.41401187 0.68330126 0.63769765 0.64247363
  0.55789515 0.83961343 0.72239671 0.81693055 0.67817812 0.38934
  0.52657828 0.53127464 0.31636738]]

2
----------------------------------------------------------------------------------
[[0.         0.         0.         0.17963604 0.         0.
  0.         0.16368482 0.         0.0433746  0.         0.
  0.         0.02072423 0.        ]
 [0.16647285 0.         0.         0.11781139 0.         0.17038106
  0.14486327 0.09122746 0.11572329 0.48461921 0.03398176 0.23717491
  0.11889047 0.12440981 0.29200996]
 [0.18782971 0.18317446 0.15507232 0.54362339 0.04318728 0.83200128
  0.         0.50445512 0.05483755 0.10687535 0.         0.3866549
  0.86529038 0.94323857 0.50488411]
 [0.         0.         0.         0.         0.         0.04177866
  0.         0.18478729 0.         0.12997069 0.         0.03657406
  0.         0.         0.        ]
 [0.         0.         0.         0.1603787  0.         0.17607258
  0.         0.         0.         0.21150582 0.         0.
  0.         0.         0.        ]
 [0.32237864 0.26866105 0.08465941 0.46502421 0.40696679 0.
  0.         0.26750826 0.         0.         0.04953396 0.40953159
  0.29112917 0.1883229  0.03612449]
 [0.         0.         0.         0.07601298 0.         0.01344344
  0.         0.         0.         0.01045015 0.         0.09263498
  0.02880626 0.         0.        ]
 [0.         0.         0.         0.         0.         0.
  0.         0.03323255 0.         0.10855287 0.         0.14198109
  0.00526429 0.10767938 0.        ]
 [0.         0.         0.         0.05194826 0.         0.
  0.         0.06427688 0.         0.         0.         0.0058745
  0.         0.06327564 0.        ]
 [0.26040977 0.21728635 0.         0.21152185 0.09963281 0.
  0.         0.3233303  0.16799875 0.25491131 0.42530618 0.249259
  0.51381549 0.         0.07160539]
 [0.05271166 0.         0.         0.09355085 0.         0.
  0.01001768 0.         0.         0.         0.01089674 0.03491114
  0.17921162 0.         0.10288613]
 [0.03528961 0.         0.         0.09523644 0.         0.
  0.         0.         0.         0.27705617 0.         0.
  0.10962679 0.06632666 0.        ]
 [0.18030407 0.         0.2813809  0.44796336 0.         0.
  0.         0.35371648 0.35899538 0.         0.         0.20588066
  0.41171185 0.38279836 0.0499344 ]
 [0.         0.         0.         0.05442554 0.         0.
  0.         0.         0.         0.         0.         0.08449807
  0.23456812 0.0124895  0.01435573]
 [0.         0.         0.         0.00763339 0.         0.
  0.         0.         0.         0.         0.         0.24475093
  0.39044941 0.11701309 0.        ]
 [0.27291279 0.32494246 0.         0.25661575 0.         0.11194644
  0.         0.2679061  0.         0.37056219 0.02596183 0.35279251
  0.42884603 0.0634471  0.53425061]
 [0.         0.         0.         0.16098851 0.         0.02198507
  0.         0.         0.         0.08242106 0.         0.12294878
  0.16627219 0.22174878 0.04951345]
 [0.28404973 0.69681052 0.6302896  0.28520013 0.90348489 0.6892394
  0.85981605 0.65915074 0.71063994 0.7891508  0.81329155 0.25550727
  0.2455247  0.43649938 0.7409543 ]]

3
----------------------------------------------------------------------------------
[[0.         0.         0.         0.         0.         0.
  0.         0.         0.         0.         0.         0.
  0.         0.         0.        ]
 [0.         0.         0.         0.12411538 0.         0.
  0.         0.06294578 0.07668279 0.02550904 0.         0.
  0.18668231 0.17531287 0.04942328]
 [0.05192886 0.07668798 0.19497333 0.28841293 0.         0.16028215
  0.         0.22024517 0.15437654 0.         0.         0.03918196
  0.         0.4674116  0.04011724]
 [0.         0.         0.         0.         0.         0.04357928
  0.         0.         0.         0.         0.         0.04455018
  0.08371793 0.         0.01290137]
 [0.         0.         0.         0.         0.         0.12463334
  0.         0.         0.         0.         0.         0.03777669
  0.04986676 0.06558259 0.        ]
 [0.         0.02006533 0.         0.157358   0.         0.
  0.         0.         0.09738047 0.16118392 0.         0.06989799
  0.         0.         0.        ]
 [0.         0.056674   0.         0.         0.         0.
  0.         0.         0.         0.01385914 0.         0.
  0.         0.         0.        ]
 [0.         0.77297404 0.         0.18533883 0.         3.58833028
  0.         1.03675884 1.66055601 0.36148014 0.09822309 0.00848231
  0.0557458  0.         0.        ]
 [0.         1.57089468 0.         0.77891404 0.         4.84349604
  0.         1.88450242 2.04205264 1.30201996 0.53949048 0.3641869
  0.13374899 0.03850692 0.        ]
 [0.01044195 0.         0.         0.         0.1092108  0.25619523
  0.         0.02439222 0.18089368 0.         0.         0.
  0.         0.07555613 0.36697279]
 [0.         1.11333649 0.08577626 0.83020085 0.01897444 1.46308194
  0.00878586 0.51213232 1.30419505 0.597238   0.27679059 0.23323216
  0.08897126 0.         0.        ]
 [0.01526516 0.         0.         0.29698756 0.         4.60677839
  0.         1.06146262 0.92629709 0.17800174 0.         0.06382944
  0.         0.         0.02394443]
 [0.10110139 0.64267579 0.         0.64728968 0.18311819 4.1451978
  1.18743471 1.99889257 3.91806319 0.42137352 0.         0.09739047
  0.         0.         0.        ]
 [0.         0.         0.         0.16046885 0.         0.13618895
  0.         0.         0.         0.         0.         0.
  0.04969774 0.         0.        ]
 [0.         0.         0.         0.2857544  0.12041245 0.23908705
  0.         0.24708109 0.14003149 0.08355742 0.         0.
  0.07850587 0.         0.        ]
 [0.29183262 0.         0.         0.24598786 0.08898835 0.34948578
  0.         0.15929127 0.3105225  0.         0.         0.
  0.         0.0818925  0.        ]
 [0.         0.         0.         0.         0.         0.06068382
  0.         0.09379365 0.15452901 0.09647454 0.         0.
  0.14873704 0.         0.        ]
 [0.75878482 0.77435569 1.12975386 0.55114049 0.84215797 0.6367158
  0.99953816 0.40652058 0.4565673  0.89158005 1.44653628 0.93656693
  1.22431556 0.94935752 1.1192233 ]]

4
----------------------------------------------------------------------------------
[[0.         0.08636598 0.08701282 0.         0.         0.01441303
  0.         0.         0.         0.26250752 0.05125198 0.0547343
  0.         0.10100707 0.00968963]
 [0.3549219  0.33495523 0.19035551 0.08456493 0.         0.05176296
  0.         0.         0.         0.24042051 0.07382323 0.18622556
  0.12079463 0.0574084  0.16389763]
 [0.64902109 1.03714985 0.19492453 0.22976054 0.09906355 0.38381627
  0.         0.17479454 0.         0.66857494 0.         0.48715836
  0.54769408 0.55758988 0.15784816]
 [0.         0.16312958 0.         0.         0.         0.
  0.         0.         0.         0.00780019 0.02625771 0.1594193
  0.01320574 0.04548749 0.        ]
 [0.0244388  0.10475616 0.         0.         0.         0.10098065
  0.         0.         0.         0.04022071 0.         0.17819667
  0.         0.06809341 0.        ]
 [0.03750002 0.34243367 0.44049476 0.05488893 0.12931378 0.34227459
  0.         0.05719582 0.         0.09622479 0.3623818  0.77217178
  0.         0.14558785 0.        ]
 [0.11286161 0.11541981 0.         0.         0.         0.22408026
  0.         0.         0.         0.         0.         0.06531994
  0.         0.03116271 0.        ]
 [0.         0.02926145 0.         0.         0.         0.
  0.         0.         0.         0.00166845 0.         0.09506129
  0.         0.02178408 0.        ]
 [0.         0.         0.         0.         0.         0.04340447
  0.         0.         0.         0.         0.06679373 0.03267776
  0.         0.10619041 0.        ]
 [0.23413863 0.18708907 0.         0.03683237 0.07421949 0.45621524
  0.         0.06317365 0.         0.44767146 0.37376564 0.30427668
  0.33346704 0.42413355 0.        ]
 [0.         0.         0.07912633 0.16422264 0.         0.18074863
  0.         0.         0.         0.         0.         0.12565652
  0.0266477  0.         0.        ]
 [0.04961693 0.09586432 0.         0.         0.         0.04202951
  0.         0.         0.         0.08789363 0.09741143 0.12195664
  0.         0.10879069 0.        ]
 [0.32863052 0.17116505 0.14352361 0.14346974 0.         0.32295748
  0.         0.02500503 0.         0.         0.         0.47941976
  0.37682183 0.         0.        ]
 [0.         0.         0.         0.         0.         0.02995196
  0.         0.         0.         0.         0.         0.00477766
  0.03141066 0.         0.        ]
 [0.00128932 0.09561155 0.04302263 0.         0.         0.
  0.         0.         0.         0.         0.         0.04550141
  0.00149944 0.         0.        ]
 [0.41081739 0.72116355 0.15198634 0.04922303 0.24518439 0.76063651
  0.43026036 0.         0.18768747 0.06475986 0.         0.23233058
  0.27911251 0.54170682 0.        ]
 [0.         0.04248023 0.         0.         0.         0.0014493
  0.         0.         0.         0.         0.         0.29450278
  0.         0.         0.        ]
 [0.35802903 0.25829943 0.33853779 0.47200434 0.69082065 0.33601201
  0.86300845 0.62354428 0.48527395 0.39111456 0.73532121 0.29913492
  0.47198356 0.5045239  0.86873155]]

5
----------------------------------------------------------------------------------
[[0.         0.06984083 0.13966769 0.17456417 0.13311234 0.
  0.         0.         0.         0.00966795 0.         0.
  0.         0.         0.        ]
 [0.26650506 0.64867386 0.2886178  0.2085422  0.13817231 0.0740283
  0.         0.         0.         0.         0.         0.
  0.         0.07537376 0.        ]
 [0.27978644 0.78855131 0.76507977 0.46951598 0.50488603 0.24548145
  0.         0.         0.27683686 0.19149598 0.14623987 0.
  0.         0.57618153 0.        ]
 [0.         0.08516888 0.         0.06085779 0.11861394 0.
  0.         0.         0.01818318 0.         0.         0.
  0.         0.         0.        ]
 [0.         0.05059452 0.07684587 0.         0.0276731  0.
  0.         0.         0.         0.         0.         0.
  0.         0.         0.        ]
 [0.46701077 0.15024298 0.28016009 0.27685406 0.21367428 0.35028116
  0.         0.14763071 0.         0.         0.03451193 0.
  0.09571773 0.         0.        ]
 [0.         0.08203862 0.05414335 0.07271559 0.09644815 0.06824943
  0.         0.         0.         0.         0.         0.
  0.02694005 0.0910909  0.        ]
 [0.         0.         0.         0.09472911 0.06250532 0.
  0.         0.         0.         0.         0.         0.
  0.         0.         0.        ]
 [0.         0.         0.         0.15102375 0.07802267 0.
  0.         0.         0.         0.         0.         0.
  0.         0.         0.        ]
 [0.         0.57703197 0.54904056 0.37293917 0.16002395 0.0428281
  0.         0.         0.42653646 0.12180166 0.00659659 0.
  0.         0.15728985 0.14890411]
 [0.05728832 0.09047252 0.00210747 0.         0.0800576  0.04839427
  0.         0.         0.         0.         0.         0.
  0.02128006 0.         0.        ]
 [0.         0.         0.02160015 0.27427934 0.27737552 0.
  0.         0.         0.0331797  0.11428708 0.         0.
  0.         0.         0.        ]
 [0.         0.46091431 0.23929452 0.15830272 0.23244209 0.00525031
  0.         0.         0.         0.05726212 0.         0.04401835
  0.         0.0441436  0.        ]
 [0.         0.0963513  0.         0.13291214 0.         0.03351146
  0.         0.         0.         0.         0.         0.01264081
  0.         0.         0.        ]
 [0.         0.12254307 0.         0.2311295  0.         0.01291762
  0.         0.         0.         0.00715871 0.         0.
  0.         0.         0.        ]
 [0.43113606 0.54545525 0.83477019 0.65771926 0.52331867 0.30198884
  0.         0.30448095 0.37970519 0.17652084 0.32596013 0.
  0.         0.         0.01019197]
 [0.         0.0169442  0.         0.1500018  0.         0.
  0.         0.         0.         0.         0.         0.01298432
  0.         0.         0.        ]
 [0.47514984 0.14428146 0.22425428 0.26436468 0.20357742 0.5078681
  0.96615609 1.07331383 0.65148475 0.74701055 1.08690902 1.30432015
  1.32578791 1.44358556 1.38155826]]

6
----------------------------------------------------------------------------------
[[0.         0.         0.         0.         0.         0.
  0.         0.         0.         0.         0.         0.
  0.         0.         0.        ]
 [0.34192103 0.         0.         0.         0.         0.
  0.09711339 0.         0.10011578 0.06704268 0.         0.
  0.1225765  0.         0.        ]
 [0.40841747 0.63556967 0.         0.         0.         0.
  0.13328521 0.09152354 0.         0.34141556 0.01626596 0.06420406
  0.24269924 0.         0.        ]
 [0.         0.         0.         0.         0.         0.
  0.         0.         0.         0.         0.         0.
  0.         0.         0.        ]
 [0.         0.         0.         0.         0.         0.
  0.         0.         0.         0.         0.         0.
  0.         0.         0.        ]
 [0.53444694 0.         0.         0.         0.12362991 0.
  0.1489187  0.01478961 0.         0.         0.         0.
  0.         0.19432327 0.        ]
 [0.06282113 0.         0.         0.         0.         0.
  0.         0.         0.         0.06715845 0.         0.
  0.         0.         0.        ]
 [0.         0.         0.         0.         0.         0.
  0.         0.         0.         0.         0.         0.
  0.         0.         0.        ]
 [0.         0.24735213 0.         0.         0.         0.
  0.         0.         0.         0.         0.         0.
  0.         0.         0.        ]
 [0.17138635 0.         0.         0.         0.         0.
  0.59833897 0.25284653 0.         0.12219758 0.         0.
  0.         0.0457003  0.        ]
 [0.         0.24053085 0.         0.         0.         0.29625926
  0.         0.01402269 0.         0.         0.         0.
  0.         0.         0.        ]
 [0.         0.01596584 0.         0.         0.         0.
  0.00350629 0.         0.         0.         0.         0.
  0.         0.         0.        ]
 [0.66490826 0.31030388 0.         0.         0.         0.
  0.2418973  0.17670957 0.3613813  0.         0.         0.
  0.14326774 0.09969563 0.        ]
 [0.07760409 0.06424795 0.03449974 0.         0.05449624 0.
  0.         0.         0.         0.         0.         0.
  0.         0.09207995 0.        ]
 [0.07736376 0.13315852 0.05394339 0.         0.13509517 0.
  0.         0.         0.         0.03204246 0.         0.
  0.         0.38332234 0.        ]
 [0.59573238 0.         0.4161953  0.         0.58076602 0.11212008
  0.         0.         0.03315669 0.29402607 0.         0.05095923
  0.59233234 1.24489796 0.58312934]
 [0.         0.10121985 0.         0.         0.         0.
  0.         0.         0.         0.         0.         0.
  0.         0.         0.        ]
 [1.32946701 1.3149238  1.64979307 1.70521018 0.92290552 0.80120886
  0.45884605 0.60953321 0.91757756 0.64060915 1.02691233 1.16916637
  1.28468331 1.14629443 1.30496657]]

7
----------------------------------------------------------------------------------
[[0.         0.         0.07034856 0.         0.00694243 0.
  0.24560949 0.01529595 0.12677152 0.         0.28477208 0.
  0.086843   0.09978557 0.        ]
 [0.09735178 0.15916601 0.18310596 0.         0.         0.
  0.38706759 0.07033094 0.01747196 0.33096803 0.30301955 0.
  0.09277464 0.16160694 0.        ]
 [0.24778998 0.30553247 0.48540459 0.         0.20154803 0.11236193
  0.20952099 0.41658732 0.27432738 0.02101085 0.5930437  0.03252626
  0.58807319 0.27982744 0.        ]
 [0.         0.         0.         0.         0.         0.
  0.14599652 0.         0.16196527 0.         0.15631298 0.
  0.1513527  0.         0.        ]
 [0.         0.00494068 0.         0.         0.08385742 0.
  0.15122941 0.         0.29471469 0.         0.31624312 0.
  0.15630085 0.         0.        ]
 [0.         0.55265137 0.09478581 0.         0.20009362 0.
  0.21902627 0.         0.26838204 0.16001791 0.48059593 0.
  0.10334645 0.3135129  0.        ]
 [0.         0.         0.0413931  0.         0.10660545 0.
  0.14031484 0.00510712 0.21322715 0.         0.31827663 0.
  0.05723232 0.26110094 0.        ]
 [0.         0.         0.         0.         0.         0.
  0.1756888  0.         0.         0.33208943 0.2758823  0.
  0.13036131 0.         0.        ]
 [0.         0.         0.         0.         0.0200705  0.
  0.09647353 0.         0.12624594 0.04076815 0.32819707 0.
  0.11079555 0.         0.        ]
 [0.         0.2952148  0.12437039 0.03761088 0.32718065 0.1400149
  0.35400946 0.         0.37116017 0.03647069 0.48611505 0.01534939
  0.27268241 0.36124453 0.37410387]
 [0.         0.07769933 0.         0.03362317 0.28503992 0.
  0.06848619 0.         0.31183689 0.         0.43610663 0.
  0.1544053  0.02242774 0.        ]
 [0.         0.         0.         0.         0.         0.
  0.38538242 0.         0.         0.00987976 0.35560721 0.
  0.65216189 0.33740511 0.        ]
 [0.03463741 0.01977561 0.02353473 0.37323562 0.50767414 0.21056573
  0.5113926  0.29944927 0.16350626 0.16829883 0.54059307 0.
  0.17602736 0.47323818 0.07427129]
 [0.         0.         0.         0.         0.19437622 0.04657957
  0.55844526 0.         0.03757348 0.         0.09041779 0.
  0.11584694 0.         0.        ]
 [0.         0.         0.         0.         0.61815642 0.28087639
  0.54320186 0.         0.         0.12183638 0.22209082 0.
  0.13460348 0.         0.        ]
 [0.05859242 0.43011749 0.2062092  0.         0.58576234 0.27810642
  0.25271386 0.44052808 0.18386804 0.08680823 0.58305729 0.
  0.2462118  0.19479467 0.        ]
 [0.         0.         0.00542738 0.         0.         0.
  0.32567132 0.         0.         0.03029267 0.17667013 0.
  0.22042547 0.         0.        ]
 [0.98992421 0.75850458 0.8880553  1.12401696 0.73280653 1.06365573
  0.53121995 0.86963438 0.55463237 0.65332701 0.22312993 0.57463973
  0.32730711 0.31848973 0.7459215 ]]

8
----------------------------------------------------------------------------------
[[0.19939383 0.         0.         0.         0.12805528 0.
  0.         0.         0.         0.03066047 0.         0.
  0.         0.         0.        ]
 [0.23251945 0.60039649 0.         0.         0.22191023 0.09907233
  0.09839276 0.         0.         0.24140244 0.01072106 0.14837459
  0.08949179 0.07778948 0.        ]
 [0.29170346 0.25528769 0.06014834 0.27841918 0.31196797 0.11810775
  0.17561003 0.24027228 0.3961449  0.50990377 0.1431164  0.09780539
  0.56633967 0.23992631 0.35321412]
 [0.         0.18467744 0.         0.         0.0031152  0.
  0.         0.         0.         0.         0.         0.
  0.         0.         0.        ]
 [0.01892606 0.30696108 0.         0.         0.07018477 0.
  0.         0.         0.         0.02289061 0.         0.00837658
  0.         0.         0.        ]
 [0.19313007 0.18292703 0.04529097 0.1380064  0.37768358 0.08269741
  0.0057755  0.         0.00481513 0.20405146 0.         0.24544093
  0.03714015 0.1143131  0.29426759]
 [0.12787976 0.32233109 0.         0.         0.03503708 0.
  0.         0.         0.         0.         0.         0.
  0.         0.         0.        ]
 [0.05439583 0.         0.         0.00903215 0.03542223 0.
  0.         0.         0.         0.         0.         0.
  0.         0.         0.        ]
 [0.05856948 0.         0.         0.         0.         0.
  0.         0.         0.         0.         0.00173484 0.
  0.         0.         0.        ]
 [0.         0.33685294 0.00667227 0.13452775 0.2586467  0.30171638
  0.0982927  0.         0.00727907 0.13434592 0.         0.68628465
  0.16682271 0.09086949 0.26600039]
 [0.00925551 0.11318371 0.         0.         0.         0.
  0.         0.         0.         0.         0.         0.
  0.         0.         0.        ]
 [0.18086907 0.         0.         0.         0.23842175 0.0580381
  0.         0.         0.         0.         0.19953156 0.
  0.         0.         0.03923718]
 [0.04660491 0.04027328 0.         0.16229816 0.18604578 0.119293
  0.07727946 0.19994994 0.00953422 0.         0.23927752 0.34153025
  0.3729836  0.1099231  0.09764639]
 [0.         0.0966205  0.         0.01203684 0.         0.
  0.         0.         0.         0.         0.         0.
  0.         0.03736194 0.00592017]
 [0.         0.         0.         0.03179513 0.         0.
  0.         0.         0.         0.         0.         0.
  0.1086067  0.05271696 0.        ]
 [0.         0.61663539 0.         0.3695534  0.26846132 0.11459495
  0.22327481 0.2555931  0.01725614 0.         0.25631414 0.40141956
  0.29190631 0.28110676 0.07298173]
 [0.         0.         0.         0.         0.         0.
  0.         0.         0.         0.         0.         0.
  0.         0.04146279 0.        ]
 [0.63831749 0.52722324 0.70917814 0.38130876 0.2558596  0.46861649
  0.32357839 0.66200224 0.70468268 0.5385247  0.44336644 0.25758848
  0.34988836 0.41632121 0.45579279]]

9
----------------------------------------------------------------------------------
[[0.00000000e+00 2.30978305e-02 0.00000000e+00 0.00000000e+00
  3.46131087e-02 0.00000000e+00 2.80008778e-02 9.01368821e-02
  0.00000000e+00 0.00000000e+00 7.43391857e-02 0.00000000e+00
  0.00000000e+00 1.10402299e-01 0.00000000e+00]
 [0.00000000e+00 2.69873950e-02 0.00000000e+00 0.00000000e+00
  2.96935050e-01 6.30732207e-02 3.68449196e-01 2.03335550e-01
  2.79716109e-01 2.06270230e-01 1.65341435e-01 2.15912860e-01
  2.17262035e-01 3.41061405e-01 3.29164633e-01]
 [1.68510652e-01 1.95172387e-01 3.36056598e-01 0.00000000e+00
  1.26761301e+00 1.11000125e-01 3.11494644e-02 2.80048021e-01
  8.91266832e-02 4.49803501e-01 1.96941066e-01 8.91486057e-01
  3.35709128e-01 3.41999604e-01 4.70161897e-01]
 [0.00000000e+00 1.51747962e-01 0.00000000e+00 0.00000000e+00
  0.00000000e+00 1.79820062e-02 5.18833841e-03 6.00011558e-02
  0.00000000e+00 0.00000000e+00 0.00000000e+00 0.00000000e+00
  0.00000000e+00 0.00000000e+00 0.00000000e+00]
 [6.67158533e-02 1.63767733e-01 0.00000000e+00 0.00000000e+00
  0.00000000e+00 0.00000000e+00 0.00000000e+00 0.00000000e+00
  2.60908794e-02 0.00000000e+00 8.34598502e-03 0.00000000e+00
  0.00000000e+00 0.00000000e+00 7.47823397e-02]
 [9.42696937e-02 2.30408491e-01 0.00000000e+00 0.00000000e+00
  0.00000000e+00 9.77633691e-02 1.09836815e-01 1.73280444e-01
  3.51111638e-01 2.50580464e-01 5.23066278e-01 4.43872014e-01
  0.00000000e+00 2.45142929e-01 3.09654507e-01]
 [0.00000000e+00 1.71198621e-01 1.13611913e-01 0.00000000e+00
  0.00000000e+00 2.30554708e-02 0.00000000e+00 0.00000000e+00
  2.09767551e-02 0.00000000e+00 1.05738529e-01 0.00000000e+00
  1.41621515e-02 0.00000000e+00 1.81303189e-01]
 [0.00000000e+00 0.00000000e+00 0.00000000e+00 0.00000000e+00
  0.00000000e+00 0.00000000e+00 8.76850547e-02 0.00000000e+00
  2.22182483e-02 0.00000000e+00 0.00000000e+00 0.00000000e+00
  6.85196748e-02 0.00000000e+00 0.00000000e+00]
 [0.00000000e+00 0.00000000e+00 0.00000000e+00 0.00000000e+00
  0.00000000e+00 0.00000000e+00 0.00000000e+00 0.00000000e+00
  0.00000000e+00 0.00000000e+00 0.00000000e+00 0.00000000e+00
  0.00000000e+00 0.00000000e+00 0.00000000e+00]
 [5.08163604e-01 2.16473343e-01 2.26868173e-01 0.00000000e+00
  2.51611640e-01 1.25998110e-02 1.89231902e-01 1.13519994e-01
  4.63323076e-01 3.26836972e-01 3.83137941e-01 2.67537175e-01
  8.18850864e-02 2.77068740e-01 1.69854290e-01]
 [0.00000000e+00 0.00000000e+00 0.00000000e+00 0.00000000e+00
  0.00000000e+00 0.00000000e+00 8.79521640e-02 0.00000000e+00
  7.44736085e-02 1.40360984e-01 0.00000000e+00 0.00000000e+00
  6.65055470e-02 0.00000000e+00 6.18088647e-03]
 [0.00000000e+00 7.35356510e-02 0.00000000e+00 0.00000000e+00
  1.04140126e-01 5.03494066e-02 2.86929876e-01 0.00000000e+00
  9.18529082e-02 3.12208763e-04 2.48355531e-01 0.00000000e+00
  1.14292495e-01 2.60517532e-01 2.38442009e-01]
 [1.70007985e-01 3.44180184e-01 0.00000000e+00 0.00000000e+00
  1.08110216e-01 5.50141439e-01 4.26159248e-01 4.88442361e-01
  2.04444653e-01 5.09242600e-01 2.19373248e-01 1.99354853e-01
  3.45116171e-01 0.00000000e+00 3.50289416e-01]
 [0.00000000e+00 0.00000000e+00 0.00000000e+00 0.00000000e+00
  0.00000000e+00 0.00000000e+00 0.00000000e+00 1.16281918e-01
  5.87976227e-02 0.00000000e+00 1.81244004e-01 0.00000000e+00
  0.00000000e+00 4.49657674e-02 5.32394219e-02]
 [0.00000000e+00 0.00000000e+00 0.00000000e+00 0.00000000e+00
  0.00000000e+00 0.00000000e+00 6.04316679e-02 3.95077623e-01
  3.16006527e-01 1.46860939e-01 2.61500497e-01 0.00000000e+00
  1.48290618e-02 5.54232993e-02 1.64796754e-01]
 [1.20211466e-01 2.80561696e-01 0.00000000e+00 0.00000000e+00
  0.00000000e+00 2.50305499e-01 1.89153491e-01 3.32826493e-01
  2.68551567e-01 5.83766849e-01 7.41084775e-01 5.51959243e-02
  4.74873135e-01 2.06760184e-01 5.18266819e-01]
 [0.00000000e+00 0.00000000e+00 3.00855887e-02 0.00000000e+00
  0.00000000e+00 0.00000000e+00 3.32999979e-02 1.57902807e-01
  1.73595625e-01 7.72286314e-02 2.26105771e-01 0.00000000e+00
  0.00000000e+00 5.25959673e-02 6.83218275e-02]
 [4.37101652e-01 3.09593632e-01 7.70415702e-01 1.06545114e+00
  5.23484843e-01 2.93494487e-01 4.47129951e-01 3.15529920e-01
  3.95600767e-01 3.75286948e-01 4.28551991e-01 2.94259908e-01
  2.94711932e-01 3.70623832e-01 2.16551298e-01]]

10
----------------------------------------------------------------------------------
[[8.18550078e-02 0.00000000e+00 0.00000000e+00 0.00000000e+00
  9.75462172e-02 0.00000000e+00 8.38530984e-02 0.00000000e+00
  0.00000000e+00 0.00000000e+00 1.25329928e-01 0.00000000e+00
  2.23331214e-02 0.00000000e+00 0.00000000e+00]
 [2.38521496e-01 4.76978404e-02 0.00000000e+00 2.14493813e-01
  3.13867362e-01 5.59749511e-02 2.45017685e-01 2.51186038e-01
  2.58772924e-01 0.00000000e+00 1.11817716e-01 1.04961114e-01
  0.00000000e+00 1.48471661e-02 0.00000000e+00]
 [4.66616483e-01 9.71214258e-02 3.91736022e-01 1.29538842e-01
  3.80863596e-01 0.00000000e+00 6.33262254e-01 1.33753885e-01
  4.52408466e-01 1.83150212e-01 3.24221819e-01 4.21095678e-01
  3.76480123e-02 3.17251879e-01 3.67798555e-03]
 [0.00000000e+00 0.00000000e+00 0.00000000e+00 0.00000000e+00
  0.00000000e+00 0.00000000e+00 3.27190117e-02 1.56383156e-03
  0.00000000e+00 0.00000000e+00 0.00000000e+00 1.96234060e-01
  3.42867323e-02 0.00000000e+00 0.00000000e+00]
 [6.32354412e-02 1.25758511e-02 0.00000000e+00 4.58196579e-02
  9.22239192e-02 0.00000000e+00 2.79549166e-02 0.00000000e+00
  0.00000000e+00 0.00000000e+00 1.03720932e-03 5.85637665e-02
  3.13864756e-02 4.62908680e-02 0.00000000e+00]
 [3.83648778e-01 1.31956906e-01 0.00000000e+00 1.25593652e-01
  1.78771530e-01 1.84768206e-01 1.71327440e-01 9.96076639e-02
  4.32414859e-02 2.27751853e-01 3.09135718e-02 6.31603977e-01
  5.22939562e-01 1.75114931e-01 1.27095794e-01]
 [1.72124871e-01 0.00000000e+00 0.00000000e+00 5.94527211e-03
  6.17554292e-02 0.00000000e+00 7.55582791e-02 0.00000000e+00
  5.08958520e-03 0.00000000e+00 0.00000000e+00 9.67338163e-02
  0.00000000e+00 1.13213420e-01 0.00000000e+00]
 [4.69811179e-02 0.00000000e+00 0.00000000e+00 0.00000000e+00
  0.00000000e+00 0.00000000e+00 3.90736114e-02 0.00000000e+00
  5.52164873e-02 0.00000000e+00 0.00000000e+00 6.97986496e-02
  0.00000000e+00 6.12205193e-02 0.00000000e+00]
 [6.10714269e-02 0.00000000e+00 0.00000000e+00 0.00000000e+00
  0.00000000e+00 0.00000000e+00 0.00000000e+00 0.00000000e+00
  3.40807399e-02 0.00000000e+00 0.00000000e+00 6.24925074e-02
  0.00000000e+00 1.21365204e-02 0.00000000e+00]
 [8.20881745e-02 2.75602292e-01 0.00000000e+00 0.00000000e+00
  3.53665242e-01 2.76404049e-02 0.00000000e+00 2.87068169e-01
  3.47599319e-01 5.61069154e-02 1.71466042e-01 0.00000000e+00
  1.29117823e-01 0.00000000e+00 0.00000000e+00]
 [4.36617782e-01 0.00000000e+00 0.00000000e+00 0.00000000e+00
  7.71415239e-03 0.00000000e+00 5.08292973e-02 0.00000000e+00
  0.00000000e+00 0.00000000e+00 3.55908724e-02 1.98357678e-01
  0.00000000e+00 8.23092360e-02 0.00000000e+00]
 [8.29548910e-02 1.60088415e-02 0.00000000e+00 4.33840957e-02
  1.73206372e-01 0.00000000e+00 0.00000000e+00 0.00000000e+00
  1.33212558e-01 0.00000000e+00 1.73459625e-02 1.16999431e-01
  2.44377093e-02 4.02753233e-02 5.49444899e-02]
 [3.13373981e-01 1.18687617e-01 3.85885230e-01 4.06009167e-01
  4.31290527e-01 0.00000000e+00 1.24971068e-01 3.59414571e-01
  1.37410959e-01 2.23526332e-01 5.96912266e-01 2.22035954e-01
  5.22628295e-01 1.84358077e-01 0.00000000e+00]
 [3.74392522e-02 0.00000000e+00 0.00000000e+00 0.00000000e+00
  7.89079794e-02 0.00000000e+00 0.00000000e+00 1.38428146e-01
  1.21357468e-01 0.00000000e+00 0.00000000e+00 0.00000000e+00
  6.44633424e-01 0.00000000e+00 0.00000000e+00]
 [1.25269043e-01 0.00000000e+00 0.00000000e+00 0.00000000e+00
  0.00000000e+00 0.00000000e+00 0.00000000e+00 1.65742785e-01
  1.11217082e-01 0.00000000e+00 0.00000000e+00 1.35801923e-01
  1.54783484e+00 1.24771000e-01 0.00000000e+00]
 [1.88413979e-01 1.01571273e-01 4.43528581e-01 0.00000000e+00
  1.79115457e-01 2.01066755e-03 2.90922662e-01 1.42307373e-01
  3.00495109e-01 6.30294124e-02 8.52795504e-03 0.00000000e+00
  5.74540487e-01 0.00000000e+00 0.00000000e+00]
 [1.57950437e-01 0.00000000e+00 0.00000000e+00 4.00939754e-02
  6.58645858e-02 0.00000000e+00 1.18305926e-01 1.61172573e-01
  1.38973724e-01 0.00000000e+00 2.37048567e-01 1.33047954e-01
  8.22826739e-01 1.85137781e-02 0.00000000e+00]
 [3.54495577e-01 5.73867392e-01 6.93411640e-01 5.49322417e-01
  2.03258660e-01 5.93044525e-01 5.85452941e-01 4.89268956e-01
  4.86508136e-01 6.66883316e-01 5.71072991e-01 8.03407626e-01
  6.16145609e-01 7.11195725e-01 8.82274566e-01]]

11
----------------------------------------------------------------------------------
[[0.00000000e+00 0.00000000e+00 7.08851918e-03 0.00000000e+00
  0.00000000e+00 0.00000000e+00 3.15354552e-02 0.00000000e+00
  9.20906032e-03 0.00000000e+00 0.00000000e+00 0.00000000e+00
  0.00000000e+00 0.00000000e+00 7.14354249e-02]
 [0.00000000e+00 1.45135397e-02 1.40929504e-01 0.00000000e+00
  4.05562437e-02 0.00000000e+00 0.00000000e+00 3.10424830e-02
  2.35653549e-01 3.10148670e-02 1.60603081e-01 1.48005333e-01
  4.00403132e-01 3.80642315e-01 1.17888433e-01]
 [1.86411043e-01 3.41374277e-01 9.74890370e-01 1.79041352e-02
  2.38523261e-01 9.68635921e-03 0.00000000e+00 2.86849287e-01
  4.68162555e-01 8.21422950e-01 2.76296741e-01 2.29217443e-01
  2.97362719e-01 2.14529869e-01 1.17527090e-01]
 [0.00000000e+00 0.00000000e+00 0.00000000e+00 0.00000000e+00
  0.00000000e+00 0.00000000e+00 0.00000000e+00 0.00000000e+00
  4.27365608e-02 0.00000000e+00 0.00000000e+00 0.00000000e+00
  0.00000000e+00 0.00000000e+00 0.00000000e+00]
 [0.00000000e+00 3.69772275e-03 3.39712197e-02 0.00000000e+00
  0.00000000e+00 0.00000000e+00 0.00000000e+00 0.00000000e+00
  1.27860228e-02 0.00000000e+00 0.00000000e+00 0.00000000e+00
  0.00000000e+00 1.61023280e-02 2.00408898e-02]
 [3.04551735e-01 0.00000000e+00 9.91889278e-02 2.84536444e-01
  1.33873990e-01 7.08023363e-02 3.00516734e-01 1.51120956e-03
  2.36067596e-01 2.35061948e-01 2.89496703e-01 2.14955921e-01
  2.32747402e-01 1.26088993e-01 2.80064771e-01]
 [0.00000000e+00 0.00000000e+00 0.00000000e+00 0.00000000e+00
  0.00000000e+00 0.00000000e+00 3.16614324e-02 0.00000000e+00
  0.00000000e+00 0.00000000e+00 0.00000000e+00 0.00000000e+00
  0.00000000e+00 8.53240422e-02 1.36666918e-02]
 [0.00000000e+00 0.00000000e+00 0.00000000e+00 0.00000000e+00
  0.00000000e+00 0.00000000e+00 0.00000000e+00 0.00000000e+00
  0.00000000e+00 0.00000000e+00 0.00000000e+00 0.00000000e+00
  0.00000000e+00 0.00000000e+00 0.00000000e+00]
 [0.00000000e+00 0.00000000e+00 0.00000000e+00 0.00000000e+00
  0.00000000e+00 0.00000000e+00 0.00000000e+00 0.00000000e+00
  0.00000000e+00 0.00000000e+00 0.00000000e+00 0.00000000e+00
  0.00000000e+00 0.00000000e+00 0.00000000e+00]
 [0.00000000e+00 2.86550728e-01 6.00155582e-01 2.17176085e-01
  8.43455268e-02 0.00000000e+00 4.05316272e-01 3.54250586e-01
  3.25165234e-01 5.80351682e-04 4.49602415e-01 7.64916857e-01
  5.41919348e-01 5.33089235e-01 1.13103718e-01]
 [0.00000000e+00 2.37272871e-02 0.00000000e+00 0.00000000e+00
  1.51029297e-02 0.00000000e+00 0.00000000e+00 0.00000000e+00
  0.00000000e+00 0.00000000e+00 0.00000000e+00 5.88570687e-02
  0.00000000e+00 3.01298004e-02 5.95870855e-02]
 [0.00000000e+00 0.00000000e+00 0.00000000e+00 0.00000000e+00
  0.00000000e+00 0.00000000e+00 0.00000000e+00 0.00000000e+00
  2.20957684e-01 1.07113589e-01 1.31320506e-01 2.97910112e-02
  0.00000000e+00 6.59674487e-02 1.02813797e-01]
 [0.00000000e+00 4.36462905e-02 3.82836281e-02 6.19616543e-01
  2.78148513e-01 5.75502477e-02 1.48529409e-01 3.25052557e-02
  1.02686011e-01 6.73337019e-02 1.78745441e-01 7.46500182e-01
  2.20019947e-01 4.09636890e-01 2.64253541e-01]
 [0.00000000e+00 1.07905608e-01 2.48369221e-01 0.00000000e+00
  0.00000000e+00 0.00000000e+00 2.35149358e-01 0.00000000e+00
  6.86259546e-02 2.02705925e-01 0.00000000e+00 1.05440720e-01
  3.48645344e-02 0.00000000e+00 4.58432691e-02]
 [0.00000000e+00 6.78877201e-01 2.87793552e-01 1.76590858e-02
  0.00000000e+00 0.00000000e+00 0.00000000e+00 0.00000000e+00
  1.74692973e-01 7.87668324e-01 0.00000000e+00 3.83940891e-01
  8.99358369e-01 6.73834050e-01 5.14464864e-01]
 [3.71741545e-01 1.16997378e+00 7.13202151e-01 3.24123590e-01
  1.05324599e-01 2.73284926e-03 7.14453322e-01 1.92146059e-01
  5.37072185e-01 5.83899885e-01 1.10349373e-01 4.34163839e-01
  9.48131412e-01 6.15581163e-01 8.49655178e-01]
 [0.00000000e+00 0.00000000e+00 0.00000000e+00 0.00000000e+00
  0.00000000e+00 0.00000000e+00 0.00000000e+00 0.00000000e+00
  0.00000000e+00 6.17069263e-01 0.00000000e+00 9.58541347e-02
  3.62044853e-01 1.84866648e-01 8.37114687e-02]
 [1.05787729e+00 9.65318068e-01 7.19530939e-01 9.71361238e-01
  1.07162686e+00 1.06701917e+00 6.66762618e-01 5.98852920e-01
  4.11713228e-01 3.77251540e-01 3.71237802e-01 3.10454800e-01
  2.79748684e-01 2.61367585e-01 2.18889026e-01]]

12
----------------------------------------------------------------------------------
[[0.10446213 0.06822767 0.         0.         0.00752397 0.
  0.02912908 0.05397265 0.         0.18471881 0.20896254 0.01397586
  0.01001261 0.         0.        ]
 [0.26959017 0.27161342 0.13875769 0.61777157 0.5323412  0.11906338
  0.5042899  0.09222395 0.         0.3151785  0.32785777 0.01899622
  0.11813721 0.09555025 0.        ]
 [0.64133846 0.62697102 0.2121514  0.28819291 0.15976363 0.31209377
  0.1738941  0.3960963  0.         0.32415885 0.39795128 0.22024526
  0.         0.3164307  0.37471061]
 [0.         0.08222466 0.         0.         0.01065207 0.00218007
  0.00474359 0.0968076  0.         0.06488675 0.1834935  0.
  0.05645559 0.         0.        ]
 [0.06562883 0.02803173 0.         0.         0.         0.
  0.         0.08679758 0.         0.07925478 0.10167171 0.06076664
  0.         0.         0.        ]
 [0.13312665 0.36157203 0.11337426 0.03200987 0.29649975 0.08606879
  0.29124995 0.4223671  0.         0.93202135 0.40720103 0.07951417
  0.         0.         0.        ]
 [0.0328701  0.03269221 0.03124883 0.         0.         0.
  0.         0.26709159 0.         0.05475887 0.25773478 0.00937403
  0.         0.08869236 0.        ]
 [0.         0.0723549  0.         0.         0.04228359 0.
  0.         0.18665139 0.         0.01367743 0.10497798 0.
  0.         0.         0.        ]
 [0.         0.         0.         0.         0.02347829 0.
  0.         0.02859679 0.         0.03268727 0.02577463 0.
  0.         0.         0.        ]
 [0.31549483 0.20649207 0.35504238 0.22817158 0.28372095 0.15829765
  0.48511176 0.38354279 0.         0.10035207 0.51599451 0.58569354
  0.         0.         0.        ]
 [0.02917625 0.         0.         0.         0.1335878  0.
  0.22522289 0.17461718 0.         0.15930958 0.06887958 0.
  0.         0.         0.        ]
 [0.08429645 0.05398637 0.00237767 0.         0.1410874  0.
  0.         0.         0.         0.04915834 0.15116812 0.
  0.         0.         0.        ]
 [0.29458592 0.38069403 0.35364029 0.0383028  0.64709164 0.23561382
  0.22002093 0.07903681 0.         0.35844575 0.3041645  0.5297249
  0.4585207  0.16137709 0.        ]
 [0.04439365 0.         0.         0.         0.         0.
  0.36164519 0.         0.         0.18117534 0.84399732 0.13271487
  0.04740253 0.         0.        ]
 [0.0829587  0.02090159 0.         0.         0.01173332 0.09074062
  0.27488746 0.         0.         0.54082229 1.45217627 0.8071696
  0.08277305 0.         0.        ]
 [0.48062044 0.71404377 0.33618055 0.26382012 0.45101677 0.83298682
  0.57183702 0.29526774 0.         0.28253298 0.59750816 0.49783077
  0.26922107 0.22240528 0.        ]
 [0.         0.         0.06427733 0.         0.05308664 0.
  0.17190748 0.         0.         0.17718587 0.48282285 0.18010492
  0.         0.         0.        ]
 [0.33936413 0.2526744  0.29038639 0.59014309 0.40610405 0.52981867
  0.49139238 0.30453617 0.98068526 0.32839984 0.14390992 0.42363556
  0.69536659 0.67906039 0.81704439]]

13
----------------------------------------------------------------------------------
[[0.00000000e+00 0.00000000e+00 0.00000000e+00 0.00000000e+00
  2.26852220e-01 0.00000000e+00 2.09347401e-04 0.00000000e+00
  0.00000000e+00 0.00000000e+00 0.00000000e+00 0.00000000e+00
  0.00000000e+00 0.00000000e+00 0.00000000e+00]
 [2.18038088e-01 0.00000000e+00 0.00000000e+00 1.76936419e-02
  2.91451145e-01 0.00000000e+00 2.30972254e-01 1.71948805e-01
  0.00000000e+00 0.00000000e+00 0.00000000e+00 0.00000000e+00
  0.00000000e+00 0.00000000e+00 0.00000000e+00]
 [0.00000000e+00 5.13690967e-02 1.79765664e-01 4.04896475e-01
  4.98798346e-01 0.00000000e+00 4.29845449e-01 2.57317786e-01
  1.57536555e-02 4.03265973e-01 0.00000000e+00 0.00000000e+00
  0.00000000e+00 0.00000000e+00 0.00000000e+00]
 [0.00000000e+00 0.00000000e+00 0.00000000e+00 3.38012173e-02
  0.00000000e+00 0.00000000e+00 0.00000000e+00 0.00000000e+00
  0.00000000e+00 0.00000000e+00 0.00000000e+00 0.00000000e+00
  0.00000000e+00 0.00000000e+00 0.00000000e+00]
 [0.00000000e+00 0.00000000e+00 8.14666838e-02 1.07642543e-01
  0.00000000e+00 0.00000000e+00 0.00000000e+00 0.00000000e+00
  0.00000000e+00 0.00000000e+00 0.00000000e+00 0.00000000e+00
  0.00000000e+00 0.00000000e+00 0.00000000e+00]
 [0.00000000e+00 0.00000000e+00 0.00000000e+00 2.65852087e-01
  1.96161760e-03 0.00000000e+00 1.44396309e-01 0.00000000e+00
  0.00000000e+00 0.00000000e+00 3.58802434e-02 0.00000000e+00
  0.00000000e+00 1.23006894e-01 0.00000000e+00]
 [0.00000000e+00 0.00000000e+00 0.00000000e+00 1.05507077e-01
  0.00000000e+00 0.00000000e+00 0.00000000e+00 0.00000000e+00
  0.00000000e+00 0.00000000e+00 0.00000000e+00 0.00000000e+00
  0.00000000e+00 0.00000000e+00 0.00000000e+00]
 [0.00000000e+00 0.00000000e+00 0.00000000e+00 6.21219452e-02
  0.00000000e+00 0.00000000e+00 0.00000000e+00 0.00000000e+00
  0.00000000e+00 0.00000000e+00 0.00000000e+00 0.00000000e+00
  0.00000000e+00 0.00000000e+00 0.00000000e+00]
 [0.00000000e+00 0.00000000e+00 0.00000000e+00 5.58155022e-02
  0.00000000e+00 0.00000000e+00 0.00000000e+00 0.00000000e+00
  0.00000000e+00 0.00000000e+00 0.00000000e+00 0.00000000e+00
  0.00000000e+00 0.00000000e+00 0.00000000e+00]
 [5.63148965e-01 4.84853552e-02 0.00000000e+00 2.50146029e-01
  0.00000000e+00 0.00000000e+00 0.00000000e+00 9.87634079e-03
  0.00000000e+00 0.00000000e+00 2.92092333e-01 0.00000000e+00
  0.00000000e+00 0.00000000e+00 8.73332694e-02]
 [2.03981138e-02 0.00000000e+00 0.00000000e+00 0.00000000e+00
  0.00000000e+00 0.00000000e+00 0.00000000e+00 0.00000000e+00
  0.00000000e+00 0.00000000e+00 0.00000000e+00 0.00000000e+00
  0.00000000e+00 0.00000000e+00 0.00000000e+00]
 [0.00000000e+00 0.00000000e+00 2.27084897e-02 2.36846907e-02
  0.00000000e+00 0.00000000e+00 1.07574575e-01 9.84225696e-04
  0.00000000e+00 0.00000000e+00 0.00000000e+00 0.00000000e+00
  0.00000000e+00 0.00000000e+00 0.00000000e+00]
 [1.85964443e-01 1.39756191e-01 7.53819599e-02 3.23258497e-01
  1.92251819e-01 0.00000000e+00 6.83855541e-02 1.61540753e-01
  0.00000000e+00 6.19213691e-02 0.00000000e+00 0.00000000e+00
  0.00000000e+00 0.00000000e+00 0.00000000e+00]
 [1.54244579e-01 1.38679734e-01 0.00000000e+00 2.24806570e-01
  0.00000000e+00 0.00000000e+00 0.00000000e+00 0.00000000e+00
  0.00000000e+00 0.00000000e+00 0.00000000e+00 0.00000000e+00
  0.00000000e+00 0.00000000e+00 0.00000000e+00]
 [4.58358491e-01 3.05654533e-01 2.99332888e-01 3.42967337e-01
  9.19446525e-02 0.00000000e+00 0.00000000e+00 0.00000000e+00
  3.42298206e-02 0.00000000e+00 0.00000000e+00 0.00000000e+00
  0.00000000e+00 0.00000000e+00 6.94560953e-02]
 [4.44130012e-01 8.32478638e-02 3.95319687e-01 2.81292640e-01
  3.72473593e-01 2.76407731e-01 0.00000000e+00 2.69174667e-01
  5.79974247e-02 9.43555109e-02 1.58119309e-01 0.00000000e+00
  2.48252266e-03 0.00000000e+00 3.27225766e-02]
 [1.89047448e-01 1.95886384e-01 1.66714324e-01 1.16310708e-01
  0.00000000e+00 0.00000000e+00 0.00000000e+00 0.00000000e+00
  0.00000000e+00 0.00000000e+00 0.00000000e+00 0.00000000e+00
  0.00000000e+00 0.00000000e+00 0.00000000e+00]
 [5.68056595e-01 8.66169010e-01 8.39199029e-01 5.45586832e-01
  3.84862459e-01 6.34685568e-01 4.76556138e-01 5.88907257e-01
  8.18488316e-01 9.36178793e-01 9.78191133e-01 1.23264138e+00
  1.26740718e+00 7.35088807e-01 9.12944787e-01]]

14
----------------------------------------------------------------------------------
[[0.00000000e+00 0.00000000e+00 0.00000000e+00 0.00000000e+00
  0.00000000e+00 0.00000000e+00 0.00000000e+00 0.00000000e+00
  0.00000000e+00 0.00000000e+00 0.00000000e+00 0.00000000e+00
  1.39569110e-01 6.41923600e-02 0.00000000e+00]
 [0.00000000e+00 0.00000000e+00 0.00000000e+00 4.54763276e-01
  0.00000000e+00 0.00000000e+00 0.00000000e+00 0.00000000e+00
  0.00000000e+00 0.00000000e+00 0.00000000e+00 1.50126629e-01
  2.81893897e-02 1.77037640e-01 0.00000000e+00]
 [7.55368024e-02 0.00000000e+00 0.00000000e+00 0.00000000e+00
  0.00000000e+00 0.00000000e+00 0.00000000e+00 0.00000000e+00
  0.00000000e+00 5.47553386e-02 0.00000000e+00 1.47988736e-02
  1.62766727e-01 6.16016996e-01 0.00000000e+00]
 [0.00000000e+00 0.00000000e+00 0.00000000e+00 0.00000000e+00
  0.00000000e+00 0.00000000e+00 0.00000000e+00 0.00000000e+00
  0.00000000e+00 0.00000000e+00 0.00000000e+00 0.00000000e+00
  1.36812025e-01 0.00000000e+00 0.00000000e+00]
 [0.00000000e+00 0.00000000e+00 0.00000000e+00 0.00000000e+00
  0.00000000e+00 0.00000000e+00 0.00000000e+00 0.00000000e+00
  0.00000000e+00 0.00000000e+00 0.00000000e+00 0.00000000e+00
  1.30476067e-01 0.00000000e+00 0.00000000e+00]
 [2.49187808e-01 0.00000000e+00 0.00000000e+00 0.00000000e+00
  0.00000000e+00 3.33559713e-01 0.00000000e+00 0.00000000e+00
  8.42736806e-01 0.00000000e+00 0.00000000e+00 1.26431554e-01
  4.05550485e-01 7.17177005e-03 0.00000000e+00]
 [0.00000000e+00 0.00000000e+00 0.00000000e+00 0.00000000e+00
  0.00000000e+00 0.00000000e+00 0.00000000e+00 0.00000000e+00
  0.00000000e+00 0.00000000e+00 0.00000000e+00 0.00000000e+00
  4.73021668e-02 0.00000000e+00 0.00000000e+00]
 [0.00000000e+00 0.00000000e+00 0.00000000e+00 0.00000000e+00
  0.00000000e+00 0.00000000e+00 0.00000000e+00 0.00000000e+00
  0.00000000e+00 0.00000000e+00 0.00000000e+00 0.00000000e+00
  0.00000000e+00 0.00000000e+00 0.00000000e+00]
 [0.00000000e+00 0.00000000e+00 0.00000000e+00 0.00000000e+00
  0.00000000e+00 0.00000000e+00 0.00000000e+00 0.00000000e+00
  0.00000000e+00 0.00000000e+00 0.00000000e+00 0.00000000e+00
  0.00000000e+00 0.00000000e+00 0.00000000e+00]
 [0.00000000e+00 0.00000000e+00 0.00000000e+00 1.83564728e-01
  1.61590505e-01 0.00000000e+00 0.00000000e+00 0.00000000e+00
  1.02012313e-01 0.00000000e+00 2.81494945e-01 0.00000000e+00
  5.43798301e-01 7.33485560e-01 6.50623155e-02]
 [0.00000000e+00 0.00000000e+00 0.00000000e+00 0.00000000e+00
  0.00000000e+00 0.00000000e+00 0.00000000e+00 0.00000000e+00
  0.00000000e+00 0.00000000e+00 0.00000000e+00 0.00000000e+00
  0.00000000e+00 0.00000000e+00 0.00000000e+00]
 [0.00000000e+00 0.00000000e+00 0.00000000e+00 0.00000000e+00
  0.00000000e+00 0.00000000e+00 0.00000000e+00 0.00000000e+00
  0.00000000e+00 0.00000000e+00 2.75533435e-02 3.76046513e-02
  0.00000000e+00 4.12627890e-02 0.00000000e+00]
 [0.00000000e+00 0.00000000e+00 0.00000000e+00 0.00000000e+00
  0.00000000e+00 0.00000000e+00 0.00000000e+00 0.00000000e+00
  0.00000000e+00 0.00000000e+00 2.89769204e-01 2.84045094e-01
  5.81433759e-02 1.12567036e-01 0.00000000e+00]
 [0.00000000e+00 2.15525000e-01 0.00000000e+00 0.00000000e+00
  0.00000000e+00 5.88625492e-04 0.00000000e+00 0.00000000e+00
  0.00000000e+00 0.00000000e+00 0.00000000e+00 5.18790552e-02
  2.88443865e-01 1.15854145e-01 0.00000000e+00]
 [8.28319800e-01 1.03249278e+00 4.73944059e-01 0.00000000e+00
  0.00000000e+00 8.03511754e-01 8.79375831e-01 2.22116145e-01
  0.00000000e+00 0.00000000e+00 0.00000000e+00 6.27980677e-01
  1.44676989e+00 1.22988366e+00 0.00000000e+00]
 [3.22835130e-01 1.08047514e-02 1.85910663e-01 0.00000000e+00
  0.00000000e+00 6.03972438e-01 2.19127615e-01 2.74847782e-01
  0.00000000e+00 0.00000000e+00 1.72325309e-01 4.62905514e-01
  1.24949598e+00 6.59183476e-01 0.00000000e+00]
 [0.00000000e+00 0.00000000e+00 0.00000000e+00 0.00000000e+00
  0.00000000e+00 0.00000000e+00 3.75492533e-02 0.00000000e+00
  0.00000000e+00 0.00000000e+00 0.00000000e+00 1.55668479e-01
  5.87793663e-01 2.44033589e-01 0.00000000e+00]
 [7.42023466e-01 1.26267256e+00 1.04730902e+00 9.91056683e-01
  1.30323951e+00 1.06388101e+00 1.30291569e+00 1.19678865e+00
  1.11719434e+00 1.05742620e+00 5.04307299e-01 4.43188118e-01
  3.38811427e-01 2.71573172e-01 6.50631659e-01]]

16
----------------------------------------------------------------------------------
[[0.00000000e+00 0.00000000e+00 0.00000000e+00 0.00000000e+00
  0.00000000e+00 0.00000000e+00 0.00000000e+00 3.21516750e-02
  0.00000000e+00 0.00000000e+00 0.00000000e+00 0.00000000e+00
  0.00000000e+00 0.00000000e+00 0.00000000e+00]
 [0.00000000e+00 0.00000000e+00 0.00000000e+00 0.00000000e+00
  0.00000000e+00 0.00000000e+00 0.00000000e+00 1.58685520e-01
  2.90175177e-01 7.39800102e-02 0.00000000e+00 0.00000000e+00
  0.00000000e+00 0.00000000e+00 0.00000000e+00]
 [0.00000000e+00 0.00000000e+00 0.00000000e+00 0.00000000e+00
  0.00000000e+00 0.00000000e+00 0.00000000e+00 5.94719561e-02
  2.54176264e-01 0.00000000e+00 0.00000000e+00 0.00000000e+00
  0.00000000e+00 0.00000000e+00 0.00000000e+00]
 [0.00000000e+00 0.00000000e+00 0.00000000e+00 0.00000000e+00
  0.00000000e+00 0.00000000e+00 0.00000000e+00 0.00000000e+00
  4.44854524e-02 0.00000000e+00 0.00000000e+00 0.00000000e+00
  0.00000000e+00 0.00000000e+00 0.00000000e+00]
 [0.00000000e+00 0.00000000e+00 0.00000000e+00 0.00000000e+00
  0.00000000e+00 0.00000000e+00 0.00000000e+00 0.00000000e+00
  8.82783129e-03 0.00000000e+00 0.00000000e+00 0.00000000e+00
  0.00000000e+00 0.00000000e+00 0.00000000e+00]
 [0.00000000e+00 0.00000000e+00 0.00000000e+00 0.00000000e+00
  5.91509327e-02 1.65448519e-03 0.00000000e+00 0.00000000e+00
  1.47486451e-01 2.96767333e-02 0.00000000e+00 0.00000000e+00
  0.00000000e+00 0.00000000e+00 0.00000000e+00]
 [0.00000000e+00 0.00000000e+00 0.00000000e+00 0.00000000e+00
  0.00000000e+00 0.00000000e+00 0.00000000e+00 0.00000000e+00
  0.00000000e+00 0.00000000e+00 0.00000000e+00 0.00000000e+00
  0.00000000e+00 0.00000000e+00 0.00000000e+00]
 [0.00000000e+00 0.00000000e+00 0.00000000e+00 0.00000000e+00
  0.00000000e+00 0.00000000e+00 0.00000000e+00 0.00000000e+00
  0.00000000e+00 0.00000000e+00 0.00000000e+00 0.00000000e+00
  0.00000000e+00 0.00000000e+00 0.00000000e+00]
 [0.00000000e+00 0.00000000e+00 0.00000000e+00 0.00000000e+00
  0.00000000e+00 0.00000000e+00 0.00000000e+00 0.00000000e+00
  0.00000000e+00 0.00000000e+00 0.00000000e+00 0.00000000e+00
  0.00000000e+00 0.00000000e+00 0.00000000e+00]
 [0.00000000e+00 0.00000000e+00 0.00000000e+00 2.74415894e-01
  0.00000000e+00 3.25663652e-01 0.00000000e+00 5.63538880e-01
  6.63017588e-01 1.10538062e+00 0.00000000e+00 0.00000000e+00
  0.00000000e+00 0.00000000e+00 0.00000000e+00]
 [0.00000000e+00 0.00000000e+00 0.00000000e+00 0.00000000e+00
  0.00000000e+00 0.00000000e+00 0.00000000e+00 0.00000000e+00
  0.00000000e+00 0.00000000e+00 0.00000000e+00 0.00000000e+00
  0.00000000e+00 0.00000000e+00 0.00000000e+00]
 [0.00000000e+00 0.00000000e+00 0.00000000e+00 0.00000000e+00
  0.00000000e+00 0.00000000e+00 0.00000000e+00 0.00000000e+00
  0.00000000e+00 0.00000000e+00 0.00000000e+00 0.00000000e+00
  0.00000000e+00 0.00000000e+00 0.00000000e+00]
 [0.00000000e+00 0.00000000e+00 0.00000000e+00 0.00000000e+00
  0.00000000e+00 0.00000000e+00 7.74525463e-02 6.72676096e-02
  2.39598667e-01 0.00000000e+00 0.00000000e+00 4.74156729e-02
  0.00000000e+00 0.00000000e+00 0.00000000e+00]
 [0.00000000e+00 0.00000000e+00 0.00000000e+00 0.00000000e+00
  0.00000000e+00 0.00000000e+00 0.00000000e+00 0.00000000e+00
  5.65674562e-02 1.93618497e-01 6.81623860e-03 7.79234145e-02
  0.00000000e+00 0.00000000e+00 0.00000000e+00]
 [5.99231136e-01 8.90859395e-02 0.00000000e+00 0.00000000e+00
  0.00000000e+00 0.00000000e+00 0.00000000e+00 0.00000000e+00
  1.42644417e-01 3.72561382e-01 5.26858561e-01 2.74090043e-01
  0.00000000e+00 0.00000000e+00 0.00000000e+00]
 [2.85994710e-02 0.00000000e+00 0.00000000e+00 0.00000000e+00
  0.00000000e+00 0.00000000e+00 0.00000000e+00 5.48969182e-01
  2.15600018e-01 3.39940526e-01 0.00000000e+00 6.16820162e-02
  0.00000000e+00 0.00000000e+00 0.00000000e+00]
 [0.00000000e+00 0.00000000e+00 0.00000000e+00 0.00000000e+00
  0.00000000e+00 0.00000000e+00 0.00000000e+00 0.00000000e+00
  2.26371646e-01 3.96846851e-01 4.63893716e-01 1.03765425e-01
  0.00000000e+00 0.00000000e+00 0.00000000e+00]
 [1.09891169e+00 1.22914913e+00 1.52137170e+00 1.44098595e+00
  1.73002908e+00 1.45923882e+00 9.85613953e-01 4.04278523e-01
  4.47072846e-01 5.74749091e-01 8.40399660e-01 8.23456467e-01
  1.68730402e+00 2.27722671e+00 3.07008477e+00]]

17
----------------------------------------------------------------------------------
[[0.         0.         0.         0.         0.         0.
  0.         0.         0.         0.         0.         0.
  0.         0.         0.        ]
 [0.         0.         0.18245729 0.         0.         0.
  0.06567464 0.25639608 0.         0.         0.         0.
  0.         0.         0.        ]
 [0.         0.         0.         0.         0.         0.
  0.         0.07612249 0.         0.         0.         0.
  0.         0.         0.        ]
 [0.         0.         0.         0.         0.         0.
  0.         0.         0.0520391  0.         0.         0.
  0.         0.         0.        ]
 [0.         0.         0.         0.         0.         0.
  0.         0.         0.         0.         0.         0.
  0.01568223 0.         0.        ]
 [0.         0.         0.         0.         0.         0.
  0.         0.22437852 0.         0.         0.         0.
  0.         0.         0.        ]
 [0.         0.         0.         0.         0.         0.
  0.         0.         0.         0.         0.         0.
  0.         0.         0.        ]
 [0.         0.         0.         0.         0.         0.
  0.         0.         0.03677082 0.         0.         0.
  0.         0.         0.        ]
 [0.         0.         0.         0.         0.         0.
  0.         0.         0.00510446 0.         0.         0.
  0.         0.         0.        ]
 [0.         0.         0.         0.         0.         0.
  0.         0.12231048 0.         0.         0.         0.
  0.         0.         0.        ]
 [0.         0.         0.         0.         0.         0.
  0.         0.         0.         0.         0.         0.
  0.         0.         0.        ]
 [0.         0.         0.         0.         0.         0.
  0.         0.14480728 0.         0.         0.         0.
  0.         0.         0.        ]
 [0.         0.         0.         0.         0.08259725 0.
  0.         0.43696443 0.13265034 0.         0.         0.
  0.         0.         0.        ]
 [0.         0.         0.24452489 0.67080957 0.         0.
  0.         0.4085711  0.82613292 0.         0.21289636 0.
  0.16439343 0.         0.        ]
 [0.         0.         0.72678225 1.204292   0.24928277 0.
  0.         0.70840133 1.00660974 0.1712426  0.         0.
  0.         0.         0.        ]
 [0.         0.         0.         0.9280184  0.         0.2399838
  0.         0.07694785 0.18643109 0.         0.11934183 0.
  0.         0.         0.        ]
 [0.         0.         0.1515482  0.2504534  0.         0.
  0.         0.31361627 0.27823961 0.         0.         0.
  0.         0.         0.        ]
 [3.4870647  3.55920215 3.91517547 3.23102826 3.12691281 2.20440088
  0.9498238  0.28732693 0.60852219 1.38955919 1.40227676 1.95960907
  2.01088578 2.04571899 1.89357485]]

18
----------------------------------------------------------------------------------
[[0.         0.         0.         0.         0.         0.
  0.         0.         0.         0.         0.         0.01001486
  0.         0.         0.        ]
 [0.         0.         0.         0.         0.         0.0502134
  0.01102159 0.         0.         0.         0.07806828 0.18333144
  0.16234613 0.         0.03976241]
 [0.         0.         0.3409285  0.04868274 0.01900187 0.06485647
  0.08634786 0.32472576 0.30993953 0.         0.15810384 0.83518758
  0.09550571 0.02527823 0.50332117]
 [0.         0.         0.         0.         0.         0.
  0.         0.00964436 0.         0.         0.         0.04198077
  0.         0.         0.        ]
 [0.         0.         0.         0.         0.         0.
  0.         0.11438588 0.         0.         0.         0.
  0.         0.         0.        ]
 [0.         0.         0.20500502 0.31611863 0.         0.18558539
  0.08786271 0.06549856 0.         0.0698814  0.         0.20361319
  0.03810492 0.         0.082062  ]
 [0.         0.         0.         0.         0.         0.
  0.         0.         0.         0.00150616 0.         0.02973349
  0.         0.         0.        ]
 [0.         0.         0.         0.         0.         0.
  0.         0.         0.         0.16332408 0.         0.
  0.         0.         0.        ]
 [0.         0.         0.         0.         0.         0.
  0.         0.         0.         0.         0.         0.
  0.         0.         0.        ]
 [0.         0.         0.         0.02782958 0.         0.
  0.00829658 0.         0.         0.17254374 0.         0.13295139
  0.         0.         0.        ]
 [0.         0.         0.         0.         0.         0.
  0.02675154 0.         0.         0.         0.         0.01215746
  0.         0.         0.        ]
 [0.         0.         0.         0.         0.         0.
  0.         0.         0.         0.         0.06142983 0.0664236
  0.         0.         0.        ]
 [0.         0.         0.61809076 0.1784157  0.02618861 0.26587224
  0.72138646 0.46461059 0.         0.78321085 0.14592254 0.28339911
  0.         0.15201436 0.51228176]
 [0.         0.19169889 0.07707013 0.37210924 0.         0.
  0.         0.         0.         0.19573168 0.27724294 0.69062067
  0.06770051 0.01693261 0.12393315]
 [0.         0.10470341 0.75422452 0.75900492 0.39658522 0.10251239
  0.14327212 0.17554781 0.         0.67386916 1.07349859 1.02752958
  0.56679163 0.29417252 0.32569838]
 [0.         0.71614337 0.44737505 0.75319763 0.50072895 0.01561643
  0.11738567 0.42233771 0.         0.57850998 0.20572829 0.45918536
  0.13497787 0.31129978 0.40604772]
 [0.         0.         0.         0.01579504 0.         0.
  0.         0.         0.         0.36037616 0.37440472 0.25374125
  0.01871366 0.03017702 0.        ]
 [1.21476971 0.91896645 0.45935297 0.4600391  0.63199562 0.57708138
  0.57581028 0.46369911 0.81210143 0.53934483 0.67412061 0.32389649
  0.45183708 0.76656043 0.5529393 ]]

19
----------------------------------------------------------------------------------
[[0.         0.         0.00978043 0.         0.         0.22289672
  0.         0.03487062 0.         0.08475716 0.         0.03568825
  0.15822206 0.         0.        ]
 [0.         0.10851437 0.11165103 0.07316222 0.23984821 0.29044747
  0.         0.23707205 0.         0.12598949 0.20275916 0.64639616
  0.11451076 0.         0.        ]
 [0.16315784 0.         0.20317836 0.18803424 0.59287453 0.48882293
  0.         0.24720827 0.03083983 0.04015148 0.         0.29403658
  0.2233803  0.         0.14890615]
 [0.         0.         0.08585402 0.         0.         0.15227966
  0.         0.         0.         0.         0.         0.09037188
  0.09798736 0.         0.        ]
 [0.11922544 0.         0.         0.         0.         0.20170943
  0.         0.         0.         0.         0.         0.08867787
  0.20268324 0.         0.        ]
 [0.02424822 0.15910005 0.09746798 0.15046641 0.24884812 0.31275888
  0.         0.29257836 0.         0.         0.         0.40082325
  0.3216751  0.         0.        ]
 [0.         0.06413069 0.         0.         0.         0.14148714
  0.         0.0449196  0.         0.         0.         0.04274156
  0.09832169 0.         0.        ]
 [0.         0.         0.         0.         0.         0.05019044
  0.         0.         0.         0.         0.         0.12689678
  0.14836387 0.         0.        ]
 [0.         0.         0.         0.         0.         0.
  0.         0.         0.         0.02718502 0.         0.06950501
  0.08083398 0.         0.        ]
 [0.13739443 0.1469865  0.00476296 0.17498245 0.32580163 0.63121639
  0.0222611  0.06169151 0.07995915 0.18111172 0.33295846 0.
  0.35859394 0.16885935 0.        ]
 [0.         0.         0.         0.         0.         0.16030539
  0.         0.         0.         0.02244012 0.         0.
  0.11291936 0.         0.        ]
 [0.         0.         0.22560314 0.07607237 0.         0.31855447
  0.         0.         0.         0.18389631 0.         0.08039935
  0.21136231 0.         0.        ]
 [0.27461876 0.         0.27127261 0.15724013 0.05102788 0.54361475
  0.28392045 0.14035167 0.05980959 0.         0.10483428 0.20532837
  0.24186304 0.         0.        ]
 [0.         0.         0.16847546 0.03879445 0.20718666 0.2352237
  0.         0.02101468 0.         0.14622725 0.         0.31217704
  0.31799543 0.15523269 0.        ]
 [0.         0.06149346 0.20950075 0.38792058 0.36434204 0.48093803
  0.12745489 0.13026102 0.         0.20217261 0.04237031 0.65257741
  0.72483974 0.37997749 0.        ]
 [0.01655194 0.10879475 0.16035763 0.75232519 0.60709987 0.62402649
  0.32036074 0.24708559 0.         0.30390325 0.         0.42914966
  0.40241637 0.01642226 0.        ]
 [0.         0.         0.         0.         0.07446829 0.19624625
  0.         0.         0.         0.         0.02365394 0.4646927
  0.38247903 0.40074487 0.        ]
 [0.69501628 0.55102896 0.50465821 0.41883673 0.35269764 0.13651173
  0.66029219 0.52893434 0.72367914 0.55378492 0.77913451 0.66890917
  0.81499971 1.00006944 1.02692804]]

20
----------------------------------------------------------------------------------
[[0.27386614 0.         0.         0.         0.         0.04789606
  0.         0.         0.         0.03896328 0.0275956  0.
  0.04457867 0.06452256 0.08323087]
 [0.24732616 0.         0.18183366 0.         0.         0.31050841
  0.         0.         0.         0.41755245 0.         0.
  0.31746645 0.28311569 0.21984926]
 [0.27764433 0.00147099 0.36274049 0.23939424 0.56795536 0.59481071
  0.07321955 0.40318643 0.         0.32284292 0.72856606 0.22378539
  0.78090533 0.37146757 0.66765725]
 [0.03672364 0.         0.         0.         0.         0.
  0.         0.         0.         0.03604634 0.         0.
  0.07660985 0.         0.        ]
 [0.14010635 0.         0.         0.         0.         0.09105279
  0.         0.         0.         0.0776098  0.         0.
  0.05333973 0.         0.02783968]
 [0.58957858 0.         0.22620094 0.         0.49047036 0.10465514
  0.         0.         0.03049824 0.28922191 0.34346136 0.04817209
  0.37346822 0.08613781 0.46327384]
 [0.27409766 0.         0.         0.02697912 0.         0.25181644
  0.         0.         0.         0.03364211 0.         0.
  0.05574495 0.         0.06084805]
 [0.         0.         0.         0.         0.         0.
  0.         0.         0.         0.02321808 0.         0.
  0.01079705 0.09193638 0.        ]
 [0.         0.         0.         0.         0.         0.
  0.         0.         0.         0.         0.         0.
  0.         0.07771454 0.        ]
 [0.06474909 0.         0.07592219 0.         0.29950581 0.
  0.10464322 0.         0.         0.11494932 0.17924938 0.
  0.30327451 0.15029585 0.26243941]
 [0.07289099 0.         0.         0.         0.10506416 0.15277406
  0.         0.         0.         0.0997466  0.         0.
  0.14885984 0.19231066 0.1017481 ]
 [0.09483175 0.         0.         0.         0.04691692 0.
  0.         0.         0.         0.03597277 0.08549081 0.
  0.1563989  0.20862856 0.06604307]
 [0.23970631 0.28048689 0.         0.         0.44217288 0.27689544
  0.32211947 0.         0.09555716 0.30762866 0.2650146  0.
  0.31591336 0.28628245 0.47548822]
 [0.19106183 0.         0.         0.         0.         0.00267001
  0.         0.         0.00231357 0.12730122 0.         0.
  0.13725471 0.22623274 0.11442171]
 [0.30992771 0.         0.         0.         0.         0.
  0.         0.         0.         0.14451721 0.18045207 0.
  0.40457708 0.36870751 0.56649907]
 [0.38219355 0.         0.49416873 0.09466588 0.17568865 0.1743254
  0.         0.         0.61145868 0.36234728 0.31981363 0.
  0.47454263 0.6068859  0.70212373]
 [0.         0.         0.         0.         0.         0.
  0.         0.         0.         0.14365785 0.0953914  0.
  0.1979187  0.5276971  0.28516332]
 [0.46795759 0.64353137 0.42418876 0.65655205 0.70567095 0.54080522
  0.80332716 0.70565129 0.85680239 0.27849316 0.28333813 0.63528459
  0.22014425 0.24514037 0.27919353]]

21
----------------------------------------------------------------------------------
[[0.07495762 0.04340241 0.         0.08664325 0.10730425 0.
  0.         0.1303586  0.         0.10663962 0.         0.
  0.         0.         0.        ]
 [0.04988302 0.35565135 0.0039937  0.32428866 0.3084827  0.
  0.28602562 0.02649908 0.         0.         0.00459633 0.
  0.         0.31918619 0.19065236]
 [0.29519846 0.13984209 0.39455854 0.         0.85315749 0.21690944
  0.0287256  0.22024348 0.23037338 0.23500149 0.01072405 0.
  0.15079675 0.35885523 0.65061854]
 [0.06684656 0.         0.18082817 0.         0.12961145 0.
  0.         0.06418641 0.         0.         0.         0.
  0.         0.         0.        ]
 [0.08133917 0.19567256 0.08937025 0.         0.13165603 0.
  0.         0.         0.06058423 0.         0.         0.
  0.         0.         0.        ]
 [0.21771923 0.50386031 0.4020167  0.16060405 0.30003749 0.11608745
  0.         0.04150891 0.         0.         0.05407751 0.
  0.11421753 0.11680059 0.2424304 ]
 [0.         0.16689471 0.00558686 0.         0.21457233 0.
  0.         0.09415023 0.         0.         0.         0.
  0.         0.03520997 0.01285572]
 [0.06322015 0.01541174 0.10926787 0.04611937 0.07014779 0.
  0.         0.         0.         0.04970975 0.         0.
  0.         0.         0.        ]
 [0.         0.10215166 0.05988108 0.         0.03232558 0.
  0.         0.04341119 0.         0.07042554 0.         0.
  0.         0.         0.        ]
 [0.19392898 0.13278346 0.         0.07077752 0.30105787 0.0028727
  0.25048536 0.         0.         0.         0.13194657 0.09255848
  0.         0.26431919 0.19879149]
 [0.         0.0842453  0.08776171 0.         0.20378615 0.
  0.         0.         0.         0.         0.         0.
  0.         0.         0.        ]
 [0.15687266 0.10153689 0.09363933 0.         0.16673578 0.
  0.09268821 0.15511583 0.         0.         0.         0.07355555
  0.         0.         0.        ]
 [0.15269285 0.20783415 0.13831442 0.49896419 0.33843971 0.6333926
  0.         0.         0.10446188 0.         0.         0.11309832
  0.         0.11329075 0.1448659 ]
 [0.24093659 0.3117076  0.29090356 0.         0.333815   0.
  0.0920616  0.         0.         0.         0.12316008 0.25247063
  0.         0.05521359 0.04831535]
 [0.44268438 0.53061684 0.07408585 0.         0.31138716 0.07284548
  0.42723246 0.         0.         0.         0.30954482 0.81726278
  0.         0.21898057 0.16396003]
 [0.37079631 0.46006239 0.29945338 0.08718236 0.5106928  0.07586446
  0.02733046 0.45027329 0.         0.         0.         0.32525305
  0.10689197 0.4016698  0.1467892 ]
 [0.4030482  0.11029626 0.16622029 0.         0.35404657 0.
  0.20018059 0.         0.         0.         0.35357955 0.57078137
  0.00547712 0.02236048 0.10860921]
 [0.42192533 0.40526069 0.4440619  0.37426407 0.14693216 0.38299571
  0.58986731 0.69965616 1.03994789 0.81849406 1.00370359 0.45854714
  0.857296   0.34137049 0.26431937]]

22
----------------------------------------------------------------------------------
[[0.         0.         0.         0.10750206 0.         0.04749429
  0.         0.         0.03198715 0.         0.08856834 0.
  0.         0.06741405 0.        ]
 [0.40262126 0.         0.15055351 0.34088973 0.18491195 0.25323842
  0.01033923 0.28203713 0.11126257 0.         0.08987193 0.
  0.16448264 0.45687426 0.30240135]
 [0.11531998 0.16751467 0.25664951 0.17306593 0.2935165  0.52512383
  0.25015282 0.52587558 0.12658931 0.         0.34444657 0.02403392
  0.12449762 0.15907707 0.37755799]
 [0.         0.         0.         0.         0.         0.04197943
  0.         0.         0.04494812 0.         0.         0.
  0.         0.         0.        ]
 [0.         0.         0.         0.         0.         0.
  0.         0.         0.11641149 0.         0.         0.
  0.         0.06410899 0.        ]
 [0.33110856 0.         0.         0.05765329 0.         0.13418875
  0.01831059 0.40830882 0.         0.         0.25003399 0.
  0.02254782 0.48881578 0.10348802]
 [0.05621876 0.         0.         0.         0.         0.10634041
  0.         0.         0.03733286 0.         0.         0.
  0.         0.19677924 0.03738244]
 [0.         0.         0.         0.05775452 0.         0.
  0.         0.         0.         0.         0.03029892 0.
  0.         0.         0.0487685 ]
 [0.         0.         0.         0.         0.         0.10770296
  0.         0.         0.         0.         0.         0.
  0.         0.         0.        ]
 [0.06085137 0.         0.         0.         0.         0.
  0.07290899 0.08660456 0.         0.         0.38768087 0.
  0.01782231 0.0734735  0.17415291]
 [0.         0.         0.         0.         0.         0.
  0.         0.         0.05138676 0.         0.         0.
  0.         0.         0.        ]
 [0.         0.         0.         0.         0.         0.05648921
  0.         0.09323162 0.         0.         0.09079103 0.
  0.         0.04364681 0.04609664]
 [0.02499582 0.36140509 0.20683548 0.12040594 0.16040401 0.26770049
  0.21154321 0.01490156 0.         0.         0.15219373 0.
  0.         0.18743072 0.84900385]
 [0.         0.         0.         0.2773063  0.37023645 0.95469913
  0.27648453 0.         0.22655698 1.5462348  1.34023869 0.
  0.         0.27207697 0.64505048]
 [0.05400674 0.02644218 0.         0.76011324 0.30491976 1.8943276
  0.43219578 0.         0.95868038 2.14204742 2.24978398 0.38942005
  0.         0.51088097 1.47228646]
 [0.12591154 0.34816472 0.         0.21668356 0.21851533 0.88916282
  0.37181741 0.09797089 0.40335737 0.52352108 0.65114537 0.05949368
  0.17261405 0.48531328 0.88947142]
 [0.         0.         0.06712108 0.58422213 0.80507734 0.82328309
  0.35549723 0.         0.2406104  0.19402215 0.9584551  0.15732205
  0.         0.11250329 0.32785437]
 [0.53102755 0.57406212 0.57504621 0.36461899 0.48702707 0.50245494
  0.48887271 0.75606125 0.54670823 0.76499511 0.30936579 0.52427642
  0.35838604 0.23097318 0.26051404]]

23
----------------------------------------------------------------------------------
[[0.21982697 0.13054941 0.         0.         0.         0.
  0.11958606 0.         0.         0.         0.02057938 0.
  0.01723572 0.         0.17823795]
 [0.36311009 0.3008773  0.02376858 0.07123297 0.14019451 0.13443542
  0.28919256 0.00932176 0.20409414 0.         0.32293957 0.
  0.21258142 0.05252051 0.43401104]
 [0.60878696 0.5474952  0.         0.         0.49796648 0.
  0.30598714 0.46577437 0.         0.         0.43259056 0.
  0.4450363  0.30816212 0.39039132]
 [0.05467958 0.07103429 0.         0.         0.06942664 0.
  0.04131082 0.         0.         0.         0.26086906 0.
  0.         0.         0.0827769 ]
 [0.         0.05721542 0.         0.         0.0674458  0.
  0.1791032  0.         0.         0.         0.21625792 0.
  0.         0.         0.09316849]
 [0.35308848 0.         0.39828699 0.01726439 0.55667699 0.03720359
  0.31386343 0.         0.         0.         0.15784568 0.
  0.15235755 0.35525584 0.30208206]
 [0.         0.01737408 0.         0.         0.16493764 0.01085276
  0.08601597 0.         0.         0.         0.13434545 0.
  0.         0.18532482 0.        ]
 [0.04845927 0.         0.         0.         0.         0.
  0.12835027 0.         0.         0.84509199 5.31476862 1.4194195
  2.21584541 1.12764301 0.92662433]
 [0.         0.         0.         0.         0.         0.
  0.1202086  0.         0.         1.46128749 7.37488118 1.95572064
  2.66050523 2.16343971 2.10718864]
 [0.26329823 0.11897167 0.14011175 0.         0.43027561 0.
  0.03333602 0.12437692 0.         0.0689979  0.71469243 0.01846072
  0.65201253 0.48328229 0.35867237]
 [0.01854084 0.13917405 0.         0.         0.19194171 0.
  0.186334   0.         0.         2.76324624 6.37740972 1.03770824
  2.33898417 2.122051   2.90925707]
 [0.1122023  0.         0.         0.         0.09467671 0.
  0.33102114 0.1052554  0.         0.         2.39501007 0.48150248
  1.23930054 1.06730344 1.27178628]
 [0.41668479 0.40473621 0.48644547 0.         0.12281451 0.0750731
  0.11145338 0.14899866 0.         0.3020882  4.34295057 1.56091467
  2.4957944  2.82013274 2.23355016]
 [0.25756024 0.04228943 0.         0.         0.10603111 0.
  0.30349348 0.09913455 0.         0.         0.         0.
  0.15682908 0.         0.23862136]
 [0.97752005 0.11062202 0.48923683 0.21576485 0.16782975 0.
  0.37593921 0.31927257 0.         0.14182204 0.50861308 0.
  0.35828495 0.         0.36276807]
 [0.72129376 0.10962903 0.30523667 0.02849245 0.42178566 0.
  0.48279995 0.26049979 0.         0.42998441 0.4866477  0.
  0.56333435 0.46566722 0.36423813]
 [0.60904464 0.12693752 0.04592851 0.         0.06782399 0.
  0.30469717 0.08891946 0.         0.         0.14552213 0.
  0.06790078 0.         0.27139029]
 [0.22141329 0.33002931 0.50355117 0.48012627 0.41150637 0.6709287
  0.32746023 0.4582942  0.68142792 0.81060895 0.53870245 0.74432742
  0.56836387 0.50116257 0.29404783]]

24
----------------------------------------------------------------------------------
[[0.00490351 0.         0.         0.02182392 0.15411794 0.09533144
  0.         0.01441021 0.         0.         0.         0.
  0.         0.         0.05830069]
 [0.18629684 0.15103691 0.10843904 0.50244699 0.27428615 0.158192
  0.         0.30656865 0.24525858 0.3492876  0.         0.
  0.         0.35742031 0.06023546]
 [0.40935021 0.35581018 0.5589469  0.24639441 0.27599775 0.03491195
  0.05042987 0.17073564 0.40217188 0.20334337 0.00828621 0.26495319
  0.         0.58188404 0.7286011 ]
 [0.         0.         0.         0.         0.01236835 0.02650314
  0.         0.12025317 0.         0.         0.         0.
  0.         0.         0.01633892]
 [0.10437418 0.         0.         0.         0.09249319 0.04229833
  0.         0.         0.         0.         0.         0.02095658
  0.         0.06936908 0.        ]
 [0.12984034 0.17151388 0.16810966 0.16215804 0.43378954 0.30876623
  0.13472005 0.24278663 0.         0.17828667 0.         0.
  0.         0.18249994 0.30600507]
 [0.00640739 0.         0.         0.         0.2035057  0.
  0.         0.         0.         0.         0.         0.03592769
  0.         0.0952558  0.06750052]
 [0.00531757 0.         0.         0.         0.         0.03090908
  0.         0.00385749 0.         0.         0.         0.
  0.         0.         0.        ]
 [0.35223799 0.06828278 0.         0.         0.00834874 0.1229717
  0.         0.08439623 0.         0.         0.         0.
  0.         0.         0.        ]
 [0.57161768 0.01261263 0.         0.44732667 0.68153898 0.51385941
  0.01139218 0.35911786 0.59927344 0.13163895 0.         0.06487653
  0.         0.26142736 0.21098577]
 [0.37312062 0.         0.         0.         0.         0.
  0.         0.         0.1733477  0.13129086 0.         0.
  0.         0.06908979 0.16994073]
 [0.14805928 0.         0.         0.00867249 0.         0.
  0.03956216 0.         0.10402834 0.03311427 0.         0.
  0.         0.12119119 0.        ]
 [0.19006103 0.1196176  0.04013973 0.03401804 0.         0.
  0.         0.40522021 0.         0.30968489 0.         0.
  0.         0.58329073 0.54316252]
 [0.17621529 0.         0.         0.         0.         0.
  0.         0.         0.         0.         0.         0.
  0.         0.03177708 0.        ]
 [0.13170723 0.         0.09684676 0.         0.         0.
  0.         0.         0.         0.         0.         0.
  0.         0.19346064 0.06957318]
 [0.23476533 0.04334648 0.27727364 0.67268455 0.         0.20843965
  0.03734801 0.04565077 0.17339257 0.34985806 0.         0.73869394
  0.7004681  0.23926552 0.39943675]
 [0.0225809  0.         0.         0.         0.         0.
  0.         0.         0.         0.         0.         0.
  0.         0.         0.        ]
 [0.21029513 0.56945459 0.54132954 0.34196204 0.65140123 0.48682558
  0.76168323 0.58694492 0.5937424  0.42088288 0.7830163  0.62216562
  0.96161484 0.27430509 0.22292422]]

25
----------------------------------------------------------------------------------
[[0.00000000e+00 0.00000000e+00 0.00000000e+00 1.44340796e-02
  0.00000000e+00 2.74492006e-01 1.53435099e-01 1.95238380e-01
  2.24622892e-01 0.00000000e+00 2.57857181e-02 0.00000000e+00
  2.36246816e-01 0.00000000e+00 0.00000000e+00]
 [2.95850739e-01 3.22430209e-02 7.24250173e-02 0.00000000e+00
  0.00000000e+00 5.10582308e-03 3.63153311e-01 2.10876897e-01
  4.16834790e-01 0.00000000e+00 8.86331420e-02 8.95922473e-03
  2.63549773e-01 0.00000000e+00 1.60673328e-01]
 [1.93057997e-01 0.00000000e+00 4.14513422e-01 0.00000000e+00
  0.00000000e+00 2.16168124e-01 3.00228245e-01 5.41841029e-01
  3.52445669e-01 2.81182958e-01 2.39033416e-01 4.43479823e-01
  3.12523436e-01 3.46066102e-02 3.06633947e-01]
 [0.00000000e+00 0.00000000e+00 0.00000000e+00 0.00000000e+00
  0.00000000e+00 1.04308767e-02 1.14150357e+00 2.57211108e-01
  1.74873140e-01 0.00000000e+00 1.68453020e-01 5.13940281e-03
  1.57519794e-01 0.00000000e+00 2.18859772e-03]
 [0.00000000e+00 0.00000000e+00 0.00000000e+00 0.00000000e+00
  0.00000000e+00 4.03840037e-02 3.17550113e-01 3.67414663e-01
  3.11177654e-01 1.46166526e-02 3.56080433e-02 0.00000000e+00
  3.43911576e-02 0.00000000e+00 0.00000000e+00]
 [1.84850746e-01 9.57888088e-02 0.00000000e+00 4.98426494e-02
  0.00000000e+00 0.00000000e+00 1.03534042e-01 3.32311036e-01
  3.85741366e-01 0.00000000e+00 4.21225108e-01 1.62052778e-01
  1.43929887e-01 0.00000000e+00 1.60925292e-01]
 [0.00000000e+00 0.00000000e+00 0.00000000e+00 0.00000000e+00
  0.00000000e+00 0.00000000e+00 0.00000000e+00 9.63642981e-02
  1.95767600e-01 0.00000000e+00 0.00000000e+00 0.00000000e+00
  1.03296352e-01 0.00000000e+00 0.00000000e+00]
 [0.00000000e+00 0.00000000e+00 0.00000000e+00 0.00000000e+00
  1.73180004e-01 0.00000000e+00 2.69631016e+00 2.45318569e+00
  1.67546501e+00 7.59191918e-01 3.60339510e-01 2.59514278e-01
  1.74074777e-01 0.00000000e+00 2.46268933e-02]
 [0.00000000e+00 0.00000000e+00 0.00000000e+00 0.00000000e+00
  1.38070925e-01 0.00000000e+00 4.45891048e+00 4.10319749e+00
  2.36099622e+00 1.74442926e+00 1.12885026e+00 6.74333981e-01
  2.84027261e-01 0.00000000e+00 1.05973577e-01]
 [3.09036564e-01 1.69737779e-02 9.01994247e-02 3.26299773e-01
  2.37116518e-01 0.00000000e+00 3.98434563e-01 3.34820462e-01
  5.82399163e-01 9.56170931e-02 2.27081283e-01 3.53251400e-01
  2.38884556e-01 3.42486818e-01 4.57348364e-02]
 [7.74572917e-02 0.00000000e+00 0.00000000e+00 0.00000000e+00
  0.00000000e+00 0.00000000e+00 2.38532002e+00 3.22179787e+00
  8.72804047e-01 1.68909476e+00 1.28699352e+00 7.19374714e-01
  1.43272732e-01 0.00000000e+00 1.76486979e-02]
 [7.04891768e-02 0.00000000e+00 0.00000000e+00 3.68948134e-02
  1.25348273e-01 1.15645735e-01 1.14847773e+00 1.97104930e+00
  1.26407237e+00 8.10645827e-01 4.82693659e-01 2.77365658e-01
  2.50361537e-01 0.00000000e+00 0.00000000e+00]
 [9.31758228e-02 7.06644006e-01 2.37447813e-01 0.00000000e+00
  2.43127539e-01 5.26304859e-01 7.06475829e-01 5.52174077e+00
  1.41227762e+00 1.93567499e+00 3.96302348e-01 6.38510307e-01
  1.49612829e-01 0.00000000e+00 1.93632372e-01]
 [2.31773506e-02 0.00000000e+00 0.00000000e+00 0.00000000e+00
  0.00000000e+00 0.00000000e+00 0.00000000e+00 2.35054275e-01
  1.70271168e-01 0.00000000e+00 0.00000000e+00 0.00000000e+00
  4.19622738e-02 1.02256715e-01 2.87804585e-01]
 [1.05055498e-01 0.00000000e+00 0.00000000e+00 1.21879022e-01
  2.10150454e-01 2.52905724e-01 9.18363564e-02 3.38967113e-01
  2.00236472e-01 0.00000000e+00 0.00000000e+00 0.00000000e+00
  2.02739424e-01 6.14046013e-01 5.46029623e-01]
 [1.35624328e-01 1.75605949e-01 5.70148514e-01 0.00000000e+00
  2.30411441e-01 3.94635091e-01 2.43573215e-01 4.58509135e-01
  3.58793816e-01 1.56905843e-01 5.12216069e-01 3.75410631e-01
  4.09534644e-01 5.61011680e-01 5.75933769e-01]
 [3.43117239e-02 0.00000000e+00 0.00000000e+00 0.00000000e+00
  0.00000000e+00 0.00000000e+00 0.00000000e+00 8.36806433e-02
  1.10844295e-01 0.00000000e+00 0.00000000e+00 0.00000000e+00
  7.72304767e-02 1.47715715e-01 1.79833627e-01]
 [2.54070915e-01 4.14233229e-01 4.73549726e-01 6.13965592e-01
  4.61618642e-01 5.91417464e-01 4.50688796e-01 2.77700245e-01
  3.03822019e-01 6.44095126e-01 3.23789114e-01 2.91882764e-01
  2.28943976e-01 4.95260701e-01 3.20270622e-01]]

26
----------------------------------------------------------------------------------
[[0.00000000e+00 0.00000000e+00 8.24923745e-02 0.00000000e+00
  1.10373884e-01 0.00000000e+00 0.00000000e+00 1.72419661e-01
  0.00000000e+00 0.00000000e+00 0.00000000e+00 0.00000000e+00
  0.00000000e+00 0.00000000e+00 0.00000000e+00]
 [1.12390222e-01 7.79957193e-02 1.12351787e-01 2.55383420e-01
  1.92456028e-01 0.00000000e+00 0.00000000e+00 1.00849158e-01
  2.35555445e-01 2.08928757e-01 1.06233445e-01 3.39755149e-01
  1.63944416e-01 8.42538303e-02 1.89988468e-01]
 [2.84392851e-01 9.36622928e-01 1.47697998e-01 2.51498294e-01
  3.11984382e-01 3.77772913e-01 0.00000000e+00 6.34373861e-02
  1.35072979e-01 1.77769715e-01 0.00000000e+00 3.43117633e-01
  5.65747150e-01 1.79429079e-01 3.89840248e-01]
 [0.00000000e+00 0.00000000e+00 9.18978373e-03 0.00000000e+00
  8.82093216e-02 0.00000000e+00 3.95814008e-03 5.64414190e-02
  0.00000000e+00 0.00000000e+00 0.00000000e+00 0.00000000e+00
  0.00000000e+00 0.00000000e+00 6.75759255e-02]
 [0.00000000e+00 4.01465943e-04 1.68472338e-02 0.00000000e+00
  8.99251762e-02 0.00000000e+00 4.03149004e-02 3.33981871e-02
  0.00000000e+00 0.00000000e+00 0.00000000e+00 0.00000000e+00
  4.02822999e-02 0.00000000e+00 7.23103874e-03]
 [0.00000000e+00 2.85635622e-01 3.06605521e-01 1.90756475e-01
  5.11754319e-01 0.00000000e+00 2.18934075e-01 0.00000000e+00
  0.00000000e+00 3.08568297e-01 0.00000000e+00 2.19807643e-01
  2.10533311e-01 0.00000000e+00 1.60907788e-02]
 [0.00000000e+00 0.00000000e+00 0.00000000e+00 0.00000000e+00
  1.67325804e-01 0.00000000e+00 0.00000000e+00 9.34762250e-02
  0.00000000e+00 2.93424688e-02 0.00000000e+00 1.00561833e-01
  5.77809523e-02 0.00000000e+00 5.96895818e-02]
 [0.00000000e+00 0.00000000e+00 1.34679048e-02 0.00000000e+00
  0.00000000e+00 0.00000000e+00 0.00000000e+00 0.00000000e+00
  0.00000000e+00 0.00000000e+00 0.00000000e+00 0.00000000e+00
  0.00000000e+00 0.00000000e+00 0.00000000e+00]
 [0.00000000e+00 0.00000000e+00 0.00000000e+00 0.00000000e+00
  7.05209319e-02 0.00000000e+00 0.00000000e+00 0.00000000e+00
  0.00000000e+00 0.00000000e+00 0.00000000e+00 0.00000000e+00
  0.00000000e+00 0.00000000e+00 0.00000000e+00]
 [4.41694333e-01 3.08278003e-01 0.00000000e+00 5.81406452e-02
  9.96424989e-02 8.06033603e-01 0.00000000e+00 0.00000000e+00
  8.05618868e-02 2.54953213e-01 1.30858093e-02 2.85810421e-01
  4.14904326e-02 1.72270423e-01 5.80594948e-03]
 [0.00000000e+00 0.00000000e+00 1.03567944e-02 0.00000000e+00
  0.00000000e+00 4.76015873e-02 0.00000000e+00 0.00000000e+00
  0.00000000e+00 0.00000000e+00 0.00000000e+00 0.00000000e+00
  3.48499092e-02 0.00000000e+00 0.00000000e+00]
 [0.00000000e+00 0.00000000e+00 0.00000000e+00 0.00000000e+00
  1.14247504e-01 9.89785551e-03 0.00000000e+00 7.96678583e-02
  0.00000000e+00 5.40239542e-02 0.00000000e+00 8.82245429e-02
  0.00000000e+00 0.00000000e+00 1.19043297e-01]
 [3.43637056e-01 0.00000000e+00 2.15921144e-01 4.24935851e-01
  2.57048283e-01 2.63499650e-01 0.00000000e+00 1.39352860e-02
  2.82141819e-01 9.05310283e-02 8.85201596e-02 9.49740815e-02
  1.69976309e-01 7.44537481e-02 0.00000000e+00]
 [0.00000000e+00 0.00000000e+00 1.65279731e-01 3.45234092e-01
  4.39586379e-01 4.62857302e-01 0.00000000e+00 1.78919788e-01
  7.72106689e-02 3.41077575e-01 0.00000000e+00 3.99257450e-01
  0.00000000e+00 0.00000000e+00 8.67342163e-02]
 [1.07301383e-01 0.00000000e+00 3.20822310e-01 7.07986207e-01
  1.62413531e+00 9.97064813e-01 0.00000000e+00 1.19126905e+00
  1.32926975e+00 8.18302938e-01 0.00000000e+00 2.94563691e-01
  1.16810409e-01 0.00000000e+00 7.93593025e-02]
 [4.99249985e-01 3.19946883e-01 5.99942930e-01 1.04090603e-01
  1.23704381e+00 8.34820192e-01 4.04434408e-01 9.47306984e-01
  6.31338697e-01 5.55723933e-01 1.15710575e-01 2.72993185e-01
  1.27138900e-01 7.68280036e-02 1.46955235e-02]
 [0.00000000e+00 0.00000000e+00 1.05890587e-01 2.18537088e-01
  6.00273346e-01 4.25546008e-01 0.00000000e+00 4.03837654e-01
  5.38544742e-01 1.95501981e-02 0.00000000e+00 2.24617539e-01
  0.00000000e+00 0.00000000e+00 2.35353210e-02]
 [4.71361952e-01 3.87511686e-01 3.03278614e-01 3.57812265e-01
  3.70589954e-01 7.81187052e-01 8.35316345e-01 7.56697388e-01
  5.54315794e-01 4.19717351e-01 6.18469074e-01 4.44228078e-01
  3.53784139e-01 4.43295544e-01 4.07311003e-01]]

27
----------------------------------------------------------------------------------
[[0.00000000e+00 7.23254315e-02 1.91665191e-01 1.91414004e-01
  0.00000000e+00 1.41179777e-01 1.10670050e-01 1.71159738e-01
  0.00000000e+00 1.22180157e-01 0.00000000e+00 0.00000000e+00
  0.00000000e+00 2.38946229e-02 0.00000000e+00]
 [7.01778660e-02 1.28790916e-01 2.04208435e-01 3.38509903e-01
  4.88202964e-02 4.46345864e-01 3.22061755e-01 3.48793667e-01
  0.00000000e+00 3.45537903e-01 2.30418438e-01 2.88182865e-01
  1.36748611e-02 3.43598573e-01 0.00000000e+00]
 [3.53215641e-01 5.13581847e-01 6.37557733e-01 4.02340872e-01
  4.89726942e-01 5.64336908e-01 7.91144408e-01 7.55916221e-01
  0.00000000e+00 9.79667186e-01 2.98495449e-01 2.59484689e-01
  3.93311846e-01 1.87095372e-01 0.00000000e+00]
 [0.00000000e+00 0.00000000e+00 1.30678821e-01 4.12961196e-01
  0.00000000e+00 7.06327226e-02 0.00000000e+00 1.13873958e-01
  0.00000000e+00 7.10841208e-02 0.00000000e+00 0.00000000e+00
  0.00000000e+00 0.00000000e+00 0.00000000e+00]
 [0.00000000e+00 0.00000000e+00 1.01454717e-01 1.55795241e-01
  0.00000000e+00 4.33459428e-02 2.20477533e-02 1.01516504e-01
  0.00000000e+00 1.77105025e-01 8.26445559e-02 1.74553085e-01
  0.00000000e+00 7.47992292e-02 0.00000000e+00]
 [1.23550421e-01 3.02628077e-01 4.65835318e-01 1.63443031e-01
  0.00000000e+00 2.63448704e-01 5.52442855e-01 5.55186972e-01
  8.84961222e-02 3.33923465e-01 3.31730763e-01 0.00000000e+00
  0.00000000e+00 2.51510624e-01 0.00000000e+00]
 [0.00000000e+00 0.00000000e+00 1.83485869e-01 1.41016721e-01
  0.00000000e+00 1.57112214e-01 1.72595799e-01 1.48182334e-01
  0.00000000e+00 5.22491849e-02 1.36634669e-02 9.84206364e-02
  0.00000000e+00 1.10592429e-02 0.00000000e+00]
 [0.00000000e+00 0.00000000e+00 8.51730542e-01 4.27075337e+00
  4.29094073e-01 1.40493568e+00 1.10494729e+00 8.03071223e-01
  1.03032084e-01 1.38953404e-01 1.86701676e-01 0.00000000e+00
  0.00000000e+00 0.00000000e+00 0.00000000e+00]
 [0.00000000e+00 0.00000000e+00 1.17452344e+00 5.53591673e+00
  1.16697504e+00 1.89001119e+00 2.04980255e+00 1.68298046e+00
  5.10888655e-01 2.70968172e-01 1.34036532e-01 0.00000000e+00
  0.00000000e+00 0.00000000e+00 0.00000000e+00]
 [0.00000000e+00 6.79635862e-01 5.33175747e-01 8.81836947e-01
  2.65317469e-01 2.06095490e-01 4.67886141e-01 6.03386946e-01
  0.00000000e+00 2.07626559e-01 9.45955346e-02 3.25001487e-01
  0.00000000e+00 4.40943155e-01 5.49090758e-03]
 [0.00000000e+00 0.00000000e+00 8.88400110e-01 7.02201898e+00
  2.09804525e+00 1.27380822e+00 2.37817423e+00 2.11905307e+00
  5.35347498e-01 5.33553173e-01 9.40535639e-02 3.87460479e-02
  0.00000000e+00 1.02323241e-01 0.00000000e+00]
 [0.00000000e+00 0.00000000e+00 2.37070066e-01 2.11886182e+00
  4.49395978e-01 1.11299235e+00 1.49995078e+00 9.14301400e-01
  1.56999941e-01 2.57960174e-01 0.00000000e+00 7.12750760e-02
  0.00000000e+00 0.00000000e+00 0.00000000e+00]
 [2.85581294e-01 2.32319196e-01 2.62724512e-01 3.93939262e+00
  3.88197202e+00 2.32968148e+00 1.81500744e+00 1.01271514e+00
  2.76489047e-01 4.22941418e-01 2.93585275e-01 9.11303305e-02
  0.00000000e+00 1.29024382e-01 0.00000000e+00]
 [1.12198333e-01 1.34607731e-01 2.93946529e-01 2.45486334e-01
  0.00000000e+00 0.00000000e+00 1.55437483e-01 2.66946296e-01
  0.00000000e+00 6.27815416e-02 0.00000000e+00 4.91765880e-03
  0.00000000e+00 1.02911004e-01 0.00000000e+00]
 [8.16827533e-02 4.85394958e-01 4.69078699e-01 2.69110530e-01
  0.00000000e+00 1.01948761e-01 1.97047778e-01 3.00645946e-01
  1.15399160e-01 3.68329770e-02 4.27118422e-02 4.33814701e-02
  0.00000000e+00 0.00000000e+00 0.00000000e+00]
 [1.74740988e-01 1.18225121e+00 9.63149000e-01 2.28440822e-01
  4.86658104e-01 3.25416487e-01 2.04252862e-01 3.04864256e-01
  2.88548882e-01 6.56578067e-01 7.26553924e-02 8.04015900e-01
  6.77026621e-02 0.00000000e+00 0.00000000e+00]
 [0.00000000e+00 2.49292676e-01 4.75627061e-01 3.41121077e-01
  0.00000000e+00 8.11532399e-02 5.80679138e-02 1.37408350e-01
  0.00000000e+00 0.00000000e+00 0.00000000e+00 0.00000000e+00
  0.00000000e+00 0.00000000e+00 0.00000000e+00]
 [4.15520018e-01 2.56729595e-01 1.40141000e-01 1.90597633e-01
  5.46573510e-01 2.12804305e-01 2.16629778e-01 1.42897107e-01
  6.12345886e-01 2.11697116e-01 3.19962096e-01 2.95288695e-01
  4.98404477e-01 4.55597381e-01 7.34372021e-01]]

28
----------------------------------------------------------------------------------
[[1.78077861e-01 1.29742051e-02 1.45396412e-01 0.00000000e+00
  0.00000000e+00 0.00000000e+00 0.00000000e+00 8.03273919e-02
  0.00000000e+00 9.20542919e-02 0.00000000e+00 6.05710563e-02
  0.00000000e+00 9.68437465e-02 1.68875344e-01]
 [1.91714943e-01 8.29714282e-02 2.85243937e-01 5.07034245e-01
  6.46989728e-02 1.70343244e-01 1.27705270e-01 4.38525765e-01
  9.60431054e-02 1.99421036e-01 0.00000000e+00 2.44438558e-01
  1.68160787e-01 1.81694114e-01 4.58659936e-01]
 [6.80461779e-01 1.00527720e-01 3.08003719e-01 6.85775869e-01
  1.42200523e-01 6.20201611e-01 2.24595213e-02 6.92939756e-01
  7.20491724e-02 5.65452537e-01 1.96808816e-01 3.24434065e-01
  3.97030218e-01 2.50779833e-01 5.98823583e-01]
 [0.00000000e+00 0.00000000e+00 6.83841313e-02 0.00000000e+00
  0.00000000e+00 3.44201426e-02 0.00000000e+00 0.00000000e+00
  0.00000000e+00 8.54013040e-02 0.00000000e+00 1.00766371e-01
  0.00000000e+00 0.00000000e+00 1.39583482e-01]
 [1.42480562e-01 0.00000000e+00 3.57037216e-02 0.00000000e+00
  0.00000000e+00 0.00000000e+00 0.00000000e+00 8.67513537e-02
  0.00000000e+00 6.59722032e-02 0.00000000e+00 1.08314924e-01
  0.00000000e+00 1.74538046e-02 4.03644596e-02]
 [2.68560649e-01 1.59854154e-01 1.57930726e-01 3.80563894e-01
  5.18050007e-01 2.61330943e-01 0.00000000e+00 2.43394645e-01
  1.47168604e-02 1.35409728e-01 0.00000000e+00 2.58653476e-01
  7.97147308e-03 1.17278392e-01 5.25234015e-01]
 [2.93194187e-01 5.62653064e-02 1.91016523e-02 7.31690577e-02
  0.00000000e+00 0.00000000e+00 0.00000000e+00 5.39670057e-02
  0.00000000e+00 0.00000000e+00 0.00000000e+00 1.55451700e-01
  0.00000000e+00 1.40006377e-01 2.47881995e-01]
 [1.60117598e-03 0.00000000e+00 0.00000000e+00 0.00000000e+00
  0.00000000e+00 6.99760779e-02 0.00000000e+00 4.95623088e-03
  0.00000000e+00 0.00000000e+00 0.00000000e+00 4.74041095e-03
  0.00000000e+00 0.00000000e+00 6.12078156e-02]
 [2.46728108e-02 0.00000000e+00 0.00000000e+00 0.00000000e+00
  0.00000000e+00 0.00000000e+00 0.00000000e+00 3.96511183e-02
  0.00000000e+00 1.73195650e-02 0.00000000e+00 6.76330556e-02
  0.00000000e+00 0.00000000e+00 5.44610754e-02]
 [8.30622445e-01 1.71846474e-01 2.11583746e-01 1.58231399e-01
  3.41407840e-01 4.23380750e-01 3.18175087e-01 3.91538932e-01
  0.00000000e+00 1.68842501e-01 3.28174950e-02 3.83737150e-01
  0.00000000e+00 3.35957427e-01 3.78552787e-01]
 [3.04408821e-01 0.00000000e+00 1.27123800e-02 0.00000000e+00
  0.00000000e+00 0.00000000e+00 0.00000000e+00 8.27748457e-02
  0.00000000e+00 0.00000000e+00 0.00000000e+00 0.00000000e+00
  0.00000000e+00 0.00000000e+00 3.18361129e-01]
 [2.16896306e-01 0.00000000e+00 0.00000000e+00 9.76569728e-02
  0.00000000e+00 1.19285694e-03 0.00000000e+00 1.98266654e-01
  0.00000000e+00 2.96570723e-03 0.00000000e+00 5.44814370e-02
  0.00000000e+00 3.18230952e-02 1.60209298e-01]
 [2.87276009e-01 6.82836267e-01 5.31972566e-01 4.77337703e-02
  3.92968962e-01 3.21747160e-01 1.95900568e-01 5.30205919e-01
  0.00000000e+00 2.47075689e-01 3.25725744e-01 5.11537683e-01
  9.52235895e-02 4.61869663e-01 3.80548109e-01]
 [9.43902437e-02 0.00000000e+00 1.23071517e-01 1.62808810e-01
  0.00000000e+00 1.68799144e-03 0.00000000e+00 3.21492650e-01
  0.00000000e+00 2.76914631e-01 0.00000000e+00 1.64400276e-01
  0.00000000e+00 0.00000000e+00 2.40714920e-01]
 [1.84460435e-01 0.00000000e+00 1.37972546e-01 0.00000000e+00
  5.84189846e-02 1.85427770e-01 1.71537635e-01 6.97594596e-01
  0.00000000e+00 6.43715630e-01 1.29759157e-01 1.75115966e-01
  0.00000000e+00 1.38838413e-01 1.69311361e-01]
 [1.12313300e+00 4.83384398e-01 1.46005083e+00 5.07795083e-01
  4.50811675e-01 9.30565476e-01 3.97736978e-01 1.19632426e+00
  2.97393236e-01 4.93895849e-01 1.95177511e-01 1.30035244e-01
  5.47181728e-02 4.82581963e-01 5.45422535e-01]
 [8.99570859e-03 0.00000000e+00 1.00073402e-01 1.47261847e-02
  0.00000000e+00 0.00000000e+00 8.72471779e-03 1.35419880e-01
  0.00000000e+00 0.00000000e+00 0.00000000e+00 0.00000000e+00
  0.00000000e+00 7.50259738e-02 1.63466792e-01]
 [2.11495489e-01 2.95956579e-01 1.86113546e-01 3.14241442e-01
  3.30917776e-01 2.51600009e-01 3.96560621e-01 1.97311891e-01
  6.60276644e-01 3.36635728e-01 4.56388782e-01 2.34353916e-01
  4.92407895e-01 2.32321314e-01 1.87061954e-01]]

29
----------------------------------------------------------------------------------
[[0.00000000e+00 1.34210561e-01 0.00000000e+00 0.00000000e+00
  0.00000000e+00 0.00000000e+00 1.30132734e-01 1.81899305e-01
  0.00000000e+00]
 [1.67584396e-01 2.94147762e-01 1.32866114e-01 2.36614347e-01
  1.51049340e-02 3.14857384e-01 4.36534405e-01 5.37004577e-01
  0.00000000e+00]
 [1.47315402e-01 5.56442163e-01 2.27621315e-01 2.33212913e-01
  3.96294878e-01 4.27427722e-01 3.92983277e-01 6.53201904e-01
  1.05389821e-01]
 [0.00000000e+00 0.00000000e+00 0.00000000e+00 0.00000000e+00
  0.00000000e+00 0.00000000e+00 7.69728082e-02 1.47429573e-01
  0.00000000e+00]
 [0.00000000e+00 2.23334197e-02 0.00000000e+00 4.77854809e-02
  0.00000000e+00 6.30186818e-02 1.43561516e-02 6.58561324e-02
  0.00000000e+00]
 [0.00000000e+00 3.34062693e-01 0.00000000e+00 2.18746568e-01
  2.55331635e-02 1.79395648e-01 2.00618777e-01 4.34615895e-01
  0.00000000e+00]
 [0.00000000e+00 7.30070042e-02 0.00000000e+00 1.16077507e-01
  0.00000000e+00 8.54527574e-02 8.88323408e-02 1.66449275e-01
  0.00000000e+00]
 [0.00000000e+00 0.00000000e+00 0.00000000e+00 0.00000000e+00
  0.00000000e+00 0.00000000e+00 0.00000000e+00 3.16412538e-02
  0.00000000e+00]
 [0.00000000e+00 2.26450370e-03 0.00000000e+00 0.00000000e+00
  0.00000000e+00 0.00000000e+00 0.00000000e+00 6.41883012e-02
  0.00000000e+00]
 [2.56052607e-01 5.56670397e-01 1.76179118e-01 6.20222859e-01
  0.00000000e+00 1.81153057e-01 1.25091416e-01 4.58620227e-01
  2.72096055e-01]
 [0.00000000e+00 0.00000000e+00 0.00000000e+00 0.00000000e+00
  7.20699401e-04 0.00000000e+00 0.00000000e+00 8.78446483e-02
  1.60262032e-01]
 [0.00000000e+00 1.30361871e-01 0.00000000e+00 0.00000000e+00
  0.00000000e+00 0.00000000e+00 0.00000000e+00 4.24447320e-01
  0.00000000e+00]
 [6.13094402e-01 4.06665214e-01 9.09672059e-02 1.86771809e-01
  1.87809931e-03 6.61316626e-01 7.28836691e-01 4.48190375e-01
  5.35167292e-01]
 [0.00000000e+00 2.41865051e-02 0.00000000e+00 0.00000000e+00
  0.00000000e+00 1.48707630e-01 1.29931950e-01 0.00000000e+00
  1.72650063e-01]
 [0.00000000e+00 3.59547116e-01 1.53957511e-01 1.13199080e-01
  1.44363964e-02 3.90617901e-01 5.23753212e-01 2.67175845e-02
  4.60291298e-02]
 [0.00000000e+00 4.81165910e-01 2.72645065e-01 1.65831552e-01
  7.18567043e-01 5.01509514e-01 5.29103281e-01 1.02010316e+00
  2.93290328e-02]
 [0.00000000e+00 6.86826382e-02 0.00000000e+00 0.00000000e+00
  0.00000000e+00 0.00000000e+00 0.00000000e+00 2.68968721e-01
  0.00000000e+00]
 [5.27973279e-01 1.65608692e-01 5.15496062e-01 4.85565057e-01
  4.65384802e-01 2.95296895e-01 2.77617391e-01 2.58234394e-01
  4.71384552e-01]]