

1
----------------------------------------------------------------------------------
[[8.76638884e-02 0.00000000e+00 0.00000000e+00 0.00000000e+00
  2.15963156e-01 2.44816631e-02 1.16604082e-01 0.00000000e+00
  4.53308911e-02 6.84353244e-04 0.00000000e+00 0.00000000e+00
  0.00000000e+00 1.31869187e-01 0.00000000e+00]
 [1.39536359e-01 0.00000000e+00 0.00000000e+00 0.00000000e+00
  5.70944548e-02 2.78591653e-01 4.80861474e-01 2.89632238e-01
  2.13928271e-01 7.96874385e-02 1.93691878e-01 0.00000000e+00
  1.24484519e-01 4.67854338e-01 7.18657582e-02]
 [2.54900982e-01 4.34059986e-01 0.00000000e+00 3.74122917e-02
  5.07419145e-01 0.00000000e+00 6.74796668e-01 5.21732018e-01
  2.85182955e-01 4.19018390e-01 3.54798665e-01 2.01797218e-01
  0.00000000e+00 4.12272876e-01 7.84868777e-03]
 [2.87673136e-02 5.60578585e-02 0.00000000e+00 0.00000000e+00
  0.00000000e+00 3.99420989e-02 3.26954582e-02 0.00000000e+00
  0.00000000e+00 0.00000000e+00 3.48862109e-02 0.00000000e+00
  0.00000000e+00 5.83695596e-02 0.00000000e+00]
 [1.50915448e-03 0.00000000e+00 0.00000000e+00 0.00000000e+00
  0.00000000e+00 8.74482457e-03 1.93367620e-02 0.00000000e+00
  0.00000000e+00 4.00917308e-02 0.00000000e+00 0.00000000e+00
  0.00000000e+00 1.81680014e-01 0.00000000e+00]
 [6.99089898e-02 0.00000000e+00 3.74147844e-02 1.47482925e-01
  8.87557493e-02 6.15350910e-02 2.80138650e-01 1.67301936e-01
  2.15973179e-01 2.28747176e-01 0.00000000e+00 3.25107755e-02
  1.27651809e-01 4.07972361e-01 0.00000000e+00]
 [7.11958564e-03 0.00000000e+00 0.00000000e+00 0.00000000e+00
  0.00000000e+00 0.00000000e+00 9.43322760e-02 0.00000000e+00
  0.00000000e+00 7.80331483e-02 0.00000000e+00 0.00000000e+00
  0.00000000e+00 2.66091496e-01 0.00000000e+00]
 [0.00000000e+00 6.98623313e-03 0.00000000e+00 0.00000000e+00
  0.00000000e+00 5.01187418e-02 7.41053654e-02 0.00000000e+00
  0.00000000e+00 0.00000000e+00 0.00000000e+00 0.00000000e+00
  0.00000000e+00 0.00000000e+00 0.00000000e+00]
 [0.00000000e+00 0.00000000e+00 0.00000000e+00 0.00000000e+00
  0.00000000e+00 0.00000000e+00 0.00000000e+00 0.00000000e+00
  0.00000000e+00 0.00000000e+00 0.00000000e+00 0.00000000e+00
  0.00000000e+00 0.00000000e+00 0.00000000e+00]
 [0.00000000e+00 0.00000000e+00 0.00000000e+00 0.00000000e+00
  2.87825322e-01 0.00000000e+00 5.21143485e-01 0.00000000e+00
  5.02979018e-01 7.79619601e-02 2.57075254e-01 6.10587962e-04
  0.00000000e+00 4.43584485e-01 5.66333141e-02]
 [0.00000000e+00 0.00000000e+00 0.00000000e+00 0.00000000e+00
  3.43440897e-02 0.00000000e+00 1.47661705e-01 0.00000000e+00
  3.14969717e-02 0.00000000e+00 7.99016867e-02 0.00000000e+00
  0.00000000e+00 2.77045846e-01 0.00000000e+00]
 [0.00000000e+00 0.00000000e+00 0.00000000e+00 0.00000000e+00
  0.00000000e+00 1.66643884e-02 1.58993500e-01 0.00000000e+00
  4.44411711e-02 1.47865674e-01 1.98731153e-01 5.59940343e-03
  0.00000000e+00 1.98876313e-01 0.00000000e+00]
 [1.33443260e-01 0.00000000e+00 7.46747825e-02 4.43544444e-01
  4.86866966e-01 2.45692823e-01 4.39987213e-01 1.33901237e-01
  3.93879528e-01 2.66256409e-01 1.14828274e-01 2.96604081e-02
  1.25047498e-01 2.78331545e-01 3.94069536e-02]
 [0.00000000e+00 0.00000000e+00 0.00000000e+00 0.00000000e+00
  0.00000000e+00 0.00000000e+00 1.95093894e-01 0.00000000e+00
  0.00000000e+00 0.00000000e+00 0.00000000e+00 0.00000000e+00
  7.34880883e-03 1.56412993e-01 0.00000000e+00]
 [0.00000000e+00 0.00000000e+00 0.00000000e+00 0.00000000e+00
  0.00000000e+00 1.14829960e-02 1.82013532e-01 0.00000000e+00
  0.00000000e+00 0.00000000e+00 0.00000000e+00 0.00000000e+00
  2.04142387e-02 6.45987421e-02 0.00000000e+00]
 [0.00000000e+00 2.29702546e-01 0.00000000e+00 1.21249747e-01
  1.69765725e-01 2.35490943e-01 6.49414502e-01 3.43944945e-01
  0.00000000e+00 1.60302370e-01 1.51099983e-01 0.00000000e+00
  1.87764460e-01 5.24007217e-01 1.57035843e-02]
 [0.00000000e+00 0.00000000e+00 0.00000000e+00 0.00000000e+00
  0.00000000e+00 0.00000000e+00 1.25441327e-01 0.00000000e+00
  3.06997855e-02 0.00000000e+00 0.00000000e+00 0.00000000e+00
  0.00000000e+00 0.00000000e+00 0.00000000e+00]
 [5.05074395e-01 7.94194739e-01 1.00425152e+00 5.74294107e-01
  2.59525394e-01 3.25486434e-01 1.80094545e-01 5.76251791e-01
  3.55394574e-01 4.22147831e-01 3.51194289e-01 5.38465581e-01
  7.45656780e-01 2.19985893e-01 4.08387005e-01]]

2
----------------------------------------------------------------------------------
[[0.00000000e+00 2.86402732e-01 0.00000000e+00 1.67351375e-01
  0.00000000e+00 8.69725656e-02 1.36690680e-01 4.52918708e-02
  2.30420682e-01 5.82231016e-02 0.00000000e+00 3.17393710e-01
  0.00000000e+00 0.00000000e+00 0.00000000e+00]
 [0.00000000e+00 3.42992206e-01 3.95446163e-01 2.83080427e-01
  1.32748584e-01 2.72461376e-01 2.58440964e-01 3.80279474e-01
  8.39421814e-02 4.28298168e-01 0.00000000e+00 4.66788707e-01
  0.00000000e+00 1.09393258e-01 6.36445240e-02]
 [0.00000000e+00 8.75962475e-01 2.80836743e-01 8.49209569e-01
  1.82178312e-01 5.78078781e-01 3.12988493e-01 2.63906009e-01
  1.94278990e-01 7.93308074e-01 3.84222892e-01 3.51793781e-01
  0.00000000e+00 0.00000000e+00 0.00000000e+00]
 [0.00000000e+00 8.97636510e-02 0.00000000e+00 7.73473120e-02
  1.21084925e-02 0.00000000e+00 1.21055992e-01 1.37362997e-01
  7.26764052e-02 0.00000000e+00 0.00000000e+00 2.59000345e-01
  0.00000000e+00 0.00000000e+00 0.00000000e+00]
 [0.00000000e+00 3.44079172e-02 0.00000000e+00 3.02998541e-01
  0.00000000e+00 2.41881048e-02 2.86819825e-01 0.00000000e+00
  2.74070994e-01 7.78246389e-02 8.58895845e-02 7.34997702e-03
  0.00000000e+00 0.00000000e+00 0.00000000e+00]
 [0.00000000e+00 1.53686486e-01 2.62255319e-01 6.26636079e-02
  2.38181071e-01 9.49903310e-02 2.49816980e-01 1.23549039e-01
  6.73898152e-02 1.47199405e-01 5.48346584e-02 5.05089735e-01
  0.00000000e+00 0.00000000e+00 1.85140964e-01]
 [0.00000000e+00 1.06527260e-01 0.00000000e+00 2.71053527e-01
  0.00000000e+00 5.51027043e-03 2.60512805e-01 0.00000000e+00
  2.04683762e-01 0.00000000e+00 2.32053106e-01 5.99050386e-02
  0.00000000e+00 0.00000000e+00 0.00000000e+00]
 [0.00000000e+00 1.06048599e-01 0.00000000e+00 2.23022655e-01
  0.00000000e+00 2.87872055e-02 7.64397784e-02 2.29326083e-02
  4.31990610e-02 0.00000000e+00 9.15023314e-01 2.98211587e+00
  1.66794523e-01 9.03977625e-01 3.17630667e-01]
 [0.00000000e+00 9.58328003e-02 0.00000000e+00 1.85490467e-01
  0.00000000e+00 3.21778818e-02 7.82222007e-02 0.00000000e+00
  1.33241945e-01 0.00000000e+00 1.64823746e+00 5.38345437e+00
  1.93649707e-01 1.68135281e+00 1.06758489e+00]
 [1.13965194e-01 5.27836723e-01 2.81499395e-01 3.33906933e-01
  9.41965266e-03 3.58747387e-01 4.82903228e-01 1.19377830e-01
  1.48406801e-01 6.86056405e-01 2.96853068e-01 6.27657578e-01
  0.00000000e+00 0.00000000e+00 5.67322470e-01]
 [1.65993218e-01 1.44993161e-01 0.00000000e+00 1.21583383e-01
  0.00000000e+00 1.76471189e-02 1.53775008e-01 0.00000000e+00
  2.66464480e-02 2.40573846e-01 2.65222404e+00 5.77542638e+00
  2.05503992e-01 1.34771021e+00 1.14773270e+00]
 [1.55108218e-02 2.08595954e-01 3.13800622e-02 2.27951544e-01
  0.00000000e+00 1.62625408e-02 1.79164436e-01 3.91467004e-02
  1.15234450e-01 5.57404991e-02 2.40877367e-01 2.12875755e+00
  0.00000000e+00 4.50214077e-01 2.95563068e-01]
 [2.92329704e-01 3.16647555e-01 1.57403924e-01 4.07069737e-01
  1.29217516e-01 0.00000000e+00 2.39848448e-01 3.32653822e-01
  1.96177961e-01 3.29066080e-01 1.18276574e+00 5.18103470e+00
  6.77268616e-01 1.82381026e+00 4.49625940e-01]
 [0.00000000e+00 5.61779499e-02 0.00000000e+00 1.05428906e-01
  0.00000000e+00 0.00000000e+00 1.51578538e-01 0.00000000e+00
  0.00000000e+00 7.35951790e-02 0.00000000e+00 2.14203068e-01
  0.00000000e+00 0.00000000e+00 0.00000000e+00]
 [0.00000000e+00 6.14916559e-02 0.00000000e+00 4.43066780e-02
  0.00000000e+00 0.00000000e+00 6.69761496e-02 9.12369152e-02
  0.00000000e+00 8.18867460e-02 0.00000000e+00 2.22043031e-02
  0.00000000e+00 0.00000000e+00 0.00000000e+00]
 [2.31715718e-01 4.18597833e-01 1.60744761e-01 7.17630613e-01
  1.36465356e-01 0.00000000e+00 3.13325643e-01 1.78846585e-01
  1.29899229e-01 2.11166531e-01 1.40778234e-02 2.61870002e-01
  3.86609303e-02 1.15793752e+00 3.14877976e-01]
 [0.00000000e+00 5.33356969e-02 0.00000000e+00 3.78052178e-02
  7.02303405e-02 0.00000000e+00 5.23389442e-02 0.00000000e+00
  0.00000000e+00 3.32684017e-02 9.94994951e-02 0.00000000e+00
  0.00000000e+00 0.00000000e+00 0.00000000e+00]
 [4.89242302e-01 1.58072060e-01 2.91001048e-01 2.23101043e-01
  4.36740566e-01 4.36741974e-01 2.13894777e-01 3.25823107e-01
  4.27670244e-01 4.68491290e-01 5.18166263e-01 2.57282597e-01
  6.61270974e-01 6.01840348e-01 5.79715792e-01]]

3
----------------------------------------------------------------------------------
[[0.00000000e+00 8.16707232e-02 9.24524933e-02 1.06955025e-02
  0.00000000e+00 1.51267996e-01 0.00000000e+00 1.88055394e-01
  1.71574536e-01 7.36562330e-02 0.00000000e+00 0.00000000e+00
  1.03555452e-01 0.00000000e+00 0.00000000e+00]
 [4.59837994e-01 3.80077709e-01 1.15558118e-01 2.52627110e-02
  1.74259711e-01 1.80964377e-01 6.57220743e-02 3.84337647e-01
  1.80976803e-01 1.37419684e-01 0.00000000e+00 0.00000000e+00
  0.00000000e+00 3.55044102e-01 0.00000000e+00]
 [3.21469633e-01 1.75088650e-01 1.14972871e+00 8.70009179e-02
  1.56333922e-01 3.47496807e-01 1.05405218e-01 0.00000000e+00
  7.37497235e-01 1.06388265e-01 1.65353636e-01 0.00000000e+00
  2.98732655e-01 8.46499941e-01 0.00000000e+00]
 [0.00000000e+00 4.18813019e-02 0.00000000e+00 0.00000000e+00
  0.00000000e+00 1.21913522e-01 0.00000000e+00 0.00000000e+00
  3.07453093e-01 6.27677661e-02 0.00000000e+00 0.00000000e+00
  0.00000000e+00 3.60872300e-02 0.00000000e+00]
 [3.18993571e-02 7.39023659e-02 6.29797405e-02 0.00000000e+00
  0.00000000e+00 2.18359102e-01 0.00000000e+00 0.00000000e+00
  2.65399445e-01 0.00000000e+00 0.00000000e+00 0.00000000e+00
  0.00000000e+00 3.44934023e-02 1.09641036e-02]
 [2.69719229e-01 5.08860111e-01 2.93509264e-01 0.00000000e+00
  2.61898669e-02 2.49671269e-01 0.00000000e+00 5.90923933e-01
  3.40617051e-01 1.51251481e-01 3.83868192e-02 2.19949652e-02
  1.13811317e-02 2.36410021e-01 6.90588222e-02]
 [4.44116946e-02 4.30320686e-02 2.23673861e-01 0.00000000e+00
  0.00000000e+00 1.22709544e-01 0.00000000e+00 1.50436817e-01
  2.24307799e-01 0.00000000e+00 0.00000000e+00 0.00000000e+00
  0.00000000e+00 0.00000000e+00 0.00000000e+00]
 [3.39790248e-01 0.00000000e+00 0.00000000e+00 0.00000000e+00
  7.17318658e-03 4.39630239e-02 0.00000000e+00 0.00000000e+00
  9.82144578e-02 6.48407989e-02 0.00000000e+00 1.79653828e-01
  1.99815895e+00 1.99165640e-01 1.27037418e+00]
 [2.21875114e-01 0.00000000e+00 0.00000000e+00 0.00000000e+00
  0.00000000e+00 0.00000000e+00 0.00000000e+00 2.78118988e-02
  1.34986646e-01 4.73030053e-03 0.00000000e+00 7.32200339e-01
  3.39358639e+00 4.83291017e-01 2.00175455e+00]
 [2.35187524e-01 7.80078343e-01 2.62339835e-01 6.56976262e-01
  3.21115530e-01 2.77611668e-01 0.00000000e+00 0.00000000e+00
  4.15873393e-01 6.58007770e-01 0.00000000e+00 0.00000000e+00
  3.96928967e-01 3.10028546e-01 1.71792725e-01]
 [1.47630456e-01 8.47964194e-02 0.00000000e+00 0.00000000e+00
  0.00000000e+00 0.00000000e+00 0.00000000e+00 3.17249226e-02
  2.00267464e-01 1.22570774e-01 0.00000000e+00 8.82238460e-01
  6.78617597e+00 7.17769284e-01 1.88358548e+00]
 [1.12958475e-01 1.27124773e-02 0.00000000e+00 3.32226370e-02
  0.00000000e+00 2.54562095e-01 0.00000000e+00 0.00000000e+00
  2.60826638e-01 0.00000000e+00 8.36779678e-02 8.04094407e-03
  1.99063813e+00 1.23204736e-01 9.07587563e-01]
 [4.16087690e-01 6.49597089e-02 9.68136338e-02 1.43113011e-01
  1.95221873e-01 2.51218089e-01 0.00000000e+00 4.13187936e-02
  5.02105558e-01 3.32364063e-01 2.58064148e-01 1.41362578e-01
  4.95759557e+00 6.32035355e-01 2.28096186e+00]
 [5.92282213e-02 0.00000000e+00 5.14237562e-02 0.00000000e+00
  0.00000000e+00 1.32479873e-01 0.00000000e+00 0.00000000e+00
  4.20737161e-02 3.85888957e-02 0.00000000e+00 0.00000000e+00
  0.00000000e+00 0.00000000e+00 1.37686585e-02]
 [0.00000000e+00 0.00000000e+00 7.56045132e-03 0.00000000e+00
  0.00000000e+00 7.23995282e-03 0.00000000e+00 0.00000000e+00
  0.00000000e+00 0.00000000e+00 0.00000000e+00 0.00000000e+00
  0.00000000e+00 4.36942572e-02 0.00000000e+00]
 [3.75946584e-01 3.59266159e-01 1.31484753e-01 2.86913911e-01
  1.36950291e-01 2.18085607e-01 1.15431155e-02 1.28079861e-01
  2.57815662e-01 5.20784881e-01 0.00000000e+00 2.96052108e-01
  0.00000000e+00 6.32157018e-01 2.89863384e-01]
 [0.00000000e+00 0.00000000e+00 0.00000000e+00 0.00000000e+00
  0.00000000e+00 2.61937082e-02 0.00000000e+00 0.00000000e+00
  1.11435750e-02 0.00000000e+00 0.00000000e+00 0.00000000e+00
  7.79255189e-02 1.31529842e-01 0.00000000e+00]
 [3.12885087e-01 3.00922141e-01 4.89797970e-01 4.54820006e-01
  3.62576517e-01 2.78087015e-01 7.49075170e-01 7.60608389e-01
  4.91540201e-01 5.87247177e-01 5.64247378e-01 7.80128154e-01
  7.24920199e-01 6.69974520e-01 1.04287947e+00]]

4
----------------------------------------------------------------------------------
[[0.         0.05640548 0.19234866 0.         0.         0.22537491
  0.         0.         0.02203241 0.         0.         0.
  0.         0.01478876 0.        ]
 [0.         0.43523735 0.0121519  0.06077996 0.21574105 0.15107572
  0.         0.29191494 0.03935198 0.         0.68160195 0.04796535
  0.22504255 0.24532656 0.35679779]
 [0.39093535 0.         0.         0.27595476 0.33032285 0.16709217
  0.60134264 0.12651996 0.73368088 0.32444982 0.20339248 0.
  0.43531812 0.35790194 0.03320921]
 [0.         0.048614   0.22233928 0.         0.         0.20467179
  0.06228462 0.         0.05036555 0.         0.         0.
  0.         0.         0.        ]
 [0.         0.         0.0790743  0.         0.         0.18704477
  0.09432349 0.         0.         0.         0.0361     0.
  0.         0.         0.        ]
 [0.         0.7551405  0.18757415 0.01377194 0.06539593 0.19432464
  0.24865958 0.         0.00706808 0.24881273 0.10486501 0.03574327
  0.34991247 0.25936877 0.        ]
 [0.         0.         0.         0.         0.11264139 0.09892242
  0.         0.         0.02394898 0.         0.05941659 0.
  0.29948692 0.         0.        ]
 [0.2657193  0.29275487 0.04756003 0.         0.         0.13939174
  0.         0.         0.02838138 0.         0.         0.
  0.         0.         0.        ]
 [0.72390814 0.57247752 0.23970208 0.         0.         0.12145347
  0.02488515 0.         0.         0.         0.         0.
  0.         0.         0.        ]
 [0.44317383 0.30911363 0.01845487 0.         0.         0.36378352
  0.         0.         0.24569011 0.         0.         0.
  0.29037644 0.34909171 0.        ]
 [0.86669386 0.69377565 0.19048686 0.         0.         0.16143834
  0.         0.         0.         0.01878737 0.         0.
  0.         0.06080085 0.        ]
 [0.67040717 0.09844136 0.09152837 0.         0.         0.14322642
  0.04307141 0.         0.29865515 0.01968906 0.00388064 0.
  0.01208834 0.10573281 0.        ]
 [0.32650169 0.13267572 0.39910838 0.14770706 0.         0.18312093
  0.22732322 0.         0.55221428 0.28419476 0.         0.01165354
  0.29900971 0.27699247 0.        ]
 [0.         0.02157625 0.         0.         0.         0.06068667
  0.11185737 0.         0.0658287  0.         0.11301729 0.00386464
  0.01510564 0.         0.        ]
 [0.         0.         0.         0.         0.         0.03975261
  0.02008269 0.         0.12537267 0.         0.0944056  0.
  0.         0.         0.        ]
 [0.47329363 0.15193885 0.         0.4611272  0.         0.02858191
  0.20523709 0.00152128 0.59140704 0.18603408 0.34980141 0.10102205
  0.26241109 0.38323764 0.        ]
 [0.         0.00121242 0.         0.         0.         0.02153178
  0.         0.         0.23478424 0.         0.         0.
  0.         0.05843136 0.        ]
 [0.48701634 0.42904481 0.47499848 0.86731283 0.65969736 0.36534699
  0.52832779 0.64241497 0.3565286  0.59834279 0.5803011  0.68556683
  0.37666803 0.25128715 0.62265041]]

5
----------------------------------------------------------------------------------
[[4.83482714e-02 0.00000000e+00 0.00000000e+00 0.00000000e+00
  6.49092958e-02 0.00000000e+00 0.00000000e+00 3.01875363e-02
  0.00000000e+00 3.16312078e-02 1.08222761e-01 4.01098787e-02
  0.00000000e+00 1.49087011e-02 0.00000000e+00]
 [4.53702387e-01 0.00000000e+00 2.80925144e-02 3.75498331e-01
  5.31116638e-03 1.33699099e-01 2.01645262e-01 3.97371604e-01
  3.00581517e-01 9.94411261e-01 3.08160540e-01 2.99551447e-01
  2.12825675e-01 2.05510437e-01 0.00000000e+00]
 [5.03558828e-01 8.38904454e-03 1.22137446e-01 2.12969519e-01
  0.00000000e+00 1.08411306e-02 2.74107014e-01 1.50639568e-01
  1.81785408e-01 6.58471465e-01 4.37328114e-01 3.66785264e-01
  4.00478177e-01 1.59834113e-01 0.00000000e+00]
 [1.12110674e-01 0.00000000e+00 2.33130743e-03 0.00000000e+00
  0.00000000e+00 0.00000000e+00 5.47766444e-02 2.50878332e-02
  1.62701083e-01 0.00000000e+00 0.00000000e+00 0.00000000e+00
  8.67320649e-02 0.00000000e+00 0.00000000e+00]
 [6.69981790e-02 0.00000000e+00 0.00000000e+00 0.00000000e+00
  0.00000000e+00 0.00000000e+00 0.00000000e+00 3.11139130e-02
  3.25164922e-01 2.72645752e-02 0.00000000e+00 0.00000000e+00
  0.00000000e+00 0.00000000e+00 0.00000000e+00]
 [2.13077430e-01 0.00000000e+00 0.00000000e+00 8.77165775e-02
  0.00000000e+00 1.78244572e-01 1.69449419e-01 2.68110028e-01
  2.33513125e-01 3.27920160e-01 1.58761480e-01 1.97996241e-01
  1.85252363e-01 0.00000000e+00 0.00000000e+00]
 [2.37306660e-02 0.00000000e+00 0.00000000e+00 2.54863081e-02
  0.00000000e+00 0.00000000e+00 0.00000000e+00 0.00000000e+00
  2.41760906e-01 1.28202505e-01 0.00000000e+00 0.00000000e+00
  2.49855277e-02 0.00000000e+00 0.00000000e+00]
 [0.00000000e+00 0.00000000e+00 0.00000000e+00 7.52101577e-02
  0.00000000e+00 0.00000000e+00 0.00000000e+00 3.61298919e-01
  3.21712443e+00 9.10066199e-01 1.49563981e-01 3.10248441e-02
  2.30087227e-01 2.78596077e-01 2.46642857e-01]
 [0.00000000e+00 0.00000000e+00 0.00000000e+00 1.98958443e-02
  0.00000000e+00 0.00000000e+00 0.00000000e+00 4.92273900e-01
  4.60377783e+00 1.79616440e+00 2.33073143e-01 1.29763561e-01
  2.43606539e-01 5.83444679e-01 7.31224269e-01]
 [2.80212438e-02 0.00000000e+00 2.91261175e-01 0.00000000e+00
  0.00000000e+00 1.58114513e-01 1.73125712e-03 3.66139038e-01
  7.22423039e-01 2.97745367e-01 3.98228218e-01 4.25130160e-01
  2.18702725e-01 1.45493943e-02 0.00000000e+00]
 [0.00000000e+00 0.00000000e+00 0.00000000e+00 0.00000000e+00
  0.00000000e+00 0.00000000e+00 0.00000000e+00 2.75743313e-01
  6.98871978e+00 2.77017281e+00 3.90783580e-01 3.16045166e-01
  1.69091526e-01 5.89517118e-01 9.26724679e-01]
 [5.04372619e-02 6.54163336e-02 0.00000000e+00 0.00000000e+00
  0.00000000e+00 0.00000000e+00 5.81503789e-03 2.66731308e-01
  1.76839841e+00 1.02047950e+00 2.01339212e-01 6.19522996e-02
  3.07294946e-02 1.12216325e-01 2.25518544e-02]
 [3.11441979e-01 4.50330204e-01 1.97906212e-01 6.86327758e-02
  2.07994871e-01 5.42344693e-02 2.81231892e-01 3.99414894e-01
  4.30291703e+00 2.43266506e+00 3.56745596e-01 1.52233379e-01
  2.29138119e-01 3.93322253e-01 5.97757917e-01]
 [0.00000000e+00 0.00000000e+00 0.00000000e+00 2.60007913e-02
  0.00000000e+00 0.00000000e+00 0.00000000e+00 0.00000000e+00
  9.01990155e-02 0.00000000e+00 0.00000000e+00 6.21851115e-02
  1.91156224e-02 0.00000000e+00 0.00000000e+00]
 [0.00000000e+00 0.00000000e+00 0.00000000e+00 4.99621201e-03
  0.00000000e+00 0.00000000e+00 0.00000000e+00 5.86704972e-02
  1.66332263e-01 0.00000000e+00 0.00000000e+00 1.11269865e-01
  3.07391283e-02 1.54253924e-01 0.00000000e+00]
 [1.70891309e-01 0.00000000e+00 0.00000000e+00 1.50022172e-01
  0.00000000e+00 2.63461495e-01 3.00244645e-01 1.29699479e-01
  2.13845105e-01 0.00000000e+00 2.44481702e-01 2.45013427e-01
  5.31051138e-01 3.97771349e-01 2.51568354e-01]
 [0.00000000e+00 0.00000000e+00 0.00000000e+00 4.54463022e-02
  0.00000000e+00 0.00000000e+00 0.00000000e+00 1.59939896e-01
  8.91991293e-02 0.00000000e+00 0.00000000e+00 0.00000000e+00
  0.00000000e+00 1.32455124e-01 0.00000000e+00]
 [2.41303596e-01 4.57687684e-01 4.88153787e-01 4.24338429e-01
  6.53723552e-01 4.62309687e-01 4.44222930e-01 2.79607929e-01
  2.96276520e-01 2.83672347e-01 3.02582609e-01 3.74825100e-01
  2.66885072e-01 5.20713433e-01 9.78483655e-01]]

6
----------------------------------------------------------------------------------
[[0.00000000e+00 0.00000000e+00 0.00000000e+00 0.00000000e+00
  0.00000000e+00 0.00000000e+00 0.00000000e+00 0.00000000e+00
  0.00000000e+00 2.77330221e-02 0.00000000e+00 0.00000000e+00
  7.90238919e-02 1.49241902e-01 0.00000000e+00]
 [0.00000000e+00 0.00000000e+00 1.24343573e-01 2.13742319e-01
  1.64405630e-01 0.00000000e+00 2.03123428e-01 3.07537695e-02
  0.00000000e+00 1.02673847e-01 0.00000000e+00 0.00000000e+00
  3.93997459e-01 1.34437933e-02 0.00000000e+00]
 [0.00000000e+00 4.26363359e-02 0.00000000e+00 0.00000000e+00
  4.20896196e-01 0.00000000e+00 1.68421203e-01 0.00000000e+00
  0.00000000e+00 4.57024398e-01 0.00000000e+00 1.12477816e+00
  7.13326638e-01 3.08711282e-01 1.67321345e-01]
 [0.00000000e+00 0.00000000e+00 0.00000000e+00 0.00000000e+00
  0.00000000e+00 0.00000000e+00 0.00000000e+00 0.00000000e+00
  0.00000000e+00 0.00000000e+00 0.00000000e+00 0.00000000e+00
  2.62908290e-01 0.00000000e+00 0.00000000e+00]
 [0.00000000e+00 0.00000000e+00 0.00000000e+00 0.00000000e+00
  5.58291729e-02 0.00000000e+00 0.00000000e+00 0.00000000e+00
  0.00000000e+00 0.00000000e+00 0.00000000e+00 0.00000000e+00
  5.81549838e-02 0.00000000e+00 2.68862098e-02]
 [0.00000000e+00 7.50416082e-02 0.00000000e+00 0.00000000e+00
  3.21978719e-01 0.00000000e+00 3.01055567e-02 0.00000000e+00
  0.00000000e+00 0.00000000e+00 2.29323795e-01 1.79372993e-01
  3.24956962e-01 0.00000000e+00 1.47176526e-01]
 [0.00000000e+00 0.00000000e+00 0.00000000e+00 0.00000000e+00
  4.04051431e-02 0.00000000e+00 0.00000000e+00 0.00000000e+00
  0.00000000e+00 1.91490531e-02 0.00000000e+00 0.00000000e+00
  1.17508722e-01 0.00000000e+00 0.00000000e+00]
 [0.00000000e+00 0.00000000e+00 0.00000000e+00 0.00000000e+00
  0.00000000e+00 0.00000000e+00 0.00000000e+00 0.00000000e+00
  0.00000000e+00 0.00000000e+00 0.00000000e+00 0.00000000e+00
  1.86527111e+00 0.00000000e+00 3.86636555e-02]
 [0.00000000e+00 0.00000000e+00 1.02931110e-03 0.00000000e+00
  0.00000000e+00 0.00000000e+00 0.00000000e+00 0.00000000e+00
  0.00000000e+00 0.00000000e+00 0.00000000e+00 0.00000000e+00
  3.83112399e+00 5.89304622e-01 5.45670486e-01]
 [0.00000000e+00 0.00000000e+00 0.00000000e+00 0.00000000e+00
  0.00000000e+00 0.00000000e+00 0.00000000e+00 0.00000000e+00
  0.00000000e+00 5.49312732e-01 1.96365285e-02 2.07841095e-01
  6.04287683e-01 4.12113610e-02 5.91155202e-01]
 [0.00000000e+00 0.00000000e+00 0.00000000e+00 0.00000000e+00
  0.00000000e+00 0.00000000e+00 0.00000000e+00 0.00000000e+00
  0.00000000e+00 2.43955700e-01 0.00000000e+00 0.00000000e+00
  1.96178395e+00 5.80453913e-01 5.04398323e-01]
 [0.00000000e+00 0.00000000e+00 0.00000000e+00 0.00000000e+00
  0.00000000e+00 0.00000000e+00 0.00000000e+00 0.00000000e+00
  0.00000000e+00 2.38631495e-01 0.00000000e+00 9.64901883e-02
  2.36763460e+00 4.26625192e-01 6.50059455e-01]
 [0.00000000e+00 1.61941985e-02 1.96427734e-01 0.00000000e+00
  1.76122706e-01 0.00000000e+00 0.00000000e+00 0.00000000e+00
  0.00000000e+00 4.83567418e-01 2.45798378e-01 2.68242151e-01
  2.97273587e+00 2.31748981e+00 4.36228110e-01]
 [0.00000000e+00 0.00000000e+00 0.00000000e+00 0.00000000e+00
  0.00000000e+00 0.00000000e+00 2.00807941e-02 2.96057089e-01
  1.13839669e+00 1.40980196e+00 2.08886083e-01 5.34824106e-02
  1.03998986e-01 0.00000000e+00 0.00000000e+00]
 [0.00000000e+00 0.00000000e+00 0.00000000e+00 0.00000000e+00
  0.00000000e+00 0.00000000e+00 2.20835724e-01 6.30362093e-01
  2.00557960e+00 2.49889471e+00 6.38298453e-01 1.11904076e-01
  2.29442965e-01 0.00000000e+00 0.00000000e+00]
 [0.00000000e+00 0.00000000e+00 0.00000000e+00 1.11048374e-01
  1.61865017e-01 3.55904692e-01 0.00000000e+00 5.69459577e-01
  2.08767148e+00 1.04287573e+00 1.24510728e+00 3.38586260e-01
  9.34654703e-01 7.37286391e-01 4.58194667e-01]
 [0.00000000e+00 0.00000000e+00 0.00000000e+00 0.00000000e+00
  0.00000000e+00 0.00000000e+00 0.00000000e+00 0.00000000e+00
  4.80886904e-01 1.04434012e+00 0.00000000e+00 1.40147475e-01
  2.51742781e-01 0.00000000e+00 0.00000000e+00]
 [1.09804784e+00 1.08767851e+00 1.08764756e+00 1.06809402e+00
  8.71694122e-01 9.59918846e-01 9.44633069e-01 1.08712109e+00
  9.36521099e-01 4.93337930e-01 7.83723677e-01 5.29625531e-01
  1.94754203e-01 6.43726911e-01 7.96250381e-01]]

7
----------------------------------------------------------------------------------
[[0.         0.         0.05463076 0.01125677 0.         0.
  0.         0.05396834 0.         0.15928811 0.         0.
  0.01517291 0.         0.        ]
 [0.         0.         0.         0.         0.         0.
  0.         0.16997849 0.07120403 0.37588489 0.28099232 0.
  0.05792398 0.         0.        ]
 [0.72388619 0.         0.         0.08923396 0.         0.
  0.2934101  0.         0.56135296 0.53328541 0.18935479 0.
  0.         0.29487173 0.        ]
 [0.         0.         0.         0.         0.         0.
  0.03288058 0.03152888 0.         0.11546827 0.         0.
  0.         0.         0.        ]
 [0.         0.02767919 0.         0.14108899 0.04931185 0.
  0.11775706 0.06407029 0.         0.         0.         0.
  0.0277787  0.0219575  0.        ]
 [0.         0.         0.10770259 0.3496159  0.         0.
  0.18841604 0.12092357 0.29218857 0.18594291 0.23330091 0.13980709
  0.         0.07458141 0.        ]
 [0.         0.         0.00537799 0.21504336 0.         0.
  0.06951033 0.0651805  0.05315036 0.         0.02080399 0.
  0.13559557 0.         0.        ]
 [0.         0.         0.         0.         0.         0.
  0.         0.         0.         0.05385597 0.         0.
  0.         0.         0.        ]
 [0.72219397 0.27528542 0.04765305 0.10842044 0.         0.
  0.         0.         0.         0.00571428 0.         0.
  0.         0.         0.        ]
 [0.         0.         0.05649131 0.5438463  0.39190506 0.
  0.         0.50226299 0.45790785 0.52869208 0.14082061 0.12911372
  0.33061218 0.02430979 0.        ]
 [0.79276517 0.24519285 0.30761379 0.23967096 0.40255656 0.
  0.0134518  0.10558295 0.         0.19992531 0.03582185 0.
  0.         0.         0.        ]
 [0.1605836  0.         0.         0.         0.         0.
  0.         0.12901102 0.         0.02977628 0.02394053 0.
  0.         0.         0.        ]
 [0.03456562 0.40644116 0.         0.45279835 0.         0.
  0.30707768 0.1162335  0.1072806  0.21796434 0.21163382 0.1297605
  0.         0.08755573 0.        ]
 [0.         0.         0.         0.27378933 0.01710133 0.
  0.         0.20958194 0.         0.03172099 0.         0.
  0.         0.0091238  0.        ]
 [0.         0.         0.07386255 0.35157709 0.0932552  0.
  0.14185977 0.22656807 0.         0.         0.         0.0231284
  0.         0.16874456 0.        ]
 [0.         0.         0.2355209  0.03303814 0.35282983 0.
  0.         0.6597988  0.28503491 0.40897049 0.11919446 0.23763319
  0.1630717  0.19780881 0.        ]
 [0.         0.         0.         0.24286827 0.         0.
  0.         0.14078031 0.         0.         0.         0.
  0.         0.         0.        ]
 [1.10364333 1.21861094 1.23708864 1.00761121 0.94373581 1.27255038
  0.90193798 0.73657331 0.46719478 0.23945206 0.34734401 0.67061287
  0.80857583 0.75606961 1.1911878 ]]

8
----------------------------------------------------------------------------------
[[0.         0.         0.         0.         0.         0.
  0.         0.         0.         0.         0.         0.06929403
  0.         0.         0.        ]
 [0.08115855 0.52742318 0.         0.         0.         0.
  0.         0.         0.         0.06887142 0.         0.
  0.04368437 0.         0.12022215]
 [0.19589805 0.34328142 0.2265723  0.         0.         0.
  0.         0.         0.         0.         0.         0.
  0.         0.         0.        ]
 [0.         0.         0.         0.         0.         0.
  0.         0.         0.         0.         0.         0.
  0.         0.         0.        ]
 [0.         0.         0.         0.         0.         0.
  0.         0.         0.         0.         0.         0.47265133
  0.         0.         0.        ]
 [0.         0.         0.         0.         0.         0.
  0.         0.         0.         0.         0.         0.
  0.         0.         0.        ]
 [0.         0.         0.         0.         0.         0.
  0.         0.         0.         0.         0.         0.
  0.         0.         0.        ]
 [0.         0.         0.         0.         0.         0.
  0.         0.         0.         0.         0.         0.
  0.         0.         0.25300181]
 [0.         0.         0.         0.         0.         0.
  0.         0.         0.         0.         0.         0.
  0.         0.         0.        ]
 [0.         0.00713809 0.01647049 0.01273357 0.         0.
  0.         0.         0.         0.         0.         0.
  0.         0.         0.        ]
 [0.         0.         0.         0.         0.         0.
  0.         0.         0.         0.         0.         0.
  0.         0.         0.        ]
 [0.         0.         0.         0.         0.         0.
  0.         0.         0.         0.         0.         0.
  0.         0.         0.1761663 ]
 [0.         0.         0.         0.         0.         0.
  0.         0.         0.         0.         0.         0.16399102
  0.         0.         0.17898271]
 [0.         0.         0.         0.         0.         0.
  0.27406771 0.         0.         0.         0.         0.
  0.         0.13031285 0.87794456]
 [0.         0.25486642 0.         0.21038571 0.         0.14160775
  0.86478282 0.12917431 0.08435263 0.         0.         0.
  0.         0.1550791  0.97353534]
 [0.23018029 0.43081782 0.38478547 0.31543354 0.17158638 0.
  0.         0.         0.         0.         0.         0.
  0.         0.         0.        ]
 [0.         0.         0.         0.         0.         0.
  0.40555935 0.         0.         0.         0.         0.
  0.         0.18278836 1.24748686]
 [0.68321169 0.50837319 0.91186979 0.93639    1.37396624 1.51302819
  1.87817646 2.54264506 2.3996253  2.71128723 2.86908467 2.07593642
  1.63421284 0.98307078 0.91823951]]

9
----------------------------------------------------------------------------------
[[0.         0.         0.         0.         0.         0.
  0.         0.14136351 0.         0.         0.         0.
  0.         0.02992969 0.        ]
 [0.         0.         0.         0.         0.         0.
  0.1058312  0.         0.27811538 0.10084711 0.         0.05501305
  0.07755854 0.25556188 0.        ]
 [0.         0.         0.         0.         0.         0.
  0.         0.10983194 0.25776772 0.         0.         0.
  0.         0.40831414 0.04135716]
 [0.         0.         0.         0.         0.         0.
  0.         0.04218604 0.         0.12671017 0.14785062 0.07679727
  0.         0.         0.        ]
 [0.         0.         0.         0.         0.         0.
  0.         0.11816193 0.         0.         0.         0.08478586
  0.         0.         0.        ]
 [0.         0.         0.         0.         0.         0.
  0.         0.         0.36598994 0.         0.         0.
  0.         0.1589536  0.        ]
 [0.         0.         0.         0.         0.         0.
  0.         0.05022885 0.         0.         0.         0.
  0.         0.09076012 0.091876  ]
 [0.         0.         0.         0.         0.         0.
  0.         0.         0.         0.40003357 1.76817458 3.67616437
  0.         0.         0.        ]
 [0.         0.         0.         0.         0.         0.
  0.         0.         0.         0.55821902 2.41143545 5.13888813
  0.36025018 0.49051136 0.        ]
 [0.         0.         0.         0.         0.         0.
  0.         0.         0.2530407  0.         0.         0.
  0.         0.         0.01359493]
 [0.         0.         0.         0.         0.         0.
  0.         0.03693427 0.06864823 0.         0.94200858 2.19959044
  0.3524613  0.         1.43414175]
 [0.         0.         0.         0.         0.         0.
  0.         0.         0.         0.6372969  0.03248206 4.03327263
  0.         0.         0.        ]
 [0.         0.         0.19624248 0.         0.         0.
  0.28053965 0.36695658 0.41195294 0.09273591 0.         2.2792514
  0.383003   0.         0.0960907 ]
 [0.         0.         0.         0.         0.         1.00340202
  0.24771689 0.016005   0.23543261 0.24374319 0.17739946 0.02492871
  0.         0.         0.        ]
 [0.         0.         0.         0.         0.         3.66063765
  1.12279049 0.         0.39316772 0.73229566 0.56220053 0.89926557
  0.66828842 0.         0.        ]
 [0.         0.         0.         0.         0.         1.31531499
  0.41411957 0.31333252 0.21569116 0.17413035 0.42528128 0.2467166
  0.         0.08470673 0.        ]
 [0.         0.         0.         0.         0.         0.06336753
  0.         0.         0.11086161 0.45652871 0.         0.
  0.         0.         0.        ]
 [2.48908716 2.50541847 2.66782912 2.82626836 2.30420941 1.86769174
  1.63509592 0.84450243 0.36888427 0.63797406 1.40149766 1.79886743
  2.65522423 2.52515678 2.34565755]]

10
----------------------------------------------------------------------------------
[[0.         0.         0.         0.         0.         0.
  0.         0.         0.         0.02821485 0.         0.
  0.         0.         0.        ]
 [0.         0.         0.         0.         0.         0.
  0.         0.         0.29736394 0.         0.05946162 0.09342167
  0.09616019 0.35647309 0.3161543 ]
 [0.38592341 0.         0.         0.         0.         0.
  0.         0.         0.         0.         0.         0.
  0.07689714 0.26357476 0.43647715]
 [0.         0.         0.         0.         0.         0.
  0.         0.         0.0054992  0.08362208 0.         0.
  0.         0.04710404 0.        ]
 [0.         0.         0.         0.         0.         0.
  0.07518519 0.         0.         0.         0.         0.
  0.         0.         0.        ]
 [0.54550568 0.         0.         0.         0.         0.
  0.         0.         0.         0.         0.         0.
  0.6659531  0.18032137 0.53539773]
 [0.         0.         0.         0.         0.         0.
  0.         0.         0.         0.         0.         0.
  0.         0.00955532 0.        ]
 [0.         0.         0.         0.         0.         0.
  0.         0.02238727 0.08849581 0.         0.         0.
  0.         0.         0.        ]
 [0.         0.         0.         0.         0.         0.
  0.         0.         0.         0.         0.         0.
  0.         0.         0.        ]
 [0.86349286 0.         0.         0.         0.         0.
  0.         0.         0.         0.         0.         0.
  0.03071371 0.20389501 0.19214973]
 [0.         0.         0.         0.         0.         0.
  0.         0.         0.         0.         0.         0.
  0.         0.0553005  0.25659079]
 [0.         0.         0.         0.         0.         0.
  0.         0.         0.07822158 0.         0.         0.
  0.         0.01414611 0.11502894]
 [0.         0.         0.2102781  0.         0.         0.
  0.         0.         0.16052543 0.26744331 0.05770833 0.05656459
  0.         0.24274427 0.50828783]
 [0.         0.         0.         0.         0.         0.
  0.0271175  0.04762103 0.11079819 0.1126654  0.09948066 0.
  0.14799022 0.         0.        ]
 [0.         0.         0.         0.         0.         0.
  0.         0.         0.09773798 0.01333634 0.0484447  0.08210993
  0.32524328 0.16758095 0.06544895]
 [0.         0.         0.         0.         0.         0.
  0.         0.         0.22490544 0.         0.10852426 0.02505321
  0.28735833 0.33306219 0.40400313]
 [0.         0.         0.         0.         0.         0.
  0.32291871 0.10111444 0.14700582 0.         0.16155436 0.
  0.13585381 0.01594168 0.00768527]
 [2.10742433 2.2488164  2.10370236 2.51336382 2.24879389 1.98259061
  1.4224015  1.23978454 1.1160228  1.11436443 1.10605536 1.04624633
  0.33681123 0.31349156 0.28455971]]

11
----------------------------------------------------------------------------------
[[0.         0.         0.         0.         0.00605478 0.02164287
  0.1474242  0.05510928 0.11709532 0.         0.03046828 0.
  0.         0.         0.        ]
 [0.23930807 0.04286405 0.07754934 0.         0.04027263 0.10739948
  0.09601971 0.07193577 0.30751376 0.         0.         0.
  0.10911783 0.         0.22023747]
 [0.         0.34265708 0.09196128 0.11353408 0.54474551 0.19204504
  0.47277537 0.13144323 0.37528644 0.13614849 0.17965668 0.08953761
  0.23610445 0.48490651 0.1951671 ]
 [0.         0.         0.         0.         0.08496643 0.
  0.         0.         0.         0.         0.         0.
  0.         0.         0.        ]
 [0.         0.         0.         0.         0.13494978 0.
  0.05189402 0.16207694 0.17474583 0.02121037 0.         0.10069054
  0.01401428 0.         0.        ]
 [0.00329664 0.20802327 0.         0.         0.         0.22282118
  0.3653888  0.         0.1289381  0.35265955 0.04496585 0.18793578
  0.         0.0820635  0.09678846]
 [0.36503441 0.01986937 0.         0.         0.05903561 0.0241484
  0.23966415 0.03064455 0.         0.09522269 0.         0.03342296
  0.         0.15988097 0.01927313]
 [0.         0.         0.         0.         0.00156826 0.
  0.         0.         0.         0.         0.         0.
  0.         0.         0.        ]
 [0.         0.         0.         0.         0.         0.
  0.05523779 0.         0.         0.         0.         0.
  0.         0.         0.        ]
 [0.20653966 0.         0.         0.         0.35872873 0.41156311
  0.0631126  0.         0.         0.17565726 0.         0.
  0.         0.16972791 0.        ]
 [0.0596195  0.         0.         0.         0.22822796 0.44103586
  0.22289851 0.         0.20820104 0.0515953  0.19962958 0.
  0.06552855 0.12321676 0.        ]
 [0.         0.         0.         0.         0.02457965 0.
  0.14256318 0.         0.         0.         0.         0.
  0.         0.         0.        ]
 [0.35870388 0.31926201 0.         0.         0.35231076 0.02383675
  0.08086989 0.         0.14969807 0.11579207 0.         0.01502984
  0.50161352 0.         0.26764852]
 [0.         0.         0.         0.         0.         0.
  0.         0.         0.         0.         0.         0.
  0.         0.         0.        ]
 [0.         0.         0.         0.         0.27744162 0.
  0.         0.         0.         0.         0.         0.
  0.         0.11005421 0.        ]
 [0.02741622 0.         0.55193131 0.         0.46060013 0.
  0.2880879  0.         0.         0.         0.10873134 0.08411231
  0.         0.21155364 0.48375562]
 [0.         0.         0.         0.         0.         0.
  0.         0.         0.         0.         0.         0.
  0.         0.         0.        ]
 [0.49053239 0.51986621 0.50684383 0.52860364 0.29241605 0.86563949
  0.81698785 1.09370174 1.29670793 1.23549151 1.06580831 0.90183948
  0.92434269 0.60833246 0.42820424]]

12
----------------------------------------------------------------------------------
[[2.23834720e-02 0.00000000e+00 0.00000000e+00 0.00000000e+00
  3.52779439e-01 0.00000000e+00 0.00000000e+00 0.00000000e+00
  0.00000000e+00 0.00000000e+00 5.99760724e-02 0.00000000e+00
  0.00000000e+00 0.00000000e+00 0.00000000e+00]
 [2.20645174e-01 3.02115406e-01 2.87692778e-01 1.11962782e-01
  5.95079251e-01 3.28272228e-01 2.85520704e-01 1.75053778e-01
  2.44339173e-01 4.87507178e-01 2.04101053e-01 7.55354141e-01
  2.09977207e-01 2.18661147e-01 0.00000000e+00]
 [2.21730905e-01 1.41440702e-02 5.38982523e-01 1.93885384e-01
  5.83614819e-01 5.03994279e-01 4.53612834e-01 2.94027732e-01
  5.18692973e-01 3.54913235e-01 6.01631554e-01 2.12986106e-01
  2.02917219e-01 4.20530308e-01 1.83811132e-01]
 [3.58360592e-02 0.00000000e+00 3.53764938e-02 0.00000000e+00
  0.00000000e+00 0.00000000e+00 0.00000000e+00 4.54645126e-02
  0.00000000e+00 0.00000000e+00 5.26653642e-02 0.00000000e+00
  0.00000000e+00 0.00000000e+00 0.00000000e+00]
 [0.00000000e+00 0.00000000e+00 1.47110251e-01 3.32638468e-01
  1.64348831e-01 0.00000000e+00 0.00000000e+00 1.16532877e-01
  2.60777844e-02 0.00000000e+00 3.91014574e-02 0.00000000e+00
  0.00000000e+00 0.00000000e+00 0.00000000e+00]
 [4.36942112e-01 1.96618475e-01 2.71079394e-01 3.12909612e-01
  4.23475313e-01 4.93978160e-02 6.54370155e-02 1.03506938e-01
  1.64373635e-01 6.43301402e-02 2.67811286e-01 3.75332133e-01
  1.08058695e-01 2.22552588e-01 1.42640703e-01]
 [6.81829024e-03 0.00000000e+00 2.07401713e-02 0.00000000e+00
  1.80493857e-01 0.00000000e+00 1.57167626e-02 0.00000000e+00
  1.08613407e-01 0.00000000e+00 0.00000000e+00 0.00000000e+00
  0.00000000e+00 0.00000000e+00 0.00000000e+00]
 [3.58301633e-02 0.00000000e+00 0.00000000e+00 1.34279776e+00
  1.63251272e+00 5.47938810e-01 8.42326729e-01 5.12268462e-01
  5.24193159e-02 1.03324391e-01 0.00000000e+00 1.00479239e-02
  0.00000000e+00 0.00000000e+00 0.00000000e+00]
 [0.00000000e+00 0.00000000e+00 2.52332975e-02 2.71776690e+00
  2.71475334e+00 8.18324257e-01 1.73988686e+00 9.95884822e-01
  3.52863114e-01 2.76043345e-01 1.48971353e-02 0.00000000e+00
  0.00000000e+00 0.00000000e+00 0.00000000e+00]
 [3.95419341e-01 2.17264691e-01 4.98545659e-01 3.51922343e-01
  9.18229688e-01 7.30184897e-02 5.09129355e-02 0.00000000e+00
  0.00000000e+00 3.64677335e-01 4.24546213e-02 0.00000000e+00
  1.31172642e-01 1.12412548e-01 0.00000000e+00]
 [2.74517466e-02 0.00000000e+00 2.66209213e-01 5.16486982e+00
  3.63114432e+00 2.83139810e-01 2.42910092e+00 1.56537641e+00
  6.84236026e-01 4.31461852e-01 1.39452936e-01 9.06489088e-02
  9.02969682e-02 0.00000000e+00 0.00000000e+00]
 [2.96925682e-02 0.00000000e+00 1.86811913e-01 5.11367816e-01
  1.74047923e+00 2.58979210e-01 7.50442642e-01 4.17979169e-01
  0.00000000e+00 0.00000000e+00 5.09023412e-02 0.00000000e+00
  8.01897841e-02 0.00000000e+00 0.00000000e+00]
 [2.45257476e-01 8.84810445e-02 6.01031158e-01 2.32423675e+00
  4.62318548e+00 1.47127055e+00 2.40890557e+00 1.67430092e+00
  2.94229098e-01 2.43423067e-01 1.89740802e-01 3.21041269e-01
  1.89061309e-01 1.96490144e-01 3.16072947e-01]
 [1.78143635e-01 1.76825995e-01 1.04332401e-01 0.00000000e+00
  1.95879397e-02 0.00000000e+00 0.00000000e+00 0.00000000e+00
  0.00000000e+00 0.00000000e+00 7.13207176e-02 0.00000000e+00
  0.00000000e+00 0.00000000e+00 0.00000000e+00]
 [2.46505317e-01 6.84580383e-02 2.26632910e-01 9.91067217e-02
  3.99058418e-01 0.00000000e+00 0.00000000e+00 0.00000000e+00
  5.48693617e-02 0.00000000e+00 7.89287739e-02 3.49835805e-03
  0.00000000e+00 0.00000000e+00 0.00000000e+00]
 [7.13938405e-01 2.15887205e-01 3.61599880e-01 9.20827714e-02
  2.74057383e-01 3.79025887e-01 0.00000000e+00 3.54877702e-01
  1.30762187e-01 5.50509518e-01 4.58460341e-01 4.03222726e-01
  1.01652155e-01 8.23384995e-02 3.78548206e-02]
 [1.91458651e-01 0.00000000e+00 4.27828054e-02 0.00000000e+00
  1.30250944e-01 0.00000000e+00 0.00000000e+00 0.00000000e+00
  0.00000000e+00 0.00000000e+00 0.00000000e+00 9.95187059e-02
  0.00000000e+00 0.00000000e+00 0.00000000e+00]
 [1.91224451e-01 4.50167124e-01 3.94279815e-01 5.27937541e-01
  3.67228768e-01 5.57576703e-01 3.60575837e-01 3.36905666e-01
  4.62195769e-01 3.07369447e-01 2.84046418e-01 3.60692226e-01
  3.20975511e-01 2.92176305e-01 6.11867437e-01]]

13
----------------------------------------------------------------------------------
[[0.16248496 0.         0.         0.         0.21067892 0.
  0.03337221 0.         0.0587088  0.19085476 0.16601913 0.13642129
  0.3263904  0.         0.        ]
 [0.36611005 0.17738405 0.26103797 0.15510505 0.34806812 0.13426509
  0.47648795 0.34121923 0.36901173 0.28050602 0.21043776 0.45277905
  0.30503612 0.35261067 0.23326667]
 [0.33020562 0.19922903 0.         0.         0.17280479 0.0639389
  0.22461857 0.27287323 0.82789159 0.36366934 0.30229416 0.69761187
  0.08101557 0.16754457 0.        ]
 [0.14439494 0.         0.         0.         0.         0.
  0.         0.         0.06982632 0.05456135 0.02710463 0.08190578
  0.         0.         0.        ]
 [0.04891878 0.         0.         0.         0.         0.
  0.         0.         0.27281115 0.         0.03832837 0.10376416
  0.         0.         0.        ]
 [0.13829763 0.08393193 0.02331908 0.1631317  0.0670997  0.
  0.19207565 0.04988768 0.07778989 0.14840241 0.1595388  0.21972903
  0.04972254 0.0598449  0.        ]
 [0.06618229 0.10335482 0.         0.085091   0.         0.
  0.01747332 0.01292315 0.2082882  0.         0.09216337 0.14142732
  0.         0.06140425 0.        ]
 [0.1657561  0.         0.         0.         0.09894869 0.
  0.02545591 0.         0.08180003 0.04026382 0.0563408  0.21566375
  0.         0.         0.        ]
 [0.0500077  0.         0.         0.         0.         0.
  0.         0.         0.06788156 0.         0.         0.14389947
  0.01446413 0.         0.        ]
 [0.05369807 0.05365996 0.17510321 0.10135774 0.3142193  0.14401492
  0.04302149 0.18780539 0.37635261 0.08138029 0.55658656 0.10925821
  0.03871379 0.19379241 0.        ]
 [0.         0.         0.         0.         0.         0.
  0.0024297  0.         0.13764822 0.00724989 0.10043127 0.06985964
  0.09263969 0.         0.        ]
 [0.04933155 0.         0.         0.00934287 0.13088548 0.
  0.03977438 0.         0.32471342 0.03991946 0.15899122 0.12712489
  0.12187876 0.         0.        ]
 [0.34081011 0.57269135 0.39560416 0.30616246 0.60737031 0.34613247
  0.18346093 0.20369073 0.42993963 0.44858045 0.3753189  0.30999961
  0.21937748 0.14900257 0.36349674]
 [0.06239398 0.05880218 0.02524037 0.         0.04172427 0.
  0.02780844 0.4206264  0.10902818 0.         0.17463751 0.02109317
  0.         0.         0.        ]
 [0.09241556 0.27573655 0.07252808 0.14771902 0.29942986 0.
  0.18982254 0.08146605 0.18480597 0.         0.06459181 0.08271421
  0.19329962 0.         0.        ]
 [0.25640138 0.58210834 0.7035843  1.24396437 0.55136062 0.34366651
  0.2867845  0.88435291 0.26134132 0.10511808 0.48788968 0.38655354
  0.51849779 0.14470863 0.        ]
 [0.06699944 0.13419017 0.         0.         0.         0.
  0.         0.04771374 0.03628036 0.         0.01632812 0.
  0.         0.         0.        ]
 [0.30243357 0.26315979 0.37068815 0.31656377 0.27349331 0.51063919
  0.21979722 0.32627354 0.14608955 0.3103347  0.21493229 0.2766603
  0.49709336 0.74799498 0.63285194]]

14
----------------------------------------------------------------------------------
[[0.12397844 0.02809083 0.         0.         0.         0.
  0.24891852 0.         0.         0.         0.         0.
  0.         0.         0.        ]
 [0.29516565 0.4068414  0.26037462 0.         0.         0.
  0.40721633 0.         0.10658231 0.12863567 0.05539367 0.
  0.         0.         0.        ]
 [0.91042382 0.43645524 0.25292425 0.3180555  0.         0.
  0.38608873 0.09417688 0.54625002 0.03366789 0.         0.18122732
  0.         0.         0.42803965]
 [0.09195847 0.04069229 0.         0.         0.         0.
  0.         0.         0.01598409 0.         0.         0.
  0.         0.         0.        ]
 [0.11004607 0.05603796 0.         0.         0.         0.
  0.19349408 0.         0.17156621 0.         0.         0.03491175
  0.         0.         0.        ]
 [0.13761984 0.08438809 0.50633027 0.         0.         0.
  0.48786352 0.         0.19287367 0.04919363 0.01577466 0.00576989
  0.         0.         0.        ]
 [0.08748868 0.08529248 0.10117988 0.         0.         0.
  0.28723529 0.         0.         0.         0.         0.02363692
  0.         0.         0.        ]
 [0.1117765  0.00453733 0.         0.         0.         0.
  0.         0.         0.02249964 0.         0.         0.
  0.         0.         0.        ]
 [0.08407114 0.         0.         0.         0.         0.
  0.         0.         0.05588692 0.         0.         0.
  0.         0.         0.        ]
 [0.34750363 0.         0.         0.         0.         0.
  0.30055605 0.         0.         0.23623499 0.         0.
  0.         0.         0.        ]
 [0.28625394 0.         0.         0.         0.         0.
  0.20786153 0.         0.         0.         0.         0.
  0.         0.         0.        ]
 [0.2671372  0.14888961 0.         0.         0.         0.
  0.09744051 0.         0.16874281 0.         0.         0.
  0.         0.         0.        ]
 [0.29058135 0.49211289 0.31888197 0.         0.         0.
  0.24306921 0.         0.23825298 0.         0.         0.
  0.         0.         0.4777599 ]
 [0.32933744 0.13802618 0.         0.         0.         0.
  0.0962431  0.         0.05484759 0.         0.         0.
  0.         0.         0.        ]
 [0.15015313 0.0493024  0.         0.19363428 0.         0.
  0.19861356 0.         0.19645778 0.         0.         0.
  0.         0.         0.        ]
 [0.7342967  0.80511386 0.58211603 0.         0.1221631  0.20896078
  0.26551295 0.59035086 0.61713273 0.         0.         0.17233512
  0.02982413 0.         0.3099143 ]
 [0.10011595 0.05316603 0.         0.         0.         0.
  0.         0.         0.         0.         0.         0.
  0.         0.         0.        ]
 [0.14307671 0.37485923 0.40871901 0.94009752 1.01607293 0.95076349
  0.2395741  0.71771486 0.28567951 0.43140405 0.67072999 0.74477006
  1.15867321 1.03721597 0.56792271]]

16
----------------------------------------------------------------------------------
[[1.58001719e-01 0.00000000e+00 0.00000000e+00 0.00000000e+00
  0.00000000e+00 0.00000000e+00 0.00000000e+00 7.57402892e-02
  0.00000000e+00 1.85981755e-01 0.00000000e+00 3.20615074e-02
  0.00000000e+00 0.00000000e+00 0.00000000e+00]
 [2.66964524e-01 0.00000000e+00 5.65894040e-03 2.32454898e-01
  0.00000000e+00 1.34478646e-02 3.23174019e-02 5.42944349e-01
  9.57458462e-03 2.99755042e-01 0.00000000e+00 2.19287308e-01
  1.03493869e-01 4.94566026e-02 4.74766070e-01]
 [5.79528935e-01 0.00000000e+00 4.00162481e-01 3.56328777e-03
  0.00000000e+00 8.34975237e-02 0.00000000e+00 2.19398964e-01
  3.06943288e-01 1.43549543e-01 0.00000000e+00 5.80588779e-01
  5.00863709e-02 2.08370167e-01 2.51036310e-01]
 [8.09575541e-02 0.00000000e+00 2.51616934e-01 0.00000000e+00
  0.00000000e+00 0.00000000e+00 0.00000000e+00 1.03757185e-01
  1.37269766e-01 0.00000000e+00 0.00000000e+00 1.93350808e-02
  0.00000000e+00 0.00000000e+00 0.00000000e+00]
 [1.03043392e-01 0.00000000e+00 3.34966667e-03 0.00000000e+00
  0.00000000e+00 0.00000000e+00 0.00000000e+00 0.00000000e+00
  2.83626966e-02 9.77131706e-02 0.00000000e+00 0.00000000e+00
  3.46286104e-02 0.00000000e+00 0.00000000e+00]
 [2.84906891e-01 0.00000000e+00 0.00000000e+00 0.00000000e+00
  0.00000000e+00 1.51418307e-01 2.02366866e-01 5.11268303e-01
  1.83204641e-01 0.00000000e+00 0.00000000e+00 0.00000000e+00
  0.00000000e+00 0.00000000e+00 3.84931906e-01]
 [2.96592101e-01 0.00000000e+00 0.00000000e+00 0.00000000e+00
  0.00000000e+00 0.00000000e+00 4.97027456e-02 1.22917835e-02
  0.00000000e+00 1.05054535e-01 0.00000000e+00 0.00000000e+00
  0.00000000e+00 4.57539548e-02 0.00000000e+00]
 [3.74335732e-01 6.01959101e-01 2.75610980e+00 8.77445735e-01
  6.44672354e-01 3.40706710e-01 1.96414158e-01 2.39027515e-01
  3.04910449e-01 2.69381292e-02 0.00000000e+00 0.00000000e+00
  0.00000000e+00 0.00000000e+00 0.00000000e+00]
 [4.39409259e-01 7.88187376e-01 3.90957382e+00 1.72593205e+00
  1.54607943e+00 1.04446889e+00 5.21445954e-01 4.92556851e-01
  4.74786078e-01 2.22106986e-01 0.00000000e+00 0.00000000e+00
  0.00000000e+00 0.00000000e+00 0.00000000e+00]
 [1.29569513e-01 0.00000000e+00 7.46851495e-01 0.00000000e+00
  5.40189568e-02 4.01966573e-01 0.00000000e+00 1.42033408e-01
  1.23045074e-01 0.00000000e+00 0.00000000e+00 0.00000000e+00
  1.05040979e-01 2.91903473e-01 5.36792430e-01]
 [2.24046707e-01 6.54851839e-01 5.64668831e+00 1.66870640e+00
  9.65011855e-01 1.72195602e+00 1.11156159e+00 6.46448278e-01
  4.32150884e-01 1.54829003e-01 0.00000000e+00 0.00000000e+00
  0.00000000e+00 0.00000000e+00 0.00000000e+00]
 [1.41431542e-01 2.77589695e-01 1.62071929e+00 6.34224778e-01
  8.95309273e-01 3.68061919e-01 1.94734823e-01 5.84166850e-02
  1.16816791e-01 2.85384342e-01 0.00000000e+00 0.00000000e+00
  0.00000000e+00 0.00000000e+00 0.00000000e+00]
 [4.38216939e-01 4.47399516e-01 2.39882061e+00 2.17960665e+00
  8.79562729e-01 1.01276240e+00 5.41898165e-02 3.08970116e-01
  4.23331894e-01 3.61875754e-01 0.00000000e+00 0.00000000e+00
  0.00000000e+00 1.43812977e-01 1.35363171e-01]
 [7.71309590e-02 0.00000000e+00 0.00000000e+00 0.00000000e+00
  0.00000000e+00 0.00000000e+00 0.00000000e+00 2.79861800e-02
  1.46066649e-01 1.79245081e-02 7.83817981e-01 1.04467239e+00
  0.00000000e+00 0.00000000e+00 0.00000000e+00]
 [4.06771656e-02 0.00000000e+00 9.92774261e-02 0.00000000e+00
  0.00000000e+00 0.00000000e+00 0.00000000e+00 1.68509494e-01
  7.49833956e-02 3.40837395e-01 1.65772275e+00 2.09366520e+00
  6.18157820e-01 0.00000000e+00 0.00000000e+00]
 [4.93773246e-01 7.72413604e-02 5.37586386e-02 0.00000000e+00
  5.91059900e-02 0.00000000e+00 4.56767137e-01 5.07221533e-01
  3.83143081e-01 1.51934998e-01 4.53803640e-01 4.55210548e-01
  7.32510976e-02 0.00000000e+00 2.76220009e-01]
 [1.68497444e-01 0.00000000e+00 0.00000000e+00 0.00000000e+00
  0.00000000e+00 0.00000000e+00 0.00000000e+00 0.00000000e+00
  0.00000000e+00 0.00000000e+00 0.00000000e+00 0.00000000e+00
  1.16513352e-01 0.00000000e+00 0.00000000e+00]
 [3.28258397e-01 5.68182355e-01 5.60868747e-01 1.03208639e+00
  8.59328917e-01 7.47492405e-01 5.19400716e-01 2.14655836e-01
  6.37873780e-01 8.77070058e-01 1.37415283e+00 1.39429974e+00
  1.46035026e+00 1.24790680e+00 5.99196824e-01]]

17
----------------------------------------------------------------------------------
[[0.00000000e+00 0.00000000e+00 0.00000000e+00 0.00000000e+00
  0.00000000e+00 0.00000000e+00 7.99172555e-02 0.00000000e+00
  7.84829027e-02 0.00000000e+00 0.00000000e+00 0.00000000e+00
  6.01332087e-02 1.73111630e-01 1.50022495e-03]
 [4.21792158e-02 8.66794643e-02 2.12885776e-01 0.00000000e+00
  5.62471879e-02 6.18429259e-01 1.58986695e-01 1.03489158e-01
  3.28266599e-01 1.71780452e-01 0.00000000e+00 0.00000000e+00
  1.80037458e-01 2.91719680e-01 1.17917351e-01]
 [4.80327213e-01 2.88235119e-01 3.83214312e-01 1.26241874e-01
  0.00000000e+00 7.10015518e-01 4.14085183e-01 2.58145406e-01
  4.08977977e-01 0.00000000e+00 2.51975496e-01 2.24348031e-01
  4.18655590e-02 6.39306332e-01 3.20734285e-02]
 [0.00000000e+00 6.69897379e-02 0.00000000e+00 0.00000000e+00
  7.24468852e-04 0.00000000e+00 0.00000000e+00 0.00000000e+00
  9.59567334e-02 0.00000000e+00 0.00000000e+00 0.00000000e+00
  6.34033915e-03 6.48565249e-02 0.00000000e+00]
 [4.14212419e-02 1.54740243e-01 0.00000000e+00 0.00000000e+00
  0.00000000e+00 8.56378362e-02 8.74297945e-03 0.00000000e+00
  9.97366014e-02 0.00000000e+00 7.21327403e-02 0.00000000e+00
  0.00000000e+00 1.73389451e-01 0.00000000e+00]
 [0.00000000e+00 1.05443982e-01 2.12838968e-01 0.00000000e+00
  2.45762927e-01 1.97400018e-01 4.16282159e-02 6.38191796e-02
  6.00373992e-01 0.00000000e+00 5.80469738e-02 1.91102434e-01
  4.00247825e-01 1.54672606e-01 2.65044183e-01]
 [0.00000000e+00 9.88646939e-02 0.00000000e+00 0.00000000e+00
  4.78228919e-02 1.09765849e-01 8.23656835e-02 0.00000000e+00
  1.27042823e-01 0.00000000e+00 0.00000000e+00 6.76041172e-02
  6.64252155e-02 1.38113054e-01 1.05938975e-01]
 [0.00000000e+00 2.31314223e-02 0.00000000e+00 0.00000000e+00
  4.44914726e-02 0.00000000e+00 0.00000000e+00 0.00000000e+00
  2.03232194e-01 0.00000000e+00 0.00000000e+00 0.00000000e+00
  0.00000000e+00 6.91280156e-02 0.00000000e+00]
 [0.00000000e+00 1.77314959e-01 0.00000000e+00 0.00000000e+00
  3.51429487e-02 0.00000000e+00 0.00000000e+00 0.00000000e+00
  8.14709910e-02 0.00000000e+00 0.00000000e+00 0.00000000e+00
  0.00000000e+00 1.20973180e-01 0.00000000e+00]
 [0.00000000e+00 0.00000000e+00 3.14200073e-01 1.89361162e-01
  2.02034781e-01 5.14031624e-01 8.96923805e-02 2.90776858e-01
  1.05318193e-01 0.00000000e+00 2.85013669e-03 3.14189867e-03
  1.01231844e+00 5.00262314e-01 1.70800008e-01]
 [0.00000000e+00 2.90795531e-01 0.00000000e+00 0.00000000e+00
  9.72285164e-02 0.00000000e+00 1.82566429e-01 0.00000000e+00
  5.64906450e-02 0.00000000e+00 5.17051236e-03 0.00000000e+00
  1.56362375e-01 1.04420582e-01 2.41220287e-01]
 [0.00000000e+00 8.48696100e-02 0.00000000e+00 0.00000000e+00
  0.00000000e+00 0.00000000e+00 0.00000000e+00 0.00000000e+00
  1.68852883e-01 0.00000000e+00 0.00000000e+00 0.00000000e+00
  1.80152670e-01 5.14020862e-02 0.00000000e+00]
 [6.73946228e-02 2.84236829e-01 0.00000000e+00 0.00000000e+00
  7.73457242e-02 2.96832338e-02 5.44843160e-01 8.17362962e-01
  2.53868268e-01 0.00000000e+00 1.78793778e-01 2.77836613e-01
  3.87689861e-01 4.50635520e-01 0.00000000e+00]
 [0.00000000e+00 4.57622481e-03 2.91657753e-01 0.00000000e+00
  2.49911964e-03 0.00000000e+00 0.00000000e+00 1.31396157e-01
  4.48296260e-01 4.60795262e-01 7.37202371e-02 0.00000000e+00
  9.59510879e-02 2.44873094e-01 0.00000000e+00]
 [0.00000000e+00 2.32142586e-01 8.28706447e-01 0.00000000e+00
  0.00000000e+00 0.00000000e+00 0.00000000e+00 7.83397033e-01
  1.76043930e+00 1.61205693e+00 5.13278720e-01 0.00000000e+00
  6.38921194e-01 1.34728209e+00 0.00000000e+00]
 [0.00000000e+00 3.64876461e-01 4.42199850e-01 1.33125453e-01
  3.77604156e-01 0.00000000e+00 0.00000000e+00 4.39643767e-01
  8.84649431e-01 4.95093452e-01 6.99897960e-01 0.00000000e+00
  3.24063777e-01 7.85320348e-01 5.54683996e-01]
 [0.00000000e+00 0.00000000e+00 0.00000000e+00 0.00000000e+00
  2.20742699e-02 0.00000000e+00 0.00000000e+00 3.91917530e-01
  1.18323435e+00 8.95826316e-01 7.49587914e-02 0.00000000e+00
  2.75043975e-02 2.35886876e-01 0.00000000e+00]
 [6.82395139e-01 7.68282311e-01 5.39399454e-01 5.67156505e-01
  5.49224391e-01 6.30342682e-01 6.73578769e-01 3.76714809e-01
  3.41497013e-01 1.06810272e+00 6.94462968e-01 5.49844902e-01
  4.29643757e-01 7.09507090e-01 8.70595572e-01]]

18
----------------------------------------------------------------------------------
[[0.00000000e+00 0.00000000e+00 6.84329125e-02 0.00000000e+00
  0.00000000e+00 0.00000000e+00 0.00000000e+00 0.00000000e+00
  0.00000000e+00 0.00000000e+00 0.00000000e+00 0.00000000e+00
  0.00000000e+00 0.00000000e+00 0.00000000e+00]
 [0.00000000e+00 0.00000000e+00 4.35902803e-01 2.64395092e-02
  0.00000000e+00 2.66996058e-01 0.00000000e+00 0.00000000e+00
  0.00000000e+00 0.00000000e+00 5.65333758e-02 0.00000000e+00
  0.00000000e+00 1.70230900e-01 2.00454386e-01]
 [3.56024108e-01 2.68394917e-01 6.79050795e-01 2.35800719e-01
  1.18182081e-01 1.28517556e-01 2.04082261e-01 0.00000000e+00
  0.00000000e+00 0.00000000e+00 0.00000000e+00 0.00000000e+00
  0.00000000e+00 1.42140110e-01 0.00000000e+00]
 [0.00000000e+00 2.17649823e-02 5.88953236e-02 0.00000000e+00
  0.00000000e+00 0.00000000e+00 0.00000000e+00 0.00000000e+00
  0.00000000e+00 0.00000000e+00 4.29151591e-02 0.00000000e+00
  0.00000000e+00 0.00000000e+00 0.00000000e+00]
 [0.00000000e+00 8.94763385e-02 1.22118164e-01 0.00000000e+00
  0.00000000e+00 0.00000000e+00 0.00000000e+00 0.00000000e+00
  0.00000000e+00 0.00000000e+00 2.45210145e-02 0.00000000e+00
  0.00000000e+00 0.00000000e+00 0.00000000e+00]
 [0.00000000e+00 3.64983395e-01 2.23881461e-01 0.00000000e+00
  1.25932246e-01 0.00000000e+00 0.00000000e+00 0.00000000e+00
  5.70591699e-02 0.00000000e+00 3.85541432e-02 1.00495027e-01
  0.00000000e+00 0.00000000e+00 7.49384327e-02]
 [0.00000000e+00 2.14133275e-01 1.43895773e-01 0.00000000e+00
  0.00000000e+00 0.00000000e+00 0.00000000e+00 0.00000000e+00
  0.00000000e+00 0.00000000e+00 0.00000000e+00 0.00000000e+00
  0.00000000e+00 0.00000000e+00 0.00000000e+00]
 [0.00000000e+00 0.00000000e+00 0.00000000e+00 0.00000000e+00
  0.00000000e+00 0.00000000e+00 0.00000000e+00 0.00000000e+00
  0.00000000e+00 9.81677555e-01 1.70929993e+00 0.00000000e+00
  6.85090435e-01 7.61067520e-02 0.00000000e+00]
 [0.00000000e+00 2.75412203e-02 0.00000000e+00 0.00000000e+00
  0.00000000e+00 0.00000000e+00 0.00000000e+00 0.00000000e+00
  0.00000000e+00 1.69753807e+00 3.03121074e+00 0.00000000e+00
  1.00401853e+00 4.51019976e-01 0.00000000e+00]
 [0.00000000e+00 9.50112871e-02 5.93394073e-01 0.00000000e+00
  0.00000000e+00 3.49660783e-01 0.00000000e+00 3.55602258e-02
  5.01954886e-02 0.00000000e+00 2.50356607e-01 0.00000000e+00
  5.30244095e-01 5.34841508e-01 2.09570201e-03]
 [0.00000000e+00 1.54219341e-01 1.60001951e-01 0.00000000e+00
  0.00000000e+00 0.00000000e+00 0.00000000e+00 0.00000000e+00
  0.00000000e+00 1.24697682e+00 5.00101645e+00 0.00000000e+00
  1.11920288e+00 1.02125257e+00 2.93206355e-01]
 [0.00000000e+00 3.88736559e-01 3.18133683e-02 0.00000000e+00
  0.00000000e+00 1.32839453e-01 0.00000000e+00 0.00000000e+00
  0.00000000e+00 2.49093165e-01 1.76887935e+00 0.00000000e+00
  3.05088463e-01 1.09535147e-01 0.00000000e+00]
 [0.00000000e+00 7.89355657e-01 2.40353032e-01 4.56580691e-01
  2.99623703e-02 4.39055181e-01 5.66449674e-01 0.00000000e+00
  3.13300417e-01 1.26869860e-01 2.84114164e+00 0.00000000e+00
  5.53100048e-01 3.85589714e-01 1.04892384e-01]
 [3.86647731e-01 6.25111436e-01 1.75051016e+00 8.25070319e-01
  0.00000000e+00 4.60124179e-01 4.52597652e-01 0.00000000e+00
  0.00000000e+00 0.00000000e+00 0.00000000e+00 2.19149194e-01
  8.03321268e-01 4.88042709e-01 7.81711279e-02]
 [1.24305857e+00 7.53311011e-01 1.71406837e+00 8.95784819e-01
  0.00000000e+00 6.28899282e-01 9.02768018e-01 2.10924449e-01
  0.00000000e+00 0.00000000e+00 4.19473286e-02 4.99881349e-01
  1.32049764e+00 9.10368628e-01 2.65076321e-01]
 [5.20054270e-01 6.67426786e-01 4.75630220e-01 3.59265240e-01
  0.00000000e+00 6.14687134e-01 5.44505962e-01 0.00000000e+00
  1.48997527e-01 0.00000000e+00 1.24361446e-01 1.23959871e-01
  4.01313919e-01 2.92238721e-01 3.53509003e-01]
 [6.05378973e-01 7.41306790e-01 9.16084519e-01 0.00000000e+00
  0.00000000e+00 3.00139985e-01 1.34684185e+00 6.61878721e-01
  0.00000000e+00 0.00000000e+00 3.58649337e-01 1.88184987e-01
  3.18835334e-01 2.53167064e-01 0.00000000e+00]
 [8.60479891e-01 5.57943689e-01 3.04893583e-01 5.65999580e-01
  8.22857594e-01 5.41214689e-01 6.14029488e-01 8.25369938e-01
  6.45239332e-01 7.72829621e-01 7.31429246e-01 1.01595016e+00
  7.25856304e-01 5.36621266e-01 9.54370337e-01]]

19
----------------------------------------------------------------------------------
[[0.00000000e+00 0.00000000e+00 0.00000000e+00 0.00000000e+00
  0.00000000e+00 0.00000000e+00 0.00000000e+00 0.00000000e+00
  0.00000000e+00 0.00000000e+00 0.00000000e+00 1.68443249e-01
  2.75978812e-01 2.77756884e-01 0.00000000e+00]
 [0.00000000e+00 6.90128634e-02 1.89883424e-01 0.00000000e+00
  5.38506314e-03 0.00000000e+00 0.00000000e+00 0.00000000e+00
  0.00000000e+00 0.00000000e+00 1.27790412e-01 2.25672612e-01
  5.66266046e-01 0.00000000e+00 4.88249933e-01]
 [0.00000000e+00 0.00000000e+00 9.99302158e-02 8.66167691e-02
  0.00000000e+00 0.00000000e+00 1.56326933e-01 0.00000000e+00
  0.00000000e+00 0.00000000e+00 0.00000000e+00 5.07536723e-01
  6.55823034e-01 0.00000000e+00 5.15459213e-01]
 [0.00000000e+00 9.78777703e-02 0.00000000e+00 0.00000000e+00
  0.00000000e+00 0.00000000e+00 0.00000000e+00 0.00000000e+00
  0.00000000e+00 0.00000000e+00 0.00000000e+00 1.01812368e-01
  2.44737774e-01 0.00000000e+00 0.00000000e+00]
 [6.43748043e-02 2.69315322e-01 0.00000000e+00 0.00000000e+00
  0.00000000e+00 0.00000000e+00 0.00000000e+00 0.00000000e+00
  0.00000000e+00 0.00000000e+00 0.00000000e+00 1.33839975e-01
  2.02070312e-01 7.71684587e-02 9.63608705e-02]
 [0.00000000e+00 3.73334705e-02 3.76734285e-01 2.02806302e-01
  0.00000000e+00 0.00000000e+00 0.00000000e+00 0.00000000e+00
  0.00000000e+00 0.00000000e+00 0.00000000e+00 7.23634601e-01
  1.57588973e-01 1.29497789e-01 3.64478199e-01]
 [0.00000000e+00 2.35170246e-01 2.01509746e-01 0.00000000e+00
  0.00000000e+00 0.00000000e+00 0.00000000e+00 0.00000000e+00
  0.00000000e+00 1.50087148e-02 0.00000000e+00 2.81370165e-01
  2.57362169e-01 2.81044365e-02 1.52541592e-01]
 [0.00000000e+00 0.00000000e+00 0.00000000e+00 0.00000000e+00
  0.00000000e+00 0.00000000e+00 0.00000000e+00 0.00000000e+00
  0.00000000e+00 0.00000000e+00 0.00000000e+00 4.04421531e-02
  1.91687235e-01 0.00000000e+00 0.00000000e+00]
 [2.65828642e-04 3.78557820e-03 0.00000000e+00 0.00000000e+00
  0.00000000e+00 0.00000000e+00 0.00000000e+00 0.00000000e+00
  0.00000000e+00 0.00000000e+00 0.00000000e+00 7.56771663e-02
  1.55160763e-01 0.00000000e+00 0.00000000e+00]
 [0.00000000e+00 0.00000000e+00 0.00000000e+00 1.02611369e-01
  1.18926055e-01 0.00000000e+00 0.00000000e+00 0.00000000e+00
  0.00000000e+00 0.00000000e+00 0.00000000e+00 3.04744144e-01
  1.71182207e+00 5.41041947e-02 6.30801007e-01]
 [0.00000000e+00 6.01528631e-02 1.78371000e-01 0.00000000e+00
  1.16592778e-01 0.00000000e+00 0.00000000e+00 0.00000000e+00
  0.00000000e+00 0.00000000e+00 0.00000000e+00 2.39209494e-01
  3.42029919e-01 4.72506413e-02 8.77911320e-02]
 [0.00000000e+00 0.00000000e+00 0.00000000e+00 0.00000000e+00
  0.00000000e+00 0.00000000e+00 0.00000000e+00 0.00000000e+00
  0.00000000e+00 0.00000000e+00 0.00000000e+00 1.94002812e-01
  1.61715324e-01 0.00000000e+00 0.00000000e+00]
 [8.29806321e-02 6.84854160e-02 1.47550171e-01 3.81123240e-01
  0.00000000e+00 0.00000000e+00 0.00000000e+00 0.00000000e+00
  0.00000000e+00 0.00000000e+00 1.24319914e-01 1.95243294e-01
  2.16986517e-01 7.96981317e-02 1.88754665e-01]
 [0.00000000e+00 1.53831698e-01 0.00000000e+00 0.00000000e+00
  0.00000000e+00 0.00000000e+00 0.00000000e+00 0.00000000e+00
  0.00000000e+00 0.00000000e+00 0.00000000e+00 0.00000000e+00
  0.00000000e+00 0.00000000e+00 0.00000000e+00]
 [0.00000000e+00 2.96566304e-01 1.64710832e-01 0.00000000e+00
  0.00000000e+00 0.00000000e+00 0.00000000e+00 0.00000000e+00
  0.00000000e+00 0.00000000e+00 0.00000000e+00 0.00000000e+00
  8.95540222e-02 7.91647882e-03 2.59239926e-01]
 [0.00000000e+00 6.43940410e-01 1.03773892e-02 1.60623112e-01
  5.99848138e-02 0.00000000e+00 0.00000000e+00 0.00000000e+00
  0.00000000e+00 0.00000000e+00 0.00000000e+00 1.72209301e-01
  2.13006656e-01 0.00000000e+00 5.80741774e-01]
 [0.00000000e+00 0.00000000e+00 1.77634765e-01 0.00000000e+00
  0.00000000e+00 0.00000000e+00 0.00000000e+00 0.00000000e+00
  0.00000000e+00 0.00000000e+00 0.00000000e+00 0.00000000e+00
  8.50023492e-02 0.00000000e+00 0.00000000e+00]
 [1.67334068e+00 1.41025870e+00 8.08420162e-01 9.34179288e-01
  1.27401929e+00 2.12367181e+00 2.80442113e+00 2.99953048e+00
  3.31763437e+00 2.49884136e+00 1.64587821e+00 6.23674984e-01
  5.22628307e-01 6.81775532e-01 3.88989735e-01]]

20
----------------------------------------------------------------------------------
[[0.         0.         0.38433463 0.         0.         0.
  0.         0.         0.         0.         0.         0.
  0.19978858 0.03280069 0.10538687]
 [0.         0.         0.25889906 0.16287114 0.         0.
  0.         0.         0.         0.         0.24493816 0.04065493
  0.26706298 0.25638395 0.42132862]
 [0.         0.         0.62329478 0.11816252 0.         0.
  0.00751552 0.         0.         0.32925282 0.15943544 0.65279482
  0.48831345 0.15919845 0.54113543]
 [0.         0.         0.1552205  0.11910618 0.         0.
  0.         0.         0.         0.         0.         0.
  0.         0.12105562 0.11944222]
 [0.         0.         0.1947093  0.         0.03439339 0.
  0.         0.         0.         0.         0.04847147 0.
  0.10631954 0.08443286 0.13683578]
 [0.         0.         0.         0.         0.46370803 0.
  0.         0.         0.         0.03420993 0.         0.01892308
  0.39945326 0.04378986 0.43581538]
 [0.         0.         0.         0.         0.04778541 0.
  0.         0.         0.         0.         0.05866073 0.
  0.25384969 0.06453953 0.15278994]
 [0.         0.         0.22321391 0.1660587  0.         0.
  0.         0.         0.         0.         0.         0.
  0.         0.13385257 0.42632486]
 [0.         0.         0.13880269 0.01740438 0.         0.
  0.         0.         0.         0.         0.         0.
  0.         0.08240139 0.89439423]
 [0.         0.         0.         0.         0.         0.
  0.         0.         0.         0.04935663 0.         0.
  0.2285947  0.         0.34136275]
 [0.         0.         0.         0.         0.09277681 0.
  0.         0.         0.         0.07143732 0.         0.14251122
  0.2010749  0.08828579 0.95404734]
 [0.         0.         0.40762579 0.0055532  0.         0.
  0.         0.         0.         0.01423567 0.         0.
  0.08197554 0.06213519 0.24428203]
 [0.         0.23694546 0.38369914 0.         0.13033014 0.06401803
  0.24095215 0.         0.1882311  0.         0.         0.18741276
  0.14736733 0.         0.33869641]
 [0.         1.23316863 1.33574974 0.         0.         0.
  0.16060567 0.         0.11447213 0.44328    0.         0.
  0.         0.         0.        ]
 [0.4404659  1.95539382 2.30450427 0.         0.         0.00460972
  0.54631769 0.24221422 0.2500211  0.60994441 0.         0.
  0.00710285 0.         0.        ]
 [0.         0.4223337  0.57033259 0.         0.         0.
  0.         0.         0.3145807  0.07307624 0.42804708 0.
  1.11626504 0.02509876 0.60551014]
 [0.22038308 1.08586318 1.65424488 0.15173329 0.09167777 0.
  0.12075315 0.         0.13919521 0.30380465 0.         0.
  0.06384515 0.         0.        ]
 [1.57186511 1.46844661 0.68497106 0.84913015 0.84286352 1.39210432
  1.24176601 1.5504357  1.15240896 0.5354545  0.96436284 0.9017751
  0.27007027 0.49742808 0.3173399 ]]

21
----------------------------------------------------------------------------------
[[0.00000000e+00 0.00000000e+00 0.00000000e+00 0.00000000e+00
  0.00000000e+00 0.00000000e+00 0.00000000e+00 0.00000000e+00
  0.00000000e+00 0.00000000e+00 0.00000000e+00 0.00000000e+00
  1.14172595e-01 0.00000000e+00 0.00000000e+00]
 [1.07193924e-01 0.00000000e+00 0.00000000e+00 3.93931703e-01
  6.71312715e-03 0.00000000e+00 0.00000000e+00 0.00000000e+00
  0.00000000e+00 0.00000000e+00 0.00000000e+00 9.04011929e-02
  2.46329595e-01 2.02098562e-01 9.91295120e-02]
 [1.15466201e-01 0.00000000e+00 0.00000000e+00 4.08234699e-02
  0.00000000e+00 0.00000000e+00 0.00000000e+00 0.00000000e+00
  5.55049331e-02 0.00000000e+00 2.50645817e-01 2.75040122e-01
  4.78924914e-01 8.83936824e-02 3.74260364e-01]
 [0.00000000e+00 0.00000000e+00 0.00000000e+00 5.26079047e-02
  0.00000000e+00 0.00000000e+00 0.00000000e+00 0.00000000e+00
  0.00000000e+00 0.00000000e+00 0.00000000e+00 1.14447913e-01
  0.00000000e+00 0.00000000e+00 0.00000000e+00]
 [0.00000000e+00 0.00000000e+00 0.00000000e+00 1.47815354e-01
  0.00000000e+00 0.00000000e+00 0.00000000e+00 0.00000000e+00
  0.00000000e+00 0.00000000e+00 0.00000000e+00 0.00000000e+00
  0.00000000e+00 0.00000000e+00 0.00000000e+00]
 [0.00000000e+00 0.00000000e+00 0.00000000e+00 0.00000000e+00
  0.00000000e+00 0.00000000e+00 0.00000000e+00 0.00000000e+00
  0.00000000e+00 0.00000000e+00 0.00000000e+00 1.45699126e-02
  1.80298367e-01 3.08055374e-01 0.00000000e+00]
 [0.00000000e+00 0.00000000e+00 0.00000000e+00 1.03767249e-01
  0.00000000e+00 0.00000000e+00 0.00000000e+00 0.00000000e+00
  0.00000000e+00 0.00000000e+00 0.00000000e+00 0.00000000e+00
  0.00000000e+00 0.00000000e+00 0.00000000e+00]
 [0.00000000e+00 1.52428123e-01 2.80303230e+00 0.00000000e+00
  2.44681453e+00 0.00000000e+00 0.00000000e+00 0.00000000e+00
  6.59339019e-02 0.00000000e+00 5.17990387e-01 2.53021400e-01
  2.21872497e-01 7.79490137e-01 5.65804985e-01]
 [0.00000000e+00 1.30043140e-01 2.28995998e+00 2.70242078e-01
  2.62419775e+00 4.80782367e-01 0.00000000e+00 0.00000000e+00
  0.00000000e+00 0.00000000e+00 7.53224179e-01 4.71357612e-01
  3.89806153e-01 1.36360740e+00 1.08778214e+00]
 [5.43889006e-01 1.78686203e-03 0.00000000e+00 9.24069258e-02
  0.00000000e+00 0.00000000e+00 0.00000000e+00 0.00000000e+00
  0.00000000e+00 0.00000000e+00 0.00000000e+00 0.00000000e+00
  2.36395889e-01 1.97559209e-01 1.73888392e-01]
 [0.00000000e+00 0.00000000e+00 0.00000000e+00 0.00000000e+00
  5.90899812e-02 0.00000000e+00 0.00000000e+00 0.00000000e+00
  0.00000000e+00 0.00000000e+00 4.89316865e-01 5.47881463e-03
  1.92551056e-01 6.24254992e-01 4.15758722e-01]
 [0.00000000e+00 0.00000000e+00 2.18582438e-01 2.00630432e-01
  7.39131684e-01 0.00000000e+00 0.00000000e+00 0.00000000e+00
  0.00000000e+00 0.00000000e+00 4.98467472e-01 2.81311322e-01
  3.95287094e-01 5.89562555e-01 6.54911496e-01]
 [0.00000000e+00 0.00000000e+00 1.24414639e+00 2.27627985e-01
  2.44920058e+00 4.70700597e-01 0.00000000e+00 0.00000000e+00
  2.82593787e-01 0.00000000e+00 2.76256646e-01 8.07479586e-01
  7.47131386e-01 1.01484291e+00 9.18070958e-01]
 [8.21542653e-02 0.00000000e+00 0.00000000e+00 2.59499917e-01
  0.00000000e+00 0.00000000e+00 0.00000000e+00 0.00000000e+00
  0.00000000e+00 3.87574134e-02 0.00000000e+00 0.00000000e+00
  0.00000000e+00 6.01255336e-02 0.00000000e+00]
 [0.00000000e+00 1.01026276e-01 0.00000000e+00 1.33401528e-01
  0.00000000e+00 0.00000000e+00 0.00000000e+00 0.00000000e+00
  0.00000000e+00 0.00000000e+00 0.00000000e+00 7.59544127e-02
  0.00000000e+00 2.54170313e-02 1.96206840e-01]
 [0.00000000e+00 2.73013963e-01 0.00000000e+00 2.44289140e-01
  0.00000000e+00 0.00000000e+00 8.58052169e-02 0.00000000e+00
  0.00000000e+00 0.00000000e+00 0.00000000e+00 1.43452690e-01
  5.76908073e-02 3.20048366e-01 3.31335893e-01]
 [0.00000000e+00 1.16166360e-01 0.00000000e+00 0.00000000e+00
  0.00000000e+00 0.00000000e+00 0.00000000e+00 0.00000000e+00
  0.00000000e+00 3.75709945e-02 0.00000000e+00 0.00000000e+00
  1.53418941e-02 2.27053171e-02 5.63628377e-02]
 [8.13663384e-01 9.11272066e-01 1.83656426e+00 1.18191624e+00
  1.29792065e+00 1.59930602e+00 1.18337166e+00 1.18604235e+00
  8.28243946e-01 9.31649547e-01 7.02851919e-01 4.84908642e-01
  4.00929223e-01 3.55560313e-01 4.26938162e-01]]

22
----------------------------------------------------------------------------------
[[1.82505754e-01 0.00000000e+00 0.00000000e+00 0.00000000e+00
  0.00000000e+00 1.08606868e-01 8.25998271e-02 0.00000000e+00
  6.84192172e-02 1.82479026e-01 0.00000000e+00 1.68612952e-01
  1.62697457e-01 2.21323266e-02 0.00000000e+00]
 [3.43227006e-01 0.00000000e+00 0.00000000e+00 0.00000000e+00
  0.00000000e+00 1.04812203e-01 0.00000000e+00 3.13122774e-02
  4.35669671e-01 1.86465717e-01 2.94478043e-01 5.51282882e-01
  1.92959359e-01 2.48162075e-01 0.00000000e+00]
 [5.88128993e-01 0.00000000e+00 0.00000000e+00 0.00000000e+00
  6.24257328e-02 5.02765887e-01 1.96171542e-01 3.43183446e-01
  3.62164185e-01 6.81534935e-01 3.04889552e-01 5.31338852e-01
  6.65775099e-01 1.90153802e-01 3.47535871e-01]
 [1.91229461e-01 0.00000000e+00 0.00000000e+00 0.00000000e+00
  3.63997024e-02 0.00000000e+00 0.00000000e+00 0.00000000e+00
  7.73987536e-02 0.00000000e+00 0.00000000e+00 1.38191531e-01
  1.18777711e-01 2.29953168e-02 0.00000000e+00]
 [1.20755570e-01 0.00000000e+00 0.00000000e+00 3.72756124e-02
  0.00000000e+00 4.67062766e-02 1.07711028e-01 0.00000000e+00
  4.39727653e-02 0.00000000e+00 0.00000000e+00 1.23654955e-01
  5.97828856e-02 1.50695706e-01 0.00000000e+00]
 [1.50786465e-01 0.00000000e+00 0.00000000e+00 0.00000000e+00
  0.00000000e+00 0.00000000e+00 2.24302138e-01 0.00000000e+00
  7.95041305e-01 1.25463489e-01 2.72042281e-01 3.75928771e-01
  2.85870902e-01 2.30505176e-01 0.00000000e+00]
 [4.81840099e-02 0.00000000e+00 0.00000000e+00 1.31261411e-01
  0.00000000e+00 2.31984668e-02 1.29808309e-03 0.00000000e+00
  2.27850564e-01 0.00000000e+00 0.00000000e+00 3.94641119e-02
  6.70559855e-02 1.78337105e-01 0.00000000e+00]
 [1.84830312e-01 0.00000000e+00 0.00000000e+00 0.00000000e+00
  0.00000000e+00 0.00000000e+00 0.00000000e+00 0.00000000e+00
  0.00000000e+00 0.00000000e+00 0.00000000e+00 6.31490623e-03
  1.35199562e-01 0.00000000e+00 0.00000000e+00]
 [1.56213640e-01 0.00000000e+00 0.00000000e+00 0.00000000e+00
  1.67791432e-02 4.58619271e-02 0.00000000e+00 0.00000000e+00
  0.00000000e+00 0.00000000e+00 0.00000000e+00 7.99337525e-03
  3.93037394e-02 0.00000000e+00 0.00000000e+00]
 [7.33588174e-01 0.00000000e+00 0.00000000e+00 0.00000000e+00
  0.00000000e+00 3.20050494e-01 0.00000000e+00 6.71864911e-02
  3.94377211e-01 1.93174178e-01 2.45738470e-01 5.95550197e-01
  3.15907527e-01 1.74783604e-01 0.00000000e+00]
 [3.72521180e-02 0.00000000e+00 0.00000000e+00 0.00000000e+00
  0.00000000e+00 0.00000000e+00 0.00000000e+00 0.00000000e+00
  1.76417699e-01 7.87942158e-02 0.00000000e+00 0.00000000e+00
  1.13364897e-01 0.00000000e+00 0.00000000e+00]
 [1.45419721e-01 0.00000000e+00 0.00000000e+00 0.00000000e+00
  0.00000000e+00 0.00000000e+00 0.00000000e+00 0.00000000e+00
  0.00000000e+00 4.06151571e-02 0.00000000e+00 1.46422205e-01
  2.55222525e-01 0.00000000e+00 0.00000000e+00]
 [3.51873208e-01 1.51149072e-01 0.00000000e+00 0.00000000e+00
  0.00000000e+00 1.17733687e-01 0.00000000e+00 7.66613809e-02
  2.20624656e-01 1.97784901e-01 4.47090470e-01 3.99217207e-01
  4.49988376e-01 2.96430352e-02 7.79897143e-02]
 [1.58434686e-01 0.00000000e+00 0.00000000e+00 0.00000000e+00
  0.00000000e+00 0.00000000e+00 3.86307438e-02 0.00000000e+00
  8.56614483e-03 0.00000000e+00 0.00000000e+00 1.86848909e-02
  0.00000000e+00 0.00000000e+00 0.00000000e+00]
 [4.96898455e-01 0.00000000e+00 0.00000000e+00 0.00000000e+00
  7.87771896e-02 0.00000000e+00 0.00000000e+00 0.00000000e+00
  2.02428266e-02 1.77089149e-01 2.81301691e-02 9.65316696e-02
  3.21717288e-02 0.00000000e+00 0.00000000e+00]
 [5.58441790e-01 2.02525915e-01 1.76895037e-02 0.00000000e+00
  0.00000000e+00 0.00000000e+00 0.00000000e+00 5.13201754e-01
  3.79944668e-01 6.37077674e-01 4.67854231e-01 7.23809902e-01
  2.08859176e-01 1.19720099e-01 0.00000000e+00]
 [2.26107897e-01 0.00000000e+00 0.00000000e+00 0.00000000e+00
  1.11069947e-01 0.00000000e+00 0.00000000e+00 0.00000000e+00
  0.00000000e+00 0.00000000e+00 0.00000000e+00 4.52608205e-04
  4.14260194e-02 0.00000000e+00 0.00000000e+00]
 [3.01297195e-01 8.93439350e-01 1.25130816e+00 1.23214657e+00
  1.32610139e+00 1.23264882e+00 9.86637132e-01 8.37065041e-01
  4.05169975e-01 4.65678684e-01 2.95709946e-01 1.74407228e-01
  1.78108711e-01 4.88535258e-01 5.96487871e-01]]

23
----------------------------------------------------------------------------------
[[0.         0.01081237 0.02737396 0.02109005 0.04709765 0.05695766
  0.16385235 0.04089771 0.02579111 0.         0.17255454 0.
  0.         0.         0.        ]
 [0.0556927  0.31130684 0.3155204  0.28896664 0.37778963 0.19189762
  0.31633359 0.05801006 0.34246263 0.0645075  0.52942525 0.05624127
  0.09422962 0.         0.36731325]
 [0.30524693 0.39266796 0.56164704 0.33123953 0.73971901 0.67837779
  0.65510271 0.09922178 0.42464918 0.40877136 0.49655244 0.33963557
  0.09581385 0.18588923 0.        ]
 [0.         0.         0.         0.         0.         0.
  0.16381104 0.01359444 0.04566589 0.         0.25404443 0.
  0.         0.         0.        ]
 [0.05383362 0.         0.         0.01898695 0.         0.02387914
  0.04330964 0.         0.04927651 0.         0.31012626 0.
  0.         0.0158666  0.        ]
 [0.16553689 0.16295143 0.28195172 0.37490223 0.00655556 0.35218891
  0.47731349 0.12809179 0.32408544 0.28963633 0.34937999 0.28226519
  0.23730632 0.11871775 0.        ]
 [0.08981597 0.         0.07565052 0.04280088 0.         0.04875576
  0.22623906 0.         0.29380133 0.         0.32693841 0.07732561
  0.         0.08136585 0.        ]
 [0.         0.         0.         0.03056101 0.         0.
  1.10941563 1.56152327 0.72987379 0.         0.52023575 0.03370576
  0.51341427 0.3761885  0.34929106]
 [0.         0.         0.         0.         0.         0.
  1.71163877 3.08433848 1.23716625 0.         0.78354597 0.30878863
  0.70333728 0.69847505 0.75999949]
 [0.01146116 0.57582245 0.91603393 0.14845124 0.27401731 0.41637539
  0.741519   0.9464626  0.20287106 0.01873148 0.65379967 0.0808189
  0.01620163 0.35380567 0.10293657]
 [0.         0.12031882 0.         0.         0.         0.
  1.23750347 4.21465171 1.75823384 0.10521613 0.74252862 0.57119601
  0.64538127 0.87249901 0.60620795]
 [0.09527445 0.         0.04517188 0.2469999  0.         0.
  0.47343893 0.81253004 0.94273796 0.         0.45132702 0.18425694
  0.51021088 0.42556963 0.45462732]
 [0.23803141 0.1165017  0.02966524 0.27622708 0.08599341 0.64635266
  0.4298269  4.84367065 1.1485806  0.23522564 0.77771154 0.50244335
  1.21008818 1.29235072 0.48406985]
 [0.         0.0364008  0.05636648 0.38511739 0.25519983 0.10032023
  0.19014668 0.12687377 0.2875898  0.         0.13920597 0.21371516
  0.         0.         0.16252573]
 [0.         0.         0.38392884 0.73913121 0.50949591 0.
  0.32062234 0.95673631 1.38289669 0.57955542 0.2223947  0.30978569
  0.43268296 0.2363557  0.66285861]
 [0.         0.33097713 0.28211147 1.08123066 0.73167661 0.08551592
  0.34619372 0.32780047 1.07663358 1.22155587 0.9358421  0.23259341
  0.2765879  0.15383416 0.33368729]
 [0.         0.         0.29132243 0.36643369 0.47086723 0.
  0.23471918 0.33848949 0.34415389 0.04528628 0.02385924 0.
  0.         0.         0.13368116]
 [0.52164954 0.35414748 0.23459036 0.26777464 0.35342835 0.30324694
  0.13512947 0.35446149 0.44918579 0.76198848 0.28376833 0.45642499
  0.37975902 0.47530417 0.47283411]]

24
----------------------------------------------------------------------------------
[[0.00000000e+00 0.00000000e+00 0.00000000e+00 7.16404323e-02
  9.00501131e-03 0.00000000e+00 1.93203638e-01 1.08271214e-01
  0.00000000e+00 0.00000000e+00 0.00000000e+00 0.00000000e+00
  1.59633099e-01 0.00000000e+00 0.00000000e+00]
 [0.00000000e+00 1.39224511e-01 0.00000000e+00 1.47026837e-01
  1.88652965e-01 3.09440300e-01 2.29575995e-01 1.73270333e-01
  0.00000000e+00 0.00000000e+00 0.00000000e+00 1.29825412e-01
  3.16849922e-01 4.36170347e-01 0.00000000e+00]
 [2.52804864e-01 3.12065538e-01 2.14928696e-02 1.92445190e-01
  6.03106942e-01 4.22789565e-01 2.97102085e-01 5.93830006e-02
  0.00000000e+00 6.91005349e-01 5.12240596e-02 7.37744265e-02
  4.17172702e-01 3.38162750e-01 1.78350637e-01]
 [1.16188924e-01 0.00000000e+00 0.00000000e+00 0.00000000e+00
  0.00000000e+00 0.00000000e+00 0.00000000e+00 0.00000000e+00
  0.00000000e+00 0.00000000e+00 0.00000000e+00 0.00000000e+00
  2.96700924e-02 8.96394945e-02 0.00000000e+00]
 [8.98784323e-02 1.19306897e-02 0.00000000e+00 0.00000000e+00
  2.07341264e-02 0.00000000e+00 0.00000000e+00 0.00000000e+00
  0.00000000e+00 0.00000000e+00 0.00000000e+00 0.00000000e+00
  4.79131095e-02 9.62521481e-04 0.00000000e+00]
 [1.63360134e-01 0.00000000e+00 0.00000000e+00 2.37870550e-01
  3.90188374e-02 4.07758154e-02 6.15445340e-02 2.43642554e-01
  0.00000000e+00 1.51951705e-01 0.00000000e+00 0.00000000e+00
  1.78123391e-01 2.62892936e-01 1.82937201e-01]
 [1.97099798e-01 0.00000000e+00 0.00000000e+00 0.00000000e+00
  0.00000000e+00 0.00000000e+00 0.00000000e+00 0.00000000e+00
  0.00000000e+00 0.00000000e+00 0.00000000e+00 0.00000000e+00
  1.53901898e-01 0.00000000e+00 0.00000000e+00]
 [4.89641919e-01 2.05059455e-01 0.00000000e+00 1.40685661e-01
  0.00000000e+00 0.00000000e+00 0.00000000e+00 0.00000000e+00
  0.00000000e+00 0.00000000e+00 0.00000000e+00 0.00000000e+00
  0.00000000e+00 0.00000000e+00 0.00000000e+00]
 [1.07438970e+00 5.90433892e-01 5.66289227e-02 6.60148043e-02
  0.00000000e+00 0.00000000e+00 0.00000000e+00 0.00000000e+00
  0.00000000e+00 0.00000000e+00 0.00000000e+00 0.00000000e+00
  2.76971935e-03 0.00000000e+00 0.00000000e+00]
 [4.28353771e-01 5.27632696e-01 1.46573214e-01 5.59048443e-01
  2.60471955e-01 1.14032696e-02 1.93031210e-02 7.06230097e-01
  0.00000000e+00 0.00000000e+00 0.00000000e+00 0.00000000e+00
  2.99124573e-01 2.49591763e-01 3.75209062e-01]
 [1.17325936e+00 7.30332657e-01 9.99280684e-02 1.93160008e-01
  9.94788428e-02 0.00000000e+00 0.00000000e+00 0.00000000e+00
  0.00000000e+00 7.02003520e-02 0.00000000e+00 0.00000000e+00
  1.21991674e-01 0.00000000e+00 9.61782652e-02]
 [4.99806492e-01 2.78537558e-01 0.00000000e+00 1.01447187e-01
  2.30225982e-02 0.00000000e+00 0.00000000e+00 0.00000000e+00
  0.00000000e+00 0.00000000e+00 0.00000000e+00 0.00000000e+00
  3.10579037e-01 1.26948149e-01 6.77990440e-02]
 [4.38007051e-01 2.44502533e-01 0.00000000e+00 5.71311450e-03
  3.89519660e-01 0.00000000e+00 3.20032354e-02 1.62986494e-01
  0.00000000e+00 1.28687641e-01 0.00000000e+00 1.90344927e-01
  1.97521347e-01 5.19473387e-02 5.47673805e-01]
 [0.00000000e+00 0.00000000e+00 0.00000000e+00 1.22089474e-01
  3.69081720e-02 0.00000000e+00 0.00000000e+00 7.52923135e-01
  3.96057281e-01 4.30839819e-02 0.00000000e+00 0.00000000e+00
  8.79346710e-01 4.37698645e-01 1.58688979e-01]
 [0.00000000e+00 0.00000000e+00 0.00000000e+00 2.07200495e-01
  2.92999928e-01 0.00000000e+00 3.49978425e-01 1.72923869e+00
  1.42792130e+00 4.34146604e-01 0.00000000e+00 1.00434331e-01
  1.20524223e+00 8.46911420e-01 5.31366848e-01]
 [4.19715548e-01 2.37338458e-01 1.54091354e-01 3.80980748e-01
  2.32471906e-01 1.64568654e-01 2.33047737e-01 1.13608942e+00
  1.10132521e-01 7.65587795e-01 0.00000000e+00 0.00000000e+00
  1.06307711e+00 3.54241226e-01 4.82749902e-01]
 [0.00000000e+00 0.00000000e+00 0.00000000e+00 4.86609408e-02
  1.48059855e-01 0.00000000e+00 1.27671082e-01 1.09655516e+00
  4.71212210e-01 1.49653150e-01 2.05735619e-01 2.00302007e-01
  9.95826369e-02 3.97403755e-01 1.18415648e-02]
 [6.04240427e-01 2.97023023e-01 5.61121838e-01 2.50011620e-01
  2.34170116e-01 5.20847173e-01 3.40801371e-01 3.58119645e-01
  8.92626567e-01 5.66883815e-01 8.54749262e-01 5.76159423e-01
  2.77395180e-01 2.96984997e-01 3.06140079e-01]]

25
----------------------------------------------------------------------------------
[[0.26993512 0.         0.17064625 0.         0.         0.
  0.         0.05611983 0.06211892 0.06506403 0.         0.
  0.2213282  0.21429506 0.09106362]
 [0.46116461 0.37097368 0.29907694 0.         0.         0.21227629
  0.         0.27112376 0.06906907 0.2858902  0.33114149 0.20608097
  0.36708417 0.02548665 0.15028471]
 [0.52788595 0.24157664 0.13125601 0.         0.03645905 0.20675158
  0.22420246 0.28631813 0.03676844 0.33689551 0.19757935 0.13914074
  0.3710227  0.35421348 0.13547919]
 [0.23352383 0.         0.         0.         0.         0.
  0.         0.         0.         0.         0.         0.
  0.1263074  0.20082578 0.        ]
 [0.11380972 0.         0.06815636 0.         0.         0.
  0.         0.         0.         0.04513166 0.03965619 0.
  0.1563801  0.02853096 0.02501825]
 [0.30124589 0.         0.39814395 0.         0.         0.23360418
  0.31257005 0.         0.09877927 0.18738204 0.20512896 0.44967303
  0.24252929 0.09876357 0.11120421]
 [0.00192831 0.         0.14368049 0.         0.         0.
  0.         0.         0.         0.03172236 0.03628556 0.
  0.14206206 0.         0.02545033]
 [0.05004029 0.         0.00762448 0.         0.         0.
  0.         0.02164099 0.         0.         0.06063292 0.
  0.         0.2229612  0.00385057]
 [0.08217122 0.         0.         0.         0.         0.
  0.         0.02293443 0.         0.         0.0612194  0.
  0.         0.05955102 0.00899801]
 [0.23621134 0.         0.81191059 0.         0.         0.10203258
  0.04588462 0.45440252 0.25525775 0.2553005  0.43964463 0.25660424
  0.58419684 0.16307392 0.37493021]
 [0.         0.         0.06262292 0.         0.         0.
  0.         0.         0.01185499 0.         0.09908584 0.
  0.04448831 0.00379694 0.        ]
 [0.10186088 0.         0.13697279 0.         0.         0.
  0.00895458 0.24222824 0.         0.16379533 0.08285671 0.
  0.01279511 0.16843709 0.        ]
 [0.09684102 0.         0.16389741 0.         0.03121953 0.
  0.48570807 0.09419595 0.0973435  0.32434942 0.21808248 0.33998938
  0.20168066 0.15419127 0.51486168]
 [0.01025642 0.22610671 0.91580422 0.         0.25618777 0.
  0.         0.         0.         0.07532787 0.09206216 0.05306834
  0.         0.         0.        ]
 [0.49793954 1.89792144 1.56156005 0.32346033 1.11147284 0.34188875
  0.08383881 0.05288879 0.10610416 0.17797401 0.         0.
  0.         0.         0.        ]
 [0.36953753 0.27562669 0.81337609 0.         0.65327347 0.02199289
  0.07808238 0.38686522 0.         0.26381727 0.34771361 0.20518996
  0.0038554  0.28777902 0.        ]
 [0.13763595 0.24872415 0.43135408 0.         0.37406599 0.
  0.         0.         0.07200847 0.         0.         0.
  0.01888134 0.         0.17566363]
 [0.38058972 0.64200049 0.21365313 0.63980864 0.5082795  0.48122805
  0.49665974 0.26804265 0.54863507 0.19057329 0.32368156 0.51121992
  0.30920477 0.41634275 0.63644666]]

26
----------------------------------------------------------------------------------
[[0.00000000e+00 0.00000000e+00 8.59637638e-02 0.00000000e+00
  2.36282838e-01 0.00000000e+00 0.00000000e+00 0.00000000e+00
  0.00000000e+00 0.00000000e+00 1.81592797e-01 1.74773592e-01
  2.67776382e-01 6.31414676e-02 1.84182541e-01]
 [0.00000000e+00 0.00000000e+00 2.78419594e-01 6.19557338e-01
  4.76954562e-01 3.26540254e-01 9.49651466e-02 1.57132223e-01
  0.00000000e+00 0.00000000e+00 2.73828838e-01 7.37658439e-01
  4.03674856e-01 2.23698676e-01 2.88084514e-01]
 [0.00000000e+00 1.61742987e-01 3.21521238e-01 4.47617716e-01
  2.99458815e-01 1.30396283e-01 2.92985478e-01 2.92488369e-01
  1.48897612e-01 1.26026486e-01 3.86366390e-02 7.68498314e-03
  3.22379185e-01 0.00000000e+00 3.46503434e-01]
 [4.64731171e-02 0.00000000e+00 4.93004760e-02 0.00000000e+00
  1.19109292e-01 0.00000000e+00 0.00000000e+00 1.61633171e-01
  0.00000000e+00 0.00000000e+00 9.58451493e-03 1.28260449e-01
  3.04363056e-01 2.39358353e-03 1.14581663e-01]
 [0.00000000e+00 0.00000000e+00 7.62605959e-02 0.00000000e+00
  6.51478438e-02 0.00000000e+00 0.00000000e+00 4.56102769e-01
  4.18178884e-02 0.00000000e+00 2.21503235e-03 1.59184358e-01
  1.32844131e-01 5.57081690e-02 6.61093215e-02]
 [0.00000000e+00 0.00000000e+00 2.76952848e-01 0.00000000e+00
  3.72638458e-01 1.47187967e-01 0.00000000e+00 1.14464955e-01
  1.30080288e-01 2.67903898e-01 2.35052175e-01 2.51546163e-01
  2.68546450e-01 0.00000000e+00 4.92526168e-01]
 [6.16483711e-02 0.00000000e+00 1.99523958e-02 0.00000000e+00
  7.93886699e-02 0.00000000e+00 0.00000000e+00 0.00000000e+00
  0.00000000e+00 0.00000000e+00 8.49864500e-02 7.43594871e-02
  1.04049868e-01 0.00000000e+00 1.09088400e-01]
 [0.00000000e+00 0.00000000e+00 1.59239352e-01 0.00000000e+00
  1.72590122e-01 0.00000000e+00 4.22078917e-02 2.03982476e+00
  1.34839654e+00 8.14572910e-02 5.45503869e-01 7.15337382e-01
  2.36243419e+00 0.00000000e+00 4.54742724e-01]
 [0.00000000e+00 0.00000000e+00 3.45546276e-02 0.00000000e+00
  1.33648711e-01 0.00000000e+00 1.24793094e-01 3.31989668e+00
  2.39804351e+00 4.53259500e-02 1.05910967e+00 9.62637327e-01
  3.29592524e+00 0.00000000e+00 8.71623065e-01]
 [0.00000000e+00 0.00000000e+00 3.63780528e-01 3.57955876e-01
  5.57338417e-01 1.42213084e-01 5.32447507e-01 9.37406913e-01
  6.90028133e-01 0.00000000e+00 4.37142128e-01 4.34117937e-01
  9.74363176e-01 5.22981773e-01 4.86458111e-01]
 [0.00000000e+00 0.00000000e+00 0.00000000e+00 0.00000000e+00
  2.54330427e-01 0.00000000e+00 3.41090824e-01 3.92902783e+00
  2.88558139e+00 0.00000000e+00 1.09131507e+00 2.97874576e-02
  2.21593451e+00 1.98012745e-01 4.98758236e-01]
 [0.00000000e+00 0.00000000e+00 1.35457928e-01 0.00000000e+00
  2.79745915e-01 6.11823978e-02 0.00000000e+00 8.59687854e-01
  1.47444827e+00 9.72647039e-03 5.81104591e-01 4.63783721e-01
  1.31304018e+00 0.00000000e+00 3.03132193e-01]
 [1.11504334e-01 0.00000000e+00 2.16300859e-01 4.33066632e-02
  5.72601732e-01 4.19947577e-01 3.67006399e-01 2.00508274e+00
  3.01253210e+00 0.00000000e+00 8.48985583e-01 3.25439381e-01
  1.95723778e+00 6.35583686e-01 7.20571449e-01]
 [1.17768457e-01 0.00000000e+00 1.77964478e-01 0.00000000e+00
  2.34546951e-01 5.55920958e-01 8.13286612e-01 3.36324270e-01
  4.23791450e-01 0.00000000e+00 1.06501483e-01 6.04237849e-01
  3.50808698e-01 2.77063589e-01 6.34630618e-02]
 [7.21778566e-01 0.00000000e+00 2.34605516e-01 0.00000000e+00
  1.73383487e-01 1.07313682e+00 1.76764217e+00 1.90687553e-01
  1.55097112e+00 0.00000000e+00 5.22132162e-01 1.00960521e+00
  5.85386965e-01 4.02056715e-01 4.18755675e-01]
 [5.18868279e-01 2.05588470e-01 5.96080553e-01 1.30793758e-01
  4.03800387e-01 4.83667845e-01 1.42138582e+00 3.17755852e-01
  5.64004330e-01 2.28756985e-01 4.73797332e-01 7.25211968e-01
  6.13553461e-01 4.34565218e-01 0.00000000e+00]
 [7.86695081e-02 0.00000000e+00 0.00000000e+00 0.00000000e+00
  1.68953279e-01 3.52356150e-01 8.56588125e-01 3.67035584e-02
  7.84009986e-01 0.00000000e+00 4.23607308e-02 3.69405532e-01
  1.49368792e-01 1.19623820e-01 3.57837152e-01]
 [8.96663332e-01 8.82657882e-01 2.40484426e-01 3.61715575e-01
  1.44904148e-01 3.27360013e-01 4.68042268e-01 4.52590559e-01
  3.24585378e-01 6.05916370e-01 1.91574399e-01 2.74887718e-01
  2.50044802e-01 6.28591386e-01 6.55450614e-01]]

27
----------------------------------------------------------------------------------
[[0.         0.03109124 0.0387609  0.03630042 0.10057461]
 [0.06471675 0.         0.         0.25359494 0.0967379 ]
 [0.         0.         0.31348792 0.         0.64568446]
 [0.07026021 0.         0.         0.0125004  0.        ]
 [0.13103537 0.         0.03111206 0.         0.        ]
 [0.         0.04793655 0.         0.08738823 0.28824805]
 [0.         0.0671445  0.         0.         0.06358678]
 [0.         0.         0.         0.         0.        ]
 [0.11537418 0.09202258 0.29416504 0.04749736 0.1106884 ]
 [0.00978801 0.         0.         0.18280518 0.42972505]
 [0.         0.40388819 0.1562381  0.00594242 0.18172072]
 [0.03566435 0.48949854 0.62562299 0.         0.        ]
 [0.09502404 0.92677184 0.57967073 0.38287242 0.33758214]
 [0.05385826 0.10854416 0.00642594 0.         0.        ]
 [0.24416835 0.2481917  0.16413759 0.11543236 0.07335596]
 [0.2213551  0.         0.51084143 0.05373031 0.26021336]
 [0.15241212 0.         0.18081527 0.         0.        ]
 [0.86818673 1.09758328 0.78305387 0.59030182 0.35666677]]