

1
----------------------------------------------------------------------------------
[[0.00991021 0.22616605 0.05591277 0.         0.0825135  0.37788035
  0.23257645 0.07038215 0.13442299 0.20613073 0.16867378 0.23633662
  0.         0.03736111 0.10062026]
 [0.11624306 0.2754552  0.03179725 0.         0.02021393 0.
  0.43017353 0.14387493 0.17867251 0.11340815 0.06937072 0.07366388
  0.         0.09428961 0.23651314]
 [0.06336236 0.34420341 0.         0.04745354 0.04500584 0.26720062
  0.27249403 0.07882962 0.01786465 0.33972995 0.         0.11858682
  0.         0.08184915 0.12456185]
 [0.         0.22308986 0.         0.         0.12942143 0.31925302
  0.16451606 0.06910149 0.18701128 0.10199911 0.14420388 0.28592919
  0.         0.01814957 0.18439967]
 [0.         0.21557601 0.         0.00381786 0.12098561 0.22880862
  0.21768328 0.         0.09737531 0.18223135 0.02903432 0.25570242
  0.         0.0341036  0.2547752 ]
 [0.         0.3676792  0.         0.         0.38572081 0.
  0.15381681 0.         0.00853506 0.18853061 0.08275014 0.16532359
  0.         0.19071803 0.        ]
 [0.         0.16963135 0.         0.         0.08046266 0.24114662
  0.19689681 0.         0.09364824 0.15802791 0.         0.31118776
  0.         0.04830437 0.22498052]
 [0.02342311 0.06158394 0.03408321 0.         0.01855607 0.11140112
  0.3147908  0.         0.12829086 0.13169029 0.19929786 0.24223017
  0.         0.         0.12786494]
 [0.         0.13983802 0.         0.         0.09136582 0.14691783
  0.19493447 0.         0.13550958 0.06520237 0.07716725 0.19773205
  0.         0.01477422 0.12583659]
 [0.10413006 0.74170369 0.         0.         0.52688791 0.
  0.57258295 0.         0.10641812 0.18685128 0.13556417 0.10182308
  0.         0.         0.        ]
 [0.         0.22165034 0.         0.         0.24241577 0.
  0.08642633 0.         0.06700613 0.04418546 0.         0.13551178
  0.         0.         0.10190402]
 [0.00295488 0.12603377 0.         0.         0.02380426 0.0568174
  0.21670662 0.0299745  0.15199262 0.14097699 0.01486514 0.168059
  0.         0.         0.09070598]
 [0.         0.15018539 0.         0.         0.3316608  0.0638784
  0.02731542 0.07180291 0.         0.18383164 0.17330321 0.01974712
  0.         0.13723544 0.01189655]
 [0.         0.15548396 0.         0.         0.07618644 0.08026564
  0.         0.         0.07587637 0.1624509  0.05244685 0.04285569
  0.         0.00315964 0.23974677]
 [0.         0.18711825 0.         0.         0.         0.
  0.         0.         0.07179112 0.12423815 0.05392194 0.02446446
  0.         0.         0.22066341]
 [0.         0.09612582 0.         0.         0.         0.13153163
  0.         0.         0.43785766 0.05963158 0.         0.31817799
  0.         0.33820669 0.11600732]
 [0.02523921 0.10574884 0.         0.         0.         0.
  0.14662877 0.         0.11432767 0.         0.26660641 0.02194355
  0.         0.25338962 0.15098933]
 [1.5264741  1.92816033 2.25865248 2.28661309 1.83333281 2.10062355
  1.22926179 1.16001976 0.88399167 0.82282409 0.8019024  0.67509423
  1.41353353 1.37459932 1.36732905]]

2
----------------------------------------------------------------------------------
[[0.00000000e+00 1.17624192e-01 0.00000000e+00 2.16230475e-01
  0.00000000e+00 0.00000000e+00 3.86338806e-02 1.15773978e-01
  0.00000000e+00 1.56408219e-01 0.00000000e+00 2.09595528e-01
  1.46541701e-01 9.63418996e-02 1.62494206e-01]
 [0.00000000e+00 2.43746467e-01 3.50845817e-03 1.09362430e-01
  3.93271390e-02 0.00000000e+00 5.62714567e-02 1.82885779e-01
  5.03014555e-02 3.14383305e-01 0.00000000e+00 3.25324126e-01
  0.00000000e+00 3.24736003e-02 1.25200731e-01]
 [0.00000000e+00 1.04579460e-01 0.00000000e+00 2.06389847e-01
  0.00000000e+00 1.70019445e-01 1.93959969e-01 4.29933052e-01
  1.38760796e-02 3.88442233e-01 0.00000000e+00 2.10019610e-01
  1.40542020e-01 0.00000000e+00 0.00000000e+00]
 [0.00000000e+00 1.37985744e-01 0.00000000e+00 1.56698260e-01
  0.00000000e+00 0.00000000e+00 0.00000000e+00 0.00000000e+00
  0.00000000e+00 1.77085534e-01 0.00000000e+00 2.26143680e-01
  1.13720697e-01 1.91088277e-01 7.50653707e-02]
 [0.00000000e+00 1.98880622e-01 0.00000000e+00 1.62136317e-01
  0.00000000e+00 0.00000000e+00 8.23159337e-03 5.82291899e-02
  0.00000000e+00 1.73589105e-01 0.00000000e+00 1.43626866e-01
  1.06072022e-01 2.84038763e-02 1.33003262e-01]
 [6.80669474e-02 0.00000000e+00 0.00000000e+00 3.23294665e-01
  1.23978982e-01 6.54526282e-02 2.38177076e-01 2.64968470e-01
  0.00000000e+00 4.90277908e-01 0.00000000e+00 6.11430236e-02
  0.00000000e+00 0.00000000e+00 0.00000000e+00]
 [0.00000000e+00 1.41690154e-01 0.00000000e+00 1.11249465e-01
  0.00000000e+00 0.00000000e+00 4.58842541e-02 1.64083960e-01
  0.00000000e+00 2.09571956e-01 0.00000000e+00 2.24324826e-01
  0.00000000e+00 3.38567646e-02 2.10367095e-01]
 [0.00000000e+00 9.60820555e-02 0.00000000e+00 8.40501761e-02
  0.00000000e+00 0.00000000e+00 0.00000000e+00 0.00000000e+00
  0.00000000e+00 1.84225901e-01 0.00000000e+00 1.11204860e-01
  8.37005204e-02 5.69772098e-02 8.02703384e-02]
 [0.00000000e+00 9.17319495e-02 0.00000000e+00 1.43561946e-01
  0.00000000e+00 0.00000000e+00 0.00000000e+00 0.00000000e+00
  0.00000000e+00 1.75094328e-01 0.00000000e+00 1.61611858e-01
  5.72396691e-02 7.24178669e-02 1.02049797e-01]
 [0.00000000e+00 4.25044436e-01 0.00000000e+00 9.01950899e-03
  0.00000000e+00 7.88393429e-01 0.00000000e+00 6.62992467e-01
  5.88147705e-01 3.22951974e-02 0.00000000e+00 0.00000000e+00
  0.00000000e+00 4.04332902e-01 0.00000000e+00]
 [0.00000000e+00 1.31162895e-01 0.00000000e+00 5.28692133e-02
  0.00000000e+00 4.46343376e-02 5.95436633e-03 3.84009109e-01
  0.00000000e+00 3.55246144e-01 0.00000000e+00 1.23560530e-01
  0.00000000e+00 0.00000000e+00 0.00000000e+00]
 [0.00000000e+00 4.01531257e-04 0.00000000e+00 0.00000000e+00
  0.00000000e+00 0.00000000e+00 0.00000000e+00 0.00000000e+00
  0.00000000e+00 1.11626056e-01 0.00000000e+00 8.70073950e-02
  4.49311607e-02 8.57833184e-02 7.59052037e-02]
 [0.00000000e+00 2.80339203e-01 0.00000000e+00 1.79542419e-01
  7.22029717e-02 1.11295691e-01 3.25922004e-02 3.14191755e-01
  9.93611183e-02 3.85862567e-01 0.00000000e+00 2.19496134e-01
  0.00000000e+00 0.00000000e+00 0.00000000e+00]
 [0.00000000e+00 0.00000000e+00 0.00000000e+00 0.00000000e+00
  0.00000000e+00 0.00000000e+00 0.00000000e+00 8.93364849e-02
  0.00000000e+00 2.10418685e-01 0.00000000e+00 5.49161736e-02
  0.00000000e+00 0.00000000e+00 0.00000000e+00]
 [0.00000000e+00 0.00000000e+00 0.00000000e+00 0.00000000e+00
  0.00000000e+00 0.00000000e+00 0.00000000e+00 7.52645628e-02
  0.00000000e+00 1.80129783e-01 0.00000000e+00 7.49742515e-02
  0.00000000e+00 0.00000000e+00 4.87164540e-02]
 [0.00000000e+00 0.00000000e+00 2.33885939e-01 0.00000000e+00
  0.00000000e+00 5.14940479e-02 0.00000000e+00 3.54093672e-01
  1.02398232e-01 4.05076989e-01 0.00000000e+00 1.11163973e-01
  9.99658653e-02 0.00000000e+00 1.73410965e-01]
 [0.00000000e+00 0.00000000e+00 0.00000000e+00 0.00000000e+00
  0.00000000e+00 0.00000000e+00 0.00000000e+00 2.17933719e-01
  0.00000000e+00 2.89650320e-01 0.00000000e+00 5.03698545e-02
  0.00000000e+00 2.64830212e-02 0.00000000e+00]
 [1.69003243e+00 1.01938892e+00 9.23318688e-01 6.42086170e-01
  8.36288632e-01 1.00361431e+00 1.10299600e+00 1.20887283e+00
  1.78807300e+00 1.55969124e+00 2.34706862e+00 2.32367740e+00
  1.96977224e+00 1.86902895e+00 1.56728063e+00]]

3
----------------------------------------------------------------------------------
[[1.43570980e-01 1.69138201e-01 0.00000000e+00 3.71733809e-02
  0.00000000e+00 0.00000000e+00 1.33500032e-01 0.00000000e+00
  1.99051271e-02 0.00000000e+00 1.65925595e-01 2.52036254e-02
  1.79656144e-01 3.81222043e-02 1.58575712e-02]
 [4.68980761e-02 1.29600367e-01 7.66542153e-02 0.00000000e+00
  0.00000000e+00 0.00000000e+00 9.96307495e-02 1.32730651e-02
  1.30280496e-01 1.49708573e-01 5.29826597e-02 0.00000000e+00
  1.76798528e-01 1.38145731e-02 6.81531218e-02]
 [0.00000000e+00 1.43566103e-01 9.38297879e-02 9.05450883e-02
  0.00000000e+00 1.06959052e-02 1.51378407e-01 0.00000000e+00
  9.24046289e-02 1.71049688e-01 6.25818250e-02 0.00000000e+00
  2.45055632e-01 4.03503925e-02 9.34030103e-02]
 [5.93686210e-02 7.14281313e-02 1.11147271e-01 3.65957297e-02
  0.00000000e+00 0.00000000e+00 1.42829801e+00 0.00000000e+00
  3.34725384e-01 1.28517512e-01 1.77503107e-01 6.97884880e-02
  2.61126327e-01 5.20525679e-02 0.00000000e+00]
 [2.20143436e-02 5.70423042e-02 5.34040703e-02 1.73440434e-01
  0.00000000e+00 0.00000000e+00 1.48084529e-01 1.83187113e-03
  1.25757795e-01 5.12451028e-02 1.70754861e-01 0.00000000e+00
  1.35166754e-01 8.22367105e-02 0.00000000e+00]
 [6.75341276e-02 1.73743499e-01 1.57664784e-01 1.41564728e-01
  8.21755477e-02 1.23438708e-01 4.69266870e-01 0.00000000e+00
  7.42255860e-02 2.69868133e-01 3.56870811e-01 1.38325577e-01
  2.06393831e-01 1.13148747e-01 2.24584981e-01]
 [7.44119997e-02 3.11041394e-02 1.52628746e-01 6.42572973e-02
  0.00000000e+00 0.00000000e+00 2.45953306e-01 0.00000000e+00
  1.96260891e-03 0.00000000e+00 2.04053377e-01 0.00000000e+00
  8.24913780e-02 9.45937327e-02 3.17208719e-02]
 [0.00000000e+00 1.61867876e-01 5.57040728e-02 0.00000000e+00
  6.20120354e-02 1.77490595e-01 7.06611443e+00 8.31539137e-01
  1.34154344e+00 1.40614917e+00 9.72210579e-01 6.35416538e-01
  4.12473055e-01 2.01170721e-01 2.11606185e-02]
 [6.89098641e-03 8.09842199e-02 7.44201633e-02 0.00000000e+00
  0.00000000e+00 1.70757223e-01 8.32577544e+00 1.29124305e+00
  1.11182530e+00 2.26720072e+00 1.48170109e+00 7.97595393e-01
  5.25213018e-01 1.29600668e-01 1.23496291e-01]
 [0.00000000e+00 1.01057640e-02 5.24421039e-02 2.50568004e-01
  3.13999610e-01 1.73986735e-01 3.54581967e+00 6.66866543e-01
  2.58592526e-01 6.94840153e-01 6.24875835e-01 2.74314855e-01
  3.44979366e-01 4.69956068e-02 4.71225360e-01]
 [0.00000000e+00 4.32320386e-02 1.14177726e-03 3.08406871e-02
  1.57199217e-01 0.00000000e+00 4.04038536e+00 1.82479914e+00
  5.18207067e-01 1.14456632e+00 5.46592665e-01 3.70830276e-01
  4.15700317e-01 7.16665839e-02 1.17625055e-01]
 [3.19552607e-02 0.00000000e+00 8.39425776e-02 0.00000000e+00
  1.43993641e-01 0.00000000e+00 5.77021257e+00 8.95465568e-01
  1.06024896e+00 5.80482072e-01 2.27052490e-01 1.06292606e-01
  2.65526316e-01 4.19608734e-02 1.17881335e-01]
 [0.00000000e+00 6.51545889e-02 3.90230788e-02 6.13302998e-02
  1.69669111e-01 0.00000000e+00 4.49679293e+00 1.03518255e+00
  5.12332884e-01 8.51511661e-01 2.82854733e-01 2.31928937e-01
  2.97206053e-01 0.00000000e+00 1.63262671e-02]
 [0.00000000e+00 0.00000000e+00 4.39580715e-02 1.35703234e-01
  0.00000000e+00 0.00000000e+00 0.00000000e+00 0.00000000e+00
  0.00000000e+00 3.13188467e-01 3.96118438e-01 2.90135356e-01
  6.14280855e-01 3.85978201e-01 0.00000000e+00]
 [0.00000000e+00 7.96919856e-02 4.26955187e-02 4.64366499e-02
  0.00000000e+00 0.00000000e+00 0.00000000e+00 0.00000000e+00
  0.00000000e+00 4.34845820e-01 7.33536118e-01 5.09994782e-01
  1.13027990e+00 1.91277188e+00 0.00000000e+00]
 [0.00000000e+00 1.32159144e-01 1.11411248e-01 1.96215940e-01
  0.00000000e+00 3.44303484e-02 9.20866284e-03 0.00000000e+00
  1.12969785e-01 3.91433045e-01 5.43889025e-01 5.11987868e-01
  7.76214223e-01 8.73585797e-01 4.16728441e-01]
 [0.00000000e+00 7.62891645e-02 0.00000000e+00 1.67221109e-01
  4.98095740e-02 0.00000000e+00 0.00000000e+00 0.00000000e+00
  0.00000000e+00 1.40598025e-01 4.44381576e-01 2.50552684e-01
  6.48836698e-01 6.68559327e-01 0.00000000e+00]
 [1.12010248e+00 7.32360733e-01 7.18364813e-01 7.23070960e-01
  4.45620759e-01 4.39907586e-01 5.73011564e-01 6.74060966e-01
  4.98859141e-01 5.17246710e-01 5.33365992e-01 4.78835933e-01
  8.25469355e-02 4.47886337e-01 3.11507874e-01]]

4
----------------------------------------------------------------------------------
[[0.00000000e+00 1.03187444e-02 3.43614729e-02 0.00000000e+00
  0.00000000e+00 0.00000000e+00 0.00000000e+00 1.46665596e-01
  1.09278068e-01 2.74168480e-03 1.18975071e-01 1.92268340e-01
  4.86370944e-02 2.30892263e-01 3.96479896e-03]
 [0.00000000e+00 2.97830899e-02 1.04340155e-03 5.09663530e-02
  0.00000000e+00 0.00000000e+00 0.00000000e+00 8.59330067e-02
  2.73913696e-01 0.00000000e+00 1.83740900e-03 1.69191227e-02
  1.94109899e-01 4.25409590e-02 4.86528413e-02]
 [3.75908042e-02 7.80154609e-02 4.52162840e-02 1.76764796e-01
  0.00000000e+00 0.00000000e+00 9.42792655e-02 3.22199777e-01
  2.10742730e-01 5.62857793e-02 0.00000000e+00 2.47846661e-01
  1.95275592e-01 1.06745608e-01 8.79319391e-02]
 [0.00000000e+00 0.00000000e+00 0.00000000e+00 0.00000000e+00
  0.00000000e+00 0.00000000e+00 0.00000000e+00 1.04317123e-01
  1.97278720e-01 0.00000000e+00 2.09064951e-01 2.20655744e-01
  5.62443574e-03 1.10886344e-01 2.19383877e-02]
 [0.00000000e+00 4.21698287e-02 0.00000000e+00 0.00000000e+00
  0.00000000e+00 0.00000000e+00 0.00000000e+00 6.72379793e-02
  1.81281641e-01 0.00000000e+00 5.75805195e-03 2.16556770e-01
  1.75346387e-01 1.80930043e-02 4.45343414e-02]
 [0.00000000e+00 1.39830778e-01 1.50831749e-01 5.28109061e-02
  2.54895440e-01 7.46554555e-02 4.31480438e-01 2.67790609e-01
  2.37967192e-01 2.13079782e-01 0.00000000e+00 0.00000000e+00
  3.38295081e-01 0.00000000e+00 3.70907505e-04]
 [0.00000000e+00 0.00000000e+00 6.57185882e-02 0.00000000e+00
  0.00000000e+00 0.00000000e+00 0.00000000e+00 4.17020163e-02
  2.19952035e-01 0.00000000e+00 0.00000000e+00 1.55193473e-01
  2.21800020e-01 0.00000000e+00 9.35223037e-02]
 [0.00000000e+00 2.67594111e-02 0.00000000e+00 0.00000000e+00
  0.00000000e+00 0.00000000e+00 1.00235216e-02 2.31547221e-02
  7.41526201e-02 8.24915283e-02 5.73121624e-03 4.84852732e-02
  0.00000000e+00 7.18491473e-02 0.00000000e+00]
 [0.00000000e+00 0.00000000e+00 0.00000000e+00 0.00000000e+00
  0.00000000e+00 0.00000000e+00 0.00000000e+00 9.30504924e-02
  7.74500190e-02 0.00000000e+00 5.63603228e-02 6.43572244e-02
  0.00000000e+00 4.99377693e-02 0.00000000e+00]
 [0.00000000e+00 3.05494762e-01 3.76059877e-01 2.07720791e-01
  0.00000000e+00 9.34417536e-02 7.47180093e-01 5.31241663e-01
  3.88257665e-01 0.00000000e+00 2.50116742e-01 8.15908953e-02
  3.79932600e-01 0.00000000e+00 1.06973468e-01]
 [0.00000000e+00 0.00000000e+00 0.00000000e+00 0.00000000e+00
  0.00000000e+00 0.00000000e+00 0.00000000e+00 3.81935782e-02
  0.00000000e+00 0.00000000e+00 0.00000000e+00 1.27921365e-01
  0.00000000e+00 0.00000000e+00 0.00000000e+00]
 [0.00000000e+00 0.00000000e+00 6.23648860e-02 0.00000000e+00
  0.00000000e+00 0.00000000e+00 0.00000000e+00 1.40953256e-01
  1.39633090e-01 0.00000000e+00 2.39821805e-02 6.62705352e-02
  0.00000000e+00 0.00000000e+00 0.00000000e+00]
 [0.00000000e+00 9.23389308e-02 0.00000000e+00 5.76213219e-03
  0.00000000e+00 0.00000000e+00 1.66124462e-01 9.66226802e-02
  1.19428761e-01 0.00000000e+00 0.00000000e+00 0.00000000e+00
  3.06760830e-02 0.00000000e+00 0.00000000e+00]
 [8.55633190e-02 2.00552598e-01 2.14009859e-03 1.33744006e-01
  2.33242732e-01 7.97086668e-02 2.28977847e-01 0.00000000e+00
  0.00000000e+00 0.00000000e+00 0.00000000e+00 6.10636713e-02
  2.72344221e-01 7.06358651e-01 0.00000000e+00]
 [7.86192603e-01 8.68860253e-01 5.45771711e-01 3.74118995e-01
  3.98562524e-01 2.74336170e-01 3.31919721e-01 1.08096922e-01
  2.06033604e-01 1.25098495e-01 4.41617394e-01 7.89454528e-02
  2.50258667e+00 1.77338573e+00 3.51013120e-02]
 [2.15681230e-01 5.73583615e-01 5.72591089e-01 4.38818009e-01
  2.78617583e-01 1.74772201e-01 1.54157561e-01 2.96273279e-01
  4.53892607e-01 0.00000000e+00 0.00000000e+00 1.54056862e-01
  1.15482863e+00 8.74929641e-01 1.38765071e-01]
 [4.78807382e-01 1.41791049e-01 2.80974209e-02 1.30545656e-01
  1.21797608e-01 1.73774407e-01 1.03940418e-01 0.00000000e+00
  7.83601263e-02 0.00000000e+00 0.00000000e+00 0.00000000e+00
  0.00000000e+00 1.75614123e-01 0.00000000e+00]
 [4.62440933e-01 1.93589062e-01 3.53843067e-01 4.63861737e-01
  6.49473486e-01 8.53761679e-01 5.51307596e-01 3.42593744e-01
  3.04797445e-01 7.16843283e-01 7.75703997e-01 6.07115017e-01
  7.09768951e-01 1.03712132e+00 1.21528357e+00]]

5
----------------------------------------------------------------------------------
[[0.00000000e+00 0.00000000e+00 3.15221497e-02 0.00000000e+00
  0.00000000e+00 1.76210284e-01 0.00000000e+00 5.03262711e-02
  0.00000000e+00 1.17017374e-01 0.00000000e+00 1.47446135e-01
  1.29753963e-01 1.23997530e-02 1.35776911e-01]
 [0.00000000e+00 7.90629352e-02 0.00000000e+00 5.62781163e-02
  0.00000000e+00 1.31955533e-01 0.00000000e+00 0.00000000e+00
  4.67622008e-02 1.40195964e-01 0.00000000e+00 0.00000000e+00
  1.95917617e-01 2.66338747e-02 0.00000000e+00]
 [3.95395112e-02 6.57663952e-02 8.64780728e-02 0.00000000e+00
  0.00000000e+00 1.32656397e-01 0.00000000e+00 1.00119423e-01
  1.65420930e-01 1.44585404e-01 1.56017905e-01 9.33424078e-02
  2.52335408e-01 1.47069445e-01 1.15101573e-02]
 [0.00000000e+00 0.00000000e+00 0.00000000e+00 1.19205263e-01
  0.00000000e+00 1.98383742e-01 0.00000000e+00 3.26775523e-02
  0.00000000e+00 5.43158644e-02 7.33999716e-03 0.00000000e+00
  2.02295914e-01 3.51404942e-02 3.85282811e-02]
 [0.00000000e+00 2.01637983e-02 0.00000000e+00 3.51768192e-02
  0.00000000e+00 2.33127521e-01 0.00000000e+00 4.81381223e-02
  0.00000000e+00 1.03402584e-01 0.00000000e+00 1.40061342e-02
  2.17017536e-01 2.85851320e-02 2.13884849e-02]
 [2.33287326e-01 2.55677243e-01 0.00000000e+00 2.73440220e-01
  0.00000000e+00 1.00404823e-01 4.47957404e-04 1.11082610e-01
  2.64432735e-02 5.09312993e-01 7.66319008e-02 6.84207921e-02
  2.43349007e-01 5.21566652e-01 3.56859244e-01]
 [3.80235947e-03 9.43645868e-02 0.00000000e+00 4.72184698e-02
  0.00000000e+00 2.59800438e-01 0.00000000e+00 1.19441021e-01
  0.00000000e+00 1.40339884e-01 0.00000000e+00 0.00000000e+00
  1.97987734e-01 3.82508870e-02 0.00000000e+00]
 [0.00000000e+00 0.00000000e+00 0.00000000e+00 0.00000000e+00
  0.00000000e+00 6.81401659e-02 0.00000000e+00 4.26962430e-03
  0.00000000e+00 1.31793634e-01 0.00000000e+00 1.97380218e-01
  0.00000000e+00 7.61760842e-02 7.63637011e-02]
 [0.00000000e+00 0.00000000e+00 0.00000000e+00 0.00000000e+00
  0.00000000e+00 1.36834253e-01 0.00000000e+00 0.00000000e+00
  0.00000000e+00 4.81237092e-02 0.00000000e+00 1.11600724e-01
  1.94661323e-01 5.00782072e-02 0.00000000e+00]
 [0.00000000e+00 7.59552422e-01 3.28373049e-01 5.00740157e-01
  2.15335799e-01 1.21002189e+00 6.03798969e-01 1.12966122e+00
  6.89746624e-01 6.55964892e-01 7.29105256e-01 4.78707001e-01
  1.22514492e-01 9.03842533e-01 2.80127761e-01]
 [3.03530237e-03 0.00000000e+00 0.00000000e+00 0.00000000e+00
  0.00000000e+00 2.76753949e-02 0.00000000e+00 3.16768198e-02
  0.00000000e+00 4.11670666e-02 2.42927896e-02 6.20233684e-02
  8.04289045e-02 1.53573456e-01 0.00000000e+00]
 [0.00000000e+00 0.00000000e+00 0.00000000e+00 0.00000000e+00
  0.00000000e+00 1.42299218e-01 0.00000000e+00 0.00000000e+00
  0.00000000e+00 8.07290144e-02 0.00000000e+00 1.20520273e-01
  1.81787945e-01 8.92400505e-02 0.00000000e+00]
 [0.00000000e+00 2.26190471e-01 0.00000000e+00 6.25104660e-02
  5.75561667e-02 4.62149173e-02 0.00000000e+00 1.16265274e-01
  0.00000000e+00 2.72099160e-01 3.85375732e-02 5.91838700e-02
  1.05543075e-01 1.30688402e-01 1.21822089e-01]
 [0.00000000e+00 0.00000000e+00 0.00000000e+00 0.00000000e+00
  0.00000000e+00 6.43840015e-03 0.00000000e+00 5.66459148e-02
  0.00000000e+00 3.63381020e-02 0.00000000e+00 0.00000000e+00
  8.74175561e-02 4.83450159e-02 0.00000000e+00]
 [0.00000000e+00 2.76412688e-01 2.83083053e-01 0.00000000e+00
  0.00000000e+00 0.00000000e+00 0.00000000e+00 4.35136323e-02
  0.00000000e+00 4.16070211e-01 0.00000000e+00 0.00000000e+00
  0.00000000e+00 6.91003330e-02 4.93212995e-02]
 [2.32795026e-01 1.52629028e-01 1.10726034e-01 1.49696965e-01
  0.00000000e+00 3.30797181e-01 0.00000000e+00 9.98784562e-02
  5.30235539e-02 1.88377122e-01 0.00000000e+00 0.00000000e+00
  2.06291140e-01 1.52678829e-01 1.75637239e-01]
 [0.00000000e+00 1.58447686e-01 2.89764771e-01 0.00000000e+00
  0.00000000e+00 0.00000000e+00 0.00000000e+00 0.00000000e+00
  8.31727397e-02 1.29272624e-01 0.00000000e+00 0.00000000e+00
  0.00000000e+00 7.00149422e-02 0.00000000e+00]
 [1.03462888e+00 8.93513992e-01 7.14658418e-01 6.16721702e-01
  4.93257438e-01 2.77456938e-01 5.74743443e-01 4.12102124e-01
  3.92288528e-01 1.16692786e-01 3.95404786e-01 3.77909725e-01
  3.80353488e-01 4.56083716e-01 4.28000072e-01]]

6
----------------------------------------------------------------------------------
[[0.00000000e+00 0.00000000e+00 0.00000000e+00 0.00000000e+00
  0.00000000e+00 3.91181699e-02 0.00000000e+00 2.06038013e-02
  0.00000000e+00 8.79739382e-02 0.00000000e+00 8.34501911e-03
  1.26249910e-01 1.78874193e-01 0.00000000e+00]
 [0.00000000e+00 1.88253888e-01 0.00000000e+00 5.14941925e-02
  0.00000000e+00 2.41684472e-02 0.00000000e+00 0.00000000e+00
  0.00000000e+00 5.81629242e-02 5.90201237e-02 1.09505289e-02
  5.79367930e-02 1.29384271e-01 1.01163666e-01]
 [0.00000000e+00 1.70141555e-02 6.16135180e-02 0.00000000e+00
  4.80036725e-03 1.46498485e-01 0.00000000e+00 3.09862273e-01
  1.93709457e-03 4.03485879e-01 1.29668406e-01 1.24519602e-01
  3.11711859e-01 2.28267805e-01 3.20581342e-01]
 [0.00000000e+00 0.00000000e+00 0.00000000e+00 0.00000000e+00
  0.00000000e+00 1.11286628e-01 0.00000000e+00 4.43782735e-02
  1.17505611e-02 4.23653715e-02 1.99256048e-01 1.02390864e-01
  1.31640173e-01 2.53279742e-01 5.74344858e-02]
 [0.00000000e+00 0.00000000e+00 1.80002689e-02 0.00000000e+00
  0.00000000e+00 7.52230237e-02 0.00000000e+00 5.93440609e-02
  0.00000000e+00 2.59932403e-03 4.83040107e-02 5.53307892e-03
  2.67152799e-01 1.09406281e-01 9.62822878e-03]
 [0.00000000e+00 5.45560671e-02 5.12304709e-01 1.59929648e-01
  2.93337880e-01 1.43306934e-01 8.53224204e-02 4.39876912e-01
  0.00000000e+00 4.17767272e-01 2.04850961e-01 2.33501432e-01
  5.08372239e-01 3.14166160e-01 2.67340696e-01]
 [0.00000000e+00 0.00000000e+00 0.00000000e+00 0.00000000e+00
  0.00000000e+00 8.05766087e-02 0.00000000e+00 8.59669454e-02
  0.00000000e+00 0.00000000e+00 5.56528556e-03 0.00000000e+00
  7.00747333e-02 2.48831265e-01 5.61093057e-02]
 [0.00000000e+00 0.00000000e+00 0.00000000e+00 0.00000000e+00
  0.00000000e+00 1.89314134e-02 0.00000000e+00 0.00000000e+00
  0.00000000e+00 2.44431199e-02 2.36878831e+00 4.05886400e+00
  7.70484567e-01 1.61134665e-01 7.76918391e-01]
 [0.00000000e+00 0.00000000e+00 0.00000000e+00 0.00000000e+00
  0.00000000e+00 5.99265704e-02 0.00000000e+00 6.36820512e-02
  0.00000000e+00 2.02557775e-01 2.94786578e+00 5.47982588e+00
  9.77762386e-01 0.00000000e+00 6.48402442e-01]
 [0.00000000e+00 0.00000000e+00 0.00000000e+00 3.01288817e-01
  2.94420641e-01 4.93291964e-02 1.30771223e-01 5.79733305e-01
  2.72319544e-01 6.19892117e-01 6.76159637e-01 1.44753639e+00
  8.88144189e-01 6.71944852e-01 8.72925583e-01]
 [0.00000000e+00 0.00000000e+00 0.00000000e+00 0.00000000e+00
  0.00000000e+00 8.51538578e-02 0.00000000e+00 8.87431481e-02
  0.00000000e+00 1.39434789e-01 1.25280849e+00 3.49510834e+00
  1.57138417e+00 2.15433951e-01 4.51181052e-01]
 [0.00000000e+00 0.00000000e+00 0.00000000e+00 0.00000000e+00
  0.00000000e+00 1.90307556e-03 0.00000000e+00 8.45043004e-02
  0.00000000e+00 4.91350298e-02 1.20545916e+00 3.51910219e+00
  8.73612958e-01 7.21542925e-02 5.87867248e-01]
 [0.00000000e+00 1.23834291e-01 0.00000000e+00 0.00000000e+00
  0.00000000e+00 3.63486885e-02 0.00000000e+00 7.53826594e-02
  0.00000000e+00 4.90584843e-02 4.71969192e-01 3.57075521e+00
  1.56314458e+00 2.84593959e-01 6.13308600e-01]
 [0.00000000e+00 0.00000000e+00 0.00000000e+00 0.00000000e+00
  0.00000000e+00 1.22029004e-01 5.00248851e-02 3.16892619e-01
  1.34275864e-01 1.64159474e-01 0.00000000e+00 0.00000000e+00
  0.00000000e+00 0.00000000e+00 7.76668195e-02]
 [1.61458764e-01 3.82664214e-01 0.00000000e+00 0.00000000e+00
  0.00000000e+00 8.42724204e-02 4.64023183e-01 9.59994577e-01
  9.62505288e-01 8.69256404e-01 1.44113612e-01 0.00000000e+00
  4.53105268e-02 0.00000000e+00 3.16780758e-01]
 [0.00000000e+00 1.78942352e-01 9.42206649e-02 1.69668215e-01
  0.00000000e+00 1.60974285e-01 0.00000000e+00 3.04832865e-01
  4.89198767e-01 3.67320531e-01 8.29516827e-02 7.02982333e-02
  9.81980776e-02 0.00000000e+00 3.22728371e-01]
 [0.00000000e+00 9.03116449e-03 3.24889476e-02 0.00000000e+00
  0.00000000e+00 6.39612109e-02 1.25175673e-02 2.29951943e-01
  5.75985266e-01 3.59772153e-01 1.39122280e-01 0.00000000e+00
  2.01492704e-02 0.00000000e+00 1.41341577e-02]
 [4.52103332e-01 6.11235678e-01 7.52080622e-01 7.54049451e-01
  7.09591831e-01 4.98298189e-01 8.22669650e-01 5.88285568e-01
  4.37691287e-01 3.28698479e-01 3.07539179e-01 2.86309567e-01
  2.33092658e-01 3.84407035e-01 1.85044809e-01]]

7
----------------------------------------------------------------------------------
[[0.03572556 0.         0.         0.         0.         0.
  0.28954462 0.00400444 0.11042052 0.04939873 0.01550565 0.20700023
  0.         0.16269367 0.28610938]
 [0.02762497 0.         0.03899593 0.         0.         0.
  0.27516413 0.         0.         0.         0.         0.17968748
  0.         0.29726602 0.25641096]
 [0.         0.2696769  0.         0.05709732 0.06790386 0.10774233
  0.16131025 0.11569186 0.00532174 0.06729117 0.         0.18609007
  0.         0.31479439 0.14598507]
 [0.14377278 0.         0.         0.         0.         0.
  0.34383214 0.0092073  0.07194012 0.00660963 0.12795515 0.10632626
  0.         0.00721569 0.2659902 ]
 [0.19077915 0.         0.         0.         0.         0.
  0.19607572 0.00662855 0.04069209 0.         0.00114182 0.08943328
  0.         0.         0.26659916]
 [0.         0.09326289 0.15412575 0.30030427 0.         0.10485545
  0.06928167 0.53059275 0.         0.29669568 0.18597075 0.16517663
  0.         0.         0.21640882]
 [0.02874708 0.         0.         0.         0.         0.
  0.10916452 0.05868568 0.         0.         0.         0.11858119
  0.         0.08649913 0.31187463]
 [0.28246135 0.27808308 0.18971958 0.08132094 0.         0.
  0.35652059 0.04135624 0.07197701 0.         0.0512174  0.04460775
  0.         0.         0.28217576]
 [0.84530619 0.93499006 0.54415985 0.32650969 0.16036301 0.
  0.2764605  0.09091245 0.05993527 0.         0.         0.00285629
  0.         0.         0.1861491 ]
 [0.34236998 0.3960415  0.2205262  0.28736223 0.         0.
  0.14719899 0.         0.16830341 0.13270233 0.40205427 0.
  0.16623331 0.7224802  0.        ]
 [1.04417113 0.62074594 0.37512622 0.         0.         0.
  0.12076476 0.         0.         0.         0.         0.
  0.         0.09872272 0.22272432]
 [0.7047438  0.49400579 0.26530035 0.15948783 0.         0.
  0.21203846 0.         0.01605804 0.         0.         0.
  0.         0.         0.24558093]
 [0.74575844 0.36337946 0.30509386 0.31171042 0.         0.
  0.24664858 0.         0.         0.         0.         0.14859062
  0.         0.06146461 0.12795604]
 [0.         0.         0.         0.         0.         0.
  0.2055338  0.         0.         0.         0.         0.02216781
  0.         0.08840892 0.22750228]
 [0.         0.         0.         0.         0.         0.
  0.47119089 0.01032685 0.         0.         0.         0.04889047
  0.         0.11111438 0.27421207]
 [0.         0.03772584 0.06525263 0.         0.         0.
  0.21838716 0.03637047 0.09916343 0.         0.         0.
  0.         0.         0.28000459]
 [0.         0.         0.         0.         0.         0.
  0.35928619 0.00922798 0.24237466 0.         0.03978695 0.15293928
  0.08814954 0.13597408 0.23626419]
 [0.35449919 0.31042605 0.32747511 0.35929945 0.52431863 0.70989386
  0.29519107 0.64225658 0.55963424 0.45177635 0.53878592 0.30991335
  0.98150792 0.91685462 0.54780802]]

8
----------------------------------------------------------------------------------
[[2.95131773e-01 1.06918840e-01 3.51440106e-02 1.75814610e-02
  0.00000000e+00 0.00000000e+00 0.00000000e+00 0.00000000e+00
  0.00000000e+00 0.00000000e+00 3.65160268e-02 0.00000000e+00
  1.18975538e-01 1.90408512e-01 1.73542189e-01]
 [3.08428045e-01 1.32375211e-01 1.72744203e-01 3.03607391e-03
  0.00000000e+00 0.00000000e+00 0.00000000e+00 0.00000000e+00
  0.00000000e+00 0.00000000e+00 0.00000000e+00 6.38682598e-02
  1.70106052e-02 1.97902079e-01 2.78111286e-02]
 [3.21852627e-01 0.00000000e+00 2.07121846e-01 3.89029947e-02
  0.00000000e+00 0.00000000e+00 0.00000000e+00 0.00000000e+00
  0.00000000e+00 1.13835592e-03 0.00000000e+00 1.24180488e-01
  0.00000000e+00 1.12898793e-01 7.65273345e-02]
 [2.36481252e-01 5.59132977e-02 6.54733348e-03 0.00000000e+00
  0.00000000e+00 0.00000000e+00 0.00000000e+00 0.00000000e+00
  0.00000000e+00 0.00000000e+00 2.60349509e-02 0.00000000e+00
  5.53072018e-02 5.09009386e-02 1.45499851e-01]
 [2.67522500e-01 0.00000000e+00 3.82570191e-02 0.00000000e+00
  0.00000000e+00 5.11308339e-03 0.00000000e+00 0.00000000e+00
  0.00000000e+00 0.00000000e+00 0.00000000e+00 0.00000000e+00
  3.05398268e-02 6.29109036e-02 8.56799410e-02]
 [2.74109488e-01 4.14055940e-01 1.44162991e-01 1.21591591e-01
  8.73569213e-02 0.00000000e+00 7.93436150e-02 9.95339236e-02
  0.00000000e+00 0.00000000e+00 9.38302787e-02 4.12388219e-01
  0.00000000e+00 2.43360347e-01 2.68219962e-02]
 [3.27135123e-01 9.11099848e-02 4.74716812e-02 9.50896997e-02
  0.00000000e+00 0.00000000e+00 0.00000000e+00 0.00000000e+00
  0.00000000e+00 0.00000000e+00 0.00000000e+00 3.02812520e-02
  2.22450286e-02 0.00000000e+00 1.13209577e-01]
 [2.43519531e-01 2.39492896e-02 0.00000000e+00 0.00000000e+00
  0.00000000e+00 0.00000000e+00 0.00000000e+00 0.00000000e+00
  0.00000000e+00 0.00000000e+00 8.43053918e-02 0.00000000e+00
  0.00000000e+00 3.28612744e-02 1.14485907e-02]
 [2.51415271e-01 1.32666736e-02 0.00000000e+00 0.00000000e+00
  0.00000000e+00 0.00000000e+00 0.00000000e+00 0.00000000e+00
  0.00000000e+00 0.00000000e+00 0.00000000e+00 0.00000000e+00
  0.00000000e+00 0.00000000e+00 4.56039198e-02]
 [4.71412028e-01 3.93534995e-01 7.58198600e-02 1.58791669e-01
  0.00000000e+00 0.00000000e+00 0.00000000e+00 0.00000000e+00
  2.71224094e-01 0.00000000e+00 1.83219064e-01 1.00050297e-01
  1.45294291e-01 3.06980782e-01 3.50207265e-01]
 [2.09109463e-01 9.73450014e-02 5.25998466e-02 0.00000000e+00
  0.00000000e+00 0.00000000e+00 0.00000000e+00 0.00000000e+00
  0.00000000e+00 0.00000000e+00 2.80011717e-02 0.00000000e+00
  0.00000000e+00 2.38804229e-02 0.00000000e+00]
 [1.43374941e-01 7.36199742e-02 0.00000000e+00 0.00000000e+00
  0.00000000e+00 0.00000000e+00 0.00000000e+00 0.00000000e+00
  0.00000000e+00 1.69578536e-02 0.00000000e+00 0.00000000e+00
  1.98819348e-02 0.00000000e+00 0.00000000e+00]
 [3.38213256e-01 4.57908242e-01 0.00000000e+00 1.11927136e-01
  0.00000000e+00 1.42652491e-01 0.00000000e+00 0.00000000e+00
  0.00000000e+00 0.00000000e+00 3.72976047e-04 0.00000000e+00
  0.00000000e+00 3.20203942e-01 0.00000000e+00]
 [3.60128797e-01 2.88162904e-01 1.22638977e-01 5.47181007e-02
  0.00000000e+00 0.00000000e+00 0.00000000e+00 4.66372410e-02
  0.00000000e+00 0.00000000e+00 1.81283124e-01 0.00000000e+00
  0.00000000e+00 0.00000000e+00 0.00000000e+00]
 [5.74055197e-01 5.88852365e-01 3.71757478e-01 1.66377674e-01
  0.00000000e+00 0.00000000e+00 0.00000000e+00 2.08092426e-01
  0.00000000e+00 3.12957859e-02 3.01580450e-01 4.19966729e-02
  0.00000000e+00 0.00000000e+00 0.00000000e+00]
 [8.10528837e-01 5.04702373e-01 2.60107247e-01 3.22004704e-01
  1.06940120e-01 0.00000000e+00 2.98862057e-02 2.31535846e-01
  6.91175308e-02 0.00000000e+00 5.24595983e-02 0.00000000e+00
  2.63517413e-02 0.00000000e+00 0.00000000e+00]
 [3.06360673e-01 5.83037698e-01 1.16646040e-01 0.00000000e+00
  0.00000000e+00 0.00000000e+00 0.00000000e+00 1.88359774e-02
  0.00000000e+00 9.61743949e-02 1.13530276e-01 0.00000000e+00
  0.00000000e+00 0.00000000e+00 0.00000000e+00]
 [3.63761580e-01 4.63580868e-01 7.55457165e-01 4.50824530e-01
  5.87796703e-01 1.05074869e+00 6.01506974e-01 4.47337857e-01
  1.09902821e+00 6.76761897e-01 6.91626798e-01 6.03153845e-01
  6.87245256e-01 7.19210097e-01 6.89842663e-01]]

9
----------------------------------------------------------------------------------
[[2.52397707e-02 0.00000000e+00 7.21480200e-02 1.71258866e-01
  1.18586742e-01 5.43868859e-02 0.00000000e+00 0.00000000e+00
  0.00000000e+00 0.00000000e+00 0.00000000e+00 0.00000000e+00
  0.00000000e+00 4.95812935e-02 0.00000000e+00]
 [0.00000000e+00 9.37895209e-02 0.00000000e+00 3.42666272e-01
  1.05557560e-01 1.17675646e-01 0.00000000e+00 0.00000000e+00
  0.00000000e+00 0.00000000e+00 0.00000000e+00 0.00000000e+00
  5.88506718e-02 0.00000000e+00 1.38327442e-01]
 [8.78135040e-02 7.45404954e-02 9.31076188e-03 4.20104476e-01
  1.08323531e-01 7.90954988e-02 0.00000000e+00 0.00000000e+00
  0.00000000e+00 0.00000000e+00 0.00000000e+00 0.00000000e+00
  0.00000000e+00 0.00000000e+00 0.00000000e+00]
 [0.00000000e+00 0.00000000e+00 1.22587349e-02 1.64675617e-01
  5.53283190e-02 8.11105998e-02 0.00000000e+00 0.00000000e+00
  0.00000000e+00 0.00000000e+00 0.00000000e+00 0.00000000e+00
  0.00000000e+00 0.00000000e+00 3.95377631e-02]
 [0.00000000e+00 0.00000000e+00 0.00000000e+00 2.16883221e-01
  8.84266052e-02 3.31746592e-02 0.00000000e+00 0.00000000e+00
  3.30444140e-03 0.00000000e+00 0.00000000e+00 0.00000000e+00
  0.00000000e+00 0.00000000e+00 0.00000000e+00]
 [4.56036875e-02 2.96559218e-01 3.02496824e-01 2.94817442e-01
  5.53133264e-01 6.85268518e-01 4.34216670e-01 1.86465059e-01
  0.00000000e+00 0.00000000e+00 6.97868374e-02 0.00000000e+00
  1.82006018e-01 2.87742354e-01 2.98786664e-02]
 [0.00000000e+00 0.00000000e+00 6.58324024e-03 2.84405677e-01
  7.66723851e-02 2.66811883e-02 0.00000000e+00 0.00000000e+00
  0.00000000e+00 0.00000000e+00 0.00000000e+00 0.00000000e+00
  0.00000000e+00 0.00000000e+00 0.00000000e+00]
 [0.00000000e+00 0.00000000e+00 0.00000000e+00 2.01070501e-01
  4.22849973e-02 5.66306638e-02 0.00000000e+00 0.00000000e+00
  0.00000000e+00 0.00000000e+00 0.00000000e+00 0.00000000e+00
  0.00000000e+00 0.00000000e+00 0.00000000e+00]
 [0.00000000e+00 0.00000000e+00 0.00000000e+00 1.67913594e-01
  1.22673037e-02 5.89523050e-02 0.00000000e+00 0.00000000e+00
  0.00000000e+00 0.00000000e+00 0.00000000e+00 0.00000000e+00
  0.00000000e+00 0.00000000e+00 0.00000000e+00]
 [2.05586913e-01 1.13796210e-01 6.66774117e-02 5.09573805e-01
  4.31045310e-01 1.58428563e-01 6.22884566e-03 0.00000000e+00
  0.00000000e+00 0.00000000e+00 0.00000000e+00 3.72727204e-02
  9.51924755e-02 2.15089040e-01 5.55015551e-02]
 [0.00000000e+00 1.34315936e-01 9.30244663e-02 2.73015480e-01
  8.58171776e-02 1.13720529e-02 0.00000000e+00 0.00000000e+00
  0.00000000e+00 0.00000000e+00 0.00000000e+00 0.00000000e+00
  0.00000000e+00 0.00000000e+00 0.00000000e+00]
 [0.00000000e+00 0.00000000e+00 0.00000000e+00 1.56099126e-01
  1.03114530e-01 7.67965935e-02 0.00000000e+00 0.00000000e+00
  0.00000000e+00 0.00000000e+00 0.00000000e+00 0.00000000e+00
  2.86334872e-02 8.94651439e-02 0.00000000e+00]
 [0.00000000e+00 8.28831851e-02 6.43152393e-02 2.73572092e-01
  1.57091509e-01 1.42637591e-01 0.00000000e+00 0.00000000e+00
  0.00000000e+00 0.00000000e+00 0.00000000e+00 0.00000000e+00
  0.00000000e+00 0.00000000e+00 0.00000000e+00]
 [0.00000000e+00 9.17869523e-02 0.00000000e+00 0.00000000e+00
  0.00000000e+00 1.51067486e-01 0.00000000e+00 0.00000000e+00
  5.10470215e-04 5.12303613e-02 3.36161079e-02 1.70409648e-02
  0.00000000e+00 2.06027766e-01 2.93516569e-01]
 [2.11364799e-01 8.28564311e-02 0.00000000e+00 5.29782589e-02
  6.58107803e-02 1.41887470e-01 0.00000000e+00 0.00000000e+00
  4.65720396e-02 2.04763275e-01 1.72842946e-01 0.00000000e+00
  0.00000000e+00 0.00000000e+00 0.00000000e+00]
 [1.45210362e-01 2.76918529e-01 1.53115017e-01 4.80627940e-01
  2.54748564e-01 2.47465536e-01 2.88515559e-01 2.94094869e-01
  3.32771335e-01 0.00000000e+00 2.32135058e-01 0.00000000e+00
  0.00000000e+00 7.23800262e-02 2.46849760e-01]
 [3.41152871e-02 1.62921413e-01 0.00000000e+00 0.00000000e+00
  0.00000000e+00 2.07922037e-01 0.00000000e+00 0.00000000e+00
  1.50689689e-01 1.97514752e-01 1.78721430e-01 1.08197478e-01
  0.00000000e+00 7.46251476e-02 9.95338991e-02]
 [4.37678973e-01 2.32528873e-01 3.46962122e-01 3.31520777e-01
  1.97939309e-01 2.27771111e-01 5.51908126e-01 8.16852340e-01
  1.01934626e+00 1.00438146e+00 7.18115914e-01 6.24324419e-01
  4.73967122e-01 3.38624985e-01 6.43998404e-01]]

10
----------------------------------------------------------------------------------
[[0.00000000e+00 7.34772555e-02 0.00000000e+00 3.15680058e-02
  0.00000000e+00 4.08620073e-02 5.36969287e-01 6.41113969e-01
  3.50124317e-01 1.14828941e-01 1.77196009e-02 1.73359266e-02
  0.00000000e+00 1.20493758e-01 0.00000000e+00]
 [0.00000000e+00 0.00000000e+00 0.00000000e+00 0.00000000e+00
  0.00000000e+00 0.00000000e+00 2.15244627e-01 5.98714155e-02
  1.45006823e-01 0.00000000e+00 0.00000000e+00 3.67462733e-02
  0.00000000e+00 2.02352789e-01 0.00000000e+00]
 [0.00000000e+00 0.00000000e+00 0.00000000e+00 0.00000000e+00
  0.00000000e+00 0.00000000e+00 3.34066401e-01 2.31897781e-01
  2.10968580e-01 7.67229883e-02 4.54847776e-02 1.94411159e-01
  6.27149675e-02 2.01374845e-01 0.00000000e+00]
 [0.00000000e+00 9.11868444e-02 8.11450242e-02 6.31136317e-02
  1.58884460e-01 8.53600451e-02 7.17786313e-01 5.73880487e-01
  3.44868444e-01 1.79173037e-01 4.35759866e-02 3.02520991e-02
  3.33116082e-02 1.10324151e-01 0.00000000e+00]
 [0.00000000e+00 8.26166764e-02 0.00000000e+00 0.00000000e+00
  2.78958458e-02 0.00000000e+00 4.17782308e-01 5.05507855e-01
  1.95881379e-01 1.81784732e-01 3.68545288e-02 9.26514846e-02
  7.03610787e-02 7.26243467e-02 0.00000000e+00]
 [0.00000000e+00 0.00000000e+00 0.00000000e+00 0.00000000e+00
  0.00000000e+00 0.00000000e+00 1.92722680e-01 0.00000000e+00
  3.64075066e-01 6.10564108e-01 5.93331293e-02 3.09926010e-01
  1.23974752e-01 2.94525650e-01 1.29203154e-01]
 [0.00000000e+00 0.00000000e+00 0.00000000e+00 0.00000000e+00
  0.00000000e+00 0.00000000e+00 2.07261121e-01 4.91956556e-01
  2.46303256e-01 8.79976231e-03 0.00000000e+00 1.03562981e-01
  1.18151393e-01 6.29993116e-02 0.00000000e+00]
 [0.00000000e+00 2.41101508e-02 0.00000000e+00 0.00000000e+00
  0.00000000e+00 0.00000000e+00 1.79850023e-01 2.30888756e+00
  2.70348856e+00 4.87587012e-01 7.43532746e-01 1.08378214e+00
  7.38948544e-01 5.05102385e-01 5.88836733e-02]
 [0.00000000e+00 0.00000000e+00 0.00000000e+00 0.00000000e+00
  0.00000000e+00 0.00000000e+00 3.11749464e-01 2.60968888e+00
  3.78379824e+00 0.00000000e+00 9.75019243e-01 1.73429073e+00
  1.20588960e+00 7.63120807e-01 2.13677487e-01]
 [0.00000000e+00 0.00000000e+00 0.00000000e+00 0.00000000e+00
  0.00000000e+00 0.00000000e+00 0.00000000e+00 4.79670879e-01
  6.04844852e-01 3.88750518e-02 6.93575706e-02 9.06600166e-01
  7.72478492e-01 4.05427395e-01 1.98525932e-01]
 [0.00000000e+00 0.00000000e+00 0.00000000e+00 0.00000000e+00
  0.00000000e+00 0.00000000e+00 0.00000000e+00 7.62472665e-01
  3.02018584e+00 0.00000000e+00 6.75126000e-01 8.53292597e-01
  6.47282835e-01 5.22312471e-01 0.00000000e+00]
 [0.00000000e+00 0.00000000e+00 0.00000000e+00 0.00000000e+00
  0.00000000e+00 0.00000000e+00 7.58189704e-02 6.95001250e-01
  2.51967160e+00 0.00000000e+00 4.66220816e-01 1.03925868e+00
  5.94295999e-01 2.67488747e-01 0.00000000e+00]
 [0.00000000e+00 0.00000000e+00 0.00000000e+00 0.00000000e+00
  0.00000000e+00 0.00000000e+00 0.00000000e+00 0.00000000e+00
  3.04218991e+00 0.00000000e+00 4.53406681e-01 7.58939719e-01
  5.34915105e-01 2.97507656e-01 0.00000000e+00]
 [0.00000000e+00 5.38443291e-01 7.04531009e-01 8.62584044e-01
  0.00000000e+00 0.00000000e+00 0.00000000e+00 0.00000000e+00
  0.00000000e+00 0.00000000e+00 5.53760003e-02 9.56707534e-03
  3.96140545e-02 0.00000000e+00 1.36313555e-02]
 [0.00000000e+00 2.83600959e-01 9.79280631e-01 9.86232395e-01
  4.10423681e-02 0.00000000e+00 0.00000000e+00 0.00000000e+00
  0.00000000e+00 1.27190697e-01 3.40447509e-01 1.84523776e-01
  4.99701911e-01 1.50418969e-01 0.00000000e+00]
 [0.00000000e+00 0.00000000e+00 6.71544254e-02 0.00000000e+00
  0.00000000e+00 0.00000000e+00 0.00000000e+00 0.00000000e+00
  0.00000000e+00 1.11073528e-01 3.61333021e-01 1.26157215e-01
  4.99634338e-01 2.79555930e-01 3.93574738e-01]
 [0.00000000e+00 3.55954571e-01 2.32141851e-01 0.00000000e+00
  0.00000000e+00 0.00000000e+00 0.00000000e+00 0.00000000e+00
  0.00000000e+00 0.00000000e+00 2.15206440e-01 2.48464198e-01
  0.00000000e+00 2.05519608e-03 0.00000000e+00]
 [1.39792399e+00 1.95979314e+00 2.66931678e+00 3.49907693e+00
  3.65457455e+00 3.33584096e+00 2.16501377e+00 1.33374734e+00
  1.44753895e+00 1.02035592e+00 6.98787179e-01 1.90727640e-01
  3.04160958e-01 3.23764430e-01 4.60544154e-01]]

11
----------------------------------------------------------------------------------
[[1.10319143e-01 1.60329242e-01 5.08827588e-02 2.77475910e-01
  5.29959233e-02 2.88037723e-02 0.00000000e+00 6.63506164e-03
  0.00000000e+00 0.00000000e+00 0.00000000e+00 5.88408856e-02
  0.00000000e+00 0.00000000e+00 0.00000000e+00]
 [2.07338168e-01 9.58662484e-03 0.00000000e+00 1.35644163e-01
  1.83929604e-02 0.00000000e+00 0.00000000e+00 0.00000000e+00
  0.00000000e+00 0.00000000e+00 0.00000000e+00 1.91294575e-01
  0.00000000e+00 0.00000000e+00 0.00000000e+00]
 [2.50824042e-01 1.29680592e-01 3.51399191e-02 1.91167880e-01
  1.00910096e-02 0.00000000e+00 0.00000000e+00 0.00000000e+00
  0.00000000e+00 0.00000000e+00 0.00000000e+00 9.36682225e-03
  2.78876363e-02 0.00000000e+00 0.00000000e+00]
 [8.24725417e-02 4.83607770e-02 3.60549905e-02 2.17255503e-01
  6.20916709e-02 0.00000000e+00 0.00000000e+00 2.12337218e-02
  0.00000000e+00 0.00000000e+00 0.00000000e+00 7.62541260e-02
  0.00000000e+00 0.00000000e+00 0.00000000e+00]
 [7.53082050e-02 2.03467716e-02 0.00000000e+00 1.17043503e-01
  7.61744077e-04 0.00000000e+00 0.00000000e+00 1.99799819e-02
  0.00000000e+00 0.00000000e+00 0.00000000e+00 1.28525347e-01
  0.00000000e+00 0.00000000e+00 0.00000000e+00]
 [1.93301235e-01 1.75447804e-01 1.69527867e-01 1.97128490e-01
  0.00000000e+00 0.00000000e+00 0.00000000e+00 0.00000000e+00
  0.00000000e+00 0.00000000e+00 1.35323321e-01 1.35730136e-01
  0.00000000e+00 0.00000000e+00 0.00000000e+00]
 [1.08853356e-01 0.00000000e+00 0.00000000e+00 1.59096696e-01
  0.00000000e+00 0.00000000e+00 0.00000000e+00 0.00000000e+00
  0.00000000e+00 0.00000000e+00 2.32777472e-02 0.00000000e+00
  0.00000000e+00 0.00000000e+00 0.00000000e+00]
 [6.79433892e-02 4.53481932e-02 0.00000000e+00 1.28281158e-01
  0.00000000e+00 0.00000000e+00 0.00000000e+00 0.00000000e+00
  0.00000000e+00 0.00000000e+00 0.00000000e+00 0.00000000e+00
  0.00000000e+00 0.00000000e+00 0.00000000e+00]
 [4.95638458e-02 7.04834094e-02 0.00000000e+00 7.58408045e-02
  0.00000000e+00 0.00000000e+00 0.00000000e+00 0.00000000e+00
  0.00000000e+00 0.00000000e+00 0.00000000e+00 0.00000000e+00
  0.00000000e+00 0.00000000e+00 0.00000000e+00]
 [2.14318486e-01 3.65681671e-01 0.00000000e+00 3.73680325e-01
  4.12749294e-02 0.00000000e+00 0.00000000e+00 0.00000000e+00
  0.00000000e+00 0.00000000e+00 0.00000000e+00 2.58103637e-01
  3.89906666e-01 0.00000000e+00 0.00000000e+00]
 [2.32712824e-02 3.20555583e-02 0.00000000e+00 0.00000000e+00
  0.00000000e+00 0.00000000e+00 0.00000000e+00 0.00000000e+00
  0.00000000e+00 0.00000000e+00 0.00000000e+00 0.00000000e+00
  0.00000000e+00 0.00000000e+00 0.00000000e+00]
 [1.89882055e-01 5.87322392e-02 0.00000000e+00 1.51200866e-01
  0.00000000e+00 0.00000000e+00 0.00000000e+00 0.00000000e+00
  0.00000000e+00 0.00000000e+00 0.00000000e+00 0.00000000e+00
  0.00000000e+00 0.00000000e+00 0.00000000e+00]
 [1.25583679e-01 0.00000000e+00 0.00000000e+00 7.52734113e-02
  0.00000000e+00 0.00000000e+00 0.00000000e+00 0.00000000e+00
  0.00000000e+00 0.00000000e+00 0.00000000e+00 0.00000000e+00
  0.00000000e+00 4.92904472e-02 0.00000000e+00]
 [1.40882657e-01 0.00000000e+00 0.00000000e+00 1.14752400e-01
  1.78831485e-01 0.00000000e+00 0.00000000e+00 0.00000000e+00
  0.00000000e+00 0.00000000e+00 0.00000000e+00 0.00000000e+00
  1.11523316e-01 0.00000000e+00 0.00000000e+00]
 [1.90408709e-01 0.00000000e+00 0.00000000e+00 8.74379212e-01
  2.33550859e+00 6.77866090e-01 0.00000000e+00 0.00000000e+00
  0.00000000e+00 0.00000000e+00 0.00000000e+00 3.42581467e-02
  4.61552328e-01 0.00000000e+00 0.00000000e+00]
 [2.34341721e-01 1.24468933e-01 0.00000000e+00 4.06404218e-01
  1.16475623e+00 0.00000000e+00 0.00000000e+00 0.00000000e+00
  0.00000000e+00 0.00000000e+00 0.00000000e+00 3.73461414e-02
  5.20623387e-01 0.00000000e+00 0.00000000e+00]
 [1.34624752e-01 1.13897345e-03 0.00000000e+00 7.08874919e-01
  4.15649052e-01 2.41385615e-02 0.00000000e+00 0.00000000e+00
  0.00000000e+00 0.00000000e+00 0.00000000e+00 5.43786805e-02
  1.84702868e-01 0.00000000e+00 0.00000000e+00]
 [9.33958299e-02 2.88199649e-01 4.48819623e-01 2.47414798e-01
  5.37912962e-01 8.65586787e-01 1.17709820e+00 1.06885494e+00
  1.10575367e+00 9.09369195e-01 7.27041094e-01 4.28380201e-01
  3.76522695e-01 8.80567721e-01 1.08108348e+00]]

12
----------------------------------------------------------------------------------
[[1.58749731e-01 3.21728797e-01 2.47168120e-01 1.77746918e-01
  2.23927934e-01 2.14391814e-02 0.00000000e+00 0.00000000e+00
  0.00000000e+00 0.00000000e+00 0.00000000e+00 0.00000000e+00
  0.00000000e+00 0.00000000e+00 1.14064554e-02]
 [2.07232501e-02 2.25259912e-01 5.38929866e-02 5.35378245e-02
  1.18705889e-01 0.00000000e+00 0.00000000e+00 3.79611543e-02
  0.00000000e+00 0.00000000e+00 0.00000000e+00 1.11044741e-02
  1.29852162e-01 6.76181079e-02 2.95366047e-01]
 [1.67265336e-01 5.08368256e-01 1.49699975e-01 5.00872499e-01
  2.76204907e-01 0.00000000e+00 0.00000000e+00 3.40323034e-02
  0.00000000e+00 0.00000000e+00 0.00000000e+00 3.62801975e-02
  2.26717332e-01 2.83306026e-01 2.05171424e-01]
 [2.88239530e-01 1.86727388e-01 7.27130266e-02 1.73462630e-01
  1.57050563e-01 0.00000000e+00 0.00000000e+00 0.00000000e+00
  0.00000000e+00 0.00000000e+00 0.00000000e+00 0.00000000e+00
  0.00000000e+00 6.46022080e-02 1.37473124e-01]
 [1.36415942e-01 1.54324994e-01 1.12004598e-01 6.11713869e-02
  1.75670207e-01 0.00000000e+00 0.00000000e+00 0.00000000e+00
  0.00000000e+00 0.00000000e+00 0.00000000e+00 1.06505745e-01
  0.00000000e+00 0.00000000e+00 9.52249466e-02]
 [2.38664597e-02 1.28198850e-01 3.71236069e-01 0.00000000e+00
  2.90982998e-02 0.00000000e+00 1.02942831e-01 0.00000000e+00
  1.52375033e-02 2.29432038e-01 2.31782024e-01 1.83436018e-01
  8.09464851e-02 9.75185914e-01 1.68007064e-01]
 [1.03873499e-01 1.83019004e-01 1.82182677e-01 6.72030231e-02
  6.45627202e-02 0.00000000e+00 0.00000000e+00 0.00000000e+00
  0.00000000e+00 0.00000000e+00 0.00000000e+00 7.09531115e-02
  0.00000000e+00 9.60102900e-02 0.00000000e+00]
 [2.86106401e-01 1.84045712e-01 0.00000000e+00 0.00000000e+00
  0.00000000e+00 1.15360660e+00 2.30684396e+00 7.68902034e-02
  7.43214382e-01 4.81320403e-01 3.23480999e-01 2.88406648e-01
  9.65717307e-02 0.00000000e+00 0.00000000e+00]
 [2.35727497e-01 5.24511590e-02 0.00000000e+00 4.05825358e-02
  5.53588577e-02 1.71588466e+00 3.99801993e+00 0.00000000e+00
  1.23024043e+00 8.70078414e-01 7.75152587e-01 5.58944996e-01
  1.22770415e-01 0.00000000e+00 0.00000000e+00]
 [0.00000000e+00 1.43855565e-01 7.71542847e-02 0.00000000e+00
  1.54930282e-01 9.76010458e-01 1.54215973e+00 1.54854974e-01
  1.85676781e-01 1.09264193e-01 2.59878621e-01 2.83653649e-01
  5.17612758e-02 1.39213237e-01 4.86110580e-01]
 [0.00000000e+00 0.00000000e+00 0.00000000e+00 3.82890281e-02
  0.00000000e+00 5.79611365e-01 3.31576643e+00 0.00000000e+00
  8.28092381e-01 7.43877506e-01 4.90065130e-01 6.23896391e-01
  4.64428920e-02 0.00000000e+00 0.00000000e+00]
 [1.51257045e-01 0.00000000e+00 0.00000000e+00 0.00000000e+00
  0.00000000e+00 2.51182290e-01 2.15316315e+00 1.86959637e-01
  7.71320072e-01 3.86936369e-01 1.90748245e-01 1.69295377e-01
  0.00000000e+00 0.00000000e+00 0.00000000e+00]
 [0.00000000e+00 0.00000000e+00 0.00000000e+00 0.00000000e+00
  0.00000000e+00 6.24736955e-02 4.27360857e+00 7.93404623e-02
  7.07994235e-01 2.22188512e-01 1.67615603e-01 2.33513867e-01
  0.00000000e+00 0.00000000e+00 0.00000000e+00]
 [2.50231407e-01 2.98596161e-02 1.78703305e-03 0.00000000e+00
  0.00000000e+00 0.00000000e+00 0.00000000e+00 0.00000000e+00
  0.00000000e+00 3.14871380e-01 3.15229112e-01 4.24786212e-01
  1.21027921e-01 0.00000000e+00 0.00000000e+00]
 [5.87837975e-01 1.04806121e+00 1.20376200e+00 2.98792384e-03
  0.00000000e+00 0.00000000e+00 0.00000000e+00 0.00000000e+00
  0.00000000e+00 5.25919230e-01 6.48381703e-01 7.21718615e-01
  1.24997280e-01 0.00000000e+00 0.00000000e+00]
 [3.03656964e-01 3.20197559e-01 3.15726667e-01 0.00000000e+00
  0.00000000e+00 0.00000000e+00 0.00000000e+00 1.62152079e-01
  0.00000000e+00 2.88045129e-01 2.32079681e-01 4.14110479e-01
  2.02359780e-01 0.00000000e+00 0.00000000e+00]
 [6.75439229e-01 6.67627470e-01 1.09504452e-01 0.00000000e+00
  3.27171090e-03 0.00000000e+00 0.00000000e+00 0.00000000e+00
  0.00000000e+00 1.16514145e-01 2.88132472e-01 3.63406630e-01
  3.78309834e-02 0.00000000e+00 1.33686147e-01]
 [5.41228395e-01 6.27004743e-01 1.03845057e+00 9.78264924e-01
  1.06937957e+00 1.09511317e+00 7.88636413e-01 5.17252747e-01
  5.98310879e-01 5.61646012e-01 5.24396061e-01 3.86062398e-01
  4.47087001e-01 7.89328693e-01 6.37636968e-01]]

13
----------------------------------------------------------------------------------
[[0.         0.         0.         0.         0.         0.04829195
  0.22865795 0.32482549 0.45374838 0.55044396 0.4883976  0.26253733
  0.03884224 0.         0.        ]
 [0.         0.         0.         0.         0.         0.
  0.48907238 0.27016013 0.56241273 0.34477329 0.51994691 0.15894826
  0.28290487 0.         0.        ]
 [0.         0.         0.         0.         0.         0.09787635
  0.46782362 0.3717714  0.85131311 0.55791363 0.4997187  0.4066397
  0.12366885 0.0684208  0.20922561]
 [0.         0.         0.         0.         0.         0.
  0.01693889 0.22049298 0.25698336 0.36353606 0.33261336 0.07651504
  0.         0.         0.        ]
 [0.         0.         0.         0.         0.         0.
  0.14388437 0.17870355 0.21313599 0.26485803 0.32829324 0.08320975
  0.08637351 0.         0.        ]
 [0.         0.         0.         0.         0.01783164 0.
  0.52214105 0.22210415 0.14742699 0.80796086 0.31514248 0.67037506
  0.20683914 0.31339785 0.44371435]
 [0.         0.         0.         0.         0.         0.01592811
  0.34549323 0.18445162 0.41515501 0.33168878 0.26085055 0.20356087
  0.16683893 0.         0.01985139]
 [0.         0.         0.         0.         0.         0.
  0.1165922  0.         0.07001648 0.2060853  0.18478448 0.
  0.         0.         0.        ]
 [0.         0.         0.         0.         0.         0.
  0.01903328 0.         0.02452733 0.11876229 0.07163038 0.
  0.         0.         0.        ]
 [0.         0.         0.         0.         0.08816835 0.12553602
  0.28494679 0.12696969 0.         1.05186197 0.         0.56089363
  0.         0.80054684 0.54594156]
 [0.         0.         0.         0.         0.         0.
  0.20881857 0.30540471 0.12508424 0.12925259 0.         0.10483594
  0.17258209 0.         0.        ]
 [0.         0.         0.         0.         0.         0.
  0.10262081 0.         0.07469021 0.1118262  0.00595881 0.03640078
  0.         0.         0.        ]
 [0.08272158 0.         0.         0.         0.04833354 0.
  0.48605678 0.24339314 0.         0.2117762  0.11914971 0.08299881
  0.14611317 0.         0.05472573]
 [0.         0.         0.01416628 0.         0.02004176 0.09754504
  0.22076866 0.         0.         0.         0.         0.
  0.         0.04211487 0.02728788]
 [0.         0.         0.13009964 0.01594612 0.         0.18890138
  0.69504099 0.43832908 0.11211188 0.         0.         0.
  0.         0.         0.03840948]
 [0.         0.         0.         0.         0.         0.11893623
  0.63844239 0.29286196 0.01767725 0.         0.         0.
  0.10378821 0.35189082 0.105646  ]
 [0.         0.         0.         0.         0.02597885 0.
  0.27874772 0.         0.         0.         0.         0.
  0.         0.         0.        ]
 [1.21557644 1.67911156 1.50678029 1.49670341 0.94429018 0.59176973
  0.70845494 1.0292835  0.87327383 1.04214227 0.96131255 0.60632081
  0.62057592 0.7035648  0.43134179]]

14
----------------------------------------------------------------------------------
[[0.         0.11375271 0.46217325 0.12466504 0.07482755 0.16239017
  0.2367198  0.0948576  0.22827599 0.2217512  0.13103447 0.
  0.24835936 0.02486543 0.        ]
 [0.         0.38069108 0.20124632 0.25370791 0.         0.16082932
  0.12245891 0.12357207 0.15624286 0.04358841 0.21047574 0.04446178
  0.39983378 0.0558646  0.        ]
 [0.07135793 0.03443664 0.52353558 0.09996323 0.06797675 0.19593035
  0.09152636 0.14034896 0.21860515 0.23527998 0.31630503 0.
  0.25672431 0.10456031 0.        ]
 [0.         0.05401278 0.39804716 0.01339736 0.029768   0.067653
  0.14450737 0.12743725 0.17241069 0.06955563 0.07195427 0.
  0.25470745 0.01901111 0.        ]
 [0.         0.11613911 0.32093542 0.09367415 0.         0.15731503
  0.0896475  0.14114519 0.1750207  0.0469308  0.09403882 0.01433203
  0.2157721  0.03212571 0.        ]
 [0.17851045 0.05183139 0.44359598 0.         0.         0.19111216
  0.1706823  0.33313922 0.14294038 0.4764639  0.19669382 0.71339856
  0.29480337 0.52564864 0.        ]
 [0.         0.02426634 0.34160588 0.15303042 0.         0.18291246
  0.02215114 0.0512978  0.04593381 0.10530372 0.20225613 0.09596784
  0.16692594 0.04825154 0.        ]
 [0.         0.10524802 0.27620573 0.04270489 0.         0.05068778
  0.10956924 0.         0.02599388 0.11621882 0.         0.
  0.21559876 0.13380639 0.        ]
 [0.         0.03876283 0.21108741 0.00718948 0.         0.03450889
  0.03918438 0.         0.06952747 0.04212146 0.02915256 0.
  0.16626841 0.00175978 0.        ]
 [0.68945772 0.07925877 0.33289983 0.26426892 0.         0.38679158
  0.04742853 0.         0.32694212 0.         0.46116879 0.03384292
  0.25848073 0.26003607 0.        ]
 [0.         0.         0.13072006 0.10407337 0.         0.
  0.         0.         0.         0.09352596 0.18857644 0.02985536
  0.12490334 0.05522101 0.        ]
 [0.         0.13139786 0.18530327 0.0207253  0.         0.03010911
  0.         0.02050837 0.02995576 0.01031808 0.         0.01013745
  0.1778902  0.         0.        ]
 [0.         0.         0.20156345 0.1470106  0.         0.02517086
  0.         0.064146   0.         0.08198325 0.13502149 0.14811037
  0.07431973 0.11550895 0.        ]
 [0.         0.         0.         0.         0.         0.
  0.         0.         0.         0.         0.         0.
  0.07268721 0.21110612 0.        ]
 [0.         0.         0.         0.         0.         0.
  0.         0.         0.         0.         0.         0.
  0.19203652 0.20081749 0.        ]
 [0.         0.13479058 0.         0.         0.         0.
  0.         0.         0.         0.         0.13844512 0.
  0.81224534 1.05250494 0.        ]
 [0.         0.         0.04926885 0.         0.         0.
  0.         0.         0.         0.         0.         0.
  0.         0.20996351 0.        ]
 [1.14378256 0.79770302 0.76988859 1.12053984 1.40179394 1.00326821
  1.29224868 0.97225379 0.94148339 0.90501402 0.71209307 0.50768542
  0.18156022 0.22268202 0.49338244]]

16
----------------------------------------------------------------------------------
[[2.64872809e-01 1.86123048e-02 0.00000000e+00 1.01597716e-02
  0.00000000e+00 0.00000000e+00 2.44054060e-02 1.75495716e-02
  0.00000000e+00 0.00000000e+00 0.00000000e+00 0.00000000e+00
  0.00000000e+00 0.00000000e+00 0.00000000e+00]
 [1.81391948e-01 0.00000000e+00 0.00000000e+00 0.00000000e+00
  0.00000000e+00 0.00000000e+00 2.28544319e-01 0.00000000e+00
  9.92444376e-02 2.36753852e-02 8.36342937e-02 0.00000000e+00
  0.00000000e+00 0.00000000e+00 0.00000000e+00]
 [2.29325378e-01 0.00000000e+00 0.00000000e+00 0.00000000e+00
  0.00000000e+00 8.63117037e-03 7.46528796e-02 1.57448607e-01
  7.22238337e-02 0.00000000e+00 6.47069810e-02 0.00000000e+00
  0.00000000e+00 0.00000000e+00 2.12640993e-01]
 [2.07906579e-01 1.35540862e-02 4.60666048e-02 8.29261652e-02
  0.00000000e+00 0.00000000e+00 0.00000000e+00 0.00000000e+00
  0.00000000e+00 0.00000000e+00 0.00000000e+00 0.00000000e+00
  0.00000000e+00 0.00000000e+00 0.00000000e+00]
 [2.01887332e-01 0.00000000e+00 0.00000000e+00 1.45811333e-01
  0.00000000e+00 0.00000000e+00 3.30323693e-02 4.09054934e-03
  0.00000000e+00 6.98153841e-03 0.00000000e+00 0.00000000e+00
  0.00000000e+00 0.00000000e+00 0.00000000e+00]
 [3.39944482e-01 0.00000000e+00 3.49882732e-01 1.48425053e-01
  0.00000000e+00 2.79992216e-01 5.23010497e-01 3.71815093e-01
  4.67764960e-01 0.00000000e+00 1.39177938e-01 0.00000000e+00
  0.00000000e+00 3.65403652e-02 2.64059722e-01]
 [1.73867678e-01 0.00000000e+00 0.00000000e+00 1.26659743e-02
  0.00000000e+00 0.00000000e+00 7.33485801e-02 1.38350527e-01
  1.09285757e-01 4.18912801e-02 0.00000000e+00 0.00000000e+00
  0.00000000e+00 0.00000000e+00 0.00000000e+00]
 [1.04629513e-01 0.00000000e+00 0.00000000e+00 2.55803192e+00
  2.11273144e+00 2.41652146e-01 6.77334882e-01 2.95836852e-01
  4.66854027e-02 1.97604234e-01 0.00000000e+00 0.00000000e+00
  0.00000000e+00 0.00000000e+00 0.00000000e+00]
 [7.74296897e-02 0.00000000e+00 0.00000000e+00 2.35922189e+00
  2.91251353e+00 0.00000000e+00 7.41694052e-01 5.95345213e-01
  2.36668547e-01 3.87135615e-01 6.07528333e-02 0.00000000e+00
  0.00000000e+00 0.00000000e+00 0.00000000e+00]
 [6.86249173e-02 0.00000000e+00 0.00000000e+00 2.53746220e-03
  1.81926601e+00 1.65981366e-01 2.76090428e-01 4.92239432e-01
  3.94844108e-01 1.06292732e-03 2.62218545e-01 0.00000000e+00
  9.75459696e-03 5.20164838e-02 1.58294323e-01]
 [0.00000000e+00 0.00000000e+00 0.00000000e+00 1.29621763e+00
  2.66660649e+00 3.25570291e-01 5.48519077e-01 5.14571312e-01
  0.00000000e+00 1.84304902e-01 0.00000000e+00 0.00000000e+00
  0.00000000e+00 0.00000000e+00 0.00000000e+00]
 [0.00000000e+00 0.00000000e+00 0.00000000e+00 8.26704836e-01
  1.95490746e+00 1.51654272e-01 5.59559432e-01 2.12942266e-01
  0.00000000e+00 5.52988034e-02 0.00000000e+00 0.00000000e+00
  0.00000000e+00 0.00000000e+00 0.00000000e+00]
 [0.00000000e+00 0.00000000e+00 0.00000000e+00 6.64705009e-01
  2.44455679e+00 2.50813218e-01 6.63170492e-01 5.03385851e-01
  1.91218013e-01 1.25107353e-01 0.00000000e+00 0.00000000e+00
  0.00000000e+00 0.00000000e+00 0.00000000e+00]
 [1.46124468e-01 0.00000000e+00 0.00000000e+00 0.00000000e+00
  0.00000000e+00 0.00000000e+00 1.40556933e-01 1.87999629e-01
  0.00000000e+00 0.00000000e+00 0.00000000e+00 0.00000000e+00
  1.13423969e-02 0.00000000e+00 0.00000000e+00]
 [1.71756420e-01 0.00000000e+00 5.96582166e-02 8.20009934e-01
  5.74096270e-01 1.77521438e-01 6.56611926e-01 6.67351439e-01
  0.00000000e+00 0.00000000e+00 0.00000000e+00 5.21026477e-01
  4.54487601e-01 1.82720099e-01 0.00000000e+00]
 [2.27566875e-01 0.00000000e+00 0.00000000e+00 0.00000000e+00
  1.41054197e-01 1.37559083e-01 3.27032191e-01 4.54998588e-01
  3.38879386e-01 5.35098770e-02 0.00000000e+00 1.56534011e-01
  4.99548442e-02 0.00000000e+00 6.93803849e-02]
 [4.80760744e-02 0.00000000e+00 0.00000000e+00 0.00000000e+00
  0.00000000e+00 1.70560440e-01 2.89435576e-01 1.46443564e-01
  0.00000000e+00 0.00000000e+00 0.00000000e+00 2.61442687e-01
  3.46721176e-01 0.00000000e+00 0.00000000e+00]
 [4.08727968e-01 7.23413983e-01 8.42516183e-01 8.43884029e-01
  8.50503346e-01 4.02678515e-01 2.58821210e-01 3.95168435e-01
  6.54185045e-01 4.55120259e-01 6.27253521e-01 8.56064633e-01
  8.17293698e-01 7.03965053e-01 5.79423286e-01]]

17
----------------------------------------------------------------------------------
[[0.00000000e+00 0.00000000e+00 0.00000000e+00 1.82741942e-01
  1.26046433e-01 1.36796883e-01 2.04161658e-03 0.00000000e+00
  0.00000000e+00 0.00000000e+00 1.18984767e-01 0.00000000e+00
  2.70250086e-01 0.00000000e+00 1.19522431e-01]
 [0.00000000e+00 0.00000000e+00 0.00000000e+00 0.00000000e+00
  0.00000000e+00 0.00000000e+00 0.00000000e+00 0.00000000e+00
  0.00000000e+00 0.00000000e+00 7.17927887e-02 1.43770420e-01
  6.85959436e-02 0.00000000e+00 0.00000000e+00]
 [0.00000000e+00 0.00000000e+00 0.00000000e+00 0.00000000e+00
  0.00000000e+00 0.00000000e+00 0.00000000e+00 0.00000000e+00
  0.00000000e+00 0.00000000e+00 3.63552200e-01 0.00000000e+00
  3.65317096e-01 0.00000000e+00 1.91874835e-01]
 [0.00000000e+00 0.00000000e+00 1.06488525e-01 3.12367361e-01
  1.27989008e-01 2.61568223e-01 3.16339717e-02 0.00000000e+00
  0.00000000e+00 0.00000000e+00 5.89622740e-02 0.00000000e+00
  2.35711591e-01 0.00000000e+00 1.08191338e-01]
 [0.00000000e+00 0.00000000e+00 0.00000000e+00 2.78550060e-01
  0.00000000e+00 1.56728584e-01 0.00000000e+00 0.00000000e+00
  0.00000000e+00 0.00000000e+00 1.78388170e-01 0.00000000e+00
  1.90719217e-01 0.00000000e+00 1.53871998e-01]
 [0.00000000e+00 0.00000000e+00 0.00000000e+00 0.00000000e+00
  0.00000000e+00 3.48992034e-03 0.00000000e+00 0.00000000e+00
  1.63962871e-01 3.32179112e-02 5.24642861e-01 0.00000000e+00
  2.50834779e-01 0.00000000e+00 6.17848123e-02]
 [0.00000000e+00 0.00000000e+00 0.00000000e+00 1.20442661e-03
  0.00000000e+00 2.97465589e-02 0.00000000e+00 0.00000000e+00
  0.00000000e+00 0.00000000e+00 2.66064857e-01 0.00000000e+00
  2.08732615e-01 0.00000000e+00 2.88150959e-02]
 [0.00000000e+00 0.00000000e+00 0.00000000e+00 0.00000000e+00
  0.00000000e+00 0.00000000e+00 0.00000000e+00 0.00000000e+00
  0.00000000e+00 0.00000000e+00 0.00000000e+00 0.00000000e+00
  3.79871044e-02 0.00000000e+00 0.00000000e+00]
 [0.00000000e+00 0.00000000e+00 0.00000000e+00 7.52512077e-02
  0.00000000e+00 5.54734466e-02 0.00000000e+00 0.00000000e+00
  0.00000000e+00 0.00000000e+00 0.00000000e+00 0.00000000e+00
  5.90394456e-02 0.00000000e+00 6.35555385e-03]
 [0.00000000e+00 0.00000000e+00 0.00000000e+00 0.00000000e+00
  0.00000000e+00 2.87825793e-02 0.00000000e+00 0.00000000e+00
  0.00000000e+00 1.72423080e-02 6.94773802e-01 0.00000000e+00
  0.00000000e+00 2.66397364e-01 9.45383249e-02]
 [0.00000000e+00 0.00000000e+00 0.00000000e+00 0.00000000e+00
  0.00000000e+00 0.00000000e+00 0.00000000e+00 0.00000000e+00
  0.00000000e+00 0.00000000e+00 5.39232745e-02 0.00000000e+00
  1.23072820e-01 0.00000000e+00 0.00000000e+00]
 [0.00000000e+00 0.00000000e+00 0.00000000e+00 1.12709275e-01
  0.00000000e+00 1.20532519e-01 0.00000000e+00 0.00000000e+00
  0.00000000e+00 0.00000000e+00 0.00000000e+00 0.00000000e+00
  0.00000000e+00 0.00000000e+00 0.00000000e+00]
 [0.00000000e+00 0.00000000e+00 0.00000000e+00 0.00000000e+00
  0.00000000e+00 0.00000000e+00 0.00000000e+00 0.00000000e+00
  0.00000000e+00 0.00000000e+00 9.24788622e-02 0.00000000e+00
  5.65200178e-02 3.67193773e-02 0.00000000e+00]
 [1.92911063e-01 0.00000000e+00 1.15021126e-01 0.00000000e+00
  0.00000000e+00 0.00000000e+00 0.00000000e+00 0.00000000e+00
  0.00000000e+00 0.00000000e+00 0.00000000e+00 0.00000000e+00
  0.00000000e+00 0.00000000e+00 9.95404349e-02]
 [3.68686548e-01 4.28012353e-01 3.31032170e-01 0.00000000e+00
  0.00000000e+00 0.00000000e+00 0.00000000e+00 0.00000000e+00
  0.00000000e+00 0.00000000e+00 0.00000000e+00 0.00000000e+00
  0.00000000e+00 0.00000000e+00 2.01003499e-01]
 [7.14885451e-01 2.87283710e-01 4.51593783e-02 0.00000000e+00
  0.00000000e+00 0.00000000e+00 0.00000000e+00 0.00000000e+00
  9.02951754e-02 0.00000000e+00 0.00000000e+00 0.00000000e+00
  0.00000000e+00 0.00000000e+00 1.29690869e-01]
 [1.52325593e-01 2.05756938e-01 1.11632104e-01 4.07629500e-03
  0.00000000e+00 0.00000000e+00 0.00000000e+00 0.00000000e+00
  0.00000000e+00 0.00000000e+00 0.00000000e+00 0.00000000e+00
  0.00000000e+00 0.00000000e+00 3.03081411e-02]
 [1.32953862e+00 1.57802493e+00 1.73535787e+00 9.65557932e-01
  9.53512600e-01 7.13236489e-01 1.26454376e+00 1.02330820e+00
  8.81918286e-01 8.18796660e-01 7.66091167e-01 8.70383881e-01
  6.43800023e-01 5.42343318e-01 2.69017402e-01]]

18
----------------------------------------------------------------------------------
[[8.53879627e-02 0.00000000e+00 0.00000000e+00 0.00000000e+00
  0.00000000e+00 0.00000000e+00 1.27503232e-02 6.16734721e-02
  0.00000000e+00 5.28082452e-02 0.00000000e+00 5.80468102e-02
  0.00000000e+00 0.00000000e+00 2.08549385e-02]
 [0.00000000e+00 0.00000000e+00 0.00000000e+00 0.00000000e+00
  0.00000000e+00 0.00000000e+00 5.66174193e-02 0.00000000e+00
  5.29458755e-02 1.09451414e-01 0.00000000e+00 1.37741158e-01
  0.00000000e+00 1.03281630e-01 2.93015836e-03]
 [1.71803405e-01 0.00000000e+00 0.00000000e+00 0.00000000e+00
  1.45760249e-02 5.27320541e-02 4.67438496e-02 1.99788407e-01
  0.00000000e+00 2.93661646e-01 3.71356619e-02 2.86687737e-01
  0.00000000e+00 2.10517486e-01 5.65451168e-02]
 [4.14643640e-02 0.00000000e+00 0.00000000e+00 0.00000000e+00
  0.00000000e+00 0.00000000e+00 0.00000000e+00 1.43688504e-01
  0.00000000e+00 1.50221852e-01 0.00000000e+00 6.44162686e-02
  0.00000000e+00 8.10677590e-02 0.00000000e+00]
 [0.00000000e+00 0.00000000e+00 0.00000000e+00 0.00000000e+00
  0.00000000e+00 0.00000000e+00 0.00000000e+00 0.00000000e+00
  0.00000000e+00 6.39704347e-02 0.00000000e+00 5.29243673e-02
  0.00000000e+00 5.87513060e-02 0.00000000e+00]
 [2.31389056e-01 0.00000000e+00 1.49760327e-01 5.06660913e-02
  7.92529666e-02 1.79898558e-01 1.88467048e-01 2.18868208e-01
  0.00000000e+00 0.00000000e+00 2.34231667e-01 2.35936715e-01
  1.14286036e-01 1.90055616e-01 2.34359823e-01]
 [0.00000000e+00 0.00000000e+00 0.00000000e+00 0.00000000e+00
  0.00000000e+00 0.00000000e+00 2.14838811e-05 2.35541323e-02
  0.00000000e+00 6.94861572e-02 0.00000000e+00 8.34806473e-02
  0.00000000e+00 2.21653524e-02 0.00000000e+00]
 [0.00000000e+00 0.00000000e+00 0.00000000e+00 0.00000000e+00
  0.00000000e+00 0.00000000e+00 0.00000000e+00 2.42436775e-01
  0.00000000e+00 1.68023712e-01 0.00000000e+00 1.15477486e-02
  0.00000000e+00 2.02016338e-02 2.10496443e-02]
 [0.00000000e+00 0.00000000e+00 0.00000000e+00 0.00000000e+00
  0.00000000e+00 0.00000000e+00 0.00000000e+00 1.07495421e-01
  0.00000000e+00 7.21963921e-02 0.00000000e+00 1.13890990e-01
  0.00000000e+00 0.00000000e+00 0.00000000e+00]
 [3.38982958e-01 0.00000000e+00 2.92091949e-01 2.70030935e-01
  3.48961679e-01 0.00000000e+00 5.67386747e-01 4.21122510e-01
  0.00000000e+00 1.13326705e-01 1.00681180e-01 1.01476946e-01
  1.10295665e-01 3.71260871e-01 1.87956676e-01]
 [0.00000000e+00 0.00000000e+00 0.00000000e+00 0.00000000e+00
  0.00000000e+00 0.00000000e+00 0.00000000e+00 5.77032349e-03
  0.00000000e+00 7.07138636e-02 0.00000000e+00 1.43379095e-01
  0.00000000e+00 4.95422247e-02 0.00000000e+00]
 [0.00000000e+00 0.00000000e+00 0.00000000e+00 0.00000000e+00
  0.00000000e+00 0.00000000e+00 0.00000000e+00 2.67150325e-02
  0.00000000e+00 1.07771743e-01 0.00000000e+00 9.12735150e-02
  1.76417418e-02 0.00000000e+00 0.00000000e+00]
 [0.00000000e+00 0.00000000e+00 0.00000000e+00 0.00000000e+00
  1.50007685e-03 0.00000000e+00 0.00000000e+00 0.00000000e+00
  4.97189350e-02 1.27738943e-02 1.10544793e-02 7.95497255e-02
  0.00000000e+00 0.00000000e+00 0.00000000e+00]
 [8.09859510e-02 0.00000000e+00 0.00000000e+00 0.00000000e+00
  0.00000000e+00 0.00000000e+00 0.00000000e+00 6.69990403e-02
  0.00000000e+00 5.21722065e-02 0.00000000e+00 1.67584773e-02
  0.00000000e+00 0.00000000e+00 1.00660765e-01]
 [2.13299762e-01 1.41377666e-01 6.31367413e-02 0.00000000e+00
  1.37172711e-03 0.00000000e+00 0.00000000e+00 4.66399451e-02
  0.00000000e+00 1.15174132e-01 0.00000000e+00 5.95550152e-02
  0.00000000e+00 0.00000000e+00 0.00000000e+00]
 [4.46981037e-02 4.37062840e-03 0.00000000e+00 0.00000000e+00
  5.08742542e-01 0.00000000e+00 1.11827791e-01 1.95229775e-01
  0.00000000e+00 0.00000000e+00 1.57227620e-01 1.14753939e-01
  0.00000000e+00 1.80139814e-02 0.00000000e+00]
 [1.46905566e-01 0.00000000e+00 0.00000000e+00 0.00000000e+00
  0.00000000e+00 0.00000000e+00 3.73325284e-02 1.19733060e-01
  1.50049062e-01 1.97075354e-01 0.00000000e+00 9.33657720e-02
  0.00000000e+00 0.00000000e+00 0.00000000e+00]
 [3.35369032e-01 5.85996006e-01 3.68493178e-01 4.84163582e-01
  3.33976963e-01 6.00017677e-01 2.16227660e-01 2.51668901e-01
  1.18944441e+00 1.30607313e+00 1.02827971e+00 2.28553956e-01
  7.65535467e-01 9.25285128e-01 8.43406443e-01]]

19
----------------------------------------------------------------------------------
[[0.00000000e+00 8.06427431e-02 0.00000000e+00 0.00000000e+00
  0.00000000e+00 0.00000000e+00 2.66471132e-02 2.55556900e-04
  0.00000000e+00 3.17169088e-03 0.00000000e+00 0.00000000e+00
  1.32600172e-02 0.00000000e+00 3.59618703e-02]
 [0.00000000e+00 2.46085422e-02 0.00000000e+00 0.00000000e+00
  7.40104617e-02 5.53406588e-02 3.05257674e-02 0.00000000e+00
  3.33529442e-02 8.02719415e-02 0.00000000e+00 7.78222319e-03
  1.65604902e-02 6.29224152e-02 6.15279877e-03]
 [8.58658843e-02 2.04172975e-01 1.42101507e-01 0.00000000e+00
  0.00000000e+00 0.00000000e+00 5.92926446e-02 7.55502872e-03
  9.39074109e-02 0.00000000e+00 7.76235799e-02 0.00000000e+00
  1.83336522e-01 0.00000000e+00 1.45356875e-01]
 [0.00000000e+00 2.37202153e-02 0.00000000e+00 0.00000000e+00
  0.00000000e+00 0.00000000e+00 3.37779848e-02 0.00000000e+00
  0.00000000e+00 1.59890187e-02 0.00000000e+00 0.00000000e+00
  0.00000000e+00 0.00000000e+00 9.55141099e-02]
 [0.00000000e+00 6.68122295e-02 0.00000000e+00 0.00000000e+00
  0.00000000e+00 0.00000000e+00 0.00000000e+00 1.59041023e-02
  0.00000000e+00 4.45311054e-02 0.00000000e+00 0.00000000e+00
  0.00000000e+00 0.00000000e+00 8.41359563e-02]
 [1.86943690e-01 4.76725096e-01 1.46958637e-01 8.39665364e-02
  3.64843142e-01 4.28426191e-01 5.99473716e-02 6.36003439e-03
  2.13487572e-01 5.86886159e-02 1.98583617e-01 8.99124343e-02
  1.75905529e-01 4.45140077e-02 3.16517447e-01]
 [0.00000000e+00 1.12766117e-01 0.00000000e+00 0.00000000e+00
  0.00000000e+00 0.00000000e+00 0.00000000e+00 0.00000000e+00
  3.09460549e-02 3.11357525e-02 0.00000000e+00 0.00000000e+00
  7.45804350e-02 0.00000000e+00 1.20743116e-01]
 [0.00000000e+00 1.34093141e-01 0.00000000e+00 0.00000000e+00
  0.00000000e+00 0.00000000e+00 0.00000000e+00 2.35529960e-02
  0.00000000e+00 0.00000000e+00 0.00000000e+00 0.00000000e+00
  9.23295674e-04 0.00000000e+00 1.58622108e-01]
 [0.00000000e+00 0.00000000e+00 0.00000000e+00 0.00000000e+00
  0.00000000e+00 0.00000000e+00 0.00000000e+00 0.00000000e+00
  0.00000000e+00 2.80985593e-02 0.00000000e+00 0.00000000e+00
  0.00000000e+00 0.00000000e+00 0.00000000e+00]
 [2.22402008e-01 5.14447996e-01 7.45043253e-01 5.68002787e-01
  1.30022057e-01 5.63920960e-01 1.37657623e-01 1.75524203e-01
  4.77134257e-01 2.17756270e-02 0.00000000e+00 0.00000000e+00
  3.19017013e-01 4.84589749e-02 2.09521031e-01]
 [0.00000000e+00 0.00000000e+00 0.00000000e+00 0.00000000e+00
  0.00000000e+00 0.00000000e+00 0.00000000e+00 0.00000000e+00
  6.09033503e-03 0.00000000e+00 0.00000000e+00 0.00000000e+00
  0.00000000e+00 0.00000000e+00 0.00000000e+00]
 [0.00000000e+00 5.17674119e-02 0.00000000e+00 0.00000000e+00
  0.00000000e+00 1.44941963e-02 0.00000000e+00 0.00000000e+00
  0.00000000e+00 9.73507565e-04 0.00000000e+00 0.00000000e+00
  1.97655469e-02 0.00000000e+00 3.75516482e-02]
 [0.00000000e+00 0.00000000e+00 0.00000000e+00 0.00000000e+00
  0.00000000e+00 0.00000000e+00 0.00000000e+00 4.32624572e-02
  0.00000000e+00 1.24553316e-01 0.00000000e+00 0.00000000e+00
  1.41913243e-01 0.00000000e+00 0.00000000e+00]
 [0.00000000e+00 0.00000000e+00 0.00000000e+00 0.00000000e+00
  2.29600919e-02 3.85446204e-02 0.00000000e+00 0.00000000e+00
  0.00000000e+00 1.62608916e-01 0.00000000e+00 0.00000000e+00
  5.36805725e-02 0.00000000e+00 1.14329597e-02]
 [0.00000000e+00 0.00000000e+00 0.00000000e+00 0.00000000e+00
  0.00000000e+00 3.55418588e-02 0.00000000e+00 0.00000000e+00
  0.00000000e+00 1.00672078e-01 0.00000000e+00 0.00000000e+00
  8.71269112e-02 0.00000000e+00 5.69902592e-02]
 [0.00000000e+00 3.06702705e-01 0.00000000e+00 0.00000000e+00
  1.84870690e-01 3.12541572e-01 2.54840913e-01 6.46503772e-02
  6.94619422e-02 1.97344384e-01 2.06215563e-01 0.00000000e+00
  1.32556421e-01 0.00000000e+00 0.00000000e+00]
 [0.00000000e+00 0.00000000e+00 0.00000000e+00 0.00000000e+00
  1.00871531e-02 0.00000000e+00 0.00000000e+00 0.00000000e+00
  0.00000000e+00 1.21748592e-01 0.00000000e+00 0.00000000e+00
  0.00000000e+00 0.00000000e+00 0.00000000e+00]
 [4.70447533e-01 2.75531783e-01 4.07413203e-01 3.93695033e-01
  2.34421371e-01 2.09899003e-01 2.59250043e-01 4.21664944e-01
  4.85246402e-01 7.58770056e-01 8.05134600e-01 5.62775045e-01
  2.83916552e-01 6.32830717e-01 3.42589119e-01]]

20
----------------------------------------------------------------------------------
[[1.47899518e-01 2.25507401e-03 0.00000000e+00 0.00000000e+00
  0.00000000e+00 7.40568932e-02 1.94318308e-02 0.00000000e+00
  1.06749350e-01 0.00000000e+00 2.96015395e-02 0.00000000e+00
  8.78281988e-02 0.00000000e+00 0.00000000e+00]
 [2.03496131e-01 5.19723545e-02 0.00000000e+00 1.08227014e-01
  9.14249557e-02 1.21284141e-01 3.66802124e-02 4.18377840e-03
  2.59359048e-02 4.08579019e-02 1.15496115e-01 1.22697467e-01
  1.84858198e-01 9.08539708e-02 0.00000000e+00]
 [1.41124101e-01 3.32507389e-02 3.44451248e-01 5.41990174e-02
  1.74838760e-02 7.44825009e-02 1.74966874e-01 2.25766023e-02
  9.13028369e-02 0.00000000e+00 3.30324502e-02 2.84873511e-01
  2.02212092e-01 4.28730948e-02 6.22887322e-03]
 [1.82835912e-01 1.13452403e-01 0.00000000e+00 0.00000000e+00
  0.00000000e+00 9.66261123e-03 9.93997767e-02 0.00000000e+00
  1.01921411e-01 0.00000000e+00 0.00000000e+00 3.86908228e-02
  5.53729805e-02 0.00000000e+00 0.00000000e+00]
 [9.85002242e-02 3.11029073e-02 4.87586314e-03 0.00000000e+00
  0.00000000e+00 3.00163694e-02 0.00000000e+00 0.00000000e+00
  6.02066107e-02 0.00000000e+00 0.00000000e+00 2.56007102e-03
  5.53511267e-02 0.00000000e+00 0.00000000e+00]
 [3.82783508e-01 5.38632095e-01 4.12383507e-01 5.53761912e-02
  1.68466413e-01 6.38164583e-01 2.73554182e-01 8.22356212e-02
  2.58566471e-01 7.40170608e-02 2.80533523e-01 2.72304211e-01
  4.30427052e-01 6.37768429e-01 8.87128652e-02]
 [1.52601985e-01 1.07029456e-01 6.14208126e-02 0.00000000e+00
  0.00000000e+00 4.95522876e-02 1.47922142e-01 0.00000000e+00
  3.71269330e-02 0.00000000e+00 0.00000000e+00 0.00000000e+00
  1.48256094e-01 0.00000000e+00 0.00000000e+00]
 [1.90687915e-01 1.37844504e-01 0.00000000e+00 0.00000000e+00
  0.00000000e+00 2.57239037e-02 0.00000000e+00 1.38101348e-02
  0.00000000e+00 0.00000000e+00 6.93676247e-02 1.17011376e-01
  3.97722011e-02 0.00000000e+00 0.00000000e+00]
 [1.75889335e-01 1.03254276e-01 0.00000000e+00 0.00000000e+00
  0.00000000e+00 0.00000000e+00 8.31578915e-02 0.00000000e+00
  3.98621634e-02 0.00000000e+00 3.31869562e-03 0.00000000e+00
  9.54196637e-03 0.00000000e+00 0.00000000e+00]
 [3.84979351e-01 1.44395229e-01 4.13405254e-01 2.08183937e-01
  2.67639421e-02 3.40206084e-01 4.37367831e-01 7.61744378e-02
  1.78932395e-01 0.00000000e+00 4.26767899e-01 2.79558205e-01
  4.63684955e-01 3.73369081e-01 2.39089356e-01]
 [8.54224250e-02 7.27591912e-02 0.00000000e+00 0.00000000e+00
  0.00000000e+00 1.10549951e-01 0.00000000e+00 0.00000000e+00
  0.00000000e+00 0.00000000e+00 2.26520546e-02 0.00000000e+00
  5.24364102e-03 0.00000000e+00 0.00000000e+00]
 [1.98895317e-01 1.81042379e-01 0.00000000e+00 2.64232005e-02
  0.00000000e+00 4.86751398e-02 6.15665652e-02 0.00000000e+00
  1.16028166e-02 0.00000000e+00 4.89753207e-02 1.38653106e-02
  1.60236759e-01 0.00000000e+00 0.00000000e+00]
 [6.44808416e-02 0.00000000e+00 0.00000000e+00 1.16874537e-01
  0.00000000e+00 1.24369269e-01 2.47226895e-02 0.00000000e+00
  4.32026248e-02 1.67725469e-02 5.78075093e-02 5.74240039e-02
  1.30767514e-01 0.00000000e+00 0.00000000e+00]
 [1.33427301e-01 1.53443277e-01 7.58860848e-02 0.00000000e+00
  0.00000000e+00 0.00000000e+00 0.00000000e+00 0.00000000e+00
  0.00000000e+00 0.00000000e+00 6.61380952e-03 1.81105453e-03
  1.72544018e-02 0.00000000e+00 0.00000000e+00]
 [1.94375677e-01 6.93699919e-02 1.35053558e-02 2.23360498e-02
  0.00000000e+00 3.14675736e-02 2.70207355e-02 0.00000000e+00
  0.00000000e+00 3.64100296e-04 0.00000000e+00 0.00000000e+00
  8.91044029e-02 0.00000000e+00 0.00000000e+00]
 [2.07940927e-01 0.00000000e+00 3.87417348e-02 7.27506672e-02
  0.00000000e+00 1.63177963e-01 1.36679576e-01 0.00000000e+00
  0.00000000e+00 2.23554557e-02 2.50481162e-02 5.68792145e-02
  2.00375445e-01 0.00000000e+00 0.00000000e+00]
 [1.54833031e-01 3.11292376e-01 1.58552840e-01 0.00000000e+00
  0.00000000e+00 0.00000000e+00 2.62455851e-02 5.93675622e-02
  0.00000000e+00 0.00000000e+00 5.62579834e-02 1.11321900e-01
  6.22265018e-02 0.00000000e+00 0.00000000e+00]
 [1.15844995e-01 1.92533716e-01 3.86098368e-01 4.40455532e-01
  2.65840192e-01 1.96944706e-01 2.22057183e-01 3.54606880e-01
  2.22577385e-01 3.89327525e-01 2.01090573e-01 2.08365331e-01
  4.72348385e-02 3.05810957e-01 3.13470076e-01]]

20
----------------------------------------------------------------------------------
[[0.00000000e+000]
 [0.00000000e+000]
 [0.00000000e+000]
 [0.00000000e+000]
 [0.00000000e+000]
 [0.00000000e+000]
 [0.00000000e+000]
 [0.00000000e+000]
 [0.00000000e+000]
 [0.00000000e+000]
 [0.00000000e+000]
 [0.00000000e+000]
 [0.00000000e+000]
 [0.00000000e+000]
 [0.00000000e+000]
 [0.00000000e+000]
 [0.00000000e+000]
 [6.91429521e-310]]