

1
----------------------------------------------------------------------------------
[[0.00000000e+00 1.93520274e-02 0.00000000e+00 0.00000000e+00
  0.00000000e+00 6.42667958e-02 1.17437499e-01 0.00000000e+00
  0.00000000e+00 1.01166497e-01 0.00000000e+00 2.15895961e-01
  7.06857867e-02 1.93483327e-01 0.00000000e+00]
 [0.00000000e+00 0.00000000e+00 2.61946791e-02 3.25041606e-02
  0.00000000e+00 3.95026942e-01 4.31352736e-01 1.67431917e-01
  2.92149713e-02 4.43849721e-01 9.26888790e-02 4.84452660e-01
  2.69605024e-01 4.57091383e-01 0.00000000e+00]
 [2.27088187e-01 5.99177760e-01 1.45845922e-01 0.00000000e+00
  1.97287892e-01 1.35608774e-01 8.63840449e-01 2.41366219e-01
  1.00527206e-01 5.50835591e-01 5.89678987e-01 1.51188403e-01
  3.23393294e-01 4.95900394e-01 2.10403366e-01]
 [0.00000000e+00 0.00000000e+00 0.00000000e+00 0.00000000e+00
  0.00000000e+00 1.55066011e-01 1.18981785e-01 4.46485296e-04
  0.00000000e+00 0.00000000e+00 0.00000000e+00 8.82998017e-01
  7.22098887e-02 4.77571756e-02 0.00000000e+00]
 [0.00000000e+00 0.00000000e+00 0.00000000e+00 0.00000000e+00
  0.00000000e+00 0.00000000e+00 1.67092697e-01 2.13388501e-04
  0.00000000e+00 0.00000000e+00 0.00000000e+00 5.43654692e-01
  1.13389467e-01 1.45607130e-01 0.00000000e+00]
 [4.60016724e-02 0.00000000e+00 2.73253302e-02 2.12264106e-01
  1.50846224e-01 5.81096784e-01 5.12390469e-01 2.49646630e-01
  8.80629280e-03 2.79140491e-01 1.65099926e-01 3.61018233e-01
  3.27467894e-01 5.41356192e-01 0.00000000e+00]
 [0.00000000e+00 0.00000000e+00 0.00000000e+00 0.00000000e+00
  0.00000000e+00 7.46080489e-02 1.26908669e-01 0.00000000e+00
  0.00000000e+00 8.33439420e-02 0.00000000e+00 1.59745181e-01
  9.85205107e-02 2.90438849e-01 0.00000000e+00]
 [0.00000000e+00 0.00000000e+00 0.00000000e+00 0.00000000e+00
  0.00000000e+00 1.73636581e-01 1.60443537e-02 0.00000000e+00
  0.00000000e+00 0.00000000e+00 0.00000000e+00 3.22114509e+00
  2.50291016e+00 4.69933455e-01 1.02518302e+00]
 [0.00000000e+00 0.00000000e+00 0.00000000e+00 0.00000000e+00
  0.00000000e+00 1.72754068e-01 1.00984732e-02 0.00000000e+00
  0.00000000e+00 0.00000000e+00 1.51957702e-03 4.77472757e+00
  4.06741352e+00 4.23471107e-01 2.27754013e+00]
 [0.00000000e+00 3.40576163e-01 3.25010884e-01 0.00000000e+00
  3.37109350e-01 2.33660777e-01 7.60162159e-01 5.00619643e-01
  0.00000000e+00 2.34256652e-01 9.44539816e-02 1.15114407e+00
  9.95828178e-01 5.24277564e-01 3.96863510e-01]
 [0.00000000e+00 0.00000000e+00 0.00000000e+00 0.00000000e+00
  0.00000000e+00 1.14203938e-01 1.08503121e-01 4.20414951e-02
  0.00000000e+00 1.57851124e-02 1.13817736e-01 3.62964485e+00
  4.85094603e+00 1.69949158e-01 1.93635147e+00]
 [0.00000000e+00 0.00000000e+00 0.00000000e+00 0.00000000e+00
  9.38334532e-03 2.00528994e-01 3.83448953e-01 1.29204437e-01
  0.00000000e+00 1.87180106e-02 0.00000000e+00 1.08962365e+00
  1.47907271e+00 6.40661941e-02 1.21321880e+00]
 [3.07337587e-02 9.02070550e-01 4.36932131e-01 3.51170211e-01
  5.30270346e-01 4.81781017e-01 5.69544669e-01 6.67845248e-01
  7.08850166e-02 5.08696227e-01 1.03798560e+00 1.45014474e+00
  2.51010248e+00 3.42857843e-01 2.84471374e+00]
 [0.00000000e+00 0.00000000e+00 1.06126698e-01 0.00000000e+00
  2.62046283e-01 9.15045622e-01 3.82185706e-01 0.00000000e+00
  0.00000000e+00 5.53336474e-02 0.00000000e+00 4.77066384e-02
  8.77206449e-02 1.18025155e-01 9.36570885e-03]
 [0.00000000e+00 0.00000000e+00 0.00000000e+00 2.56497488e-01
  1.23316379e+00 1.27039751e+00 1.06135039e+00 0.00000000e+00
  0.00000000e+00 0.00000000e+00 0.00000000e+00 1.10203664e-01
  0.00000000e+00 2.55604093e-01 1.16703145e-01]
 [0.00000000e+00 3.33514350e-01 4.13109409e-01 7.92471715e-03
  1.00767729e+00 9.26084461e-01 1.14954564e+00 4.06093113e-01
  3.01802473e-01 3.22793119e-01 0.00000000e+00 1.30319632e-01
  0.00000000e+00 1.09578920e+00 2.72711179e-01]
 [0.00000000e+00 0.00000000e+00 2.16241160e-01 2.43484969e-01
  6.05093302e-01 8.20350510e-01 4.88581946e-01 0.00000000e+00
  0.00000000e+00 0.00000000e+00 0.00000000e+00 1.01270692e-02
  0.00000000e+00 0.00000000e+00 0.00000000e+00]
 [8.15136152e-01 6.89626699e-01 7.11485808e-01 5.96780376e-01
  4.59422052e-01 4.35115628e-01 3.91322573e-01 4.38589442e-01
  5.32082724e-01 2.40166764e-01 4.89953673e-01 4.86071580e-01
  7.36401936e-01 4.05831613e-01 5.26753459e-01]]

2
----------------------------------------------------------------------------------
[[2.32703083e-01 2.53228455e-02 0.00000000e+00 3.93373294e-01
  0.00000000e+00 0.00000000e+00 0.00000000e+00 6.29022109e-02
  1.15186222e-01 0.00000000e+00 0.00000000e+00 0.00000000e+00
  0.00000000e+00 0.00000000e+00 0.00000000e+00]
 [2.06086691e-01 9.31933387e-02 2.23518293e-01 0.00000000e+00
  0.00000000e+00 0.00000000e+00 0.00000000e+00 1.74894905e-01
  2.79132819e-01 0.00000000e+00 0.00000000e+00 0.00000000e+00
  9.91524762e-02 0.00000000e+00 6.03547369e-02]
 [5.03502827e-01 7.38873905e-01 0.00000000e+00 0.00000000e+00
  1.02071279e-01 0.00000000e+00 0.00000000e+00 4.79404214e-01
  1.57188158e-01 7.32788780e-02 0.00000000e+00 0.00000000e+00
  0.00000000e+00 0.00000000e+00 2.90651354e-01]
 [1.85461761e-01 3.04805423e-02 8.56772991e-02 0.00000000e+00
  0.00000000e+00 0.00000000e+00 0.00000000e+00 1.28471838e-01
  0.00000000e+00 0.00000000e+00 0.00000000e+00 0.00000000e+00
  0.00000000e+00 0.00000000e+00 0.00000000e+00]
 [9.99156571e-02 0.00000000e+00 1.86557177e-01 0.00000000e+00
  0.00000000e+00 0.00000000e+00 0.00000000e+00 0.00000000e+00
  0.00000000e+00 0.00000000e+00 2.19557117e-02 6.86046171e-02
  0.00000000e+00 0.00000000e+00 0.00000000e+00]
 [5.58820958e-02 3.89124452e-01 0.00000000e+00 0.00000000e+00
  0.00000000e+00 0.00000000e+00 0.00000000e+00 4.80819446e-02
  2.50971886e-01 0.00000000e+00 0.00000000e+00 1.66810911e-02
  0.00000000e+00 0.00000000e+00 0.00000000e+00]
 [0.00000000e+00 0.00000000e+00 1.48712197e-01 0.00000000e+00
  0.00000000e+00 0.00000000e+00 0.00000000e+00 0.00000000e+00
  4.01070379e-02 0.00000000e+00 0.00000000e+00 1.24172440e-01
  0.00000000e+00 0.00000000e+00 0.00000000e+00]
 [2.81268591e-01 2.22402029e-01 8.69056839e-02 0.00000000e+00
  0.00000000e+00 0.00000000e+00 0.00000000e+00 0.00000000e+00
  0.00000000e+00 0.00000000e+00 0.00000000e+00 0.00000000e+00
  0.00000000e+00 0.00000000e+00 0.00000000e+00]
 [6.30473307e-01 3.16478663e-01 1.49122575e-01 0.00000000e+00
  0.00000000e+00 0.00000000e+00 0.00000000e+00 0.00000000e+00
  0.00000000e+00 0.00000000e+00 0.00000000e+00 0.00000000e+00
  0.00000000e+00 0.00000000e+00 0.00000000e+00]
 [3.32927896e-01 8.42207512e-01 0.00000000e+00 0.00000000e+00
  5.02626718e-01 1.32704722e-01 0.00000000e+00 3.26268129e-01
  4.90137398e-01 0.00000000e+00 0.00000000e+00 0.00000000e+00
  0.00000000e+00 0.00000000e+00 9.46968031e-02]
 [6.37583484e-01 6.07321190e-01 0.00000000e+00 0.00000000e+00
  0.00000000e+00 0.00000000e+00 0.00000000e+00 1.93663430e-01
  0.00000000e+00 0.00000000e+00 0.00000000e+00 0.00000000e+00
  0.00000000e+00 0.00000000e+00 0.00000000e+00]
 [1.65225060e-01 1.40232597e-01 1.58769640e-02 0.00000000e+00
  0.00000000e+00 0.00000000e+00 0.00000000e+00 2.79754715e-02
  4.26809036e-02 0.00000000e+00 0.00000000e+00 0.00000000e+00
  0.00000000e+00 0.00000000e+00 0.00000000e+00]
 [5.22228107e-01 9.41615100e-01 0.00000000e+00 0.00000000e+00
  3.84439078e-01 0.00000000e+00 1.25621232e-01 4.12131131e-01
  8.43098022e-01 0.00000000e+00 5.28369884e-04 0.00000000e+00
  3.81179768e-01 0.00000000e+00 6.41695860e-01]
 [0.00000000e+00 0.00000000e+00 0.00000000e+00 1.06294644e-01
  0.00000000e+00 0.00000000e+00 2.00024891e-02 1.26066288e+00
  9.08809603e-02 0.00000000e+00 0.00000000e+00 1.03514644e-01
  0.00000000e+00 0.00000000e+00 0.00000000e+00]
 [5.68605253e-02 0.00000000e+00 0.00000000e+00 1.97815769e-01
  0.00000000e+00 0.00000000e+00 5.75432720e-01 1.86767311e+00
  2.51302395e-01 0.00000000e+00 1.59051383e-01 0.00000000e+00
  0.00000000e+00 0.00000000e+00 0.00000000e+00]
 [0.00000000e+00 3.05761753e-01 4.92161455e-02 3.62270039e-01
  0.00000000e+00 0.00000000e+00 1.30087129e-01 1.25667109e+00
  5.55280667e-01 0.00000000e+00 0.00000000e+00 0.00000000e+00
  0.00000000e+00 0.00000000e+00 0.00000000e+00]
 [5.30976573e-02 0.00000000e+00 0.00000000e+00 0.00000000e+00
  0.00000000e+00 0.00000000e+00 0.00000000e+00 6.74057184e-01
  0.00000000e+00 0.00000000e+00 0.00000000e+00 0.00000000e+00
  0.00000000e+00 0.00000000e+00 0.00000000e+00]
 [8.23779342e-01 6.86270419e-01 1.07642698e+00 1.18088757e+00
  1.14048634e+00 1.27110182e+00 1.11325094e+00 5.46169171e-01
  4.68239367e-01 1.14156040e+00 1.12241586e+00 1.12864431e+00
  1.19885971e+00 1.13259170e+00 7.66676515e-01]]

3
----------------------------------------------------------------------------------
[[0.2651493  0.06076485 0.         0.21316338 0.         0.
  0.         0.         0.         0.         0.         0.
  0.         0.01929702 0.        ]
 [0.11110588 0.12174259 0.10306171 0.47400646 0.23191339 0.04849208
  0.         0.13762438 0.07257368 0.         0.2654304  0.48143258
  0.10444587 0.21921196 0.12264234]
 [0.11602116 0.3457104  0.04629961 0.43230459 0.43047058 0.23238245
  0.         1.38031671 0.56386443 0.26694951 0.26335158 0.25657406
  0.01672798 0.31296567 0.        ]
 [0.03686049 0.         0.         0.24113809 0.         0.07343131
  0.         0.         0.         0.         0.         0.
  0.         0.         0.        ]
 [0.04039727 0.         0.         0.07953271 0.07853712 0.
  0.         0.06907853 0.         0.08181841 0.         0.
  0.         0.06358868 0.        ]
 [0.04930016 0.20435029 0.         0.62425756 0.31619719 0.56383433
  0.         0.32855967 0.12637696 0.25929628 0.         0.3181076
  0.         0.09536086 0.        ]
 [0.         0.18048762 0.         0.06553001 0.12378739 0.
  0.         0.17602515 0.09617493 0.17906714 0.         0.
  0.         0.         0.        ]
 [0.         0.         0.         0.15780834 0.         0.
  0.         0.         0.         0.         0.         0.
  0.         0.         0.        ]
 [0.         0.         0.         0.09288724 0.         0.
  0.         0.         0.         0.         0.         0.
  0.         0.         0.        ]
 [1.20577828 0.00342668 0.08133023 0.51816431 0.38616121 0.77336867
  0.16530435 0.09510292 0.35608556 0.09673467 0.24099733 0.41515853
  0.         0.28201805 0.        ]
 [0.07201731 0.07668679 0.         0.1018899  0.         0.
  0.         0.         0.05477846 0.10549544 0.23809937 0.03710682
  0.         0.         0.        ]
 [0.22138404 0.         0.         0.30966061 0.03324697 0.
  0.         0.         0.         0.02416905 0.         0.
  0.         0.0799285  0.        ]
 [0.42331061 0.72980404 0.43568259 0.78278201 0.37171484 0.4291122
  0.04320666 0.78247884 0.27043364 0.36820204 0.93894705 0.79600048
  0.53171374 0.18650946 0.0269152 ]
 [0.         0.         0.         0.45332633 0.38438504 0.
  0.         0.         0.         0.24317626 0.05105284 0.
  0.08781994 0.17704415 0.        ]
 [0.19813364 0.         0.         0.82074792 0.59949052 0.10009156
  0.         0.12192537 0.20865775 0.19428206 0.03905568 0.11723571
  0.         0.21428618 0.26571014]
 [0.1762295  0.         0.         0.39241892 0.3952505  0.03009357
  0.         0.         0.35959352 0.1000082  0.08968653 0.09313879
  0.03745187 0.17197138 0.3497137 ]
 [0.         0.         0.         0.45985361 0.30899563 0.00707922
  0.         0.         0.         0.04367567 0.         0.05155663
  0.         0.09530919 0.00741348]
 [0.48509765 0.47799206 0.75532916 0.17567386 0.34204881 0.55127172
  0.82930889 0.62020321 0.5133404  0.61488549 0.4558919  0.43882272
  0.84344968 0.54007213 0.8855438 ]]

4
----------------------------------------------------------------------------------
[[0.00000000e+00 0.00000000e+00 0.00000000e+00 7.59514639e-02
  0.00000000e+00 4.38171127e-02 1.86074249e-01 0.00000000e+00
  0.00000000e+00 0.00000000e+00 0.00000000e+00 0.00000000e+00
  0.00000000e+00 1.03449252e-03 0.00000000e+00]
 [0.00000000e+00 2.52952751e-01 0.00000000e+00 3.39483625e-01
  0.00000000e+00 2.06727486e-02 5.32253389e-01 0.00000000e+00
  3.79665055e-01 2.00967043e-01 0.00000000e+00 0.00000000e+00
  1.93732577e-01 3.41142532e-01 0.00000000e+00]
 [3.79725829e-01 4.49689381e-01 6.40421753e-01 7.04695723e-02
  0.00000000e+00 3.14483054e-01 1.36152367e-01 1.01655905e-01
  0.00000000e+00 0.00000000e+00 6.56305582e-01 0.00000000e+00
  5.25705287e-01 0.00000000e+00 4.98908760e-02]
 [0.00000000e+00 0.00000000e+00 0.00000000e+00 0.00000000e+00
  4.55030266e-01 0.00000000e+00 2.50737640e-01 0.00000000e+00
  0.00000000e+00 0.00000000e+00 0.00000000e+00 0.00000000e+00
  0.00000000e+00 2.27005809e-02 0.00000000e+00]
 [0.00000000e+00 4.90663384e-02 0.00000000e+00 4.27714423e-02
  0.00000000e+00 0.00000000e+00 1.86393491e-01 0.00000000e+00
  0.00000000e+00 6.06938857e-03 0.00000000e+00 0.00000000e+00
  0.00000000e+00 5.84503079e-02 0.00000000e+00]
 [1.49391466e-01 3.57869587e-01 0.00000000e+00 8.66667782e-02
  0.00000000e+00 1.43683796e-01 5.37725258e-01 0.00000000e+00
  3.24098087e-01 0.00000000e+00 1.83394378e-01 0.00000000e+00
  0.00000000e+00 0.00000000e+00 2.85774624e-02]
 [0.00000000e+00 1.44488536e-01 7.63317085e-02 1.10272202e-01
  0.00000000e+00 0.00000000e+00 2.45101321e-01 0.00000000e+00
  0.00000000e+00 0.00000000e+00 0.00000000e+00 0.00000000e+00
  0.00000000e+00 0.00000000e+00 0.00000000e+00]
 [0.00000000e+00 0.00000000e+00 0.00000000e+00 0.00000000e+00
  3.03090829e+00 1.48526854e+00 1.73155418e+00 6.45088245e-01
  2.49470620e-01 1.00594974e-01 0.00000000e+00 0.00000000e+00
  0.00000000e+00 0.00000000e+00 0.00000000e+00]
 [0.00000000e+00 0.00000000e+00 0.00000000e+00 0.00000000e+00
  3.05613514e+00 2.56455704e+00 2.42226349e+00 1.23636474e+00
  4.89119879e-01 1.18286574e-01 0.00000000e+00 0.00000000e+00
  0.00000000e+00 6.86141808e-03 0.00000000e+00]
 [0.00000000e+00 2.48920337e-01 2.85287228e-01 8.08705458e-01
  0.00000000e+00 7.83349594e-01 4.46623389e-04 5.22196009e-02
  0.00000000e+00 0.00000000e+00 1.42500780e-01 0.00000000e+00
  0.00000000e+00 1.34983118e-01 1.04979955e-01]
 [0.00000000e+00 2.83461048e-02 0.00000000e+00 8.20420215e-02
  2.14392034e+00 2.35102204e+00 2.42472956e+00 7.99712830e-01
  4.23645062e-01 0.00000000e+00 0.00000000e+00 0.00000000e+00
  0.00000000e+00 1.78800849e-01 0.00000000e+00]
 [0.00000000e+00 0.00000000e+00 0.00000000e+00 0.00000000e+00
  6.98586885e-02 8.57882900e-01 1.31398036e+00 0.00000000e+00
  5.12753585e-02 0.00000000e+00 0.00000000e+00 0.00000000e+00
  0.00000000e+00 4.89129662e-02 0.00000000e+00]
 [0.00000000e+00 8.85306205e-01 2.01761344e-01 3.55520018e-01
  1.44946356e+00 2.31496365e+00 2.42247089e+00 3.18240618e-01
  2.70504553e-01 5.49068987e-01 0.00000000e+00 2.51121979e-01
  0.00000000e+00 2.71783425e-01 0.00000000e+00]
 [9.55867533e-03 0.00000000e+00 0.00000000e+00 0.00000000e+00
  0.00000000e+00 0.00000000e+00 0.00000000e+00 0.00000000e+00
  0.00000000e+00 1.52558177e-02 0.00000000e+00 0.00000000e+00
  0.00000000e+00 3.53645110e-01 0.00000000e+00]
 [0.00000000e+00 4.16758332e-02 0.00000000e+00 0.00000000e+00
  0.00000000e+00 0.00000000e+00 2.38143100e-01 0.00000000e+00
  0.00000000e+00 4.60495132e-02 0.00000000e+00 0.00000000e+00
  1.13332347e-01 8.31109693e-01 2.35865247e-01]
 [0.00000000e+00 1.80512214e-01 2.09907836e-01 5.00164436e-01
  0.00000000e+00 9.87468838e-02 6.13542712e-01 0.00000000e+00
  0.00000000e+00 1.07695116e-01 0.00000000e+00 0.00000000e+00
  3.67708769e-01 1.02079063e+00 0.00000000e+00]
 [0.00000000e+00 0.00000000e+00 0.00000000e+00 0.00000000e+00
  0.00000000e+00 0.00000000e+00 0.00000000e+00 0.00000000e+00
  0.00000000e+00 0.00000000e+00 0.00000000e+00 0.00000000e+00
  0.00000000e+00 5.99946760e-02 0.00000000e+00]
 [8.76314487e-01 5.15029219e-01 6.93007693e-01 3.81176634e-01
  8.13016181e-01 8.21764126e-01 8.38628707e-01 1.22340419e+00
  9.35658828e-01 1.17912288e+00 1.34386699e+00 1.62778611e+00
  1.25804990e+00 7.89000783e-01 9.17915448e-01]]

5
----------------------------------------------------------------------------------
[[0.00000000e+00 0.00000000e+00 0.00000000e+00 0.00000000e+00
  4.30631984e-02 4.90609756e-01 0.00000000e+00 0.00000000e+00
  0.00000000e+00 0.00000000e+00 1.17985261e-01 5.90669480e-01
  3.40175068e-01 1.21192978e+00 1.46844267e+00]
 [1.71034164e-01 6.15585802e-01 3.47819010e-01 1.30152027e-01
  4.27854644e-01 2.14060648e+00 6.18707605e-02 6.49156232e-01
  0.00000000e+00 0.00000000e+00 0.00000000e+00 9.13939234e-01
  3.96792134e-01 6.92294761e-01 1.10632839e+00]
 [9.80872139e-02 4.61670641e-01 3.46834661e-02 0.00000000e+00
  9.97068486e-01 3.32130509e+00 6.88114617e-01 1.43777420e+00
  6.08423882e-01 3.31589149e-01 1.40763834e+00 4.56895572e-01
  0.00000000e+00 1.29112306e+00 1.99551199e+00]
 [0.00000000e+00 2.82004461e-02 0.00000000e+00 0.00000000e+00
  2.74396233e-02 3.31639140e-01 0.00000000e+00 0.00000000e+00
  0.00000000e+00 0.00000000e+00 3.99041481e-01 5.76107618e-01
  1.10752920e-01 1.23707862e+00 1.24479974e+00]
 [0.00000000e+00 0.00000000e+00 0.00000000e+00 0.00000000e+00
  0.00000000e+00 2.50080174e-01 0.00000000e+00 0.00000000e+00
  0.00000000e+00 0.00000000e+00 6.97328456e-03 5.55717126e-01
  5.85730158e-04 1.10448295e+00 8.20483311e-01]
 [4.44364522e-01 7.91381767e-01 9.51781335e-02 0.00000000e+00
  0.00000000e+00 1.02430662e+00 5.85088623e-01 0.00000000e+00
  5.61350573e-01 4.31631530e-01 1.34244043e+00 0.00000000e+00
  0.00000000e+00 8.11457465e-01 1.03122300e+00]
 [3.10462402e-02 2.06030897e-02 0.00000000e+00 0.00000000e+00
  0.00000000e+00 4.79102709e-01 7.29466426e-02 0.00000000e+00
  0.00000000e+00 0.00000000e+00 0.00000000e+00 4.47737359e-01
  0.00000000e+00 8.08874777e-01 8.83183821e-01]
 [0.00000000e+00 0.00000000e+00 0.00000000e+00 0.00000000e+00
  0.00000000e+00 8.09509128e-01 8.02939578e-01 0.00000000e+00
  1.88483876e-01 0.00000000e+00 2.93197279e-01 0.00000000e+00
  6.10975754e-03 1.04800263e+00 1.24624704e+00]
 [0.00000000e+00 0.00000000e+00 0.00000000e+00 0.00000000e+00
  5.95669287e-02 2.25001195e+00 2.47400242e+00 0.00000000e+00
  9.22069514e-01 1.90999622e-02 1.23142960e-01 0.00000000e+00
  0.00000000e+00 8.95989673e-01 1.22062021e+00]
 [7.83916826e-02 8.62168706e-01 3.99465661e-01 0.00000000e+00
  1.10601648e-02 9.10171569e-01 6.97934685e-01 6.32580919e-02
  6.92084995e-01 1.70641466e+00 2.17637889e-01 0.00000000e+00
  0.00000000e+00 1.08370736e+00 6.69828177e-01]
 [7.34145015e-02 0.00000000e+00 0.00000000e+00 0.00000000e+00
  0.00000000e+00 2.04903303e+00 4.76247048e+00 0.00000000e+00
  1.45448349e+00 1.15090278e+00 0.00000000e+00 0.00000000e+00
  0.00000000e+00 5.90603604e-01 8.01919005e-01]
 [7.89635189e-03 0.00000000e+00 0.00000000e+00 0.00000000e+00
  0.00000000e+00 8.99250367e-02 7.70670219e-01 0.00000000e+00
  2.73192693e-01 0.00000000e+00 1.20068002e+00 3.88925832e-01
  0.00000000e+00 7.10934731e-01 8.74664888e-01]
 [7.94552916e-01 1.09510311e+00 8.11885307e-01 3.80370560e-01
  6.28107296e-02 5.74983082e-01 1.28446736e+00 1.18654373e-01
  1.74456547e+00 1.06953902e+00 2.10316531e-01 2.05781189e-01
  6.53446389e-01 3.27637238e-01 8.16582688e-01]
 [0.00000000e+00 5.80866560e-01 8.12205971e-02 0.00000000e+00
  3.46958470e-01 4.31812843e-01 0.00000000e+00 3.83716845e-02
  3.48300409e-01 0.00000000e+00 4.46083134e-01 0.00000000e+00
  0.00000000e+00 0.00000000e+00 0.00000000e+00]
 [1.25821137e-01 1.43339259e+00 4.66190983e-01 0.00000000e+00
  8.95368089e-01 7.90322018e-01 0.00000000e+00 7.38407669e-02
  3.69440268e-01 0.00000000e+00 2.70996405e-01 0.00000000e+00
  0.00000000e+00 0.00000000e+00 0.00000000e+00]
 [3.14120092e-01 7.38892482e-01 2.86637236e-01 9.91817698e-02
  7.46693911e-01 7.86644908e-01 0.00000000e+00 1.13368243e+00
  4.88998846e-01 0.00000000e+00 0.00000000e+00 7.08252701e-01
  0.00000000e+00 7.21322489e-02 0.00000000e+00]
 [0.00000000e+00 0.00000000e+00 0.00000000e+00 0.00000000e+00
  0.00000000e+00 0.00000000e+00 0.00000000e+00 0.00000000e+00
  1.61331802e-01 0.00000000e+00 1.20779807e+00 3.08254039e-01
  0.00000000e+00 0.00000000e+00 0.00000000e+00]
 [7.36928509e-01 4.75719186e-01 4.43554260e-01 9.85893763e-01
  1.23125338e+00 1.45606044e+00 1.59803787e+00 1.13205347e+00
  1.34298416e+00 1.69374626e+00 1.44235440e+00 1.39286654e+00
  1.95121844e+00 1.00229183e+00 1.37743957e+00]]

6
----------------------------------------------------------------------------------
[[4.82174952e-01 9.74501632e-02 0.00000000e+00 0.00000000e+00
  0.00000000e+00 0.00000000e+00 8.35028875e-01 2.88105725e-01
  4.27543427e-01 0.00000000e+00 0.00000000e+00 0.00000000e+00
  4.05685952e-01 0.00000000e+00 3.02344351e-02]
 [0.00000000e+00 8.05625501e-01 0.00000000e+00 0.00000000e+00
  0.00000000e+00 0.00000000e+00 1.04853672e+00 0.00000000e+00
  0.00000000e+00 0.00000000e+00 0.00000000e+00 0.00000000e+00
  2.01540624e-01 0.00000000e+00 1.19725711e-01]
 [0.00000000e+00 1.18310436e-01 0.00000000e+00 0.00000000e+00
  0.00000000e+00 0.00000000e+00 0.00000000e+00 0.00000000e+00
  6.01157224e-01 0.00000000e+00 0.00000000e+00 0.00000000e+00
  1.54541741e-01 0.00000000e+00 2.24243026e-01]
 [5.94814057e-01 1.25664057e-01 0.00000000e+00 0.00000000e+00
  0.00000000e+00 0.00000000e+00 7.54227221e-01 1.05946819e+00
  1.11553544e+00 0.00000000e+00 0.00000000e+00 0.00000000e+00
  2.79871731e-01 0.00000000e+00 1.68007100e-01]
 [2.05715002e-01 1.83524707e-01 0.00000000e+00 0.00000000e+00
  0.00000000e+00 0.00000000e+00 6.01192500e-01 9.81799992e-01
  2.08167553e-01 0.00000000e+00 0.00000000e+00 0.00000000e+00
  0.00000000e+00 0.00000000e+00 8.92387048e-02]
 [0.00000000e+00 0.00000000e+00 0.00000000e+00 0.00000000e+00
  0.00000000e+00 0.00000000e+00 9.13826435e-01 7.70762028e-01
  8.50238067e-01 0.00000000e+00 0.00000000e+00 0.00000000e+00
  0.00000000e+00 0.00000000e+00 2.37908212e-01]
 [1.43287274e-02 0.00000000e+00 0.00000000e+00 0.00000000e+00
  0.00000000e+00 0.00000000e+00 7.04036013e-01 9.00475990e-01
  3.46189667e-01 0.00000000e+00 0.00000000e+00 0.00000000e+00
  0.00000000e+00 0.00000000e+00 1.08173033e-01]
 [2.01231540e+00 0.00000000e+00 3.87884869e-03 3.51328042e-01
  8.74487676e-01 9.27852553e-01 1.93664892e+00 1.66512684e+00
  1.55283826e+00 0.00000000e+00 8.23744703e-02 0.00000000e+00
  3.49306421e-01 0.00000000e+00 0.00000000e+00]
 [1.92721453e+00 0.00000000e+00 1.57576861e-01 0.00000000e+00
  9.61570401e-02 0.00000000e+00 9.93553803e-01 1.65262729e+00
  2.05390253e+00 5.40673150e-01 5.71336066e-01 0.00000000e+00
  5.58557751e-01 0.00000000e+00 1.42910924e-01]
 [0.00000000e+00 0.00000000e+00 0.00000000e+00 0.00000000e+00
  0.00000000e+00 0.00000000e+00 2.35284413e-01 2.08861705e+00
  1.34006880e+00 7.00098238e-01 5.61531181e-02 5.55423541e-01
  3.60050528e-01 0.00000000e+00 0.00000000e+00]
 [2.31205038e-01 2.31433231e-01 0.00000000e+00 0.00000000e+00
  0.00000000e+00 0.00000000e+00 7.20480349e-01 1.24625144e+00
  1.70244100e+00 9.68184907e-01 2.43237105e-01 4.82038475e-02
  5.10274568e-01 0.00000000e+00 0.00000000e+00]
 [1.70024741e+00 0.00000000e+00 2.31075127e-01 8.75493705e-01
  1.31422302e+00 9.82683412e-01 1.27957161e+00 2.24576251e+00
  1.45158358e+00 8.17288262e-01 6.06018948e-02 0.00000000e+00
  4.89277981e-01 0.00000000e+00 1.32624146e-01]
 [2.43968720e+00 1.77990084e+00 0.00000000e+00 0.00000000e+00
  0.00000000e+00 0.00000000e+00 1.11869942e+00 3.87355162e+00
  2.11285192e+00 1.78794956e+00 8.00614551e-01 0.00000000e+00
  1.20695338e-01 0.00000000e+00 0.00000000e+00]
 [0.00000000e+00 0.00000000e+00 0.00000000e+00 1.99958793e-01
  2.22219876e-01 1.27044927e+00 9.38518214e-01 1.93641212e+00
  1.04230342e+00 3.89307837e-02 2.66313689e-03 0.00000000e+00
  3.47649718e-01 0.00000000e+00 0.00000000e+00]
 [2.67810513e-01 0.00000000e+00 9.85600925e-02 6.47446129e-01
  1.75114108e+00 2.94437359e+00 4.34308936e+00 2.07416721e+00
  9.82393496e-01 5.03428483e-01 1.90273004e-01 2.66980147e-02
  4.33954290e-01 0.00000000e+00 0.00000000e+00]
 [0.00000000e+00 1.81233920e-02 0.00000000e+00 0.00000000e+00
  0.00000000e+00 0.00000000e+00 0.00000000e+00 2.58519567e+00
  3.94753003e-01 0.00000000e+00 6.41306145e-01 0.00000000e+00
  6.13133538e-01 0.00000000e+00 0.00000000e+00]
 [0.00000000e+00 5.95109952e-02 2.60749792e-03 0.00000000e+00
  1.05827470e+00 9.41243741e-01 1.26175697e+00 3.85343332e-01
  5.49878309e-01 0.00000000e+00 2.16958726e-01 0.00000000e+00
  2.89479541e-01 0.00000000e+00 0.00000000e+00]
 [4.13725638e+00 3.88635464e+00 3.13941287e+00 5.97481403e+00
  5.94555176e+00 5.82007739e+00 4.59997208e+00 4.57082714e+00
  4.30792103e+00 7.69969172e+00 5.51744466e+00 4.87557529e+00
  3.14779617e+00 3.77673032e+00 2.83073741e+00]]

7
----------------------------------------------------------------------------------
[[1.65795064e-01 0.00000000e+00 0.00000000e+00 2.28643138e-01
  0.00000000e+00 0.00000000e+00 0.00000000e+00 3.83707470e-01
  3.09853147e-01 3.22118779e-02 0.00000000e+00 4.77872150e-01
  0.00000000e+00 0.00000000e+00 3.20880491e-01]
 [0.00000000e+00 6.94437851e-01 0.00000000e+00 1.02618324e+00
  0.00000000e+00 1.56879838e-01 0.00000000e+00 2.05752744e-01
  0.00000000e+00 0.00000000e+00 0.00000000e+00 2.25025557e-01
  1.61090354e-01 1.93302351e-02 7.22040839e-01]
 [0.00000000e+00 0.00000000e+00 0.00000000e+00 0.00000000e+00
  0.00000000e+00 0.00000000e+00 5.99338973e-01 3.05300867e-01
  0.00000000e+00 0.00000000e+00 4.85040412e-01 7.99379876e-01
  8.23389684e-01 0.00000000e+00 0.00000000e+00]
 [1.93202754e-01 0.00000000e+00 0.00000000e+00 0.00000000e+00
  1.46148949e-01 5.52365908e-01 1.39149380e-01 9.66772311e-01
  1.27366940e-03 3.82457114e-01 0.00000000e+00 3.19273194e-01
  0.00000000e+00 0.00000000e+00 2.34031633e-01]
 [0.00000000e+00 0.00000000e+00 0.00000000e+00 3.32513414e-02
  8.22542147e-02 1.97403985e-01 5.44595110e-02 3.25598426e-01
  0.00000000e+00 0.00000000e+00 1.61925874e-01 1.78985401e-01
  0.00000000e+00 0.00000000e+00 3.75740619e-01]
 [0.00000000e+00 0.00000000e+00 0.00000000e+00 0.00000000e+00
  0.00000000e+00 0.00000000e+00 0.00000000e+00 1.75350067e-01
  0.00000000e+00 0.00000000e+00 1.46266136e+00 1.46360711e-01
  5.99885997e-01 8.49031022e-03 0.00000000e+00]
 [3.24312454e-01 0.00000000e+00 0.00000000e+00 1.06186844e+00
  7.20903645e-02 2.65019944e-01 4.65684347e-01 0.00000000e+00
  0.00000000e+00 0.00000000e+00 2.74868949e-01 4.12129752e-02
  2.11416820e-01 0.00000000e+00 6.38015276e-02]
 [2.58876025e-01 0.00000000e+00 0.00000000e+00 0.00000000e+00
  0.00000000e+00 0.00000000e+00 0.00000000e+00 0.00000000e+00
  5.48549293e-01 0.00000000e+00 0.00000000e+00 4.51845440e-01
  0.00000000e+00 0.00000000e+00 2.93508420e-01]
 [4.20382124e-02 0.00000000e+00 0.00000000e+00 0.00000000e+00
  0.00000000e+00 1.39588520e-01 0.00000000e+00 3.83760060e-01
  1.66453477e-01 0.00000000e+00 0.00000000e+00 2.69480043e-01
  0.00000000e+00 0.00000000e+00 2.65594406e-01]
 [0.00000000e+00 0.00000000e+00 0.00000000e+00 0.00000000e+00
  0.00000000e+00 0.00000000e+00 0.00000000e+00 2.74017118e-01
  0.00000000e+00 0.00000000e+00 2.07839163e-01 2.51687993e-01
  1.40698302e-01 0.00000000e+00 0.00000000e+00]
 [4.90259055e-02 0.00000000e+00 0.00000000e+00 1.09622948e-01
  7.86800381e-02 2.93411691e-01 7.57460433e-01 4.61879415e-02
  0.00000000e+00 0.00000000e+00 4.74009111e-01 3.01631642e-01
  3.06152250e-02 0.00000000e+00 1.63183831e-01]
 [0.00000000e+00 0.00000000e+00 0.00000000e+00 0.00000000e+00
  0.00000000e+00 0.00000000e+00 0.00000000e+00 3.14689620e-02
  2.87898488e-01 2.08547870e-02 0.00000000e+00 4.76145047e-01
  0.00000000e+00 0.00000000e+00 1.02217619e-01]
 [0.00000000e+00 0.00000000e+00 0.00000000e+00 0.00000000e+00
  0.00000000e+00 0.00000000e+00 1.55188067e-01 1.35390403e+00
  0.00000000e+00 0.00000000e+00 4.20707408e-01 8.18113497e-01
  0.00000000e+00 2.11931996e-01 0.00000000e+00]
 [0.00000000e+00 0.00000000e+00 0.00000000e+00 0.00000000e+00
  0.00000000e+00 9.37929440e-04 2.91375278e-01 1.85700331e-01
  0.00000000e+00 0.00000000e+00 1.11236401e-01 0.00000000e+00
  0.00000000e+00 0.00000000e+00 2.82522011e-01]
 [0.00000000e+00 0.00000000e+00 0.00000000e+00 0.00000000e+00
  0.00000000e+00 0.00000000e+00 7.17936990e-02 0.00000000e+00
  3.69089955e-03 0.00000000e+00 8.65484120e-02 0.00000000e+00
  0.00000000e+00 0.00000000e+00 5.94042783e-01]
 [0.00000000e+00 0.00000000e+00 0.00000000e+00 0.00000000e+00
  0.00000000e+00 2.26763200e-01 5.76375512e-01 9.28967564e-03
  0.00000000e+00 0.00000000e+00 4.60581171e-01 1.59042612e-01
  0.00000000e+00 0.00000000e+00 8.03429512e-01]
 [0.00000000e+00 0.00000000e+00 0.00000000e+00 0.00000000e+00
  0.00000000e+00 0.00000000e+00 4.67911920e-02 2.09187139e-01
  5.42570944e-01 0.00000000e+00 0.00000000e+00 1.62164732e-01
  0.00000000e+00 0.00000000e+00 2.88698917e-01]
 [2.95584417e+00 5.52778254e+00 4.88442810e+00 4.39515380e+00
  4.12284923e+00 4.00089536e+00 4.00922834e+00 4.10224281e+00
  1.68034387e+00 2.64057004e+00 2.18602843e+00 1.95057501e+00
  1.94790678e+00 2.04969064e+00 2.15580444e+00]]

8
----------------------------------------------------------------------------------
[[0.23371714 0.         0.         0.         0.         0.15286908
  0.42331277 1.82355067 0.         0.37811362 0.         0.35286024
  0.43669674 0.19960043 0.        ]
 [0.12090943 0.         0.         0.         1.23122668 0.80512636
  0.80887121 5.44626864 1.33979276 1.77006799 0.61335301 0.
  2.89934365 0.23864113 0.        ]
 [0.         0.         0.         0.         0.895992   0.92684537
  0.66126356 2.36416524 0.70754998 0.57866505 0.         0.02772006
  1.77072575 0.45717149 0.        ]
 [0.50094063 0.         0.         0.         0.         0.03873521
  0.40811572 3.06514972 0.         0.9256358  1.03739398 0.14159872
  0.44602953 0.         0.        ]
 [0.31128541 0.15104091 0.         0.         0.         0.22078591
  0.42179186 1.12402967 0.8931988  0.22493011 0.         0.10007754
  0.7088367  0.18889859 0.        ]
 [0.18312085 0.         0.         0.         0.74697348 0.
  0.         1.8536968  0.26338719 0.23256208 0.         0.
  1.18057169 0.37811203 0.        ]
 [0.35729558 0.         0.         0.         0.31634355 0.05355397
  0.         1.8974522  1.49625515 1.1205335  0.39891048 0.
  1.23928665 0.20420881 0.        ]
 [0.         0.         0.         0.         0.         0.29120644
  0.48319168 0.49123582 0.22127909 0.07936966 0.45982255 0.1104561
  0.         0.         0.        ]
 [0.11859528 0.         0.         0.         0.         0.08332093
  0.31792023 0.87571432 0.07242748 0.31416388 0.3128013  0.00614783
  0.         0.         0.        ]
 [0.         0.19555925 0.         0.         0.70260573 0.
  0.         2.31202155 0.40545637 0.         0.         0.24620433
  3.23887499 0.46477332 0.        ]
 [0.         0.18125232 0.         0.         0.31173389 0.51748116
  0.         0.54992789 1.30689002 0.27041112 0.         0.
  2.05275867 0.34498405 0.        ]
 [0.13290901 0.         0.         0.         0.1579224  0.22828916
  0.         0.75723207 0.30792968 0.62280425 0.76680102 0.
  0.         0.01658043 0.01883922]
 [0.5750127  0.11223339 0.15219823 0.11019813 0.40014019 0.96828431
  0.         0.56881743 0.         0.         0.         0.9856522
  1.11027686 0.03395337 0.        ]
 [0.09337897 0.12070539 0.         0.         0.05401182 0.00562627
  0.         0.         0.         0.11807165 0.06213356 0.
  0.09359268 0.         0.        ]
 [0.50092492 0.05811946 0.         0.         0.         0.12885458
  0.         0.         0.         0.         0.21179639 0.
  0.0288966  0.         0.        ]
 [0.         0.38949763 0.         0.28544288 0.67811083 0.
  0.         0.         0.         0.0782372  0.         0.
  0.21000429 0.         0.        ]
 [0.51748686 0.         0.         0.04260555 0.         0.
  0.         0.07086322 0.         0.01946175 0.28145142 0.05188746
  0.         0.20839124 0.        ]
 [1.81115142 2.60972489 2.72334599 1.61759642 1.23786018 0.8363519
  2.89135948 1.60174004 3.82471475 2.32654655 2.15795292 1.52616511
  1.3764351  0.8875301  0.89217859]]

9
----------------------------------------------------------------------------------
[[2.90888830e-02 3.99999360e-01 0.00000000e+00 3.47172352e-01
  0.00000000e+00 0.00000000e+00 2.56260105e-03 3.98795926e-01
  0.00000000e+00 0.00000000e+00 0.00000000e+00 0.00000000e+00
  3.12496437e-01 0.00000000e+00 0.00000000e+00]
 [1.39916988e+00 7.93266364e-01 0.00000000e+00 2.44789788e-01
  3.85807512e-01 7.60712638e-02 0.00000000e+00 0.00000000e+00
  5.88364167e-02 1.16647961e-02 0.00000000e+00 3.83204231e-01
  8.17248848e-02 0.00000000e+00 0.00000000e+00]
 [8.88506417e-01 8.43309916e-01 0.00000000e+00 5.90920409e-01
  2.71688126e-01 8.75785932e-02 0.00000000e+00 0.00000000e+00
  1.90110506e-01 0.00000000e+00 0.00000000e+00 5.63389021e-01
  0.00000000e+00 5.61659040e-02 0.00000000e+00]
 [0.00000000e+00 1.78501855e+00 0.00000000e+00 2.89781923e-01
  0.00000000e+00 8.50330849e-03 0.00000000e+00 3.18275054e-01
  9.13001671e-02 0.00000000e+00 0.00000000e+00 0.00000000e+00
  2.38302455e-01 0.00000000e+00 0.00000000e+00]
 [0.00000000e+00 2.14394203e-01 0.00000000e+00 1.85325620e-01
  0.00000000e+00 0.00000000e+00 2.16704775e-01 2.44672344e-01
  1.86869519e-02 0.00000000e+00 0.00000000e+00 0.00000000e+00
  1.04186169e-01 0.00000000e+00 0.00000000e+00]
 [1.38956028e+00 5.09508786e-01 0.00000000e+00 5.66026659e-01
  0.00000000e+00 1.34116173e-01 2.09267079e-01 6.39848428e-01
  1.18245927e-01 0.00000000e+00 0.00000000e+00 0.00000000e+00
  0.00000000e+00 2.96659128e-01 0.00000000e+00]
 [2.34426975e-03 9.74989168e-02 0.00000000e+00 1.65221486e-01
  0.00000000e+00 0.00000000e+00 1.32244262e-01 4.06651995e-01
  2.57906899e-01 0.00000000e+00 0.00000000e+00 0.00000000e+00
  0.00000000e+00 8.08428757e-02 0.00000000e+00]
 [1.53207234e-01 2.61967561e+00 6.05268893e-01 1.12700722e+00
  6.30079929e-01 2.70464542e-01 0.00000000e+00 0.00000000e+00
  0.00000000e+00 4.93042370e-04 0.00000000e+00 0.00000000e+00
  2.57682171e-01 0.00000000e+00 0.00000000e+00]
 [3.36332724e-01 4.01352479e+00 2.80628034e+00 2.25751660e+00
  1.09014214e+01 2.11956012e-01 1.71828544e-02 0.00000000e+00
  0.00000000e+00 0.00000000e+00 0.00000000e+00 0.00000000e+00
  1.54446920e-01 0.00000000e+00 0.00000000e+00]
 [1.02708823e+00 4.13099929e-01 0.00000000e+00 5.51994656e-01
  2.46318087e-02 0.00000000e+00 0.00000000e+00 2.44106212e-01
  5.80434194e-01 0.00000000e+00 0.00000000e+00 3.20217425e-01
  0.00000000e+00 2.08295016e-01 5.38717169e-01]
 [1.42281512e-01 2.98177090e+00 1.11618455e+00 1.01418672e+00
  1.08559054e+00 8.78151656e-02 0.00000000e+00 0.00000000e+00
  1.99680349e-01 0.00000000e+00 0.00000000e+00 8.01869405e-02
  1.88773229e-01 0.00000000e+00 0.00000000e+00]
 [2.07106358e-01 1.71621497e+00 2.30781319e+00 1.19445063e+00
  1.06079936e+00 1.44362069e-01 0.00000000e+00 0.00000000e+00
  0.00000000e+00 1.12694470e-01 0.00000000e+00 0.00000000e+00
  3.69851880e-01 0.00000000e+00 0.00000000e+00]
 [5.62940667e-01 3.94679874e+00 1.62402859e+00 1.21173150e+00
  1.12137499e+00 8.55050294e-01 0.00000000e+00 3.42076035e-01
  6.38971217e-01 0.00000000e+00 1.99164350e-01 3.02529138e-01
  2.49149502e-01 2.41607382e-01 0.00000000e+00]
 [2.07129036e-01 6.77533220e-02 0.00000000e+00 2.79287381e-01
  0.00000000e+00 0.00000000e+00 0.00000000e+00 2.35132463e-01
  6.31555258e-02 0.00000000e+00 8.35677419e-02 0.00000000e+00
  0.00000000e+00 0.00000000e+00 0.00000000e+00]
 [2.81803166e-02 1.23119935e-01 0.00000000e+00 1.51518289e-01
  0.00000000e+00 0.00000000e+00 1.43629679e-01 2.01163950e-01
  1.93438270e-01 1.52851952e-02 1.89914100e-01 0.00000000e+00
  0.00000000e+00 0.00000000e+00 0.00000000e+00]
 [2.06492667e-01 1.72857022e-01 0.00000000e+00 3.59533496e-01
  2.76922795e-02 0.00000000e+00 2.19039617e-01 2.75552222e-01
  0.00000000e+00 0.00000000e+00 0.00000000e+00 0.00000000e+00
  0.00000000e+00 0.00000000e+00 0.00000000e+00]
 [5.71931606e-02 0.00000000e+00 0.00000000e+00 4.46944258e-01
  0.00000000e+00 0.00000000e+00 1.09743432e-01 3.15705373e-01
  7.37258229e-02 1.82641745e-01 0.00000000e+00 0.00000000e+00
  1.47633974e-01 0.00000000e+00 0.00000000e+00]
 [5.10931567e-01 2.02023297e-01 9.30834255e-01 6.39003911e-01
  5.53525616e-01 6.88225999e-01 1.65185459e+00 1.92590156e+00
  2.47617197e+00 2.16854422e+00 2.11243608e+00 6.33751895e-01
  2.05678294e+00 2.88074749e+00 9.71621565e-01]]

10
----------------------------------------------------------------------------------
[[0.         0.         0.         0.57321857 0.23478336 0.
  0.49343944 0.         0.         0.19197262 0.         0.
  0.35989671 0.13773574 0.37936234]
 [0.35748424 0.70594509 0.40865823 0.57832763 1.28241406 0.38881161
  0.36453255 0.         0.40015765 0.27460792 0.         0.29462104
  0.45015149 0.920275   0.06419565]
 [0.65550599 0.13089554 0.25291595 0.19355899 0.20304916 0.44181081
  0.47956802 0.03337882 0.         0.         0.64018745 0.68612161
  0.27765021 0.         0.60373917]
 [0.         0.         0.         0.56860268 0.30047604 0.
  0.45686702 0.         0.         0.         0.         0.
  0.30633937 0.         0.        ]
 [0.         0.         0.         0.35296558 0.23965583 0.
  0.13741797 0.         0.22928505 0.         0.         0.08954986
  0.05895601 0.22610397 0.        ]
 [0.34565056 0.         0.03382827 0.23461852 0.15539993 0.22363091
  0.40510208 0.         0.         0.         0.01248554 0.0301737
  0.17886143 0.25759244 0.        ]
 [0.29535786 0.03328007 0.         0.25689577 0.33035019 0.30789643
  0.08996915 0.1042907  0.         0.         0.         0.
  0.13283746 0.32512316 0.18442802]
 [0.         0.         0.         0.43898239 0.07136061 0.
  0.36431745 0.         0.         0.         0.39028095 0.4871452
  0.         0.         0.        ]
 [0.         0.         0.         0.33951874 0.11204371 0.
  0.18679652 0.         0.00802734 1.24848901 0.77206697 1.30450018
  0.13986901 0.         0.        ]
 [0.69838736 0.         0.08808507 0.         0.09243058 0.02256978
  0.06148873 0.         0.22909304 0.         0.         0.3262982
  0.21408982 0.         0.        ]
 [0.51212011 0.         0.21500178 0.30322187 0.08881219 0.
  0.         0.         1.36802678 2.3226525  0.         1.21318184
  0.67515819 0.         0.        ]
 [0.         0.         0.         0.38647382 0.07639826 0.
  0.53436019 0.         0.50746484 1.00131884 0.         0.42137867
  0.14697665 0.15056829 0.        ]
 [0.669193   0.53916655 0.56463404 0.48575483 0.03610237 0.3693033
  0.2505708  0.14868417 0.         0.87187084 0.         1.99011596
  1.71719166 0.         0.        ]
 [0.1487775  0.         0.07300317 0.01342556 0.         0.
  0.         0.         0.01146071 0.         0.         0.56765756
  0.68083226 1.10520866 1.11175539]
 [0.21281493 0.         0.06306097 0.05241441 0.         0.
  0.         0.         0.         0.         0.20065942 0.69307643
  1.16040191 2.22877722 2.09080475]
 [0.33318515 0.         0.52921439 0.         0.         0.0169806
  0.         0.         0.         0.01670497 0.         0.9587796
  1.43016508 0.21069293 0.39347572]
 [0.         0.         0.         0.01522497 0.         0.
  0.15885839 0.         0.22050802 0.         0.         0.30030289
  0.68513172 0.88774545 1.069048  ]
 [0.94173623 1.47035358 1.12984775 0.42589427 0.48364606 0.93671506
  0.87217977 1.83230946 2.32180429 2.80321008 2.25200168 0.94428078
  0.78730871 1.54113973 1.80446513]]

11
----------------------------------------------------------------------------------
[[0.         0.08852228 0.         0.14945647 0.10424805 0.10396726
  0.22478429 0.3032986  0.         0.42261962 0.41805587 0.49094198
  0.         0.         0.        ]
 [0.31338434 0.         0.         0.24300964 0.5333979  0.
  0.23107044 0.71862102 0.49930337 0.99000059 1.21320168 0.61569653
  0.19103783 0.         0.02582418]
 [0.171566   0.64523196 0.54000301 0.37847474 0.07213835 0.089721
  0.03777108 0.45095037 0.34108936 0.36880823 0.49447623 0.89746869
  1.04402102 0.32820053 0.22567715]
 [0.         0.0120016  0.         0.05837855 0.13888732 0.22876999
  0.         0.34865871 0.         0.27845921 0.34155656 0.34026021
  0.01125012 0.07437563 0.        ]
 [0.         0.03307393 0.         0.14512744 0.09389322 0.12412652
  0.19791538 0.11790816 0.         0.22713675 0.41260233 0.28066203
  0.         0.02670229 0.        ]
 [0.49019516 0.27767755 0.01935066 0.68081725 0.33906501 0.06455158
  0.         0.61449349 0.         0.24944529 0.48944506 0.6180543
  0.62100686 0.47888726 1.14602652]
 [0.22019281 0.         0.         0.         0.24487736 0.
  0.25839638 0.5205754  0.03547385 0.41588672 0.45042858 0.14655299
  0.         0.         0.        ]
 [0.         0.07505414 0.         0.07458203 0.06262812 0.
  0.         0.13558334 0.         0.10603128 0.45702314 0.32538772
  0.         0.         0.        ]
 [0.         0.         0.         0.09932002 0.13253484 0.08018934
  0.         0.10834813 0.         0.08437855 0.26112623 0.44239764
  0.         0.         0.        ]
 [0.12399429 0.25502603 0.38229873 0.40903934 0.         0.11069018
  0.04233146 0.19177717 0.         0.1394646  0.28432386 0.64601912
  0.58130754 0.87471039 0.4407077 ]
 [0.00286014 0.         0.         0.17505441 0.22381694 0.01877141
  0.03500172 0.15893493 0.         0.14268941 0.17774486 0.27000458
  0.         0.10235028 0.        ]
 [0.         0.19070695 0.         0.23410882 0.24157126 0.
  0.01339051 0.12492018 0.         0.20116133 0.26799255 0.43974598
  0.         0.         0.        ]
 [0.         0.         0.26578968 0.53398042 0.08018144 0.
  0.         0.50905771 0.00337686 0.54532094 0.27945029 0.40523482
  0.38764883 0.02281136 0.46047006]
 [0.04513071 0.         0.         0.26073587 0.29913594 0.
  0.         0.         0.0332913  0.05931334 0.18166169 0.3541378
  0.00291644 0.         0.        ]
 [0.72162204 0.34783763 0.18838344 0.51110827 0.36761781 0.17350701
  0.         0.04888389 0.50665361 0.41925797 0.30480452 0.59814033
  0.15103807 0.         0.        ]
 [0.03137193 0.79792001 0.10793466 0.52097111 0.         0.07464215
  0.         0.76561619 0.80030055 0.57475601 0.77546201 0.6478643
  0.02930282 0.6174141  0.82197852]
 [0.72246728 0.55969795 0.         0.22299575 0.         0.
  0.         0.         0.07738776 0.17564351 0.1112487  0.36450338
  0.         0.         0.        ]
 [1.72048682 1.74682774 1.80307275 1.37607536 1.20541131 1.34170589
  0.99966744 0.52713166 0.56545163 0.44751588 0.41251027 0.82724169
  1.00384598 1.05842824 0.82224693]]

12
----------------------------------------------------------------------------------
[[3.10401536e-01 0.00000000e+00 3.02285258e-01 4.35378507e-03
  0.00000000e+00 0.00000000e+00 1.19701851e-01 2.68776012e-01
  4.98711898e-01 0.00000000e+00 0.00000000e+00 0.00000000e+00
  1.69877987e-02 5.86191805e-03 0.00000000e+00]
 [1.17342938e-01 2.42366956e-01 2.22398829e-01 6.21793830e-02
  0.00000000e+00 0.00000000e+00 0.00000000e+00 0.00000000e+00
  4.63396915e-01 4.27036473e-01 0.00000000e+00 0.00000000e+00
  4.07546421e-01 8.28451105e-01 0.00000000e+00]
 [4.70565486e-01 4.33122734e-01 1.33978847e-01 0.00000000e+00
  0.00000000e+00 0.00000000e+00 0.00000000e+00 1.79118358e-01
  4.70965944e-01 2.58239670e-01 0.00000000e+00 1.84204094e-01
  3.88446067e-01 1.18758586e-01 0.00000000e+00]
 [3.22475735e-01 0.00000000e+00 1.61363834e-01 1.99516746e-01
  0.00000000e+00 0.00000000e+00 0.00000000e+00 0.00000000e+00
  5.59620127e-01 0.00000000e+00 0.00000000e+00 0.00000000e+00
  0.00000000e+00 1.46140500e-01 0.00000000e+00]
 [0.00000000e+00 2.62395901e-01 2.26682150e-01 5.91152389e-03
  0.00000000e+00 2.93275625e-02 2.46400606e-01 1.35450707e-01
  4.50617512e-01 0.00000000e+00 0.00000000e+00 0.00000000e+00
  0.00000000e+00 1.83375457e-01 0.00000000e+00]
 [0.00000000e+00 2.07580667e-01 2.18729709e-02 0.00000000e+00
  0.00000000e+00 0.00000000e+00 0.00000000e+00 3.16581670e-01
  4.52245610e-01 0.00000000e+00 0.00000000e+00 6.57274470e-02
  1.92208554e-01 3.04565110e-01 0.00000000e+00]
 [0.00000000e+00 3.46006977e-01 0.00000000e+00 5.41200470e-02
  0.00000000e+00 0.00000000e+00 0.00000000e+00 0.00000000e+00
  4.21641923e-01 0.00000000e+00 0.00000000e+00 0.00000000e+00
  0.00000000e+00 1.71393682e-01 0.00000000e+00]
 [1.11073777e+00 1.99334938e+00 0.00000000e+00 1.00457945e+00
  0.00000000e+00 0.00000000e+00 0.00000000e+00 0.00000000e+00
  7.02799609e-01 0.00000000e+00 0.00000000e+00 0.00000000e+00
  0.00000000e+00 9.14062359e-02 0.00000000e+00]
 [1.34610685e+00 4.33391470e+00 0.00000000e+00 2.80836184e+00
  1.34170819e+00 0.00000000e+00 0.00000000e+00 0.00000000e+00
  3.44851085e-01 0.00000000e+00 0.00000000e+00 0.00000000e+00
  0.00000000e+00 9.59313193e-02 0.00000000e+00]
 [1.04000773e-01 0.00000000e+00 0.00000000e+00 3.27245120e-01
  0.00000000e+00 0.00000000e+00 0.00000000e+00 0.00000000e+00
  2.31633993e-01 1.97887862e-01 0.00000000e+00 2.45990761e-01
  4.81688259e-01 8.90878560e-03 0.00000000e+00]
 [3.49748578e-01 5.34776217e+00 1.22019496e+00 1.84949569e+00
  1.44015666e+00 1.32671221e-01 0.00000000e+00 0.00000000e+00
  2.36531777e-01 0.00000000e+00 0.00000000e+00 0.00000000e+00
  0.00000000e+00 1.02293579e-01 0.00000000e+00]
 [0.00000000e+00 1.85988470e+00 0.00000000e+00 1.05224742e+00
  0.00000000e+00 0.00000000e+00 0.00000000e+00 0.00000000e+00
  6.10027052e-01 0.00000000e+00 0.00000000e+00 0.00000000e+00
  4.97686349e-02 4.75500040e-01 8.48944251e-02]
 [3.14711121e-01 5.81820084e+00 1.54125681e+00 2.38127670e+00
  1.56201776e+00 3.76902455e-01 0.00000000e+00 2.04659760e-02
  4.52416407e-01 0.00000000e+00 2.53397956e-01 0.00000000e+00
  1.68998574e-01 1.14626646e-01 0.00000000e+00]
 [0.00000000e+00 0.00000000e+00 0.00000000e+00 4.32272851e-02
  0.00000000e+00 0.00000000e+00 0.00000000e+00 0.00000000e+00
  2.01438364e-01 2.16627516e-01 3.47512534e+00 1.54284695e+00
  0.00000000e+00 4.73079340e-01 0.00000000e+00]
 [0.00000000e+00 0.00000000e+00 0.00000000e+00 6.73847587e-02
  0.00000000e+00 0.00000000e+00 0.00000000e+00 0.00000000e+00
  1.10777933e-01 7.21715931e-01 5.44275174e+00 3.88315255e+00
  7.58338521e-01 3.46653573e-01 4.65953412e-01]
 [0.00000000e+00 0.00000000e+00 0.00000000e+00 2.55108964e-01
  0.00000000e+00 0.00000000e+00 0.00000000e+00 0.00000000e+00
  0.00000000e+00 1.48358117e-01 8.68031146e-01 1.51827092e+00
  7.43027023e-01 3.15426573e-01 0.00000000e+00]
 [0.00000000e+00 0.00000000e+00 0.00000000e+00 0.00000000e+00
  0.00000000e+00 0.00000000e+00 0.00000000e+00 0.00000000e+00
  3.93791000e-01 2.74028625e-01 1.17383211e+00 6.22573892e-01
  3.34649558e-01 6.03538451e-01 4.49007728e-01]
 [1.35167134e+00 2.33043832e+00 1.71377484e+00 9.97396772e-01
  2.42267752e+00 3.19105511e+00 3.04108484e+00 2.21063974e+00
  1.15493331e+00 1.06152479e+00 1.31769058e+00 1.12268300e+00
  4.97231040e-01 6.00313193e-01 1.36774832e+00]]

13
----------------------------------------------------------------------------------
[[9.40727378e-02 8.25272541e-02 0.00000000e+00 0.00000000e+00
  0.00000000e+00 0.00000000e+00 0.00000000e+00 0.00000000e+00
  1.21977897e-01 0.00000000e+00 0.00000000e+00 1.61925241e-01
  4.36018742e-01 0.00000000e+00 0.00000000e+00]
 [2.46281883e-01 4.68345486e-01 0.00000000e+00 1.04303257e-01
  0.00000000e+00 0.00000000e+00 0.00000000e+00 0.00000000e+00
  2.94178843e-01 2.94134604e-01 2.47026629e-01 4.37368266e-01
  3.75351720e-01 1.94185337e-01 0.00000000e+00]
 [2.01573859e-01 2.73662759e-01 0.00000000e+00 0.00000000e+00
  0.00000000e+00 0.00000000e+00 6.39645166e-02 0.00000000e+00
  1.12110050e-01 0.00000000e+00 2.48656568e-01 3.62885563e-01
  3.61711869e-01 3.42365180e-01 0.00000000e+00]
 [7.97929899e-03 9.86161651e-02 0.00000000e+00 0.00000000e+00
  0.00000000e+00 0.00000000e+00 0.00000000e+00 0.00000000e+00
  7.48061461e-02 0.00000000e+00 0.00000000e+00 2.28463114e-01
  2.67633911e-01 1.15168422e-01 0.00000000e+00]
 [0.00000000e+00 2.28555447e-03 0.00000000e+00 0.00000000e+00
  0.00000000e+00 0.00000000e+00 0.00000000e+00 0.00000000e+00
  5.92105780e-02 0.00000000e+00 0.00000000e+00 2.87870779e-01
  3.31720345e-01 1.31108800e-01 0.00000000e+00]
 [4.67570232e-01 0.00000000e+00 0.00000000e+00 0.00000000e+00
  0.00000000e+00 0.00000000e+00 0.00000000e+00 0.00000000e+00
  1.51870401e-01 3.62880000e-01 2.12056326e-01 5.71274467e-01
  3.45303297e-01 8.39516457e-02 1.98344535e-01]
 [2.02823346e-02 1.62128062e-03 0.00000000e+00 8.27218373e-02
  0.00000000e+00 0.00000000e+00 0.00000000e+00 0.00000000e+00
  7.22192755e-02 4.95552079e-02 0.00000000e+00 4.22974504e-01
  3.33970375e-01 1.07418165e-01 0.00000000e+00]
 [0.00000000e+00 2.57014937e-01 0.00000000e+00 0.00000000e+00
  0.00000000e+00 0.00000000e+00 0.00000000e+00 0.00000000e+00
  8.57673405e-02 0.00000000e+00 0.00000000e+00 2.15955791e-01
  2.04205345e-01 0.00000000e+00 0.00000000e+00]
 [0.00000000e+00 1.97133105e-01 0.00000000e+00 0.00000000e+00
  0.00000000e+00 0.00000000e+00 0.00000000e+00 0.00000000e+00
  1.81285939e-01 0.00000000e+00 0.00000000e+00 2.44138536e-01
  1.38992418e-01 0.00000000e+00 0.00000000e+00]
 [2.13381080e-01 1.17060465e+00 0.00000000e+00 0.00000000e+00
  0.00000000e+00 0.00000000e+00 0.00000000e+00 0.00000000e+00
  0.00000000e+00 1.32802737e-01 7.48135827e-01 3.09487947e-01
  3.97857749e-01 1.21470784e-01 0.00000000e+00]
 [0.00000000e+00 3.36440876e-01 0.00000000e+00 0.00000000e+00
  0.00000000e+00 0.00000000e+00 0.00000000e+00 0.00000000e+00
  2.87827164e-02 0.00000000e+00 0.00000000e+00 2.70700655e-01
  2.82065179e-01 1.24052254e-01 0.00000000e+00]
 [0.00000000e+00 2.37940230e-01 0.00000000e+00 0.00000000e+00
  0.00000000e+00 0.00000000e+00 0.00000000e+00 0.00000000e+00
  1.01256636e-01 0.00000000e+00 0.00000000e+00 1.83516381e-01
  2.70155028e-01 0.00000000e+00 0.00000000e+00]
 [3.81470566e-01 2.99611567e-01 0.00000000e+00 1.34928790e-01
  0.00000000e+00 0.00000000e+00 0.00000000e+00 0.00000000e+00
  3.00270542e-03 0.00000000e+00 0.00000000e+00 2.72887886e-01
  4.32417378e-01 5.30382380e-03 0.00000000e+00]
 [4.84884863e-01 1.62044387e-01 0.00000000e+00 9.72466025e-02
  5.99383224e-01 6.40118962e-01 0.00000000e+00 1.29762300e-01
  4.97792738e-01 0.00000000e+00 0.00000000e+00 1.58827112e-02
  6.80842083e-02 0.00000000e+00 0.00000000e+00]
 [1.12256105e+00 3.11848781e-01 0.00000000e+00 0.00000000e+00
  8.63246112e-04 6.76792863e-01 0.00000000e+00 5.76759035e-01
  1.12424262e+00 2.44148862e-01 0.00000000e+00 9.99548309e-02
  2.18485899e-01 0.00000000e+00 0.00000000e+00]
 [1.01331521e+00 1.21548237e+00 1.06966134e-01 3.00610905e-01
  0.00000000e+00 0.00000000e+00 2.06697054e-01 3.52534770e-01
  2.40635060e-01 2.00583257e-01 3.85038557e-01 4.07052640e-02
  3.57610497e-01 0.00000000e+00 0.00000000e+00]
 [4.81815117e-01 0.00000000e+00 0.00000000e+00 0.00000000e+00
  0.00000000e+00 0.00000000e+00 0.00000000e+00 0.00000000e+00
  2.72059050e-01 0.00000000e+00 0.00000000e+00 0.00000000e+00
  0.00000000e+00 0.00000000e+00 0.00000000e+00]
 [4.63606904e-01 4.60262743e-01 1.66333138e+00 1.97622844e+00
  2.45619009e+00 2.81618355e+00 1.77903664e+00 1.78161191e+00
  1.09724335e+00 8.95687891e-01 9.72794078e-01 5.31152159e-01
  4.63847267e-01 6.92565288e-01 9.26883805e-01]]

14
----------------------------------------------------------------------------------
[[5.01278959e-03 9.93034996e-02 0.00000000e+00 3.51450456e-01
  0.00000000e+00 0.00000000e+00 0.00000000e+00 0.00000000e+00
  0.00000000e+00 1.43790201e-01 0.00000000e+00 0.00000000e+00
  1.29497322e-01 0.00000000e+00 0.00000000e+00]
 [0.00000000e+00 7.08570428e-01 0.00000000e+00 5.93829354e-01
  4.16129630e-01 8.34030497e-02 3.54014184e-01 1.29838799e-01
  0.00000000e+00 1.51498145e-01 1.55381858e-01 0.00000000e+00
  1.44141597e-01 3.03834459e-01 1.49825419e-01]
 [7.29983101e-04 3.68398555e-02 0.00000000e+00 2.78225814e-01
  1.33372294e-02 0.00000000e+00 1.78892873e-01 3.66303704e-01
  3.35578403e-02 5.69765635e-02 1.05215025e-01 0.00000000e+00
  0.00000000e+00 0.00000000e+00 5.62343884e-01]
 [0.00000000e+00 0.00000000e+00 0.00000000e+00 3.64341636e-01
  7.19037240e-02 0.00000000e+00 0.00000000e+00 0.00000000e+00
  0.00000000e+00 7.79173421e-02 7.46046718e-03 0.00000000e+00
  0.00000000e+00 0.00000000e+00 0.00000000e+00]
 [0.00000000e+00 7.50658046e-03 0.00000000e+00 4.18774528e-01
  1.03165863e-01 0.00000000e+00 2.24543244e-02 0.00000000e+00
  0.00000000e+00 1.51198860e-01 0.00000000e+00 0.00000000e+00
  0.00000000e+00 0.00000000e+00 0.00000000e+00]
 [8.90778576e-03 0.00000000e+00 0.00000000e+00 8.81878716e-02
  1.41811806e-01 9.14058924e-02 3.75825692e-02 0.00000000e+00
  0.00000000e+00 0.00000000e+00 9.12088351e-02 0.00000000e+00
  7.48477156e-02 0.00000000e+00 0.00000000e+00]
 [0.00000000e+00 1.75848151e-01 0.00000000e+00 2.40114269e-01
  1.34106125e-01 0.00000000e+00 1.30003404e-01 0.00000000e+00
  0.00000000e+00 0.00000000e+00 3.89473072e-02 0.00000000e+00
  5.64659550e-02 0.00000000e+00 0.00000000e+00]
 [4.44312899e-03 0.00000000e+00 0.00000000e+00 1.67360949e-01
  0.00000000e+00 0.00000000e+00 0.00000000e+00 0.00000000e+00
  0.00000000e+00 9.53460496e-03 0.00000000e+00 0.00000000e+00
  0.00000000e+00 0.00000000e+00 0.00000000e+00]
 [0.00000000e+00 2.50260235e-02 0.00000000e+00 1.57936386e-01
  6.79989054e-03 0.00000000e+00 1.59616812e-01 3.53465934e-01
  0.00000000e+00 0.00000000e+00 0.00000000e+00 9.75725634e-02
  0.00000000e+00 0.00000000e+00 0.00000000e+00]
 [0.00000000e+00 0.00000000e+00 0.00000000e+00 0.00000000e+00
  0.00000000e+00 0.00000000e+00 2.81370093e-02 0.00000000e+00
  0.00000000e+00 0.00000000e+00 0.00000000e+00 0.00000000e+00
  1.22471720e-02 3.20593083e-02 0.00000000e+00]
 [0.00000000e+00 0.00000000e+00 0.00000000e+00 1.60513519e-01
  3.26547515e-02 0.00000000e+00 2.55553071e-01 2.85662077e-01
  0.00000000e+00 1.06533452e-01 0.00000000e+00 5.90316012e-01
  9.03105839e-02 0.00000000e+00 0.00000000e+00]
 [0.00000000e+00 0.00000000e+00 0.00000000e+00 2.06381428e-02
  6.71300719e-03 0.00000000e+00 2.78583194e-01 1.08655645e-01
  0.00000000e+00 0.00000000e+00 0.00000000e+00 1.70531394e-02
  3.28175635e-03 0.00000000e+00 0.00000000e+00]
 [0.00000000e+00 4.85636533e-01 0.00000000e+00 0.00000000e+00
  0.00000000e+00 7.83435142e-02 7.27959772e-01 2.22643068e-01
  0.00000000e+00 5.68282708e-02 1.09827860e-01 8.09441315e-01
  1.19913213e-01 4.61849396e-01 8.33898588e-02]
 [0.00000000e+00 0.00000000e+00 0.00000000e+00 1.78825339e-01
  1.32786289e-02 0.00000000e+00 3.21365102e-01 4.69237121e-02
  0.00000000e+00 9.09738021e-02 1.74776710e-01 4.52540679e-02
  3.28690880e-01 0.00000000e+00 4.76644250e-01]
 [0.00000000e+00 0.00000000e+00 0.00000000e+00 2.74719555e-01
  3.35395037e-01 0.00000000e+00 1.10465636e-01 3.03233735e-01
  0.00000000e+00 1.15411623e-01 1.33302365e-01 1.59262524e-01
  5.51682278e-01 0.00000000e+00 1.00763696e+00]
 [1.19705110e-01 0.00000000e+00 0.00000000e+00 5.69050702e-01
  7.18650593e-01 7.65225762e-01 4.66328660e-01 9.62008035e-01
  2.03525139e-01 4.82339510e-01 3.60030031e-01 0.00000000e+00
  5.99196171e-01 2.16020747e-01 9.84364493e-01]
 [0.00000000e+00 0.00000000e+00 0.00000000e+00 0.00000000e+00
  0.00000000e+00 0.00000000e+00 1.00615278e-01 0.00000000e+00
  0.00000000e+00 1.98930994e-01 1.82415190e-01 1.23194984e-01
  4.52425935e-01 0.00000000e+00 0.00000000e+00]
 [1.19475417e+00 1.15304602e+00 1.44555468e+00 7.57845706e-01
  4.44058905e-01 5.78348475e-01 6.03643470e-01 7.38217586e-01
  7.48998272e-01 8.63386484e-01 7.71988841e-01 8.65779769e-01
  5.51416312e-01 7.39054752e-01 5.15728185e-01]]

16
----------------------------------------------------------------------------------
[[0.00000000e+00 0.00000000e+00 0.00000000e+00 0.00000000e+00
  0.00000000e+00 1.32148361e-02 0.00000000e+00 0.00000000e+00
  2.06800790e-01 0.00000000e+00 1.24438071e-01 5.21499911e-02
  1.49925900e-01 0.00000000e+00 0.00000000e+00]
 [0.00000000e+00 1.85911547e-01 0.00000000e+00 0.00000000e+00
  5.93337555e-02 2.94702012e-01 5.78544887e-01 7.61185666e-02
  0.00000000e+00 0.00000000e+00 2.37888624e-01 3.68644074e-01
  4.70650240e-03 2.40358207e-01 1.09878211e-01]
 [0.00000000e+00 0.00000000e+00 0.00000000e+00 0.00000000e+00
  0.00000000e+00 4.24664002e-01 0.00000000e+00 0.00000000e+00
  5.28693657e-01 2.43031447e-02 2.72631498e-01 5.88268896e-02
  5.03619327e-02 2.85860548e-01 2.47159030e-01]
 [0.00000000e+00 0.00000000e+00 0.00000000e+00 0.00000000e+00
  0.00000000e+00 0.00000000e+00 0.00000000e+00 4.88965437e-03
  1.31410751e-01 0.00000000e+00 9.46756954e-02 1.98378366e-01
  0.00000000e+00 0.00000000e+00 3.72959269e-02]
 [0.00000000e+00 0.00000000e+00 0.00000000e+00 0.00000000e+00
  0.00000000e+00 2.17332633e-01 0.00000000e+00 1.74500857e-01
  1.26180815e-01 0.00000000e+00 6.93911205e-02 1.78268039e-01
  0.00000000e+00 0.00000000e+00 0.00000000e+00]
 [0.00000000e+00 0.00000000e+00 0.00000000e+00 0.00000000e+00
  0.00000000e+00 1.48092939e-01 1.33432936e-01 1.01364758e-01
  1.35836997e-01 0.00000000e+00 6.04602716e-02 2.97761191e-01
  1.08359682e-01 2.76629872e-02 2.86293607e-01]
 [0.00000000e+00 0.00000000e+00 0.00000000e+00 0.00000000e+00
  0.00000000e+00 2.42913403e-01 0.00000000e+00 1.34519949e-01
  2.32475214e-01 0.00000000e+00 7.40488410e-02 1.49546042e-01
  0.00000000e+00 0.00000000e+00 0.00000000e+00]
 [0.00000000e+00 0.00000000e+00 0.00000000e+00 0.00000000e+00
  0.00000000e+00 5.11926505e-02 0.00000000e+00 0.00000000e+00
  1.96899383e-02 0.00000000e+00 1.80658109e-01 2.87418434e-01
  0.00000000e+00 1.16946725e-01 0.00000000e+00]
 [0.00000000e+00 0.00000000e+00 0.00000000e+00 0.00000000e+00
  0.00000000e+00 1.28683861e-03 0.00000000e+00 8.53657360e-02
  9.78026463e-02 0.00000000e+00 9.13528280e-02 1.41291114e-01
  0.00000000e+00 2.34888522e-02 0.00000000e+00]
 [0.00000000e+00 0.00000000e+00 0.00000000e+00 0.00000000e+00
  0.00000000e+00 1.98856087e-01 5.25851902e-02 2.16042870e-02
  3.48998655e-01 7.77494002e-02 1.79375375e-01 6.66774999e-01
  0.00000000e+00 3.52762551e-01 2.29473637e-01]
 [0.00000000e+00 0.00000000e+00 0.00000000e+00 0.00000000e+00
  0.00000000e+00 3.42353036e-02 0.00000000e+00 0.00000000e+00
  2.38060165e-01 0.00000000e+00 9.23122972e-02 6.80750270e-02
  0.00000000e+00 0.00000000e+00 0.00000000e+00]
 [0.00000000e+00 0.00000000e+00 0.00000000e+00 0.00000000e+00
  0.00000000e+00 1.80760423e-02 0.00000000e+00 0.00000000e+00
  1.10231097e-01 0.00000000e+00 3.33587733e-01 0.00000000e+00
  1.02299387e-01 1.76084812e-01 0.00000000e+00]
 [0.00000000e+00 1.39544879e-01 0.00000000e+00 0.00000000e+00
  0.00000000e+00 5.33289886e-01 0.00000000e+00 2.06153828e-01
  5.42679554e-02 0.00000000e+00 4.82296444e-01 4.07303866e-01
  9.98796636e-02 4.87710048e-02 4.44824468e-01]
 [2.40718553e-02 0.00000000e+00 0.00000000e+00 0.00000000e+00
  0.00000000e+00 0.00000000e+00 0.00000000e+00 0.00000000e+00
  1.04975067e-01 0.00000000e+00 2.21917245e-01 3.40116825e-01
  0.00000000e+00 1.78772239e-01 2.69939810e-01]
 [3.95783602e-01 0.00000000e+00 0.00000000e+00 0.00000000e+00
  0.00000000e+00 1.70493592e-01 8.40886429e-01 5.61554678e-01
  1.13836513e-01 3.12490308e-01 3.84064293e-01 8.92218499e-01
  7.84910559e-02 2.83103154e-01 7.44353859e-01]
 [4.88173684e-01 0.00000000e+00 0.00000000e+00 0.00000000e+00
  0.00000000e+00 1.83251335e-01 4.73975886e-01 5.68949933e-01
  3.59488488e-01 0.00000000e+00 5.51657294e-01 8.38155126e-01
  1.28630623e-02 4.04723721e-01 8.11564881e-01]
 [0.00000000e+00 0.00000000e+00 0.00000000e+00 0.00000000e+00
  0.00000000e+00 1.57056365e-01 1.37066097e-01 0.00000000e+00
  2.04961501e-01 0.00000000e+00 3.91181425e-02 1.15057741e-01
  0.00000000e+00 1.12555714e-01 1.37394143e-01]
 [1.23473952e+00 1.66396437e+00 2.06533009e+00 1.37916186e+00
  1.48297513e+00 7.87343874e-01 8.57051857e-01 7.72275951e-01
  6.05309323e-01 6.09214306e-01 2.55935079e-01 5.20013563e-01
  5.67257592e-01 3.91848193e-01 4.49562235e-01]]

17
----------------------------------------------------------------------------------
[[0.00000000e+00 0.00000000e+00 0.00000000e+00 1.76236990e-01
  7.00193876e-02 5.00181949e-03 0.00000000e+00 0.00000000e+00
  1.68739771e-01 0.00000000e+00 0.00000000e+00 0.00000000e+00
  0.00000000e+00 0.00000000e+00 0.00000000e+00]
 [6.04142318e-01 0.00000000e+00 6.26901672e-01 1.31705929e-01
  2.93267006e-01 1.27209547e-01 5.81744147e-03 1.47496999e-01
  2.64476637e-01 0.00000000e+00 3.44543986e-02 6.54962437e-02
  0.00000000e+00 0.00000000e+00 0.00000000e+00]
 [4.15085912e-01 0.00000000e+00 3.20503539e-01 2.78853899e-01
  4.17251589e-01 2.12155707e-01 0.00000000e+00 1.86864838e-01
  1.75842150e-02 2.13657037e-01 1.13877335e-02 0.00000000e+00
  0.00000000e+00 1.45406473e-01 3.56371166e-01]
 [0.00000000e+00 0.00000000e+00 0.00000000e+00 9.46518146e-03
  0.00000000e+00 0.00000000e+00 0.00000000e+00 0.00000000e+00
  1.84478030e-01 0.00000000e+00 0.00000000e+00 0.00000000e+00
  0.00000000e+00 8.14077185e-01 0.00000000e+00]
 [0.00000000e+00 0.00000000e+00 7.28606606e-02 0.00000000e+00
  0.00000000e+00 0.00000000e+00 0.00000000e+00 0.00000000e+00
  0.00000000e+00 0.00000000e+00 0.00000000e+00 0.00000000e+00
  0.00000000e+00 3.25531371e-01 1.27921859e-01]
 [9.54050364e-02 0.00000000e+00 2.63865349e-01 0.00000000e+00
  0.00000000e+00 0.00000000e+00 0.00000000e+00 0.00000000e+00
  3.69259520e-01 1.01319382e-01 2.74250330e-01 2.48513860e-03
  0.00000000e+00 1.88773776e-01 3.61122976e-01]
 [0.00000000e+00 0.00000000e+00 3.40534871e-02 0.00000000e+00
  0.00000000e+00 0.00000000e+00 0.00000000e+00 0.00000000e+00
  2.13017333e-01 0.00000000e+00 0.00000000e+00 0.00000000e+00
  0.00000000e+00 0.00000000e+00 2.75078084e-02]
 [0.00000000e+00 0.00000000e+00 0.00000000e+00 3.77918512e-02
  0.00000000e+00 0.00000000e+00 0.00000000e+00 0.00000000e+00
  0.00000000e+00 0.00000000e+00 0.00000000e+00 0.00000000e+00
  0.00000000e+00 1.97411442e+00 1.67448816e+00]
 [0.00000000e+00 0.00000000e+00 0.00000000e+00 0.00000000e+00
  0.00000000e+00 0.00000000e+00 0.00000000e+00 0.00000000e+00
  1.09185957e-03 0.00000000e+00 0.00000000e+00 0.00000000e+00
  0.00000000e+00 3.41712509e+00 4.55306689e+00]
 [1.74464899e-01 0.00000000e+00 4.78049915e-01 1.52699674e-01
  4.32204928e-01 3.09024444e-01 6.22507805e-02 0.00000000e+00
  5.17723622e-01 6.70552279e-01 6.04640356e-02 1.15391126e-01
  0.00000000e+00 4.74135789e-01 6.48924985e-01]
 [0.00000000e+00 0.00000000e+00 5.51659493e-02 9.46606155e-02
  0.00000000e+00 0.00000000e+00 0.00000000e+00 0.00000000e+00
  2.90805515e-01 0.00000000e+00 0.00000000e+00 0.00000000e+00
  0.00000000e+00 2.86271402e+00 4.04411047e+00]
 [0.00000000e+00 0.00000000e+00 2.65698686e-01 0.00000000e+00
  0.00000000e+00 7.29874670e-02 0.00000000e+00 0.00000000e+00
  0.00000000e+00 0.00000000e+00 0.00000000e+00 0.00000000e+00
  0.00000000e+00 5.39258567e-01 3.32023468e+00]
 [1.78683705e-01 3.73206090e-01 7.31683953e-01 9.97880030e-02
  3.63753764e-01 7.39247709e-02 0.00000000e+00 3.11061209e-01
  1.40373886e-01 4.62271845e-02 0.00000000e+00 2.94293807e-02
  0.00000000e+00 1.91178087e+00 3.05609420e+00]
 [2.26376458e-01 0.00000000e+00 0.00000000e+00 0.00000000e+00
  0.00000000e+00 3.43095342e-03 0.00000000e+00 0.00000000e+00
  2.10684466e-01 0.00000000e+00 0.00000000e+00 2.81992713e-02
  0.00000000e+00 0.00000000e+00 2.24801920e-01]
 [1.12080481e+00 3.69307448e-01 5.93582230e-02 5.84484368e-02
  2.66624366e-01 5.50478471e-02 0.00000000e+00 0.00000000e+00
  1.03932631e-01 8.85092702e-02 8.37685996e-02 1.93364855e-01
  0.00000000e+00 0.00000000e+00 6.34128111e-01]
 [9.43128575e-01 0.00000000e+00 6.97526348e-01 0.00000000e+00
  2.45014314e-01 1.46702738e-01 2.65724536e-01 0.00000000e+00
  1.25359713e-01 3.93863668e-01 4.10342973e-01 5.04493313e-01
  0.00000000e+00 0.00000000e+00 3.85508408e-01]
 [1.80143617e-01 0.00000000e+00 7.49150233e-02 0.00000000e+00
  0.00000000e+00 0.00000000e+00 0.00000000e+00 0.00000000e+00
  0.00000000e+00 0.00000000e+00 0.00000000e+00 0.00000000e+00
  0.00000000e+00 0.00000000e+00 1.63149713e-01]
 [3.16191171e-01 5.94815382e-01 2.47025616e-01 5.34049737e-01
  3.80901425e-01 4.36388685e-01 8.58840099e-01 8.55237220e-01
  5.33329856e-01 4.83256962e-01 4.62032446e-01 3.16778102e-01
  9.05283381e-01 6.76062709e-01 6.14403014e-01]]

18
----------------------------------------------------------------------------------
[[0.         0.         0.         0.         0.11416422 0.
  0.         0.         0.04210052 0.         0.         0.11899815
  0.         0.         0.05288113]
 [0.51550287 0.36537641 0.22903379 0.08315012 0.05288201 0.22303989
  0.32750792 0.16606839 0.27305206 0.         0.43248239 0.08617339
  0.22171414 0.30019793 0.3505485 ]
 [0.17306766 0.18160506 0.63093607 0.36949393 0.16788811 0.31608038
  0.43366339 0.14027749 0.16211965 0.13884822 0.44948684 0.20148338
  0.57872446 0.22878214 0.63369694]
 [0.         0.06160817 0.         0.14694214 0.         0.06313038
  0.         0.         0.         0.         0.         0.016022
  0.09512325 0.         0.        ]
 [0.         0.16934642 0.         0.         0.         0.03300471
  0.08447081 0.         0.         0.         0.         0.
  0.         0.         0.        ]
 [0.2918108  0.12127734 0.20518222 0.08459639 0.37229596 0.50542583
  0.44844688 0.14426971 0.08926    0.         0.32453269 0.27025506
  0.02488092 0.00375734 0.16948578]
 [0.         0.13399243 0.         0.         0.         0.15952462
  0.08193228 0.08218218 0.15133442 0.         0.         0.
  0.         0.         0.        ]
 [0.21644183 0.14474108 0.         0.         0.         0.
  0.         0.         0.         0.         0.         0.
  0.10579545 0.         0.        ]
 [1.35709549 1.20761263 0.47586005 0.22496679 0.02002703 0.
  0.         0.         0.         0.         0.         0.
  0.         0.         0.        ]
 [0.13710142 0.         0.2404653  0.49728115 0.37391971 0.57080475
  0.27276132 0.5226469  0.02588807 0.07715185 0.24636619 0.23589583
  0.17459115 0.28868326 0.12914285]
 [0.79817185 0.72451133 0.57596119 0.41240671 0.22659487 0.
  0.         0.         0.05480042 0.08232172 0.11927299 0.
  0.09240055 0.         0.12020597]
 [1.19185027 0.49059099 0.23071706 0.23764679 0.07523253 0.02232157
  0.02892363 0.         0.04153614 0.         0.0290948  0.08963864
  0.11164704 0.         0.        ]
 [1.88529396 0.82707535 0.33873143 0.71423842 0.66867782 0.88590332
  0.0963134  0.20466692 0.30835077 0.02847326 0.49949892 0.74466922
  0.21794933 0.17139929 0.77563065]
 [0.         0.17515696 0.         0.         0.         0.29254341
  0.15621949 0.12938696 1.65356338 0.87786188 0.39892804 0.42253458
  0.7421375  1.37932734 0.91219729]
 [0.26452392 0.27627875 0.         0.03004956 0.08478909 0.83508089
  0.50892218 0.12900863 1.80492246 2.05446329 1.13853058 0.90260535
  0.89630843 1.44174971 1.45529462]
 [0.70745429 0.30523444 0.59731301 0.11410834 0.51279111 0.56146958
  0.23453144 0.16605389 0.83178183 1.12267345 2.32899834 1.61469133
  0.86975752 1.23865613 1.80722492]
 [0.         0.24049268 0.         0.05463709 0.17687631 0.19027379
  0.40951637 0.12204858 0.90503092 0.77668557 0.40880408 0.11583233
  0.81412599 1.25070501 1.37427022]
 [0.43838298 0.54638335 0.31670985 0.36314404 0.25863605 0.42075209
  0.55172364 0.40846539 0.37690081 0.54664964 0.32317443 0.3369154
  0.32079279 0.62182194 0.69664426]]

19
----------------------------------------------------------------------------------
[[0.         0.         0.         0.         0.         0.
  0.         0.         0.         0.         0.         0.
  0.0866097  0.         0.        ]
 [0.06550703 0.         0.         0.         0.         0.13352536
  0.         0.08275118 0.19863458 0.12305069 0.         0.01189925
  0.27590079 0.         0.08470076]
 [0.         0.08985745 0.         0.32205025 0.0798272  0.55265385
  0.         0.         0.         0.43151054 0.53357296 0.06988241
  0.29677218 0.         0.        ]
 [0.         0.         0.         0.         0.         0.
  0.         0.         0.         0.         0.         0.
  0.09608795 0.         0.        ]
 [0.         0.         0.         0.         0.         0.
  0.         0.02283067 0.12778249 0.         0.         0.
  0.17494467 0.         0.04339361]
 [0.         0.         0.03375597 0.         0.         0.11253505
  0.         0.15310209 0.08298396 0.28265518 0.         0.
  0.         0.14029114 0.        ]
 [0.         0.         0.         0.         0.         0.
  0.         0.05687427 0.15277614 0.         0.         0.
  0.15806239 0.         0.19024319]
 [0.         0.         0.         0.         0.         0.
  0.         0.         0.         0.         0.         0.
  0.         0.         0.        ]
 [0.         0.         0.         0.         0.         0.
  0.         0.         0.         0.         0.         0.
  0.16670857 0.         0.        ]
 [0.         0.13361155 0.         0.         0.         0.
  0.         0.13665931 0.         0.17995394 0.03768853 0.
  0.         0.         0.        ]
 [0.         0.         0.         0.         0.         0.09849265
  0.         0.         0.02986851 0.14351114 0.         0.
  0.         0.         0.07077847]
 [0.         0.         0.         0.         0.         0.
  0.         0.         0.         0.06296129 0.         0.
  0.17873191 0.         0.00768452]
 [0.         0.         0.21164594 0.         0.2714818  0.38596455
  0.         0.14417696 0.42224002 0.22854131 0.         0.
  0.         0.         0.0119462 ]
 [0.         0.         0.         0.         0.         0.
  0.         0.         0.         0.         0.         0.
  0.19371363 0.33452971 0.7900371 ]
 [0.03685516 0.         0.         0.         0.         0.
  0.         0.         0.0298862  0.         0.         0.
  0.2622014  1.32724495 1.14444179]
 [0.14467045 0.         0.0351554  0.         0.30188249 0.06709773
  0.         0.         0.15249324 0.20476578 0.         0.
  0.         0.         1.25557868]
 [0.55829775 0.24775973 0.         0.         0.         0.
  0.         0.         0.         0.01096575 0.         0.
  0.44880779 0.82104852 1.14015038]
 [1.20759139 1.11769582 1.1947319  0.89184961 0.90503704 0.56046336
  0.97107987 0.71461576 0.45634704 0.36781208 0.94392328 0.97939588
  0.96758535 1.56519323 1.40630548]]

20
----------------------------------------------------------------------------------
[[0.00000000e+00 0.00000000e+00 0.00000000e+00 0.00000000e+00
  0.00000000e+00 0.00000000e+00 0.00000000e+00 0.00000000e+00
  2.51905584e-02 0.00000000e+00 0.00000000e+00 0.00000000e+00
  0.00000000e+00 1.31296018e-01 0.00000000e+00]
 [0.00000000e+00 2.85272165e-01 1.64496698e-01 0.00000000e+00
  0.00000000e+00 1.88740146e-01 9.39150411e-02 1.06894415e-01
  4.81361796e-01 3.00181737e-01 2.88808971e-01 1.19713558e-01
  0.00000000e+00 5.16020052e-02 4.08481776e-02]
 [2.45057796e-01 2.49387900e-01 3.84535294e-01 3.71257714e-01
  1.41091758e-01 0.00000000e+00 3.56516621e-01 1.52094232e-01
  2.26847747e-01 2.62953211e-01 1.56461450e-01 3.44501548e-01
  0.00000000e+00 3.26674653e-01 3.24425980e-01]
 [0.00000000e+00 0.00000000e+00 0.00000000e+00 0.00000000e+00
  0.00000000e+00 0.00000000e+00 0.00000000e+00 0.00000000e+00
  0.00000000e+00 0.00000000e+00 0.00000000e+00 0.00000000e+00
  0.00000000e+00 1.46573662e-02 0.00000000e+00]
 [0.00000000e+00 0.00000000e+00 0.00000000e+00 0.00000000e+00
  0.00000000e+00 0.00000000e+00 0.00000000e+00 0.00000000e+00
  7.25817193e-02 0.00000000e+00 0.00000000e+00 0.00000000e+00
  0.00000000e+00 0.00000000e+00 0.00000000e+00]
 [0.00000000e+00 3.20337036e-01 0.00000000e+00 3.59586308e-02
  0.00000000e+00 9.16836195e-02 1.76029166e-02 3.48519769e-01
  2.97670742e-01 5.61626415e-01 0.00000000e+00 2.13413297e-01
  5.98866470e-02 2.91763503e-01 1.63660394e-01]
 [0.00000000e+00 3.71803108e-02 2.97819223e-03 0.00000000e+00
  0.00000000e+00 0.00000000e+00 9.81861537e-03 1.53064758e-02
  6.41843643e-02 0.00000000e+00 0.00000000e+00 0.00000000e+00
  0.00000000e+00 0.00000000e+00 0.00000000e+00]
 [0.00000000e+00 0.00000000e+00 0.00000000e+00 0.00000000e+00
  0.00000000e+00 0.00000000e+00 0.00000000e+00 0.00000000e+00
  5.46076512e-04 0.00000000e+00 0.00000000e+00 0.00000000e+00
  0.00000000e+00 0.00000000e+00 0.00000000e+00]
 [0.00000000e+00 0.00000000e+00 0.00000000e+00 0.00000000e+00
  0.00000000e+00 0.00000000e+00 0.00000000e+00 0.00000000e+00
  5.71080082e-02 0.00000000e+00 0.00000000e+00 0.00000000e+00
  0.00000000e+00 0.00000000e+00 0.00000000e+00]
 [1.63847023e-02 4.28142228e-02 0.00000000e+00 0.00000000e+00
  0.00000000e+00 4.41867360e-01 4.41160543e-01 2.76021626e-01
  3.88071500e-01 2.45018938e-01 8.57234579e-02 2.48854694e-01
  3.76046075e-01 2.32052790e-01 4.55984459e-01]
 [0.00000000e+00 0.00000000e+00 0.00000000e+00 0.00000000e+00
  0.00000000e+00 5.95346233e-02 0.00000000e+00 8.35865724e-02
  2.60830798e-01 3.68655799e-02 0.00000000e+00 0.00000000e+00
  0.00000000e+00 6.39168211e-03 1.14036051e-01]
 [8.98682428e-02 0.00000000e+00 0.00000000e+00 0.00000000e+00
  0.00000000e+00 5.20482538e-02 0.00000000e+00 0.00000000e+00
  2.50858573e-01 0.00000000e+00 6.42970083e-02 0.00000000e+00
  0.00000000e+00 0.00000000e+00 4.14511737e-02]
 [0.00000000e+00 3.15432590e-01 1.66626978e-01 2.18547240e-01
  6.07272759e-02 5.90583587e-02 5.22701651e-01 3.22682917e-01
  2.76756970e-01 6.69295469e-02 1.27475952e-01 0.00000000e+00
  0.00000000e+00 4.24499263e-01 2.15399352e-01]
 [1.62129169e+00 6.37734824e-02 0.00000000e+00 5.08519310e-02
  1.20039285e-01 1.19451910e-01 0.00000000e+00 0.00000000e+00
  1.37988511e-01 0.00000000e+00 0.00000000e+00 0.00000000e+00
  0.00000000e+00 1.67172002e-01 1.49050654e-01]
 [1.91371146e+00 5.86735591e-01 4.25791899e-01 4.34417308e-01
  0.00000000e+00 1.92321455e-02 0.00000000e+00 0.00000000e+00
  2.01782946e-01 0.00000000e+00 1.32278497e-01 3.28919090e-01
  0.00000000e+00 3.79183436e-01 2.06463900e-01]
 [3.46143583e-01 7.89147329e-01 3.57328750e-01 1.05630883e+00
  1.95967575e-02 5.02976338e-01 3.80928814e-01 4.07265946e-01
  5.02168022e-01 6.62260868e-01 3.17238278e-01 4.31599138e-01
  2.37600321e-02 2.90272474e-01 6.36750448e-01]
 [1.09583985e+00 0.00000000e+00 0.00000000e+00 0.00000000e+00
  0.00000000e+00 0.00000000e+00 4.00757318e-03 0.00000000e+00
  2.52920101e-01 0.00000000e+00 9.34171277e-02 1.38189447e-01
  0.00000000e+00 3.62735782e-01 1.11149429e-01]
 [1.22837728e+00 9.43782870e-01 9.02467183e-01 7.47536675e-01
  7.52226563e-01 4.76610593e-01 3.77364241e-01 3.80726011e-01
  2.72592812e-01 2.70454257e-01 6.33363196e-01 5.08125041e-01
  6.71038239e-01 5.93561170e-01 5.63439206e-01]]

21
----------------------------------------------------------------------------------
[[0.00000000e+00 2.18356957e-02 9.94845631e-02 0.00000000e+00
  1.55669208e-01 2.92792347e-01 0.00000000e+00 0.00000000e+00
  0.00000000e+00 8.87417615e-03 9.43784269e-02 1.80366365e-01
  3.97008661e-02 0.00000000e+00 1.51538541e-01]
 [0.00000000e+00 1.31483849e-01 0.00000000e+00 2.04285356e-01
  3.95367919e-01 5.08625326e-01 8.28361478e-02 0.00000000e+00
  4.05854622e-01 2.76662742e-01 2.40939258e-01 3.02295739e-01
  5.55217017e-01 0.00000000e+00 1.52560611e-01]
 [3.75909655e-02 6.80298153e-01 3.34200284e-01 1.95343135e-01
  1.79095081e-01 4.40670806e-01 0.00000000e+00 2.90153526e-01
  0.00000000e+00 8.26619309e-02 4.33382136e-01 4.91376155e-01
  2.53058081e-02 1.94023215e-01 2.35788580e-01]
 [9.36259742e-03 0.00000000e+00 3.41601194e-01 0.00000000e+00
  1.77712504e-02 1.91664166e-01 0.00000000e+00 0.00000000e+00
  0.00000000e+00 2.08749097e-01 0.00000000e+00 1.62508000e-01
  1.39599713e-01 0.00000000e+00 1.37259789e-02]
 [0.00000000e+00 0.00000000e+00 2.11471829e-01 0.00000000e+00
  1.23603992e-01 2.49798078e-01 0.00000000e+00 0.00000000e+00
  0.00000000e+00 5.36036232e-02 2.35128399e-02 1.08503555e-01
  3.32714143e-02 0.00000000e+00 0.00000000e+00]
 [0.00000000e+00 7.12593969e-02 6.13683929e-01 0.00000000e+00
  1.64542094e-01 4.30150227e-01 0.00000000e+00 2.61272007e-01
  0.00000000e+00 2.21572189e-01 4.84380722e-02 7.84107234e-02
  9.06380025e-02 2.43160280e-02 3.62856183e-01]
 [1.02570208e-03 0.00000000e+00 3.49167796e-01 0.00000000e+00
  2.23613013e-01 4.30589545e-01 0.00000000e+00 0.00000000e+00
  0.00000000e+00 1.38271501e-01 0.00000000e+00 6.87857011e-02
  7.63780727e-02 0.00000000e+00 0.00000000e+00]
 [0.00000000e+00 5.11091014e-01 2.19407639e+00 1.33396899e-01
  5.47608038e-01 3.85700037e-01 1.56649218e+00 1.14841596e+00
  1.90468239e-01 8.14146917e-01 9.70926121e-01 3.72767893e-01
  1.30830156e+00 6.85016808e-01 7.93299276e-01]
 [0.00000000e+00 1.21546475e+00 4.44783333e+00 8.96204430e-01
  5.66594697e-01 7.25165701e-01 2.49443362e+00 1.82239785e+00
  4.19306701e-01 1.48796734e+00 1.40421991e+00 4.39033080e-01
  2.25711009e+00 1.54182068e+00 1.59438313e+00]
 [0.00000000e+00 4.31360510e-01 9.58978329e-01 0.00000000e+00
  1.11803250e-01 5.83834125e-01 0.00000000e+00 5.62857476e-01
  7.21819923e-02 0.00000000e+00 2.59834515e-01 1.20208980e-01
  5.51374111e-01 0.00000000e+00 3.69853556e-01]
 [5.08406300e-02 1.37517971e+00 5.24849084e+00 6.41342155e-01
  1.17809398e-04 8.75767051e-01 8.75138362e-01 1.35815050e+00
  1.74690872e-01 1.09318396e+00 7.35258694e-01 7.45100330e-02
  1.61985949e+00 1.41674366e+00 1.88066407e+00]
 [0.00000000e+00 3.13231393e-01 2.24533419e+00 4.47899518e-01
  2.86136029e-01 6.82938550e-01 1.37728042e+00 8.60977632e-01
  3.22060842e-01 8.96145138e-01 8.35717254e-01 3.86559081e-01
  1.04451940e+00 3.24559840e-01 1.20670212e+00]
 [1.21764518e-01 4.29261435e-01 5.69352337e+00 1.75442629e+00
  1.26697149e+00 1.45199051e+00 5.77804610e-01 2.35007309e+00
  3.91436893e-01 2.45435834e+00 2.00360915e+00 2.79343534e-01
  2.96070893e+00 1.24434262e+00 1.30158292e+00]
 [1.56007413e-02 3.02459949e-01 4.33559338e-01 9.78410163e-02
  2.21904873e-01 1.57628799e-01 0.00000000e+00 2.97639512e-01
  5.01110820e-01 4.59280341e-01 6.95834557e-01 4.79142753e-01
  5.35708297e-01 4.29263218e-01 1.53052553e+00]
 [4.02671762e-01 7.67420929e-01 1.19344599e+00 5.32367803e-01
  5.62822425e-01 1.67477478e-01 0.00000000e+00 1.02668664e+00
  1.98180176e+00 2.00309905e+00 1.20823690e+00 5.53135405e-01
  8.00718701e-01 1.52077417e+00 2.57700563e+00]
 [2.68779526e-02 7.50648408e-01 4.50050941e-01 1.83447235e-01
  5.16630967e-01 6.34768549e-01 0.00000000e+00 7.61407525e-01
  1.17291248e+00 8.52183500e-01 1.10812149e+00 1.27574084e+00
  1.77695386e-01 7.22677352e-01 1.12528570e+00]
 [3.39756969e-01 4.86443328e-01 6.63584658e-01 2.66082786e-01
  3.26655854e-01 1.94452689e-01 0.00000000e+00 2.75372092e-01
  7.02055365e-01 1.07980133e+00 7.65111507e-01 9.90868467e-01
  3.14640862e-01 2.86547422e-01 3.46907151e-01]
 [8.10524869e-01 6.22086714e-01 7.78141840e-01 8.97587662e-01
  6.99767166e-01 3.09637110e-01 6.54469385e-01 5.87206754e-01
  6.24243576e-01 7.26720448e-01 3.54477753e-01 3.63635481e-01
  4.63666437e-01 5.86787008e-01 3.41591337e-01]]

22
----------------------------------------------------------------------------------
[[0.         0.22724701 0.         0.         0.         0.
  0.         0.10136413 0.06965771 0.         0.         0.10728333
  0.00287575 0.04299241 0.08978833]
 [0.         0.59192497 0.10586333 0.         0.         0.16981897
  0.06542889 0.13456526 0.65120021 0.         0.         0.15195701
  0.39110043 0.08396437 0.00852063]
 [0.         0.69590724 0.12962926 0.58005386 0.         0.19224031
  0.         0.41745909 0.47492014 0.         0.09461609 0.26252396
  0.14112405 0.18649875 0.39647336]
 [0.         0.13796574 0.         0.         0.         0.
  0.         0.02416203 0.08415096 0.         0.         0.02632074
  0.11007085 0.         0.        ]
 [0.         0.16499751 0.         0.         0.         0.0503057
  0.         0.07892756 0.29040603 0.         0.         0.14857707
  0.03156083 0.         0.        ]
 [0.         0.8540671  0.         0.09570101 0.         0.08242506
  0.30576769 0.16255062 0.39274841 0.         0.15150049 0.17183791
  0.20860499 0.         0.14180891]
 [0.         0.30224596 0.         0.         0.         0.11866947
  0.         0.110474   0.32119144 0.         0.         0.17205285
  0.08089833 0.         0.        ]
 [0.         0.00557427 0.         0.         0.         0.
  0.         0.         0.07338513 0.         0.         0.
  0.00347495 0.         0.        ]
 [0.         0.02952176 0.         0.         0.         0.
  0.         0.         0.11847809 0.         0.         0.
  0.05142723 0.         0.        ]
 [0.         0.95930692 0.         0.         0.         0.20209281
  0.07633299 0.10804786 1.03066385 0.2099254  0.         0.18192377
  0.06719723 0.20250067 0.1289737 ]
 [0.         0.27390886 0.         0.         0.         0.14248681
  0.         0.02868094 0.10235888 0.         0.         0.08294236
  0.0489419  0.         0.        ]
 [0.         0.2513074  0.         0.         0.         0.
  0.         0.         0.26238025 0.         0.         0.09887546
  0.20226715 0.         0.16182689]
 [0.010002   0.14407125 0.         0.         0.43807728 0.30456264
  0.         0.         0.39162995 0.06298462 0.06714977 0.08001344
  0.25651126 0.         0.71505621]
 [0.         0.26829436 0.         0.2678714  0.32995567 0.12581475
  0.         0.25480364 0.51585549 0.10902459 0.56891677 0.3822368
  1.44887164 0.95723279 0.68775876]
 [0.         0.49713548 1.14052332 0.84453925 0.6984713  0.5184298
  0.         0.18655422 0.61470103 0.26760737 1.21047861 1.15008202
  2.26278882 2.81669521 1.62560617]
 [0.         0.44125455 0.05061264 0.3254177  0.34122633 0.53455824
  0.56822019 0.28565629 1.65131039 0.56633953 0.01051842 1.08030067
  0.99397781 1.18737601 1.01938604]
 [0.         0.06614732 0.         0.27182025 0.26369887 0.01574824
  0.         0.         0.28240919 0.         0.08995995 0.68550702
  0.291419   0.68387764 0.59196949]
 [1.00083018 0.51483421 0.96832897 0.76347155 0.74006331 0.71128064
  0.75373592 0.48497822 0.16226517 1.03836825 0.817358   0.32380269
  0.31063145 0.48119425 0.26652634]]

23
----------------------------------------------------------------------------------
[[0.         0.         0.         0.04357523 0.01134891 0.12571191
  0.         0.05716887 0.         0.06133119 0.02160571 0.08067453
  0.         0.         0.        ]
 [0.26429605 0.         0.         0.25083241 0.16766043 0.53582706
  0.         0.38459778 0.         0.         0.06819385 0.26718519
  0.10618783 0.23726151 0.        ]
 [0.41860898 0.         0.28826683 0.         0.29954002 0.72016445
  0.         0.18994715 0.14849361 0.21544255 0.19687187 0.31503138
  0.12430418 0.4432245  0.11007164]
 [0.         0.         0.         0.         0.01308998 0.17030884
  0.         0.         0.         0.00420079 0.         0.04112527
  0.         0.         0.        ]
 [0.         0.         0.         0.         0.00572868 0.16788939
  0.01900644 0.         0.         0.         0.         0.20659615
  0.         0.         0.        ]
 [0.19785247 0.         0.         0.06140915 0.2540596  0.54678065
  0.         0.35602922 0.13302923 0.24943299 0.         0.20286886
  0.24942752 0.12292004 0.16595516]
 [0.01369305 0.         0.         0.         0.         0.07211089
  0.0498146  0.12652417 0.         0.         0.         0.10468846
  0.         0.         0.        ]
 [0.         0.         0.         0.         0.         0.22819624
  0.         0.         0.         0.         0.         0.
  0.         0.04334602 0.        ]
 [0.         0.         0.         0.         0.         0.21287143
  0.         0.         0.         0.         0.         0.
  0.         0.         0.        ]
 [0.41852855 0.         0.36317565 0.01358271 0.03935487 0.14202044
  0.15924241 0.61030297 0.11776303 0.         0.         0.05551132
  0.         0.15086254 0.        ]
 [0.0470819  0.         0.09174478 0.06992696 0.         0.13283684
  0.         0.17678224 0.         0.         0.         0.
  0.08363393 0.         0.        ]
 [0.         0.         0.         0.         0.         0.2487668
  0.         0.         0.         0.         0.06299743 0.04462937
  0.03599428 0.         0.        ]
 [0.06031617 0.         0.         0.18520536 0.57890278 0.50884007
  0.02495529 0.38135972 0.         0.14872267 0.28560468 0.24696822
  0.21273719 0.         0.04954215]
 [0.05250452 0.         0.45434538 0.44791003 0.44948235 0.52651588
  1.25795532 0.20976558 0.11544845 0.26775535 0.55583123 0.61343512
  0.09315837 0.03189815 0.32762643]
 [0.39503786 0.47406393 0.98236416 1.17961467 0.76061273 0.48359788
  2.0896343  0.50591804 0.09839534 0.00244088 0.61845897 1.34184971
  0.1686792  0.31306378 1.60186417]
 [0.1666049  0.5199351  0.19531895 0.79059742 1.06702269 1.63124738
  0.61684046 0.46025305 0.18119666 0.07966564 0.5072281  1.27979828
  0.30340157 0.08879377 0.75454583]
 [0.         0.         0.         0.48153391 0.33177496 0.28203598
  0.49069944 0.35960896 0.26743783 0.23223755 0.3956319  0.58828831
  0.24790185 0.10034885 0.79871375]
 [0.43938303 0.73424805 0.7680772  0.41278992 0.28449115 0.19113437
  0.6310009  0.33893528 0.44042581 0.39279845 0.48557624 0.28461517
  0.39834725 0.58164417 0.74717443]]

24
----------------------------------------------------------------------------------
[[0.00000000e+00 1.23676210e-01 0.00000000e+00 0.00000000e+00
  8.76135433e-02 9.30044083e-02 0.00000000e+00 0.00000000e+00
  1.34879029e-02 0.00000000e+00 1.21301504e-01 9.79570873e-04
  1.28805621e-01 0.00000000e+00 2.74384978e-02]
 [0.00000000e+00 7.16262088e-02 0.00000000e+00 1.56938360e-01
  4.06491221e-01 2.50151259e-01 3.69500682e-02 2.15325317e-01
  3.12117477e-01 2.06814620e-02 7.09094987e-01 2.20670876e-01
  4.49745157e-02 0.00000000e+00 2.33280364e-01]
 [1.85671039e-01 9.16392425e-02 3.31597081e-02 3.99744731e-01
  3.25889684e-01 6.76648067e-01 1.12971869e-01 5.00194514e-01
  3.87683634e-01 7.56520547e-02 4.19840841e-01 1.71578783e-01
  5.06667321e-01 2.06949228e-01 5.24358258e-03]
 [1.78555230e-02 2.68070571e-01 0.00000000e+00 0.00000000e+00
  1.56941533e-01 4.58598710e-02 0.00000000e+00 0.00000000e+00
  0.00000000e+00 0.00000000e+00 1.06000787e-01 5.47349345e-02
  0.00000000e+00 0.00000000e+00 0.00000000e+00]
 [0.00000000e+00 2.09157427e-01 0.00000000e+00 0.00000000e+00
  3.78066982e-02 0.00000000e+00 0.00000000e+00 0.00000000e+00
  0.00000000e+00 0.00000000e+00 7.28390761e-02 3.57614726e-03
  0.00000000e+00 0.00000000e+00 0.00000000e+00]
 [9.47513878e-02 2.47601215e-01 2.56441888e-01 1.73018658e-01
  1.60612604e-01 3.28245623e-01 0.00000000e+00 2.04296611e-01
  1.24200986e-01 1.48594504e-01 4.37463025e-01 9.07870740e-02
  2.35590690e-01 0.00000000e+00 2.32077470e-01]
 [1.28218561e-02 1.54815724e-01 0.00000000e+00 0.00000000e+00
  1.60964542e-02 3.58359287e-02 0.00000000e+00 0.00000000e+00
  0.00000000e+00 1.71360924e-01 1.55350455e-01 1.15482895e-02
  0.00000000e+00 0.00000000e+00 0.00000000e+00]
 [5.24811821e-01 2.93161869e+00 1.41878616e-01 8.46378245e-01
  7.66482816e-01 6.48213818e-01 8.34611945e-02 0.00000000e+00
  0.00000000e+00 0.00000000e+00 6.67783546e-02 0.00000000e+00
  0.00000000e+00 0.00000000e+00 0.00000000e+00]
 [1.63574180e+00 5.93654988e+00 8.00197212e-01 1.00719753e+00
  1.67808362e+00 1.18851658e+00 4.78321499e-01 0.00000000e+00
  0.00000000e+00 0.00000000e+00 6.34913625e-02 0.00000000e+00
  0.00000000e+00 0.00000000e+00 0.00000000e+00]
 [0.00000000e+00 9.07838503e-01 1.85667065e-01 3.23564531e-01
  4.64894683e-01 3.12950931e-01 2.41909993e-01 2.55177545e-01
  4.19190588e-01 2.16328001e-01 5.13247054e-01 6.32341002e-01
  1.15350823e-01 3.42047298e-02 5.32585283e-01]
 [1.07136213e+00 6.34747816e+00 1.53707271e+00 1.08722889e+00
  1.92788253e+00 1.80498739e+00 6.42332952e-01 0.00000000e+00
  1.49318906e-02 0.00000000e+00 7.97407320e-02 0.00000000e+00
  0.00000000e+00 0.00000000e+00 7.36601742e-03]
 [3.08286899e-01 3.32615472e+00 3.28613259e-01 4.78554351e-01
  1.00317525e+00 8.46191460e-01 2.20958326e-01 0.00000000e+00
  1.04226418e-01 0.00000000e+00 0.00000000e+00 5.85892220e-02
  5.33940576e-02 0.00000000e+00 1.91575003e-02]
 [2.29588023e-02 5.98884232e+00 1.85582804e+00 1.16698244e+00
  5.55289937e+00 4.65234721e-01 2.22839257e-01 0.00000000e+00
  2.27374790e-01 0.00000000e+00 2.45770687e-01 6.52001103e-01
  3.22500918e-01 3.73787020e-02 9.66866267e-02]
 [2.20581336e-01 0.00000000e+00 0.00000000e+00 2.89734618e-01
  3.42362079e-01 4.30809571e-01 0.00000000e+00 0.00000000e+00
  0.00000000e+00 0.00000000e+00 1.62011199e-01 1.92910953e-02
  7.07104577e-02 0.00000000e+00 1.07359114e-01]
 [9.61966369e-01 8.97851156e-03 2.60280791e-01 1.01579349e+00
  9.91394768e-01 1.25152285e+00 4.06422622e-01 1.64626759e-02
  0.00000000e+00 0.00000000e+00 1.29128883e-01 3.11704735e-02
  2.97443634e-01 1.97193327e-01 3.14297433e-01]
 [7.21826602e-01 6.02662039e-01 0.00000000e+00 5.74910980e-01
  5.73836913e-01 7.04445698e-01 5.02286318e-01 6.79869670e-02
  0.00000000e+00 4.29034768e-04 1.80509802e-01 2.47184616e-01
  4.15288524e-01 3.40868346e-01 4.81587924e-01]
 [4.41225452e-01 6.48157245e-02 0.00000000e+00 3.89436384e-01
  4.15045405e-01 8.30518069e-01 2.90587554e-02 0.00000000e+00
  0.00000000e+00 0.00000000e+00 1.12676532e-01 1.62387476e-02
  2.02820418e-01 0.00000000e+00 0.00000000e+00]
 [8.42200867e-01 5.41701605e-01 6.60540807e-01 3.15728957e-01
  3.69610889e-01 2.86760496e-01 4.71076826e-01 5.81891667e-01
  3.80554525e-01 4.64418135e-01 2.92862110e-01 2.90404650e-01
  2.87219618e-01 5.04277245e-01 2.81835666e-01]]

25
----------------------------------------------------------------------------------
[[1.78018053e-02 1.69407945e-01 5.19163203e-02 5.32374191e-02
  0.00000000e+00 0.00000000e+00 1.99668952e-04 2.65787290e-02
  1.28656977e-01 1.96023080e-01 0.00000000e+00 5.44266788e-03
  0.00000000e+00 2.43820551e-02 0.00000000e+00]
 [1.87160997e-01 1.25569839e-01 1.41399740e-01 2.94780305e-01
  3.41064319e-01 3.78840737e-01 3.47112833e-01 2.71268404e-01
  6.06726636e-01 4.15183456e-01 3.49517245e-01 1.25885211e-01
  3.28240346e-01 2.30634856e-01 1.00043891e-01]
 [5.05151877e-01 1.99623610e-01 3.18659716e-01 8.34967738e-02
  7.48229064e-01 4.50441939e-01 2.50300438e-01 4.07606389e-01
  3.93925974e-01 8.54237028e-01 4.42900482e-01 3.03336917e-01
  2.34527712e-01 4.15365230e-01 1.97641141e-01]
 [0.00000000e+00 0.00000000e+00 9.70128102e-02 0.00000000e+00
  0.00000000e+00 6.54203701e-02 0.00000000e+00 0.00000000e+00
  1.81903354e-01 1.45896361e-01 0.00000000e+00 4.39986015e-02
  0.00000000e+00 0.00000000e+00 0.00000000e+00]
 [0.00000000e+00 4.52305268e-02 9.14999839e-02 4.25216382e-02
  2.91139149e-02 0.00000000e+00 6.12312615e-03 0.00000000e+00
  1.18435131e-01 1.19982801e-01 0.00000000e+00 7.10577807e-02
  0.00000000e+00 0.00000000e+00 0.00000000e+00]
 [0.00000000e+00 1.93768232e-01 3.79269472e-01 3.44615552e-01
  2.95494735e-01 3.21392837e-01 2.36972089e-01 1.79627529e-01
  1.81844892e-01 1.37627567e-01 6.17062777e-02 4.77137173e-01
  5.11339310e-01 1.40213315e-01 0.00000000e+00]
 [2.36315783e-02 1.70645000e-01 2.08038717e-01 1.27495517e-01
  9.31346752e-02 2.98064423e-02 0.00000000e+00 0.00000000e+00
  3.86164904e-02 1.50631114e-01 0.00000000e+00 5.20394215e-02
  0.00000000e+00 2.08877951e-02 0.00000000e+00]
 [0.00000000e+00 0.00000000e+00 0.00000000e+00 2.86957354e-02
  0.00000000e+00 0.00000000e+00 0.00000000e+00 0.00000000e+00
  0.00000000e+00 1.89116695e-01 0.00000000e+00 0.00000000e+00
  0.00000000e+00 0.00000000e+00 4.78429839e-02]
 [0.00000000e+00 1.19738108e-02 2.29457361e-02 4.57117407e-02
  0.00000000e+00 0.00000000e+00 0.00000000e+00 0.00000000e+00
  0.00000000e+00 6.93739237e-02 0.00000000e+00 3.41794774e-02
  0.00000000e+00 0.00000000e+00 0.00000000e+00]
 [5.28487291e-01 1.19184440e-01 4.32707161e-02 8.25795641e-02
  1.01518425e-01 2.51140471e-01 1.26839832e-02 4.45933540e-01
  8.83057048e-01 5.53202334e-01 3.45942813e-01 7.20258818e-01
  1.31490801e-01 3.78417488e-01 0.00000000e+00]
 [0.00000000e+00 1.24191425e-01 3.67732165e-01 1.93465335e-01
  0.00000000e+00 1.14169051e-02 0.00000000e+00 0.00000000e+00
  7.99225492e-02 1.49374314e-01 0.00000000e+00 0.00000000e+00
  0.00000000e+00 0.00000000e+00 0.00000000e+00]
 [0.00000000e+00 1.03753659e-02 1.94995808e-02 2.49936910e-03
  0.00000000e+00 4.39555864e-02 0.00000000e+00 0.00000000e+00
  9.38858769e-02 3.22470099e-01 0.00000000e+00 6.28008781e-02
  0.00000000e+00 0.00000000e+00 5.22721423e-02]
 [1.73152459e-01 1.87494200e-01 3.70304000e-01 6.35572124e-01
  2.47133452e-01 3.56569667e-01 1.47283493e-01 2.23954303e-01
  2.72562668e-01 1.86072650e-01 2.35468030e-01 1.88960691e-01
  1.37997128e-01 3.53636522e-01 0.00000000e+00]
 [0.00000000e+00 0.00000000e+00 0.00000000e+00 1.00774797e-01
  0.00000000e+00 1.38948370e-01 1.06266083e-01 4.79904663e-01
  2.88910699e-01 2.29614445e-01 2.86336623e-01 0.00000000e+00
  9.47855568e-02 1.42453599e-01 0.00000000e+00]
 [0.00000000e+00 0.00000000e+00 0.00000000e+00 1.31271962e-01
  0.00000000e+00 1.46632439e-01 4.34091086e-01 5.07052498e-01
  5.28661021e-01 5.68374475e-01 8.20839272e-01 2.37010239e-01
  0.00000000e+00 7.60392475e-01 5.99508463e-01]
 [4.02034670e-01 0.00000000e+00 1.90333265e-01 2.55662459e-01
  0.00000000e+00 6.03883175e-01 3.22024237e-01 1.38434041e+00
  6.49873687e-01 6.28267166e-01 6.40173582e-01 8.87918939e-01
  3.85805618e-01 7.87709897e-01 4.42003242e-01]
 [0.00000000e+00 0.00000000e+00 0.00000000e+00 1.15687319e-02
  0.00000000e+00 2.17936016e-01 1.13024060e-01 4.10001326e-01
  3.82536476e-01 3.24786423e-01 1.74268275e-01 0.00000000e+00
  0.00000000e+00 1.89117855e-01 1.11684743e-01]
 [4.28645007e-01 4.37542409e-01 3.55707677e-01 2.99632579e-01
  4.13469551e-01 3.21609314e-01 3.19219054e-01 2.57113919e-01
  2.13487074e-01 1.41954612e-01 2.98791123e-01 3.28209132e-01
  3.68733048e-01 2.73808218e-01 5.80789046e-01]]

26
----------------------------------------------------------------------------------
[[0.         0.         0.11828254 0.         0.10403868 0.
  0.02983704 0.         0.00824704 0.29771388 0.09561938]
 [0.         0.14517987 0.25673799 0.         0.19976841 0.26791486
  0.25722466 0.         0.53499826 0.10524768 0.22753831]
 [0.12441704 0.08244923 0.14891463 0.12732024 0.55554464 0.42632675
  0.48014142 0.2011756  0.28599705 0.06974558 0.5990183 ]
 [0.         0.         0.         0.         0.03546059 0.05879272
  0.33990949 0.         0.18583346 0.20352713 0.12124416]
 [0.         0.         0.         0.         0.11768983 0.
  0.01521802 0.         0.04165876 0.13012932 0.        ]
 [0.         0.         0.29014728 0.04037534 0.37338731 0.35087689
  0.40986038 0.03143462 0.22979925 0.02820206 0.24435332]
 [0.         0.         0.15426086 0.         0.16572166 0.
  0.07242976 0.         0.1616229  0.         0.06011106]
 [0.         0.         0.01657671 0.         0.23893017 0.67895351
  3.8286796  0.99182669 1.31069619 1.23620515 0.79723411]
 [0.         0.         0.         0.         0.05123748 0.76595647
  4.98036121 1.86152012 1.50558508 1.85033578 1.25781795]
 [0.16506924 0.27706046 0.6802089  0.08056178 0.15711486 0.68260516
  1.28720181 0.24268097 0.1157678  0.23201527 0.45830404]
 [0.         0.         0.04640928 0.         0.07927698 0.46930958
  6.98718068 3.1375115  0.5669076  2.38056847 2.0582912 ]
 [0.         0.         0.         0.         0.1963222  0.30146322
  2.8616639  1.74557029 0.81164738 1.09043441 0.58505789]
 [0.         0.         0.22488283 0.20456509 0.1516381  0.40456387
  4.89118852 3.2376856  0.79432215 1.92412874 1.0096292 ]
 [0.00853434 0.         0.01822073 0.4596857  0.39391329 0.170174
  0.         0.         0.03358301 0.64465014 0.10971529]
 [0.1576644  0.21658164 0.11593678 1.03744465 1.31666081 0.88773692
  0.23893741 0.20652843 0.57019119 1.61993176 0.33593584]
 [0.19067099 0.69019583 0.25228886 0.69379162 0.9169247  0.87732395
  0.51367318 0.63915471 0.56147145 0.92264055 0.50572987]
 [0.         0.01005182 0.09486281 0.14028417 0.3729434  0.28491298
  0.         0.         0.         0.36379658 0.        ]
 [0.59464792 0.48966439 0.24036072 0.41288779 0.31005405 0.42968557
  0.36895705 0.37030489 0.34263857 0.34782908 0.30595546]]