

1
----------------------------------------------------------------------------------
[[0.0204679  0.         0.         0.         0.03086304 0.12340346
  0.18935352 0.33079035 0.26081838 0.03767061 0.06230092 0.25726482
  0.02405635 0.         0.        ]
 [0.         0.23619329 0.         0.14305541 0.         0.
  0.48219425 0.18808168 0.09969756 0.13241849 0.04637435 0.76609814
  0.29836929 0.0840911  0.13763165]
 [0.31170429 0.17945939 0.09122495 0.         0.         0.63066623
  0.55448864 0.53915808 0.24460239 0.38777104 0.         0.49854179
  0.24054279 0.17302255 0.60774607]
 [0.         0.         0.         0.         0.         0.1613758
  0.24656823 0.14665424 0.09915144 0.03625992 0.08559812 0.04471172
  0.33751196 0.         0.        ]
 [0.         0.         0.         0.17534246 0.         0.24113439
  0.26452525 0.28651155 0.05917406 0.07900837 0.02517966 0.0812282
  0.25305502 0.         0.        ]
 [0.16508095 0.56016396 0.01075101 0.         0.         0.08016245
  0.1836204  0.44474783 0.22104016 0.06123565 0.01283354 0.18201495
  0.51821967 0.95412671 0.12395485]
 [0.         0.         0.         0.11374531 0.         0.33003685
  0.35175826 0.27007516 0.27669288 0.         0.         0.1662275
  0.34249745 0.21661772 0.        ]
 [0.18085086 0.0963613  0.         0.         0.         0.02807289
  0.15050201 0.19253548 0.06762255 0.02332109 0.         0.
  0.48017748 0.1354609  0.        ]
 [0.10090298 0.11335024 0.         0.         0.         0.09227613
  0.20830136 0.15328019 0.13021834 0.03906128 0.         0.0131843
  1.33252783 0.36767571 0.        ]
 [0.         0.44104604 0.09345042 0.         0.         0.61887816
  0.94396333 0.         0.69061409 0.92689441 0.94959277 1.02057277
  1.23552698 0.60680102 1.24743863]
 [0.0170486  0.08071611 0.         0.         0.         0.33528822
  0.19032914 0.31543592 0.31897343 0.         0.         0.15596358
  1.01421739 1.00545257 0.        ]
 [0.08245742 0.         0.         0.         0.         0.09540085
  0.11720871 0.08339306 0.05825526 0.02778044 0.         0.
  0.4435167  0.         0.        ]
 [0.07369836 0.04710233 0.         0.         0.         0.07443136
  0.01335166 0.09872117 0.6221112  0.         0.         0.25558541
  0.48824585 2.61888671 0.        ]
 [0.5458073  0.3553756  0.35398009 0.38281962 0.         0.
  0.         0.2813024  0.         0.         0.09594299 0.21938907
  0.17615971 0.26944042 0.40414284]
 [0.28421022 0.395251   0.94308657 1.28136285 0.96844003 0.52433838
  0.76414043 0.24631441 0.         0.00491709 0.         0.28882954
  0.3960563  0.78860527 1.0847194 ]
 [0.15375024 0.         0.5111576  0.74547543 0.         0.51797982
  0.66345883 0.62823574 0.         0.         0.         0.25470752
  0.50986649 0.32692253 0.32797749]
 [0.58078135 0.44327332 0.65292627 0.69382114 0.39799703 0.14824666
  0.         0.         0.         0.         0.         0.12811521
  0.19907762 0.38930229 0.59508263]
 [0.64323901 0.89064985 1.28625757 1.34666852 1.49208469 1.10415525
  0.92203214 0.74811027 0.49159322 0.34978627 0.53276685 0.42934939
  0.41128095 0.37857523 0.34417501]]

2
----------------------------------------------------------------------------------
[[2.69319007e-01 4.25808318e-01 1.88463705e-01 0.00000000e+00
  0.00000000e+00 0.00000000e+00 0.00000000e+00 0.00000000e+00
  0.00000000e+00 0.00000000e+00 0.00000000e+00 0.00000000e+00
  0.00000000e+00 0.00000000e+00 1.40679465e-01]
 [2.62392061e-01 3.69880390e-01 3.38254412e-01 1.91045804e-01
  0.00000000e+00 0.00000000e+00 0.00000000e+00 0.00000000e+00
  0.00000000e+00 0.00000000e+00 7.14068669e-02 1.46298667e-01
  0.00000000e+00 2.09439194e-01 5.83233355e-01]
 [6.81519560e-01 3.95681602e-01 2.49784573e-01 7.89741829e-02
  1.19146298e-01 0.00000000e+00 0.00000000e+00 0.00000000e+00
  3.72003977e-02 0.00000000e+00 3.55985557e-01 4.47286601e-01
  2.22897472e-01 4.72300951e-01 8.26296750e-01]
 [1.67637537e-01 1.64512846e-01 2.77909542e-01 0.00000000e+00
  0.00000000e+00 0.00000000e+00 0.00000000e+00 0.00000000e+00
  0.00000000e+00 0.00000000e+00 0.00000000e+00 5.02088731e-02
  0.00000000e+00 0.00000000e+00 8.78260150e-02]
 [9.16031865e-02 6.48811895e-02 2.77182060e-01 0.00000000e+00
  0.00000000e+00 0.00000000e+00 0.00000000e+00 0.00000000e+00
  0.00000000e+00 0.00000000e+00 3.62354849e-02 1.11176232e-01
  0.00000000e+00 0.00000000e+00 1.68573884e-01]
 [2.80462687e-01 3.45413610e-01 6.66117219e-01 1.09307912e-01
  1.53313331e-01 0.00000000e+00 2.56740251e-01 0.00000000e+00
  0.00000000e+00 0.00000000e+00 5.10886976e-01 7.33468605e-01
  3.69788318e-01 6.49508686e-01 7.96443934e-01]
 [9.82969739e-02 5.91399390e-02 1.24001743e-01 0.00000000e+00
  0.00000000e+00 0.00000000e+00 0.00000000e+00 0.00000000e+00
  0.00000000e+00 0.00000000e+00 0.00000000e+00 1.25246061e-01
  0.00000000e+00 1.29039627e-01 2.07861171e-01]
 [1.42204601e-01 2.96500223e-01 3.99776471e-01 0.00000000e+00
  0.00000000e+00 0.00000000e+00 0.00000000e+00 0.00000000e+00
  0.00000000e+00 0.00000000e+00 0.00000000e+00 7.89746056e-02
  0.00000000e+00 0.00000000e+00 3.91673378e-02]
 [1.06436266e-01 1.86872450e-01 1.52872070e-01 0.00000000e+00
  0.00000000e+00 0.00000000e+00 0.00000000e+00 0.00000000e+00
  0.00000000e+00 0.00000000e+00 0.00000000e+00 5.84463718e-02
  0.00000000e+00 0.00000000e+00 2.88946584e-02]
 [1.11286030e+00 2.84480277e+00 1.41171178e+00 5.42014009e-01
  0.00000000e+00 1.24181339e+00 0.00000000e+00 6.92371772e-02
  5.18045203e-01 1.92470060e-01 5.08481541e-01 2.50794853e-01
  5.19609309e-01 1.05880507e+00 1.04948081e+00]
 [2.77432881e-02 0.00000000e+00 0.00000000e+00 0.00000000e+00
  0.00000000e+00 0.00000000e+00 0.00000000e+00 0.00000000e+00
  0.00000000e+00 0.00000000e+00 0.00000000e+00 9.19721235e-02
  0.00000000e+00 1.23337578e-01 4.28760274e-03]
 [1.74685752e-01 2.84909117e-01 2.87238355e-01 9.77645093e-02
  0.00000000e+00 0.00000000e+00 0.00000000e+00 0.00000000e+00
  0.00000000e+00 0.00000000e+00 0.00000000e+00 3.25927221e-02
  0.00000000e+00 0.00000000e+00 1.90719268e-03]
 [1.23283709e-01 0.00000000e+00 1.14273464e-01 0.00000000e+00
  0.00000000e+00 0.00000000e+00 0.00000000e+00 0.00000000e+00
  0.00000000e+00 0.00000000e+00 0.00000000e+00 7.70489651e-02
  0.00000000e+00 1.71473791e-01 2.78212446e-02]
 [8.69066986e-01 1.15591531e+00 7.27766079e-01 1.96775208e-01
  1.66434814e+00 1.05946210e+00 7.37890291e-01 6.05707972e-01
  6.67181868e-01 5.68441064e-01 8.33056871e-01 9.73599047e-01
  1.06720467e+00 1.38228532e+00 5.62939347e-01]
 [2.25586676e+00 2.47922103e+00 4.03869536e-01 2.81096334e-01
  1.47434725e+00 8.66421819e-01 4.59107882e-01 5.69623880e-01
  4.70910918e-01 5.21857440e-01 9.75679281e-01 1.36820550e+00
  1.83524263e+00 1.74113431e+00 1.03284715e+00]
 [7.04185806e-01 1.13407348e+00 8.87939612e-01 6.25365572e-01
  2.00444140e-01 1.18323623e-01 4.65746420e-01 6.64435163e-01
  6.85998167e-01 6.95761243e-01 9.24185733e-01 4.58477830e-01
  7.52197704e-01 5.83907616e-01 4.00966509e-01]
 [8.53827559e-01 1.53693364e+00 9.28262322e-01 7.10028953e-01
  1.76554306e-01 2.52381961e-01 1.19962613e-01 1.86464599e-01
  0.00000000e+00 0.00000000e+00 2.12784856e-01 9.78690468e-01
  1.20031377e+00 1.15697973e+00 1.13130868e+00]
 [3.07350856e-01 2.51356760e-01 2.66497729e-01 6.46515388e-01
  9.31834778e-01 1.24744423e+00 1.21169869e+00 1.04066819e+00
  9.20445301e-01 9.81818880e-01 3.62105532e-01 4.36270884e-01
  5.03365374e-01 4.53004151e-01 1.59146198e-01]]

3
----------------------------------------------------------------------------------
[[0.20661151 0.10187649 0.         0.         0.02121482 0.
  0.14921267 0.         0.         0.23089657 0.29693598 0.30946429
  0.11976959 0.         0.31251907]
 [0.16146871 0.         0.28861984 0.0314407  0.13160443 0.15175444
  0.37439811 0.         0.03393688 0.16392159 0.89582762 0.41829481
  0.51944088 0.1504746  0.33211739]
 [0.68125804 0.03784575 0.03025537 0.         0.29269514 0.
  0.06239697 0.20493345 0.09806473 0.72032725 0.08917458 0.56479557
  0.1741857  0.55784405 0.24071305]
 [0.23204771 0.04034971 0.         0.         0.         0.
  0.05361314 0.         0.         0.         0.10978689 0.1546241
  0.0814554  0.         0.31193738]
 [0.19244465 0.         0.04929398 0.         0.         0.
  0.         0.00864697 0.         0.         0.02565032 0.1735115
  0.03890934 0.         0.12130752]
 [0.55687743 0.35112266 0.26036434 0.         0.31885142 0.28062131
  0.55196516 0.28365651 0.30182993 0.24075515 0.44720321 0.32487094
  0.20957163 0.28919227 0.18395019]
 [0.26200927 0.         0.         0.         0.         0.
  0.         0.08369143 0.         0.1136012  0.01655917 0.18723867
  0.         0.         0.0193779 ]
 [0.1114925  0.         0.         0.         0.08683252 0.
  0.         0.         0.         0.         0.13552415 0.13938178
  0.09408876 0.0339594  0.30358205]
 [0.09836696 0.         0.04774206 0.         0.         0.
  0.         0.         0.         0.         0.01035853 0.06253889
  0.02298474 0.0718166  0.11935292]
 [0.55208833 1.13288644 0.9425164  0.27540003 0.86858287 0.33393107
  0.77865878 0.38469931 0.36362186 1.57240434 0.89389945 1.47234885
  1.21061521 0.36398801 1.27284775]
 [0.10568486 0.         0.         0.         0.         0.
  0.         0.         0.         0.         0.         0.
  0.         0.         0.        ]
 [0.14941483 0.         0.         0.         0.         0.
  0.04294682 0.         0.         0.         0.         0.088117
  0.00728836 0.08071817 0.21668957]
 [0.11809846 0.         0.         0.         0.         0.
  0.         0.         0.         0.         0.         0.
  0.         0.00864514 0.02385476]
 [0.33355049 0.38081404 0.70374673 0.42021063 0.07456475 0.
  0.         0.         0.         0.         0.18395537 0.
  0.15829079 0.3447854  1.16006535]
 [0.53764288 0.81889493 1.25419664 0.54951895 0.05778302 0.
  0.         0.         0.02982969 0.08614283 0.08468893 0.
  0.22249364 0.33919914 0.88914795]
 [0.4345449  0.32385253 0.57161577 0.15203808 0.14300977 0.
  0.         0.         0.         0.         0.09148115 0.
  0.104915   0.34147955 0.71845049]
 [0.16441965 0.71107129 1.16276109 0.59740747 0.0416038  0.
  0.         0.08055683 0.         0.         0.         0.
  0.         0.2174764  0.68581873]
 [0.24636577 0.72051241 0.82042575 0.86747448 0.70117846 0.79772807
  0.75525046 0.95529461 0.75379555 0.63903538 0.88459808 0.57001074
  0.2690278  0.43612485 0.34856337]]

4
----------------------------------------------------------------------------------
[[1.69675094e-01 0.00000000e+00 1.88158986e-02 0.00000000e+00
  0.00000000e+00 0.00000000e+00 2.19706549e-01 0.00000000e+00
  0.00000000e+00 1.23005807e-01 4.55821005e-02 3.72642089e-02
  0.00000000e+00 0.00000000e+00 0.00000000e+00]
 [0.00000000e+00 0.00000000e+00 0.00000000e+00 0.00000000e+00
  8.81566161e-02 2.15763928e-01 2.57142053e-01 0.00000000e+00
  0.00000000e+00 1.32044414e-01 1.08497929e-01 2.00509566e-01
  7.42048911e-01 1.10327497e-01 0.00000000e+00]
 [2.29744228e-02 0.00000000e+00 0.00000000e+00 0.00000000e+00
  0.00000000e+00 1.07651008e-01 2.00554355e-01 0.00000000e+00
  0.00000000e+00 2.99603914e-01 0.00000000e+00 7.66203093e-01
  6.29882112e-01 2.94381375e-01 7.71436270e-02]
 [1.76910199e-01 0.00000000e+00 0.00000000e+00 0.00000000e+00
  0.00000000e+00 0.00000000e+00 3.02300348e-01 0.00000000e+00
  0.00000000e+00 5.80949033e-02 0.00000000e+00 4.55610411e-02
  0.00000000e+00 0.00000000e+00 0.00000000e+00]
 [1.48140697e-02 3.29384853e-01 0.00000000e+00 0.00000000e+00
  0.00000000e+00 0.00000000e+00 3.21956607e-01 0.00000000e+00
  0.00000000e+00 1.66969491e-01 0.00000000e+00 0.00000000e+00
  0.00000000e+00 0.00000000e+00 0.00000000e+00]
 [0.00000000e+00 0.00000000e+00 0.00000000e+00 0.00000000e+00
  0.00000000e+00 9.66589356e-02 0.00000000e+00 0.00000000e+00
  0.00000000e+00 1.49248723e-01 1.05557489e-01 0.00000000e+00
  1.80416269e-01 4.57275384e-01 5.14308663e-01]
 [0.00000000e+00 0.00000000e+00 0.00000000e+00 0.00000000e+00
  0.00000000e+00 0.00000000e+00 1.94000473e-01 0.00000000e+00
  0.00000000e+00 6.61401722e-02 0.00000000e+00 0.00000000e+00
  1.81898516e-02 0.00000000e+00 0.00000000e+00]
 [1.84055880e+00 0.00000000e+00 2.68490988e-01 0.00000000e+00
  0.00000000e+00 0.00000000e+00 5.14509088e-02 0.00000000e+00
  0.00000000e+00 0.00000000e+00 0.00000000e+00 1.79897362e-01
  0.00000000e+00 0.00000000e+00 0.00000000e+00]
 [1.57369776e+00 0.00000000e+00 8.46048864e-01 7.91504051e-02
  0.00000000e+00 0.00000000e+00 3.52009315e-04 0.00000000e+00
  0.00000000e+00 6.51418849e-02 0.00000000e+00 0.00000000e+00
  0.00000000e+00 0.00000000e+00 0.00000000e+00]
 [0.00000000e+00 0.00000000e+00 9.14745556e-01 0.00000000e+00
  7.65796585e-01 3.21571138e-01 4.79056945e-01 2.87084959e-01
  2.44679474e-01 2.80669660e-02 2.35622815e-01 2.69061725e-01
  5.91531643e-01 6.14213470e-01 6.43978083e-01]
 [3.66585783e+00 0.00000000e+00 1.01552772e+00 5.41020456e-01
  2.06844384e-01 0.00000000e+00 0.00000000e+00 0.00000000e+00
  0.00000000e+00 0.00000000e+00 0.00000000e+00 0.00000000e+00
  0.00000000e+00 1.55440478e-03 0.00000000e+00]
 [5.56596361e-01 0.00000000e+00 0.00000000e+00 0.00000000e+00
  0.00000000e+00 0.00000000e+00 3.40258648e-02 0.00000000e+00
  0.00000000e+00 0.00000000e+00 0.00000000e+00 6.16343945e-02
  0.00000000e+00 0.00000000e+00 0.00000000e+00]
 [2.31519220e+00 0.00000000e+00 5.10593113e-01 1.27682711e-01
  6.34049248e-02 0.00000000e+00 0.00000000e+00 0.00000000e+00
  0.00000000e+00 0.00000000e+00 0.00000000e+00 0.00000000e+00
  0.00000000e+00 1.85409112e-01 0.00000000e+00]
 [0.00000000e+00 0.00000000e+00 0.00000000e+00 0.00000000e+00
  0.00000000e+00 1.67198373e-01 1.57030890e-01 2.44038673e-01
  2.60522911e-01 2.71840597e-01 0.00000000e+00 0.00000000e+00
  6.28352290e-02 1.03200522e-01 1.41845346e+00]
 [0.00000000e+00 0.00000000e+00 0.00000000e+00 0.00000000e+00
  0.00000000e+00 0.00000000e+00 0.00000000e+00 0.00000000e+00
  0.00000000e+00 0.00000000e+00 0.00000000e+00 0.00000000e+00
  1.82587883e-01 1.50322140e-01 1.23369647e+00]
 [0.00000000e+00 0.00000000e+00 0.00000000e+00 0.00000000e+00
  7.42496310e-02 5.46687756e-02 0.00000000e+00 0.00000000e+00
  1.18414434e-02 0.00000000e+00 0.00000000e+00 0.00000000e+00
  4.61704909e-01 6.23117226e-01 1.17658196e+00]
 [0.00000000e+00 0.00000000e+00 0.00000000e+00 0.00000000e+00
  0.00000000e+00 0.00000000e+00 1.01118683e-01 0.00000000e+00
  0.00000000e+00 0.00000000e+00 0.00000000e+00 0.00000000e+00
  0.00000000e+00 9.12811669e-02 2.21033388e-01]
 [1.28480272e+00 1.80163178e+00 1.50668274e+00 1.56625171e+00
  9.60310237e-01 7.46509879e-01 6.15795197e-01 1.20143149e+00
  1.13002642e+00 5.73892923e-01 8.81419777e-01 4.95213494e-01
  2.60410657e-01 3.17000576e-01 4.73640305e-01]]

5
----------------------------------------------------------------------------------
[[0.00000000e+00 0.00000000e+00 0.00000000e+00 0.00000000e+00
  0.00000000e+00 0.00000000e+00 1.31143441e-01 0.00000000e+00
  2.16315334e-01 1.19539769e-01 0.00000000e+00 2.47190762e-02
  1.17175533e-02 0.00000000e+00 1.20394390e-01]
 [1.98833206e-01 0.00000000e+00 0.00000000e+00 0.00000000e+00
  0.00000000e+00 0.00000000e+00 5.97415255e-02 1.49679039e-02
  3.32898037e-01 3.78189333e-01 4.67163802e-02 0.00000000e+00
  7.62614842e-02 2.80531946e-02 2.91599075e-01]
 [2.50537817e-02 0.00000000e+00 0.00000000e+00 0.00000000e+00
  1.62790713e-03 2.61260832e-01 5.84437858e-02 0.00000000e+00
  2.96961588e-01 4.71776840e-01 2.00813939e-01 9.30194483e-02
  1.90670346e-02 2.13047840e-01 3.57335738e-01]
 [0.00000000e+00 0.00000000e+00 0.00000000e+00 0.00000000e+00
  0.00000000e+00 0.00000000e+00 0.00000000e+00 0.00000000e+00
  8.21530537e-02 9.00537370e-02 0.00000000e+00 0.00000000e+00
  2.59121092e-03 0.00000000e+00 2.80567579e-02]
 [0.00000000e+00 0.00000000e+00 0.00000000e+00 0.00000000e+00
  0.00000000e+00 0.00000000e+00 0.00000000e+00 0.00000000e+00
  3.38226405e-02 5.77651338e-02 0.00000000e+00 0.00000000e+00
  0.00000000e+00 0.00000000e+00 1.82396627e-01]
 [0.00000000e+00 0.00000000e+00 0.00000000e+00 0.00000000e+00
  0.00000000e+00 1.25185244e-01 2.34568545e-01 0.00000000e+00
  6.08862273e-01 2.20172467e-01 0.00000000e+00 0.00000000e+00
  2.63174256e-02 1.25472897e-01 3.57384792e-01]
 [0.00000000e+00 0.00000000e+00 0.00000000e+00 0.00000000e+00
  0.00000000e+00 0.00000000e+00 0.00000000e+00 0.00000000e+00
  5.20352584e-02 2.24140245e-02 0.00000000e+00 0.00000000e+00
  5.80549835e-03 0.00000000e+00 2.15197665e-01]
 [0.00000000e+00 0.00000000e+00 0.00000000e+00 0.00000000e+00
  0.00000000e+00 0.00000000e+00 0.00000000e+00 0.00000000e+00
  0.00000000e+00 0.00000000e+00 0.00000000e+00 0.00000000e+00
  0.00000000e+00 0.00000000e+00 0.00000000e+00]
 [0.00000000e+00 0.00000000e+00 0.00000000e+00 0.00000000e+00
  0.00000000e+00 0.00000000e+00 0.00000000e+00 0.00000000e+00
  0.00000000e+00 0.00000000e+00 0.00000000e+00 0.00000000e+00
  0.00000000e+00 0.00000000e+00 4.38151250e-03]
 [1.39905449e-01 0.00000000e+00 4.02886901e-01 5.72687610e-01
  0.00000000e+00 1.11573711e+00 2.02834501e-01 0.00000000e+00
  1.24719539e+00 2.16346304e-01 5.88547227e-01 1.97198192e-01
  1.20772940e+00 6.33673867e-01 5.17795684e-01]
 [0.00000000e+00 0.00000000e+00 0.00000000e+00 0.00000000e+00
  0.00000000e+00 0.00000000e+00 0.00000000e+00 0.00000000e+00
  6.24850673e-03 0.00000000e+00 0.00000000e+00 0.00000000e+00
  0.00000000e+00 1.66922849e-02 6.21153653e-02]
 [0.00000000e+00 0.00000000e+00 0.00000000e+00 0.00000000e+00
  0.00000000e+00 0.00000000e+00 0.00000000e+00 0.00000000e+00
  0.00000000e+00 1.54115713e-01 0.00000000e+00 1.17251483e-01
  0.00000000e+00 0.00000000e+00 0.00000000e+00]
 [0.00000000e+00 0.00000000e+00 0.00000000e+00 0.00000000e+00
  0.00000000e+00 0.00000000e+00 0.00000000e+00 1.71885926e-01
  0.00000000e+00 0.00000000e+00 0.00000000e+00 0.00000000e+00
  0.00000000e+00 1.14551835e-01 0.00000000e+00]
 [5.51572359e-02 0.00000000e+00 2.25522369e-02 5.00103966e-01
  3.60265867e-01 2.16151297e-01 0.00000000e+00 0.00000000e+00
  0.00000000e+00 0.00000000e+00 2.53455735e-01 5.57980530e-02
  8.31733675e-02 2.45274680e-01 5.95782104e-01]
 [3.55649164e-02 0.00000000e+00 1.17314383e+00 1.34513986e+00
  4.01691640e-01 1.13545526e-01 2.82849006e-01 2.28480432e-01
  0.00000000e+00 4.42121274e-02 4.83111699e-01 0.00000000e+00
  1.75746274e-01 9.82417564e-01 2.02543652e+00]
 [4.70492363e-01 0.00000000e+00 6.70685913e-02 4.25815218e-01
  2.48112186e-01 2.59272185e-01 8.49426880e-01 1.58274583e-01
  4.97800745e-01 0.00000000e+00 0.00000000e+00 3.84141063e-02
  2.71046933e-02 4.82338902e-01 8.76973938e-01]
 [1.35616233e-01 0.00000000e+00 0.00000000e+00 9.84344339e-02
  0.00000000e+00 6.96024813e-02 0.00000000e+00 0.00000000e+00
  0.00000000e+00 0.00000000e+00 9.72406448e-02 1.38414554e-01
  1.10910142e-01 1.14607913e-01 1.02179074e+00]
 [5.22352754e-01 9.88054282e-01 7.17060458e-01 5.90851458e-01
  5.28011392e-01 4.02734389e-01 5.86917291e-01 1.03553966e+00
  9.80503677e-01 8.52353466e-01 8.71148137e-01 9.22022662e-01
  4.48948560e-01 2.61023153e-01 2.86932285e-01]]

6
----------------------------------------------------------------------------------
[[1.73797468e-02 1.38289803e-01 2.33672803e-01 1.85996886e-01
  6.14825641e-02 0.00000000e+00 1.52678932e-01 0.00000000e+00
  0.00000000e+00 9.15615121e-02 5.03144985e-02 0.00000000e+00
  0.00000000e+00 7.24429176e-02 0.00000000e+00]
 [4.56513102e-01 1.46506745e-01 4.38643981e-01 4.13544156e-01
  0.00000000e+00 2.84376424e-01 2.89842008e-01 2.33291185e-01
  1.17733370e-01 0.00000000e+00 3.83041765e-01 1.83860333e-01
  2.53210436e-01 0.00000000e+00 0.00000000e+00]
 [3.11204778e-01 1.68360389e-01 5.50873197e-01 4.47288822e-01
  6.57914548e-02 6.63288279e-02 5.72180270e-01 6.34387512e-02
  3.18601999e-01 3.84959153e-01 5.66548487e-01 1.00286409e-01
  2.51374627e-01 1.87697770e-01 8.48143160e-02]
 [0.00000000e+00 2.74649423e-02 1.53589303e-01 1.51930967e-01
  0.00000000e+00 0.00000000e+00 7.25205819e-03 0.00000000e+00
  1.84790430e-01 1.14963539e-01 5.28845218e-02 0.00000000e+00
  3.61118525e-02 1.83577251e-01 0.00000000e+00]
 [4.03552618e-02 0.00000000e+00 1.96433327e-01 1.42961998e-01
  0.00000000e+00 0.00000000e+00 5.80989287e-02 0.00000000e+00
  1.05134796e-01 4.92380605e-02 0.00000000e+00 0.00000000e+00
  8.15219254e-02 4.58767900e-02 0.00000000e+00]
 [3.21910949e-01 2.56082898e-01 4.72050153e-01 5.41444219e-01
  5.89558001e-02 1.20512042e-01 6.88642229e-01 3.94199899e-01
  8.96261653e-01 7.27330291e-01 1.27625467e+00 1.75233639e-01
  5.13846979e-02 0.00000000e+00 1.40186364e-01]
 [2.94371097e-03 0.00000000e+00 1.43372224e-01 7.52251136e-02
  6.43199349e-02 0.00000000e+00 1.16955905e-01 2.30565393e-02
  1.28739518e-01 3.47318890e-01 1.44982165e-01 0.00000000e+00
  1.00969729e-01 0.00000000e+00 5.73477932e-02]
 [0.00000000e+00 4.24119897e-02 7.76468655e-02 7.60740193e-02
  0.00000000e+00 0.00000000e+00 7.75520855e-02 0.00000000e+00
  7.53645083e-02 5.83581209e+00 2.19060082e+00 2.85282787e-01
  1.92224702e+00 1.28865885e+00 2.30739679e-01]
 [0.00000000e+00 0.00000000e+00 1.02832733e-01 5.10206621e-02
  0.00000000e+00 0.00000000e+00 0.00000000e+00 0.00000000e+00
  2.41050306e-01 2.89132807e+00 3.03123658e+00 2.00084035e-01
  2.70702447e+00 1.92127437e+00 6.09390206e-01]
 [1.06283940e+00 3.86324459e-01 4.95242902e-01 1.71800239e-01
  7.74517696e-01 7.41578569e-02 6.57989559e-01 1.28536833e+00
  4.44420230e-01 9.74362690e-01 1.45543638e+00 2.59234779e-01
  1.45678332e+00 1.17844114e+00 5.43503368e-01]
 [0.00000000e+00 0.00000000e+00 2.13581230e-01 0.00000000e+00
  0.00000000e+00 0.00000000e+00 0.00000000e+00 0.00000000e+00
  2.23132759e-01 3.22735924e+00 4.37709298e+00 0.00000000e+00
  2.15730762e+00 2.32021409e+00 1.52885048e+00]
 [3.35882662e-02 0.00000000e+00 1.54614144e-02 7.60468891e-02
  0.00000000e+00 0.00000000e+00 6.48710488e-03 3.97251000e-02
  1.03802090e-02 8.10534775e-01 1.36520296e+00 3.73885340e-01
  1.09186070e+00 5.87725013e-01 1.35638894e-02]
 [5.79769648e-02 1.85923346e-02 6.88937851e-02 0.00000000e+00
  0.00000000e+00 0.00000000e+00 0.00000000e+00 0.00000000e+00
  2.05220494e-01 1.47509025e+00 2.85048439e+00 2.29559671e-01
  1.42587707e+00 1.77817399e+00 7.46943593e-01]
 [3.65683540e-01 2.47558127e-01 2.25141827e-02 0.00000000e+00
  6.32674462e-02 1.77177363e+00 6.76598177e-01 1.09503482e-01
  9.99526641e-03 0.00000000e+00 7.93297252e-01 9.09601303e-01
  1.90721093e-01 1.23617859e+00 0.00000000e+00]
 [8.10129671e-01 4.27799603e-01 2.04658293e-01 3.12730583e-02
  6.33757861e-02 2.33626072e+00 1.02380915e+00 4.85047215e-01
  1.41258749e-02 0.00000000e+00 1.21364575e+00 9.69508965e-01
  2.77145530e-01 1.12303063e+00 0.00000000e+00]
 [5.72353900e-01 1.41119570e+00 3.84414132e-01 0.00000000e+00
  2.81857869e-01 1.74920696e+00 1.17271863e+00 3.59132105e-01
  0.00000000e+00 2.85658485e-01 7.22627306e-01 7.35418178e-01
  4.61243375e-01 4.37093094e-01 0.00000000e+00]
 [6.61615799e-01 1.96909578e-01 3.42224336e-03 0.00000000e+00
  0.00000000e+00 2.38808367e-01 2.54738263e-01 3.55615712e-01
  9.57140067e-02 0.00000000e+00 9.79420215e-01 1.17657933e+00
  1.36883198e-01 5.44431597e-02 0.00000000e+00]
 [2.90134365e-01 3.11546769e-01 3.59897400e-01 6.24311347e-01
  7.95037217e-01 1.03515863e+00 5.32126239e-01 3.33981375e-01
  4.46367202e-01 5.09532507e-01 1.82767251e-01 3.74509032e-01
  3.60414956e-01 7.35521202e-01 9.63737878e-01]]

7
----------------------------------------------------------------------------------
[[1.43475451e-01 0.00000000e+00 0.00000000e+00 3.25222133e-01
  0.00000000e+00 0.00000000e+00 0.00000000e+00 1.62709614e-01
  0.00000000e+00 0.00000000e+00 9.41807398e-02 6.27239649e-02
  3.60029177e-01 1.91105233e-01 2.53997265e-01]
 [1.09883757e-02 0.00000000e+00 0.00000000e+00 3.79878325e-01
  4.31453686e-02 1.31174347e-03 1.64663562e-01 2.27593041e-01
  5.16826893e-02 9.40022642e-02 0.00000000e+00 3.20376936e-01
  5.10442677e-01 2.40635054e-01 3.78206019e-01]
 [2.50033316e-01 1.02994457e-02 0.00000000e+00 2.95862361e-03
  3.66263377e-02 2.11393859e-01 5.51397250e-01 6.65483165e-01
  1.34421257e-01 7.40517478e-02 2.02583683e-01 4.74640878e-01
  4.39546114e-01 7.00270504e-01 2.92597606e-01]
 [3.70117007e-02 0.00000000e+00 0.00000000e+00 0.00000000e+00
  0.00000000e+00 0.00000000e+00 0.00000000e+00 1.05173663e-02
  0.00000000e+00 0.00000000e+00 0.00000000e+00 0.00000000e+00
  9.70101421e-02 7.58597344e-02 2.97507101e-01]
 [3.09777273e-02 0.00000000e+00 0.00000000e+00 0.00000000e+00
  3.64103283e-02 0.00000000e+00 4.27570968e-02 6.87773543e-02
  0.00000000e+00 1.09988849e-02 0.00000000e+00 0.00000000e+00
  8.59725797e-02 0.00000000e+00 2.25802049e-01]
 [3.45797660e-01 1.03623560e-02 0.00000000e+00 0.00000000e+00
  0.00000000e+00 4.74029643e-02 2.20383346e-01 8.80552675e-02
  0.00000000e+00 3.78758799e-01 0.00000000e+00 9.61973908e-01
  1.49666646e-01 5.77711363e-01 3.71444820e-01]
 [0.00000000e+00 0.00000000e+00 0.00000000e+00 0.00000000e+00
  1.55701915e-03 0.00000000e+00 3.89268877e-03 8.42660912e-02
  0.00000000e+00 1.67250738e-02 0.00000000e+00 7.45672311e-02
  1.91601900e-02 1.22851660e-01 1.00313126e-01]
 [1.71226652e-01 0.00000000e+00 0.00000000e+00 0.00000000e+00
  0.00000000e+00 0.00000000e+00 0.00000000e+00 0.00000000e+00
  0.00000000e+00 0.00000000e+00 0.00000000e+00 0.00000000e+00
  0.00000000e+00 2.98587031e-01 1.93482458e-01]
 [1.45241359e-01 0.00000000e+00 0.00000000e+00 0.00000000e+00
  0.00000000e+00 0.00000000e+00 0.00000000e+00 1.04579446e-02
  0.00000000e+00 0.00000000e+00 0.00000000e+00 0.00000000e+00
  0.00000000e+00 1.76839604e-01 1.74171151e-01]
 [4.83101349e-01 5.73746396e-01 0.00000000e+00 7.53137742e-02
  1.56677627e+00 5.07074385e-01 1.07073414e+00 1.32580538e+00
  1.25185210e+00 1.39042342e+00 7.82509519e-01 8.67000342e-01
  8.91791548e-01 8.63337409e-01 4.21817923e-01]
 [1.43534792e-01 0.00000000e+00 0.00000000e+00 0.00000000e+00
  0.00000000e+00 0.00000000e+00 0.00000000e+00 5.04940704e-02
  0.00000000e+00 0.00000000e+00 0.00000000e+00 0.00000000e+00
  7.78519707e-02 1.56239698e-01 0.00000000e+00]
 [1.45171526e-02 0.00000000e+00 0.00000000e+00 0.00000000e+00
  0.00000000e+00 0.00000000e+00 0.00000000e+00 1.60305404e-02
  0.00000000e+00 0.00000000e+00 6.92105192e-03 0.00000000e+00
  0.00000000e+00 1.08507979e-01 1.20496082e-01]
 [7.11674649e-02 0.00000000e+00 0.00000000e+00 0.00000000e+00
  0.00000000e+00 0.00000000e+00 3.10570401e-02 2.08525431e-01
  0.00000000e+00 0.00000000e+00 0.00000000e+00 8.67127393e-02
  1.87291336e-01 9.83483394e-02 2.18327363e-02]
 [3.92010856e-01 2.88652807e-01 4.05291050e-01 4.20395141e-01
  4.65143931e-01 2.03779066e-01 2.05058857e+00 4.56153211e-01
  0.00000000e+00 2.61593418e-01 6.99974248e-02 2.41432219e-01
  2.88930842e-01 9.12903481e-02 3.38600483e-01]
 [2.54905879e+00 5.17838101e-01 5.74313618e-01 3.63681827e-01
  6.57249015e-01 4.16431374e-01 3.43799814e+00 1.50506329e+00
  1.35253065e-01 4.87937853e-01 2.66585974e-01 3.90743734e-01
  2.40909178e-01 4.48112971e-01 1.33105140e+00]
 [0.00000000e+00 9.33709852e-02 1.62940659e-01 1.09687366e-01
  4.81437899e-01 1.21016804e-01 9.02508494e-01 4.90279408e-01
  2.65016294e-01 1.23123123e-01 6.39970274e-02 1.93436399e-01
  4.40440277e-01 2.18505820e-01 2.23114330e-01]
 [4.62402088e-01 4.46567439e-01 1.41895296e-01 5.74491559e-02
  1.83731279e-01 2.32603829e-02 1.61501941e+00 1.33601016e+00
  1.68656938e-01 5.97691376e-01 5.16347137e-01 5.19529261e-01
  2.38315671e-01 4.55202731e-01 1.15113589e+00]
 [9.17199016e-01 1.00575230e+00 1.05550438e+00 9.88170296e-01
  6.01875530e-01 4.61505896e-01 3.66440158e-01 2.60133006e-01
  4.04754073e-01 3.37916409e-01 5.06009358e-01 3.27603376e-01
  1.77602461e-01 3.71707526e-01 4.35702771e-01]]

8
----------------------------------------------------------------------------------
[[3.08325405e-01 1.75496227e-01 2.15036772e-01 3.76865565e-02
  0.00000000e+00 9.42316876e-02 1.95960932e-01 0.00000000e+00
  0.00000000e+00 0.00000000e+00 0.00000000e+00 0.00000000e+00
  0.00000000e+00 0.00000000e+00 3.86290117e-02]
 [1.29568003e-01 1.08881491e-01 2.98486838e-01 0.00000000e+00
  2.05078599e-01 2.28070364e-01 1.58974605e-01 0.00000000e+00
  0.00000000e+00 0.00000000e+00 0.00000000e+00 0.00000000e+00
  4.01067311e-01 1.73973011e-01 1.36706010e-01]
 [1.06171961e-01 4.13080236e-02 3.99447852e-01 6.34490281e-02
  2.93374519e-01 9.70977766e-01 1.73045635e-01 1.09005186e-01
  0.00000000e+00 6.89852465e-01 3.42236660e-02 4.11387277e-02
  3.40123801e-01 1.04843865e-01 3.65687997e-01]
 [4.18381465e-01 1.56709151e-01 1.00821880e-01 0.00000000e+00
  0.00000000e+00 0.00000000e+00 1.81989476e-01 0.00000000e+00
  0.00000000e+00 0.00000000e+00 3.56790736e-03 0.00000000e+00
  0.00000000e+00 0.00000000e+00 0.00000000e+00]
 [4.24042423e-01 1.75664611e-01 6.81008364e-02 1.64336888e-01
  0.00000000e+00 1.26022470e-01 7.77886484e-02 0.00000000e+00
  0.00000000e+00 0.00000000e+00 0.00000000e+00 0.00000000e+00
  1.84413655e-02 0.00000000e+00 0.00000000e+00]
 [9.75292911e-01 2.11212868e-01 5.98068769e-01 4.22969931e-01
  3.74662355e-01 3.07826258e-01 2.04953441e-01 0.00000000e+00
  0.00000000e+00 4.88091939e-01 1.95132536e-01 3.57921406e-02
  0.00000000e+00 0.00000000e+00 3.68485319e-01]
 [1.76620564e-01 1.98710253e-01 5.32883988e-02 2.02054164e-01
  0.00000000e+00 1.22328633e-02 2.60092392e-02 0.00000000e+00
  0.00000000e+00 0.00000000e+00 4.29992893e-02 0.00000000e+00
  0.00000000e+00 0.00000000e+00 2.39535601e-02]
 [5.46751810e-01 1.64489719e-01 4.20018252e+00 3.36114427e+00
  4.35438464e-01 1.72776788e+00 1.86042222e+00 3.16844671e-01
  0.00000000e+00 2.13375644e-01 0.00000000e+00 0.00000000e+00
  0.00000000e+00 0.00000000e+00 8.05429237e-02]
 [4.79048348e-01 0.00000000e+00 2.37851284e+00 2.93955973e+00
  8.63439141e-01 2.05174085e+00 2.26768553e+00 9.49580810e-01
  2.93362746e-01 2.94793317e-01 0.00000000e+00 0.00000000e+00
  0.00000000e+00 0.00000000e+00 0.00000000e+00]
 [4.22179916e-01 1.86816309e+00 1.40446214e+00 1.05209348e+00
  1.49352999e+00 1.34183860e+00 1.72484307e+00 8.68048157e-01
  7.28266266e-02 6.18255050e-01 7.55813059e-01 5.64080619e-01
  3.77192626e-01 2.12850142e-01 1.45761348e+00]
 [6.61772151e-02 0.00000000e+00 2.11456243e+00 5.01902744e+00
  4.22468379e-01 9.66193347e-01 2.60546531e+00 1.64303526e+00
  6.33239724e-01 3.31993113e-01 5.32106439e-02 0.00000000e+00
  0.00000000e+00 0.00000000e+00 1.60584426e-02]
 [4.26494709e-01 1.02500314e-01 9.53122508e-01 1.09642981e+00
  3.16257935e-01 1.00551257e+00 1.03040805e+00 1.11660079e-02
  0.00000000e+00 0.00000000e+00 0.00000000e+00 0.00000000e+00
  0.00000000e+00 0.00000000e+00 1.94137445e-01]
 [0.00000000e+00 1.21847349e-01 1.10869619e+00 3.25552550e+00
  4.65438253e-01 1.00160989e+00 1.98740465e+00 9.33850334e-01
  3.91478286e-01 1.01589676e-01 0.00000000e+00 0.00000000e+00
  0.00000000e+00 4.91464369e-02 1.73863536e-01]
 [3.96858974e-02 6.44475383e-01 3.66711878e-01 5.17432431e-01
  3.15921193e-01 2.10293230e-01 6.08517471e-01 1.24785741e-01
  0.00000000e+00 1.01558598e+00 7.54076629e-01 1.44184257e-01
  5.21552424e-01 7.23803104e-01 2.83839536e-01]
 [7.45937773e-02 4.33442170e-01 7.06626238e-01 1.16416924e+00
  4.48121752e-01 3.30275167e-01 9.64717851e-01 5.29709486e-01
  6.25184039e-01 2.59065561e+00 1.17288259e+00 3.97456525e-01
  1.19345254e+00 1.33038990e+00 1.56171613e-01]
 [9.27886590e-01 1.39836564e+00 6.74827176e-01 4.64503235e-01
  3.41724586e-01 4.06458211e-01 7.45332280e-01 8.03370283e-01
  1.28539166e+00 0.00000000e+00 5.78110156e-01 3.48781964e-02
  2.00151251e-01 0.00000000e+00 3.40134457e-01]
 [1.66754643e-01 1.10189714e-01 5.85195157e-01 1.09907918e+00
  5.70607962e-01 2.07405030e-01 1.43955424e-01 0.00000000e+00
  1.10418444e-01 1.87253449e+00 5.47459855e-01 0.00000000e+00
  8.88045606e-01 8.62512670e-01 1.67170973e-01]
 [7.46248595e-01 4.25365920e-01 2.69197791e-01 2.74023605e-01
  4.41712937e-01 2.91143083e-01 2.85667988e-01 9.20099079e-01
  1.11105366e+00 7.63699483e-01 5.51147071e-01 8.25160355e-01
  6.68454225e-01 5.48160392e-01 1.88576369e-01]]

9
----------------------------------------------------------------------------------
[[0.00000000e+00 0.00000000e+00 0.00000000e+00 0.00000000e+00
  0.00000000e+00 1.36976983e-02 1.35303639e-01 0.00000000e+00
  0.00000000e+00 0.00000000e+00 0.00000000e+00 9.41142212e-02
  1.33867134e-01 1.73588592e-01 0.00000000e+00]
 [0.00000000e+00 0.00000000e+00 9.97775517e-02 1.20034897e-01
  0.00000000e+00 2.42910646e-01 9.94496623e-02 4.54689383e-01
  0.00000000e+00 0.00000000e+00 1.58578091e-02 2.43995044e-01
  6.26455688e-01 1.51447457e-01 1.95282028e-01]
 [7.74757404e-02 0.00000000e+00 0.00000000e+00 0.00000000e+00
  0.00000000e+00 3.19368617e-01 2.97443268e-01 1.94936550e-01
  0.00000000e+00 3.73925467e-01 3.66176785e-01 3.93822100e-01
  5.13835140e-01 2.94061504e-01 1.53001750e-01]
 [0.00000000e+00 0.00000000e+00 0.00000000e+00 0.00000000e+00
  0.00000000e+00 0.00000000e+00 1.25870291e-01 0.00000000e+00
  0.00000000e+00 0.00000000e+00 0.00000000e+00 1.25407131e-01
  1.01803291e-01 6.74711770e-02 2.80569372e-02]
 [0.00000000e+00 0.00000000e+00 0.00000000e+00 0.00000000e+00
  0.00000000e+00 0.00000000e+00 2.65253533e-02 0.00000000e+00
  0.00000000e+00 0.00000000e+00 0.00000000e+00 1.71849449e-01
  1.59355351e-01 3.77152409e-02 0.00000000e+00]
 [0.00000000e+00 0.00000000e+00 3.59330151e-01 3.85201135e-01
  3.08078797e-01 4.40365501e-02 3.36105262e-01 8.02637887e-02
  0.00000000e+00 0.00000000e+00 2.63020242e-01 8.57241343e-01
  4.90257331e-01 1.21920447e-01 4.18834037e-01]
 [0.00000000e+00 0.00000000e+00 0.00000000e+00 0.00000000e+00
  0.00000000e+00 8.27207588e-03 7.02800679e-02 0.00000000e+00
  0.00000000e+00 0.00000000e+00 2.73194685e-02 2.20557737e-02
  2.52329415e-01 3.80389586e-02 0.00000000e+00]
 [0.00000000e+00 0.00000000e+00 0.00000000e+00 0.00000000e+00
  0.00000000e+00 1.67894517e-01 1.06412975e+00 3.53330301e+00
  3.93325602e-01 1.12066347e+00 1.22932305e+00 7.54619960e-01
  3.16721532e-01 0.00000000e+00 1.09478278e-03]
 [0.00000000e+00 0.00000000e+00 0.00000000e+00 0.00000000e+00
  0.00000000e+00 1.42008540e-01 9.65286010e-01 2.98450022e+00
  8.54376254e-01 1.29086562e+00 2.10329041e+00 1.02558002e+00
  3.91391182e-01 2.18403391e-02 1.20239236e-02]
 [6.90282398e-01 2.08814363e-01 0.00000000e+00 0.00000000e+00
  4.31090598e-01 1.17347828e+00 1.23407049e+00 7.94679509e-01
  1.47084979e-01 3.38901551e-01 7.31276913e-01 7.90899593e-01
  1.66296135e+00 7.97842019e-01 6.69021079e-01]
 [0.00000000e+00 0.00000000e+00 0.00000000e+00 0.00000000e+00
  2.21567488e-02 0.00000000e+00 2.90458452e-01 2.08023172e+00
  6.71540274e-01 1.61929672e-01 9.48708312e-01 4.83598218e-01
  4.68761703e-01 1.96089630e-02 0.00000000e+00]
 [0.00000000e+00 0.00000000e+00 0.00000000e+00 0.00000000e+00
  0.00000000e+00 6.61581795e-02 3.72587530e-01 1.27226061e+00
  1.12996679e-01 7.40919840e-01 1.03522831e+00 3.33821187e-01
  3.76606003e-02 0.00000000e+00 4.69231834e-02]
 [0.00000000e+00 0.00000000e+00 0.00000000e+00 0.00000000e+00
  0.00000000e+00 9.34558726e-02 4.38035880e-01 3.36828914e+00
  2.23053569e+00 7.08487832e-01 2.14440293e+00 8.52533239e-01
  5.17844837e-01 6.20008031e-02 0.00000000e+00]
 [0.00000000e+00 5.41292747e-02 0.00000000e+00 0.00000000e+00
  4.88331148e-02 2.88790810e-01 5.47052661e-01 1.86388731e-01
  0.00000000e+00 1.32109720e-01 1.25341420e-01 2.80715999e-01
  3.39808105e-01 5.84242629e-01 3.93871856e-02]
 [4.75416040e-02 2.28386235e-02 1.08336702e-01 0.00000000e+00
  4.73761608e-02 2.33119031e-02 2.77176547e-01 3.50292387e-01
  0.00000000e+00 0.00000000e+00 1.98145038e-01 2.61352633e-01
  1.62402861e-01 1.70408981e-01 4.86056767e-02]
 [0.00000000e+00 0.00000000e+00 5.18395298e-02 0.00000000e+00
  5.17243584e-02 1.65677967e-01 7.59910508e-01 3.43087524e-01
  0.00000000e+00 1.00288471e+00 1.55302011e-01 9.36751795e-02
  1.03206340e-01 3.48283225e-01 5.03429854e-01]
 [6.06718873e-02 1.34360256e-01 4.85031190e-02 0.00000000e+00
  0.00000000e+00 3.56112266e-02 2.02762654e-01 0.00000000e+00
  0.00000000e+00 0.00000000e+00 0.00000000e+00 2.29916304e-01
  1.95379777e-01 1.41879559e-01 5.95056255e-02]
 [7.69060155e-01 7.18796634e-01 7.79446431e-01 8.26453432e-01
  4.05527074e-01 2.72025948e-01 2.42535740e-01 3.58185026e-01
  7.17199730e-01 4.68650866e-01 5.36368704e-01 3.76687356e-01
  2.67161082e-01 3.11151354e-01 2.60154892e-01]]

10
----------------------------------------------------------------------------------
[[0.00000000e+00 9.84927180e-02 0.00000000e+00 3.39950362e-02
  1.36961033e-02 0.00000000e+00 0.00000000e+00 7.77816419e-02
  0.00000000e+00 0.00000000e+00 0.00000000e+00 0.00000000e+00
  0.00000000e+00 9.38993716e-02 1.06981230e-01]
 [0.00000000e+00 3.55195179e-01 1.38191277e-01 1.10200068e-01
  1.13209183e-01 0.00000000e+00 0.00000000e+00 1.34414521e-01
  6.75986298e-02 5.61026555e-02 0.00000000e+00 0.00000000e+00
  1.51424210e-02 1.90670573e-02 1.91135733e-01]
 [1.32330799e-02 6.49052805e-01 4.64010950e-02 4.46653420e-01
  4.10566882e-02 0.00000000e+00 5.58890650e-02 7.97568942e-01
  1.42843617e-01 6.86198705e-02 5.48149688e-01 0.00000000e+00
  1.43780594e-01 5.42396411e-01 2.25688258e-01]
 [0.00000000e+00 1.71131259e-01 0.00000000e+00 0.00000000e+00
  4.42934327e-03 0.00000000e+00 6.55580442e-02 0.00000000e+00
  0.00000000e+00 0.00000000e+00 0.00000000e+00 0.00000000e+00
  0.00000000e+00 4.55828987e-03 0.00000000e+00]
 [0.00000000e+00 1.44317489e-01 0.00000000e+00 0.00000000e+00
  0.00000000e+00 0.00000000e+00 7.48410755e-03 6.92987304e-03
  0.00000000e+00 0.00000000e+00 5.02269784e-02 0.00000000e+00
  1.31806220e-02 4.24639176e-02 0.00000000e+00]
 [1.82644371e-03 1.94369906e-01 0.00000000e+00 2.26580945e-01
  1.23084841e-01 0.00000000e+00 0.00000000e+00 1.66556406e-01
  2.12766142e-01 0.00000000e+00 0.00000000e+00 0.00000000e+00
  1.09555366e-01 0.00000000e+00 5.64587295e-01]
 [0.00000000e+00 1.46117651e-01 0.00000000e+00 0.00000000e+00
  0.00000000e+00 0.00000000e+00 0.00000000e+00 0.00000000e+00
  3.12574905e-02 0.00000000e+00 0.00000000e+00 0.00000000e+00
  0.00000000e+00 0.00000000e+00 0.00000000e+00]
 [0.00000000e+00 1.24032380e-01 0.00000000e+00 0.00000000e+00
  1.05870845e-02 0.00000000e+00 3.53489277e-02 0.00000000e+00
  0.00000000e+00 0.00000000e+00 0.00000000e+00 0.00000000e+00
  0.00000000e+00 7.48143222e-02 0.00000000e+00]
 [0.00000000e+00 1.24944209e-01 0.00000000e+00 0.00000000e+00
  3.59492281e-04 0.00000000e+00 0.00000000e+00 0.00000000e+00
  0.00000000e+00 0.00000000e+00 0.00000000e+00 0.00000000e+00
  0.00000000e+00 0.00000000e+00 0.00000000e+00]
 [5.14223835e-01 1.06202412e+00 6.30457696e-01 1.23468867e+00
  3.84282325e-01 7.72551149e-01 7.41668792e-01 1.69656862e+00
  2.17801680e-01 5.51601265e-01 1.06183699e+00 1.60853484e-01
  2.87639461e-01 9.81291734e-02 4.01715212e-01]
 [0.00000000e+00 2.51286420e-01 0.00000000e+00 0.00000000e+00
  0.00000000e+00 0.00000000e+00 0.00000000e+00 0.00000000e+00
  8.18465719e-02 0.00000000e+00 0.00000000e+00 0.00000000e+00
  0.00000000e+00 5.92898423e-02 0.00000000e+00]
 [0.00000000e+00 2.49478806e-01 0.00000000e+00 0.00000000e+00
  9.82821292e-02 0.00000000e+00 2.01108851e-03 0.00000000e+00
  0.00000000e+00 0.00000000e+00 6.37276954e-03 0.00000000e+00
  0.00000000e+00 0.00000000e+00 0.00000000e+00]
 [0.00000000e+00 2.67620148e-01 0.00000000e+00 0.00000000e+00
  0.00000000e+00 0.00000000e+00 0.00000000e+00 0.00000000e+00
  0.00000000e+00 0.00000000e+00 0.00000000e+00 0.00000000e+00
  0.00000000e+00 1.43964059e-02 0.00000000e+00]
 [0.00000000e+00 1.04636223e-01 0.00000000e+00 1.03969613e-01
  1.77154768e-01 0.00000000e+00 1.35201683e-01 0.00000000e+00
  1.71795634e-01 1.32843530e-01 0.00000000e+00 0.00000000e+00
  1.98762255e-02 1.26147466e-01 2.79370961e-02]
 [0.00000000e+00 1.74615275e-02 1.89188069e-01 1.66236932e-02
  9.07861525e-02 0.00000000e+00 0.00000000e+00 0.00000000e+00
  3.84202673e-02 0.00000000e+00 0.00000000e+00 0.00000000e+00
  0.00000000e+00 2.73335179e-01 0.00000000e+00]
 [0.00000000e+00 4.78893972e-01 2.90296357e-01 4.00846625e-01
  3.90053200e-01 2.25310226e-01 3.75002336e-01 9.65695629e-02
  8.12969312e-02 3.02535705e-01 7.37176305e-02 0.00000000e+00
  2.09310423e-01 2.82267318e-01 7.33400795e-02]
 [0.00000000e+00 3.38295705e-02 0.00000000e+00 0.00000000e+00
  0.00000000e+00 0.00000000e+00 0.00000000e+00 0.00000000e+00
  4.94319049e-02 0.00000000e+00 8.93270911e-02 0.00000000e+00
  0.00000000e+00 1.80031381e-01 0.00000000e+00]
 [8.49692680e-01 2.05655160e-01 3.18367734e-01 3.20490537e-01
  3.77500376e-01 8.80635599e-01 1.07226823e+00 7.26868396e-01
  6.81588698e-01 6.50539307e-01 6.00133784e-01 7.83200633e-01
  5.74355707e-01 4.06330554e-01 4.96265901e-01]]

11
----------------------------------------------------------------------------------
[[0.00000000e+00 1.56127646e-01 7.99996591e-02 0.00000000e+00
  9.22870901e-02 0.00000000e+00 1.36871780e-01 0.00000000e+00
  0.00000000e+00 2.00598604e-01 0.00000000e+00 0.00000000e+00
  0.00000000e+00 3.45000253e-03 0.00000000e+00]
 [5.50235472e-02 2.02809049e-01 0.00000000e+00 3.07198936e-01
  8.65142367e-02 3.44432614e-02 2.44319533e-01 0.00000000e+00
  3.93416670e-02 3.51320141e-01 0.00000000e+00 2.40641115e-01
  4.41314130e-01 3.23858328e-01 3.30452485e-01]
 [7.43384073e-01 6.27968797e-01 7.02236020e-01 3.35634634e-01
  0.00000000e+00 0.00000000e+00 2.32160089e-01 1.15076850e-01
  1.45534734e-01 2.29922312e-01 3.07575741e-01 2.27780312e-01
  1.90205936e-01 1.33215769e-01 1.75642636e-01]
 [0.00000000e+00 7.53898132e-02 0.00000000e+00 0.00000000e+00
  0.00000000e+00 0.00000000e+00 1.32912971e-01 0.00000000e+00
  1.70407590e-01 2.67935453e-02 0.00000000e+00 0.00000000e+00
  0.00000000e+00 1.18269305e-02 0.00000000e+00]
 [0.00000000e+00 2.06511553e-01 0.00000000e+00 0.00000000e+00
  0.00000000e+00 0.00000000e+00 2.69397273e-01 0.00000000e+00
  8.31080945e-02 1.88384752e-02 0.00000000e+00 0.00000000e+00
  0.00000000e+00 1.09860291e-01 0.00000000e+00]
 [4.06574217e-01 3.69280659e-01 1.47022965e-01 0.00000000e+00
  8.85759346e-02 0.00000000e+00 3.02826243e-01 0.00000000e+00
  3.06723023e-01 3.63010612e-01 0.00000000e+00 2.78272619e-01
  0.00000000e+00 1.58065927e-01 1.26967579e+00]
 [0.00000000e+00 2.85285906e-01 0.00000000e+00 0.00000000e+00
  0.00000000e+00 0.00000000e+00 8.92504452e-02 0.00000000e+00
  2.31737805e-01 9.50768000e-02 0.00000000e+00 6.68886251e-02
  0.00000000e+00 1.42679798e-01 2.05469626e-02]
 [0.00000000e+00 3.20592380e+00 2.50233954e+00 2.53046358e-01
  1.86468029e+00 1.46936621e+00 5.91265949e-01 0.00000000e+00
  0.00000000e+00 1.39655711e-01 0.00000000e+00 0.00000000e+00
  0.00000000e+00 0.00000000e+00 0.00000000e+00]
 [0.00000000e+00 1.54025741e+00 2.16882537e+00 0.00000000e+00
  2.48649228e+00 2.01149873e+00 6.24651900e-01 5.74389989e-02
  0.00000000e+00 0.00000000e+00 0.00000000e+00 0.00000000e+00
  0.00000000e+00 0.00000000e+00 0.00000000e+00]
 [4.38512169e-01 5.66560229e-01 9.64353658e-01 1.06701635e+00
  2.30076491e+00 1.32269508e+00 7.48234425e-01 0.00000000e+00
  1.43908411e+00 1.61119602e+00 9.97267419e-01 8.77331866e-01
  0.00000000e+00 5.37531448e-01 9.65980369e-01]
 [0.00000000e+00 1.13202218e+00 4.66321868e+00 0.00000000e+00
  1.77823912e+00 2.58127046e+00 1.42078014e+00 1.84276644e-01
  0.00000000e+00 8.77840476e-02 0.00000000e+00 6.35711001e-02
  0.00000000e+00 8.79589445e-02 1.01425119e-02]
 [0.00000000e+00 5.97864142e-01 6.82050225e-01 2.21429246e-03
  8.64797289e-01 6.45489592e-01 2.29529429e-01 0.00000000e+00
  0.00000000e+00 3.59383427e-02 0.00000000e+00 0.00000000e+00
  0.00000000e+00 0.00000000e+00 0.00000000e+00]
 [0.00000000e+00 9.60024290e-01 3.06635095e+00 0.00000000e+00
  1.66205020e+00 2.21364119e+00 1.00960965e+00 1.65382800e-01
  2.97957830e-02 1.72405420e-01 3.95617548e-02 4.05749605e-02
  0.00000000e+00 1.33411923e-01 2.65840563e-02]
 [0.00000000e+00 0.00000000e+00 2.25713492e-01 0.00000000e+00
  1.86687073e-01 3.12336332e-02 5.33629440e-01 7.88155180e-02
  2.27102599e-01 2.67883512e-01 0.00000000e+00 0.00000000e+00
  4.13389821e-02 2.79660225e-03 0.00000000e+00]
 [0.00000000e+00 2.67878028e-01 6.94929026e-01 1.65210165e-01
  2.58721472e-02 2.16650201e-01 1.14492596e+00 9.70034952e-01
  6.78930282e-01 1.86845422e-01 7.73863513e-02 0.00000000e+00
  1.48330361e-01 2.24669390e-01 1.10098332e-01]
 [2.08917689e-01 7.00370607e-02 2.73300818e-01 2.39871644e-01
  0.00000000e+00 0.00000000e+00 6.68343728e-01 0.00000000e+00
  6.17347410e-01 2.56606499e-01 0.00000000e+00 0.00000000e+00
  4.52562959e-01 3.44566170e-01 5.12907580e-01]
 [0.00000000e+00 0.00000000e+00 6.66681892e-01 1.69363529e-01
  3.07624652e-01 4.93646018e-01 7.73174801e-01 6.67716056e-01
  7.07488514e-01 2.31278728e-01 0.00000000e+00 0.00000000e+00
  4.41441298e-02 9.92381361e-02 0.00000000e+00]
 [5.44225199e-01 7.24164222e-01 7.17992254e-01 1.25776536e+00
  1.18252219e+00 6.98719934e-01 4.38246111e-01 7.84922123e-01
  5.22289907e-01 2.35979106e-01 9.12170173e-01 1.11501099e+00
  7.40979780e-01 3.80485265e-01 4.56311398e-01]]

12
----------------------------------------------------------------------------------
[[0.00000000e+00 0.00000000e+00 0.00000000e+00 0.00000000e+00
  0.00000000e+00 0.00000000e+00 0.00000000e+00 0.00000000e+00
  0.00000000e+00 0.00000000e+00 1.61232674e-01 8.46341586e-02
  0.00000000e+00 5.83199655e-02 7.30473912e-02]
 [0.00000000e+00 2.20201675e-01 3.97202867e-02 4.47516506e-01
  3.99307028e-01 0.00000000e+00 0.00000000e+00 0.00000000e+00
  0.00000000e+00 1.62788888e-01 1.84546609e-01 2.71191622e-01
  1.05387164e-01 2.21139936e-01 3.52091196e-01]
 [1.82580899e-02 2.89885385e-01 3.77913395e-01 2.03080769e-01
  4.71714695e-01 0.00000000e+00 0.00000000e+00 0.00000000e+00
  1.05776449e-01 3.38232039e-01 7.64822862e-01 2.38274206e-01
  5.49946639e-01 4.23313135e-01 7.22212848e-01]
 [0.00000000e+00 0.00000000e+00 0.00000000e+00 3.47352401e-03
  0.00000000e+00 0.00000000e+00 0.00000000e+00 0.00000000e+00
  0.00000000e+00 0.00000000e+00 6.77641001e-02 6.44305745e-02
  0.00000000e+00 0.00000000e+00 6.86036737e-02]
 [0.00000000e+00 0.00000000e+00 0.00000000e+00 5.41325875e-02
  0.00000000e+00 0.00000000e+00 0.00000000e+00 0.00000000e+00
  0.00000000e+00 0.00000000e+00 9.79945088e-02 6.05096564e-02
  0.00000000e+00 2.34861555e-02 1.49222544e-02]
 [4.25017524e-01 3.64083880e-01 2.13613101e-01 6.44913472e-01
  2.38568803e-01 1.33338720e-01 0.00000000e+00 0.00000000e+00
  0.00000000e+00 2.35157863e-01 8.63530218e-01 4.19214859e-01
  7.16713417e-01 6.45241585e-02 5.71508886e-01]
 [0.00000000e+00 0.00000000e+00 5.08710238e-02 1.25829015e-02
  0.00000000e+00 0.00000000e+00 0.00000000e+00 0.00000000e+00
  0.00000000e+00 5.88578941e-02 1.98118438e-01 1.10036870e-02
  8.85786761e-02 7.71782404e-03 7.90363541e-02]
 [0.00000000e+00 0.00000000e+00 0.00000000e+00 7.47080890e-02
  0.00000000e+00 0.00000000e+00 0.00000000e+00 0.00000000e+00
  0.00000000e+00 0.00000000e+00 1.47099895e-01 0.00000000e+00
  0.00000000e+00 0.00000000e+00 1.42359904e-01]
 [0.00000000e+00 0.00000000e+00 0.00000000e+00 0.00000000e+00
  0.00000000e+00 0.00000000e+00 0.00000000e+00 0.00000000e+00
  0.00000000e+00 0.00000000e+00 2.07339900e-01 0.00000000e+00
  0.00000000e+00 5.35827659e-02 0.00000000e+00]
 [1.06521860e+00 5.68489266e-01 1.48609961e+00 1.59419960e+00
  8.69286118e-01 2.41198112e-02 0.00000000e+00 0.00000000e+00
  9.09281999e-02 1.03715368e+00 1.11181690e+00 1.41753200e+00
  1.74634728e+00 6.93935290e-01 1.56120683e+00]
 [0.00000000e+00 0.00000000e+00 0.00000000e+00 1.02688394e-02
  0.00000000e+00 0.00000000e+00 0.00000000e+00 0.00000000e+00
  0.00000000e+00 0.00000000e+00 1.45969613e-01 4.79792758e-02
  1.42066013e-01 2.60289139e-01 9.25984873e-02]
 [0.00000000e+00 0.00000000e+00 0.00000000e+00 5.49038580e-03
  0.00000000e+00 0.00000000e+00 0.00000000e+00 0.00000000e+00
  0.00000000e+00 0.00000000e+00 9.21587086e-02 0.00000000e+00
  0.00000000e+00 0.00000000e+00 3.42546469e-02]
 [8.57377840e-02 0.00000000e+00 8.34894236e-02 1.15970192e-02
  3.74850799e-02 0.00000000e+00 0.00000000e+00 0.00000000e+00
  0.00000000e+00 0.00000000e+00 1.82253954e-01 2.38321443e-01
  3.39172590e-01 8.48723122e-02 1.35418581e-01]
 [1.34005766e-01 1.38414855e-01 4.19472144e-01 6.31609626e-02
  6.58344148e-02 2.85920667e-01 2.22883206e+00 1.69205588e+00
  1.05350142e+00 8.38530790e-01 3.46690565e-01 1.56930176e+00
  1.10589405e+00 8.48602090e-01 1.16559450e+00]
 [4.65347211e-01 1.59202666e-01 0.00000000e+00 3.59997847e-01
  1.31174558e-01 4.87441319e-01 4.29576740e+00 1.26181957e+00
  1.15063920e+00 1.15227717e+00 1.34289293e+00 1.30422710e+00
  5.36303793e-01 2.50350985e+00 2.25300614e+00]
 [3.25647956e-01 4.17197367e-01 5.34357414e-01 2.85640888e-01
  6.33604665e-01 1.25774550e-01 1.01798685e+00 1.99953957e+00
  2.61166134e+00 1.16516141e+00 1.39678010e+00 2.72385161e+00
  2.87303944e+00 1.75580310e+00 2.33958466e+00]
 [5.38710608e-01 3.79964758e-01 3.77704390e-02 4.60467650e-01
  1.54779052e-01 4.76270303e-01 2.35409001e+00 5.22620337e-01
  1.72106553e+00 1.25259310e+00 4.24842874e-01 7.24412400e-01
  0.00000000e+00 1.11385978e+00 7.30544933e-01]
 [4.62037871e-01 4.49965762e-01 4.78666064e-01 3.39042129e-01
  2.74628599e-01 4.62406877e-01 8.61338445e-01 1.29005446e+00
  7.60702566e-01 4.01065266e-01 2.75763917e-01 3.72834386e-01
  6.46595659e-01 4.33216055e-01 1.99135620e-01]]

13
----------------------------------------------------------------------------------
[[0.00000000e+00 1.44795786e-01 0.00000000e+00 1.77117159e-01
  2.58310949e-01 1.06726761e-01 8.05966608e-02 1.05366483e-01
  0.00000000e+00 8.63893232e-02 1.56172291e-02 0.00000000e+00
  0.00000000e+00 0.00000000e+00 0.00000000e+00]
 [0.00000000e+00 5.17297774e-01 7.81982115e-02 1.98389010e-01
  3.22963814e-02 2.38740530e-01 2.11187970e-02 2.41422773e-01
  0.00000000e+00 1.54400347e-01 3.51467172e-01 3.78573562e-02
  0.00000000e+00 0.00000000e+00 3.18120647e-01]
 [0.00000000e+00 1.79200893e-01 5.51171039e-01 7.09911867e-01
  8.87175059e-02 3.88746755e-01 3.51116084e-02 3.74222064e-02
  5.78669372e-01 5.50211595e-01 7.07254582e-01 4.30541241e-01
  4.54424500e-01 1.62208125e-01 1.89336742e-01]
 [0.00000000e+00 0.00000000e+00 0.00000000e+00 6.82940977e-02
  1.86771582e-01 4.17193681e-02 0.00000000e+00 1.30573189e-01
  0.00000000e+00 4.37986059e-02 0.00000000e+00 0.00000000e+00
  0.00000000e+00 5.32052448e-02 0.00000000e+00]
 [0.00000000e+00 0.00000000e+00 0.00000000e+00 8.47632721e-02
  1.79531681e-01 1.39462663e-01 0.00000000e+00 1.17674905e-01
  0.00000000e+00 0.00000000e+00 0.00000000e+00 0.00000000e+00
  0.00000000e+00 0.00000000e+00 0.00000000e+00]
 [0.00000000e+00 1.43405217e-01 2.80412542e-01 4.38863563e-01
  4.34438577e-01 3.69782243e-03 2.03365369e-02 2.22499713e-01
  0.00000000e+00 5.76129567e-01 2.53405972e-01 7.91855783e-01
  1.92595427e-01 1.65793782e-01 1.66148085e-01]
 [0.00000000e+00 1.93815461e-01 7.44649293e-02 2.79885079e-02
  2.09273521e-01 1.80928091e-01 0.00000000e+00 1.02908131e-01
  0.00000000e+00 0.00000000e+00 4.26736908e-02 0.00000000e+00
  0.00000000e+00 0.00000000e+00 0.00000000e+00]
 [3.81371300e+00 7.76401905e-01 1.32762443e+00 1.15445038e+00
  1.02988722e-01 1.46079381e-02 0.00000000e+00 0.00000000e+00
  0.00000000e+00 0.00000000e+00 0.00000000e+00 0.00000000e+00
  0.00000000e+00 0.00000000e+00 0.00000000e+00]
 [3.71783575e+00 1.20559636e+00 2.08482849e+00 1.64879996e+00
  8.35576920e-02 0.00000000e+00 0.00000000e+00 0.00000000e+00
  0.00000000e+00 0.00000000e+00 0.00000000e+00 0.00000000e+00
  0.00000000e+00 0.00000000e+00 0.00000000e+00]
 [9.71172909e-01 2.04123452e+00 2.63809832e-01 4.21744041e-01
  1.00838807e+00 4.47637605e-01 9.57882479e-01 1.04120046e+00
  7.26133920e-01 3.18680336e-01 9.27496109e-01 6.00571618e-01
  9.48843811e-01 1.03203662e-01 1.53507620e+00]
 [4.09411180e+00 2.88447167e+00 2.04203271e+00 2.50640198e+00
  6.32051591e-01 1.14638080e-01 0.00000000e+00 2.18265380e-02
  0.00000000e+00 1.24299182e-01 0.00000000e+00 0.00000000e+00
  2.55537176e-02 1.36225344e-01 0.00000000e+00]
 [1.96153885e+00 4.17866341e-01 5.58828800e-01 3.71868257e-01
  0.00000000e+00 8.70448841e-02 0.00000000e+00 1.83566759e-02
  0.00000000e+00 0.00000000e+00 0.00000000e+00 0.00000000e+00
  0.00000000e+00 0.00000000e+00 0.00000000e+00]
 [2.48664099e+00 2.27772901e+00 1.49013061e+00 2.05457038e+00
  5.04831252e-01 4.90868401e-02 0.00000000e+00 1.25654554e-01
  0.00000000e+00 1.23206618e-01 1.36368117e-02 0.00000000e+00
  0.00000000e+00 4.12629811e-02 3.67316074e-02]
 [3.14739162e-01 1.05146108e+00 6.06408853e-01 1.55425055e+00
  1.26780858e+00 8.39256865e-01 0.00000000e+00 1.73780858e-01
  2.93480351e-01 3.32506997e-01 7.37126973e-02 0.00000000e+00
  1.65315919e-01 0.00000000e+00 1.13400535e-01]
 [3.87035211e-01 1.48349104e+00 1.41371693e+00 2.37593237e+00
  1.88542400e+00 1.72849362e+00 0.00000000e+00 2.66485689e-01
  7.91849791e-01 5.74010933e-01 5.27186445e-02 0.00000000e+00
  5.02737765e-02 0.00000000e+00 8.58252006e-02]
 [0.00000000e+00 1.58123954e+00 1.79094482e+00 9.65531805e-01
  1.28068069e+00 7.36105850e-01 1.24498183e-01 1.49405727e-01
  8.45515049e-02 4.20750551e-01 7.21201570e-01 0.00000000e+00
  7.29735381e-01 6.95752860e-02 4.31897307e-01]
 [7.71159139e-01 1.10809661e+00 1.41432634e-01 9.93929392e-01
  6.75650543e-01 4.96075770e-01 0.00000000e+00 1.07130314e-01
  8.41998714e-03 0.00000000e+00 3.63543975e-02 0.00000000e+00
  0.00000000e+00 0.00000000e+00 0.00000000e+00]
 [1.07475046e+00 3.39283188e-01 3.65953279e-01 2.19623559e-01
  5.71428230e-01 4.10929641e-01 5.05907400e-01 1.48886063e-01
  4.50856576e-01 2.39677813e-01 1.96667343e-01 3.30304298e-01
  4.57783209e-01 4.09566302e-01 2.69247199e-01]]

14
----------------------------------------------------------------------------------
[[1.80843387e-02 0.00000000e+00 9.36583220e-03 4.94386489e-02
  1.34268192e-01 6.65347418e-02 0.00000000e+00 0.00000000e+00
  9.88917617e-02 7.28844697e-02 8.09136475e-03 6.20816533e-02
  2.52254922e-02 0.00000000e+00 0.00000000e+00]
 [1.01964257e-01 2.39862633e-01 5.40628562e-01 3.06559510e-01
  2.23943595e-01 3.74314556e-01 3.15169430e-01 1.65404368e-01
  2.85233852e-02 5.51627620e-01 3.71233671e-01 1.42404690e-01
  1.16421687e-01 1.33260015e-01 2.39805605e-01]
 [3.43377366e-01 8.21867137e-01 3.31262858e-01 1.14894037e-01
  2.21788847e-01 3.38738310e-01 1.54036111e-01 5.25228534e-01
  7.25990974e-01 6.44611839e-01 7.63748203e-01 2.44500792e-01
  3.59085341e-01 3.07868827e-01 2.92528001e-01]
 [0.00000000e+00 0.00000000e+00 0.00000000e+00 1.03592228e-02
  0.00000000e+00 0.00000000e+00 0.00000000e+00 0.00000000e+00
  5.66418303e-02 0.00000000e+00 1.60251548e-02 6.38194134e-02
  0.00000000e+00 0.00000000e+00 0.00000000e+00]
 [1.57500903e-03 0.00000000e+00 0.00000000e+00 8.60066573e-02
  0.00000000e+00 0.00000000e+00 0.00000000e+00 0.00000000e+00
  7.62917159e-02 0.00000000e+00 0.00000000e+00 2.61442552e-02
  9.72048463e-02 0.00000000e+00 0.00000000e+00]
 [1.35414176e-01 1.17801991e-01 5.59154488e-01 2.16500693e-01
  2.52334983e-01 0.00000000e+00 1.49098193e-01 1.93423879e-01
  3.19600799e-01 3.24966169e-01 8.01099241e-01 3.11313400e-01
  1.27765632e-01 0.00000000e+00 7.54177462e-01]
 [0.00000000e+00 1.83825972e-02 0.00000000e+00 1.47769713e-01
  0.00000000e+00 0.00000000e+00 0.00000000e+00 0.00000000e+00
  1.12761584e-01 3.93487619e-02 9.42145411e-02 6.08337594e-02
  0.00000000e+00 0.00000000e+00 1.64478357e-01]
 [0.00000000e+00 9.32375894e-03 0.00000000e+00 5.79447866e-02
  7.94003680e-03 0.00000000e+00 0.00000000e+00 0.00000000e+00
  3.41537828e-02 0.00000000e+00 1.31194190e+00 4.15764533e+00
  7.21811047e-01 1.55541841e+00 1.13679881e+01]
 [0.00000000e+00 0.00000000e+00 0.00000000e+00 0.00000000e+00
  4.25757172e-02 0.00000000e+00 0.00000000e+00 0.00000000e+00
  0.00000000e+00 0.00000000e+00 1.34433870e+00 3.36842805e+00
  1.18898606e+00 1.84329912e+00 2.29314887e+00]
 [2.56587473e-01 5.55610645e-01 1.80619130e+00 8.25975307e-01
  5.85981429e-01 5.18889483e-01 1.68001344e+00 8.28562220e-01
  1.75314698e+00 1.68274512e+00 1.43248287e+00 7.13690629e-01
  9.58543190e-01 1.22744563e+00 4.60465498e-01]
 [9.43031288e-02 0.00000000e+00 0.00000000e+00 0.00000000e+00
  1.05215648e-01 0.00000000e+00 0.00000000e+00 0.00000000e+00
  4.18513351e-02 0.00000000e+00 7.28987283e-01 6.22123179e+00
  1.93494454e+00 1.26900551e+00 3.73101942e+00]
 [0.00000000e+00 0.00000000e+00 0.00000000e+00 3.93180991e-02
  2.52979954e-02 4.06821935e-02 0.00000000e+00 0.00000000e+00
  0.00000000e+00 0.00000000e+00 7.68444865e-01 1.32612117e+00
  3.24880737e-01 8.60450335e-01 8.68416381e-01]
 [2.77165479e-01 0.00000000e+00 0.00000000e+00 1.04782692e-01
  1.53886712e-01 5.29541991e-02 0.00000000e+00 0.00000000e+00
  1.95702214e-03 0.00000000e+00 5.25775198e-01 4.88283091e+00
  1.47362173e+00 8.85599354e-01 1.80359312e+00]
 [3.45694576e-01 2.14387972e-01 4.62842060e-01 3.75183626e-01
  5.58192659e-01 9.24867064e-01 3.81430938e-01 1.48359624e-01
  9.82912267e-02 6.17790892e-01 1.06313225e+00 8.56530413e-01
  3.64347444e-01 2.14835015e-01 1.15296845e-01]
 [0.00000000e+00 0.00000000e+00 4.29702402e-01 6.56148669e-01
  1.02419658e+00 1.28286042e+00 5.45265835e-01 8.09856345e-02
  0.00000000e+00 6.31994955e-01 1.83584081e+00 1.53532331e+00
  3.44693001e-01 1.64048194e-02 0.00000000e+00]
 [2.09608793e-01 3.42156814e-01 8.81075297e-01 1.28663971e+00
  1.72300566e+00 1.55944743e+00 5.27588557e-01 1.23728672e-01
  3.66565160e-01 1.01272903e+00 2.37400343e+00 2.09490401e+00
  9.70341904e-01 1.61194795e-01 2.34129381e-01]
 [0.00000000e+00 0.00000000e+00 3.61559751e-01 1.50188749e-01
  6.39646798e-01 1.37272563e+00 8.52709930e-01 3.14291134e-01
  0.00000000e+00 6.88313565e-01 1.89788700e+00 1.37777019e+00
  5.85311681e-02 1.17432798e-01 4.45916975e-02]
 [3.75041078e-01 4.48066923e-01 2.40180908e-01 3.72650557e-01
  1.89704266e-01 1.75517970e-01 3.21516390e-01 3.58443555e-01
  2.13078472e-01 1.87959450e-01 2.43728761e-01 2.07463303e-01
  2.96350660e-01 3.77756545e-01 3.39885118e-01]]

16
----------------------------------------------------------------------------------
[[1.78445581e-01 6.27601573e-02 9.91938825e-02 1.94433243e-01
  0.00000000e+00 0.00000000e+00 3.03551612e-02 7.85510059e-02
  0.00000000e+00 0.00000000e+00 0.00000000e+00 0.00000000e+00
  5.34605543e-02 1.51789423e-01 3.75919858e-01]
 [5.95886745e-01 1.76669184e-01 1.41443189e-01 2.56952894e-01
  0.00000000e+00 1.17725916e-01 3.48492588e-01 5.24055336e-01
  3.81141025e-01 0.00000000e+00 0.00000000e+00 8.59753209e-02
  4.85747687e-02 5.26077262e-01 2.66766698e-01]
 [2.35698112e-01 2.84924021e-01 7.53548543e-01 5.52410902e-01
  0.00000000e+00 7.04685841e-01 4.33755168e-01 2.97352356e-01
  4.86386161e-01 6.99521637e-01 2.79847518e-01 2.70107717e-01
  7.18789934e-01 7.70276308e-01 4.81486388e-01]
 [2.38069856e-01 7.74993686e-02 2.00932760e-01 1.48912790e-01
  0.00000000e+00 0.00000000e+00 0.00000000e+00 1.27697400e-02
  1.03152531e-02 0.00000000e+00 0.00000000e+00 0.00000000e+00
  4.78897266e-03 1.99478489e-01 2.02202364e-01]
 [1.49616438e-01 0.00000000e+00 1.97798888e-01 1.03960876e-01
  0.00000000e+00 0.00000000e+00 0.00000000e+00 1.11986266e-01
  1.11741075e-04 0.00000000e+00 0.00000000e+00 0.00000000e+00
  5.31493147e-02 1.19116313e-01 1.95686294e-01]
 [6.34208392e-01 4.10322159e-01 4.69759363e-01 3.41827272e-01
  0.00000000e+00 2.05981944e-01 8.51170329e-02 4.87324125e-01
  1.81871351e-01 0.00000000e+00 0.00000000e+00 1.00811248e-01
  1.94313723e-01 5.73103116e-01 8.56164618e-01]
 [1.21971696e-01 0.00000000e+00 1.11355610e-01 2.87305976e-01
  0.00000000e+00 0.00000000e+00 0.00000000e+00 6.99276805e-02
  3.29010623e-02 0.00000000e+00 0.00000000e+00 0.00000000e+00
  4.79168828e-02 1.60953160e-01 2.82336228e-01]
 [5.57217779e-01 2.23187270e-01 2.02872203e-01 2.17660659e-01
  0.00000000e+00 0.00000000e+00 0.00000000e+00 0.00000000e+00
  0.00000000e+00 0.00000000e+00 0.00000000e+00 0.00000000e+00
  0.00000000e+00 2.49173347e-01 1.31981372e-01]
 [7.15928905e-01 4.23583365e-01 2.26763257e-01 2.18806424e-01
  0.00000000e+00 0.00000000e+00 0.00000000e+00 0.00000000e+00
  0.00000000e+00 0.00000000e+00 0.00000000e+00 0.00000000e+00
  0.00000000e+00 2.16248023e-01 2.04846971e-01]
 [6.42873735e-01 1.05573808e+00 1.13975749e+00 1.67695835e+00
  3.52020105e-01 1.93902900e+00 3.98543243e-01 1.12781409e+00
  1.10349422e+00 7.80038456e-01 9.93233700e-01 3.90760419e-01
  6.78157889e-01 3.03191126e-01 1.15955178e+00]
 [9.00052234e-01 4.95793600e-01 1.91034345e-01 1.00199410e-01
  0.00000000e+00 0.00000000e+00 0.00000000e+00 9.25504478e-03
  0.00000000e+00 0.00000000e+00 0.00000000e+00 0.00000000e+00
  0.00000000e+00 2.23822302e-01 5.97007533e-02]
 [2.03361510e-01 1.61920012e-01 2.28875745e-01 2.74064696e-01
  0.00000000e+00 0.00000000e+00 0.00000000e+00 8.17049749e-02
  0.00000000e+00 0.00000000e+00 0.00000000e+00 0.00000000e+00
  3.18172928e-02 1.56839074e-01 3.02292598e-01]
 [4.89095947e-01 3.37933524e-01 1.72553381e-01 1.38117581e-01
  0.00000000e+00 0.00000000e+00 0.00000000e+00 4.79840400e-02
  8.93275853e-02 0.00000000e+00 0.00000000e+00 4.10709540e-02
  0.00000000e+00 1.28205503e-01 1.31859856e-01]
 [1.51325450e-01 3.49160060e-02 3.87010650e-01 2.04492293e-01
  1.86853350e+00 7.27686143e-02 3.45391414e-02 8.27329606e-01
  1.95255231e+00 9.32532310e-01 3.89891707e-01 3.56803242e-01
  5.62808854e-01 1.35594634e+00 7.49168680e-01]
 [8.69025938e-03 2.13587673e-01 9.13901056e-01 4.58325878e-01
  2.04652704e+00 7.09863164e-01 0.00000000e+00 1.48561577e+00
  2.21209004e+00 1.43770357e+00 2.46481675e-01 9.83773304e-01
  1.44963318e+00 2.53231233e+00 1.56456186e+00]
 [4.61569756e-01 3.60769663e-01 1.87617461e+00 5.83491302e-01
  0.00000000e+00 4.29153648e-01 2.02723917e-01 4.24577521e-01
  2.41582333e+00 8.33993519e-01 4.52941714e-01 4.30214590e-01
  4.05134510e-01 1.27374236e+00 8.18898392e-01]
 [1.09427309e-01 0.00000000e+00 6.52183865e-01 4.15712257e-01
  2.63725428e-01 9.25642627e-02 0.00000000e+00 1.00993861e+00
  1.40794448e+00 7.43425935e-01 0.00000000e+00 3.22915965e-01
  9.46158248e-01 1.36484391e+00 1.05595481e+00]
 [2.56659380e-01 2.15728725e-01 1.55269229e-01 2.09067729e-01
  7.09499925e-01 5.14756506e-01 4.74518663e-01 1.86136658e-01
  1.83273685e-01 5.31776040e-01 5.18052520e-01 3.59612927e-01
  4.10620561e-01 2.50422843e-01 3.03774565e-01]]

17
----------------------------------------------------------------------------------
[[0.         0.04491469 0.         0.         0.         0.22383119
  0.         0.         0.         0.         0.         0.21529801
  0.         0.         0.        ]
 [0.26886807 0.22420789 0.18124423 0.         0.29908336 0.34664507
  0.44852478 0.         0.22290214 0.05283728 0.         0.19688636
  0.38032115 0.10672257 0.25499951]
 [0.5423491  0.16911601 0.39007505 0.07114689 0.18183259 0.42793173
  0.29576921 0.         0.37694685 0.10755346 0.11736692 0.40639817
  0.29452326 0.21411643 0.34119161]
 [0.01318515 0.         0.         0.         0.         0.1281075
  0.         0.         0.         0.         0.         0.13247206
  0.         0.         0.        ]
 [0.09367486 0.         0.         0.         0.         0.13654491
  0.         0.         0.         0.         0.         0.16996091
  0.         0.         0.        ]
 [0.64861547 0.89329782 0.50166747 0.02863181 0.13169687 0.16632559
  0.39962425 0.7692916  0.12089452 0.18383512 0.12976377 0.14717458
  0.34871692 0.47749789 0.21720337]
 [0.07748255 0.07993812 0.07247757 0.         0.06788089 0.
  0.00992558 0.         0.         0.         0.         0.17796535
  0.         0.         0.        ]
 [0.         0.         0.         0.         0.         0.29182164
  0.         0.         0.         0.         0.         0.07485867
  0.         0.         0.        ]
 [0.         0.         0.         0.         0.         0.07535452
  0.         0.         0.         0.         0.         0.0899989
  0.         0.         0.        ]
 [0.39216171 1.52585815 0.64833473 0.19449562 0.88207381 0.68215119
  0.16066309 0.20523773 0.82025266 0.70106178 0.38154485 0.91057125
  0.94328295 0.57450036 0.        ]
 [0.         0.07420052 0.         0.         0.         0.04503723
  0.         0.         0.         0.         0.         0.00972886
  0.         0.         0.        ]
 [0.         0.         0.         0.03832636 0.         0.01580717
  0.         0.         0.         0.         0.         0.06002381
  0.         0.         0.        ]
 [0.14900497 0.00540174 0.         0.04176922 0.         0.14359811
  0.04302007 0.         0.02625482 0.         0.         0.13022306
  0.         0.         0.        ]
 [0.12957553 0.97282718 0.68135064 0.29954805 0.13525259 1.61523596
  0.23187564 0.86630617 0.44844925 0.12076913 1.55217487 0.07476555
  0.35169318 0.18831013 0.        ]
 [0.         0.74722822 0.51253009 0.07359623 0.12771661 1.64425491
  0.         1.00715291 0.62387964 0.03419462 1.94587012 0.16490673
  0.58947444 0.0111232  0.        ]
 [1.01630548 0.65703943 0.40314926 0.47669184 0.0156589  0.51425522
  0.27650022 0.         0.65167132 0.40597436 0.30756371 0.05918983
  0.03486073 0.28431193 0.        ]
 [0.         0.15856825 0.24840957 0.01662563 0.02568502 0.1039978
  0.08915708 0.14004016 0.34746364 0.         0.04700114 0.02184996
  0.05204161 0.         0.        ]
 [0.4492729  0.25899155 0.22169691 0.42068252 0.70916627 0.44415233
  0.47389088 0.46204188 0.3568574  0.51659936 0.4390734  0.36037949
  0.4022365  0.49494015 0.81658285]]

18
----------------------------------------------------------------------------------
[[0.00000000e+00 0.00000000e+00 0.00000000e+00 4.14570104e-02
  0.00000000e+00 0.00000000e+00 1.16867630e-01 0.00000000e+00
  0.00000000e+00 0.00000000e+00 5.66405693e-03 8.06571941e-02
  0.00000000e+00 6.18404085e-02 3.49144560e-02]
 [1.04965693e-01 0.00000000e+00 1.52234122e-01 3.59045286e-01
  3.37925623e-01 2.69065903e-01 2.80714495e-01 0.00000000e+00
  0.00000000e+00 1.06953954e-01 2.69308796e-01 2.65257122e-01
  3.02660858e-02 2.39419656e-01 3.94050001e-01]
 [1.84038611e-02 1.01365457e-01 3.55807044e-01 8.33969555e-01
  1.71460387e-01 6.67613276e-01 5.60181698e-01 0.00000000e+00
  0.00000000e+00 1.66825713e-01 4.02375512e-01 8.24122404e-01
  4.01126250e-01 5.92770968e-01 4.52931213e-01]
 [0.00000000e+00 0.00000000e+00 0.00000000e+00 6.55238491e-02
  0.00000000e+00 9.36980745e-03 8.90343937e-02 0.00000000e+00
  0.00000000e+00 0.00000000e+00 1.31150261e-01 0.00000000e+00
  0.00000000e+00 0.00000000e+00 0.00000000e+00]
 [0.00000000e+00 0.00000000e+00 0.00000000e+00 3.89902445e-02
  0.00000000e+00 6.91869702e-02 3.98857755e-02 0.00000000e+00
  2.67624152e-02 0.00000000e+00 7.16205922e-02 3.55478841e-02
  0.00000000e+00 0.00000000e+00 0.00000000e+00]
 [2.58149956e-02 9.91414719e-02 0.00000000e+00 2.18823822e-01
  2.92053153e-01 9.50608300e-03 1.81430195e-01 0.00000000e+00
  7.81686930e-03 1.14433634e-01 6.06031026e-02 9.71487339e-01
  4.35106077e-02 1.98695221e-01 6.51738912e-01]
 [0.00000000e+00 0.00000000e+00 0.00000000e+00 1.18987865e-01
  0.00000000e+00 0.00000000e+00 4.43743613e-03 0.00000000e+00
  3.90338501e-02 1.85204580e-02 0.00000000e+00 1.33920045e-01
  0.00000000e+00 3.80127398e-03 0.00000000e+00]
 [0.00000000e+00 0.00000000e+00 0.00000000e+00 2.68137313e+00
  2.47920468e+00 3.45180751e-01 1.72613829e+00 1.46715138e+00
  7.63729940e-01 4.87516488e-01 2.08617407e-01 1.12594001e-01
  0.00000000e+00 0.00000000e+00 0.00000000e+00]
 [0.00000000e+00 0.00000000e+00 0.00000000e+00 2.55855650e+00
  3.22366670e+00 4.67429286e-01 1.54657361e+00 2.38430553e+00
  1.18148394e+00 3.65884993e-01 2.55056802e-01 4.15352649e-02
  0.00000000e+00 0.00000000e+00 0.00000000e+00]
 [1.19040563e+00 9.55179677e-01 5.33352914e-01 4.28947249e-01
  1.58610649e+00 1.19706029e+00 1.05660922e+00 8.31777013e-01
  4.51369244e-01 4.72144917e-01 3.52057397e-01 5.09954104e-01
  1.33980314e+00 4.89219305e-01 1.03838629e+00]
 [0.00000000e+00 0.00000000e+00 0.00000000e+00 1.79682514e+00
  4.51280042e+00 4.76205874e-01 8.99286972e-01 1.61164439e+00
  1.20890871e+00 6.84819588e-01 2.49381681e-01 1.12866043e-01
  0.00000000e+00 0.00000000e+00 0.00000000e+00]
 [0.00000000e+00 0.00000000e+00 0.00000000e+00 8.74457630e-01
  1.17169595e+00 1.14531730e-01 6.98995903e-01 8.35081285e-01
  2.09787566e-01 9.09544402e-02 1.54191038e-01 0.00000000e+00
  0.00000000e+00 0.00000000e+00 0.00000000e+00]
 [0.00000000e+00 3.70918478e-03 0.00000000e+00 9.48257870e-01
  4.32631350e+00 5.33427540e-01 9.44278690e-01 2.12339479e+00
  1.27197040e+00 4.57232337e-01 1.79750423e-01 1.07823682e-01
  0.00000000e+00 9.51057666e-02 9.40517818e-02]
 [0.00000000e+00 1.01668058e-01 0.00000000e+00 9.93103743e-02
  3.35131804e-02 6.21542046e-02 1.14989071e-02 0.00000000e+00
  1.02539176e+00 1.92059891e-01 5.93093296e-02 7.37445935e-02
  9.73787879e-02 2.27594084e-01 4.27586786e-01]
 [9.54478941e-02 5.53568437e-02 0.00000000e+00 6.22410302e-02
  7.36542948e-03 0.00000000e+00 0.00000000e+00 0.00000000e+00
  4.15166818e-03 0.00000000e+00 0.00000000e+00 2.05154089e-01
  3.50162528e-01 4.53464335e-01 4.22810561e-01]
 [0.00000000e+00 5.45510326e-01 1.08185477e-01 2.09566112e-01
  3.90394077e-01 1.42949858e-01 3.53017617e-01 0.00000000e+00
  4.08683614e-01 6.38281238e-01 3.56376786e-01 3.11377826e-01
  4.58786174e-01 8.47550157e-01 7.82042044e-01]
 [0.00000000e+00 0.00000000e+00 0.00000000e+00 6.25873619e-02
  0.00000000e+00 0.00000000e+00 0.00000000e+00 0.00000000e+00
  0.00000000e+00 0.00000000e+00 0.00000000e+00 0.00000000e+00
  3.85022781e-02 2.21955116e-01 4.80519684e-01]
 [6.55415357e-01 4.70335999e-01 3.69539400e-01 1.85813399e-01
  2.81175331e-01 4.72904871e-01 3.42524380e-01 7.00083475e-01
  4.43929291e-01 4.96655106e-01 4.93259847e-01 2.48325269e-01
  5.63627548e-01 2.89330473e-01 1.86621512e-01]]

19
----------------------------------------------------------------------------------
[[0.00000000e+00 3.90391397e-02 1.11420111e-01 0.00000000e+00
  0.00000000e+00 2.78006707e-01 0.00000000e+00 1.89206606e-01
  0.00000000e+00 0.00000000e+00 0.00000000e+00 1.96915399e-01
  8.15646796e-02 2.69364116e-01 0.00000000e+00]
 [2.43239609e-02 1.81502221e-04 2.72319806e-01 1.92577933e-01
  4.87858220e-02 3.14991724e-01 1.30847074e-01 3.40963869e-01
  0.00000000e+00 7.75529068e-02 0.00000000e+00 3.26000435e-01
  2.40652185e-01 2.20681224e-01 8.54561074e-02]
 [2.52151115e-01 4.20450088e-01 2.82990576e-01 5.82737926e-01
  0.00000000e+00 3.61352627e-01 3.85143773e-01 3.37093840e-01
  7.73540510e-02 6.24904815e-01 0.00000000e+00 8.39764788e-02
  4.47031673e-01 7.38568501e-01 2.69347442e-01]
 [0.00000000e+00 0.00000000e+00 0.00000000e+00 0.00000000e+00
  0.00000000e+00 3.56470465e-02 0.00000000e+00 1.45110654e-01
  0.00000000e+00 0.00000000e+00 0.00000000e+00 1.30590625e-02
  8.74305850e-02 2.55331325e-03 0.00000000e+00]
 [0.00000000e+00 0.00000000e+00 0.00000000e+00 0.00000000e+00
  0.00000000e+00 3.14033982e-02 0.00000000e+00 3.73884596e-02
  0.00000000e+00 2.79137172e-02 0.00000000e+00 1.55856039e-02
  1.16831076e-01 0.00000000e+00 0.00000000e+00]
 [1.83731053e-01 3.83408387e-01 6.58233708e-01 2.50122941e-01
  2.29539863e-01 1.96287781e-01 4.58468245e-01 7.41501115e-01
  0.00000000e+00 4.70373149e-01 0.00000000e+00 5.68300527e-01
  6.85237059e-01 1.42736856e-01 2.57985307e-01]
 [0.00000000e+00 0.00000000e+00 6.65577872e-03 0.00000000e+00
  0.00000000e+00 6.16502795e-02 0.00000000e+00 1.31901028e-01
  0.00000000e+00 7.92805138e-02 0.00000000e+00 0.00000000e+00
  1.42600676e-01 1.50734291e-01 0.00000000e+00]
 [0.00000000e+00 0.00000000e+00 0.00000000e+00 0.00000000e+00
  0.00000000e+00 0.00000000e+00 0.00000000e+00 1.85955683e-01
  0.00000000e+00 0.00000000e+00 0.00000000e+00 0.00000000e+00
  2.33262619e-02 2.97363389e-02 0.00000000e+00]
 [0.00000000e+00 0.00000000e+00 0.00000000e+00 0.00000000e+00
  0.00000000e+00 0.00000000e+00 0.00000000e+00 8.19303168e-02
  0.00000000e+00 0.00000000e+00 0.00000000e+00 0.00000000e+00
  4.58268386e-02 5.82231666e-02 0.00000000e+00]
 [4.75453547e-02 5.51782894e-01 3.68103164e-01 6.44915816e-01
  8.33889851e-01 6.10470776e-01 3.36248915e-01 5.14168370e-01
  3.09483797e-01 1.40932735e+00 4.09833294e-01 7.69860228e-01
  6.07827209e-01 6.55593623e-01 6.78546076e-01]
 [0.00000000e+00 0.00000000e+00 2.89333339e-03 0.00000000e+00
  0.00000000e+00 2.74892648e-02 0.00000000e+00 2.29355306e-02
  0.00000000e+00 0.00000000e+00 0.00000000e+00 0.00000000e+00
  0.00000000e+00 3.37660972e-02 0.00000000e+00]
 [0.00000000e+00 2.48583545e-02 0.00000000e+00 0.00000000e+00
  0.00000000e+00 0.00000000e+00 0.00000000e+00 3.63747043e-03
  0.00000000e+00 0.00000000e+00 0.00000000e+00 0.00000000e+00
  3.55880626e-02 9.10841608e-02 0.00000000e+00]
 [5.55005013e-02 1.97493063e-01 3.40339205e-03 0.00000000e+00
  0.00000000e+00 8.84561314e-02 0.00000000e+00 1.73316674e-01
  0.00000000e+00 1.52522459e-02 0.00000000e+00 1.94627952e-01
  1.28228416e-01 1.71434894e-02 4.53272279e-02]
 [3.31369189e-01 8.91103138e-02 4.26658418e-01 5.08160226e-01
  3.61861872e-01 3.05633546e-01 0.00000000e+00 1.01866546e-01
  9.95024181e-04 1.67864693e-01 0.00000000e+00 2.57069190e-01
  1.55617296e-01 4.13184893e-01 0.00000000e+00]
 [1.10838259e+00 1.14965614e-01 7.40324001e-01 4.92955252e-01
  1.64120505e-01 3.76392612e-01 1.51801195e-01 2.89956653e-01
  0.00000000e+00 2.21917545e-02 0.00000000e+00 3.08339867e-01
  1.31389724e-01 8.90165502e-02 0.00000000e+00]
 [7.60094605e-01 2.05829823e-01 3.77517363e-01 5.30498551e-01
  1.84602552e-01 2.25549201e-01 5.54000632e-02 1.49746348e-01
  1.04789161e-01 4.90718499e-03 0.00000000e+00 2.07979461e-01
  4.04309480e-01 0.00000000e+00 6.30373795e-03]
 [1.71145070e-01 6.19302116e-02 5.21371209e-01 4.14115935e-01
  2.29521833e-01 2.42214142e-01 0.00000000e+00 4.03366569e-02
  0.00000000e+00 0.00000000e+00 0.00000000e+00 1.51497905e-01
  1.02400084e-02 5.91038075e-02 0.00000000e+00]
 [6.08023883e-01 2.07621752e-01 2.27345979e-01 3.23722265e-01
  4.14665278e-01 1.48650476e-01 3.21667522e-01 2.27615836e-01
  7.39431355e-01 4.64483847e-01 6.94048866e-01 3.98179753e-01
  1.07053119e-01 3.35136996e-01 4.09229362e-01]]

20
----------------------------------------------------------------------------------
[[3.16045025e-02 2.21553944e-01 8.61005166e-02 0.00000000e+00
  1.04294383e-01 1.76995128e-01 0.00000000e+00 1.63294339e-01
  2.87101275e-01 1.29475315e-01 0.00000000e+00 6.34599110e-02
  0.00000000e+00 2.70641705e-02 5.46843498e-02]
 [4.03417816e-01 3.86188091e-01 1.61137139e-01 4.62393946e-01
  2.70634233e-01 2.51577014e-01 1.00298358e-01 4.08143999e-01
  3.40098478e-01 2.06098307e-02 3.11829226e-01 3.50411046e-01
  1.40769805e-01 2.98985919e-01 2.65436108e-01]
 [2.70642394e-01 4.68555696e-01 3.98183751e-01 4.17310291e-01
  1.12202450e+00 2.30051428e-01 4.85238212e-01 6.47979127e-01
  5.61042907e-01 8.90262765e-01 4.92884670e-01 5.81489543e-01
  5.51279347e-01 1.24440038e-01 2.71108037e-01]
 [0.00000000e+00 1.02618699e-01 1.16486377e-01 2.14626574e-02
  8.25895203e-02 8.01306825e-02 0.00000000e+00 1.86357636e-01
  8.08225333e-02 6.57029132e-02 0.00000000e+00 3.64603504e-02
  0.00000000e+00 3.16339990e-02 0.00000000e+00]
 [0.00000000e+00 1.81170456e-01 0.00000000e+00 0.00000000e+00
  1.13013388e-01 1.12267721e-01 0.00000000e+00 1.79659109e-02
  1.26116362e-01 1.70015465e-02 0.00000000e+00 4.78340105e-02
  3.73950173e-02 7.88410699e-02 0.00000000e+00]
 [8.88495530e-01 4.23267961e-01 3.26690721e-01 3.28342033e-01
  1.62458718e-01 2.93815972e-01 1.52371298e-01 7.63716025e-01
  2.49168316e-01 5.76143904e-01 3.24049835e-01 1.04823181e-01
  1.95399910e-01 1.93898281e-01 9.11784103e-03]
 [7.51653027e-02 1.42692949e-01 0.00000000e+00 0.00000000e+00
  1.13966239e-01 1.79154154e-01 0.00000000e+00 5.34350916e-02
  5.43479707e-02 1.41963611e-01 1.22446317e-01 8.22564997e-02
  1.83963093e-02 1.44689614e-01 2.55743092e-02]
 [0.00000000e+00 1.00319784e-01 2.91909508e-03 0.00000000e+00
  1.68284913e-01 0.00000000e+00 0.00000000e+00 1.51536738e+00
  4.80567613e+00 7.81249739e-01 1.22245301e+00 1.68498978e+00
  1.05763602e+00 7.45038541e-01 3.92061858e-01]
 [0.00000000e+00 7.92017681e-02 0.00000000e+00 0.00000000e+00
  0.00000000e+00 0.00000000e+00 0.00000000e+00 1.53310321e+00
  3.13050143e+00 1.30025901e+00 1.40145687e+00 2.53791865e+00
  1.92259320e+00 1.06514487e+00 5.34286585e-01]
 [1.09261696e+00 1.08608026e+00 5.28013316e-01 1.94557298e-01
  1.47994126e+00 8.10159200e-01 2.43724410e-01 1.19400956e+00
  2.07508942e+00 1.29036648e+00 1.11964244e+00 1.08324836e+00
  7.96680169e-01 1.16566687e+00 9.21990367e-01]
 [0.00000000e+00 6.39430456e-02 5.86777904e-02 0.00000000e+00
  8.82706268e-03 0.00000000e+00 0.00000000e+00 1.36479067e+00
  4.26903603e+00 1.77117636e+00 5.71765598e-01 2.19579147e+00
  1.85889433e+00 1.61111665e+00 5.41678393e-01]
 [0.00000000e+00 7.19231998e-02 0.00000000e+00 0.00000000e+00
  6.95637204e-02 1.68500152e-02 0.00000000e+00 3.54792073e-01
  1.26116547e+00 6.14535185e-01 8.79841337e-01 1.21749480e+00
  7.95452390e-01 3.47973862e-01 1.48712768e-01]
 [1.18691024e-01 1.49481579e-01 2.62067182e-01 8.26063116e-02
  1.75693661e-01 1.00021183e-02 1.83358802e-02 1.09147371e+00
  3.34950264e+00 1.69029711e+00 7.54621309e-01 2.01540651e+00
  1.58513371e+00 1.08123192e+00 3.41865755e-01]
 [0.00000000e+00 8.22833769e-01 1.39377363e-02 0.00000000e+00
  2.69840259e-01 7.27917785e-02 0.00000000e+00 1.64016586e-01
  1.65696092e-01 3.90387868e-01 0.00000000e+00 1.26444274e-01
  1.23782549e-01 4.27014757e-01 0.00000000e+00]
 [0.00000000e+00 1.55631473e-01 0.00000000e+00 7.31034761e-02
  1.05482534e-01 6.76101153e-04 0.00000000e+00 1.61757274e-01
  1.56494169e-01 8.96772123e-02 5.87895422e-03 0.00000000e+00
  1.22096810e-02 3.97584308e-02 0.00000000e+00]
 [0.00000000e+00 4.79784916e-01 0.00000000e+00 1.64755192e-02
  1.82076047e-01 0.00000000e+00 3.03614526e-03 2.68714722e-01
  1.70594321e-01 4.61884537e-01 0.00000000e+00 8.42469263e-02
  1.33853618e-01 5.44885763e-01 0.00000000e+00]
 [0.00000000e+00 1.74560249e-01 0.00000000e+00 0.00000000e+00
  1.20348524e-01 0.00000000e+00 0.00000000e+00 1.67150060e-01
  1.81589957e-01 8.62537877e-03 5.73813217e-02 0.00000000e+00
  0.00000000e+00 0.00000000e+00 1.47892214e-02]
 [3.91604281e-01 1.95767901e-01 4.42392802e-01 4.47561118e-01
  2.36239253e-01 3.63364728e-01 3.14274360e-01 1.50416907e-01
  3.08761982e-01 2.64252869e-01 2.88186616e-01 2.99052598e-01
  2.43535014e-01 1.95368098e-01 6.18155600e-01]]

21
----------------------------------------------------------------------------------
[[0.04658361 0.16779473 0.02665261 0.         0.         0.02656126
  0.02732603 0.11918888 0.         0.1048936  0.         0.
  0.11075242 0.         0.        ]
 [0.32629808 0.25784151 0.         0.03170188 0.23625524 0.12736126
  0.23789819 0.33860986 0.2487009  0.28021686 0.22340203 0.
  0.58933951 0.23132373 0.0796355 ]
 [0.03927259 0.14343097 0.27059392 0.28038824 0.28580402 0.1531582
  0.44694897 0.37680667 0.29376315 0.54406117 0.43681126 0.
  0.84635454 0.         0.66270705]
 [0.         0.06988043 0.         0.         0.         0.
  0.         0.01018573 0.         0.09831884 0.         0.
  0.         0.         0.        ]
 [0.         0.         0.         0.         0.02338412 0.
  0.         0.05958207 0.         0.07677386 0.         0.
  0.         0.         0.        ]
 [0.36066246 0.15611118 0.19327873 0.07246032 0.32646685 0.
  0.09724973 0.46810012 0.28002486 0.74048979 0.43227224 0.00463765
  0.59055063 0.07664576 0.13794724]
 [0.         0.09948058 0.         0.         0.03020385 0.
  0.13698429 0.06274877 0.         0.00644676 0.10339997 0.
  0.         0.         0.18662228]
 [0.         0.         0.         0.         0.         0.
  0.07005791 0.0407248  0.         0.02105577 0.         0.
  0.         0.         0.01259514]
 [0.03943309 0.         0.         0.         0.         0.
  0.         0.         0.         0.03013313 0.         0.
  0.         0.         0.        ]
 [0.7422893  0.57712435 1.17463708 0.17505733 0.90530863 1.92658088
  0.77650256 0.92977286 1.52355187 1.4639453  1.00380361 1.11498308
  1.45577662 0.57531835 0.78373417]
 [0.14916331 0.         0.         0.         0.         0.
  0.         0.         0.03000622 0.         0.         0.
  0.         0.         0.15130867]
 [0.02070601 0.         0.         0.         0.         0.
  0.         0.00259713 0.         0.07285416 0.         0.
  0.         0.         0.        ]
 [0.10621619 0.         0.17533403 0.         0.02012802 0.00820715
  0.         0.14224234 0.23577578 0.08876483 0.         0.
  0.06936263 0.07283982 0.        ]
 [0.06237809 0.04590644 0.06149389 0.05077908 0.13869073 0.24954549
  0.71614578 0.4407203  0.02420569 0.06917346 0.         0.
  0.19864805 0.         0.        ]
 [0.         0.         0.         0.         0.05132241 0.58346764
  1.26634967 0.29486527 0.03869726 0.         0.         0.
  0.         0.         0.        ]
 [0.31648985 0.26573344 0.         0.13140286 0.22241393 0.
  0.39977527 1.03832349 0.         0.33271269 0.01006622 0.15691048
  0.19377702 0.00383736 0.15043533]
 [0.         0.00349595 0.         0.         0.         0.14438859
  1.31654749 0.21234377 0.04436232 0.         0.         0.
  0.         0.         0.        ]
 [0.48207027 0.46406518 0.63679595 0.5312617  0.31859267 0.45328776
  0.41746389 0.16726373 0.25456149 0.22664741 0.53689924 0.55934183
  0.23124977 0.52231799 0.5341011 ]]

22
----------------------------------------------------------------------------------
[[0.04042776 0.05266842 0.16098279 0.13834416 0.11681304 0.20517915
  0.         0.         0.         0.         0.         0.36155328
  0.09396626 0.         0.        ]
 [0.43537196 0.2142233  0.22709652 0.38749238 0.17147375 0.31411734
  0.         0.         0.         0.         0.35724913 0.27364814
  0.         0.12284683 0.        ]
 [0.52126102 0.19667969 0.475566   0.66076613 0.31862967 0.57456859
  0.14956117 0.16109017 0.         0.         0.07272167 0.36764626
  0.18512518 0.         0.        ]
 [0.06238642 0.         0.06648679 0.12016163 0.         0.14647093
  0.         0.         0.         0.         0.09193918 0.57674796
  0.52723827 0.         0.        ]
 [0.10896199 0.         0.1141951  0.08648558 0.         0.09217626
  0.         0.07394155 0.         0.         0.02655848 0.30879809
  0.25564277 0.         0.        ]
 [0.73920544 0.56876782 0.73881986 0.34208149 0.44984516 0.43148111
  0.46846346 0.23828208 0.         0.40068842 0.27688088 0.32720881
  0.22859417 0.         0.        ]
 [0.14766821 0.         0.09820345 0.20756222 0.         0.01244126
  0.         0.1561337  0.         0.         0.         0.40388831
  0.12120491 0.         0.        ]
 [0.         0.         0.11448875 0.25956171 0.00780796 0.02243635
  0.         0.         0.         0.         0.09286214 1.95996213
  3.63327277 1.17878806 0.        ]
 [0.         0.         0.         0.12868878 0.         0.02394126
  0.         0.         0.         0.         0.01859944 1.86257956
  4.11080511 1.54188137 0.        ]
 [1.44049479 1.59763999 1.43485528 1.06258026 0.73389032 0.74510618
  0.9535457  0.         0.38988238 0.         0.46552538 0.62668429
  0.04132438 0.23058726 0.        ]
 [0.         0.         0.02829203 0.10888616 0.07425314 0.03127038
  0.         0.         0.         0.         0.         1.52580059
  3.80057295 1.40284426 0.        ]
 [0.         0.         0.         0.12735451 0.         0.13141672
  0.         0.         0.         0.         0.         0.63603585
  1.84020344 0.75941389 0.        ]
 [0.07860162 0.         0.03599162 0.09941836 0.         0.01964056
  0.060212   0.         0.         0.         0.04646498 0.88278099
  4.84681324 1.25938255 0.        ]
 [0.11559071 0.24676267 0.32796519 0.9143774  0.90916722 0.41053636
  0.12380271 0.2795081  0.         0.         0.49125709 1.18927305
  0.44796895 0.34151085 0.2541213 ]
 [0.00717192 0.13448865 0.84759812 1.45547049 1.40621409 0.60615711
  0.15877635 0.82351344 0.15699474 0.10327905 1.18657442 3.02336972
  1.08788196 1.26695208 1.10025947]
 [0.1851035  0.29068781 0.44576601 0.8675116  0.36530159 0.83187692
  0.63285364 0.         0.98694704 0.98882901 0.67104344 1.32307248
  0.35198639 0.27143711 0.53297713]
 [0.         0.0826283  0.49180392 0.64503039 0.64808778 0.55331138
  0.         0.         0.         0.         0.40550145 1.34812105
  0.34988912 0.53130722 0.50600383]
 [0.15980685 0.3549201  0.24641947 0.22429614 0.30136274 0.19335467
  0.53793751 0.97023679 1.81452602 1.51131352 0.40517766 0.4130043
  0.67756379 1.02841768 1.42649514]]

23
----------------------------------------------------------------------------------
[[0.         0.03618714 0.         0.05743249 0.         0.
  0.         0.25784239 0.06710572 0.         0.         0.19105155]
 [0.08110995 0.11804461 0.58507333 0.5408146  0.05588597 0.09746818
  0.02148267 0.         0.         0.         0.03881272 0.12687886]
 [0.12696899 0.31870153 0.26643411 0.41532121 0.09422719 0.60134476
  0.         0.25234667 0.         0.         0.25530375 0.33149778]
 [0.         0.         0.00493025 0.         0.         0.
  0.         0.05217195 0.         0.08000799 0.1304284  0.        ]
 [0.         0.         0.         0.         0.         0.
  0.         0.10954161 0.         0.0228496  0.29307876 0.        ]
 [0.1100611  0.20238973 0.35162724 0.12495146 0.00764265 0.25720652
  0.70929293 0.24461249 0.35548929 0.         0.36023242 0.06835063]
 [0.         0.         0.09298613 0.         0.01840479 0.
  0.         0.08738835 0.         0.         0.21125842 0.        ]
 [0.         0.         0.         0.         0.         0.
  0.         0.         0.         0.00616235 0.15913464 0.        ]
 [0.         0.         0.         0.         0.         0.
  0.         0.         0.         0.         0.21365729 0.        ]
 [0.47125964 1.30846829 1.22754848 0.52678088 0.74178586 0.47227266
  0.72610805 0.51118531 1.06369609 0.38799893 0.87630643 1.02025803]
 [0.21942972 0.01722177 0.18203694 0.         0.         0.
  0.         0.00490928 0.0089623  0.         0.31726914 0.        ]
 [0.74464069 0.70572247 0.38657478 0.14914764 0.04551797 0.
  0.         0.0661738  0.         0.         0.13139873 0.        ]
 [1.06938899 1.24818257 0.67234609 0.228603   0.00766233 0.
  0.         0.13649419 0.         0.         0.01436086 0.        ]
 [0.         0.01673804 0.32006942 0.2569952  0.26108361 1.56109867
  0.38514108 0.72293129 0.37113346 0.04207403 0.         0.39388854]
 [0.0579687  0.26014521 0.2738962  0.         3.31892829 1.16579511
  0.45157614 0.51891342 0.31152238 0.06679159 0.26756899 1.27695044]
 [0.0876501  0.04369546 0.18134775 0.37594314 0.44769198 0.59333265
  0.35084488 0.40151079 0.22884187 0.4350687  0.21559798 0.51493837]
 [0.04887634 0.17415609 0.24828949 0.         0.57470007 0.25226599
  0.45964219 0.42015942 0.09206206 0.06309029 0.         0.28188947]
 [0.60092437 0.32505036 0.3969627  0.5673652  0.60438548 0.5692768
  0.63383435 0.339516   0.69829412 0.6363323  0.55576105 0.50982251]]