

1
----------------------------------------------------------------------------------
[[0.         0.         0.3194979  0.         0.         0.
  0.         0.         0.         0.14310696 0.         0.11913659
  0.         0.         0.03816647]
 [0.         0.12203888 0.01066206 0.         0.         0.
  0.         0.         0.         0.11295842 0.         0.246275
  0.25937622 0.         0.27951085]
 [0.54236126 0.04938431 0.22031654 0.06720139 0.         0.
  0.         0.         0.         0.31843444 0.         0.15545191
  0.36764992 0.55507404 0.0845216 ]
 [0.         0.         0.0659159  0.         0.         0.
  0.         0.         0.         0.06548463 0.         0.11010045
  0.         0.         0.        ]
 [0.         0.         0.09010598 0.14196914 0.         0.
  0.         0.         0.         0.         0.         0.14991179
  0.0296707  0.         0.03610943]
 [0.13532086 0.2917143  0.08262598 0.         0.         0.
  0.         0.         0.         0.02564219 0.06574586 0.21039814
  0.21209249 0.34521904 0.23226823]
 [0.         0.         0.10892251 0.18587278 0.         0.
  0.         0.         0.         0.         0.0585361  0.19024861
  0.         0.09663322 0.12061163]
 [0.         0.         0.08847624 0.         0.         0.
  0.         0.         0.         0.02912654 0.         0.
  0.         0.         0.        ]
 [0.         0.         0.03959634 0.         0.         0.
  0.         0.         0.         0.06177239 0.         0.05320986
  0.         0.         0.        ]
 [0.55695972 1.392516   0.29026317 0.09464695 0.2798269  0.
  0.         0.         0.09890258 0.39400976 0.10533457 0.
  0.69440142 0.39234695 0.81482693]
 [0.         0.         0.13411273 0.         0.         0.
  0.         0.         0.         0.         0.         0.02073769
  0.         0.         0.        ]
 [0.         0.         0.         0.         0.         0.
  0.         0.         0.         0.         0.         0.05630404
  0.         0.         0.        ]
 [0.20091826 0.         0.01066198 0.         0.         0.
  0.         0.         0.         0.         0.         0.19971086
  0.         0.         0.        ]
 [0.84537245 0.45932312 0.38819436 1.20745773 0.         0.
  0.         0.         0.         0.32706951 0.         0.
  0.         0.         0.        ]
 [1.63743647 0.68131556 0.81959433 1.34221086 0.         0.
  0.         0.         0.         0.55514069 0.         0.
  0.         0.         0.09613558]
 [0.83565299 0.6077544  0.78182374 0.48563444 0.         0.
  0.         0.         0.         0.         0.26565271 0.
  0.         0.08041231 0.03694156]
 [0.89728598 0.5525097  0.20896597 0.         0.         0.
  0.         0.         0.         0.40193384 0.         0.
  0.03059001 0.         0.        ]
 [0.59174141 0.51262852 0.87354861 1.52822647 2.00312781 3.19015836
  2.79845444 1.4679307  1.14301686 0.52856345 0.59829868 0.52814227
  0.40590955 0.43717949 0.2863956 ]]

2
----------------------------------------------------------------------------------
[[0.         0.         0.02637109 0.         0.         0.
  0.07572033 0.20912996 0.01900908 0.         0.         0.17069774
  0.         0.05342537 0.        ]
 [0.         0.         0.         0.         0.         0.
  0.23833633 0.295302   0.23581311 0.08321395 0.         0.31449145
  0.2709751  0.14220124 0.1423795 ]
 [0.         0.05162205 0.35153385 0.         0.         0.
  0.45369275 0.29457966 0.71099415 0.50161575 0.         0.45004535
  0.63570601 0.         0.        ]
 [0.         0.         0.04349283 0.03088754 0.         0.
  0.12060921 0.09657701 0.01020397 0.         0.         0.13157261
  0.         0.         0.        ]
 [0.         0.07987449 0.02080543 0.         0.         0.
  0.14437321 0.06068375 0.         0.         0.         0.05965154
  0.         0.         0.        ]
 [0.18563834 0.22406633 0.37306722 0.09050219 0.0162721  0.
  0.72891769 1.00407097 0.74176675 0.         0.         0.17031699
  0.13301274 0.         0.        ]
 [0.         0.15595819 0.16106275 0.         0.         0.
  0.23648958 0.1280139  0.         0.         0.         0.
  0.         0.         0.        ]
 [0.         0.17132595 1.47946245 1.56738885 0.35274402 0.
  0.54927718 0.47116814 0.17649738 0.         0.         0.21832069
  0.         0.         0.        ]
 [0.         0.36997877 1.75072131 2.11914848 0.72449081 0.
  1.0312267  0.9223476  0.30328542 0.10844135 0.         0.
  0.         0.         0.        ]
 [0.37534674 0.18663349 0.02106457 0.         0.         0.
  0.32671926 1.69480983 0.357933   1.60410322 0.20575762 1.02346335
  1.2984197  0.62614051 0.63980329]
 [0.         0.27377237 2.27424777 4.61434162 1.25389365 0.
  1.73645337 1.73047952 0.88728073 0.54971944 0.13090029 0.
  0.         0.         0.        ]
 [0.         0.15079486 0.68320099 1.00134889 0.25133988 0.
  0.59941155 0.3840555  0.12574636 0.05384615 0.         0.00494026
  0.01380258 0.         0.        ]
 [0.         0.         1.13677755 3.80352026 0.95964453 0.
  1.75004047 1.77932305 0.66539036 0.24726742 0.         0.02441242
  0.         0.         0.        ]
 [0.         0.16131389 0.41248287 0.37673709 0.         0.
  0.2403272  0.7121715  0.51357442 0.62066191 0.1466841  0.36791596
  0.6285749  0.20263753 0.        ]
 [0.         0.23679564 0.57358679 0.83071087 0.02180161 0.
  0.01345732 0.95154166 0.57662771 0.66523345 0.19186216 0.64755391
  1.37008601 0.34530096 0.        ]
 [0.         0.02958213 0.50060554 0.82679073 0.02605776 0.
  0.40314653 1.05587709 0.79509941 0.69104177 0.08702651 0.11150229
  0.         0.         0.        ]
 [0.         0.25024645 0.41888915 0.64815171 0.21167145 0.
  0.         0.26276135 0.32060572 0.51692576 0.17429049 0.39295268
  1.08458215 0.3630202  0.        ]
 [0.5771452  0.60710069 0.81102927 1.05555523 1.51635898 1.63231124
  0.55412888 0.22513008 0.31038287 0.42652471 0.65659393 0.33578245
  0.67056484 0.93784464 1.09712173]]

3
----------------------------------------------------------------------------------
[[0.00000000e+00 0.00000000e+00 0.00000000e+00 0.00000000e+00
  3.64598039e-03 0.00000000e+00 2.24301079e-01 0.00000000e+00
  0.00000000e+00 3.11539491e-02 0.00000000e+00 0.00000000e+00
  0.00000000e+00 0.00000000e+00 0.00000000e+00]
 [0.00000000e+00 0.00000000e+00 0.00000000e+00 5.99706275e-02
  5.20024563e-02 2.09551767e-01 1.91359731e-01 0.00000000e+00
  4.44236657e-01 1.03867795e-01 0.00000000e+00 8.24473328e-02
  0.00000000e+00 0.00000000e+00 2.46299945e-02]
 [0.00000000e+00 0.00000000e+00 0.00000000e+00 0.00000000e+00
  0.00000000e+00 3.07706464e-01 3.36041510e-01 4.62909286e-01
  6.61278561e-01 2.44643043e-01 0.00000000e+00 0.00000000e+00
  8.86440479e-02 0.00000000e+00 0.00000000e+00]
 [0.00000000e+00 0.00000000e+00 0.00000000e+00 0.00000000e+00
  2.55436271e-02 0.00000000e+00 1.74845645e-01 0.00000000e+00
  0.00000000e+00 0.00000000e+00 0.00000000e+00 0.00000000e+00
  0.00000000e+00 0.00000000e+00 0.00000000e+00]
 [1.46009757e-03 0.00000000e+00 0.00000000e+00 0.00000000e+00
  7.08784722e-02 0.00000000e+00 1.74357243e-01 0.00000000e+00
  2.78236511e-02 0.00000000e+00 3.99411370e-02 0.00000000e+00
  0.00000000e+00 0.00000000e+00 0.00000000e+00]
 [0.00000000e+00 0.00000000e+00 0.00000000e+00 0.00000000e+00
  1.43290639e-01 4.52254724e-01 2.48924936e-01 2.73768822e-01
  1.99959554e-01 3.95983944e-01 0.00000000e+00 2.78015300e-01
  3.49533844e-01 0.00000000e+00 2.97485258e-01]
 [0.00000000e+00 0.00000000e+00 0.00000000e+00 0.00000000e+00
  0.00000000e+00 1.02588167e-01 1.21682303e-01 0.00000000e+00
  2.00201006e-01 5.12548940e-02 0.00000000e+00 0.00000000e+00
  0.00000000e+00 0.00000000e+00 3.21308231e-01]
 [0.00000000e+00 0.00000000e+00 0.00000000e+00 0.00000000e+00
  0.00000000e+00 4.56197326e-02 3.03193771e-01 0.00000000e+00
  0.00000000e+00 4.44136624e-02 0.00000000e+00 0.00000000e+00
  0.00000000e+00 0.00000000e+00 5.63657460e-01]
 [0.00000000e+00 0.00000000e+00 0.00000000e+00 0.00000000e+00
  0.00000000e+00 6.14792197e-02 2.72239256e-01 0.00000000e+00
  0.00000000e+00 0.00000000e+00 0.00000000e+00 0.00000000e+00
  0.00000000e+00 0.00000000e+00 7.16955094e-01]
 [0.00000000e+00 0.00000000e+00 0.00000000e+00 0.00000000e+00
  2.41485538e-01 7.01809158e-01 1.22057224e+00 3.79169864e-01
  4.07184285e-01 0.00000000e+00 1.35599998e-01 2.58154706e-01
  4.20584226e-01 1.07411309e-01 9.19144204e-01]
 [0.00000000e+00 0.00000000e+00 0.00000000e+00 0.00000000e+00
  0.00000000e+00 1.52092727e-01 4.81675944e-02 0.00000000e+00
  1.20029760e-01 0.00000000e+00 0.00000000e+00 0.00000000e+00
  0.00000000e+00 0.00000000e+00 8.90565520e-01]
 [0.00000000e+00 0.00000000e+00 0.00000000e+00 0.00000000e+00
  0.00000000e+00 8.29595275e-02 4.44908658e-01 0.00000000e+00
  0.00000000e+00 0.00000000e+00 0.00000000e+00 0.00000000e+00
  0.00000000e+00 0.00000000e+00 0.00000000e+00]
 [0.00000000e+00 0.00000000e+00 0.00000000e+00 0.00000000e+00
  0.00000000e+00 4.44386759e-01 9.71450918e-02 0.00000000e+00
  1.97088031e-01 0.00000000e+00 0.00000000e+00 0.00000000e+00
  0.00000000e+00 0.00000000e+00 3.41618255e-01]
 [0.00000000e+00 0.00000000e+00 0.00000000e+00 0.00000000e+00
  2.19701517e-01 4.71274335e-01 6.49764718e-01 2.07293042e-01
  2.55345511e-02 0.00000000e+00 0.00000000e+00 1.50537944e-01
  3.60670307e-01 0.00000000e+00 2.65761762e-01]
 [0.00000000e+00 0.00000000e+00 0.00000000e+00 0.00000000e+00
  4.51455645e-01 9.70601312e-01 6.09255437e-01 0.00000000e+00
  1.99277308e-02 0.00000000e+00 0.00000000e+00 1.56959253e+00
  1.55720112e+00 0.00000000e+00 8.89306845e-01]
 [0.00000000e+00 0.00000000e+00 0.00000000e+00 0.00000000e+00
  1.66625913e-01 6.16893891e-02 7.15011210e-01 2.08155887e-01
  3.05118334e-01 1.34460514e-01 0.00000000e+00 0.00000000e+00
  1.83948458e-01 7.86370509e-01 6.48200935e-03]
 [0.00000000e+00 0.00000000e+00 0.00000000e+00 0.00000000e+00
  3.62597433e-02 7.87517690e-01 1.72112390e-01 0.00000000e+00
  0.00000000e+00 3.23647416e-02 0.00000000e+00 3.81738579e-01
  5.36285231e-01 0.00000000e+00 7.78283868e-01]
 [1.71048221e+00 1.72700064e+00 1.67053826e+00 1.72389334e+00
  4.91362309e-01 6.87751720e-01 3.51527688e-01 1.38993113e+00
  4.47846552e-01 1.00795759e+00 1.09058142e+00 8.34290058e-01
  4.38786317e-01 7.04982402e-01 6.10098900e-01]]

4
----------------------------------------------------------------------------------
[[0.00000000e+00 0.00000000e+00 0.00000000e+00 0.00000000e+00
  0.00000000e+00 0.00000000e+00 0.00000000e+00 0.00000000e+00
  0.00000000e+00 3.22617430e-02 0.00000000e+00 7.35416710e-02
  0.00000000e+00 3.03633013e-02 0.00000000e+00]
 [1.55792029e-01 0.00000000e+00 8.59868781e-02 0.00000000e+00
  0.00000000e+00 5.22950971e-02 0.00000000e+00 0.00000000e+00
  0.00000000e+00 0.00000000e+00 0.00000000e+00 1.82170127e-01
  8.43180078e-02 0.00000000e+00 1.07794323e-01]
 [1.65544629e-03 1.06803205e-01 0.00000000e+00 1.01418225e-01
  2.93297755e-02 3.42306440e-01 0.00000000e+00 0.00000000e+00
  5.77920178e-02 4.30662189e-01 3.05994881e-01 3.13379751e-01
  1.65081622e-01 2.68619376e-02 0.00000000e+00]
 [0.00000000e+00 0.00000000e+00 5.28933056e-02 0.00000000e+00
  0.00000000e+00 0.00000000e+00 2.10746194e-02 0.00000000e+00
  0.00000000e+00 7.78662006e-02 0.00000000e+00 1.57346004e-01
  0.00000000e+00 0.00000000e+00 0.00000000e+00]
 [0.00000000e+00 0.00000000e+00 0.00000000e+00 7.52607759e-03
  0.00000000e+00 0.00000000e+00 4.92150861e-02 0.00000000e+00
  0.00000000e+00 4.54130214e-02 0.00000000e+00 1.23257826e-01
  0.00000000e+00 0.00000000e+00 0.00000000e+00]
 [1.64597730e-01 4.00355332e-01 0.00000000e+00 3.16152962e-01
  0.00000000e+00 1.41006264e-01 1.50990484e-01 0.00000000e+00
  0.00000000e+00 6.01244360e-02 1.37937203e-01 3.26264832e-01
  3.85154706e-02 0.00000000e+00 0.00000000e+00]
 [9.44535512e-02 0.00000000e+00 0.00000000e+00 0.00000000e+00
  4.14040600e-03 0.00000000e+00 0.00000000e+00 0.00000000e+00
  0.00000000e+00 2.02280847e-02 0.00000000e+00 1.53648567e-01
  0.00000000e+00 0.00000000e+00 0.00000000e+00]
 [3.91849074e-01 7.60492434e-01 1.38632172e+00 5.88876016e-01
  4.03313664e-01 3.12175034e-01 1.80428794e-01 0.00000000e+00
  0.00000000e+00 8.50606198e-02 0.00000000e+00 2.40104065e-01
  0.00000000e+00 0.00000000e+00 0.00000000e+00]
 [1.23269921e+00 7.20086288e-01 1.87772029e+00 7.93051308e-01
  6.35679095e-01 4.25885248e-01 1.39489732e-01 0.00000000e+00
  0.00000000e+00 6.26894434e-02 0.00000000e+00 1.44512047e-01
  0.00000000e+00 0.00000000e+00 0.00000000e+00]
 [3.30130187e-01 6.92748836e-01 3.21393731e-01 2.28963965e-01
  5.18261956e-01 3.01234477e-01 5.99547145e-01 0.00000000e+00
  0.00000000e+00 4.77797513e-01 7.67834712e-01 3.38808085e-01
  9.85129985e-01 3.05398483e-01 0.00000000e+00]
 [1.33286792e+00 0.00000000e+00 2.17210609e-01 5.92569750e-01
  7.91454185e-01 5.07010376e-01 0.00000000e+00 0.00000000e+00
  0.00000000e+00 0.00000000e+00 5.90054247e-02 2.93189713e-03
  0.00000000e+00 0.00000000e+00 0.00000000e+00]
 [1.06851657e-01 3.86800435e-01 1.43795901e+00 6.57239135e-01
  2.75357004e-01 4.50831569e-02 7.59969641e-02 0.00000000e+00
  0.00000000e+00 0.00000000e+00 0.00000000e+00 1.05603006e-01
  0.00000000e+00 0.00000000e+00 0.00000000e+00]
 [1.11622934e+00 2.74988939e-01 8.58205766e-01 7.75300755e-01
  5.95203462e-01 1.59529588e-01 2.60689093e-02 0.00000000e+00
  0.00000000e+00 6.90199217e-02 9.95420948e-02 3.83085809e-02
  0.00000000e+00 0.00000000e+00 0.00000000e+00]
 [2.28193027e-01 3.07082354e-01 3.81681817e-03 0.00000000e+00
  3.67924858e-02 1.36419808e-01 1.33750005e+00 4.29472203e-01
  1.44470575e-01 5.12233115e-01 4.32090833e-01 4.26483531e-01
  0.00000000e+00 1.06020480e-01 5.95700863e-01]
 [2.33856551e-01 8.00095687e-01 2.23701869e-01 0.00000000e+00
  3.53232130e-01 8.48643116e-01 1.70780716e+00 0.00000000e+00
  1.74159461e-01 5.71736229e-01 2.46998106e-01 5.95808719e-01
  8.90536791e-02 1.16768321e-01 1.08273847e+00]
 [2.99340242e-01 4.00503526e-01 0.00000000e+00 1.68639783e-02
  3.71064443e-01 3.48044753e-01 5.35396864e-01 1.88103586e+00
  9.81066486e-01 9.08707668e-01 4.25603026e-02 4.50181373e-01
  1.54350044e-01 2.08428683e-01 8.13060165e-02]
 [1.14259092e-01 2.91340519e-01 2.07786953e-01 5.65496040e-02
  9.57307319e-02 4.97970029e-01 3.80374738e-01 0.00000000e+00
  0.00000000e+00 2.33416666e-01 0.00000000e+00 1.81488848e-01
  1.57778089e-01 1.74804775e-01 0.00000000e+00]
 [1.46606845e+00 3.66754104e-01 9.29034318e-01 1.64182702e+00
  1.24982478e+00 6.37371261e-01 1.17896382e+00 2.12171527e+00
  1.66198795e+00 9.51166638e-01 8.18592105e-01 9.83855309e-01
  8.29284936e-01 5.75111145e-01 9.95417944e-01]]

5
----------------------------------------------------------------------------------
[[1.54410115e-01 3.47677743e-02 0.00000000e+00 5.85302766e-02
  0.00000000e+00 6.39699962e-02 5.91456253e-02 4.21842455e-02
  0.00000000e+00 2.27529560e-02 7.57811036e-02 0.00000000e+00
  5.78873214e-02 0.00000000e+00 0.00000000e+00]
 [3.40027000e-01 1.77823585e-01 1.52363061e-01 0.00000000e+00
  0.00000000e+00 7.42588960e-02 1.29301356e-01 4.78608827e-02
  0.00000000e+00 1.82387606e-01 7.93118156e-02 0.00000000e+00
  3.76065570e-02 3.92201548e-01 0.00000000e+00]
 [7.49645028e-01 7.40495053e-01 3.22523812e-02 1.60093329e-01
  1.97306177e-01 1.79862654e-01 1.54634379e-01 1.40770967e-01
  7.14747850e-02 2.74094518e-01 2.87047100e-01 2.04358679e-01
  4.02290442e-01 2.15367365e-01 0.00000000e+00]
 [6.09086349e-02 0.00000000e+00 0.00000000e+00 2.62896105e-02
  0.00000000e+00 1.37451461e-01 8.40949298e-02 0.00000000e+00
  0.00000000e+00 1.13743303e-01 0.00000000e+00 0.00000000e+00
  8.58476873e-02 0.00000000e+00 0.00000000e+00]
 [4.67501258e-02 0.00000000e+00 1.58247402e-02 0.00000000e+00
  0.00000000e+00 0.00000000e+00 5.07808019e-02 2.51008109e-02
  0.00000000e+00 5.91403412e-02 0.00000000e+00 0.00000000e+00
  1.23639752e-01 0.00000000e+00 0.00000000e+00]
 [5.72974672e-02 5.21080472e-01 2.45577279e-01 1.36058529e-01
  7.72922314e-02 3.83783666e-01 4.10983134e-01 7.80699906e-02
  6.17319891e-01 4.56903577e-01 5.70298973e-01 1.45494769e-01
  0.00000000e+00 5.85829633e-01 0.00000000e+00]
 [7.26258240e-02 0.00000000e+00 5.79343270e-02 1.46286743e-02
  0.00000000e+00 1.48552581e-02 8.37509589e-02 1.04072430e-01
  3.01761697e-02 4.00924190e-01 0.00000000e+00 0.00000000e+00
  0.00000000e+00 1.72631889e-01 0.00000000e+00]
 [7.86121789e-02 0.00000000e+00 1.17654302e-01 0.00000000e+00
  0.00000000e+00 2.24383479e-02 0.00000000e+00 3.17889756e-02
  8.30165748e-01 2.50535107e+00 7.55591402e-01 9.92724519e-02
  1.17841299e+00 8.22487401e-01 0.00000000e+00]
 [6.23180807e-03 0.00000000e+00 6.19136026e-02 0.00000000e+00
  0.00000000e+00 7.10185358e-03 0.00000000e+00 0.00000000e+00
  7.59975978e-01 2.59302210e+00 1.15195998e+00 3.26245665e-01
  1.56865319e+00 1.52206797e+00 2.87581606e-01]
 [5.81414808e-01 8.55046071e-01 5.07879151e-01 2.21225382e-01
  5.59580462e-01 9.90939918e-01 6.66638825e-01 0.00000000e+00
  5.95639897e-01 1.51784322e+00 1.82702069e+00 2.87556756e-01
  8.07621281e-01 7.74311837e-01 3.41955259e-01]
 [0.00000000e+00 4.62697037e-02 0.00000000e+00 0.00000000e+00
  0.00000000e+00 0.00000000e+00 0.00000000e+00 0.00000000e+00
  6.95415994e-01 4.07141446e+00 1.64265111e+00 0.00000000e+00
  1.05523566e+00 1.55193086e+00 6.21019410e-01]
 [1.12437477e-01 1.23134213e-02 7.94255030e-02 2.71803860e-02
  0.00000000e+00 8.10645040e-02 0.00000000e+00 0.00000000e+00
  2.24429520e-02 1.15197271e+00 3.50685235e-01 0.00000000e+00
  8.53382528e-01 6.65684492e-01 5.25746903e-02]
 [0.00000000e+00 1.72407320e-01 0.00000000e+00 0.00000000e+00
  0.00000000e+00 0.00000000e+00 0.00000000e+00 0.00000000e+00
  4.31999915e-01 3.08155258e+00 1.45459148e+00 0.00000000e+00
  1.14827455e+00 1.53900018e+00 5.27839103e-01]
 [3.57608753e-01 3.46291519e-01 1.77863128e-01 3.08547997e-01
  0.00000000e+00 0.00000000e+00 2.89223218e-01 0.00000000e+00
  0.00000000e+00 3.54160107e-01 1.14614205e-01 6.95949846e-02
  2.85960871e-01 8.23033863e-01 1.05671611e+00]
 [4.06148093e-01 8.01995404e-01 5.13543481e-01 6.69027468e-02
  0.00000000e+00 0.00000000e+00 1.47767108e-02 0.00000000e+00
  0.00000000e+00 1.80663720e-01 7.14051386e-02 0.00000000e+00
  2.65479226e-01 7.94004372e-01 1.63088126e+00]
 [7.29762503e-02 3.25805517e-01 2.07803077e-01 3.42691479e-01
  0.00000000e+00 0.00000000e+00 2.81034340e-01 0.00000000e+00
  3.86305763e-02 3.36517333e-01 5.08693487e-01 4.63910398e-01
  2.76757668e-01 1.00563097e+00 7.16154540e+00]
 [4.51674651e-01 3.64893062e-01 2.24694572e-01 6.50347129e-02
  0.00000000e+00 0.00000000e+00 0.00000000e+00 0.00000000e+00
  0.00000000e+00 1.65768896e-01 1.87047033e-01 0.00000000e+00
  0.00000000e+00 6.79633069e-01 8.39495318e-01]
 [6.23804236e-01 1.70523595e-01 5.17357315e-01 6.29529911e-01
  7.67487369e-01 5.82068455e-01 6.84230742e-01 5.58576438e-01
  7.01048730e-01 3.09268940e-01 2.61695919e-01 1.01644603e+00
  5.44139301e-01 2.65781798e-01 6.77243482e-01]]

6
----------------------------------------------------------------------------------
[[0.         0.         0.         0.         0.16209835 0.17853482
  0.10585432 0.         0.         0.         0.         0.10415721
  0.         0.         0.09054476]
 [0.         0.         0.         0.08267641 0.29488058 0.25749712
  0.         0.24551754 0.54543559 0.19102991 0.00674054 0.
  0.07128663 0.06335821 0.06509578]
 [0.         0.         0.25325295 0.33167989 0.37905617 0.57719639
  0.27813849 0.46204515 0.16936678 0.28354602 0.45666986 0.00918919
  0.3032057  0.21495127 0.06265798]
 [0.         0.         0.         0.         0.06861903 0.23775043
  0.         0.01421196 0.         0.0529721  0.         0.12441009
  0.         0.         0.10595512]
 [0.         0.         0.         0.         0.03322513 0.08882044
  0.         0.         0.         0.         0.         0.
  0.         0.         0.05507821]
 [0.         0.         0.48724825 0.21246916 0.43408693 0.63673111
  0.         0.18401957 0.06905666 0.11147771 0.80321979 0.
  0.13713268 0.01363518 0.37968588]
 [0.         0.         0.05635406 0.09378434 0.05457424 0.26669264
  0.         0.02776415 0.02568621 0.02628161 0.00584378 0.
  0.09203155 0.05261869 0.        ]
 [0.         0.         0.         0.         0.15842724 0.31665489
  0.06495678 0.         0.         0.         0.         0.09563564
  0.         0.         0.        ]
 [0.         0.         0.         0.         0.09256651 0.33561514
  0.         0.         0.         0.         0.         0.07361448
  0.         0.         0.        ]
 [0.         0.         0.         0.1128807  0.47417296 0.39177911
  0.56844429 1.38298019 1.2105794  1.21380289 1.26160388 1.18106993
  0.2816653  0.60527516 0.34317697]
 [0.         0.         0.         0.         0.03023509 0.33734814
  0.         0.         0.         0.         0.         0.00562796
  0.         0.         0.11897242]
 [0.         0.         0.         0.         0.1025109  0.16309574
  0.         0.         0.         0.         0.         0.0477582
  0.05516431 0.         0.        ]
 [0.         0.         0.         0.05661269 0.17833023 0.42791705
  0.22861041 0.18351601 0.         0.01565166 0.08423348 0.
  0.         0.         0.2486534 ]
 [0.         0.         0.         0.         0.19294229 0.17357719
  0.07426525 0.16114695 0.         0.         0.         0.1971621
  0.28945971 0.39497874 0.        ]
 [0.         0.         0.         0.         0.31427901 0.40300861
  0.12726741 0.09475269 0.         0.07629347 0.         0.45203729
  0.35379973 0.18142646 0.        ]
 [0.         0.07540021 0.04093344 0.10972284 0.56445034 0.53078891
  1.19584545 0.73664311 0.45850371 0.29193572 0.03646599 0.59451699
  0.55452748 0.17983256 0.0733244 ]
 [0.         0.         0.         0.         0.15773426 0.
  0.         0.         0.         0.         0.         0.31628395
  0.         0.02180179 0.        ]
 [1.5524063  1.72176272 1.12769845 0.50370344 0.12288788 0.39456827
  0.4047741  0.27235623 0.33253283 0.29453483 0.43351306 0.49319725
  0.69385044 0.3302564  0.41986213]]

7
----------------------------------------------------------------------------------
[[0.         0.         0.         0.         0.         0.11148651
  0.28644569 0.19390013 0.05872621 0.1684724  0.05777067 0.
  0.         0.         0.        ]
 [0.08876057 0.23785083 0.         0.         0.44260869 0.11923689
  0.3668343  0.22100759 0.         0.2361177  0.17109616 0.15152002
  0.00898419 0.06787993 0.08181403]
 [0.05404776 0.01041167 0.         0.         0.40639835 0.22668546
  0.35227665 0.36913238 0.23066156 0.74776182 0.20563698 0.27748601
  0.1626447  0.35854778 0.6189825 ]
 [0.         0.         0.         0.02602562 0.         0.1352906
  0.11392044 0.19896823 0.         0.14007479 0.0624292  0.
  0.         0.         0.06525655]
 [0.         0.         0.         0.         0.05593728 0.08770669
  0.10234342 0.13011205 0.         0.06274864 0.07641847 0.
  0.         0.         0.02378454]
 [0.0536015  0.37949441 0.13082166 0.         0.45952989 0.32082355
  0.17820351 0.46759833 0.29820604 0.43776773 0.16975287 0.13631811
  0.         0.29239767 0.55084818]
 [0.01303102 0.03638823 0.         0.         0.09856907 0.17895368
  0.09298242 0.12511834 0.         0.11361033 0.05271615 0.
  0.         0.         0.        ]
 [0.         0.         0.         0.         0.         0.07036062
  0.17780055 0.21417978 0.         0.         0.05321138 0.
  0.         0.         0.04390318]
 [0.         0.         0.         0.         0.         0.00190244
  0.15299564 0.18159145 0.         0.         0.03617474 0.
  0.         0.         0.10878446]
 [0.64633521 0.64961719 0.89098168 0.94027813 0.62757919 0.82311698
  1.15926973 1.50516549 0.98389291 1.10191285 0.67433283 0.91519465
  0.3139858  0.23968149 0.73315501]
 [0.         0.         0.         0.         0.         0.01546571
  0.         0.1633267  0.05476648 0.         0.         0.
  0.         0.00415753 0.01916014]
 [0.         0.         0.         0.         0.         0.04001883
  0.10880603 0.06220169 0.         0.         0.02337804 0.06336829
  0.         0.         0.17152981]
 [0.1872385  0.         0.         0.         0.05002953 0.08889752
  0.05678146 0.2557075  0.05512665 0.06073825 0.06278501 0.03403255
  0.         0.         0.02292928]
 [0.         0.         0.04946459 0.         0.1677377  0.31865906
  0.28063804 0.17541779 0.15550739 0.18705771 0.18706992 0.31587273
  0.         0.02865909 0.32097704]
 [0.         0.         0.         0.         0.         0.61188128
  0.46356811 0.409972   0.13433392 0.09155243 0.09803527 0.48022542
  0.14785498 0.13293844 0.30165225]
 [0.03758137 0.         0.         0.         0.11088998 0.21695367
  0.25881438 0.38067018 0.10357712 0.58792557 0.43541143 0.59696375
  0.43438944 0.42620059 0.32512796]
 [0.         0.         0.         0.         0.0038384  0.44135914
  0.37057456 0.4765753  0.30938669 0.04910077 0.03719985 0.50026754
  0.         0.45200818 0.45058447]
 [0.54968458 0.78037892 0.68454162 0.51722554 0.3200501  0.13160456
  0.20316096 0.47905237 0.43532909 0.26942517 0.26037077 0.34732049
  0.6313059  0.42034129 0.25215724]]

8
----------------------------------------------------------------------------------
[[8.00372719e-02 0.00000000e+00 0.00000000e+00 0.00000000e+00
  0.00000000e+00 8.85190418e-02 0.00000000e+00 0.00000000e+00
  0.00000000e+00 0.00000000e+00 0.00000000e+00 0.00000000e+00
  0.00000000e+00 0.00000000e+00 0.00000000e+00]
 [1.88837618e-01 9.32488590e-02 1.37845833e-01 0.00000000e+00
  0.00000000e+00 1.46529541e-01 7.79951468e-02 2.64607733e-01
  4.75765146e-03 1.33591724e-01 0.00000000e+00 1.80275029e-01
  0.00000000e+00 1.28650653e-02 0.00000000e+00]
 [2.12812383e-01 1.60739557e-01 0.00000000e+00 4.60473397e-02
  0.00000000e+00 2.56230843e-01 2.33304935e-01 0.00000000e+00
  1.33211049e-01 1.50808707e-03 2.00053049e-01 3.76463744e-01
  2.03693655e-01 0.00000000e+00 0.00000000e+00]
 [1.81725653e-01 0.00000000e+00 6.33676099e-02 0.00000000e+00
  0.00000000e+00 2.22156084e-01 0.00000000e+00 0.00000000e+00
  0.00000000e+00 0.00000000e+00 0.00000000e+00 2.14213282e-02
  0.00000000e+00 4.07730212e-02 0.00000000e+00]
 [1.09916341e-01 2.04784434e-02 1.03735082e-01 0.00000000e+00
  0.00000000e+00 1.85384189e-01 0.00000000e+00 0.00000000e+00
  0.00000000e+00 0.00000000e+00 0.00000000e+00 1.48932555e-01
  0.00000000e+00 0.00000000e+00 0.00000000e+00]
 [6.12134985e-01 2.49766195e-01 2.12418346e-03 9.26675315e-02
  6.45056206e-01 5.22206244e-01 0.00000000e+00 1.32478915e-01
  2.30529051e-01 6.35623200e-01 4.09326361e-02 4.65720450e-01
  4.54431751e-02 1.82664535e-01 0.00000000e+00]
 [4.48775200e-01 4.75640840e-02 0.00000000e+00 0.00000000e+00
  3.86705335e-02 2.77857242e-01 0.00000000e+00 0.00000000e+00
  0.00000000e+00 0.00000000e+00 0.00000000e+00 1.21090706e-01
  0.00000000e+00 4.10671917e-02 0.00000000e+00]
 [2.43590214e+00 3.16610306e-01 6.37718109e-01 2.75979489e-01
  3.23833333e-01 4.96207219e-01 0.00000000e+00 0.00000000e+00
  0.00000000e+00 0.00000000e+00 0.00000000e+00 0.00000000e+00
  0.00000000e+00 5.52245024e-02 0.00000000e+00]
 [2.49068966e+00 2.90113602e-01 1.12765589e+00 1.10682955e+00
  8.40395326e-01 6.70098411e-01 1.69899119e-01 1.02939118e-03
  0.00000000e+00 0.00000000e+00 0.00000000e+00 0.00000000e+00
  0.00000000e+00 0.00000000e+00 0.00000000e+00]
 [5.77432304e-01 9.20892360e-01 5.73531183e-01 5.34630876e-01
  3.45118256e-01 1.44635430e+00 3.46855370e-01 6.09439411e-01
  7.31375706e-01 2.91420342e-01 5.14790803e-02 6.36957317e-01
  1.51382544e-01 6.18801704e-01 1.48302369e-01]
 [3.76164718e+00 4.19267749e-01 9.54859355e-01 1.42445728e+00
  1.46207533e+00 1.22333645e+00 5.31991769e-01 3.43344172e-01
  2.50599969e-02 0.00000000e+00 0.00000000e+00 0.00000000e+00
  0.00000000e+00 7.89615048e-03 0.00000000e+00]
 [8.48486469e-01 1.52936426e-01 4.85287181e-01 8.26498247e-02
  8.03283493e-02 1.68754258e-01 0.00000000e+00 0.00000000e+00
  0.00000000e+00 0.00000000e+00 0.00000000e+00 5.50683172e-02
  0.00000000e+00 8.68918230e-02 0.00000000e+00]
 [2.44355777e+00 5.44990444e-01 9.07333574e-01 8.74320795e-01
  8.10760671e-01 4.34040799e-01 3.26183365e-01 0.00000000e+00
  7.79028869e-02 0.00000000e+00 0.00000000e+00 0.00000000e+00
  0.00000000e+00 5.50831468e-02 0.00000000e+00]
 [2.31062701e+00 5.88028691e-01 1.40789528e-01 4.36698432e+00
  3.04092003e+00 1.64574371e+00 1.30581675e+00 6.23949980e-01
  3.12230884e-01 4.78058733e-01 1.19042754e-02 1.79315963e-01
  6.24119064e-01 8.63864014e-01 0.00000000e+00]
 [3.65619729e+00 1.14630660e+00 4.04719615e-01 5.17194835e+00
  2.99335264e+00 2.55515010e+00 2.04195243e+00 6.25307415e-01
  3.42168614e-01 4.44494960e-01 2.80781888e-01 0.00000000e+00
  2.14221234e-01 6.83849303e-01 0.00000000e+00]
 [1.06763397e+00 9.79928880e-01 0.00000000e+00 2.39016944e-01
  1.03532809e-01 6.94921849e-01 1.12825533e+00 2.42350680e-01
  2.81173998e-01 5.46217007e-01 6.27711664e-01 1.75380794e-01
  4.05457373e-01 5.63832611e-01 0.00000000e+00]
 [1.11455605e+00 7.04748704e-01 4.34632606e-01 1.21585523e+00
  0.00000000e+00 1.35426283e+00 1.39659338e+00 5.29387891e-01
  4.46857753e-01 3.25783588e-01 0.00000000e+00 0.00000000e+00
  3.92756305e-01 7.06848963e-01 0.00000000e+00]
 [2.24928249e-01 3.74168645e-01 4.56914025e-01 9.35493842e-01
  6.64339434e-01 2.96851068e-01 5.09101176e-01 5.72209967e-01
  7.08039389e-01 5.03600682e-01 6.74899377e-01 3.58678238e-01
  5.00766217e-01 4.98908132e-01 8.31095754e-01]]

9
----------------------------------------------------------------------------------
[[0.         0.         0.         0.08334087 0.         0.
  0.         0.         0.         0.         0.01284029 0.
  0.         0.19705538 0.        ]
 [0.         0.         0.         0.17185972 0.         0.
  0.         0.2150995  0.00275505 0.06725094 0.17962594 0.09470952
  0.01538994 0.29766986 0.10577007]
 [0.         0.         0.06687401 0.22392172 0.         0.22216168
  0.         0.35856372 0.13050034 0.31388626 0.21708848 0.23735296
  0.         0.42891624 0.39072395]
 [0.         0.         0.         0.07085987 0.         0.
  0.         0.         0.         0.         0.00233645 0.0415102
  0.         0.04725644 0.01239334]
 [0.         0.         0.         0.         0.         0.
  0.         0.         0.         0.01796713 0.         0.
  0.0044942  0.06537591 0.07397048]
 [0.         0.         0.29563218 0.         0.         0.17984009
  0.         0.05513279 0.36817753 0.29650333 0.74726655 0.
  0.09807435 0.32209378 0.41235343]
 [0.         0.         0.         0.         0.         0.
  0.         0.         0.         0.03887543 0.07389757 0.
  0.07302963 0.11570139 0.12546633]
 [0.         0.         0.         0.         0.         0.
  0.         0.         0.         0.         0.         0.
  0.         0.02310762 0.02816272]
 [0.         0.         0.         0.         0.         0.
  0.         0.         0.         0.         0.         0.03821519
  0.         0.06865031 0.03508772]
 [0.         0.39415223 0.59432089 0.63903207 0.         0.40132757
  0.02287625 1.11063792 0.38981509 0.56700568 0.61603757 0.52699141
  0.18794326 0.50151631 0.40930677]
 [0.         0.         0.         0.         0.         0.
  0.         0.03748072 0.         0.         0.         0.
  0.         0.11907883 0.25284902]
 [0.         0.         0.         0.12951526 0.         0.
  0.         0.         0.         0.03244091 0.         0.01531504
  0.         0.12068861 0.06624601]
 [0.         0.         0.         0.         0.         0.
  0.         0.         0.         0.20578701 0.18441605 0.41975277
  0.08220339 0.36901379 0.1857318 ]
 [0.         0.         0.         0.66247161 0.00445225 0.01218094
  0.08979411 0.05962003 0.10461048 0.         0.22470883 0.17000194
  0.         0.1306133  0.12396918]
 [0.         0.         0.         0.685175   0.34327886 0.2334982
  0.23911069 0.         0.05086701 0.         0.         0.03241279
  0.00203658 0.12633522 0.06521002]
 [0.         0.         0.         0.18114851 0.         0.20457049
  0.30593531 0.07939977 0.20312089 0.17234013 0.09270138 0.48477764
  0.02685935 0.34850709 0.18814941]
 [0.         0.         0.         0.26281179 0.38708795 0.28525664
  0.09532795 0.         0.0535373  0.         0.         0.05357083
  0.         0.10919669 0.0959716 ]
 [1.09142839 0.99193029 0.79155159 0.40720764 0.8883739  0.65833739
  0.77506408 0.85105689 0.35397927 0.30715102 0.30652729 0.56853553
  0.50253873 0.39770328 0.43525181]]

10
----------------------------------------------------------------------------------
[[0.02893973 0.         0.         0.         0.         0.02759386
  0.         0.         0.10076191 0.09316265 0.03429462 0.
  0.         0.17114484 0.29185981]
 [0.37837838 0.         0.         0.         0.19969153 0.10001604
  0.16603287 0.04132593 0.13549889 0.09354064 0.07463419 0.25927528
  0.06910962 0.17403749 0.26349584]
 [0.77171595 0.13360364 0.14116598 0.10720106 0.87764792 0.25208234
  0.43643296 0.22448421 0.27579494 0.01695327 0.025056   0.50229687
  0.2780349  0.52032117 0.37356489]
 [0.         0.         0.         0.         0.         0.
  0.         0.         0.00842304 0.00400997 0.         0.03246555
  0.         0.04222414 0.19803499]
 [0.         0.         0.         0.         0.13200782 0.
  0.         0.14914681 0.         0.         0.         0.08540635
  0.         0.13473426 0.08344232]
 [0.2676215  0.         0.08053911 0.12008566 0.24022132 0.
  0.         0.         0.41055586 0.         0.07471216 0.
  0.09095014 0.26541546 0.13504776]
 [0.11520967 0.         0.         0.         0.18959007 0.01147863
  0.         0.01257206 0.         0.         0.07009    0.
  0.         0.24215472 0.03752068]
 [0.01061294 0.         0.         0.         0.         0.
  0.         0.         0.         0.01302022 0.         0.00543997
  0.         0.09686144 0.15700333]
 [0.         0.         0.         0.         0.         0.
  0.08430423 0.         0.         0.         0.         0.00279826
  0.         0.12659432 0.09887368]
 [2.21835509 1.09307015 0.72270929 1.02941865 0.86481116 0.27888628
  0.99839303 1.2358737  0.72064466 0.37245281 0.00226923 0.88705813
  0.61086399 0.88861811 0.63128384]
 [0.01096011 0.         0.07692046 0.         0.32193395 0.
  0.15147848 0.         0.         0.         0.         0.06094434
  0.         0.06170884 0.05409364]
 [0.00945697 0.         0.         0.         0.         0.
  0.07388554 0.         0.         0.         0.         0.08597014
  0.         0.13253635 0.10687373]
 [0.10632994 0.         0.10188895 0.14013346 0.11678125 0.
  0.07757535 0.06951489 0.11521487 0.         0.         0.03043168
  0.         0.19514214 0.12941307]
 [0.04050233 0.03394205 0.42700115 0.         0.         0.
  0.06256999 0.         0.         0.         0.03982038 0.18135324
  0.         0.23346372 0.22950542]
 [0.01639156 0.03964352 0.23693681 0.         0.16028139 0.
  0.         0.         0.         0.         0.         0.03288968
  0.         0.13789216 0.14559758]
 [0.10436344 0.03424321 0.16145041 0.20527744 0.49861649 0.00338741
  0.19104398 0.13829706 0.         0.         0.         0.20414406
  0.         0.28639187 0.1862632 ]
 [0.18541692 0.0779684  0.06736747 0.         0.         0.07645387
  0.         0.         0.         0.         0.         0.02233034
  0.         0.15075101 0.07923818]
 [0.36028547 0.5187335  0.58276859 1.20680837 0.64500822 0.96358693
  1.02104185 0.63954145 0.21498449 0.58239075 1.11593021 0.81705953
  0.65940487 0.25366969 0.18847017]]

11
----------------------------------------------------------------------------------
[[0.00000000e+00 0.00000000e+00 6.80219439e-02 0.00000000e+00
  0.00000000e+00 0.00000000e+00 0.00000000e+00 0.00000000e+00
  0.00000000e+00 2.85631092e-01 0.00000000e+00 0.00000000e+00
  0.00000000e+00 2.51048090e-02 0.00000000e+00]
 [2.02438969e-01 1.18574373e-01 1.10912382e-01 0.00000000e+00
  0.00000000e+00 5.82532938e-02 3.91722955e-01 5.94839347e-03
  0.00000000e+00 9.53980707e-02 0.00000000e+00 0.00000000e+00
  0.00000000e+00 7.26912731e-02 0.00000000e+00]
 [5.41834356e-01 1.41807553e-01 3.17583427e-01 0.00000000e+00
  2.88118928e-01 3.65567886e-01 2.47794834e-01 3.51899795e-01
  0.00000000e+00 5.55949607e-01 6.84510599e-02 0.00000000e+00
  7.24442559e-02 1.57166572e-01 2.07635851e-01]
 [0.00000000e+00 0.00000000e+00 4.56402408e-02 0.00000000e+00
  0.00000000e+00 0.00000000e+00 1.58085647e-02 0.00000000e+00
  0.00000000e+00 6.40594849e-02 0.00000000e+00 0.00000000e+00
  0.00000000e+00 2.07810887e-04 0.00000000e+00]
 [0.00000000e+00 0.00000000e+00 0.00000000e+00 0.00000000e+00
  0.00000000e+00 0.00000000e+00 0.00000000e+00 4.06780662e-02
  0.00000000e+00 8.02740266e-02 0.00000000e+00 0.00000000e+00
  0.00000000e+00 2.80612157e-02 0.00000000e+00]
 [2.76009224e-01 5.72151064e-02 5.69737240e-01 0.00000000e+00
  1.88236592e-01 1.22896314e-01 8.22948849e-02 3.94349142e-01
  0.00000000e+00 0.00000000e+00 3.59048393e-01 0.00000000e+00
  0.00000000e+00 2.04823482e-01 1.22103552e-01]
 [4.99195534e-04 0.00000000e+00 1.14827400e-02 0.00000000e+00
  4.37380745e-02 0.00000000e+00 0.00000000e+00 6.77341405e-02
  0.00000000e+00 0.00000000e+00 0.00000000e+00 0.00000000e+00
  0.00000000e+00 0.00000000e+00 0.00000000e+00]
 [0.00000000e+00 0.00000000e+00 0.00000000e+00 0.00000000e+00
  0.00000000e+00 0.00000000e+00 0.00000000e+00 0.00000000e+00
  0.00000000e+00 5.90993698e-02 0.00000000e+00 0.00000000e+00
  0.00000000e+00 4.19027286e-02 0.00000000e+00]
 [0.00000000e+00 0.00000000e+00 0.00000000e+00 0.00000000e+00
  0.00000000e+00 0.00000000e+00 0.00000000e+00 0.00000000e+00
  0.00000000e+00 5.07756212e-02 0.00000000e+00 0.00000000e+00
  0.00000000e+00 4.11456798e-02 0.00000000e+00]
 [5.64063892e-01 8.51175961e-01 1.48866502e+00 1.92242854e-01
  0.00000000e+00 1.76727346e-01 4.63700609e-01 2.06250883e+00
  1.93940715e-01 7.49265500e-01 9.79207182e-01 5.99020107e-01
  1.51712527e+00 9.39456653e-01 6.64752453e-01]
 [4.56150550e-02 0.00000000e+00 0.00000000e+00 0.00000000e+00
  0.00000000e+00 0.00000000e+00 0.00000000e+00 0.00000000e+00
  0.00000000e+00 0.00000000e+00 0.00000000e+00 0.00000000e+00
  0.00000000e+00 0.00000000e+00 0.00000000e+00]
 [0.00000000e+00 0.00000000e+00 0.00000000e+00 0.00000000e+00
  0.00000000e+00 0.00000000e+00 3.01667255e-02 0.00000000e+00
  0.00000000e+00 1.31301293e-02 0.00000000e+00 0.00000000e+00
  4.83344238e-02 4.14162343e-03 0.00000000e+00]
 [7.02401646e-02 6.46457853e-02 7.94732566e-02 0.00000000e+00
  1.43388500e-02 0.00000000e+00 5.50755180e-02 0.00000000e+00
  0.00000000e+00 0.00000000e+00 0.00000000e+00 0.00000000e+00
  0.00000000e+00 3.79370961e-02 5.55192969e-02]
 [7.47131451e-02 5.82744875e-02 6.60434495e-02 8.41419260e-02
  1.90795881e-02 3.33502746e-02 1.28045683e-01 1.47654566e-02
  2.56810197e-01 0.00000000e+00 8.62779033e-04 4.62750854e-01
  6.20787543e-01 5.03693857e-01 0.00000000e+00]
 [0.00000000e+00 0.00000000e+00 9.29127060e-02 0.00000000e+00
  7.77980851e-02 3.45459913e-02 9.73597619e-02 0.00000000e+00
  8.05251488e-02 3.87533792e-02 1.57638687e-01 1.20889590e+00
  2.19347070e+00 1.00032548e+00 0.00000000e+00]
 [2.65522117e-01 1.03510085e-01 2.56865416e-01 1.25104322e-01
  1.05872668e-01 1.03927875e-01 3.24315508e-01 2.04413734e-02
  3.66918194e-01 0.00000000e+00 0.00000000e+00 2.87948649e-01
  6.91357777e-01 8.12582010e-01 4.55745799e-02]
 [0.00000000e+00 0.00000000e+00 1.01126404e-03 4.05751722e-02
  0.00000000e+00 1.54694692e-03 6.40283316e-02 0.00000000e+00
  4.85546281e-02 1.76391752e-02 1.40015312e-01 1.15659621e+00
  1.85224402e+00 1.44056288e+00 0.00000000e+00]
 [3.72752636e-01 3.03063859e-01 1.80536340e-01 7.76771487e-01
  8.34336461e-01 3.88583046e-01 2.75968412e-01 4.52357974e-01
  6.05216915e-01 7.26167892e-01 7.64698308e-01 6.08895989e-01
  4.66476100e-01 4.86406285e-01 5.15240646e-01]]

12
----------------------------------------------------------------------------------
[[1.11037114e-01 1.09544739e-01 1.39014489e-01 0.00000000e+00
  0.00000000e+00 0.00000000e+00 2.46116503e-02 7.85998615e-02
  0.00000000e+00 0.00000000e+00 4.05167165e-02 0.00000000e+00
  0.00000000e+00 0.00000000e+00 0.00000000e+00]
 [1.98859248e-01 4.15641607e-01 3.40682947e-01 2.44062297e-01
  0.00000000e+00 6.13577798e-02 1.76923467e-01 0.00000000e+00
  1.06996678e-02 8.37093486e-02 0.00000000e+00 1.49703108e-01
  0.00000000e+00 1.87285966e-02 0.00000000e+00]
 [4.89300547e-01 4.74300419e-01 5.73679725e-01 9.80983624e-02
  2.59390614e-01 5.27716488e-01 6.49096545e-01 4.36452697e-01
  9.94751635e-02 1.14072454e-01 3.03424725e-01 1.95976998e-01
  1.37011593e-01 1.87913204e-01 1.57790456e-01]
 [1.35152810e-02 5.24332912e-02 0.00000000e+00 0.00000000e+00
  0.00000000e+00 0.00000000e+00 1.08827163e-01 0.00000000e+00
  0.00000000e+00 0.00000000e+00 0.00000000e+00 0.00000000e+00
  0.00000000e+00 1.27903279e-02 0.00000000e+00]
 [0.00000000e+00 0.00000000e+00 1.02378724e-02 0.00000000e+00
  0.00000000e+00 0.00000000e+00 1.99016975e-02 0.00000000e+00
  0.00000000e+00 2.21530683e-02 4.25821139e-02 0.00000000e+00
  4.67897516e-04 1.77495899e-02 0.00000000e+00]
 [1.35494517e-01 3.03580652e-01 1.52285084e-01 0.00000000e+00
  1.23101554e-01 1.00713240e-01 2.70664256e-01 2.49882350e-01
  6.27437120e-02 2.33025341e-01 5.30404997e-03 9.89252450e-03
  1.13033499e-01 1.38107473e-01 0.00000000e+00]
 [0.00000000e+00 7.49038217e-02 4.66792964e-02 0.00000000e+00
  0.00000000e+00 0.00000000e+00 0.00000000e+00 5.06214231e-02
  0.00000000e+00 6.97882338e-02 5.17808813e-03 0.00000000e+00
  0.00000000e+00 6.15995291e-02 0.00000000e+00]
 [0.00000000e+00 1.25726594e-01 0.00000000e+00 0.00000000e+00
  0.00000000e+00 0.00000000e+00 4.48611950e-02 0.00000000e+00
  0.00000000e+00 0.00000000e+00 1.49174210e-02 0.00000000e+00
  5.43152292e-03 2.99603249e-03 0.00000000e+00]
 [0.00000000e+00 7.92015632e-02 0.00000000e+00 0.00000000e+00
  0.00000000e+00 0.00000000e+00 8.81016583e-02 0.00000000e+00
  0.00000000e+00 0.00000000e+00 6.50782031e-03 0.00000000e+00
  0.00000000e+00 1.74998747e-03 0.00000000e+00]
 [5.87707356e-01 8.57824798e-01 9.95931708e-01 7.03377858e-01
  6.63386447e-01 5.84651703e-01 9.64754084e-01 1.01449848e+00
  2.13550068e-01 1.44595537e+00 1.23439297e+00 4.71269061e-01
  1.97440814e-01 5.30362254e-01 4.92486437e-01]
 [0.00000000e+00 0.00000000e+00 2.46129112e-03 0.00000000e+00
  0.00000000e+00 0.00000000e+00 0.00000000e+00 2.77926906e-02
  0.00000000e+00 0.00000000e+00 0.00000000e+00 0.00000000e+00
  1.01051366e-01 1.89811553e-02 0.00000000e+00]
 [0.00000000e+00 4.89141817e-02 5.04015888e-02 0.00000000e+00
  0.00000000e+00 0.00000000e+00 6.09762678e-02 0.00000000e+00
  0.00000000e+00 0.00000000e+00 0.00000000e+00 0.00000000e+00
  0.00000000e+00 0.00000000e+00 0.00000000e+00]
 [9.67211989e-04 1.45896034e-01 1.95981385e-01 0.00000000e+00
  0.00000000e+00 0.00000000e+00 8.65340434e-02 4.40890095e-02
  0.00000000e+00 2.70614571e-02 0.00000000e+00 0.00000000e+00
  3.79392849e-02 0.00000000e+00 0.00000000e+00]
 [3.65883127e-01 4.85013838e-01 2.24399770e-01 0.00000000e+00
  0.00000000e+00 0.00000000e+00 4.05807760e-02 3.38725493e-03
  0.00000000e+00 2.93273014e-01 1.66743882e-01 0.00000000e+00
  0.00000000e+00 2.91254997e-02 1.15026466e-01]
 [7.47045361e-01 3.83130915e-01 2.79910974e-01 0.00000000e+00
  0.00000000e+00 0.00000000e+00 0.00000000e+00 0.00000000e+00
  0.00000000e+00 2.14368816e-02 5.54941613e-02 8.26419060e-02
  7.01062551e-02 2.35637975e-01 2.45932497e-01]
 [2.74337332e-01 4.45806355e-01 3.93178883e-01 1.70949699e-01
  2.90285327e-01 0.00000000e+00 1.59027728e-01 1.10709795e-01
  0.00000000e+00 1.89235769e-01 1.76098289e-01 6.12804197e-02
  1.37667015e-01 4.86125393e-01 3.66872083e-02]
 [2.21093240e-01 8.23734190e-02 1.23171172e-01 0.00000000e+00
  0.00000000e+00 0.00000000e+00 0.00000000e+00 0.00000000e+00
  1.08135385e-02 1.27473649e-02 0.00000000e+00 0.00000000e+00
  2.29130711e-01 0.00000000e+00 1.07927856e-02]
 [2.17667280e-01 1.42896332e-01 1.68898703e-01 6.68172799e-01
  5.43634988e-01 6.51062945e-01 2.43464241e-01 2.33912199e-01
  7.32192411e-01 4.10168262e-01 4.24591244e-01 4.02732693e-01
  5.86934907e-01 3.68753077e-01 7.76354016e-01]]

13
----------------------------------------------------------------------------------
[[0.08078348 0.         0.         0.         0.07114571 0.0925929
  0.2166116  0.07163178 0.         0.         0.06430929 0.
  0.09552597 0.11473788 0.1175796 ]
 [0.13649205 0.         0.0962956  0.17513061 0.14457955 0.29516795
  0.38347815 0.21384078 0.         0.03366967 0.         0.13705548
  0.27106179 0.07332081 0.14819549]
 [0.27310313 0.05290968 0.58638087 0.49302206 0.15940721 0.5598806
  0.50134051 0.77157613 0.         0.31126332 0.07026958 0.69217173
  0.75489097 0.65231353 0.25451319]
 [0.01447219 0.         0.         0.         0.12547066 0.
  0.24218499 0.         0.         0.         0.         0.03472813
  0.03576605 0.         0.07072959]
 [0.         0.         0.         0.         0.0652545  0.0241486
  0.1929841  0.         0.         0.         0.03289406 0.
  0.         0.         0.        ]
 [0.43512753 0.03893062 0.19938155 0.23819187 0.25972666 0.22849785
  0.46868059 0.65707837 0.1762964  0.20603328 0.16600976 0.43303314
  0.27153435 0.15941382 0.18670305]
 [0.02036003 0.         0.         0.         0.14278361 0.0226096
  0.19679474 0.         0.         0.         0.         0.04033162
  0.07178834 0.00809898 0.        ]
 [0.01984958 0.         0.         0.         0.07042762 0.00607955
  0.09937656 0.         0.         0.         0.         0.
  0.02668195 0.05545118 0.0490034 ]
 [0.0101969  0.         0.         0.         0.04073573 0.
  0.15969181 0.         0.         0.         0.         0.
  0.00357418 0.         0.        ]
 [0.70776391 0.78936895 0.50813737 0.4839501  1.22226609 0.82477566
  1.00111551 1.26822173 0.7732203  0.23532956 0.16739192 0.62288769
  0.778521   0.26942089 0.34917638]
 [0.04849862 0.         0.         0.         0.07696568 0.09097622
  0.11586966 0.         0.         0.         0.         0.
  0.08318025 0.         0.0137158 ]
 [0.03222265 0.         0.         0.         0.07152687 0.
  0.11477393 0.01699575 0.         0.         0.00913003 0.
  0.11987228 0.         0.        ]
 [0.05103162 0.         0.         0.02788364 0.19139566 0.06874062
  0.12403357 0.         0.         0.         0.09705502 0.
  0.11132076 0.         0.        ]
 [0.11245383 0.02630587 0.         0.         0.08507167 0.08050193
  0.12691024 0.15643752 0.07395247 0.06985316 0.         0.
  0.09161208 0.14218861 0.25860831]
 [0.14037946 0.         0.         0.         0.08345888 0.09180724
  0.28680085 0.08751498 0.         0.         0.01529568 0.
  0.05505316 0.         0.14860405]
 [0.13378331 0.41688918 0.04477824 0.09885886 0.14984121 0.2540702
  0.28778885 0.26684618 0.17447176 0.         0.30911768 0.13681738
  0.39170462 0.         0.34620598]
 [0.06100871 0.         0.         0.         0.00399217 0.01478866
  0.14186932 0.         0.         0.04793231 0.         0.
  0.         0.04880932 0.0531119 ]
 [0.15391165 0.53605876 0.27089407 0.2322883  0.31124023 0.17650245
  0.19602495 0.20261902 0.58403215 0.44016829 0.75798461 0.33354731
  0.23815677 0.61882697 0.33670638]]

14
----------------------------------------------------------------------------------
[[0.04887541 0.         0.06715845 0.         0.14403365 0.
  0.20753352 0.         0.08323207 0.         0.         0.
  0.19457201 0.02512578 0.23877624]
 [0.13799088 0.23409959 0.75941707 0.04556994 0.40170261 0.25171189
  0.         0.         0.33326224 0.41052442 0.10988636 0.11809522
  0.31321567 0.         0.22905753]
 [0.48616622 0.37294205 0.38181607 0.1712525  0.34299902 0.50557918
  0.45932948 0.01344064 0.37365682 0.25985785 0.37935828 0.19828415
  0.16280937 0.37211861 0.50968044]
 [0.         0.         0.         0.         0.09775513 0.
  0.05984613 0.         0.01600973 0.         0.         0.
  0.         0.         0.        ]
 [0.03980253 0.         0.00408438 0.04925786 0.0292097  0.06178921
  0.08631159 0.         0.         0.         0.         0.
  0.         0.         0.08873167]
 [0.1128774  0.20940889 0.12348736 0.11150609 0.81297986 0.56700358
  0.47635675 0.         0.39627256 0.17864565 0.51924624 0.10849758
  0.29105556 0.60676884 0.11733203]
 [0.         0.         0.         0.         0.         0.06987858
  0.18740484 0.         0.04201184 0.         0.         0.
  0.04674628 0.09674439 0.09852274]
 [0.         0.         0.         0.         0.06282281 0.
  0.1469117  0.         0.08276541 0.00645491 0.         0.
  0.         0.         0.02611224]
 [0.         0.         0.01330268 0.         0.0338798  0.
  0.         0.         0.         0.         0.         0.
  0.         0.         0.03850817]
 [0.56689205 0.48454407 1.46939748 1.14940323 1.28325507 0.6832345
  0.49049651 0.49952764 1.12402764 0.60551708 0.88691226 1.05785996
  0.23155353 0.3818158  1.45215542]
 [0.         0.         0.01541204 0.         0.03244766 0.
  0.15095937 0.         0.         0.         0.01078854 0.
  0.         0.         0.06560386]
 [0.         0.         0.00734255 0.         0.24069133 0.
  0.10284036 0.         0.03304252 0.02145568 0.01792196 0.
  0.         0.         0.05687959]
 [0.         0.         0.31131926 0.         0.09887123 0.02944301
  0.10897759 0.         0.06357583 0.10484363 0.06669327 0.
  0.04609246 0.         0.05584151]
 [0.06544229 0.         0.12038983 0.04535473 0.21848357 0.
  0.07842951 0.         0.3946104  0.06936081 0.02651552 0.
  0.06815706 0.19322328 0.26208398]
 [0.         0.         0.06390632 0.         0.05713923 0.
  0.02882339 0.         0.06842952 0.05055824 0.         0.
  0.         0.         0.08790673]
 [0.31817507 0.38558604 0.52906111 0.36756669 0.2661165  0.13602705
  0.12831866 0.         0.53814005 0.1798572  0.3289869  0.
  0.7137448  0.39097038 0.44692379]
 [0.         0.         0.01438417 0.         0.         0.
  0.08320025 0.         0.05319745 0.09722685 0.         0.
  0.         0.         0.        ]
 [0.26173744 0.38401162 0.16250927 0.46610123 0.35089116 0.48818537
  0.3602517  0.8548905  0.23311427 0.48392192 0.43202824 0.7699356
  0.4287924  0.7772668  0.27321652]]

16
----------------------------------------------------------------------------------
[[6.53620647e-02 0.00000000e+00 0.00000000e+00 4.02758811e-02
  0.00000000e+00 0.00000000e+00 0.00000000e+00 1.11460538e-01
  1.51260177e-01 1.32402694e-01 0.00000000e+00 1.71936640e-01
  4.83847835e-02 0.00000000e+00 1.36891954e-01]
 [2.68480481e-01 1.54087608e-01 3.48723371e-01 2.94354963e-01
  1.93351559e-01 2.50680727e-02 0.00000000e+00 4.22882195e-01
  1.45532924e-01 4.97008172e-01 1.88578438e-01 1.36463653e-01
  2.00346966e-01 2.27538090e-02 5.62508450e-03]
 [2.24681186e-01 0.00000000e+00 5.31121873e-01 4.30718930e-01
  1.42614520e-01 3.24872670e-01 3.01185445e-01 4.47158553e-01
  2.53432279e-01 3.28997904e-01 4.00749866e-01 1.11897619e+00
  4.96617477e-01 1.48546886e-01 1.62074365e-01]
 [1.95306046e-01 0.00000000e+00 0.00000000e+00 0.00000000e+00
  0.00000000e+00 0.00000000e+00 0.00000000e+00 5.38831626e-02
  5.74724992e-02 1.54247623e-01 0.00000000e+00 4.54021379e-03
  0.00000000e+00 0.00000000e+00 1.16011366e-01]
 [5.00402216e-02 0.00000000e+00 0.00000000e+00 6.99920384e-02
  3.90208430e-02 0.00000000e+00 0.00000000e+00 0.00000000e+00
  0.00000000e+00 9.74338133e-02 2.49967756e-02 9.64506267e-02
  0.00000000e+00 0.00000000e+00 6.41570732e-02]
 [3.15868005e-01 0.00000000e+00 7.39722428e-02 4.61140896e-01
  4.44436541e-01 8.05125897e-01 2.25131752e-02 2.24616762e-01
  3.29652075e-01 7.00412890e-01 8.23300335e-02 4.09828893e-01
  5.29583313e-01 1.18032422e+00 0.00000000e+00]
 [6.54548435e-02 0.00000000e+00 0.00000000e+00 1.51094925e-01
  2.20785348e-02 4.62281557e-02 0.00000000e+00 0.00000000e+00
  0.00000000e+00 1.78253646e-01 9.19995405e-03 5.28297964e-02
  0.00000000e+00 0.00000000e+00 0.00000000e+00]
 [1.48910661e-01 0.00000000e+00 9.80074031e-03 0.00000000e+00
  0.00000000e+00 0.00000000e+00 0.00000000e+00 0.00000000e+00
  0.00000000e+00 0.00000000e+00 3.87402886e-02 0.00000000e+00
  0.00000000e+00 9.58501807e-02 9.29470779e-02]
 [1.09192339e-01 0.00000000e+00 0.00000000e+00 0.00000000e+00
  0.00000000e+00 0.00000000e+00 0.00000000e+00 0.00000000e+00
  0.00000000e+00 3.99042530e-02 0.00000000e+00 0.00000000e+00
  0.00000000e+00 4.67230630e-02 8.00707622e-02]
 [1.38006530e+00 7.76614992e-01 1.35318280e+00 9.66236953e-01
  1.98584258e+00 7.96743126e-01 1.50652950e+00 6.86041056e-01
  6.51019653e-01 7.53057698e-01 5.52953348e-01 7.59125701e-01
  4.02009940e-01 3.75356714e-01 1.12376831e+00]
 [0.00000000e+00 0.00000000e+00 0.00000000e+00 5.13510759e-02
  0.00000000e+00 0.00000000e+00 0.00000000e+00 0.00000000e+00
  0.00000000e+00 0.00000000e+00 2.55327375e-03 0.00000000e+00
  1.23383014e-01 0.00000000e+00 0.00000000e+00]
 [1.42890455e-01 0.00000000e+00 0.00000000e+00 0.00000000e+00
  3.54683239e-02 0.00000000e+00 0.00000000e+00 1.64022167e-02
  0.00000000e+00 1.21287832e-01 0.00000000e+00 0.00000000e+00
  1.10318338e-01 4.12078723e-02 4.20741605e-02]
 [2.50917223e-01 0.00000000e+00 8.59899768e-02 0.00000000e+00
  0.00000000e+00 1.75364995e-01 3.16242116e-02 0.00000000e+00
  0.00000000e+00 0.00000000e+00 2.49053862e-04 9.29604342e-02
  4.83193575e-02 0.00000000e+00 1.48426570e-01]
 [2.97702288e-01 1.78653034e-01 2.27209579e-01 2.70019514e-01
  0.00000000e+00 0.00000000e+00 4.84009864e-01 9.11988837e-02
  9.44045579e-02 4.40486542e-01 0.00000000e+00 0.00000000e+00
  1.79056463e-01 4.45763881e-02 0.00000000e+00]
 [3.52924503e-02 0.00000000e+00 0.00000000e+00 1.57391977e-01
  0.00000000e+00 0.00000000e+00 0.00000000e+00 0.00000000e+00
  0.00000000e+00 7.10794175e-02 2.18171398e-02 0.00000000e+00
  1.30431082e-01 0.00000000e+00 0.00000000e+00]
 [6.40668986e-01 2.41329924e-01 1.72786086e-01 4.19626854e-01
  2.72161243e-01 3.33566805e-01 2.03533016e-01 4.76229007e-01
  2.20902601e-01 4.14355178e-01 1.44392127e-01 1.47645855e-01
  4.97201902e-01 1.19709378e-01 2.02073552e-01]
 [1.36417606e-01 0.00000000e+00 0.00000000e+00 4.57949064e-02
  0.00000000e+00 0.00000000e+00 0.00000000e+00 2.89218668e-02
  0.00000000e+00 9.47335304e-02 0.00000000e+00 0.00000000e+00
  1.22570481e-01 3.29188034e-03 1.22047280e-01]
 [2.23581126e-01 8.62577238e-01 3.29759798e-01 3.43072852e-01
  2.78941785e-01 4.12734263e-01 5.23243977e-01 1.81770724e-01
  2.51676794e-01 2.23011597e-01 3.77977568e-01 2.51176385e-01
  2.05281999e-01 3.58390263e-01 9.66440895e-01]]

17
----------------------------------------------------------------------------------
[[0.00000000e+00 7.78256935e-02 0.00000000e+00 2.96397418e-01
  0.00000000e+00 1.24384601e-01 4.51462593e-02 5.85586630e-02
  1.05047688e-01 4.91511325e-02 7.01810316e-02 0.00000000e+00
  0.00000000e+00 0.00000000e+00 0.00000000e+00]
 [0.00000000e+00 2.79380152e-01 0.00000000e+00 1.49541050e-01
  1.74386162e-01 6.83824181e-02 2.67664642e-01 6.00314750e-01
  1.90480221e-01 8.00963652e-02 8.83739308e-02 9.11201755e-02
  0.00000000e+00 2.90965439e-01 0.00000000e+00]
 [0.00000000e+00 6.07125943e-01 1.90566560e-01 5.95044605e-01
  1.70179073e-01 5.88816838e-01 1.02873767e+00 2.91744628e-01
  6.86622860e-01 2.26074024e-01 6.64151130e-01 1.19447701e-01
  1.79860683e-01 6.28121671e-01 5.37034442e-01]
 [0.00000000e+00 1.10791186e-01 0.00000000e+00 1.43315911e-01
  0.00000000e+00 2.71516692e-02 7.77868991e-02 0.00000000e+00
  0.00000000e+00 2.70892250e-02 4.84850534e-02 0.00000000e+00
  0.00000000e+00 0.00000000e+00 0.00000000e+00]
 [0.00000000e+00 0.00000000e+00 4.67428386e-02 1.67677789e-01
  0.00000000e+00 1.12511158e-01 3.71968425e-02 5.06598743e-03
  0.00000000e+00 0.00000000e+00 9.68341897e-02 0.00000000e+00
  0.00000000e+00 8.47533522e-02 0.00000000e+00]
 [0.00000000e+00 2.60774383e-01 1.94913762e-01 6.19417115e-02
  5.77707568e-01 3.56940657e-01 5.40339831e-01 3.84873399e-01
  2.34410223e-01 1.30987344e-01 9.15107704e-01 0.00000000e+00
  1.42731578e-01 7.68506146e-01 4.04912142e-01]
 [0.00000000e+00 9.11430105e-02 0.00000000e+00 1.11484840e-01
  0.00000000e+00 2.08009063e-01 0.00000000e+00 5.67568202e-03
  0.00000000e+00 4.35325545e-02 0.00000000e+00 0.00000000e+00
  0.00000000e+00 1.55039411e-01 0.00000000e+00]
 [6.61907529e-03 1.05646644e-01 0.00000000e+00 1.83563424e-01
  0.00000000e+00 1.06142586e-01 2.91717247e-02 0.00000000e+00
  0.00000000e+00 0.00000000e+00 1.52541153e-01 0.00000000e+00
  0.00000000e+00 0.00000000e+00 0.00000000e+00]
 [0.00000000e+00 1.13528562e-02 0.00000000e+00 2.20144981e-01
  0.00000000e+00 9.51367020e-02 0.00000000e+00 0.00000000e+00
  0.00000000e+00 0.00000000e+00 1.02398395e-01 0.00000000e+00
  0.00000000e+00 0.00000000e+00 0.00000000e+00]
 [0.00000000e+00 1.21230645e+00 2.39228882e-01 4.45252620e-01
  1.30715361e+00 7.11806982e-01 1.09134278e+00 2.01809929e+00
  2.52905301e-01 6.35752179e-01 5.91297599e-01 3.89309644e-01
  9.74987010e-01 6.94960017e-01 1.28731780e+00]
 [0.00000000e+00 0.00000000e+00 0.00000000e+00 1.30645627e-01
  0.00000000e+00 1.52187622e-01 0.00000000e+00 9.33864915e-02
  0.00000000e+00 0.00000000e+00 0.00000000e+00 2.35397985e-02
  0.00000000e+00 4.30600095e-02 0.00000000e+00]
 [0.00000000e+00 6.54490540e-02 0.00000000e+00 1.15552583e-01
  0.00000000e+00 3.28658038e-02 0.00000000e+00 4.99611904e-02
  6.20474411e-02 0.00000000e+00 1.57478113e-01 0.00000000e+00
  0.00000000e+00 0.00000000e+00 0.00000000e+00]
 [0.00000000e+00 6.56555965e-02 0.00000000e+00 3.11921527e-02
  0.00000000e+00 2.11890239e-01 0.00000000e+00 1.85108301e-01
  1.95546304e-01 0.00000000e+00 1.10961492e-02 0.00000000e+00
  0.00000000e+00 7.48105938e-02 9.46098724e-02]
 [1.24278074e-01 4.72875728e-01 4.16899493e-02 7.34638676e-02
  0.00000000e+00 1.69788225e-01 1.58145872e-01 1.87246136e-01
  8.37734786e-02 0.00000000e+00 1.43605693e-01 0.00000000e+00
  0.00000000e+00 1.95195547e-01 4.11591539e-01]
 [4.55162382e-02 5.66093818e-02 3.04465959e-02 1.48138509e-01
  0.00000000e+00 9.82230709e-02 6.74412497e-02 0.00000000e+00
  2.68109660e-02 0.00000000e+00 9.53157896e-02 0.00000000e+00
  0.00000000e+00 1.99934373e-03 0.00000000e+00]
 [1.84857330e-01 3.41492554e-01 5.19009962e-02 1.88411086e-01
  9.62594440e-03 1.22388296e-01 1.80942951e-01 2.38198774e-01
  3.37217178e-01 2.27906294e-02 1.69139103e-01 1.48961456e-01
  1.81972086e-02 6.83725008e-01 3.28118916e-01]
 [3.46927393e-02 1.47820073e-01 0.00000000e+00 1.44729321e-01
  0.00000000e+00 7.73811023e-02 2.75496941e-02 0.00000000e+00
  0.00000000e+00 0.00000000e+00 1.42000324e-01 0.00000000e+00
  0.00000000e+00 0.00000000e+00 0.00000000e+00]
 [7.22744303e-01 2.06649163e-01 7.71741799e-01 4.26869078e-01
  8.39795914e-01 4.35592657e-01 3.60119638e-01 2.69994612e-01
  2.20655997e-01 6.45771024e-01 4.83447069e-01 7.64138884e-01
  7.43906510e-01 3.09155013e-01 5.66087087e-01]]

18
----------------------------------------------------------------------------------
[[0.05870476 0.         0.14755342 0.         0.         0.08492436
  0.         0.         0.06907556 0.13138938 0.         0.
  0.04655469 0.01075566 0.08270617]
 [0.1866308  0.11587006 0.21594145 0.15181337 0.08941472 0.51220753
  0.19870223 0.29157938 0.50131477 0.19135505 0.15333023 0.1476417
  0.02525179 0.57931058 0.40968279]
 [0.20012099 0.45168563 0.         0.65791071 0.14864462 1.03704813
  0.34622057 0.21913503 0.33946016 0.35831119 0.68124787 0.51471882
  0.55244085 0.65771855 0.22739962]
 [0.02649099 0.01193824 0.         0.         0.         0.03326542
  0.         0.         0.04231524 0.         0.07041051 0.
  0.00579353 0.0098011  0.12361597]
 [0.         0.03005984 0.         0.         0.         0.04406121
  0.         0.         0.08734043 0.         0.08705091 0.0731437
  0.09467107 0.00415935 0.11576916]
 [0.3398351  0.19085656 0.07174678 0.72055363 0.17630123 0.35189028
  0.2656728  0.21328282 0.3277261  0.4161996  0.46806696 0.14282728
  0.22604036 0.16284313 0.56638712]
 [0.         0.03148677 0.         0.04204722 0.         0.12021507
  0.         0.0082625  0.05715994 0.11675784 0.08618407 0.02655538
  0.13132969 0.10449601 0.05253194]
 [0.07628239 0.         0.         0.         0.         0.00442686
  0.         0.05532413 0.0213335  0.         0.01536353 0.
  0.02096318 0.         0.10990097]
 [0.10350518 0.04038296 0.         0.         0.         0.
  0.         0.         0.         0.         0.1582518  0.
  0.         0.         0.04288905]
 [0.45636399 0.54846137 0.80028014 0.81392255 0.85862898 0.98793976
  1.08525124 0.26370921 0.17481665 0.59744377 0.62019289 0.43502009
  1.37655109 0.9683363  1.08904513]
 [0.07260207 0.         0.         0.16467855 0.         0.
  0.         0.         0.00423336 0.01533532 0.         0.07852989
  0.         0.         0.13870608]
 [0.01136586 0.         0.         0.         0.         0.20879451
  0.         0.         0.         0.         0.18482937 0.
  0.05454974 0.0095163  0.08287484]
 [0.11124581 0.         0.03632514 0.13843031 0.         0.05477191
  0.15946474 0.         0.10432508 0.         0.18642015 0.0530617
  0.         0.20868507 0.13275815]
 [0.0585144  0.14600897 0.         0.24337114 0.35475929 0.51798068
  0.255953   0.11020694 0.         0.01069598 0.10161526 0.15024842
  0.         0.17802447 0.10152767]
 [0.         0.         0.         0.11733702 0.33444605 0.30004966
  0.0972176  0.         0.03661951 0.         0.16599072 0.
  0.         0.16576046 0.06969538]
 [0.16687708 0.15832991 0.03288152 0.22776301 0.31159623 0.51069174
  0.3059363  0.11247056 0.33836799 0.08068053 0.30607887 0.04922271
  0.06736573 0.49926552 0.18817564]
 [0.04669953 0.00506565 0.07617727 0.         0.21266817 0.28750497
  0.08299762 0.         0.00505869 0.         0.19009605 0.
  0.         0.0574202  0.16461332]
 [0.33858024 0.52427    0.43473658 0.26668159 0.31143724 0.28521459
  0.26385626 0.39994316 0.4004157  0.25099356 0.31578629 0.38166108
  0.3772837  0.36721539 0.33511402]]

19
----------------------------------------------------------------------------------
[[6.19801667e-03 3.19796768e-01 0.00000000e+00 1.17027977e-01
  2.66202460e-01 0.00000000e+00 7.44116825e-02 9.10143458e-02
  1.00715773e-01 2.81643329e-01 6.51194923e-02 0.00000000e+00
  0.00000000e+00 0.00000000e+00 0.00000000e+00]
 [2.93933185e-01 3.03165788e-01 9.84235490e-02 7.26561347e-02
  2.80832807e-01 0.00000000e+00 2.81581751e-01 2.50031299e-01
  5.80468338e-01 3.56447055e-02 1.43476699e-01 0.00000000e+00
  0.00000000e+00 0.00000000e+00 1.44456608e-01]
 [5.05265698e-01 4.39442430e-01 3.82638551e-01 4.46340094e-01
  4.56362324e-01 9.62722719e-02 4.01036310e-01 5.10324883e-01
  5.94321278e-01 1.52119783e-01 2.08239352e-01 2.84728686e-01
  1.00070608e-01 0.00000000e+00 3.55691474e-01]
 [9.51235549e-02 3.39697335e-02 0.00000000e+00 0.00000000e+00
  1.97031173e-02 0.00000000e+00 0.00000000e+00 0.00000000e+00
  5.77979434e-02 1.38651305e-01 6.56601697e-02 0.00000000e+00
  0.00000000e+00 7.47361904e-02 0.00000000e+00]
 [1.06541873e-01 0.00000000e+00 0.00000000e+00 1.61622694e-01
  5.94790632e-02 0.00000000e+00 5.96486662e-02 6.43042199e-03
  0.00000000e+00 7.40066066e-02 0.00000000e+00 0.00000000e+00
  0.00000000e+00 0.00000000e+00 4.62352217e-02]
 [4.11733159e-01 3.73032035e-01 0.00000000e+00 2.85822278e-01
  2.30806544e-01 4.56145631e-01 3.64702111e-01 2.13758726e-01
  3.53614748e-01 5.81333031e-02 7.80715250e-02 2.41212075e-01
  2.55022240e-01 0.00000000e+00 6.24997946e-01]
 [1.23214216e-01 8.26752293e-02 0.00000000e+00 1.18615721e-01
  3.66246517e-02 0.00000000e+00 0.00000000e+00 0.00000000e+00
  0.00000000e+00 4.89157318e-02 6.42560687e-02 0.00000000e+00
  9.70664917e-02 0.00000000e+00 5.35498163e-02]
 [0.00000000e+00 7.11178719e-02 0.00000000e+00 0.00000000e+00
  5.45780451e-02 0.00000000e+00 0.00000000e+00 1.04843906e-01
  4.34534795e-02 1.21948358e-01 0.00000000e+00 0.00000000e+00
  0.00000000e+00 6.88123435e-02 0.00000000e+00]
 [3.33956427e-02 0.00000000e+00 0.00000000e+00 3.80947993e-02
  2.00038285e-02 0.00000000e+00 0.00000000e+00 0.00000000e+00
  1.38849325e-02 6.87255345e-02 6.64219718e-02 0.00000000e+00
  0.00000000e+00 0.00000000e+00 0.00000000e+00]
 [4.45372984e-01 1.32342683e+00 9.31075198e-01 4.23276634e-01
  4.56436193e-01 2.79671874e-01 1.37133810e+00 7.35882316e-01
  5.48452396e-01 7.25441394e-01 1.02959700e+00 2.33140965e+00
  4.92483815e-01 0.00000000e+00 0.00000000e+00]
 [8.51665458e-02 1.63551293e-02 7.85810006e-02 0.00000000e+00
  0.00000000e+00 0.00000000e+00 0.00000000e+00 3.91530991e-02
  1.89434085e-01 0.00000000e+00 0.00000000e+00 1.59703087e-02
  0.00000000e+00 0.00000000e+00 0.00000000e+00]
 [7.15405019e-02 1.76859040e-02 0.00000000e+00 6.46958472e-02
  1.88022502e-01 0.00000000e+00 0.00000000e+00 3.56425600e-03
  6.72847558e-02 1.15497216e-01 4.61913427e-02 0.00000000e+00
  0.00000000e+00 0.00000000e+00 0.00000000e+00]
 [2.89256893e-01 4.79665526e-02 1.35682604e-01 4.08927667e-02
  2.08555592e-03 6.10148296e-03 1.32132652e-01 7.83418880e-02
  3.64863477e-02 0.00000000e+00 3.48290329e-02 1.08790121e-01
  0.00000000e+00 0.00000000e+00 0.00000000e+00]
 [2.06467722e-02 1.65445280e-01 0.00000000e+00 4.05744059e-02
  2.73191598e-01 2.35805439e-01 6.99574291e-02 2.42783844e-01
  4.43546964e-01 2.38989830e-01 1.12443076e-01 0.00000000e+00
  1.93741495e-01 0.00000000e+00 0.00000000e+00]
 [1.66040026e-01 4.59121495e-02 0.00000000e+00 5.99142179e-02
  0.00000000e+00 0.00000000e+00 0.00000000e+00 0.00000000e+00
  8.31416514e-02 8.40436499e-02 0.00000000e+00 0.00000000e+00
  1.30394125e-01 0.00000000e+00 0.00000000e+00]
 [1.38762139e-01 3.02599624e-01 1.42694158e-01 5.05399456e-01
  3.54534222e-01 2.24524510e-02 1.77793583e-01 4.05731404e-01
  5.23158865e-01 2.05926709e-01 1.95877080e-01 0.00000000e+00
  2.48062894e-01 0.00000000e+00 0.00000000e+00]
 [4.62540166e-02 3.61892259e-02 0.00000000e+00 0.00000000e+00
  0.00000000e+00 0.00000000e+00 0.00000000e+00 3.76616947e-02
  6.27904138e-03 1.05241305e-01 0.00000000e+00 7.36715386e-02
  0.00000000e+00 0.00000000e+00 0.00000000e+00]
 [3.77453292e-01 2.60350225e-01 3.16783705e-01 3.43030960e-01
  2.86727709e-01 5.35977942e-01 2.97488014e-01 1.78071527e-01
  2.33132849e-01 3.55487776e-01 4.78034084e-01 7.56302144e-01
  7.91353158e-01 2.14854920e+00 2.31612431e+00]]

20
----------------------------------------------------------------------------------
[[0.00000000e+00 0.00000000e+00 0.00000000e+00 0.00000000e+00
  0.00000000e+00 9.90535654e-02 0.00000000e+00 0.00000000e+00
  7.86159655e-02 9.95209200e-02 1.33303749e-01 2.62676272e-01
  1.04726176e-01 0.00000000e+00 2.52693465e-01]
 [0.00000000e+00 0.00000000e+00 0.00000000e+00 4.16382303e-02
  1.91889297e-01 0.00000000e+00 1.49331590e-01 6.24500140e-02
  2.36457892e-01 5.34124151e-01 4.27170452e-01 1.79349389e-01
  3.77176654e-01 3.44469603e-02 3.72826141e-01]
 [0.00000000e+00 4.24223463e-01 0.00000000e+00 2.83474753e-01
  2.80089804e-01 4.47745354e-02 4.92258970e-01 6.20021859e-01
  5.60518728e-01 3.78658748e-01 3.95237840e-01 5.36269073e-01
  4.58981951e-01 2.57416173e-01 4.10856573e-01]
 [0.00000000e+00 0.00000000e+00 0.00000000e+00 0.00000000e+00
  1.95440713e-02 1.56934139e-01 0.00000000e+00 0.00000000e+00
  1.63480892e-01 0.00000000e+00 5.88021960e-02 0.00000000e+00
  8.05582304e-02 6.34232790e-02 7.67034214e-02]
 [0.00000000e+00 0.00000000e+00 0.00000000e+00 0.00000000e+00
  0.00000000e+00 7.87064109e-02 0.00000000e+00 0.00000000e+00
  2.08596739e-01 0.00000000e+00 6.33196349e-02 2.64892605e-02
  0.00000000e+00 6.02512378e-02 2.23036475e-01]
 [0.00000000e+00 9.19523303e-01 0.00000000e+00 2.85548526e-01
  0.00000000e+00 0.00000000e+00 2.21940641e-02 0.00000000e+00
  3.30841246e-01 6.50528189e-01 3.75734929e-01 1.94897818e-01
  6.11656042e-01 5.78372838e-02 1.98711162e-01]
 [0.00000000e+00 1.20359991e-01 0.00000000e+00 0.00000000e+00
  0.00000000e+00 0.00000000e+00 0.00000000e+00 0.00000000e+00
  1.82883459e-01 0.00000000e+00 2.19987547e-01 9.23131610e-03
  4.65232636e-02 1.19303401e-01 2.60021568e-01]
 [0.00000000e+00 0.00000000e+00 0.00000000e+00 0.00000000e+00
  0.00000000e+00 1.69950389e-01 0.00000000e+00 0.00000000e+00
  2.41367208e-01 4.96080536e-03 6.37849301e-02 7.92994049e-02
  1.97350663e-03 0.00000000e+00 1.88938894e-01]
 [0.00000000e+00 0.00000000e+00 0.00000000e+00 0.00000000e+00
  0.00000000e+00 1.20991789e-01 0.00000000e+00 0.00000000e+00
  1.55646037e-01 0.00000000e+00 0.00000000e+00 0.00000000e+00
  8.22561564e-02 0.00000000e+00 1.96434475e-01]
 [6.21122312e-01 8.23174847e-01 0.00000000e+00 4.22387740e-01
  3.95051348e-01 0.00000000e+00 8.44942438e-01 7.70905266e-01
  8.89208205e-01 9.82208133e-01 1.29561287e+00 2.03346779e+00
  1.38987735e+00 6.69897337e-01 6.38999058e-01]
 [3.90391034e-03 2.57427414e-01 0.00000000e+00 0.00000000e+00
  3.43567714e-02 0.00000000e+00 1.16308243e-01 0.00000000e+00
  2.90679899e-01 0.00000000e+00 5.98368840e-03 1.33924322e-01
  7.62767633e-02 1.65435340e-01 5.33153366e-02]
 [0.00000000e+00 0.00000000e+00 0.00000000e+00 0.00000000e+00
  0.00000000e+00 3.27878525e-02 0.00000000e+00 0.00000000e+00
  2.06632356e-01 5.90322789e-02 2.75564756e-02 0.00000000e+00
  0.00000000e+00 0.00000000e+00 1.72826039e-01]
 [0.00000000e+00 5.13208874e-01 0.00000000e+00 0.00000000e+00
  1.33289979e-01 0.00000000e+00 1.01415453e-01 0.00000000e+00
  1.74164021e-01 1.82641576e-02 8.90595903e-02 7.34445253e-02
  1.09226109e-01 1.33852229e-01 2.83615361e-01]
 [0.00000000e+00 0.00000000e+00 0.00000000e+00 0.00000000e+00
  8.40408870e-05 8.29356585e-02 0.00000000e+00 8.93483734e-02
  1.39572305e-01 0.00000000e+00 1.66462371e-01 1.86143928e-01
  8.05971019e-02 9.85206231e-02 2.95801938e-01]
 [0.00000000e+00 0.00000000e+00 8.88374661e-03 0.00000000e+00
  0.00000000e+00 3.32133071e-02 1.01326266e-01 0.00000000e+00
  1.52148492e-01 5.76092188e-02 1.77337071e-01 1.08709000e-01
  8.64628581e-02 1.10649755e-02 1.85369785e-01]
 [2.54721600e-01 6.12610811e-01 1.45929946e-01 1.91759024e-02
  4.71820849e-02 0.00000000e+00 0.00000000e+00 9.84096660e-02
  1.61037841e-01 1.26224352e-01 1.06910364e-01 2.37863783e-01
  1.66988438e-01 3.11741238e-01 4.20306391e-01]
 [0.00000000e+00 0.00000000e+00 4.97651231e-02 0.00000000e+00
  0.00000000e+00 3.10659297e-01 5.09117976e-02 0.00000000e+00
  3.56854626e-01 5.85865499e-02 1.00746810e-01 0.00000000e+00
  0.00000000e+00 0.00000000e+00 2.39356770e-01]
 [3.05387879e+00 8.96581048e-01 2.52662409e+00 2.86128155e+00
  1.85076918e+00 2.11419589e+00 1.99236550e+00 1.42322064e+00
  5.63630934e-01 3.00280924e-01 1.70387237e-01 4.10879440e-01
  6.19035106e-01 6.28322779e-01 3.01199703e-01]]

21
----------------------------------------------------------------------------------
[[9.76347769e-02 0.00000000e+00 7.41151504e-02 0.00000000e+00
  3.92750817e-02 1.21477995e-01 2.04962476e-03 2.33674054e-01
  1.74994227e-01 0.00000000e+00 0.00000000e+00 1.89981655e-01
  1.21892607e-01 4.11433729e-03 5.45407520e-03]
 [4.55844052e-01 1.31212136e-01 3.50001628e-01 3.68922491e-02
  1.74520800e-01 1.41769404e-01 3.41223046e-01 7.31266669e-01
  1.98790105e-01 2.23577525e-01 1.73466988e-01 3.88008197e-01
  0.00000000e+00 2.04162037e-01 4.20546893e-02]
 [4.33536061e-01 2.97020874e-01 2.36483331e-01 1.33301442e-01
  4.38583370e-01 3.10140154e-01 8.66258119e-02 2.89622211e-01
  3.01487620e-01 2.94292066e-01 2.27781413e-01 2.20745302e-01
  0.00000000e+00 1.63586957e-01 3.43963298e-01]
 [4.17287341e-02 0.00000000e+00 1.11941643e-01 0.00000000e+00
  0.00000000e+00 1.19110301e-01 2.29883998e-01 4.54817046e-01
  2.81645321e-01 0.00000000e+00 0.00000000e+00 1.27273300e-01
  7.97437445e-02 0.00000000e+00 2.03313180e-02]
 [1.08850839e-01 0.00000000e+00 8.86232216e-02 0.00000000e+00
  0.00000000e+00 1.36027739e-02 1.98939744e-01 1.04863826e+00
  3.11317783e-01 3.88369284e-02 0.00000000e+00 3.78944691e-01
  3.40940971e-01 8.46005836e-02 0.00000000e+00]
 [2.58058537e-01 6.05741508e-01 0.00000000e+00 2.69276200e-01
  5.62803319e-01 5.99916814e-01 1.02318129e+00 5.20146450e-01
  3.94111575e-01 1.00510300e-01 4.11951567e-01 2.40910033e-01
  2.95862861e-01 3.43428164e-01 2.08968042e-01]
 [1.24177150e-01 8.25770194e-03 0.00000000e+00 2.56491014e-02
  1.92254121e-01 3.58535576e-01 4.22337207e-01 4.72699112e-01
  3.23856747e-01 7.81249652e-02 0.00000000e+00 2.74166317e-01
  1.87315752e-01 1.40994766e-01 0.00000000e+00]
 [0.00000000e+00 0.00000000e+00 1.16005647e-01 6.03899512e-02
  2.26349890e-01 1.59943143e+00 4.26543975e+00 1.07203348e+00
  1.53051518e+00 9.36320895e-01 8.62690196e-01 3.30167851e-01
  0.00000000e+00 0.00000000e+00 0.00000000e+00]
 [5.56934398e-02 0.00000000e+00 8.94549481e-02 3.35357237e-02
  1.03374452e-01 1.50238778e+00 3.63066813e+00 1.12419945e+00
  1.48251150e+00 1.25891400e+00 1.16324694e+00 5.03969546e-01
  0.00000000e+00 0.00000000e+00 0.00000000e+00]
 [1.18350907e+00 4.54566436e-01 9.86370786e-01 8.47659814e-01
  7.56227330e-01 8.45272000e-01 1.38886204e+00 4.98705953e-01
  3.82104673e-01 5.09506561e-01 1.86046042e-01 7.31405908e-01
  1.34858704e+00 1.51994947e+00 9.92910831e-01]
 [1.66017269e-01 0.00000000e+00 0.00000000e+00 9.25438058e-02
  2.04623568e-01 9.93482728e-01 6.47585782e+00 2.36379066e+00
  1.16051860e+00 2.27435698e+00 1.21090943e+00 1.08181038e+00
  2.34913927e-01 1.78444622e-01 0.00000000e+00]
 [1.16034940e-01 0.00000000e+00 5.06725051e-02 2.31085934e-02
  3.48640921e-02 7.69752912e-01 1.32490677e+00 3.69161935e-01
  6.04514518e-01 2.63126697e-01 1.92689974e-01 9.72857221e-02
  0.00000000e+00 0.00000000e+00 0.00000000e+00]
 [2.17281139e-01 4.76160055e-02 0.00000000e+00 0.00000000e+00
  2.49480657e-01 3.18183742e-01 4.80957386e+00 1.24995080e+00
  8.03667583e-01 2.13950483e+01 5.66436812e-01 5.37608542e-01
  1.25955848e-01 1.56083371e-01 0.00000000e+00]
 [3.33583547e-01 3.90246262e-01 1.86748077e-01 2.92446330e-01
  2.61602982e-01 2.52099408e-01 0.00000000e+00 5.52137600e-02
  1.23776511e-01 0.00000000e+00 3.69635998e-02 1.66254093e-01
  1.23470858e-02 8.78911436e-02 0.00000000e+00]
 [4.87812108e-01 2.90162078e-01 1.66824648e-01 2.42240101e-01
  3.94034067e-01 3.17498925e-01 0.00000000e+00 0.00000000e+00
  1.29072634e-01 0.00000000e+00 0.00000000e+00 0.00000000e+00
  0.00000000e+00 0.00000000e+00 0.00000000e+00]
 [3.52013534e-01 2.87885621e-01 7.26799978e-02 1.26027810e-01
  4.84540986e-01 4.77244510e-01 1.65313095e-01 1.45235337e-01
  1.30447733e-01 0.00000000e+00 2.78130596e-01 4.80752475e-01
  1.93090869e-01 2.62447257e-01 3.67168796e-01]
 [3.96664648e-01 1.69407222e-01 2.74250170e-01 3.39533822e-01
  2.23429787e-01 2.01731120e-01 0.00000000e+00 0.00000000e+00
  1.65370929e-01 0.00000000e+00 0.00000000e+00 0.00000000e+00
  0.00000000e+00 5.27842807e-02 0.00000000e+00]
 [8.16348617e-01 1.21580164e+00 8.28590248e-01 4.77402051e-01
  2.11736389e-01 2.37399733e-01 3.25114867e-01 4.18175847e-01
  2.55925992e-01 9.22099831e-01 5.30817812e-01 3.99135664e-01
  5.51153860e-01 4.70450315e-01 3.34827338e-01]]

22
----------------------------------------------------------------------------------
[[0.00000000e+00 1.07210081e-01 4.85821094e-02 1.95545583e-01
  0.00000000e+00 8.66390557e-02 0.00000000e+00 1.26997305e-02
  9.94974299e-02 0.00000000e+00]
 [1.91024087e-01 4.07604267e-01 5.72421476e-01 2.02871272e-01
  7.73757111e-02 1.69931656e-01 3.07650447e-01 1.07959397e-01
  2.39224598e-01 2.14285778e-03]
 [2.59623964e-01 2.19552492e-01 3.68760490e-01 2.76194538e-01
  1.05995527e-01 3.62387391e-01 2.78933779e-01 1.65030731e-01
  4.75119543e-01 6.35307282e-01]
 [7.31497950e-03 8.65700776e-02 1.23398339e-01 5.54571626e-02
  1.10245247e-01 0.00000000e+00 0.00000000e+00 0.00000000e+00
  5.38032920e-02 0.00000000e+00]
 [9.80103910e-02 2.52846395e-02 1.40708316e-02 7.11185802e-02
  3.79428323e-02 0.00000000e+00 0.00000000e+00 0.00000000e+00
  8.94298369e-02 0.00000000e+00]
 [2.31735925e-01 7.60391757e-01 3.73594189e-01 1.77108412e-01
  0.00000000e+00 0.00000000e+00 3.76290282e-01 6.36406735e-01
  7.51359855e-01 1.79568493e-01]
 [2.72741678e-02 3.10077092e-02 4.54420620e-02 5.06042231e-02
  0.00000000e+00 0.00000000e+00 8.91824371e-02 2.26056856e-02
  1.16986351e-01 0.00000000e+00]
 [2.38158921e-02 0.00000000e+00 0.00000000e+00 9.90936710e-02
  0.00000000e+00 0.00000000e+00 0.00000000e+00 0.00000000e+00
  9.22006729e-02 0.00000000e+00]
 [0.00000000e+00 0.00000000e+00 0.00000000e+00 1.41050273e-01
  0.00000000e+00 0.00000000e+00 2.13474479e-02 0.00000000e+00
  2.40417941e-02 0.00000000e+00]
 [1.66201448e+00 2.76749754e+00 1.19043916e+00 8.00782294e-01
  6.50357702e-01 1.37635777e+00 1.96270470e+00 1.10365975e+00
  1.29420819e+00 1.41362480e+00]
 [4.24855523e-02 0.00000000e+00 8.47706839e-02 6.31952020e-02
  0.00000000e+00 0.00000000e+00 5.70153799e-02 0.00000000e+00
  1.11860754e-01 0.00000000e+00]
 [2.58344127e-02 0.00000000e+00 0.00000000e+00 9.97743137e-02
  7.28915373e-03 0.00000000e+00 0.00000000e+00 0.00000000e+00
  8.62502775e-03 0.00000000e+00]
 [2.61551816e-02 2.23544380e-02 1.18602835e-01 1.70614266e-01
  1.01620870e-01 3.89057191e-02 2.19372649e-01 5.41699831e-02
  2.01184217e-01 0.00000000e+00]
 [0.00000000e+00 2.01905407e-01 3.79345145e-01 2.71199213e-01
  8.78474015e-02 1.78976440e-01 2.28328492e-01 4.25522083e-01
  3.79081679e-01 1.25160770e-01]
 [3.65613467e-02 5.28748344e-02 1.37955212e-01 4.02660570e-02
  0.00000000e+00 2.85432456e-01 7.30536256e-01 9.28852376e-01
  6.40093450e-01 0.00000000e+00]
 [1.91750232e-01 3.02496884e-01 4.95030214e-01 3.15013125e-01
  1.15955534e-01 4.28944019e-01 8.90703244e-01 6.71269841e-01
  8.45506403e-01 2.96367442e-01]
 [8.36817564e-02 0.00000000e+00 6.72611892e-02 6.02894824e-02
  0.00000000e+00 0.00000000e+00 3.59786030e-01 5.73116455e-01
  7.77408918e-01 0.00000000e+00]
 [4.23602482e-01 2.34004073e-01 1.83459314e-01 2.42466851e-01
  3.77791793e-01 4.14621247e-01 2.10658157e-01 2.13523474e-01
  1.55165571e-01 8.15723236e-01]]