

1
----------------------------------------------------------------------------------
[[0.         0.         0.         0.         0.         0.
  0.         0.         0.         0.         0.02061452 0.
  0.         0.         0.11109538]
 [0.02042386 0.18947266 0.         0.17741208 0.32158016 0.
  0.1291819  0.16265043 0.         0.         0.08328891 0.
  0.         0.         0.36887484]
 [0.44383211 0.20830353 0.         0.03789419 0.8637158  0.
  0.05455873 0.34048198 0.1940699  0.01447887 0.         0.0930264
  0.         0.08938027 0.31137043]
 [0.         0.         0.         0.02234726 0.         0.
  0.         0.         0.         0.         0.03647455 0.
  0.         0.         0.15406238]
 [0.         0.         0.         0.         0.01338787 0.
  0.0146356  0.         0.         0.         0.0964432  0.
  0.         0.         0.06111926]
 [0.08202593 0.         0.         0.         0.22413178 0.00337048
  0.18734866 0.59255202 0.18551672 0.         0.46891125 0.31141361
  0.         0.         0.2371613 ]
 [0.         0.         0.00354988 0.         0.03988648 0.
  0.01345048 0.         0.00762959 0.         0.09821645 0.
  0.         0.01238143 0.04426749]
 [0.         0.         0.         0.         0.         0.
  0.02014816 0.         0.         0.         0.         0.
  0.         0.         0.20868198]
 [0.         0.         0.         0.         0.         0.
  0.         0.         0.         0.         0.         0.
  0.         0.         0.13064931]
 [0.         1.20422655 0.48538368 0.37911629 0.65437609 0.47567455
  0.25450501 0.55450268 0.39036086 0.         0.17577088 0.13673225
  0.         0.29505669 0.890552  ]
 [0.         0.         0.         0.         0.03693777 0.
  0.         0.02815067 0.         0.         0.         0.
  0.         0.         0.06575053]
 [0.         0.         0.         0.         0.         0.
  0.         0.         0.         0.         0.         0.
  0.         0.         0.05493349]
 [0.04149633 0.         0.03051387 0.         0.28187194 0.
  0.00316301 0.13646885 0.         0.         0.00917849 0.13187077
  0.         0.         0.        ]
 [0.2054566  0.25767082 0.13014097 0.28462737 0.68115887 0.71735764
  0.10314295 0.19858181 0.22497846 0.95234954 0.         0.13824388
  1.32538703 0.         0.28974901]
 [0.61549864 0.84250957 0.5563972  0.51017719 1.61600341 1.21535012
  0.20312966 0.66035547 1.43847662 2.43886441 0.23447406 0.0345067
  2.77217269 0.223579   0.42835622]
 [0.64034381 0.9072929  0.98646507 1.42086752 0.91542053 0.43580639
  0.08494319 0.33104614 0.77296879 0.09359041 0.07198279 0.26882323
  0.46532312 0.         0.3700481 ]
 [0.         0.41484759 0.30532333 0.17638608 0.9684196  0.8162737
  0.07550816 0.61301597 1.03220603 0.42739168 0.19632747 0.
  0.25872295 0.45309673 0.53423271]
 [0.70606222 0.46061033 0.55427929 0.58533638 0.57822489 0.79131001
  0.72011688 0.49803996 0.3830417  0.56306113 0.81031095 0.47347072
  0.81448731 1.20277517 0.32060156]]

2
----------------------------------------------------------------------------------
[[4.22386820e-02 0.00000000e+00 0.00000000e+00 0.00000000e+00
  0.00000000e+00 3.25383359e-02 0.00000000e+00 0.00000000e+00
  0.00000000e+00 0.00000000e+00 0.00000000e+00 0.00000000e+00
  0.00000000e+00 0.00000000e+00 0.00000000e+00]
 [1.11857934e-01 1.30467986e-01 9.89106364e-02 0.00000000e+00
  1.60496989e-01 5.26430994e-02 1.70122666e-02 0.00000000e+00
  0.00000000e+00 0.00000000e+00 0.00000000e+00 0.00000000e+00
  0.00000000e+00 0.00000000e+00 0.00000000e+00]
 [0.00000000e+00 6.37001150e-01 2.03285335e-01 0.00000000e+00
  1.00159112e-01 2.23979651e-01 2.38694878e-01 0.00000000e+00
  0.00000000e+00 0.00000000e+00 0.00000000e+00 0.00000000e+00
  7.03869624e-01 0.00000000e+00 0.00000000e+00]
 [1.25345697e-01 0.00000000e+00 1.75074932e-02 0.00000000e+00
  6.70258349e-03 2.21180098e-03 7.25320110e-02 0.00000000e+00
  0.00000000e+00 0.00000000e+00 0.00000000e+00 0.00000000e+00
  0.00000000e+00 0.00000000e+00 0.00000000e+00]
 [0.00000000e+00 0.00000000e+00 0.00000000e+00 0.00000000e+00
  5.53662946e-03 1.70898077e-02 0.00000000e+00 4.44170800e-03
  0.00000000e+00 0.00000000e+00 2.98306490e-02 0.00000000e+00
  0.00000000e+00 0.00000000e+00 0.00000000e+00]
 [1.08641723e-01 2.61039103e-01 2.94543565e-02 0.00000000e+00
  1.87783703e-01 1.54532201e-01 0.00000000e+00 0.00000000e+00
  0.00000000e+00 0.00000000e+00 0.00000000e+00 1.90685111e-01
  3.07884621e-02 0.00000000e+00 0.00000000e+00]
 [0.00000000e+00 2.14232969e-02 0.00000000e+00 0.00000000e+00
  4.52445955e-04 5.54406716e-02 0.00000000e+00 0.00000000e+00
  0.00000000e+00 0.00000000e+00 0.00000000e+00 0.00000000e+00
  0.00000000e+00 0.00000000e+00 0.00000000e+00]
 [7.52765482e-02 0.00000000e+00 5.22759245e-02 0.00000000e+00
  0.00000000e+00 0.00000000e+00 2.62446587e-01 1.60364011e+00
  4.46726904e-01 0.00000000e+00 5.52024416e-01 4.99830631e-01
  4.97430692e-01 0.00000000e+00 0.00000000e+00]
 [3.84081142e-02 0.00000000e+00 4.36277035e-02 0.00000000e+00
  0.00000000e+00 0.00000000e+00 2.68333619e-01 9.82658806e-01
  7.50980065e-01 0.00000000e+00 6.93643206e-01 9.61069641e-01
  6.24731389e-01 1.11895748e-03 0.00000000e+00]
 [1.22735954e+00 2.41205961e-02 7.52441779e-01 0.00000000e+00
  2.23458818e-01 1.15017285e+00 7.78382774e-02 0.00000000e+00
  0.00000000e+00 0.00000000e+00 2.41628426e-01 0.00000000e+00
  1.06723595e+00 9.07026013e-01 5.08752852e-01]
 [0.00000000e+00 0.00000000e+00 0.00000000e+00 0.00000000e+00
  0.00000000e+00 0.00000000e+00 0.00000000e+00 1.58992558e+00
  2.72049643e+00 1.28550882e-01 7.11813086e-01 1.57169763e+00
  1.08401729e+00 1.69018054e-01 0.00000000e+00]
 [0.00000000e+00 0.00000000e+00 0.00000000e+00 0.00000000e+00
  0.00000000e+00 0.00000000e+00 4.21780765e-02 2.23325070e-01
  0.00000000e+00 0.00000000e+00 1.69058314e-01 6.72415152e-02
  3.29062658e-02 0.00000000e+00 0.00000000e+00]
 [0.00000000e+00 0.00000000e+00 6.50178659e-02 0.00000000e+00
  0.00000000e+00 0.00000000e+00 0.00000000e+00 4.11444646e-01
  1.78204004e+00 1.46747497e-01 1.20436804e+00 1.19812102e+00
  8.61410137e-01 0.00000000e+00 0.00000000e+00]
 [2.55360277e-02 1.25823625e+00 7.18534521e-01 1.12365254e-01
  3.45006638e-01 1.99741144e+00 0.00000000e+00 0.00000000e+00
  0.00000000e+00 1.04972246e+00 7.06088440e-02 5.40026743e-01
  0.00000000e+00 5.71293340e-02 0.00000000e+00]
 [4.10266483e-01 2.42119052e+00 1.56763171e+00 7.21104270e-02
  8.00361515e-01 3.47406392e+00 8.28175107e-01 0.00000000e+00
  0.00000000e+00 1.84110737e+00 1.11778813e+00 1.19069845e+00
  0.00000000e+00 3.11241779e-01 0.00000000e+00]
 [1.30578769e-01 2.88382033e-01 6.36032459e-01 1.57071542e-01
  3.47840670e-02 1.51612357e+00 0.00000000e+00 0.00000000e+00
  0.00000000e+00 7.82274457e-01 1.29225477e+00 9.14243097e-01
  2.63211960e-01 7.91911630e-02 0.00000000e+00]
 [0.00000000e+00 9.47294781e-01 1.00566121e+00 0.00000000e+00
  0.00000000e+00 7.74024782e-01 1.82336653e-01 0.00000000e+00
  0.00000000e+00 4.11255574e-01 6.87682327e-01 5.80596779e-01
  3.15492910e-02 5.92644835e-02 0.00000000e+00]
 [4.50102779e-01 7.60464890e-01 2.90899847e-01 7.58033132e-01
  4.28845500e-01 3.34868502e-01 8.85906312e-01 2.10454124e+00
  2.33916075e+00 1.55869047e+00 1.02319543e+00 5.57393091e-01
  5.72275314e-01 1.33916538e+00 1.64603381e+00]]

3
----------------------------------------------------------------------------------
[[0.03569954 0.06168805 0.         0.         0.         0.09748247
  0.         0.         0.         0.04076271 0.         0.
  0.20808811 0.         0.28196636]
 [0.07150534 0.1137108  0.23394974 0.05231129 0.08250048 0.15422796
  0.         0.04941525 0.20893561 0.23760212 0.33423301 0.19380165
  0.36002693 0.         0.28406147]
 [0.23378912 0.69192986 0.11549651 0.47664759 0.00868831 0.68461715
  0.12288349 0.30545082 0.58609811 0.55161514 0.83173576 0.79190403
  0.40527076 0.29348534 0.51947214]
 [0.         0.         0.         0.         0.         0.06513034
  0.         0.         0.         0.05080322 0.         0.
  0.22119325 0.         0.05559011]
 [0.01277225 0.         0.         0.         0.         0.11587962
  0.         0.         0.         0.09735265 0.         0.
  0.20107651 0.         0.05114825]
 [0.35083731 0.17928592 0.01975482 0.         0.1841667  0.17434281
  0.32007419 0.27443532 0.31718013 0.52568242 0.31863866 0.17369244
  0.77516726 0.         0.17714   ]
 [0.03948916 0.         0.         0.03069047 0.         0.1012943
  0.02869729 0.         0.         0.04147441 0.04979245 0.
  0.06470424 0.         0.12025284]
 [0.         0.00806229 0.         0.         0.         0.06258994
  0.         0.         0.         0.06068278 0.         0.
  0.21234274 0.         0.00410468]
 [0.         0.         0.         0.         0.         0.0451662
  0.         0.         0.         0.0194486  0.         0.
  0.13122872 0.         0.05520056]
 [1.28108375 0.73933251 0.3043051  0.11894911 0.3671192  0.93077458
  0.84309717 1.53052434 0.8222844  1.21252639 1.62839415 2.04218386
  0.19278942 0.38497861 0.71332904]
 [0.04381561 0.05384814 0.07211204 0.         0.10996464 0.
  0.         0.         0.         0.1424306  0.15811678 0.
  0.12375726 0.         0.15840452]
 [0.         0.00523534 0.         0.         0.         0.12856627
  0.         0.         0.         0.0176007  0.         0.
  0.09093195 0.         0.05253004]
 [0.10575075 0.15769074 0.24121429 0.         0.00253172 0.2361054
  0.         0.         0.20856043 0.43024867 0.38638871 0.11945535
  0.046672   0.         0.12092365]
 [0.18064711 0.18716607 0.09815069 0.03220816 0.16419886 0.17684129
  0.         0.00388062 0.12587372 0.27793938 0.20570621 0.1491807
  0.19036251 0.         0.07013204]
 [0.12735829 0.36538064 0.15270742 0.         0.11298283 0.
  0.14463709 0.02483607 0.         0.24663512 0.16881421 0.
  0.19784318 0.         0.56501812]
 [0.1565833  0.52989634 0.         0.         0.34116262 0.21220568
  0.         0.1844048  0.07553143 0.32560061 0.53284329 0.07799318
  0.15032865 0.00472945 0.79640565]
 [0.02998519 0.24039674 0.15579991 0.         0.         0.
  0.         0.         0.00802573 0.05995884 0.1204231  0.
  0.00772141 0.         0.14144195]
 [0.36939252 0.20824328 0.50510309 0.66087513 0.69988675 0.56065453
  0.87782274 0.25382419 0.32713987 0.1819528  0.26156898 0.36225753
  0.49142157 0.47203377 0.31572926]]

4
----------------------------------------------------------------------------------
[[0.         0.         0.         0.11407412 0.04260477 0.04243629
  0.         0.         0.00475774 0.         0.24111814 0.12967779
  0.         0.1864411  0.        ]
 [0.09364236 0.         0.08573665 0.47542224 0.37665422 0.12553245
  0.00959032 0.13663906 0.11434317 0.15251696 0.32248336 0.41186389
  0.23318708 0.1990869  0.        ]
 [0.1769132  0.26948805 0.309066   0.51667118 0.49167467 0.25821021
  0.         0.25950676 0.18057811 0.         0.14893777 0.40462793
  0.21341351 0.16743554 0.        ]
 [0.         0.         0.02946203 0.08654763 0.         0.09181295
  0.         0.         0.07928592 0.         0.12577078 0.15171261
  0.         0.05750733 0.        ]
 [0.         0.         0.01346596 0.07907664 0.         0.
  0.         0.         0.04239757 0.         0.18940542 0.09572552
  0.         0.09023055 0.        ]
 [0.24524491 0.         0.         0.50298062 0.32286949 0.18827107
  0.         0.45477847 0.3454448  0.         0.73715762 0.76511229
  0.00800925 0.49907349 0.07144547]
 [0.         0.         0.         0.09282996 0.07891626 0.
  0.         0.         0.         0.         0.27598979 0.1404708
  0.         0.17078663 0.        ]
 [0.         0.         0.         0.09139198 0.         0.04691012
  0.         0.         0.02286152 0.         0.17265313 0.
  0.         0.06556043 0.        ]
 [0.         0.         0.         0.         0.         0.00534413
  0.         0.         0.03098359 0.         0.09719979 0.02485652
  0.         0.08580431 0.        ]
 [0.80223158 1.13946589 0.60895628 0.43400428 0.65886362 0.3818354
  0.         0.97645014 0.34362099 0.85867495 1.05320901 0.93666239
  1.07531457 0.83208115 0.        ]
 [0.         0.         0.00464244 0.07710307 0.06966511 0.
  0.         0.         0.04516515 0.         0.20241051 0.23831809
  0.         0.         0.        ]
 [0.         0.         0.         0.         0.         0.
  0.         0.         0.04589384 0.         0.10852731 0.03048454
  0.         0.0262164  0.        ]
 [0.06203741 0.         0.17778424 0.         0.36637334 0.
  0.         0.         0.37442091 0.         0.26380784 0.30716384
  0.         0.00333327 0.        ]
 [0.45379884 0.15626748 0.03446934 0.36768677 0.30559934 0.
  0.         0.01838561 0.05435147 0.00528348 0.08238596 0.
  0.03413849 0.02388752 0.        ]
 [0.66806673 0.57249987 0.         0.73367346 0.4409148  0.07782171
  0.         0.         0.01106714 0.         0.06318472 0.
  0.18928778 0.15772409 0.        ]
 [1.14094219 0.12666533 0.35671973 0.29466158 0.21781507 0.
  0.         0.49861758 0.42475759 0.01723952 0.31306355 0.
  0.24531922 0.00489556 0.        ]
 [0.67471346 0.64557302 0.         0.24862605 0.61203626 0.07642643
  0.         0.         0.         0.         0.07104668 0.
  0.08897229 0.33249053 0.05454965]
 [0.31098537 0.49472772 0.4635732  0.28318161 0.25220899 0.49295879
  0.69255539 0.32837925 0.46917962 0.69480538 0.43713252 0.56132336
  0.42728366 0.40790981 1.07506861]]

5
----------------------------------------------------------------------------------
[[0.00000000e+00 0.00000000e+00 0.00000000e+00 1.32860808e-01
  0.00000000e+00 1.13418672e-01 7.72080134e-02 1.20896902e-01
  1.08468412e-01 0.00000000e+00 3.56682863e-02 1.47380453e-01
  0.00000000e+00 0.00000000e+00 0.00000000e+00]
 [0.00000000e+00 1.07013267e-01 0.00000000e+00 5.50381179e-02
  3.11658160e-03 2.18409010e-01 2.10590951e-01 1.78267384e-01
  1.75392825e-01 5.48847438e-02 9.06985616e-02 1.30620782e-01
  0.00000000e+00 0.00000000e+00 0.00000000e+00]
 [0.00000000e+00 4.34326908e-01 2.01403903e-01 3.11699233e-01
  1.56051957e-01 3.95816436e-01 2.42060658e-01 1.02560809e-01
  4.41064857e-01 1.17204741e-01 5.15593841e-01 8.37092518e-01
  0.00000000e+00 6.04625805e-02 1.03538727e-01]
 [0.00000000e+00 0.00000000e+00 0.00000000e+00 0.00000000e+00
  0.00000000e+00 5.22620346e-03 1.07372267e-01 1.96779173e-01
  0.00000000e+00 0.00000000e+00 7.42704489e-02 1.08803046e-01
  0.00000000e+00 0.00000000e+00 0.00000000e+00]
 [0.00000000e+00 0.00000000e+00 0.00000000e+00 0.00000000e+00
  0.00000000e+00 1.80734970e-02 1.02476359e-01 1.79427360e-01
  0.00000000e+00 0.00000000e+00 1.14535436e-01 7.62666587e-02
  0.00000000e+00 1.93961278e-02 0.00000000e+00]
 [1.69573718e-01 0.00000000e+00 0.00000000e+00 9.29335374e-02
  2.12894315e-01 4.07437851e-01 4.65950521e-01 4.48188685e-01
  2.47432678e-01 2.79183361e-02 7.09392463e-01 3.02796095e-01
  5.24059203e-02 2.64446535e-01 1.79697383e-01]
 [0.00000000e+00 0.00000000e+00 0.00000000e+00 0.00000000e+00
  7.68264268e-02 1.27348562e-01 2.45897322e-01 3.50462530e-01
  1.64029427e-01 0.00000000e+00 9.15949291e-02 1.66634021e-01
  0.00000000e+00 1.01614018e-01 0.00000000e+00]
 [0.00000000e+00 0.00000000e+00 0.00000000e+00 0.00000000e+00
  0.00000000e+00 2.09353808e-01 6.58947212e-01 1.55896727e+00
  4.47785783e-01 0.00000000e+00 6.68883418e-01 8.38627622e-01
  5.22345251e-01 1.72647227e-01 0.00000000e+00]
 [0.00000000e+00 0.00000000e+00 0.00000000e+00 3.49050570e-03
  0.00000000e+00 3.25609612e-01 8.71708194e-01 1.88104287e+00
  8.26990770e-01 2.14298222e-01 8.91895927e-01 1.88976909e+00
  1.12350605e+00 4.33376945e-01 0.00000000e+00]
 [2.18272688e-03 0.00000000e+00 7.65873161e-01 1.12635133e+00
  9.51192535e-01 9.28284011e-01 6.48857163e-01 9.48587246e-01
  1.34417568e+00 9.03062413e-02 5.69058925e-01 6.70408796e-01
  4.37889181e-01 1.17599829e+00 7.27819229e-01]
 [0.00000000e+00 0.00000000e+00 0.00000000e+00 0.00000000e+00
  0.00000000e+00 3.36749376e-01 1.17951923e+00 2.89850377e+00
  1.44375306e+00 1.97660945e-01 7.33704489e-01 1.80144128e+00
  1.25237861e+00 9.99591590e-01 3.73292073e-01]
 [0.00000000e+00 0.00000000e+00 0.00000000e+00 4.06033893e-02
  0.00000000e+00 0.00000000e+00 1.20138229e-02 5.76188293e-01
  8.50061061e-02 7.04962360e-03 3.45949621e-01 6.06792849e-01
  1.47269989e-01 6.74937704e-02 0.00000000e+00]
 [0.00000000e+00 8.43060422e-02 1.68027957e-02 0.00000000e+00
  2.98512260e-02 3.56005840e-01 5.06466815e-01 2.22481784e+00
  1.43680861e+00 1.12849410e-01 4.62176176e-01 2.04294793e+00
  7.35607044e-01 4.55144979e-01 0.00000000e+00]
 [0.00000000e+00 0.00000000e+00 9.47599451e-02 3.31344305e-01
  7.19365638e-02 2.82774261e-01 1.50701012e-01 3.36537957e-01
  2.26240191e-01 1.53700872e-01 1.88665530e-01 2.27677461e-01
  0.00000000e+00 0.00000000e+00 1.14703563e-02]
 [0.00000000e+00 0.00000000e+00 2.57695694e-01 6.25889135e-01
  1.58013409e+00 7.56310203e-01 1.98033569e-01 0.00000000e+00
  7.80168659e-02 0.00000000e+00 2.04170937e-01 0.00000000e+00
  0.00000000e+00 0.00000000e+00 0.00000000e+00]
 [0.00000000e+00 3.98052081e-02 2.87691079e-01 2.81824315e-01
  8.02284930e-02 3.65253903e-01 1.51980455e-01 2.79795217e-01
  2.49636839e-01 1.62540735e-01 4.35925799e-01 1.48722856e-01
  0.00000000e+00 2.55217210e-01 1.21043468e-01]
 [0.00000000e+00 0.00000000e+00 0.00000000e+00 1.68768010e-01
  9.63580867e-02 2.98477731e-01 1.52084036e-02 0.00000000e+00
  0.00000000e+00 0.00000000e+00 1.80760027e-01 0.00000000e+00
  0.00000000e+00 0.00000000e+00 0.00000000e+00]
 [1.26537974e+00 9.43236968e-01 4.39173347e-01 4.86048687e-01
  5.11958677e-01 1.71751495e-01 3.35875812e-01 3.19302078e-01
  4.26968908e-01 5.88566774e-01 3.53771196e-01 4.93482853e-01
  6.01189639e-01 6.11503663e-01 6.34736503e-01]]

6
----------------------------------------------------------------------------------
[[2.14681659e-01 0.00000000e+00 0.00000000e+00 0.00000000e+00
  1.14213977e-02 1.66145631e-01 6.26662042e-02 0.00000000e+00
  8.17391621e-02 0.00000000e+00 1.53812033e-02 0.00000000e+00
  1.09704980e-02 0.00000000e+00 2.75608174e-02]
 [5.76316211e-02 0.00000000e+00 7.43351143e-02 0.00000000e+00
  3.92877406e-01 1.67416908e-01 1.95867940e-01 0.00000000e+00
  1.95444095e-01 2.56266870e-01 1.27983023e-01 1.86717536e-01
  1.51997107e-01 1.82349546e-01 4.56144872e-01]
 [2.73807901e-01 4.24526651e-01 3.97259731e-01 2.80375434e-01
  2.35685454e-01 5.02678426e-01 2.33917020e-01 1.61804818e-01
  5.95022473e-01 9.14050436e-01 4.10501587e-01 1.98245008e-01
  3.21727193e-01 1.78675948e-01 2.19836694e-01]
 [0.00000000e+00 0.00000000e+00 0.00000000e+00 0.00000000e+00
  0.00000000e+00 7.17795621e-02 0.00000000e+00 0.00000000e+00
  7.66349981e-02 0.00000000e+00 0.00000000e+00 5.40231927e-04
  0.00000000e+00 0.00000000e+00 0.00000000e+00]
 [0.00000000e+00 0.00000000e+00 0.00000000e+00 0.00000000e+00
  0.00000000e+00 7.15387205e-02 0.00000000e+00 0.00000000e+00
  2.05925246e-02 0.00000000e+00 0.00000000e+00 0.00000000e+00
  0.00000000e+00 0.00000000e+00 8.92687709e-03]
 [2.47364594e-01 3.61454243e-01 3.25006522e-01 2.28525275e-01
  4.38336959e-02 2.37076089e-01 2.51134815e-01 3.70797325e-01
  6.30641804e-01 2.62239537e-01 3.63246504e-01 1.58786020e-01
  1.12810229e-01 3.52464764e-01 2.13992092e-01]
 [8.39204662e-02 9.39447356e-03 0.00000000e+00 0.00000000e+00
  5.71069301e-02 5.14011432e-02 6.07205271e-02 7.51526802e-02
  9.20151902e-02 5.11309762e-02 0.00000000e+00 0.00000000e+00
  5.09863402e-02 1.81118619e-02 5.66034617e-02]
 [5.76790580e-02 0.00000000e+00 0.00000000e+00 0.00000000e+00
  7.52206064e-02 1.95891202e-02 8.71559781e-02 0.00000000e+00
  1.53675962e-01 9.86408446e-02 0.00000000e+00 0.00000000e+00
  6.20506602e-02 0.00000000e+00 0.00000000e+00]
 [0.00000000e+00 0.00000000e+00 0.00000000e+00 0.00000000e+00
  0.00000000e+00 1.13489723e-02 3.62257503e-02 0.00000000e+00
  9.41937132e-02 0.00000000e+00 0.00000000e+00 1.22670346e-02
  0.00000000e+00 0.00000000e+00 0.00000000e+00]
 [5.93590355e-01 1.06310163e+00 3.95752189e-01 9.80399071e-01
  4.68278776e-01 8.47014320e-01 1.01380723e+00 7.25680106e-01
  9.46656599e-01 1.34679145e+00 9.12913590e-01 7.41956944e-01
  7.58041621e-01 3.53330562e-01 5.76051732e-01]
 [2.13383374e-01 4.17728335e-02 0.00000000e+00 0.00000000e+00
  0.00000000e+00 0.00000000e+00 6.63268807e-02 0.00000000e+00
  1.13934971e-01 2.22210659e-02 0.00000000e+00 0.00000000e+00
  0.00000000e+00 1.59097921e-02 3.51656112e-02]
 [0.00000000e+00 0.00000000e+00 0.00000000e+00 0.00000000e+00
  0.00000000e+00 6.60251404e-02 1.16298824e-01 0.00000000e+00
  5.32904680e-02 1.71087412e-02 0.00000000e+00 0.00000000e+00
  4.21060223e-02 3.18540522e-02 0.00000000e+00]
 [3.62040308e-02 0.00000000e+00 0.00000000e+00 0.00000000e+00
  3.47536786e-03 3.25137340e-01 7.51675320e-03 6.94543351e-02
  1.70766202e-01 1.49833705e-01 5.63848574e-02 9.98757340e-02
  0.00000000e+00 3.20279595e-01 3.28381449e-01]
 [0.00000000e+00 6.63849901e-02 1.27555238e-01 7.79674249e-02
  0.00000000e+00 6.35282232e-02 5.95190563e-02 0.00000000e+00
  2.32680527e-01 8.92110299e-02 1.20106032e-01 1.12182168e-01
  0.00000000e+00 1.73157866e-01 1.21910601e-01]
 [0.00000000e+00 7.43988003e-02 4.16203541e-03 1.41070349e-01
  0.00000000e+00 5.14160375e-02 1.16532343e-01 0.00000000e+00
  0.00000000e+00 8.67017480e-02 0.00000000e+00 1.83573483e-01
  0.00000000e+00 0.00000000e+00 4.02739622e-02]
 [1.59206533e-01 2.24886071e-02 4.99428355e-01 5.00274384e-01
  3.44635394e-02 2.55765087e-01 1.34105170e-01 1.78710200e-01
  2.27134650e-01 3.41747997e-01 4.63639007e-01 1.29111484e-01
  2.52200595e-01 1.93275204e-01 2.30435750e-01]
 [0.00000000e+00 0.00000000e+00 2.63708173e-02 5.81019418e-02
  0.00000000e+00 6.00058256e-02 9.08828707e-02 0.00000000e+00
  3.58060078e-02 2.04899007e-02 0.00000000e+00 1.20853927e-01
  0.00000000e+00 0.00000000e+00 0.00000000e+00]
 [5.17525974e-01 1.07146373e+00 3.45711829e-01 3.79318221e-01
  4.67433290e-01 2.00878019e-01 2.48628770e-01 3.94307991e-01
  1.17807841e-01 2.43941610e-01 2.27599149e-01 3.32465838e-01
  2.09858856e-01 2.45174827e-01 1.33172109e-01]]

7
----------------------------------------------------------------------------------
[[1.24595751e-02 0.00000000e+00 4.19044779e-03 6.42504094e-02
  1.15280530e-02 3.05155882e-02 5.66330836e-02 0.00000000e+00
  3.82351009e-02 0.00000000e+00 0.00000000e+00 0.00000000e+00
  1.56005922e-01 0.00000000e+00 9.76327188e-02]
 [7.04877276e-02 7.62039721e-03 1.81976941e-01 2.06109071e-01
  2.33402785e-01 9.12704688e-02 1.70244209e-01 1.82509966e-01
  2.48708537e-02 0.00000000e+00 0.00000000e+00 2.15355421e-01
  2.52132603e-01 2.59344468e-01 2.19380173e-01]
 [2.89989989e-01 0.00000000e+00 1.01894226e+00 3.87053076e-01
  1.88513066e-01 2.23838336e-01 6.82598457e-01 8.71412340e-01
  3.96730249e-01 0.00000000e+00 4.32675815e-01 4.38315147e-01
  5.26280291e-01 1.28177153e+00 2.95481489e-01]
 [3.54249645e-02 1.49491047e-02 0.00000000e+00 0.00000000e+00
  7.66068462e-02 0.00000000e+00 0.00000000e+00 0.00000000e+00
  0.00000000e+00 0.00000000e+00 0.00000000e+00 0.00000000e+00
  2.20819824e-02 1.07442198e-02 1.34111569e-01]
 [8.27579206e-02 0.00000000e+00 0.00000000e+00 0.00000000e+00
  3.29283130e-02 0.00000000e+00 0.00000000e+00 0.00000000e+00
  0.00000000e+00 2.79124057e-02 0.00000000e+00 0.00000000e+00
  0.00000000e+00 0.00000000e+00 5.68810442e-02]
 [1.59121142e-01 7.18754044e-01 4.18189807e-04 1.80491174e-01
  3.00186481e-01 1.62321293e-01 4.86375569e-01 6.13624114e-01
  5.52744604e-01 2.73943433e-01 0.00000000e+00 3.46147332e-01
  3.02657291e-01 3.74213553e-01 3.22017066e-01]
 [0.00000000e+00 3.06168742e-02 0.00000000e+00 9.91507142e-02
  0.00000000e+00 0.00000000e+00 5.15000632e-02 1.37177590e-01
  3.09516608e-01 2.70073468e-01 0.00000000e+00 0.00000000e+00
  1.21633322e-02 6.96927182e-02 9.77084277e-02]
 [3.59235610e-02 0.00000000e+00 0.00000000e+00 0.00000000e+00
  1.70473834e-02 0.00000000e+00 0.00000000e+00 0.00000000e+00
  1.07249233e+00 1.32822973e+00 5.56326403e-02 1.64847883e-01
  8.77980315e-01 5.81190822e-01 6.78738368e-01]
 [2.45630937e-02 0.00000000e+00 0.00000000e+00 0.00000000e+00
  8.51811877e-03 0.00000000e+00 0.00000000e+00 1.27093147e-01
  1.10348490e+00 1.23688201e+00 4.57536580e-01 1.60296975e-01
  1.29679558e+00 1.42617850e+00 1.26255203e+00]
 [7.01837653e-01 5.93417767e-01 3.50788379e-01 8.23061642e-01
  1.24012568e+00 5.42071021e-02 2.29791602e-01 1.04006980e+00
  1.74365487e+00 2.86351504e-01 6.55561287e-01 8.51722190e-01
  3.14235006e-01 7.03216912e-01 1.01345438e+00]
 [1.38781244e-02 0.00000000e+00 0.00000000e+00 6.77779176e-03
  6.43412929e-03 0.00000000e+00 5.43500719e-03 2.55922743e-01
  1.57359022e+00 3.54946620e+00 9.90029436e-01 3.64153897e-02
  1.20250496e+00 1.52552775e+00 1.53156912e+00]
 [1.13559184e-03 0.00000000e+00 0.00000000e+00 0.00000000e+00
  4.30397920e-02 0.00000000e+00 0.00000000e+00 0.00000000e+00
  0.00000000e+00 8.00877644e-02 6.30919940e-02 1.19900692e-01
  6.01332824e-01 3.46933513e-01 3.04295629e-01]
 [1.57139873e-02 0.00000000e+00 2.75679700e-03 2.23631615e-02
  8.56952144e-02 0.00000000e+00 9.57571198e-02 2.47153470e-02
  5.68034930e-01 1.26700522e+00 2.32369433e-01 0.00000000e+00
  6.40518329e-01 8.02130960e-01 5.60818632e-01]
 [1.52348409e-02 0.00000000e+00 0.00000000e+00 0.00000000e+00
  4.95611644e-02 1.04359155e-02 1.58565709e-01 3.08322118e-01
  0.00000000e+00 4.11258367e-02 0.00000000e+00 1.36281373e-01
  0.00000000e+00 1.15888217e-01 1.47448907e-01]
 [5.19049525e-02 3.20972670e-02 0.00000000e+00 4.83465763e-02
  1.29415079e-01 1.57963482e-01 5.27197971e-01 2.22041046e-01
  0.00000000e+00 0.00000000e+00 0.00000000e+00 0.00000000e+00
  0.00000000e+00 0.00000000e+00 7.54906590e-02]
 [4.33982981e-02 1.22732219e-01 9.49936477e-03 2.48171354e-01
  1.26380011e-01 0.00000000e+00 4.68622126e-01 6.91346018e-01
  5.14038027e-02 0.00000000e+00 0.00000000e+00 3.03898383e-01
  1.39323837e-01 2.09463480e-03 7.00588446e-02]
 [8.56880335e-02 0.00000000e+00 0.00000000e+00 0.00000000e+00
  0.00000000e+00 1.16634050e-01 1.52449708e-01 4.99818616e-02
  0.00000000e+00 0.00000000e+00 0.00000000e+00 3.50754015e-02
  3.28990590e-02 0.00000000e+00 1.23623290e-01]
 [3.40138847e-01 5.04167758e-01 7.23862967e-01 4.12153175e-01
  3.21778836e-01 6.18691897e-01 2.53362384e-01 3.91123689e-01
  5.27470070e-01 8.25099602e-01 5.10652158e-01 4.91342597e-01
  3.79800726e-01 5.40654211e-01 1.36548288e-01]]

8
----------------------------------------------------------------------------------
[[1.75174183e-01 9.19227407e-02 4.27572202e-02 1.23850488e-01
  0.00000000e+00 1.07877018e-01 0.00000000e+00 0.00000000e+00
  2.33376469e-01 0.00000000e+00 0.00000000e+00 0.00000000e+00
  3.49437120e-02 0.00000000e+00 0.00000000e+00]
 [3.20584693e-01 2.35851874e-01 1.46640150e-01 4.25204324e-01
  1.05000202e-01 3.14151909e-01 0.00000000e+00 8.71896810e-02
  2.21170886e-01 2.97991841e-01 0.00000000e+00 0.00000000e+00
  2.70668111e-03 0.00000000e+00 0.00000000e+00]
 [6.75150720e-02 4.26567677e-02 4.57869048e-01 6.43510364e-01
  1.77430816e-01 8.72896408e-02 2.25902013e-01 2.52718476e-01
  5.07792006e-01 3.12286214e-01 0.00000000e+00 1.52855980e-01
  1.69143883e+00 2.28201309e-01 0.00000000e+00]
 [9.44982618e-02 0.00000000e+00 1.16637885e-01 9.07767195e-02
  0.00000000e+00 9.17722571e-02 0.00000000e+00 0.00000000e+00
  6.41324037e-02 6.40686220e-02 0.00000000e+00 0.00000000e+00
  0.00000000e+00 0.00000000e+00 0.00000000e+00]
 [1.13285083e-01 0.00000000e+00 4.75142920e-02 7.51212637e-02
  0.00000000e+00 3.71120980e-02 0.00000000e+00 0.00000000e+00
  6.02762865e-02 6.51871926e-02 0.00000000e+00 0.00000000e+00
  0.00000000e+00 0.00000000e+00 0.00000000e+00]
 [1.66427818e-01 1.65175821e-01 0.00000000e+00 1.74160218e-01
  3.03645903e-01 1.88738596e-01 1.56456296e-01 0.00000000e+00
  1.18473826e-01 2.15181541e-01 5.13184778e-02 2.65165207e-01
  5.67541179e-02 0.00000000e+00 2.50524141e-01]
 [2.96739956e-01 0.00000000e+00 2.47411290e-02 1.63917746e-01
  0.00000000e+00 1.62456325e-03 0.00000000e+00 0.00000000e+00
  3.06333393e-02 6.54985869e-02 0.00000000e+00 0.00000000e+00
  0.00000000e+00 0.00000000e+00 0.00000000e+00]
 [3.51467928e-02 0.00000000e+00 2.48809766e-02 1.58583749e-01
  0.00000000e+00 1.45754401e-01 0.00000000e+00 0.00000000e+00
  9.80566548e-02 3.95276912e-02 0.00000000e+00 0.00000000e+00
  0.00000000e+00 0.00000000e+00 0.00000000e+00]
 [2.39232145e-02 0.00000000e+00 6.41991068e-03 1.34148580e-01
  0.00000000e+00 4.75498160e-02 0.00000000e+00 0.00000000e+00
  3.27805155e-02 0.00000000e+00 0.00000000e+00 0.00000000e+00
  0.00000000e+00 0.00000000e+00 0.00000000e+00]
 [5.68413037e-01 8.02735859e-01 9.12232031e-01 6.74309541e-01
  3.46787186e-01 4.34673166e-01 9.15765176e-01 5.33688674e-01
  1.48396761e+00 8.79626700e-01 4.43235942e-01 5.87962943e-01
  6.96258717e-01 9.09659066e-01 1.62852881e-01]
 [0.00000000e+00 0.00000000e+00 0.00000000e+00 2.92860691e-01
  0.00000000e+00 3.98533276e-02 0.00000000e+00 0.00000000e+00
  0.00000000e+00 1.08384719e-02 0.00000000e+00 0.00000000e+00
  0.00000000e+00 0.00000000e+00 0.00000000e+00]
 [0.00000000e+00 0.00000000e+00 0.00000000e+00 1.69649037e-01
  0.00000000e+00 5.09352395e-02 0.00000000e+00 0.00000000e+00
  9.26036361e-02 2.22633974e-02 0.00000000e+00 0.00000000e+00
  0.00000000e+00 0.00000000e+00 0.00000000e+00]
 [7.23469591e-02 0.00000000e+00 0.00000000e+00 2.11159311e-01
  0.00000000e+00 2.08092370e-01 0.00000000e+00 9.37986276e-02
  9.48759964e-02 5.00929297e-02 0.00000000e+00 0.00000000e+00
  2.28558521e-02 0.00000000e+00 0.00000000e+00]
 [6.55464419e-02 0.00000000e+00 9.03452350e-02 2.54864813e-01
  0.00000000e+00 1.16448435e-01 1.58781416e-02 0.00000000e+00
  2.17444499e-01 3.21438624e-01 0.00000000e+00 6.48378266e-02
  1.85471115e-01 0.00000000e+00 0.00000000e+00]
 [9.77595791e-02 0.00000000e+00 0.00000000e+00 1.82838269e-01
  0.00000000e+00 7.02748113e-02 0.00000000e+00 0.00000000e+00
  0.00000000e+00 1.71643159e-02 1.75584955e-02 1.17502202e-01
  1.69918843e-01 0.00000000e+00 0.00000000e+00]
 [0.00000000e+00 0.00000000e+00 0.00000000e+00 5.26073196e-01
  0.00000000e+00 2.00215529e-01 1.21753094e-01 1.25763030e-01
  4.94418615e-01 4.16339368e-01 0.00000000e+00 6.06653822e-01
  4.03246761e-01 0.00000000e+00 3.76300294e-01]
 [1.98423402e-01 0.00000000e+00 0.00000000e+00 2.01090579e-01
  0.00000000e+00 8.09552894e-02 0.00000000e+00 0.00000000e+00
  0.00000000e+00 4.74035026e-02 0.00000000e+00 0.00000000e+00
  1.44430475e-01 0.00000000e+00 0.00000000e+00]
 [6.19867308e-01 8.84258214e-01 8.32872522e-01 2.61670031e-01
  5.59890973e-01 3.79224342e-01 7.07527044e-01 6.34519694e-01
  4.95666937e-01 6.56498453e-01 5.93053878e-01 4.75210545e-01
  3.94603538e-01 6.46145515e-01 3.99571634e-01]]

9
----------------------------------------------------------------------------------
[[0.00000000e+00 5.19341407e-02 1.71602351e-02 0.00000000e+00
  0.00000000e+00 4.68298998e-02 0.00000000e+00 0.00000000e+00
  0.00000000e+00 0.00000000e+00 0.00000000e+00 3.93043407e-02
  0.00000000e+00 1.56422978e-02 3.20086856e-02]
 [0.00000000e+00 7.35062044e-02 4.73902390e-02 0.00000000e+00
  4.29399606e-02 0.00000000e+00 0.00000000e+00 0.00000000e+00
  0.00000000e+00 0.00000000e+00 0.00000000e+00 1.23151741e-01
  1.45158700e-01 2.53335222e-01 1.70183826e-01]
 [0.00000000e+00 5.92039406e-02 1.84090448e-01 0.00000000e+00
  1.99269412e-01 0.00000000e+00 0.00000000e+00 0.00000000e+00
  3.33528259e-01 0.00000000e+00 0.00000000e+00 3.64160712e-01
  2.27772117e-01 3.68339028e-01 1.55456171e-01]
 [0.00000000e+00 1.87519611e-01 5.36937465e-02 0.00000000e+00
  0.00000000e+00 0.00000000e+00 0.00000000e+00 0.00000000e+00
  0.00000000e+00 0.00000000e+00 0.00000000e+00 1.37350433e-01
  0.00000000e+00 0.00000000e+00 8.53070895e-02]
 [0.00000000e+00 1.70154548e-01 1.50267797e-01 1.53038015e-02
  3.35468006e-02 0.00000000e+00 0.00000000e+00 0.00000000e+00
  0.00000000e+00 0.00000000e+00 0.00000000e+00 1.71478494e-01
  0.00000000e+00 1.82298175e-02 9.72157846e-02]
 [0.00000000e+00 6.39877112e-01 1.56040375e-01 0.00000000e+00
  1.58863497e-01 0.00000000e+00 2.69113564e-02 0.00000000e+00
  3.46627580e-01 2.12365819e-01 0.00000000e+00 4.86953312e-02
  3.12778695e-01 4.69410401e-01 6.17463147e-01]
 [0.00000000e+00 4.77668353e-01 3.26139048e-01 0.00000000e+00
  0.00000000e+00 0.00000000e+00 0.00000000e+00 1.94311536e-01
  1.69837049e-01 0.00000000e+00 0.00000000e+00 1.02852741e-01
  0.00000000e+00 5.94421155e-02 0.00000000e+00]
 [0.00000000e+00 1.40033707e+00 2.30337355e+00 4.22612347e-01
  6.94407735e-01 7.23993275e-01 4.97785589e-01 2.43389079e-01
  2.22078401e-01 0.00000000e+00 7.99403997e-02 1.25295507e-01
  0.00000000e+00 0.00000000e+00 6.05490132e-02]
 [0.00000000e+00 1.68483100e+00 2.34348818e+00 7.39855718e-01
  9.02362499e-01 1.40077115e+00 7.35675714e-01 5.07337144e-01
  3.07034511e-01 9.23729362e-02 8.56084730e-02 1.13585991e-01
  0.00000000e+00 0.00000000e+00 4.83670257e-02]
 [1.03833132e+00 4.60204688e-03 8.55548238e-01 7.18053334e-01
  4.45295181e-01 6.09046097e-02 2.52373287e-01 0.00000000e+00
  6.90778455e-01 6.35977346e-01 7.02049709e-01 8.28477790e-01
  4.38659578e-01 2.65053569e-01 7.13914838e-01]
 [0.00000000e+00 2.10351661e+00 4.80170945e+00 7.00797878e-01
  0.00000000e+00 1.35550442e+00 1.45953228e+00 1.09729282e+00
  7.89646999e-01 6.23215348e-01 1.61401319e-01 7.55756568e-02
  1.43346208e-02 1.90411688e-01 2.12415907e-02]
 [0.00000000e+00 5.01453759e-01 7.81835697e-01 2.10666906e-01
  3.30375152e-01 6.05377535e-01 7.48428687e-02 0.00000000e+00
  0.00000000e+00 0.00000000e+00 0.00000000e+00 1.72028644e-01
  0.00000000e+00 3.82807180e-02 1.92873285e-01]
 [0.00000000e+00 4.36939160e-01 3.86610389e+00 3.48361097e-01
  9.38504839e-02 1.36189387e+00 7.01986695e-01 4.68988463e-01
  1.40411407e-01 0.00000000e+00 8.90085712e-02 4.84472386e-02
  9.73992954e-02 1.48606899e-01 1.29316130e-01]
 [0.00000000e+00 0.00000000e+00 0.00000000e+00 0.00000000e+00
  0.00000000e+00 0.00000000e+00 1.23065697e-01 0.00000000e+00
  1.70293721e-01 2.85305876e-02 3.79502569e-01 1.86459886e-01
  1.65393671e-01 4.59950567e-01 2.60926247e-01]
 [0.00000000e+00 0.00000000e+00 0.00000000e+00 0.00000000e+00
  0.00000000e+00 0.00000000e+00 0.00000000e+00 0.00000000e+00
  2.19431523e-01 2.40811058e-01 6.23670736e-01 4.58185585e-01
  3.14154413e-01 4.14858420e-01 2.06470436e-02]
 [1.54668315e-01 1.20683754e+00 1.23594416e+00 5.65407507e-02
  0.00000000e+00 4.03209174e-02 0.00000000e+00 1.61786351e-01
  1.36703553e-01 0.00000000e+00 0.00000000e+00 3.30745889e-01
  3.47362744e-01 6.15558091e-01 1.19390776e-01]
 [0.00000000e+00 0.00000000e+00 1.54330370e-01 2.00602830e-01
  0.00000000e+00 0.00000000e+00 0.00000000e+00 0.00000000e+00
  1.79595741e-01 1.80875502e-01 5.26913669e-01 4.48621801e-01
  1.83067881e-01 3.38599269e-01 0.00000000e+00]
 [9.22278671e-01 7.18354697e-01 7.48382096e-01 9.83354291e-01
  9.05135836e-01 7.52533025e-01 8.78968917e-01 9.96935951e-01
  5.32435184e-01 5.33936114e-01 6.59512060e-01 6.94525231e-01
  2.20522731e-01 2.94332156e-01 4.81361331e-01]]

10
----------------------------------------------------------------------------------
[[0.06946949 0.         0.         0.15519837 0.14801388 0.
  0.         0.         0.         0.08157664 0.03140484 0.01050985
  0.         0.1011166  0.04645472]
 [0.         0.         0.10849011 0.19142661 0.15849535 0.17372255
  0.         0.25282515 0.         0.23319266 0.         0.11414879
  0.         0.16602227 0.19619002]
 [0.12570752 0.         0.35206897 0.72021405 0.16808314 0.06209364
  0.36870121 0.21781256 0.13116669 0.30552019 0.49439797 0.46158925
  0.33205371 0.3456529  0.33730318]
 [0.         0.         0.         0.02695394 0.12369091 0.
  0.         0.04985914 0.         0.         0.07225025 0.
  0.         0.07188185 0.        ]
 [0.03190807 0.         0.         0.         0.14754074 0.
  0.         0.0101285  0.         0.         0.00204278 0.
  0.         0.08367166 0.        ]
 [0.18187237 0.14995228 0.72461127 0.29695981 0.03567456 0.1769961
  0.42329083 0.52198761 0.26408826 0.5868966  0.31888109 0.11874219
  0.38632618 0.63912532 0.        ]
 [0.         0.         0.         0.01657532 0.         0.01137038
  0.         0.04772524 0.         0.0419755  0.134055   0.
  0.         0.04442542 0.        ]
 [0.         0.         0.         0.06175978 0.03876809 0.
  0.         0.00676651 0.         0.         0.         0.
  0.         0.07460447 0.        ]
 [0.         0.         0.         0.00297203 0.0148014  0.
  0.         0.         0.         0.         0.         0.
  0.         0.05332421 0.        ]
 [1.3316252  0.393341   0.28685257 0.55219962 0.49610567 1.07471738
  1.28254095 1.56526481 0.4465756  0.82940054 0.76967916 0.92783814
  0.41991589 0.86483462 0.80157123]
 [0.         0.09178703 0.         0.08419979 0.         0.0884355
  0.         0.         0.         0.07220383 0.08349762 0.
  0.         0.09183719 0.        ]
 [0.         0.         0.00308555 0.08535878 0.         0.
  0.         0.         0.         0.00702815 0.         0.
  0.         0.05748703 0.        ]
 [0.03018773 0.19886916 0.09163288 0.03485554 0.07302558 0.19590525
  0.         0.04724812 0.         0.09578005 0.37181161 0.04601747
  0.         0.13674336 0.04911078]
 [0.         0.         0.         0.06707796 0.03613941 0.
  0.38428333 0.         0.07924455 0.02411864 0.14908275 0.03823702
  0.26793686 0.12316518 0.07273257]
 [0.         0.13229082 0.         0.01213946 0.08645274 0.
  0.03986269 0.         0.18341826 0.02208246 0.10237843 0.
  0.04157484 0.10527593 0.09424075]
 [0.         0.0478853  0.         0.03491168 0.30949348 0.17800866
  0.200152   0.03950512 0.18238399 0.02229927 0.2317678  0.24642474
  0.00407648 0.20727605 0.08145152]
 [0.         0.0406586  0.         0.08746826 0.         0.
  0.         0.         0.04364825 0.         0.17838351 0.
  0.         0.07825008 0.        ]
 [0.80641734 1.14038076 0.29120239 0.17609916 0.39607031 0.52660346
  0.56093438 0.43036993 0.72010127 0.20701646 0.25041415 0.2561661
  0.56658267 0.13807726 0.39090128]]

11
----------------------------------------------------------------------------------
[[0.00000000e+00 1.07291206e-02 1.27057795e-01 0.00000000e+00
  0.00000000e+00 0.00000000e+00 0.00000000e+00 0.00000000e+00
  9.06416733e-02 0.00000000e+00 0.00000000e+00 0.00000000e+00
  3.55567607e-02 0.00000000e+00 4.31607640e-02]
 [3.81583486e-02 1.87014886e-01 1.93817682e-01 1.39660482e-01
  0.00000000e+00 0.00000000e+00 0.00000000e+00 0.00000000e+00
  5.97075214e-02 0.00000000e+00 5.56485526e-02 3.10431354e-01
  1.26147719e-01 0.00000000e+00 2.08837351e-01]
 [7.46782658e-01 0.00000000e+00 3.64999185e-01 2.86491795e-01
  0.00000000e+00 0.00000000e+00 0.00000000e+00 0.00000000e+00
  2.91820221e-02 1.68718371e-01 2.27323810e-03 4.42004119e-01
  5.99030803e-02 4.99402306e-02 1.34244011e-01]
 [0.00000000e+00 9.23105026e-02 5.93558383e-02 0.00000000e+00
  0.00000000e+00 0.00000000e+00 0.00000000e+00 0.00000000e+00
  0.00000000e+00 1.13740118e-01 0.00000000e+00 5.58686933e-02
  0.00000000e+00 0.00000000e+00 3.12981523e-02]
 [0.00000000e+00 0.00000000e+00 1.89315773e-01 0.00000000e+00
  0.00000000e+00 0.00000000e+00 0.00000000e+00 2.53149704e-02
  0.00000000e+00 0.00000000e+00 0.00000000e+00 7.87029918e-03
  7.06774169e-02 0.00000000e+00 1.25050863e-01]
 [2.11825666e-01 0.00000000e+00 5.64893541e-01 0.00000000e+00
  0.00000000e+00 8.42122377e-02 0.00000000e+00 3.48756482e-01
  4.95614275e-01 5.25923260e-01 5.31378266e-02 4.59271766e-01
  5.06356428e-02 0.00000000e+00 7.12677033e-01]
 [4.67859334e-02 0.00000000e+00 2.21973885e-01 0.00000000e+00
  0.00000000e+00 0.00000000e+00 0.00000000e+00 0.00000000e+00
  2.04183493e-01 4.65810431e-02 0.00000000e+00 1.36721639e-02
  0.00000000e+00 0.00000000e+00 1.37982733e-01]
 [0.00000000e+00 1.21587832e-01 5.98727191e-02 0.00000000e+00
  0.00000000e+00 0.00000000e+00 0.00000000e+00 0.00000000e+00
  5.69196247e-01 2.06733331e+00 8.71746342e-01 2.76708159e-01
  7.44050926e-01 6.19406435e-01 4.96476328e-01]
 [0.00000000e+00 1.20865889e-02 7.66515927e-02 0.00000000e+00
  0.00000000e+00 0.00000000e+00 0.00000000e+00 0.00000000e+00
  6.11341900e-01 2.44982538e+00 1.61252936e+00 4.09540956e-01
  9.52565797e-01 1.46400092e+00 8.47476314e-01]
 [1.14334795e+00 1.27435416e+00 2.37024820e-01 1.44124373e-01
  0.00000000e+00 0.00000000e+00 0.00000000e+00 2.84005493e-01
  3.81319248e-01 5.49715497e-01 1.11188600e+00 1.06445699e+00
  4.14222083e-01 1.58697216e+00 4.78210993e-01]
 [5.29260359e-02 0.00000000e+00 2.24785644e-02 0.00000000e+00
  0.00000000e+00 0.00000000e+00 0.00000000e+00 0.00000000e+00
  7.29587924e-01 3.59660234e+00 2.63100658e+00 5.75119669e-01
  3.34564393e-01 1.90563011e+00 1.39436850e+00]
 [0.00000000e+00 3.21363767e-03 1.49148296e-01 0.00000000e+00
  0.00000000e+00 0.00000000e+00 0.00000000e+00 0.00000000e+00
  3.24436024e-01 4.30613467e-01 3.86604384e-01 7.48000656e-02
  0.00000000e+00 1.40484266e-01 1.99641915e-01]
 [1.02735091e-01 0.00000000e+00 1.91232781e-01 0.00000000e+00
  0.00000000e+00 0.00000000e+00 0.00000000e+00 0.00000000e+00
  1.77899413e-02 1.01220718e+00 9.86614010e-01 5.92207107e-01
  2.41930771e-01 9.36291279e-01 6.92989596e-01]
 [7.22767477e-02 0.00000000e+00 0.00000000e+00 0.00000000e+00
  0.00000000e+00 6.74821066e-02 6.73480651e-01 0.00000000e+00
  7.29844942e-01 2.03924337e+00 6.44561136e-01 4.74939058e-01
  3.62656925e-02 3.83505077e-02 3.31985240e-01]
 [0.00000000e+00 0.00000000e+00 0.00000000e+00 0.00000000e+00
  0.00000000e+00 7.16066579e-01 2.12511440e+00 1.83545986e-01
  2.06337646e+00 5.79618008e+00 1.05191960e+00 6.93555931e-01
  1.61873135e-01 2.33687619e-02 4.68810625e-01]
 [1.03807774e-01 3.86490401e-02 1.33928244e-01 1.68464983e-02
  0.00000000e+00 0.00000000e+00 0.00000000e+00 1.54899088e-02
  6.42097012e-01 2.41727226e+00 1.19119244e+00 8.54982828e-01
  0.00000000e+00 0.00000000e+00 7.70689809e-01]
 [0.00000000e+00 0.00000000e+00 0.00000000e+00 0.00000000e+00
  0.00000000e+00 6.57089054e-02 1.52199729e-01 0.00000000e+00
  1.04870217e+00 1.53070865e+00 3.56261090e-01 3.97600826e-02
  0.00000000e+00 1.02275238e-02 3.05244672e-01]
 [3.16826975e-01 4.56051355e-01 3.84106850e-01 5.15453453e-01
  1.15122730e+00 1.14593286e+00 1.18416475e+00 8.81036912e-01
  6.52104283e-01 3.95627107e-01 4.89054719e-01 2.56597762e-01
  5.84250526e-01 5.94735562e-01 3.26819078e-01]]

12
----------------------------------------------------------------------------------
[[0.00000000e+00 0.00000000e+00 0.00000000e+00 2.40057158e-01
  0.00000000e+00 0.00000000e+00 0.00000000e+00 2.04840765e-03
  6.00162627e-02 0.00000000e+00 0.00000000e+00 1.31710934e-02
  2.28658875e-01 0.00000000e+00 0.00000000e+00]
 [0.00000000e+00 0.00000000e+00 1.87351859e-02 4.01011598e-01
  8.87954339e-02 0.00000000e+00 0.00000000e+00 6.83930629e-02
  0.00000000e+00 1.19646412e-01 1.17194041e-01 7.63738604e-02
  5.12341956e-01 1.72688195e-01 0.00000000e+00]
 [1.15833790e-01 0.00000000e+00 3.72806388e-01 6.44699634e-01
  3.44972601e-01 0.00000000e+00 1.58273386e-01 3.38476048e-01
  1.57099485e-02 1.14197047e-01 1.32090993e-01 2.93925330e-01
  4.14076293e-01 2.16264608e-01 1.02907609e-01]
 [2.68797577e-02 0.00000000e+00 0.00000000e+00 1.03297611e-02
  0.00000000e+00 0.00000000e+00 0.00000000e+00 0.00000000e+00
  0.00000000e+00 0.00000000e+00 0.00000000e+00 0.00000000e+00
  7.30628027e-02 0.00000000e+00 0.00000000e+00]
 [0.00000000e+00 0.00000000e+00 8.45701195e-02 0.00000000e+00
  0.00000000e+00 0.00000000e+00 0.00000000e+00 1.25137183e-02
  0.00000000e+00 0.00000000e+00 0.00000000e+00 0.00000000e+00
  2.36259061e-01 0.00000000e+00 0.00000000e+00]
 [7.02405794e-02 0.00000000e+00 8.71157651e-01 6.68373110e-01
  4.15941487e-01 0.00000000e+00 1.01715227e-01 1.45458148e-01
  4.25510467e-02 2.51196195e-01 2.47515240e-01 5.16418800e-02
  2.66678097e-01 3.48945047e-01 1.38244602e-02]
 [2.65913031e-03 0.00000000e+00 2.34158019e-01 0.00000000e+00
  0.00000000e+00 0.00000000e+00 0.00000000e+00 7.44591113e-02
  0.00000000e+00 0.00000000e+00 4.82342600e-02 0.00000000e+00
  1.68827594e-01 0.00000000e+00 0.00000000e+00]
 [0.00000000e+00 0.00000000e+00 0.00000000e+00 6.14189912e-02
  6.69431734e-03 0.00000000e+00 0.00000000e+00 0.00000000e+00
  0.00000000e+00 0.00000000e+00 0.00000000e+00 0.00000000e+00
  0.00000000e+00 0.00000000e+00 0.00000000e+00]
 [0.00000000e+00 0.00000000e+00 8.34872553e-02 6.30324501e-03
  1.24687981e-02 0.00000000e+00 0.00000000e+00 2.17327437e-02
  0.00000000e+00 0.00000000e+00 0.00000000e+00 0.00000000e+00
  0.00000000e+00 0.00000000e+00 0.00000000e+00]
 [3.92959629e-01 4.61572166e-01 5.74024309e-01 5.48179681e-01
  1.03140243e+00 2.65785904e-01 3.85488444e-01 0.00000000e+00
  4.79012584e-01 2.67321217e-01 6.03705663e-01 1.24483549e-01
  5.87479680e-01 6.18875728e-01 0.00000000e+00]
 [3.31432367e-01 0.00000000e+00 4.78432470e-01 5.25858444e-02
  0.00000000e+00 0.00000000e+00 0.00000000e+00 3.65333620e-02
  0.00000000e+00 0.00000000e+00 0.00000000e+00 0.00000000e+00
  3.23416487e-02 0.00000000e+00 0.00000000e+00]
 [1.16498544e-01 0.00000000e+00 0.00000000e+00 9.15777944e-02
  0.00000000e+00 0.00000000e+00 1.25652302e-01 0.00000000e+00
  0.00000000e+00 0.00000000e+00 0.00000000e+00 0.00000000e+00
  0.00000000e+00 0.00000000e+00 0.00000000e+00]
 [4.05869085e-02 0.00000000e+00 2.81058901e-01 1.00037665e-02
  0.00000000e+00 0.00000000e+00 1.18342155e-02 0.00000000e+00
  0.00000000e+00 0.00000000e+00 3.03469154e-02 0.00000000e+00
  2.33019535e-01 0.00000000e+00 0.00000000e+00]
 [4.86961098e-01 3.47513366e-01 7.13652647e-01 2.44274149e+00
  6.96659088e+00 5.84974167e-01 8.85786433e-01 2.22313063e+00
  3.21045393e-01 0.00000000e+00 1.37632545e-01 0.00000000e+00
  9.12282661e-03 2.83045730e-01 2.68560071e-01]
 [8.96873129e-01 5.67303921e-01 2.22038566e+00 1.14338304e+00
  5.77406906e+00 4.17454372e-01 1.04198346e+00 2.43460106e+00
  4.06738678e-01 0.00000000e+00 7.17220624e-01 0.00000000e+00
  1.77854151e-01 7.97285244e-01 9.42475693e-01]
 [2.09999270e+00 3.82717514e-01 5.25763430e-01 7.39662647e-01
  1.14784187e+00 4.21658363e-01 3.82313997e-01 1.17811243e-01
  9.80457961e-02 0.00000000e+00 0.00000000e+00 0.00000000e+00
  2.97329241e-01 1.63571366e-01 0.00000000e+00]
 [5.44524111e-01 5.59546443e-01 1.06448968e+00 6.96102799e-01
  1.70762784e+00 8.36863955e-01 4.43478551e-01 2.77325691e-01
  2.16812278e-01 0.00000000e+00 0.00000000e+00 0.00000000e+00
  0.00000000e+00 4.25204521e-01 2.66384458e-01]
 [5.62092037e-01 8.61199515e-01 5.22807447e-01 2.61091049e-01
  3.62879595e-01 8.25977552e-01 8.43916978e-01 7.27700667e-01
  7.96200851e-01 8.20145833e-01 8.31916035e-01 9.43000020e-01
  7.33131234e-01 3.96416148e-01 6.39014782e-01]]

13
----------------------------------------------------------------------------------
[[1.21248019e-01 0.00000000e+00 0.00000000e+00 0.00000000e+00
  0.00000000e+00 3.98350170e-02 0.00000000e+00 8.66669329e-02
  0.00000000e+00 0.00000000e+00 0.00000000e+00 0.00000000e+00
  0.00000000e+00 0.00000000e+00 0.00000000e+00]
 [3.82818180e-01 1.58931024e-01 0.00000000e+00 0.00000000e+00
  4.22773616e-01 4.18760149e-02 0.00000000e+00 4.33739486e-02
  0.00000000e+00 4.64931168e-02 0.00000000e+00 5.75817347e-02
  0.00000000e+00 2.22007711e-01 0.00000000e+00]
 [2.70839329e-01 3.10851742e-01 7.37854838e-02 0.00000000e+00
  2.08896760e-02 1.99531882e-01 3.70043042e-02 2.08146177e-01
  0.00000000e+00 0.00000000e+00 4.11031697e-02 0.00000000e+00
  2.86202537e-02 4.82848710e-01 0.00000000e+00]
 [2.06848014e-01 0.00000000e+00 0.00000000e+00 0.00000000e+00
  0.00000000e+00 5.19203723e-02 0.00000000e+00 7.16106333e-02
  0.00000000e+00 0.00000000e+00 0.00000000e+00 0.00000000e+00
  0.00000000e+00 0.00000000e+00 0.00000000e+00]
 [2.19546939e-01 0.00000000e+00 0.00000000e+00 0.00000000e+00
  0.00000000e+00 5.16170559e-02 0.00000000e+00 0.00000000e+00
  0.00000000e+00 0.00000000e+00 0.00000000e+00 0.00000000e+00
  0.00000000e+00 2.36386118e-02 1.52109282e-02]
 [4.61351831e-01 5.25065744e-01 7.19514345e-02 1.10980065e-01
  2.24401648e-01 0.00000000e+00 5.04332748e-01 7.89191083e-02
  0.00000000e+00 2.36991023e-01 1.89287512e-03 0.00000000e+00
  3.88746574e-01 5.92510653e-01 5.02623100e-02]
 [2.59280399e-01 0.00000000e+00 8.18780996e-02 3.48814840e-01
  0.00000000e+00 1.42115622e-01 0.00000000e+00 0.00000000e+00
  0.00000000e+00 9.10205862e-02 0.00000000e+00 0.00000000e+00
  0.00000000e+00 1.12214049e-01 0.00000000e+00]
 [2.16187024e-01 0.00000000e+00 0.00000000e+00 9.40627400e-01
  1.03937314e+00 5.62131890e-01 6.96434485e-01 6.80956408e-01
  2.35335129e-01 1.80471616e-01 0.00000000e+00 0.00000000e+00
  0.00000000e+00 0.00000000e+00 0.00000000e+00]
 [1.94400798e-01 0.00000000e+00 0.00000000e+00 8.65407682e-01
  1.66916130e+00 3.72292705e-01 1.22593031e+00 1.32015504e+00
  6.81253243e-01 3.88556737e-01 8.79421746e-03 0.00000000e+00
  0.00000000e+00 0.00000000e+00 0.00000000e+00]
 [9.19156999e-01 1.16548888e+00 1.07963469e-01 2.38201252e+00
  0.00000000e+00 5.14807180e-01 6.33147795e-02 1.13933834e-01
  7.29523051e-01 3.89786660e-01 5.99830161e-01 1.65419810e-01
  1.62731613e-01 4.51460036e-01 0.00000000e+00]
 [5.69016190e-02 0.00000000e+00 0.00000000e+00 2.38900123e+00
  4.08282277e+00 0.00000000e+00 8.49080335e-01 1.97566984e+00
  1.20393189e+00 7.06674833e-01 3.70258165e-01 1.65558197e-01
  2.21183038e-01 0.00000000e+00 0.00000000e+00]
 [2.85637055e-01 0.00000000e+00 0.00000000e+00 0.00000000e+00
  1.84921647e-01 3.34944799e-01 4.98288505e-01 2.36078765e-01
  2.11024868e-02 0.00000000e+00 0.00000000e+00 1.06217659e-01
  0.00000000e+00 0.00000000e+00 0.00000000e+00]
 [1.69937056e-01 0.00000000e+00 0.00000000e+00 1.04834307e+00
  2.81725075e+00 0.00000000e+00 6.66130444e-01 1.52376674e+00
  6.11786435e-01 5.62273226e-02 0.00000000e+00 0.00000000e+00
  1.73512241e-01 0.00000000e+00 0.00000000e+00]
 [2.39543301e-01 3.67905283e-01 7.60344980e-02 0.00000000e+00
  6.05732420e-01 1.08276552e+00 0.00000000e+00 1.51044006e+00
  2.43049779e-01 0.00000000e+00 2.60339524e-01 3.30348692e+00
  4.30859616e+00 1.58231814e-04 0.00000000e+00]
 [1.75508674e-01 5.27543905e-01 3.14882219e-01 2.35851097e-01
  2.04107058e+00 2.53665976e+00 1.69532921e-01 1.83152282e+00
  1.87404706e-01 0.00000000e+00 2.39846661e-01 6.26292507e+00
  8.39038544e+00 0.00000000e+00 0.00000000e+00]
 [2.66497529e-01 1.62461107e-01 1.40846586e-01 0.00000000e+00
  0.00000000e+00 4.88702830e-01 0.00000000e+00 1.69501991e+00
  5.84301255e-01 2.44647398e-01 0.00000000e+00 2.62773476e-01
  0.00000000e+00 5.78453740e-01 0.00000000e+00]
 [9.31993148e-03 2.67221299e-01 1.67362870e-01 0.00000000e+00
  7.42727912e-01 7.85029854e-01 0.00000000e+00 4.16331990e-01
  0.00000000e+00 0.00000000e+00 0.00000000e+00 8.12457839e-01
  1.12213649e+00 0.00000000e+00 0.00000000e+00]
 [2.24435899e-01 3.14919213e-01 3.67248485e-01 1.06214420e+00
  1.03592397e+00 1.01883666e+00 1.21068207e+00 6.65672836e-01
  1.14636704e+00 1.05349744e+00 1.19537611e+00 1.58188694e+00
  1.25651781e+00 5.24359130e-01 9.55288588e-01]]

14
----------------------------------------------------------------------------------
[[0.13371572 0.18201443 0.18248703 0.21508171 0.14366576 0.
  0.01021812 0.41613802 0.14269055 0.1940263  0.         0.
  0.         0.         0.        ]
 [0.16620298 0.48773275 0.41101434 0.27088149 0.16541035 0.
  0.         0.14339408 0.38600431 0.40357842 0.         0.
  0.         0.48175678 0.        ]
 [0.31291924 1.13951902 0.68706489 0.22521364 0.13993826 0.
  0.0047373  0.23075189 0.4051071  0.23607039 0.15845656 0.
  0.         0.12203966 0.20816799]
 [0.03993836 0.         0.1354285  0.11845557 0.16062612 0.
  0.         0.16841546 0.08430179 0.17633341 0.         0.
  0.         0.         0.        ]
 [0.11635075 0.         0.09249959 0.06740002 0.18723715 0.
  0.         0.13994631 0.05941797 0.06788432 0.         0.
  0.         0.         0.        ]
 [0.15544748 0.36486195 0.44048816 0.06066675 0.09364741 0.
  0.         0.14853023 0.8155991  0.22099419 0.24625262 0.
  0.         0.31449464 0.        ]
 [0.09820757 0.0056827  0.27939505 0.00740261 0.06048955 0.
  0.         0.10747723 0.0517505  0.03330473 0.06329381 0.
  0.         0.         0.        ]
 [0.07501598 0.         0.14274415 0.29217837 0.02742066 0.
  0.         0.21292568 0.07559104 0.11803031 0.         0.
  0.         0.         0.        ]
 [0.01977808 0.         0.07955891 0.04302483 0.0596802  0.
  0.         0.21272848 0.         0.11655847 0.         0.
  0.         0.         0.        ]
 [1.26143047 0.57893093 1.48887189 0.47616262 0.         0.25608128
  1.43110742 0.63835892 1.27408296 0.88432986 0.         0.
  0.         0.         0.46883601]
 [0.02010088 0.         0.099993   0.         0.         0.
  0.         0.13778748 0.         0.08649827 0.         0.
  0.         0.         0.05314406]
 [0.02704618 0.         0.03028855 0.10284066 0.         0.
  0.         0.22234074 0.13689572 0.06225654 0.         0.
  0.         0.         0.        ]
 [0.00485823 0.         0.23015735 0.         0.         0.
  0.00368151 0.09167102 0.07336727 0.09127869 0.         0.
  0.         0.         0.        ]
 [0.02479317 0.05673232 0.13311277 0.2709466  0.20531207 0.
  0.1422775  0.19703269 0.22718129 0.         0.09392901 0.8701474
  0.06712932 0.19788124 2.06805616]
 [0.02592092 0.20557156 0.20117305 0.83808108 0.21588689 0.
  0.         0.17078355 0.50490795 0.1062225  0.12770787 0.49130863
  0.19399015 0.29870647 1.80755548]
 [0.         0.40254193 0.29566317 0.60977371 0.         0.1809954
  0.         0.06424121 0.33088303 0.20970794 0.         0.053742
  0.05191074 0.46905613 0.59843927]
 [0.         0.14708196 0.05026184 0.32735905 0.82164189 0.27407356
  0.16919215 0.29635883 0.30420836 0.         0.14415899 0.1092399
  0.         0.         0.25034941]
 [0.62938768 0.67617712 0.27523974 0.32801953 0.80749606 0.88554071
  0.55871789 0.49920552 0.24470109 0.54219587 0.6738585  0.9682909
  0.96260243 1.01394282 0.44274856]]

16
----------------------------------------------------------------------------------
[[0.00000000e+00 0.00000000e+00 7.03005816e-02 0.00000000e+00
  5.29814946e-02 0.00000000e+00 8.24163488e-02 1.12528531e-01
  6.65252803e-02 1.21848889e-01 1.71358194e-01 0.00000000e+00
  0.00000000e+00 0.00000000e+00 0.00000000e+00]
 [9.62943781e-02 0.00000000e+00 2.97356245e-01 5.69963001e-03
  2.13836808e-01 8.82567786e-02 8.76191243e-02 2.34082839e-02
  1.22556169e-01 2.51475027e-01 1.79942936e-01 0.00000000e+00
  0.00000000e+00 0.00000000e+00 0.00000000e+00]
 [0.00000000e+00 0.00000000e+00 4.00191129e-02 3.27678776e-01
  3.27635192e-01 2.46332578e-01 5.09098732e-01 3.44728818e-01
  2.66438268e-01 5.47152657e-01 6.22544848e-01 1.24374940e-01
  0.00000000e+00 0.00000000e+00 0.00000000e+00]
 [1.14042000e-02 0.00000000e+00 0.00000000e+00 0.00000000e+00
  0.00000000e+00 0.00000000e+00 2.65944192e-02 1.31539091e-02
  0.00000000e+00 0.00000000e+00 1.35678251e-01 1.18825381e-01
  0.00000000e+00 0.00000000e+00 2.68887124e-01]
 [6.23108092e-02 0.00000000e+00 0.00000000e+00 0.00000000e+00
  3.14799859e-02 0.00000000e+00 0.00000000e+00 0.00000000e+00
  0.00000000e+00 0.00000000e+00 4.00135756e-02 0.00000000e+00
  0.00000000e+00 0.00000000e+00 2.08629561e-01]
 [0.00000000e+00 3.60994773e-01 8.79255236e-02 1.18595358e-01
  5.80032012e-01 2.13720567e-02 4.38454380e-01 3.32200910e-01
  2.02862725e-01 4.69129089e-01 3.68110041e-01 5.82259024e-01
  0.00000000e+00 0.00000000e+00 0.00000000e+00]
 [0.00000000e+00 0.00000000e+00 0.00000000e+00 0.00000000e+00
  8.27736629e-02 0.00000000e+00 6.46261272e-02 1.02308898e-01
  5.47511316e-02 2.56159667e-01 2.25353347e-01 8.06755030e-02
  0.00000000e+00 0.00000000e+00 0.00000000e+00]
 [0.00000000e+00 0.00000000e+00 0.00000000e+00 0.00000000e+00
  0.00000000e+00 0.00000000e+00 0.00000000e+00 1.18013615e-03
  0.00000000e+00 4.66476239e-02 5.73303962e-01 2.46154868e+00
  4.19335913e-01 3.82400459e-02 7.40027686e-01]
 [4.00382266e-02 0.00000000e+00 0.00000000e+00 0.00000000e+00
  0.00000000e+00 0.00000000e+00 0.00000000e+00 0.00000000e+00
  0.00000000e+00 3.37698757e-02 7.25140564e-01 2.64849152e+00
  9.19009207e-01 2.30062469e-01 1.47877473e+00]
 [5.65516712e-01 3.22398121e-02 3.31035461e-01 1.12236758e+00
  8.75393531e-01 1.09061258e+00 5.84188756e-01 5.40782145e-01
  4.06687686e-01 4.45502507e-01 1.14005289e+00 1.52344282e+00
  2.52534606e-01 0.00000000e+00 6.15084198e-01]
 [0.00000000e+00 0.00000000e+00 0.00000000e+00 0.00000000e+00
  0.00000000e+00 0.00000000e+00 0.00000000e+00 1.31107332e-01
  0.00000000e+00 3.32133665e-02 5.32271416e-01 4.63451291e+00
  1.92877306e+00 0.00000000e+00 1.65836931e+00]
 [8.64945410e-02 0.00000000e+00 0.00000000e+00 1.03404739e-01
  4.75408455e-02 0.00000000e+00 2.43613126e-02 0.00000000e+00
  3.37886223e-02 2.64098651e-02 2.26917787e-01 3.86278291e-01
  0.00000000e+00 9.54556976e-02 5.25058397e-01]
 [2.42374582e-02 4.46423691e-02 0.00000000e+00 2.49791232e-02
  9.73691740e-02 0.00000000e+00 2.06189023e-01 1.29867423e-01
  1.04400693e-01 3.76929816e-02 4.33474007e-02 1.95547965e+00
  9.70315944e-01 0.00000000e+00 1.37566225e+00]
 [4.62419476e-01 1.37675705e+00 4.20465644e-01 3.74443239e-01
  5.03275854e-01 7.94636793e-01 4.04753293e-01 3.36143527e-02
  2.65905396e-01 2.48629262e-02 7.28735426e-02 8.00171742e-01
  1.36037131e+00 3.53109150e-01 3.24710209e-01]
 [4.88367494e-01 1.72769689e+00 1.04915770e+00 8.30991199e-01
  1.83550708e-01 7.27472559e-01 1.01172259e+00 2.33136639e-01
  2.67805613e-01 3.02774659e-01 1.93118840e-01 1.64207903e+00
  1.84067390e+00 4.01168200e-01 5.79461473e-01]
 [5.25601413e-01 7.38155686e-01 8.59070451e-01 7.08269979e-01
  3.67026479e-01 8.00554162e-01 6.72672142e-01 3.90529625e-01
  6.69773950e-01 3.72203418e-01 2.87564929e-01 5.21052685e-01
  1.07527804e+00 2.70134678e-01 2.20565117e-02]
 [6.25245557e-01 1.69220827e-01 7.31238898e-01 1.19025621e+00
  4.48615549e-01 3.71185419e-01 3.03176061e-01 2.10329852e-01
  1.24001991e-01 0.00000000e+00 5.81400998e-02 9.51656697e-01
  1.25031204e+00 6.36124951e-01 0.00000000e+00]
 [4.49290724e-01 8.28516831e-01 2.94422029e-01 2.38498864e-01
  1.74923606e-01 3.75341190e-01 2.86220353e-01 2.37214342e-01
  2.16542426e-01 4.59151514e-01 3.00488104e-01 5.19313821e-01
  8.87321892e-01 1.39431353e+00 9.18289578e-01]]

17
----------------------------------------------------------------------------------
[[0.00000000e+00 0.00000000e+00 0.00000000e+00 8.41719665e-03
  0.00000000e+00 0.00000000e+00 0.00000000e+00 3.27875874e-02
  1.18860225e-02 8.55112735e-02 0.00000000e+00 0.00000000e+00
  0.00000000e+00 0.00000000e+00 0.00000000e+00]
 [1.74447018e-01 3.22843301e-02 0.00000000e+00 3.37442428e-01
  3.58042007e-02 0.00000000e+00 9.83669269e-02 8.57585721e-02
  2.28430309e-01 2.23195860e-01 0.00000000e+00 0.00000000e+00
  0.00000000e+00 5.39505531e-02 1.57079913e-01]
 [2.03254113e-01 0.00000000e+00 0.00000000e+00 2.53133256e-01
  2.13760535e-01 3.38313904e-01 0.00000000e+00 1.39658761e-01
  5.08057018e-02 4.39687074e-01 2.36680412e-01 2.14797405e-03
  0.00000000e+00 0.00000000e+00 7.70389018e-01]
 [0.00000000e+00 0.00000000e+00 0.00000000e+00 6.21344085e-02
  0.00000000e+00 0.00000000e+00 0.00000000e+00 0.00000000e+00
  0.00000000e+00 1.10589311e-01 0.00000000e+00 0.00000000e+00
  0.00000000e+00 3.62746562e-02 2.21575825e-02]
 [0.00000000e+00 0.00000000e+00 0.00000000e+00 7.01450921e-02
  0.00000000e+00 0.00000000e+00 6.29680665e-03 0.00000000e+00
  0.00000000e+00 1.19856237e-01 0.00000000e+00 0.00000000e+00
  0.00000000e+00 6.26906936e-02 4.44822409e-03]
 [4.91741823e-01 3.15485492e-01 2.40903208e-01 2.46168359e-01
  1.48587686e-01 0.00000000e+00 9.91947893e-03 1.59902059e-01
  3.30481313e-01 3.65645170e-01 9.23390095e-02 2.94033194e-01
  1.97177102e-01 2.54299141e-01 4.26680239e-01]
 [2.64784282e-01 0.00000000e+00 3.28026845e-02 1.27153578e-01
  0.00000000e+00 0.00000000e+00 0.00000000e+00 6.25376886e-02
  7.79579453e-02 1.96503222e-03 0.00000000e+00 1.76624742e-01
  1.38734334e-01 6.01210719e-02 0.00000000e+00]
 [2.85484653e-01 0.00000000e+00 0.00000000e+00 7.15616804e-02
  0.00000000e+00 0.00000000e+00 0.00000000e+00 0.00000000e+00
  0.00000000e+00 1.07546307e-01 2.65621622e-02 1.06038862e+00
  2.84322595e+00 4.41691836e-01 8.34401206e-01]
 [4.65170259e-01 0.00000000e+00 0.00000000e+00 1.73782604e-01
  0.00000000e+00 0.00000000e+00 0.00000000e+00 0.00000000e+00
  0.00000000e+00 1.63756673e-02 5.26006291e-02 1.07071975e+00
  2.26387254e+00 6.47621881e-01 6.31375886e-01]
 [9.04482818e-01 0.00000000e+00 1.79330174e+00 9.23653886e-01
  1.80834515e-01 8.01741361e-01 6.03657429e-01 2.80765814e-01
  3.14438363e-01 6.66286437e-01 9.04207752e-01 5.88987092e-01
  5.75822455e-01 4.83400070e-01 8.24821807e-01]
 [1.15511496e+00 0.00000000e+00 2.40141949e-01 3.34257555e-01
  8.79538408e-02 0.00000000e+00 0.00000000e+00 9.10815414e-02
  7.86535629e-02 0.00000000e+00 1.56715929e-02 9.63512933e-01
  3.70459710e+00 9.36900169e-01 1.73992988e-01]
 [7.61354739e-02 0.00000000e+00 0.00000000e+00 2.98492668e-02
  0.00000000e+00 0.00000000e+00 0.00000000e+00 0.00000000e+00
  0.00000000e+00 4.17359643e-02 2.14778150e-01 6.08029212e-01
  5.64274150e-01 1.77299953e-01 4.34133002e-01]
 [5.02441270e-01 0.00000000e+00 0.00000000e+00 2.32823430e-01
  0.00000000e+00 0.00000000e+00 0.00000000e+00 4.51075411e-02
  0.00000000e+00 1.09836404e-02 2.23761702e-01 3.62554611e-01
  1.92883204e+00 6.80525627e-01 4.50650870e-01]
 [1.11858583e-01 0.00000000e+00 1.56504290e-01 4.27413377e-01
  0.00000000e+00 0.00000000e+00 0.00000000e+00 4.61997729e-01
  0.00000000e+00 5.24162767e-01 1.31574556e+00 1.87364849e+00
  1.01108270e-01 1.05940646e+00 8.52644882e-01]
 [2.97991551e-01 0.00000000e+00 8.54019408e-01 5.33952821e-01
  0.00000000e+00 0.00000000e+00 0.00000000e+00 5.17394743e-01
  1.19681314e+00 1.84257609e+00 1.05166629e+00 2.83470040e+00
  2.92892518e-01 6.18060980e-01 9.59044016e-01]
 [1.86364203e-01 0.00000000e+00 2.16259351e-01 4.59772094e-01
  2.92512343e-02 1.43750662e-01 1.83383945e-01 6.28778765e-01
  1.40061504e-01 7.18787257e-01 8.36804095e-01 5.28816577e-01
  3.49583977e-01 4.60828994e-01 5.03502959e-01]
 [1.71938336e-01 0.00000000e+00 5.17771408e-01 2.95289682e-01
  0.00000000e+00 0.00000000e+00 0.00000000e+00 1.56202500e-01
  1.97491207e-01 1.55401888e+00 7.98667076e-01 1.06514006e+00
  2.61726645e-01 2.58734981e-01 2.98652080e-01]
 [2.28460284e-01 5.85485461e-01 4.29668571e-01 1.43917672e-01
  3.50160942e-01 4.40965575e-01 5.90830905e-01 5.05674196e-01
  6.37613027e-01 3.09419053e-01 7.47319682e-01 7.47285022e-01
  6.19922203e-01 4.08420583e-01 1.88717914e-01]]

18
----------------------------------------------------------------------------------
[[0.00000000e+00 0.00000000e+00 0.00000000e+00 0.00000000e+00
  0.00000000e+00 0.00000000e+00 0.00000000e+00 0.00000000e+00
  4.59821108e-02 6.23009632e-02 1.83134012e-01 0.00000000e+00
  0.00000000e+00 0.00000000e+00 0.00000000e+00]
 [1.95649335e-01 0.00000000e+00 1.06251593e-01 9.51358796e-02
  2.94768092e-02 2.48444754e-01 1.41770587e-01 1.57368203e-01
  2.60166415e-01 2.39775247e-01 5.19801663e-02 0.00000000e+00
  5.05910472e-02 2.06788689e-01 0.00000000e+00]
 [4.81934493e-01 0.00000000e+00 3.48008221e-01 4.03087806e-01
  6.67409824e-02 9.69716708e-02 3.03845352e-01 1.09759385e-01
  5.75510637e-01 3.05126884e-01 2.59090920e-01 0.00000000e+00
  6.75276868e-01 4.86915174e-01 0.00000000e+00]
 [0.00000000e+00 0.00000000e+00 0.00000000e+00 0.00000000e+00
  0.00000000e+00 0.00000000e+00 0.00000000e+00 0.00000000e+00
  0.00000000e+00 0.00000000e+00 1.54122152e-01 0.00000000e+00
  0.00000000e+00 0.00000000e+00 0.00000000e+00]
 [6.45241145e-02 0.00000000e+00 0.00000000e+00 0.00000000e+00
  0.00000000e+00 0.00000000e+00 0.00000000e+00 0.00000000e+00
  0.00000000e+00 0.00000000e+00 8.31624574e-02 0.00000000e+00
  0.00000000e+00 0.00000000e+00 0.00000000e+00]
 [0.00000000e+00 2.73553550e-02 2.83562639e-01 8.75164023e-02
  2.36804451e-01 4.59487138e-01 0.00000000e+00 4.76205294e-02
  1.68886501e-01 2.53988774e-02 5.22055025e-01 0.00000000e+00
  1.07418676e-01 3.81827269e-01 1.99132727e-01]
 [0.00000000e+00 2.20674024e-02 0.00000000e+00 5.93118812e-02
  0.00000000e+00 1.48773444e-03 0.00000000e+00 0.00000000e+00
  5.29115442e-02 0.00000000e+00 1.06381230e-01 0.00000000e+00
  0.00000000e+00 0.00000000e+00 0.00000000e+00]
 [6.10966670e-01 1.78280440e-01 2.76078610e-01 8.52847791e-02
  0.00000000e+00 0.00000000e+00 0.00000000e+00 2.06764722e-02
  0.00000000e+00 1.50193515e-02 4.26114195e-02 0.00000000e+00
  0.00000000e+00 0.00000000e+00 0.00000000e+00]
 [1.13626284e+00 5.65150758e-01 4.46852117e-01 1.18925915e-01
  0.00000000e+00 0.00000000e+00 0.00000000e+00 0.00000000e+00
  0.00000000e+00 0.00000000e+00 1.19903744e-02 0.00000000e+00
  0.00000000e+00 0.00000000e+00 0.00000000e+00]
 [4.62991081e-01 7.59199530e-01 1.25895543e+00 1.22335126e+00
  2.31006442e-01 1.02854389e+00 4.04036964e-01 3.24530848e-01
  3.38475993e-01 6.67277216e-01 7.02692206e-01 7.57908124e-01
  6.94286063e-01 5.31043468e-01 6.96392870e-01]
 [1.25363048e+00 1.28835139e+00 1.01784370e+00 3.22548319e-01
  0.00000000e+00 0.00000000e+00 0.00000000e+00 2.15123550e-02
  1.45694977e-01 0.00000000e+00 6.18142316e-02 0.00000000e+00
  0.00000000e+00 0.00000000e+00 0.00000000e+00]
 [5.33226461e-01 0.00000000e+00 2.01012388e-02 2.69459008e-02
  0.00000000e+00 0.00000000e+00 0.00000000e+00 0.00000000e+00
  0.00000000e+00 0.00000000e+00 0.00000000e+00 0.00000000e+00
  0.00000000e+00 0.00000000e+00 0.00000000e+00]
 [1.17739535e+00 4.89671250e-01 4.91778797e-01 1.65102530e-01
  0.00000000e+00 0.00000000e+00 1.69551096e-02 0.00000000e+00
  7.75674351e-02 1.16752159e-01 0.00000000e+00 0.00000000e+00
  1.60441049e-01 0.00000000e+00 0.00000000e+00]
 [1.94634084e-01 2.61213784e-01 1.58077181e+00 2.54733272e-01
  6.39608565e-03 1.02892381e+00 5.42854653e-01 4.98573147e-01
  0.00000000e+00 0.00000000e+00 0.00000000e+00 3.50221253e+00
  7.88325221e-01 1.93273333e-01 0.00000000e+00]
 [2.34009914e-01 2.08760019e-01 1.91434915e+00 7.23542488e-01
  0.00000000e+00 1.75604150e+00 1.57668548e+00 1.10169431e+00
  8.00149149e-02 1.29591960e-01 3.04136386e-01 4.08729662e+00
  1.11533954e+00 1.18544959e-01 2.92382025e-01]
 [0.00000000e+00 2.23155615e-01 3.47463150e-01 3.61996949e-01
  8.27631481e-02 9.89513329e-01 1.30922684e+00 4.28589921e-01
  6.56012411e-02 0.00000000e+00 1.48023708e-01 0.00000000e+00
  1.05970312e+00 2.96898240e-01 9.28748276e-02]
 [2.06109995e-01 1.30150148e-02 4.72648501e-01 4.07214482e-01
  0.00000000e+00 4.84765779e-01 7.21214001e-01 5.29716841e-01
  0.00000000e+00 0.00000000e+00 0.00000000e+00 9.25238203e-01
  4.09184566e-01 1.23578898e-01 0.00000000e+00]
 [5.88937998e-01 6.30427520e-01 2.56586397e-01 3.89702732e-01
  5.29043727e-01 6.57830888e-01 4.53711314e-01 2.27140979e-01
  3.73753375e-01 3.91904661e-01 5.09639257e-01 6.97534790e-01
  3.53138854e-01 3.61736871e-01 6.04795085e-01]]

19
----------------------------------------------------------------------------------
[[0.00000000e+00 3.93251752e-03 4.45471075e-02 0.00000000e+00
  1.13459717e-01 2.60484722e-02 0.00000000e+00 0.00000000e+00
  0.00000000e+00 0.00000000e+00 7.54268389e-02 0.00000000e+00
  0.00000000e+00 1.68125681e-01 0.00000000e+00]
 [5.52883429e-02 4.45264286e-01 1.37735188e-01 0.00000000e+00
  2.08556241e-01 1.42736201e-01 4.65815596e-02 5.75514012e-02
  0.00000000e+00 2.43237335e-02 1.76162919e-01 1.95371659e-01
  0.00000000e+00 6.42993394e-01 0.00000000e+00]
 [1.28044040e-02 1.62324245e-01 1.65010552e-01 1.89477258e-01
  7.32722111e-01 5.69235140e-01 8.98640849e-02 1.36743514e-01
  2.10720482e-01 8.50264312e-02 5.38070911e-01 1.17563862e-01
  2.64543838e-02 5.39214017e-01 3.24353621e-01]
 [0.00000000e+00 0.00000000e+00 0.00000000e+00 0.00000000e+00
  0.00000000e+00 0.00000000e+00 0.00000000e+00 0.00000000e+00
  0.00000000e+00 0.00000000e+00 0.00000000e+00 0.00000000e+00
  0.00000000e+00 1.45193984e-01 0.00000000e+00]
 [0.00000000e+00 0.00000000e+00 0.00000000e+00 0.00000000e+00
  5.41837788e-02 0.00000000e+00 0.00000000e+00 0.00000000e+00
  0.00000000e+00 0.00000000e+00 0.00000000e+00 0.00000000e+00
  0.00000000e+00 1.56665375e-01 0.00000000e+00]
 [5.87139740e-02 1.49631247e-01 0.00000000e+00 4.76512846e-02
  7.00793874e-01 2.17193232e-01 2.78069969e-01 0.00000000e+00
  0.00000000e+00 8.38613764e-02 1.16370981e-01 0.00000000e+00
  6.41597142e-02 1.77689613e-01 1.97581793e-01]
 [0.00000000e+00 1.84875902e-02 0.00000000e+00 0.00000000e+00
  2.40884111e-01 9.08301853e-02 0.00000000e+00 0.00000000e+00
  0.00000000e+00 0.00000000e+00 0.00000000e+00 0.00000000e+00
  0.00000000e+00 2.52497303e-02 1.67872941e-01]
 [0.00000000e+00 0.00000000e+00 0.00000000e+00 0.00000000e+00
  0.00000000e+00 0.00000000e+00 4.59958199e-02 0.00000000e+00
  0.00000000e+00 0.00000000e+00 7.00745186e-03 0.00000000e+00
  0.00000000e+00 2.12562330e-01 1.55949044e-01]
 [0.00000000e+00 0.00000000e+00 2.58257850e-02 0.00000000e+00
  7.95049536e-03 0.00000000e+00 1.61829164e-03 0.00000000e+00
  0.00000000e+00 0.00000000e+00 0.00000000e+00 0.00000000e+00
  0.00000000e+00 2.86191412e-01 4.66944160e-01]
 [5.85002906e-01 2.10034029e-01 1.27821435e-01 6.64312883e-01
  5.41375204e-01 7.81784359e-01 9.72050932e-01 1.36313895e+00
  5.53852707e-01 5.71530197e-01 1.92304299e-01 1.31795968e+00
  7.82122587e-02 6.61724317e-01 7.41351052e-02]
 [0.00000000e+00 1.61214262e-02 0.00000000e+00 8.46917305e-02
  0.00000000e+00 1.55850681e-02 0.00000000e+00 0.00000000e+00
  0.00000000e+00 0.00000000e+00 0.00000000e+00 0.00000000e+00
  0.00000000e+00 1.78489803e-01 5.52819025e-01]
 [0.00000000e+00 0.00000000e+00 3.63730933e-03 0.00000000e+00
  7.05930600e-02 1.77539862e-02 9.82724250e-03 0.00000000e+00
  0.00000000e+00 0.00000000e+00 0.00000000e+00 0.00000000e+00
  0.00000000e+00 1.46399091e-01 0.00000000e+00]
 [0.00000000e+00 2.29292085e-02 7.95590184e-04 2.09912010e-01
  1.14126607e-01 9.93989780e-02 2.05665475e-02 0.00000000e+00
  0.00000000e+00 9.37703470e-03 0.00000000e+00 0.00000000e+00
  7.17606166e-02 2.47673655e-01 7.82547972e-02]
 [3.05617777e-01 1.65263979e-01 3.40014934e-01 3.49959898e-01
  5.75745194e-01 2.18907664e-01 2.54499782e-01 0.00000000e+00
  0.00000000e+00 0.00000000e+00 1.63388401e-01 2.54788799e-01
  2.72506825e-01 3.09355370e-01 1.93998258e+00]
 [1.37687777e+00 5.59653007e-02 5.16531137e-01 3.79665517e-01
  6.09662649e-01 1.92172789e-01 8.59714672e-02 0.00000000e+00
  1.08607958e-01 1.91038518e-01 3.48651371e-01 1.52582231e-01
  9.49350572e-01 1.13642434e+00 2.51661245e+00]
 [2.25960725e-02 2.06755700e-01 5.21632924e-01 8.43451594e-01
  8.35173058e-01 6.04912246e-01 4.05686624e-01 8.53851595e-02
  1.42623279e-01 2.88469345e-01 1.64508366e-01 8.79871173e-02
  6.34167299e-02 8.04351605e-01 5.76247112e-01]
 [0.00000000e+00 0.00000000e+00 3.43636372e-01 0.00000000e+00
  2.76227893e-01 0.00000000e+00 0.00000000e+00 0.00000000e+00
  0.00000000e+00 1.07757868e-02 2.93608030e-02 1.96253935e-01
  6.50816899e-01 5.47681950e-01 0.00000000e+00]
 [5.51260119e-01 3.20508304e-01 5.09482826e-01 6.00662738e-01
  1.49415947e-01 2.46030934e-01 2.85183776e-01 4.79625951e-01
  5.94670977e-01 3.87761594e-01 2.95381985e-01 6.70033806e-01
  6.76339132e-01 4.98565718e-01 1.06153785e+00]]

20
----------------------------------------------------------------------------------
[[0.         0.         0.01354029 0.         0.07713599 0.
  0.         0.19863849 0.         0.09711126 0.         0.0460151 ]
 [0.         0.         0.11496124 0.37504063 0.09543556 0.
  0.21815647 0.39301199 0.         0.11572909 0.01045888 0.07038676]
 [0.         0.02957463 0.0907467  0.35901763 0.08040258 0.34827749
  0.10896937 0.26015506 0.21895338 0.4475362  0.         0.52112986]
 [0.         0.         0.         0.0642916  0.04006051 0.
  0.         0.06489645 0.         0.         0.         0.        ]
 [0.         0.         0.         0.12119474 0.03533992 0.
  0.         0.05211824 0.         0.02508442 0.         0.        ]
 [0.         0.00995786 0.13882897 0.1913545  0.17477179 0.57246957
  0.13123165 0.58805341 0.         0.22593219 0.         0.        ]
 [0.         0.         0.         0.1611957  0.08284418 0.
  0.         0.17304109 0.         0.16045006 0.         0.13045064]
 [0.03787226 0.75650901 0.69476761 0.27160902 0.39739881 0.05426329
  0.         0.19182793 0.         0.05633433 0.         0.        ]
 [0.67792952 0.70765989 1.13797281 0.4818259  0.35269243 0.11292186
  0.         0.05292129 0.         0.         0.         0.        ]
 [0.         1.06292029 1.22786693 0.23888876 1.02414292 0.35880711
  0.48611441 0.74912677 0.13854379 0.76437484 0.66722838 1.08241404]
 [1.76969759 0.         1.67428597 1.09585827 0.96737176 0.57804187
  0.13430653 0.09656368 0.         0.0149513  0.         0.        ]
 [0.06818402 0.07325046 0.46170627 0.16037422 0.11221172 0.
  0.         0.14563878 0.         0.         0.         0.        ]
 [0.77740098 0.02228989 0.86852848 0.60594434 0.44642791 0.05090464
  0.         0.08401529 0.         0.06092145 0.         0.02363431]
 [0.         0.03863341 1.19834051 0.47132289 0.27009284 0.01031012
  0.20240106 0.31291819 0.17903274 0.7513014  0.78108114 1.26512544]
 [0.         0.37711998 2.09666494 0.59707308 0.26432461 0.25771516
  0.145605   0.3678921  0.         1.45820096 2.21589598 2.78120131]
 [0.         0.58179162 0.63409376 0.42625831 0.34160532 0.20823963
  0.3044996  0.80943618 0.39164997 1.30647291 1.38964472 1.16479315]
 [0.         0.00955319 0.17785077 0.13945918 0.09514777 0.06936787
  0.02171566 0.17871616 0.         0.23362668 0.40099955 0.07044216]
 [1.01226566 0.73940823 0.30770448 0.31959653 0.31168721 0.57742956
  0.50547346 0.09380413 0.69445029 0.28820474 0.74659394 0.80006612]]