

1
----------------------------------------------------------------------------------
[[1.25117768e-01 1.82289140e-01 0.00000000e+00 0.00000000e+00
  1.75140115e-01 6.28452563e-03 3.98214272e-02 3.17078357e-01
  0.00000000e+00 0.00000000e+00 0.00000000e+00 0.00000000e+00
  0.00000000e+00 0.00000000e+00 0.00000000e+00]
 [4.36188043e-02 2.71400038e-01 6.64977131e-02 1.77490156e-01
  2.73791782e-01 6.02545307e-02 1.55277126e-01 2.24254017e-01
  0.00000000e+00 8.92563617e-02 0.00000000e+00 0.00000000e+00
  0.00000000e+00 0.00000000e+00 1.43924234e-01]
 [3.10654196e-02 8.16434768e-01 2.87674130e-01 3.66286171e-02
  2.87918763e-01 3.81590352e-01 9.82235096e-01 3.85223114e-01
  1.01906006e-01 0.00000000e+00 0.00000000e+00 0.00000000e+00
  0.00000000e+00 0.00000000e+00 2.02672363e-02]
 [1.09746124e-02 7.75688932e-02 0.00000000e+00 0.00000000e+00
  1.34838819e-01 7.75791866e-02 9.67621134e-02 1.83979779e-01
  2.68004874e-02 0.00000000e+00 0.00000000e+00 0.00000000e+00
  0.00000000e+00 0.00000000e+00 0.00000000e+00]
 [6.09451962e-02 1.01631117e-01 0.00000000e+00 0.00000000e+00
  2.09125213e-01 4.73889554e-02 7.93810153e-02 1.78950869e-01
  0.00000000e+00 0.00000000e+00 0.00000000e+00 0.00000000e+00
  0.00000000e+00 0.00000000e+00 4.11803765e-03]
 [1.36764294e-01 8.54500178e-01 1.53769761e-01 0.00000000e+00
  2.80574052e-01 5.70542612e-01 4.67247328e-01 1.91573045e-01
  5.28269110e-01 1.67966381e-02 0.00000000e+00 5.46125468e-01
  0.00000000e+00 1.79311489e-01 7.08977252e-01]
 [1.77839778e-01 1.21437701e-01 0.00000000e+00 0.00000000e+00
  2.56706766e-01 1.02962580e-01 1.89489693e-01 2.09937458e-01
  4.11138609e-01 6.33034291e-02 0.00000000e+00 5.21844424e-02
  0.00000000e+00 0.00000000e+00 1.91175003e-01]
 [2.17082246e-01 0.00000000e+00 0.00000000e+00 0.00000000e+00
  4.01160661e-02 1.34309856e-01 7.43446200e-03 5.83526924e-01
  4.54253245e+00 2.49112523e+00 6.28464534e-01 3.72625983e-01
  0.00000000e+00 0.00000000e+00 0.00000000e+00]
 [1.45922650e-01 9.78674879e-02 0.00000000e+00 0.00000000e+00
  0.00000000e+00 9.14486915e-02 0.00000000e+00 5.44149777e-01
  3.03804760e+00 2.52656464e+00 2.78333330e-01 3.30418358e-01
  0.00000000e+00 0.00000000e+00 0.00000000e+00]
 [2.46018601e-01 5.33839835e-01 6.85237652e-01 3.65444405e-01
  8.21910048e-01 6.21921343e-03 9.14405597e-01 1.01876176e+00
  8.43795116e-01 0.00000000e+00 5.65883575e-01 0.00000000e+00
  9.70780531e-01 5.98700046e-01 3.13525796e-01]
 [9.66016085e-02 9.04652590e-02 0.00000000e+00 2.60283167e-01
  9.14853229e-02 1.07846705e-01 5.34081233e-02 3.92565392e-01
  3.38914775e+00 4.01610165e+00 0.00000000e+00 1.04385998e+00
  6.79119881e-01 0.00000000e+00 0.00000000e+00]
 [2.62958753e-01 6.26523276e-02 0.00000000e+00 8.28110080e-02
  3.91987664e-01 3.44784234e-02 1.75631701e-01 1.41450195e+00
  2.02585940e+00 1.16300921e+00 0.00000000e+00 0.00000000e+00
  0.00000000e+00 0.00000000e+00 0.00000000e+00]
 [5.37197639e-02 9.06892351e-02 6.93823092e-02 2.86305266e-01
  4.08205116e-01 0.00000000e+00 2.38275068e-01 1.32710811e+00
  2.29011244e+00 2.64803409e+00 0.00000000e+00 7.37795629e-01
  8.80279216e-01 0.00000000e+00 0.00000000e+00]
 [5.87765856e-01 4.78683063e-01 1.04761077e+00 1.72635125e+00
  1.94058785e+00 2.79718716e-01 8.35749982e-02 3.81819275e+00
  2.64479684e+00 6.63736021e-01 4.57177171e-01 5.41996857e-01
  4.72034837e-01 6.21730008e-01 0.00000000e+00]
 [1.08719660e+00 9.67633822e-01 1.38227125e+00 1.84548177e+00
  1.65976031e+00 4.12301577e-01 3.99618079e-01 3.67319125e+00
  1.77437647e+00 9.03458581e-01 5.88109706e-01 1.18516147e+00
  1.05514088e+00 7.92036889e-01 1.37498661e-01]
 [7.39158618e-01 6.22466039e-01 3.08730292e+00 3.10702910e+00
  2.01372075e+00 7.97166946e-01 5.02543063e-01 6.43897029e+00
  2.78599263e+00 2.15542417e-01 7.96761067e-01 5.83211782e-01
  3.50583503e-01 6.57348895e-01 9.43226438e-02]
 [9.34077316e-01 5.94112654e-01 1.26797187e+00 1.55565454e+00
  2.02074706e+00 2.99973694e-01 1.06638135e-01 4.80684009e+00
  3.07291751e+00 1.87569488e+00 6.65072329e-01 9.75195365e-01
  8.97509829e-01 2.32829437e-01 8.56655311e-02]
 [6.60776998e-01 6.48220673e-01 8.77546872e-01 7.12214664e-01
  1.25666054e-01 4.26559294e-01 4.21025057e-01 2.12818338e-01
  8.75971486e-01 1.02552342e+00 1.04588862e+00 1.04762840e+00
  8.85548331e-01 8.38359947e-01 5.84799660e-01]]

2
----------------------------------------------------------------------------------
[[0.         0.04135486 0.         0.         0.11968902 0.09919198
  0.10820954 0.17310245 0.27227899 0.05865378 0.02795066 0.
  0.         0.16053366 0.        ]
 [0.52355616 0.09768603 0.         0.         0.16592479 0.13416656
  0.26311962 0.         0.37245603 0.         0.34106543 0.
  0.         0.30284386 0.        ]
 [0.44566417 0.35091291 0.         0.30808319 0.24932396 0.19531642
  0.3959654  0.3819389  0.87763345 0.79896683 0.23926345 0.26029622
  0.05617032 0.25015403 0.        ]
 [0.05338943 0.         0.         0.         0.09081586 0.0712078
  0.06212858 0.19552056 0.         0.00982519 0.         0.
  0.         0.04418036 0.        ]
 [0.         0.09455052 0.         0.         0.04820799 0.
  0.04171044 0.05708686 0.19810595 0.02788359 0.         0.
  0.         0.04462602 0.        ]
 [0.41273268 0.10638658 0.35562475 0.70858296 0.27111873 0.54620359
  0.51787412 0.05732222 0.20070922 0.359754   0.         0.
  0.         0.11943685 0.09377883]
 [0.         0.11487677 0.         0.         0.07428221 0.
  0.         0.06223787 0.32117083 0.08848929 0.02408285 0.
  0.         0.09650497 0.        ]
 [0.         0.         0.         0.         0.07934642 0.
  0.06035882 0.15042549 0.         0.         0.         0.
  0.         0.         0.09875128]
 [0.         0.         0.         0.         0.01458286 0.02055958
  0.02035921 0.06462398 0.06958959 0.         0.         0.
  0.         0.01211491 0.19029008]
 [2.45577508 1.2157423  0.31960267 0.74274361 0.35406144 0.57240228
  1.17840013 0.         0.29932693 0.72073159 0.3882858  0.08667978
  0.09185446 1.46194233 1.04143648]
 [0.03915702 0.02618796 0.         0.         0.08299418 0.
  0.06359283 0.04266127 0.         0.         0.         0.
  0.         0.         0.        ]
 [0.         0.         0.         0.         0.13731912 0.07848651
  0.0127477  0.1228967  0.         0.         0.         0.
  0.         0.         0.1508113 ]
 [0.13199701 0.04913193 0.         0.11686711 0.21770167 0.03854833
  0.18051575 0.0110788  0.         0.         0.11386953 0.
  0.         0.         0.        ]
 [0.16680496 0.12310605 0.17800309 0.06511178 0.14111908 0.0563032
  0.         0.         0.         0.         0.18733401 0.0073036
  0.         0.20472791 0.26273699]
 [0.33709876 0.23349917 0.         0.         0.22135015 0.03671912
  0.         0.         0.         0.         0.40086075 0.
  0.         0.33269292 0.46965391]
 [0.49978502 0.30846364 0.         0.06815178 0.24741366 0.50277507
  0.07738418 0.09344978 0.36867426 0.         0.16080442 0.22104609
  0.38912077 0.70812892 0.26599786]
 [0.         0.04273954 0.         0.         0.2238052  0.
  0.         0.         0.         0.         0.07647612 0.
  0.         0.05330052 0.26671587]
 [0.23353628 0.30524323 0.80187456 0.79047852 0.19356504 0.23595033
  0.37316517 0.43072735 0.81995267 0.44398798 0.46943802 0.84280669
  0.81171512 0.35582862 0.87951183]]

3
----------------------------------------------------------------------------------
[[0.00000000e+00 1.04158324e-01 9.69932524e-02 0.00000000e+00
  0.00000000e+00 0.00000000e+00 2.78456593e-02 0.00000000e+00
  0.00000000e+00 5.37563513e-02 0.00000000e+00 0.00000000e+00
  0.00000000e+00 0.00000000e+00 0.00000000e+00]
 [7.49252453e-02 3.01245246e-01 1.47083322e-01 3.05234742e-02
  1.62213665e-01 0.00000000e+00 1.62465247e-01 8.72351826e-02
  0.00000000e+00 0.00000000e+00 0.00000000e+00 0.00000000e+00
  0.00000000e+00 1.12678140e-04 0.00000000e+00]
 [4.70114325e-01 3.88494180e-01 3.07881542e-01 0.00000000e+00
  8.52715647e-01 4.55252533e-01 3.10697788e-01 1.35184971e-01
  0.00000000e+00 0.00000000e+00 0.00000000e+00 4.53046235e-01
  0.00000000e+00 3.07704302e-01 0.00000000e+00]
 [0.00000000e+00 5.60128907e-02 2.13480701e-02 0.00000000e+00
  0.00000000e+00 0.00000000e+00 0.00000000e+00 0.00000000e+00
  0.00000000e+00 9.23181788e-02 0.00000000e+00 0.00000000e+00
  0.00000000e+00 0.00000000e+00 0.00000000e+00]
 [0.00000000e+00 1.40264613e-01 0.00000000e+00 0.00000000e+00
  0.00000000e+00 0.00000000e+00 5.49402411e-02 7.48744933e-02
  0.00000000e+00 0.00000000e+00 0.00000000e+00 0.00000000e+00
  0.00000000e+00 0.00000000e+00 0.00000000e+00]
 [5.00261700e-01 3.10357717e-01 6.48245227e-01 0.00000000e+00
  1.72085731e-01 1.86923863e-01 3.23270786e-01 1.76263041e-01
  1.98722578e-01 0.00000000e+00 0.00000000e+00 3.98869844e-01
  0.00000000e+00 0.00000000e+00 0.00000000e+00]
 [8.50046843e-02 1.37594882e-01 0.00000000e+00 0.00000000e+00
  3.35383031e-02 0.00000000e+00 1.52045723e-01 1.79832005e-01
  0.00000000e+00 0.00000000e+00 0.00000000e+00 0.00000000e+00
  0.00000000e+00 0.00000000e+00 0.00000000e+00]
 [2.05268143e+00 0.00000000e+00 2.08329628e+00 9.07564561e-01
  6.73363658e-01 3.57388020e-01 2.52822013e-01 1.07076868e-02
  0.00000000e+00 0.00000000e+00 0.00000000e+00 0.00000000e+00
  0.00000000e+00 0.00000000e+00 0.00000000e+00]
 [2.42683250e+00 4.00303531e-02 2.16105164e+00 1.45702296e+00
  8.48833783e-01 4.91787748e-01 4.05022765e-01 6.01991343e-02
  0.00000000e+00 1.86532888e-03 0.00000000e+00 0.00000000e+00
  0.00000000e+00 0.00000000e+00 0.00000000e+00]
 [1.36528854e+00 1.12904066e+00 1.04912683e+00 3.56989156e-01
  6.79664058e-01 8.58400443e-01 4.21631313e-01 1.73827628e+00
  4.95570429e-01 0.00000000e+00 1.93977801e-01 0.00000000e+00
  2.25792394e-01 0.00000000e+00 7.26904572e-01]
 [2.74402624e+00 1.10732200e-01 1.13710842e+00 1.58173209e+00
  1.27975683e+00 8.22347999e-01 7.80770235e-01 3.16708860e-01
  0.00000000e+00 0.00000000e+00 0.00000000e+00 0.00000000e+00
  0.00000000e+00 0.00000000e+00 0.00000000e+00]
 [9.97680165e-01 0.00000000e+00 1.26363370e+00 7.38935872e-01
  0.00000000e+00 0.00000000e+00 2.02887668e-02 0.00000000e+00
  0.00000000e+00 2.48488459e-02 0.00000000e+00 0.00000000e+00
  0.00000000e+00 0.00000000e+00 0.00000000e+00]
 [2.10939133e+00 3.67445972e-01 1.05756270e+00 1.12481714e+00
  1.01321060e+00 3.71209716e-01 4.05880064e-01 3.22471585e-01
  1.97635836e-01 0.00000000e+00 0.00000000e+00 0.00000000e+00
  0.00000000e+00 0.00000000e+00 0.00000000e+00]
 [5.22382856e-01 4.01397237e-01 1.76541818e-01 2.20718092e-02
  1.56070274e-01 0.00000000e+00 3.57641492e-02 5.31739507e-01
  1.26768642e+00 2.93264306e-01 0.00000000e+00 2.12808630e-01
  5.57968704e-01 4.28383151e-01 0.00000000e+00]
 [9.74790564e-01 6.58785771e-01 3.59124905e-01 1.03263586e-01
  3.29671853e-01 2.43482793e-01 3.96663184e-01 6.95830637e-01
  1.72021512e+00 4.33617545e-01 0.00000000e+00 3.90054585e-01
  7.23877422e-01 6.80021915e-01 3.31800294e-01]
 [2.18442653e+00 1.42662363e+00 8.34082350e-01 2.17409100e-01
  2.76912371e-01 0.00000000e+00 4.10553625e-01 1.20973311e+00
  2.61583629e+00 2.05252373e+00 0.00000000e+00 1.67251677e-01
  4.19843778e-01 1.40238005e+00 0.00000000e+00]
 [0.00000000e+00 1.84597578e-01 0.00000000e+00 0.00000000e+00
  0.00000000e+00 6.50376475e-02 2.12910742e-01 2.39005498e-01
  1.58265900e-01 0.00000000e+00 0.00000000e+00 1.70820374e-01
  5.66292819e-01 2.41222667e-01 5.34818110e-01]
 [1.17404209e+00 4.25274777e-01 5.27520727e-01 8.92136223e-01
  4.90940621e-01 4.60210713e-01 2.09337308e-01 3.10745591e-01
  4.38046514e-01 8.99249013e-01 1.11755290e+00 8.48564414e-01
  7.59080632e-01 6.25999595e-01 9.14197623e-01]]

4
----------------------------------------------------------------------------------
[[0.00000000e+00 0.00000000e+00 5.00140751e-03 0.00000000e+00
  0.00000000e+00 7.36189493e-02 1.29874056e-01 3.27057602e-02
  2.91235206e-01 0.00000000e+00 0.00000000e+00 3.18160063e-02
  0.00000000e+00 0.00000000e+00 0.00000000e+00]
 [4.12655569e-01 2.48554275e-01 2.69797046e-01 8.28475079e-02
  2.56678130e-01 9.49567560e-02 1.71526144e-01 0.00000000e+00
  5.55744670e-01 5.22535833e-02 5.10936994e-02 0.00000000e+00
  4.64925934e-01 0.00000000e+00 1.20746634e-01]
 [2.90741006e-01 3.43590621e-01 3.83289302e-01 3.23116772e-02
  3.54433797e-01 3.56179264e-01 3.03897298e-01 2.54417968e-01
  7.99421731e-01 7.03615720e-02 2.34243381e-01 2.33846236e-01
  3.61569553e-01 5.57490106e-01 6.67199223e-01]
 [0.00000000e+00 0.00000000e+00 0.00000000e+00 0.00000000e+00
  0.00000000e+00 0.00000000e+00 0.00000000e+00 6.05288469e-02
  2.27998133e-01 6.75161130e-02 8.42889412e-02 1.66528047e-02
  3.80050770e-02 2.58054011e-02 0.00000000e+00]
 [0.00000000e+00 0.00000000e+00 0.00000000e+00 0.00000000e+00
  0.00000000e+00 0.00000000e+00 0.00000000e+00 6.13200804e-02
  1.79819333e-01 0.00000000e+00 1.64345976e-01 0.00000000e+00
  8.46998986e-02 0.00000000e+00 0.00000000e+00]
 [5.06054454e-01 4.35165056e-03 1.98700155e-01 2.87572470e-01
  3.04244778e-01 1.91503456e-01 1.80739339e-01 4.42934191e-03
  7.89735852e-01 4.68223576e-01 4.07498591e-01 6.64596438e-01
  9.74348182e-01 8.65597663e-01 0.00000000e+00]
 [7.54552034e-02 0.00000000e+00 8.80540382e-02 0.00000000e+00
  0.00000000e+00 0.00000000e+00 0.00000000e+00 0.00000000e+00
  2.35412565e-01 2.41216450e-01 1.01465265e-01 0.00000000e+00
  9.00047515e-02 0.00000000e+00 0.00000000e+00]
 [0.00000000e+00 0.00000000e+00 0.00000000e+00 0.00000000e+00
  0.00000000e+00 0.00000000e+00 7.24065005e-02 5.24910473e-02
  4.62174794e-01 3.04433815e+00 2.40514189e+00 3.58744842e-01
  1.31907289e+00 1.31001459e+00 9.46982200e-01]
 [0.00000000e+00 0.00000000e+00 0.00000000e+00 0.00000000e+00
  0.00000000e+00 0.00000000e+00 0.00000000e+00 4.41775010e-03
  4.15583705e-01 2.22242845e+00 2.80569149e+00 7.83642356e-01
  1.31888189e+00 2.12638151e+00 1.65201618e+00]
 [8.41637069e-01 3.93285364e-01 1.69149172e+00 8.46825422e-01
  5.27464600e-01 2.25403728e-01 7.03005311e-01 5.61059962e-01
  7.46978644e-01 9.94048931e-01 1.74891160e+00 6.12521458e-01
  1.13728522e+00 4.25454944e-01 8.26857123e-01]
 [9.36727322e-02 0.00000000e+00 7.88262826e-02 0.00000000e+00
  0.00000000e+00 0.00000000e+00 0.00000000e+00 0.00000000e+00
  5.56725659e-01 1.92612324e+00 6.14447312e+00 7.88262118e-01
  3.42840932e-01 5.65581511e+00 1.71495397e+00]
 [0.00000000e+00 1.07025700e-02 0.00000000e+00 0.00000000e+00
  0.00000000e+00 0.00000000e+00 6.97746619e-02 2.95638975e-02
  2.30534528e-01 5.54212178e-01 8.16560720e-01 1.91838894e-01
  5.31810454e-01 6.07120596e-01 2.20089556e-01]
 [1.03092231e-01 6.97623599e-02 1.83748915e-01 0.00000000e+00
  3.23588981e-02 0.00000000e+00 7.46121018e-02 1.20322057e-01
  3.83574254e-01 7.47310016e-01 3.63129484e+00 6.03468830e-01
  1.41779310e-01 2.00222193e+00 1.38537295e+00]
 [2.04388257e+00 1.48960284e+00 6.54472533e-01 1.15554975e-01
  4.30226438e+00 1.96380651e+00 9.41585838e-01 3.01516744e-01
  2.72326492e-01 3.61881369e-01 0.00000000e+00 0.00000000e+00
  2.26155620e-01 2.75400127e-01 8.46461696e-03]
 [3.01837698e+00 2.26869935e+00 2.94798320e-01 1.20148860e-01
  5.21721982e+00 2.39910565e+00 7.38703604e-01 9.36871608e-01
  2.41259398e-01 4.62144181e-01 0.00000000e+00 1.25806837e-01
  2.36670685e-01 2.89373834e-01 2.79523574e-01]
 [5.50465115e-01 8.59796109e-01 6.66958612e-01 0.00000000e+00
  3.32137812e-01 3.98809042e-01 5.23598962e-01 1.44258015e-01
  3.73709527e-01 1.42741185e-01 1.39262334e-03 1.80318410e-01
  4.25177776e-01 6.36760915e-02 2.53321102e-01]
 [6.47863787e-01 1.06932594e+00 3.97052848e-01 2.29292811e-01
  9.21260591e-01 3.66736357e-01 6.44505932e-01 8.73755170e-01
  2.81286742e-01 2.33976135e-01 0.00000000e+00 3.37910469e-01
  1.49111374e-01 2.19513666e-01 1.57892695e-01]
 [7.59591303e-01 3.73764746e-01 3.73773881e-01 6.34876041e-01
  2.55920215e-01 2.85008639e-01 1.65771903e-01 4.85995213e-01
  2.61810053e-01 3.41830817e-01 5.53890491e-01 7.23589051e-01
  2.70430032e-01 5.30661811e-01 5.38984391e-01]]

5
----------------------------------------------------------------------------------
[[0.00000000e+00 0.00000000e+00 2.86297924e-01 3.90526144e-02
  0.00000000e+00 6.64804070e-02 0.00000000e+00 0.00000000e+00
  0.00000000e+00 6.70158410e-02 1.31450806e-01 0.00000000e+00
  0.00000000e+00 0.00000000e+00 0.00000000e+00]
 [1.91551294e-01 0.00000000e+00 5.24637350e-01 0.00000000e+00
  2.35789489e-01 6.02201863e-02 2.28725444e-01 1.17779511e-01
  1.16780936e-01 1.02259139e-01 2.29804301e-01 1.05296696e-01
  0.00000000e+00 7.45149923e-02 1.22167481e-01]
 [1.56599179e-02 1.00309495e-01 1.80545905e-01 1.55777089e-01
  2.44182901e-01 4.14324146e-01 2.59703074e-01 6.16498586e-01
  1.16930542e-01 3.70441587e-01 4.00125349e-01 1.19691776e-01
  7.95486537e-02 4.93269219e-02 3.91189542e-01]
 [0.00000000e+00 0.00000000e+00 5.04307455e-02 2.24241632e-02
  0.00000000e+00 2.15080148e-02 0.00000000e+00 0.00000000e+00
  0.00000000e+00 7.95295221e-02 7.36782082e-02 0.00000000e+00
  0.00000000e+00 0.00000000e+00 1.30891322e-03]
 [0.00000000e+00 4.66117515e-02 6.81222913e-02 9.04549445e-02
  0.00000000e+00 8.04717380e-03 2.23578076e-02 0.00000000e+00
  0.00000000e+00 3.18428276e-02 3.06586944e-02 0.00000000e+00
  0.00000000e+00 0.00000000e+00 0.00000000e+00]
 [8.39850393e-01 0.00000000e+00 7.27277819e-01 0.00000000e+00
  3.73365346e-01 0.00000000e+00 2.42627727e-01 2.84407446e-02
  5.31527734e-02 1.90287260e-01 2.13682844e-01 5.61061593e-01
  4.94177455e-01 1.74754129e-01 2.03344294e-01]
 [0.00000000e+00 1.14739309e-02 2.71233565e-01 0.00000000e+00
  0.00000000e+00 3.51623660e-02 1.28573091e-02 0.00000000e+00
  2.32467454e-03 1.27716939e-01 6.36567977e-02 0.00000000e+00
  1.35524397e-01 0.00000000e+00 0.00000000e+00]
 [0.00000000e+00 0.00000000e+00 0.00000000e+00 0.00000000e+00
  0.00000000e+00 0.00000000e+00 0.00000000e+00 0.00000000e+00
  0.00000000e+00 0.00000000e+00 1.31229598e-01 0.00000000e+00
  0.00000000e+00 0.00000000e+00 0.00000000e+00]
 [0.00000000e+00 0.00000000e+00 0.00000000e+00 0.00000000e+00
  0.00000000e+00 0.00000000e+00 0.00000000e+00 0.00000000e+00
  0.00000000e+00 0.00000000e+00 0.00000000e+00 0.00000000e+00
  0.00000000e+00 0.00000000e+00 0.00000000e+00]
 [2.22778201e-01 9.31144360e-01 1.27536963e+00 5.55898741e-01
  7.50677359e-01 6.14103919e-01 8.94725595e-01 2.39336051e-01
  3.55005832e-01 1.23531789e+00 6.43514374e-01 1.14043009e+00
  1.04761918e+00 1.87562831e-01 9.88468094e-01]
 [2.19413598e-01 0.00000000e+00 5.74952612e-03 0.00000000e+00
  0.00000000e+00 0.00000000e+00 7.65722974e-02 0.00000000e+00
  1.20298135e-01 5.77158432e-03 3.58025585e-03 0.00000000e+00
  0.00000000e+00 7.04402919e-02 0.00000000e+00]
 [0.00000000e+00 0.00000000e+00 0.00000000e+00 0.00000000e+00
  0.00000000e+00 0.00000000e+00 5.78140924e-02 0.00000000e+00
  0.00000000e+00 0.00000000e+00 1.84663131e-02 0.00000000e+00
  0.00000000e+00 0.00000000e+00 0.00000000e+00]
 [0.00000000e+00 0.00000000e+00 1.49720673e-01 0.00000000e+00
  0.00000000e+00 1.58901675e-02 0.00000000e+00 0.00000000e+00
  5.74009326e-02 1.69767732e-01 0.00000000e+00 0.00000000e+00
  0.00000000e+00 1.27057908e-01 6.68622452e-02]
 [0.00000000e+00 0.00000000e+00 1.19164464e-01 3.78350383e-01
  7.81552761e-02 2.79545585e-01 0.00000000e+00 4.48320712e-01
  3.22260323e-01 3.41154795e-01 6.27199356e-01 8.62243143e-01
  2.27118231e+00 2.46408096e-01 7.29660304e-01]
 [0.00000000e+00 0.00000000e+00 9.95010296e-02 6.81450278e-01
  1.26765560e-01 0.00000000e+00 2.79687131e-01 5.41865463e-01
  4.33504836e-01 3.31781581e-01 6.55448092e-01 7.10932495e-01
  3.43185792e+00 4.76129222e-01 1.20983931e+00]
 [0.00000000e+00 0.00000000e+00 6.76023412e-01 3.29231814e-01
  4.02034868e-01 2.50874226e-01 1.09509318e-01 5.04173579e-01
  5.98906956e-01 4.07720936e-01 8.40627888e-01 7.13702314e-01
  1.80994294e+00 8.26512876e-01 2.82974150e-01]
 [0.00000000e+00 0.00000000e+00 2.04504017e-02 4.23099921e-01
  9.82654414e-02 0.00000000e+00 0.00000000e+00 9.19916033e-02
  9.98667068e-02 3.27579448e-01 2.78459797e-01 5.12174254e-01
  1.72454544e+00 1.66116686e-01 5.80232789e-01]
 [1.34583834e+00 9.73370440e-01 3.13945104e-01 6.58511432e-01
  9.16862580e-01 7.36821088e-01 6.29414336e-01 5.83746384e-01
  4.57760516e-01 1.73181853e-01 1.94856139e-01 4.78918022e-01
  4.63552799e-01 7.15409144e-01 2.57723570e-01]]

6
----------------------------------------------------------------------------------
[[0.32124582 0.         0.         0.0074434  0.         0.05984412
  0.         0.         0.         0.21723081 0.00504564 0.
  0.         0.0291978  0.        ]
 [0.574539   0.         0.         0.39219747 0.         0.11735185
  0.36179811 0.24635671 0.         0.76766502 0.15893386 0.20281268
  0.         0.         0.        ]
 [0.53335278 0.0966083  0.0973034  0.34408692 0.38520618 0.
  0.59493313 0.55292118 0.         0.91399133 0.78095709 0.24046678
  0.10000752 0.14213325 0.        ]
 [0.415086   0.         0.         0.         0.         0.
  0.         0.00743284 0.05481757 0.31813079 0.         0.06080346
  0.         0.         0.        ]
 [0.45941419 0.         0.         0.         0.         0.02787791
  0.         0.04417369 0.         0.29274987 0.         0.
  0.         0.         0.        ]
 [0.51267588 0.         0.40060602 0.01028983 0.56606545 0.20064502
  0.         0.39200948 0.13254898 0.78466246 0.27251813 0.2418706
  0.00551299 0.         0.19764454]
 [0.35718157 0.         0.         0.01226557 0.11810677 0.
  0.         0.07973253 0.         0.28558956 0.0087463  0.03406061
  0.         0.         0.        ]
 [0.26347735 0.         0.         0.15790068 0.96185274 2.86557625
  0.27393468 1.33628091 0.94744051 0.45226551 0.18782302 0.00548175
  0.         0.03502775 0.        ]
 [0.37063419 0.         0.         0.15938639 1.18464383 1.72596868
  0.22374813 1.84707307 1.53277425 0.77895785 0.24961123 0.06952628
  0.         0.         0.        ]
 [0.88153979 0.60056479 0.09428115 0.49876829 2.23495381 1.02691679
  0.44756951 1.14135715 0.84309388 1.02103916 0.50558401 0.33577517
  0.29817769 0.70106701 0.82873623]
 [0.46226386 0.         0.         0.         1.06176906 4.23049723
  0.47713259 2.26408203 2.29374037 1.03851059 0.40600724 0.20388456
  0.         0.         0.        ]
 [0.23187896 0.         0.         0.08145667 0.09965079 0.20539139
  0.0732486  0.42159611 0.16668212 0.33743369 0.         0.
  0.         0.         0.        ]
 [0.60755272 0.03734316 0.         0.         0.30130918 3.08025596
  0.29264568 2.03865898 1.79557902 0.5694594  0.0891677  0.05897969
  0.         0.         0.        ]
 [0.88090521 0.         0.03594714 0.86492833 0.98459664 1.61265216
  0.63664587 0.86832433 0.         0.76811005 1.31169998 0.08875424
  0.19112283 0.28481009 0.05829077]
 [0.82159281 0.         0.47113051 1.37283654 1.19680758 2.73905053
  1.5276999  1.3083982  0.         1.62859813 2.49243359 0.35835206
  0.28372145 0.20437907 0.        ]
 [0.58204763 0.634407   0.82363502 0.88410486 0.57815041 1.2095306
  0.91198513 0.39934583 0.         0.80209603 0.81478478 0.43491219
  0.37866299 0.29932505 0.        ]
 [0.32661704 0.         0.3201818  0.68078521 0.42486078 0.36826564
  0.         0.88484787 0.         0.8474552  1.1123858  0.25166103
  0.         0.         0.        ]
 [0.21913933 0.8702744  0.49361943 0.32203157 0.47283115 0.81013973
  0.49974351 0.26442205 0.75624582 0.63865407 0.29663939 0.66374504
  0.51025935 0.75008803 1.36480334]]

7
----------------------------------------------------------------------------------
[[3.92858641e-02 1.09145222e-01 2.63714254e-01 2.40458963e-01
  3.78481394e-02 0.00000000e+00 3.11028683e-01 0.00000000e+00
  2.76190230e-01 0.00000000e+00 0.00000000e+00 0.00000000e+00
  0.00000000e+00 5.24445718e-03 5.73135018e-03]
 [5.09879416e-02 3.44114221e-01 2.54598014e-01 6.10670322e-02
  2.49398168e-01 1.20641596e-01 3.89439174e-01 1.88228470e-01
  2.04598095e-01 0.00000000e+00 0.00000000e+00 5.68069724e-01
  0.00000000e+00 0.00000000e+00 6.10895315e-01]
 [6.51371912e-01 1.15911506e+00 1.09265368e-01 6.26356254e-01
  7.66796678e-01 9.63527848e-01 2.72238378e-01 1.11052544e+00
  5.16842286e-01 3.89352962e-01 4.28740299e-01 6.26530699e-01
  3.07645852e-01 0.00000000e+00 2.47712308e-01]
 [0.00000000e+00 8.19556566e-02 9.22239964e-02 2.45141714e-01
  0.00000000e+00 0.00000000e+00 2.57698169e-01 0.00000000e+00
  1.17475252e-01 0.00000000e+00 0.00000000e+00 0.00000000e+00
  0.00000000e+00 0.00000000e+00 0.00000000e+00]
 [0.00000000e+00 1.59509673e-01 1.71878634e-01 1.19761422e-01
  0.00000000e+00 0.00000000e+00 1.32436082e-01 3.56542286e-03
  4.61187068e-02 0.00000000e+00 0.00000000e+00 0.00000000e+00
  0.00000000e+00 0.00000000e+00 0.00000000e+00]
 [1.95280671e-01 8.00345258e-01 0.00000000e+00 4.82490514e-04
  3.02864770e-01 9.32304612e-02 2.73283882e-01 5.40394499e-01
  6.50825477e-01 2.41227103e-01 0.00000000e+00 4.22922403e-01
  6.75713073e-01 3.19526179e-02 3.85889184e-01]
 [0.00000000e+00 3.02081498e-01 6.06134193e-02 1.78569019e-02
  0.00000000e+00 0.00000000e+00 1.15355219e-01 0.00000000e+00
  0.00000000e+00 3.99540723e-02 0.00000000e+00 0.00000000e+00
  0.00000000e+00 0.00000000e+00 0.00000000e+00]
 [0.00000000e+00 0.00000000e+00 4.25129756e-02 1.87316777e-01
  0.00000000e+00 0.00000000e+00 2.78533870e-01 0.00000000e+00
  1.19379871e-01 0.00000000e+00 0.00000000e+00 0.00000000e+00
  0.00000000e+00 0.00000000e+00 0.00000000e+00]
 [0.00000000e+00 2.90979054e-02 7.22792746e-02 2.14169978e-01
  0.00000000e+00 0.00000000e+00 1.97679231e-01 0.00000000e+00
  7.18787915e-02 0.00000000e+00 0.00000000e+00 0.00000000e+00
  0.00000000e+00 1.31767078e-02 0.00000000e+00]
 [2.62997240e-01 6.59604001e-01 5.30957716e-01 1.32351381e+00
  4.36324010e-01 9.13749795e-01 8.26380682e-01 4.27387262e-01
  1.83398886e+00 2.28876371e-01 2.37740866e-01 9.24080145e-01
  8.24054570e-01 1.33841295e+00 1.16188969e+00]
 [0.00000000e+00 3.57187944e-01 0.00000000e+00 0.00000000e+00
  0.00000000e+00 0.00000000e+00 1.59463826e-02 7.01071564e-02
  0.00000000e+00 4.53483326e-02 0.00000000e+00 0.00000000e+00
  2.16647787e-02 0.00000000e+00 0.00000000e+00]
 [0.00000000e+00 6.75214636e-02 0.00000000e+00 1.28686745e-01
  0.00000000e+00 0.00000000e+00 3.06256042e-01 0.00000000e+00
  1.03361380e-01 1.83686913e-03 0.00000000e+00 0.00000000e+00
  0.00000000e+00 0.00000000e+00 0.00000000e+00]
 [1.64560282e-01 3.64531540e-01 0.00000000e+00 0.00000000e+00
  0.00000000e+00 0.00000000e+00 2.54690274e-01 1.75931295e-01
  4.37905505e-03 0.00000000e+00 0.00000000e+00 0.00000000e+00
  6.16534840e-02 0.00000000e+00 2.79012869e-02]
 [7.60113264e-01 3.28871838e-01 0.00000000e+00 8.41337313e-01
  4.30697801e-01 0.00000000e+00 4.71653285e-01 2.66233460e-01
  0.00000000e+00 3.52598740e-01 0.00000000e+00 2.02410143e-01
  4.37766622e-01 2.59323962e-01 2.06533223e-01]
 [1.09033055e+00 5.46146944e-01 5.10680744e-01 2.49250703e+00
  1.26650287e+00 2.92515981e-01 7.54559420e-01 1.06366467e+00
  3.44845304e-01 0.00000000e+00 0.00000000e+00 2.26684971e-01
  6.70952213e-01 4.84237049e-02 1.29165963e-01]
 [6.41148403e-01 7.01222607e-01 5.30972500e-01 2.39723668e+00
  1.13703285e+00 0.00000000e+00 6.61001013e-01 3.47094157e-01
  3.46395182e-01 8.64841659e-01 2.35704767e-01 1.64644073e-01
  8.98989397e-01 7.58699130e-02 4.13473097e-01]
 [5.24159409e-01 3.77055894e-01 1.37623012e-01 1.14310147e+00
  1.03706962e+00 2.73925131e-01 5.77017755e-01 3.64980816e-01
  9.87476895e-02 0.00000000e+00 5.57906057e-03 2.54639002e-01
  4.57240958e-01 9.46965784e-02 3.11359358e-02]
 [4.22331453e-01 1.98486680e-01 4.93087011e-01 3.65096506e-01
  4.92046767e-01 5.70961410e-01 2.97380098e-01 8.90125793e-01
  4.43106431e-01 4.75628390e-01 7.68055722e-01 8.57093241e-01
  4.80382966e-01 4.96612936e-01 1.63769961e-01]]

8
----------------------------------------------------------------------------------
[[1.76545305e-02 0.00000000e+00 1.86281156e-01 1.73513570e-01
  7.90050197e-02 0.00000000e+00 2.01764400e-02 0.00000000e+00
  7.29484153e-03 0.00000000e+00 0.00000000e+00 8.28629543e-02
  0.00000000e+00 0.00000000e+00 1.57892794e-01]
 [4.05555770e-01 0.00000000e+00 1.52591367e-01 1.76092545e-01
  5.38791906e-01 0.00000000e+00 5.12560868e-02 9.28222954e-03
  9.88478800e-02 0.00000000e+00 4.03680119e-01 0.00000000e+00
  3.37363674e-01 1.31661097e-01 3.17411923e-01]
 [3.39062049e-01 1.64038560e-01 5.15445325e-01 3.56105114e-01
  3.84750295e-01 1.29393525e-01 9.04558646e-02 5.47224813e-02
  5.57846503e-01 0.00000000e+00 7.63945842e-01 3.70570613e-01
  6.32457362e-01 6.36659058e-01 1.05474324e+00]
 [0.00000000e+00 0.00000000e+00 1.26243986e-01 1.96072073e-01
  1.53687523e-01 0.00000000e+00 0.00000000e+00 0.00000000e+00
  1.71689531e-02 0.00000000e+00 9.42142647e-02 3.89539762e-02
  5.00890652e-03 0.00000000e+00 3.74276614e-02]
 [0.00000000e+00 0.00000000e+00 1.68490691e-01 1.35778715e-01
  2.53967683e-01 0.00000000e+00 0.00000000e+00 0.00000000e+00
  0.00000000e+00 0.00000000e+00 8.19358081e-02 2.27866707e-02
  0.00000000e+00 0.00000000e+00 1.04787432e-01]
 [6.30629218e-01 9.40741380e-02 1.40282693e-01 4.77893199e-01
  7.66139541e-01 4.50292882e-01 1.83529009e-01 1.80562370e-01
  2.41201260e-01 0.00000000e+00 3.03648140e-01 5.85033086e-01
  3.17868293e-01 3.99345442e-01 1.07560880e-02]
 [1.57879397e-01 0.00000000e+00 1.37595933e-01 1.69579199e-01
  4.90294502e-01 4.94610757e-01 0.00000000e+00 0.00000000e+00
  0.00000000e+00 0.00000000e+00 1.99567176e-01 0.00000000e+00
  1.09017318e-01 1.54396184e-01 2.36422077e-01]
 [0.00000000e+00 0.00000000e+00 5.21206715e-02 1.04772949e-01
  7.23654413e-01 5.53689030e+00 1.09114703e+00 5.69281201e-01
  1.05654340e+00 0.00000000e+00 0.00000000e+00 4.58491653e-02
  3.33924656e-02 0.00000000e+00 0.00000000e+00]
 [0.00000000e+00 0.00000000e+00 4.03479656e-02 1.58374497e-01
  9.72372264e-01 3.85590185e+00 1.58921028e+00 6.46040946e-01
  1.65596330e+00 0.00000000e+00 0.00000000e+00 0.00000000e+00
  0.00000000e+00 0.00000000e+00 0.00000000e+00]
 [4.04678900e-01 9.37181548e-01 2.03619980e+00 6.94717842e-01
  9.42673028e-01 7.60441225e-01 1.41151103e+00 6.95579027e-01
  1.06987082e+00 0.00000000e+00 8.79294801e-01 2.00228910e-01
  9.21044037e-01 1.52028427e+00 1.10626727e+00]
 [0.00000000e+00 7.51528468e-03 1.77417536e-01 2.50341950e-01
  6.01271361e-01 4.38080397e+00 2.64638509e+00 4.51836673e-01
  2.08402677e+00 6.41657961e-01 2.10992694e-01 0.00000000e+00
  0.00000000e+00 1.67722713e-01 1.25995836e-03]
 [0.00000000e+00 0.00000000e+00 0.00000000e+00 1.55410310e-01
  2.42167312e-01 6.75807097e-01 4.00560936e-01 1.13805134e-01
  1.62309085e-01 0.00000000e+00 1.16548601e-01 7.83258380e-02
  0.00000000e+00 0.00000000e+00 0.00000000e+00]
 [0.00000000e+00 7.64320933e-02 6.60526921e-01 3.51328384e-01
  4.82033974e-01 2.42005969e+00 1.89761090e+00 3.62191977e-01
  1.64270120e+01 5.39657119e-01 3.47271792e-01 1.00681270e-01
  6.27844434e-02 4.06346499e-01 0.00000000e+00]
 [2.87230657e-01 2.16542103e-01 1.36074880e+00 5.16499168e-01
  3.74683712e-01 2.52839769e-02 2.42288096e-01 1.07357164e-01
  3.02129662e-01 0.00000000e+00 1.32268444e-01 1.02981846e-01
  7.24035165e-02 3.77525648e-01 0.00000000e+00]
 [2.67885997e-01 1.97276050e-01 2.60083050e+00 1.20555404e+00
  3.91486849e-01 6.41111554e-02 3.66206422e-01 1.31032043e-01
  2.83140081e-01 3.34169579e-01 2.77574991e-01 1.16820807e-01
  1.40551112e-01 1.31061100e-01 0.00000000e+00]
 [6.42276496e-01 1.82622138e-01 1.34957994e+00 2.15505164e+00
  1.10082798e+00 2.67566594e-01 1.53120313e-01 6.06179860e-02
  0.00000000e+00 9.05421833e-02 6.59718204e-02 1.57293726e-01
  1.80813497e-01 1.18182488e+00 6.82976468e-01]
 [1.02948155e-01 2.02237347e-01 7.07279236e-01 1.22176422e+00
  1.38106155e-01 5.52569947e-02 5.54300160e-01 3.26351449e-01
  6.03807376e-01 2.40139960e-01 2.81391216e-01 1.27895612e-01
  2.85099487e-01 0.00000000e+00 0.00000000e+00]
 [6.62729143e-01 7.11978999e-01 4.49449017e-01 1.53991939e-01
  2.24488673e-01 4.11629791e-01 3.18300872e-01 4.40414378e-01
  4.00418862e-01 9.29856483e-01 6.96174506e-01 6.62465408e-01
  1.30043092e+00 3.31985854e-01 8.82410242e-01]]

9
----------------------------------------------------------------------------------
[[3.76101976e-01 6.64600338e-01 3.15674369e-01 0.00000000e+00
  0.00000000e+00 7.32059910e-02 4.14699905e-01 0.00000000e+00
  0.00000000e+00 0.00000000e+00 4.66188923e-01 0.00000000e+00
  0.00000000e+00 0.00000000e+00 2.11056154e-01]
 [3.07116210e-01 7.33549981e-01 0.00000000e+00 1.33238270e-01
  1.10321944e-01 1.17995231e-01 0.00000000e+00 0.00000000e+00
  0.00000000e+00 2.09752360e-01 6.73029184e-02 4.33513480e-01
  7.67671090e-02 0.00000000e+00 0.00000000e+00]
 [2.58484771e-01 7.84982996e-01 3.74710454e-01 1.66574524e-01
  3.91915089e-02 1.19418379e-01 0.00000000e+00 0.00000000e+00
  0.00000000e+00 7.25939265e-01 1.33877162e-01 4.97454344e-01
  2.74311471e-01 0.00000000e+00 4.76788581e-01]
 [2.38136751e-01 6.13265463e-01 4.24497119e-01 4.90176725e-02
  0.00000000e+00 7.91481100e-02 8.93108367e-01 0.00000000e+00
  0.00000000e+00 0.00000000e+00 3.62641156e-01 0.00000000e+00
  0.00000000e+00 0.00000000e+00 1.24755981e-01]
 [2.14123737e-01 5.61267011e-01 3.12183097e-01 1.54667301e-01
  0.00000000e+00 1.74650575e-01 7.22174843e-01 9.10835745e-02
  0.00000000e+00 0.00000000e+00 1.36113082e-01 0.00000000e+00
  0.00000000e+00 0.00000000e+00 1.47954892e-01]
 [2.03172375e-01 2.08391181e-01 2.91675065e-01 1.06799921e-01
  2.94641177e-01 6.35139753e-01 1.39275470e-01 0.00000000e+00
  0.00000000e+00 4.76989921e-02 1.43131158e-01 1.32120935e-01
  2.99423933e-01 0.00000000e+00 3.16779827e-01]
 [2.14790190e-01 3.56852922e-01 2.64000344e-01 9.05507784e-02
  7.06097243e-02 3.57287308e-01 2.62824299e-01 0.00000000e+00
  9.19884923e-02 0.00000000e+00 6.57377766e-02 0.00000000e+00
  0.00000000e+00 0.00000000e+00 8.49710248e-02]
 [1.29510982e-01 3.40437726e-01 2.27859622e-01 0.00000000e+00
  0.00000000e+00 9.80150080e-02 8.57665400e-01 0.00000000e+00
  0.00000000e+00 0.00000000e+00 3.14511368e-01 0.00000000e+00
  0.00000000e+00 0.00000000e+00 5.59454459e-02]
 [1.93908771e-01 4.43191089e-01 1.62163520e-01 0.00000000e+00
  0.00000000e+00 3.17715538e-01 1.27236964e+00 0.00000000e+00
  0.00000000e+00 0.00000000e+00 3.13424805e-01 0.00000000e+00
  0.00000000e+00 0.00000000e+00 0.00000000e+00]
 [9.05710212e-01 2.30655318e-01 3.14780452e-01 5.99089588e-01
  2.47192006e-01 5.80534913e-01 8.98541320e-01 0.00000000e+00
  0.00000000e+00 7.70416957e-01 8.95698785e-01 3.65130722e-01
  4.26284697e-01 4.55904382e-02 9.99140667e-01]
 [4.65597700e-02 2.03376943e-01 8.89152945e-02 0.00000000e+00
  1.24495318e-01 4.71055308e-01 1.11574110e+00 5.98195215e-01
  0.00000000e+00 0.00000000e+00 0.00000000e+00 3.21813259e-02
  1.84761202e-01 0.00000000e+00 0.00000000e+00]
 [5.84838601e-02 2.75556533e-01 0.00000000e+00 3.31649205e-03
  0.00000000e+00 0.00000000e+00 0.00000000e+00 0.00000000e+00
  0.00000000e+00 0.00000000e+00 2.88588563e-03 0.00000000e+00
  0.00000000e+00 0.00000000e+00 1.24108771e-02]
 [0.00000000e+00 3.38794615e-01 8.12376036e-02 9.12523892e-02
  3.15182740e-01 6.50897898e-01 5.92655591e-01 0.00000000e+00
  0.00000000e+00 0.00000000e+00 4.20394781e-02 1.65222534e-01
  0.00000000e+00 0.00000000e+00 7.69741759e-02]
 [3.35765109e-01 5.55345876e-01 1.58133282e-01 7.39797078e-01
  3.55966972e+00 6.45103520e-02 1.65159848e+00 8.97440243e-01
  0.00000000e+00 0.00000000e+00 1.82129890e-01 0.00000000e+00
  2.25767177e-02 0.00000000e+00 4.67402317e-01]
 [4.86958090e-01 8.97150122e-01 0.00000000e+00 1.39005709e+00
  4.84771731e+00 2.68214416e-01 2.38193808e+00 2.67059352e+00
  0.00000000e+00 0.00000000e+00 0.00000000e+00 0.00000000e+00
  2.30740407e-01 1.26781032e-01 7.08925337e-01]
 [4.25270962e-01 3.19916318e-01 3.69537651e-01 1.39783149e+00
  2.01476319e+00 2.60409357e-01 1.29031273e+00 4.34685733e-01
  0.00000000e+00 0.00000000e+00 0.00000000e+00 1.10412386e-01
  3.07911961e-01 0.00000000e+00 6.95085772e-01]
 [3.75743039e-01 8.58396937e-01 0.00000000e+00 8.71802061e-01
  1.86645919e+00 0.00000000e+00 1.53184756e+00 1.56298974e+00
  0.00000000e+00 0.00000000e+00 0.00000000e+00 0.00000000e+00
  0.00000000e+00 1.95326365e-01 4.25671732e-01]
 [8.57241505e-01 8.90025759e-01 1.16201148e+00 1.04463830e+00
  4.12898706e-01 4.68694550e-01 1.30662291e+00 3.07291233e+00
  3.32086970e+00 1.80185135e+00 1.15403631e+00 1.11961798e+00
  4.05104008e-01 1.25306470e+00 5.50543219e-01]]

10
----------------------------------------------------------------------------------
[[0.         0.         0.06307798 0.         0.29825122 0.
  0.         0.         0.         0.         0.         0.
  0.         0.         0.        ]
 [0.         0.         0.         0.00673505 0.07019518 0.06950949
  0.         0.         0.         0.         0.         0.
  0.3118378  0.         0.        ]
 [0.         0.08538098 0.37620111 0.35537246 0.33471882 0.60011291
  0.         0.         0.         0.         0.32171182 0.
  0.44763697 0.50614103 0.04876237]
 [0.         0.         0.03277702 0.13476516 0.36821788 0.10114035
  0.         0.         0.         0.         0.         0.
  0.         0.         0.        ]
 [0.         0.         0.         0.03174696 0.34105808 0.16579404
  0.         0.         0.         0.         0.         0.
  0.17897574 0.         0.        ]
 [0.45654223 0.48208369 0.21750792 0.         0.01808072 0.63417382
  0.48857065 0.40744994 0.11911403 0.         0.01576279 0.
  0.8828703  0.         0.46657696]
 [0.02026952 0.         0.         0.         0.02849065 0.15519523
  0.         0.         0.         0.         0.         0.
  0.3000266  0.         0.        ]
 [0.45923863 0.71073985 0.84864048 0.87492978 0.53242303 0.15582429
  0.         0.         0.         0.         0.         0.
  0.         0.         0.        ]
 [0.82544368 1.18362443 0.76049903 1.41579843 0.85864468 0.37371359
  0.         0.         0.         0.         0.         0.
  0.         0.         0.        ]
 [0.         0.66387475 1.19662505 0.58233248 2.19118563 1.07324521
  1.19826642 0.         0.63225014 0.         0.         0.2952216
  0.74341235 0.45108181 0.33988763]
 [1.52212921 2.42899771 0.12434873 1.63075561 1.18570965 1.02494084
  0.16771317 0.         0.         0.         0.         0.
  0.2649666  0.15095789 0.        ]
 [0.         0.39679585 0.36337207 0.33856196 0.16455205 0.
  0.         0.         0.         0.         0.         0.
  0.         0.         0.        ]
 [0.80907571 1.52674252 0.23211097 1.66613198 0.92418079 0.41152744
  0.         0.         0.         0.         0.         0.
  0.38480681 0.         0.        ]
 [0.40654763 0.26936966 0.6474301  0.4156224  0.         0.16957082
  0.20745939 0.01914259 0.20348082 0.29292463 0.         0.25693333
  0.         0.81642075 2.42617886]
 [0.10584877 0.01763382 1.00037001 0.74256423 0.27092112 0.
  0.74006725 0.53856357 0.64012103 0.82467324 0.         0.0489753
  0.         1.11381527 3.06459168]
 [0.         0.20665468 0.52140206 0.42357053 0.01536041 0.26226655
  0.04496596 0.48376811 0.27844057 0.14589984 0.2130989  0.31635499
  0.60976989 1.36767936 0.75498845]
 [0.21917318 0.         0.9044305  0.64148658 0.43675582 0.
  0.53780902 0.49608268 0.66145916 0.52214212 0.         0.
  0.         0.6626163  0.80309743]
 [0.94947787 0.47032943 0.22525231 0.52531668 0.67216653 0.4648251
  0.54030503 0.58041397 0.76233582 1.35000724 1.39287717 1.32253463
  0.73876858 0.53191453 0.69652016]]

11
----------------------------------------------------------------------------------
[[0.00000000e+00 0.00000000e+00 1.43325122e-01 0.00000000e+00
  0.00000000e+00 7.39761245e-02 0.00000000e+00 0.00000000e+00
  0.00000000e+00 5.11536194e-02 0.00000000e+00 2.21798501e-02
  0.00000000e+00 0.00000000e+00 0.00000000e+00]
 [0.00000000e+00 0.00000000e+00 0.00000000e+00 3.44453049e-01
  0.00000000e+00 2.75663738e-01 0.00000000e+00 4.37580124e-02
  2.95012710e-02 2.50219108e-01 5.30901069e-03 0.00000000e+00
  0.00000000e+00 0.00000000e+00 0.00000000e+00]
 [0.00000000e+00 7.97935743e-02 5.07223254e-02 1.43743900e-01
  0.00000000e+00 3.74762795e-01 0.00000000e+00 0.00000000e+00
  2.04605965e-01 3.52224783e-01 9.87848570e-02 3.09612603e-01
  9.92292236e-02 1.67491956e-01 0.00000000e+00]
 [0.00000000e+00 0.00000000e+00 1.34917867e-01 0.00000000e+00
  0.00000000e+00 3.50840883e-02 0.00000000e+00 4.37635094e-02
  0.00000000e+00 2.91119552e-02 0.00000000e+00 5.53050936e-03
  0.00000000e+00 3.24924525e-02 0.00000000e+00]
 [0.00000000e+00 0.00000000e+00 8.41857411e-02 0.00000000e+00
  0.00000000e+00 0.00000000e+00 0.00000000e+00 3.72225831e-03
  3.47645114e-02 0.00000000e+00 0.00000000e+00 0.00000000e+00
  0.00000000e+00 1.25324052e-02 0.00000000e+00]
 [3.24331431e-01 3.62324451e-02 1.63251680e-01 3.16495613e-01
  3.18845174e-03 5.60439434e-01 0.00000000e+00 3.41215556e-01
  5.63641325e-01 1.39040241e-01 2.09777098e-01 4.13787941e-01
  5.16845719e-02 1.68568987e-01 0.00000000e+00]
 [0.00000000e+00 0.00000000e+00 0.00000000e+00 0.00000000e+00
  0.00000000e+00 0.00000000e+00 2.71781864e-02 0.00000000e+00
  9.09923580e-03 0.00000000e+00 0.00000000e+00 0.00000000e+00
  0.00000000e+00 1.79976058e-02 0.00000000e+00]
 [0.00000000e+00 0.00000000e+00 9.45768254e-02 0.00000000e+00
  0.00000000e+00 4.14021241e-02 0.00000000e+00 0.00000000e+00
  0.00000000e+00 1.29952399e-01 0.00000000e+00 1.20815610e-01
  0.00000000e+00 2.98284471e-02 0.00000000e+00]
 [0.00000000e+00 0.00000000e+00 7.40089756e-03 0.00000000e+00
  0.00000000e+00 0.00000000e+00 0.00000000e+00 0.00000000e+00
  0.00000000e+00 1.30057880e-01 0.00000000e+00 1.10129323e-02
  0.00000000e+00 0.00000000e+00 0.00000000e+00]
 [0.00000000e+00 1.99759193e-01 1.63523353e-01 0.00000000e+00
  3.44117887e-01 1.64256115e+00 1.52123264e-01 0.00000000e+00
  1.08196119e+00 5.25467900e-01 0.00000000e+00 3.21802731e-01
  4.29783551e-01 1.24068758e+00 4.88849673e-02]
 [0.00000000e+00 0.00000000e+00 0.00000000e+00 0.00000000e+00
  0.00000000e+00 0.00000000e+00 0.00000000e+00 0.00000000e+00
  0.00000000e+00 0.00000000e+00 0.00000000e+00 0.00000000e+00
  1.10646859e-03 0.00000000e+00 0.00000000e+00]
 [0.00000000e+00 0.00000000e+00 5.71488570e-02 0.00000000e+00
  0.00000000e+00 2.04161708e-02 0.00000000e+00 4.93332513e-02
  2.33571569e-02 1.90219010e-02 0.00000000e+00 0.00000000e+00
  0.00000000e+00 1.02609418e-01 0.00000000e+00]
 [0.00000000e+00 0.00000000e+00 0.00000000e+00 0.00000000e+00
  0.00000000e+00 4.38487786e-02 0.00000000e+00 1.20345951e-01
  0.00000000e+00 0.00000000e+00 3.81862418e-02 3.51046878e-02
  0.00000000e+00 0.00000000e+00 0.00000000e+00]
 [2.15830633e+00 3.33096953e+00 9.71490795e-02 1.23490199e-01
  0.00000000e+00 0.00000000e+00 1.72406253e-01 1.72498236e-01
  0.00000000e+00 3.12808778e-01 4.75312497e-03 0.00000000e+00
  0.00000000e+00 1.21247686e-01 7.84147736e-02]
 [4.15225016e+00 3.62099109e+00 2.12503186e-01 8.25687559e-02
  1.27424181e+00 9.94386397e-01 2.04869895e-02 4.66301989e-02
  0.00000000e+00 2.50812631e-01 4.61716605e-02 0.00000000e+00
  6.96538129e-02 5.49335695e-01 1.83414025e-02]
 [0.00000000e+00 2.68367489e-01 5.91314909e-02 2.92398794e-01
  1.10278990e-01 3.11918689e-01 2.95924501e-01 1.41023058e-01
  1.94437271e-02 2.15403287e-01 1.10925103e-01 9.09221396e-02
  6.00412220e-01 5.90305681e-01 9.30514916e-02]
 [1.05762075e+00 6.22112222e-02 2.80342852e-01 0.00000000e+00
  0.00000000e+00 4.93068896e-02 0.00000000e+00 2.52747960e-02
  0.00000000e+00 2.64197610e-01 3.30337292e-02 0.00000000e+00
  0.00000000e+00 5.86974475e-02 0.00000000e+00]
 [1.36607865e+00 7.10239145e-01 5.68625427e-01 8.74514442e-01
  8.93768197e-01 1.35421446e+00 1.35488211e+00 1.02807433e+00
  7.54578972e-01 7.88084969e-01 7.63626480e-01 5.65637980e-01
  7.09327308e-01 5.03666259e-01 1.24088786e+00]]

12
----------------------------------------------------------------------------------
[[2.41838644e-02 0.00000000e+00 0.00000000e+00 1.07985343e-01
  0.00000000e+00 1.50301600e-01 0.00000000e+00 3.89320501e-02
  0.00000000e+00 1.01358968e-01 6.27009513e-02 1.73611091e-01
  0.00000000e+00 0.00000000e+00 0.00000000e+00]
 [0.00000000e+00 0.00000000e+00 1.75158869e-01 4.08383764e-01
  0.00000000e+00 0.00000000e+00 1.79831750e-01 1.25025406e-01
  1.32559602e-02 1.87745634e-01 8.98625954e-02 4.23245585e-01
  0.00000000e+00 0.00000000e+00 0.00000000e+00]
 [0.00000000e+00 1.23055344e-01 4.03193706e-01 2.42180851e-01
  5.28591250e-01 5.46010843e-02 4.55182219e-01 6.26596160e-01
  1.64591129e-01 1.24991582e-01 4.58782375e-01 9.90020727e-01
  0.00000000e+00 4.29198340e-01 2.32224488e-01]
 [9.17700414e-02 0.00000000e+00 0.00000000e+00 0.00000000e+00
  0.00000000e+00 0.00000000e+00 0.00000000e+00 3.85150547e-02
  0.00000000e+00 0.00000000e+00 1.10798443e-02 0.00000000e+00
  3.69430618e-02 0.00000000e+00 0.00000000e+00]
 [2.17341514e-02 0.00000000e+00 0.00000000e+00 0.00000000e+00
  0.00000000e+00 0.00000000e+00 0.00000000e+00 0.00000000e+00
  0.00000000e+00 4.48775306e-03 0.00000000e+00 0.00000000e+00
  0.00000000e+00 2.15140613e-02 6.76225856e-02]
 [5.25458817e-02 2.31328484e-01 2.62122049e-01 0.00000000e+00
  3.62455707e-01 1.66911415e-01 0.00000000e+00 4.97170828e-01
  1.85315096e-01 2.14178874e-01 3.21056134e-01 0.00000000e+00
  5.92235557e-02 3.37930080e-01 1.06321284e-01]
 [6.96199947e-03 1.45901843e-02 0.00000000e+00 0.00000000e+00
  0.00000000e+00 0.00000000e+00 0.00000000e+00 4.23336487e-03
  0.00000000e+00 1.21933206e-01 3.06633944e-02 0.00000000e+00
  0.00000000e+00 6.06580395e-02 4.05656686e-02]
 [1.26998327e-01 0.00000000e+00 0.00000000e+00 9.13817389e-03
  0.00000000e+00 1.43081859e-01 0.00000000e+00 4.11304263e-02
  0.00000000e+00 6.12675659e-02 0.00000000e+00 6.40994567e-02
  0.00000000e+00 0.00000000e+00 0.00000000e+00]
 [1.22822823e-01 0.00000000e+00 0.00000000e+00 0.00000000e+00
  0.00000000e+00 0.00000000e+00 0.00000000e+00 7.14202934e-02
  0.00000000e+00 0.00000000e+00 0.00000000e+00 7.26236016e-02
  0.00000000e+00 0.00000000e+00 0.00000000e+00]
 [4.56192788e-01 6.79475539e-01 7.10040103e-01 4.25183245e-01
  9.70178678e-01 1.43876293e-02 6.47918930e-01 1.17279111e+00
  0.00000000e+00 6.28555489e-01 1.27062059e+00 3.64087573e-01
  4.22048736e-01 6.23885986e-01 6.01060328e-01]
 [0.00000000e+00 0.00000000e+00 0.00000000e+00 0.00000000e+00
  0.00000000e+00 0.00000000e+00 0.00000000e+00 6.89015097e-02
  0.00000000e+00 3.34394116e-02 0.00000000e+00 0.00000000e+00
  0.00000000e+00 7.99306348e-02 0.00000000e+00]
 [8.68059907e-02 0.00000000e+00 0.00000000e+00 0.00000000e+00
  0.00000000e+00 7.55873794e-04 0.00000000e+00 1.88641532e-01
  0.00000000e+00 0.00000000e+00 2.97840625e-02 0.00000000e+00
  0.00000000e+00 0.00000000e+00 4.85854080e-02]
 [0.00000000e+00 0.00000000e+00 1.75153490e-02 0.00000000e+00
  0.00000000e+00 0.00000000e+00 0.00000000e+00 9.24890623e-02
  0.00000000e+00 7.33356590e-02 9.12096597e-03 0.00000000e+00
  0.00000000e+00 8.53102113e-03 0.00000000e+00]
 [5.78592150e-02 1.47644206e+00 1.12604752e+00 4.89594933e-01
  8.36481720e-01 8.71566337e-01 4.94768328e-01 1.28648882e+00
  0.00000000e+00 8.16469261e-01 2.73400312e+00 2.48162826e+00
  2.81057721e-01 0.00000000e+00 7.27111630e-01]
 [2.10900512e-01 3.64286040e+00 3.54622138e+00 3.97174937e-01
  1.30870028e+00 1.58771839e+00 2.76433290e-01 2.41986919e+00
  6.39143976e-02 8.28505352e-01 5.33981307e+00 3.51828758e+00
  0.00000000e+00 0.00000000e+00 1.56105565e+00]
 [7.59525889e-01 3.06774168e-01 1.27811642e+00 7.86814405e-01
  9.98527078e-01 3.15612450e-01 6.64149354e-01 5.38151797e-01
  1.01850478e+00 1.04825468e+00 9.89605095e-01 4.91293209e-01
  1.22330748e-01 4.60454262e-01 4.42965371e-01]
 [0.00000000e+00 9.33231271e-01 1.74403501e+00 5.95445811e-01
  5.06250416e-01 4.95901792e-01 0.00000000e+00 4.19915108e-01
  2.31506929e-04 9.70308355e-01 1.81582324e+00 1.46433275e+00
  1.65470179e-02 0.00000000e+00 9.12143838e-01]
 [6.41449012e-01 8.70266409e-01 3.95400173e-01 4.02065761e-01
  6.13564766e-01 4.73018630e-01 1.10191723e+00 2.34371103e-01
  5.07183021e-01 3.58745926e-01 1.83889133e-01 9.25628115e-01
  1.45359488e+00 6.97665805e-01 6.07912013e-01]]

13
----------------------------------------------------------------------------------
[[0.00000000e+00 2.15091612e-01 4.66968295e-01 1.13264413e-01
  4.03929787e-01 5.99849600e-01 1.14867420e-01 6.66147936e-01
  4.38507533e-01 7.73781318e-01 5.15806314e-01 1.71385506e-01
  2.91749018e-01 5.41936801e-02 3.95624604e-01]
 [0.00000000e+00 2.99393527e-01 4.70854359e-01 4.20887425e-02
  3.36404066e-01 5.84855179e-01 5.09997132e-02 5.40550353e-01
  3.31561116e-01 3.95837110e-01 4.48800433e-01 1.14225918e-01
  1.90604332e-01 2.06749249e-01 5.03667479e-01]
 [2.16428316e-01 7.78530765e-02 3.76717878e-01 0.00000000e+00
  5.10182760e-01 6.95533912e-01 3.88038472e-01 2.91551896e-01
  2.74202562e-01 3.08097979e-01 5.93665088e-01 8.33174615e-01
  4.57158975e-01 2.84082923e-01 1.81410947e-01]
 [0.00000000e+00 1.63903063e-01 2.40661446e-01 1.37397822e-01
  3.38307161e-01 5.02456512e-01 1.08200790e-01 3.24316349e-01
  2.64944774e-01 5.53530936e-01 3.75890447e-01 1.46291977e-01
  1.92931098e-01 1.13288397e-02 2.62609710e-01]
 [0.00000000e+00 2.82290538e-01 2.48920051e-01 0.00000000e+00
  3.69458095e-01 2.38182199e-01 2.10818553e-03 2.23505808e-01
  1.97506865e-01 4.47815703e-01 3.51353404e-01 1.19860775e-01
  1.26917576e-01 6.34916967e-02 3.11300666e-01]
 [1.93781353e-01 1.90364028e-01 3.82549790e-01 6.12559455e-01
  9.67345857e-01 5.42100934e-01 1.48520707e-01 3.39102497e-01
  6.45914417e-01 6.84547567e-01 7.90103058e-01 7.08486088e-01
  2.69620960e-01 1.43178497e-01 5.71323763e-01]
 [0.00000000e+00 2.82603609e-01 2.91016253e-01 3.29848958e-01
  8.27722339e-01 2.88053241e-01 1.47768522e-01 2.35298390e-01
  3.53095686e-01 4.71565226e-01 3.26019586e-01 7.10186105e-02
  1.95249926e-01 1.06811657e-01 2.79323636e-01]
 [0.00000000e+00 1.26573951e-01 3.09973207e-01 7.51914166e-01
  3.86741316e+00 1.14911823e+00 6.38386698e-01 5.98454352e-01
  1.24447429e-01 2.09351154e-01 2.07911880e-01 9.36806540e-02
  1.01064497e-01 1.44081712e-02 3.72560229e-01]
 [0.00000000e+00 2.46490175e-01 3.35672924e-01 1.06095790e+00
  3.92957563e+00 1.23505041e+00 7.49132859e-01 5.47428034e-01
  0.00000000e+00 0.00000000e+00 9.31045032e-02 0.00000000e+00
  7.47771475e-02 0.00000000e+00 2.63723824e-01]
 [9.21225023e-02 2.95040044e-01 1.74052632e+00 1.06702832e+00
  1.77931586e+00 1.49911836e+00 8.37026215e-01 1.52443517e-01
  2.29061914e-02 5.50960475e-01 2.80675921e-01 1.31505554e-01
  3.56630343e-01 1.18450695e+00 1.53016242e+00]
 [0.00000000e+00 3.06995126e-01 2.84804473e-01 8.20049742e-01
  5.54530592e+00 2.12307517e+00 7.37486097e-01 1.12254793e+00
  0.00000000e+00 0.00000000e+00 0.00000000e+00 1.44557825e-02
  8.45158005e-02 6.35147694e-03 7.51856417e-02]
 [0.00000000e+00 1.42527546e-01 1.11066061e-01 0.00000000e+00
  1.32414931e+00 3.88126615e-01 1.41685950e-01 1.05591531e-01
  3.08160417e-01 4.48967401e-01 3.81891945e-01 5.32347137e-02
  1.01281453e-01 2.25501975e-02 2.32401070e-01]
 [0.00000000e+00 4.21629529e-01 3.35357282e-01 0.00000000e+00
  3.61423429e+00 1.17998868e+00 1.28941795e+00 8.34928462e-01
  1.25300586e-01 2.09702715e-01 1.78561771e-01 7.10867186e-02
  1.20548510e-01 1.92516012e-01 1.11952215e-01]
 [0.00000000e+00 5.57262409e-02 9.82720639e-02 0.00000000e+00
  1.59444998e-01 3.31491073e-01 1.60705458e-01 4.02748644e-01
  3.90843510e-01 4.91954761e-01 4.83125450e+00 1.36910164e+00
  2.85563403e-01 2.19461738e+00 1.73881030e+00]
 [0.00000000e+00 3.79242715e-01 3.80249449e-01 7.98388600e-01
  9.77151584e-01 1.03260578e+00 6.89762147e-01 5.52417603e-01
  2.46417196e-01 4.26929910e-01 5.94715371e+00 1.86066372e+00
  6.77706990e-01 2.45937827e+00 1.03049284e+00]
 [0.00000000e+00 6.41653854e-01 2.53852617e-01 1.85036327e+00
  1.32316081e+00 4.57359623e-01 6.44413426e-01 5.81271628e-01
  0.00000000e+00 3.20199653e-01 1.88154202e+00 6.29318699e-01
  3.62064895e-01 6.40436161e-01 5.22627253e-01]
 [0.00000000e+00 1.30230209e-01 1.20197113e-01 0.00000000e+00
  8.58028989e-01 1.47254956e+00 7.37823999e-01 5.68369156e-01
  2.07140752e-01 4.61288954e-01 2.51652778e+00 8.89601509e-01
  1.49691407e-01 5.93858235e-01 2.27494792e-01]
 [9.46261125e-01 7.51063717e-01 5.49710088e-01 8.34889188e-01
  4.40573791e-01 5.76921101e-01 7.61246560e-01 5.15654508e-01
  9.47551446e-01 7.14684150e-01 5.61928433e-01 8.50581837e-01
  5.29084717e-01 4.78061264e-01 2.24501709e-01]]

14
----------------------------------------------------------------------------------
[[0.00000000e+00 0.00000000e+00 0.00000000e+00 0.00000000e+00
  0.00000000e+00 0.00000000e+00 0.00000000e+00 0.00000000e+00
  0.00000000e+00 0.00000000e+00 3.06866758e-02 0.00000000e+00
  2.23911834e-01 5.24718539e-02 6.89203909e-02]
 [6.86171959e-02 1.58208929e-01 1.23521187e-01 0.00000000e+00
  1.09219042e-01 0.00000000e+00 2.73001489e-01 0.00000000e+00
  0.00000000e+00 0.00000000e+00 1.60507613e-01 0.00000000e+00
  1.40301003e-01 2.16498854e-01 1.30173934e-01]
 [4.06059928e-01 1.86250915e-01 1.69446849e-01 0.00000000e+00
  0.00000000e+00 0.00000000e+00 0.00000000e+00 2.18586324e-01
  0.00000000e+00 0.00000000e+00 2.19443367e-01 0.00000000e+00
  1.90614100e-01 1.57485490e-01 3.09783069e-01]
 [0.00000000e+00 0.00000000e+00 0.00000000e+00 0.00000000e+00
  0.00000000e+00 0.00000000e+00 0.00000000e+00 0.00000000e+00
  0.00000000e+00 0.00000000e+00 0.00000000e+00 0.00000000e+00
  3.74453395e-01 8.69769195e-02 0.00000000e+00]
 [0.00000000e+00 0.00000000e+00 0.00000000e+00 0.00000000e+00
  1.53113076e-02 0.00000000e+00 0.00000000e+00 0.00000000e+00
  2.28820364e-02 0.00000000e+00 0.00000000e+00 0.00000000e+00
  2.48074076e-01 0.00000000e+00 7.57798197e-02]
 [5.40888244e-01 5.53545997e-01 7.75450685e-02 0.00000000e+00
  1.79050278e-02 1.53583909e-01 3.40965586e-01 0.00000000e+00
  0.00000000e+00 0.00000000e+00 0.00000000e+00 1.13176473e+00
  1.11565259e+00 7.82628838e-02 6.28182435e-01]
 [0.00000000e+00 0.00000000e+00 0.00000000e+00 0.00000000e+00
  3.40342923e-02 0.00000000e+00 2.87553784e-02 0.00000000e+00
  2.39432700e-02 0.00000000e+00 0.00000000e+00 1.51014830e-01
  6.58160275e-01 0.00000000e+00 3.28911101e-02]
 [0.00000000e+00 0.00000000e+00 0.00000000e+00 0.00000000e+00
  0.00000000e+00 0.00000000e+00 0.00000000e+00 0.00000000e+00
  0.00000000e+00 0.00000000e+00 8.84812022e-02 1.07655371e+00
  5.28438067e+00 6.93441863e-01 1.26227722e+00]
 [0.00000000e+00 0.00000000e+00 0.00000000e+00 0.00000000e+00
  0.00000000e+00 0.00000000e+00 0.00000000e+00 0.00000000e+00
  0.00000000e+00 0.00000000e+00 1.20028169e-02 1.19194117e+00
  4.55506225e+00 1.20126617e+00 1.38547377e+00]
 [6.62131052e-01 1.04913680e+00 9.06551188e-01 0.00000000e+00
  4.90071778e-01 1.70024681e+00 6.17003740e-01 1.64632909e-01
  0.00000000e+00 7.00088948e-02 8.03079877e-01 0.00000000e+00
  3.71857838e-01 2.01743308e-01 1.12149021e+00]
 [0.00000000e+00 0.00000000e+00 0.00000000e+00 0.00000000e+00
  0.00000000e+00 0.00000000e+00 1.32634338e-01 0.00000000e+00
  0.00000000e+00 0.00000000e+00 0.00000000e+00 6.59481480e-01
  6.48984620e+00 1.65337379e+00 1.17431355e+00]
 [0.00000000e+00 6.09809425e-02 0.00000000e+00 0.00000000e+00
  0.00000000e+00 0.00000000e+00 0.00000000e+00 0.00000000e+00
  3.83051643e-02 1.84965244e-01 1.38569590e-01 3.90952100e-01
  1.39997164e+00 3.69003938e-01 6.14730057e-01]
 [9.30970172e-02 0.00000000e+00 5.04990978e-02 0.00000000e+00
  0.00000000e+00 4.04740228e-02 1.62584687e-03 0.00000000e+00
  0.00000000e+00 0.00000000e+00 0.00000000e+00 1.73480519e-01
  3.87565367e+00 1.25927926e+00 8.24081155e-01]
 [8.50715288e-01 1.86212180e-01 3.53283108e-01 1.28315372e-01
  0.00000000e+00 0.00000000e+00 1.03391749e-01 5.14388783e-01
  6.01041571e-01 2.80993488e+00 1.38660781e+00 1.31244516e-01
  1.05335684e+00 4.57096987e-02 7.75414629e-01]
 [2.03814525e+00 1.33093966e-01 2.66023546e-01 2.06062247e-01
  0.00000000e+00 4.61336225e-01 9.63260365e-01 1.26197818e+00
  5.68937852e-01 2.50909249e+00 1.08087006e+00 0.00000000e+00
  1.89584249e+00 7.23322119e-01 6.68724218e-01]
 [1.73125033e+00 4.51557851e-01 3.76658837e-01 1.88697016e-01
  6.88013469e-01 4.72303209e-01 3.94580032e-01 5.65214542e-01
  5.30126657e-01 3.42692462e-01 5.82409146e-01 2.05568165e-01
  8.63808634e-01 1.58772294e-01 1.93554389e+00]
 [5.98458818e-01 7.61872389e-02 4.35746083e-01 1.39861411e-01
  0.00000000e+00 5.96802168e-03 5.36232487e-01 7.67366260e-01
  6.35637365e-01 1.14255916e+00 8.63790748e-01 2.67488373e-01
  6.73812601e-01 1.54168888e-01 2.97875123e-01]
 [2.54756927e-01 4.25648770e-01 3.46025463e-01 9.70424152e-01
  1.11747256e+00 1.31970263e+00 9.45194470e-01 1.01210043e+00
  1.09431332e+00 8.68490202e-01 9.18492849e-01 9.58958248e-01
  7.68128506e-01 6.86433420e-01 2.83743675e-01]]

16
----------------------------------------------------------------------------------
[[7.07287416e-02 5.94411480e-02 0.00000000e+00 2.87110275e-02
  5.84819415e-02 7.59836820e-02 3.37252562e-02 0.00000000e+00
  0.00000000e+00 0.00000000e+00 0.00000000e+00 6.84489860e-02
  8.61290513e-02 4.77482580e-03 4.98579824e-02]
 [3.54584791e-01 1.76906174e-01 0.00000000e+00 1.80031777e-02
  1.32373269e-01 4.16922833e-02 1.51699407e-01 0.00000000e+00
  0.00000000e+00 1.28853014e-02 6.15271171e-03 1.87607551e-01
  9.29886250e-02 2.42839568e-02 9.02508141e-02]
 [2.51608975e-01 5.14540531e-01 5.49372573e-02 1.14124237e-01
  3.92094919e-01 3.60401914e-01 2.24140087e-01 7.95607641e-02
  6.88576446e-02 3.65824689e-01 1.27285357e-01 7.03048645e-01
  2.27375311e-01 2.19525821e-01 3.45586696e-01]
 [1.41907042e-01 0.00000000e+00 0.00000000e+00 0.00000000e+00
  2.75658980e-03 3.79767021e-02 2.60606244e-02 0.00000000e+00
  0.00000000e+00 0.00000000e+00 0.00000000e+00 6.62809948e-02
  8.35521396e-02 4.52912046e-02 1.91313384e-02]
 [8.81431968e-02 0.00000000e+00 0.00000000e+00 0.00000000e+00
  0.00000000e+00 9.41857002e-02 6.48325362e-02 0.00000000e+00
  0.00000000e+00 0.00000000e+00 0.00000000e+00 6.75451013e-02
  0.00000000e+00 0.00000000e+00 1.19647310e-02]
 [4.37327646e-01 2.08116458e-01 2.99801500e-01 1.52949140e-01
  8.44427127e-02 7.95573961e-01 5.40579314e-01 6.34936358e-02
  0.00000000e+00 3.48690134e-01 1.14448377e-01 2.16930137e-01
  4.06437995e-02 4.64868210e-01 2.80373885e-01]
 [0.00000000e+00 0.00000000e+00 0.00000000e+00 0.00000000e+00
  0.00000000e+00 1.26039287e-01 1.29316990e-01 0.00000000e+00
  0.00000000e+00 0.00000000e+00 1.88371238e-02 7.19375835e-02
  0.00000000e+00 1.97430060e-02 6.64657644e-02]
 [7.95094815e-01 2.52710816e-01 1.77814152e-02 0.00000000e+00
  0.00000000e+00 0.00000000e+00 0.00000000e+00 0.00000000e+00
  0.00000000e+00 0.00000000e+00 0.00000000e+00 2.94676412e-02
  1.31131239e-01 5.68938576e-02 0.00000000e+00]
 [9.47964716e-01 2.81640217e-01 6.02939545e-02 0.00000000e+00
  0.00000000e+00 0.00000000e+00 0.00000000e+00 0.00000000e+00
  0.00000000e+00 0.00000000e+00 0.00000000e+00 7.72272942e-02
  8.59514914e-03 3.88301522e-02 0.00000000e+00]
 [5.76713546e-01 6.72319432e-01 3.65099444e-01 8.26690668e-01
  3.90237535e-01 9.00467647e-01 1.11524910e+00 3.43650843e-01
  9.07239496e-01 6.96423602e-01 7.47972982e-01 7.68376801e-01
  5.88478603e-01 5.96030465e-01 7.31606840e-01]
 [9.73663415e-01 3.79397930e-01 3.74413468e-01 1.06100791e-02
  0.00000000e+00 3.03659047e-02 6.80940863e-02 0.00000000e+00
  0.00000000e+00 0.00000000e+00 0.00000000e+00 1.20212394e-01
  0.00000000e+00 0.00000000e+00 7.76807460e-02]
 [4.34711851e-01 0.00000000e+00 0.00000000e+00 0.00000000e+00
  6.18424524e-02 8.91670535e-02 8.37439839e-03 0.00000000e+00
  0.00000000e+00 0.00000000e+00 6.38475924e-02 1.55236178e-01
  5.81196340e-02 9.89208951e-02 3.78296393e-02]
 [8.44941546e-01 6.29897249e-01 1.09651318e-01 1.40552138e-01
  7.06231764e-03 4.58393449e-01 1.48521774e-01 0.00000000e+00
  0.00000000e+00 2.19851034e-01 1.11171299e-01 1.61523897e-01
  9.02865152e-02 8.91007759e-02 2.96370060e-01]
 [5.26453276e-01 4.27104209e-01 3.02628232e-01 1.19769729e-01
  3.84740000e-01 2.79092940e-01 7.15884469e-01 3.04211195e+00
  6.11805356e-01 1.90554389e-01 4.97426071e-01 5.27693745e-01
  8.11672859e-01 4.09512987e-01 4.68453766e-01]
 [7.78632456e-01 4.74332803e-01 2.86922488e-01 2.47743612e-01
  2.73025654e-01 5.89499996e-01 3.93020143e-01 4.13903913e+00
  2.12496767e+00 6.68455769e-01 6.87876260e-01 4.56277808e-01
  7.85432039e-01 5.87593066e-01 8.07551003e-01]
 [1.04749552e+00 4.72832729e-01 3.12145675e-01 3.76405744e-01
  6.49752242e-01 1.01811655e+00 3.78735608e+00 3.25973584e+00
  1.59381264e+00 1.01118559e+00 7.01919273e-01 3.06054262e-01
  6.19580135e-01 6.16213648e-01 5.12292817e-01]
 [5.23997996e-01 2.59721044e-01 7.79661885e-02 1.57109878e-01
  6.50447097e-02 1.30536765e-01 5.46588763e-01 8.06336100e-01
  1.90963925e-02 5.91578224e-02 2.40759173e-01 2.80642350e-01
  6.40323804e-01 5.11678084e-01 5.06217410e-01]
 [2.25058130e-01 3.16987840e-01 3.83971485e-01 3.52945658e-01
  3.97046533e-01 4.26052966e-01 3.41278127e-01 5.57906276e-01
  5.12665101e-01 3.12519800e-01 2.98844211e-01 3.49266572e-01
  3.13294759e-01 2.57782564e-01 2.70551477e-01]]

17
----------------------------------------------------------------------------------
[[0.0080148  0.         0.         0.         0.         0.00267909
  0.10164625 0.         0.         0.         0.         0.
  0.         0.         0.02084504]
 [0.04044276 0.         0.         0.         0.         0.04711531
  0.55938421 0.         0.         0.         0.         0.
  0.         0.09012385 0.        ]
 [0.10178712 0.         0.         0.         0.         0.
  0.01354781 0.20937581 0.         0.         0.         0.
  0.         0.         0.        ]
 [0.         0.         0.         0.         0.         0.
  0.05955693 0.         0.         0.         0.         0.
  0.         0.         0.        ]
 [0.0411428  0.         0.         0.         0.         0.
  0.19160328 0.         0.         0.         0.         0.
  0.         0.         0.        ]
 [0.08110241 0.         0.         0.         0.         0.
  0.28897935 0.28126967 0.         0.         0.         0.
  0.         0.         0.07312165]
 [0.         0.         0.         0.         0.         0.
  0.11042868 0.         0.         0.         0.         0.
  0.         0.         0.        ]
 [0.17334651 0.         0.         0.         0.         0.
  0.06315533 0.         0.         0.         0.         0.
  0.         0.         0.        ]
 [0.10230715 0.         0.         0.         0.         0.
  0.03245675 0.         0.         0.         0.         0.
  0.         0.         0.        ]
 [0.08131488 1.15043421 0.         0.         0.         0.40787248
  0.1184711  0.22750871 0.2233498  0.29853438 0.         0.54033928
  0.067657   0.0403493  0.34640291]
 [0.         0.         0.         0.         0.         0.
  0.         0.         0.         0.         0.         0.
  0.         0.         0.        ]
 [0.15083483 0.00927346 0.         0.         0.         0.
  0.         0.         0.         0.         0.         0.
  0.         0.         0.        ]
 [0.07523989 0.         0.         0.         0.         0.
  0.06663486 0.         0.         0.25089096 0.         0.
  0.         0.         0.        ]
 [0.20221745 0.40022346 0.23926181 0.         0.         0.17256672
  0.         0.14626495 0.         0.10284833 0.23133717 0.
  0.         0.0247755  0.20970076]
 [0.33094433 0.24825857 0.14097618 0.         0.04260973 0.24873955
  0.         0.         0.         0.26187261 0.         0.
  0.         0.         0.22743136]
 [0.21154935 0.51969499 0.         0.         0.14509634 0.
  0.24492352 0.05972853 0.         0.14212938 0.         0.
  0.40263363 0.         0.09983675]
 [0.38450191 0.40289105 0.34087835 0.33543859 0.30880721 0.38717542
  0.         0.         0.08909966 0.09190669 0.14504032 0.
  0.         0.         0.13217247]
 [0.57624642 0.74374547 1.36667959 1.626807   1.73719195 0.73121754
  0.6307037  0.9766967  0.86584548 0.74416009 1.16553158 0.80110941
  1.15282436 1.0811939  0.69033761]]

18
----------------------------------------------------------------------------------
[[0.00000000e+00 0.00000000e+00 2.71912791e-02 1.15691438e-01
  0.00000000e+00 4.26263940e-02 6.15720836e-03 1.51034771e-01
  0.00000000e+00 0.00000000e+00 0.00000000e+00 0.00000000e+00
  0.00000000e+00 9.67369654e-02 0.00000000e+00]
 [2.60011732e-01 1.08922957e-01 6.18606358e-02 9.71441123e-02
  1.31515415e-01 1.40380290e-01 2.45399300e-01 1.42881102e-01
  0.00000000e+00 0.00000000e+00 4.31179288e-02 0.00000000e+00
  0.00000000e+00 0.00000000e+00 8.63253853e-02]
 [2.21554261e-01 4.48015785e-01 3.51156182e-01 2.64776367e-01
  3.01638026e-01 2.07257446e-01 2.71496106e-01 1.00434724e-01
  1.84891812e-01 0.00000000e+00 5.02507729e-01 0.00000000e+00
  1.41874714e-01 9.65202365e-02 2.57747657e-01]
 [6.38729973e-02 0.00000000e+00 7.73549745e-02 1.22514868e-01
  0.00000000e+00 0.00000000e+00 5.76230728e-02 0.00000000e+00
  0.00000000e+00 0.00000000e+00 0.00000000e+00 0.00000000e+00
  1.14851172e-01 0.00000000e+00 2.84566458e-02]
 [8.05562439e-02 0.00000000e+00 7.42180303e-02 3.19113078e-02
  0.00000000e+00 0.00000000e+00 1.64250269e-03 9.95130504e-02
  0.00000000e+00 0.00000000e+00 4.38667901e-02 0.00000000e+00
  1.62411510e-01 0.00000000e+00 0.00000000e+00]
 [6.82589359e-01 1.15469342e-01 9.89913668e-02 2.71081562e-01
  6.78129661e-01 2.96318079e-01 2.54417730e-01 1.88645906e-01
  0.00000000e+00 3.72208513e-02 8.56048730e-02 0.00000000e+00
  3.23516543e-01 2.26980555e-01 2.02599167e-01]
 [7.51766162e-02 0.00000000e+00 1.17396260e-01 1.08411573e-01
  8.71372714e-02 0.00000000e+00 1.86995189e-01 9.44161219e-02
  0.00000000e+00 0.00000000e+00 1.80583914e-02 0.00000000e+00
  5.76761410e-02 0.00000000e+00 0.00000000e+00]
 [2.35138584e-02 4.79035249e-02 6.33078123e-02 1.15811634e-01
  6.62017098e-02 0.00000000e+00 0.00000000e+00 0.00000000e+00
  0.00000000e+00 0.00000000e+00 0.00000000e+00 0.00000000e+00
  1.62669442e-01 0.00000000e+00 0.00000000e+00]
 [0.00000000e+00 0.00000000e+00 4.15167138e-02 4.74057925e-03
  0.00000000e+00 0.00000000e+00 0.00000000e+00 6.46393970e-02
  0.00000000e+00 0.00000000e+00 0.00000000e+00 0.00000000e+00
  2.61492078e-02 0.00000000e+00 0.00000000e+00]
 [1.26662057e+00 4.03845318e-01 9.06932425e-01 7.86806069e-01
  4.23534454e-01 1.13001824e+00 6.21850028e-01 3.22004071e-01
  6.85634455e-01 1.03358630e+00 3.31653600e-01 1.44372496e-01
  6.91565810e-01 1.21950787e+00 1.05728842e+00]
 [2.39560889e-02 5.27983443e-02 0.00000000e+00 0.00000000e+00
  0.00000000e+00 0.00000000e+00 0.00000000e+00 6.68424857e-03
  0.00000000e+00 0.00000000e+00 0.00000000e+00 0.00000000e+00
  2.77417657e-02 0.00000000e+00 0.00000000e+00]
 [0.00000000e+00 4.33399842e-02 8.64807860e-02 4.46001514e-02
  0.00000000e+00 3.08187015e-02 3.11917946e-02 5.05454045e-02
  1.85769901e-02 0.00000000e+00 1.13406678e-01 0.00000000e+00
  7.15300766e-02 0.00000000e+00 0.00000000e+00]
 [0.00000000e+00 3.46225053e-02 1.34946088e-01 0.00000000e+00
  1.07869051e-01 1.53221616e-01 0.00000000e+00 2.38015190e-01
  0.00000000e+00 0.00000000e+00 1.50348662e-01 0.00000000e+00
  2.30496139e-02 3.04718991e-02 7.20051182e-02]
 [2.09745168e-01 2.99788753e-01 4.58127733e-02 0.00000000e+00
  3.86976566e-03 1.89304505e-01 0.00000000e+00 1.83323642e-02
  2.71262233e-01 2.28982997e-01 9.90293253e-01 1.55697476e+00
  2.03853247e-01 0.00000000e+00 1.48674468e-01]
 [5.37356624e-02 1.67782254e-01 1.23410660e-01 4.14439414e-02
  1.31210038e-01 2.45641945e-01 2.83028333e-01 1.46361919e-01
  0.00000000e+00 2.10834615e-01 1.28666142e+00 2.39391349e+00
  5.23558996e-01 1.07399347e-02 4.12600853e-01]
 [2.30734528e-01 4.33909772e-01 4.59578130e-01 3.71305251e-02
  1.12233267e-01 1.08763737e-01 0.00000000e+00 3.16466119e-01
  2.76740823e-01 6.60339285e-01 2.37413789e+00 8.22563898e-01
  5.61101089e-01 2.23027591e-01 6.30442220e-01]
 [1.41231509e-01 2.23677607e-01 2.36994281e-01 2.52894114e-01
  6.67244679e-02 2.94409564e-01 4.28305735e-01 1.62949379e-01
  6.60084620e-02 2.93741984e-01 9.78380905e-01 8.46097613e-02
  4.75945706e-02 0.00000000e+00 2.89161761e-01]
 [4.58028641e-01 2.84721381e-01 2.46609504e-01 4.15836727e-01
  3.99442655e-01 2.56433176e-01 3.09758239e-01 3.95150081e-01
  4.46314665e-01 6.11750921e-01 2.91468628e-01 8.45145609e-01
  4.48026168e-01 3.45179971e-01 2.76594937e-01]]

19
----------------------------------------------------------------------------------
[[0.00000000e+00 2.80103230e-02 0.00000000e+00 0.00000000e+00
  0.00000000e+00 1.33426027e-04 0.00000000e+00 4.25680664e-03
  3.84697704e-02 0.00000000e+00 0.00000000e+00 0.00000000e+00
  0.00000000e+00 3.58451491e-02 0.00000000e+00]
 [0.00000000e+00 3.64487576e-03 0.00000000e+00 3.77321850e-02
  4.14710091e-02 1.57768805e-01 4.60077415e-02 1.17802905e-01
  1.62250864e-01 0.00000000e+00 1.10549557e-01 1.51452831e-01
  7.12837840e-02 4.64559411e-02 2.09619357e-01]
 [8.16931720e-02 2.34459342e-01 4.44053530e-01 0.00000000e+00
  1.55679859e-01 2.56314035e-01 8.37705183e-01 2.22321102e-01
  6.30962151e-01 5.04782667e-02 1.27673630e-01 1.87843562e-01
  1.28033992e-02 0.00000000e+00 5.60718601e-01]
 [0.00000000e+00 1.45459229e-02 0.00000000e+00 0.00000000e+00
  0.00000000e+00 0.00000000e+00 0.00000000e+00 0.00000000e+00
  2.39083666e-02 0.00000000e+00 0.00000000e+00 0.00000000e+00
  0.00000000e+00 0.00000000e+00 0.00000000e+00]
 [0.00000000e+00 3.35602795e-02 0.00000000e+00 0.00000000e+00
  0.00000000e+00 0.00000000e+00 0.00000000e+00 0.00000000e+00
  1.51880168e-01 0.00000000e+00 0.00000000e+00 5.03779606e-02
  0.00000000e+00 0.00000000e+00 0.00000000e+00]
 [2.78600521e-01 3.26168223e-01 4.08698308e-01 7.04763238e-02
  3.90032964e-01 4.32133563e-01 1.96535341e-01 0.00000000e+00
  1.00368168e-01 1.93941712e-01 0.00000000e+00 5.80175579e-01
  2.55779740e-01 4.41268356e-01 1.77635042e-01]
 [0.00000000e+00 9.66737011e-02 0.00000000e+00 0.00000000e+00
  4.34378614e-02 1.09240103e-01 0.00000000e+00 0.00000000e+00
  1.43664778e-01 0.00000000e+00 7.62915186e-03 1.44988908e-01
  0.00000000e+00 0.00000000e+00 1.24442539e-02]
 [0.00000000e+00 0.00000000e+00 0.00000000e+00 0.00000000e+00
  0.00000000e+00 0.00000000e+00 0.00000000e+00 0.00000000e+00
  0.00000000e+00 0.00000000e+00 0.00000000e+00 1.22747350e-01
  0.00000000e+00 3.03903758e-02 0.00000000e+00]
 [0.00000000e+00 2.04844712e-02 0.00000000e+00 0.00000000e+00
  0.00000000e+00 0.00000000e+00 0.00000000e+00 0.00000000e+00
  0.00000000e+00 0.00000000e+00 0.00000000e+00 1.60695871e-02
  0.00000000e+00 0.00000000e+00 0.00000000e+00]
 [3.67980269e-01 6.93588648e-01 3.26271137e-01 1.50151362e-01
  1.17698601e+00 7.47124166e-01 7.83290642e-01 3.51439827e-01
  2.97174115e-01 1.21152199e+00 3.12255364e-01 1.09094267e+00
  1.09197964e+00 5.06557847e-01 7.80736935e-01]
 [0.00000000e+00 1.39000723e-02 0.00000000e+00 0.00000000e+00
  0.00000000e+00 0.00000000e+00 0.00000000e+00 0.00000000e+00
  8.03875637e-03 0.00000000e+00 0.00000000e+00 5.36979360e-02
  0.00000000e+00 0.00000000e+00 0.00000000e+00]
 [1.27606120e-02 3.36011134e-02 0.00000000e+00 0.00000000e+00
  0.00000000e+00 0.00000000e+00 0.00000000e+00 0.00000000e+00
  0.00000000e+00 0.00000000e+00 0.00000000e+00 1.68639873e-01
  0.00000000e+00 7.29446731e-02 0.00000000e+00]
 [9.58387379e-02 1.61150982e-02 0.00000000e+00 0.00000000e+00
  6.89958266e-02 0.00000000e+00 0.00000000e+00 0.00000000e+00
  1.89533536e-01 0.00000000e+00 1.15493898e-01 1.29645052e-01
  2.28796153e-01 0.00000000e+00 3.75421885e-02]
 [3.17914981e-01 4.56837518e-01 2.44234300e-01 0.00000000e+00
  0.00000000e+00 4.19586683e-01 1.90767237e-01 1.41323780e-01
  3.65171985e-01 0.00000000e+00 5.99956028e-01 5.57039312e-01
  5.74322415e-01 2.85761989e+00 5.02341902e-01]
 [1.27068141e-01 3.59671902e-01 3.95097400e-01 1.98017704e-01
  0.00000000e+00 1.50509469e-01 1.20266372e-01 7.15952974e-02
  3.73749590e-01 1.47178825e-01 0.00000000e+00 1.93161317e-01
  1.11035492e+00 3.51453104e+00 1.01700712e+00]
 [7.82807578e-01 4.24995103e-01 4.07712709e-01 0.00000000e+00
  2.28104364e-01 8.03786826e-01 2.35116549e-01 2.79575303e-02
  5.62413393e-01 1.55738646e-01 5.71422175e-01 6.44270163e-01
  1.33300627e+00 1.13521111e+00 5.37412629e-01]
 [0.00000000e+00 2.95936003e-02 8.88727771e-02 0.00000000e+00
  0.00000000e+00 5.90341497e-02 0.00000000e+00 0.00000000e+00
  3.67889604e-01 6.89672457e-02 0.00000000e+00 1.87278708e-01
  6.43399605e-01 5.22315003e-01 1.71572824e-01]
 [5.15133037e-01 4.56531290e-01 7.04191284e-01 6.27621996e-01
  5.35456965e-01 2.98580581e-01 4.46598857e-01 7.34740215e-01
  2.00334226e-01 4.96193838e-01 4.98495780e-01 2.58062668e-01
  3.95074476e-01 6.27240193e-01 2.19407857e-01]]

20
----------------------------------------------------------------------------------
[[1.34039614e-01 2.85591401e-01 1.05895317e-01 4.03898381e-02
  1.12459120e-01 2.04758843e-01 1.77214739e-01 0.00000000e+00
  0.00000000e+00 0.00000000e+00 0.00000000e+00 2.04860125e-01
  1.03124549e-02 1.47287086e-01 1.08845853e-01]
 [3.35131313e-01 7.29318220e-03 2.05359466e-01 1.66594826e-03
  1.95662590e-01 8.46155294e-02 0.00000000e+00 0.00000000e+00
  0.00000000e+00 0.00000000e+00 0.00000000e+00 2.55738245e-01
  0.00000000e+00 1.14493503e-01 2.04898522e-01]
 [1.52892833e-01 1.41441168e-01 4.76189740e-01 6.06884779e-01
  6.32451109e-02 0.00000000e+00 4.14510897e-01 0.00000000e+00
  0.00000000e+00 0.00000000e+00 3.56514014e-01 0.00000000e+00
  0.00000000e+00 6.22312422e-01 3.40755973e-01]
 [1.51902772e-01 2.61082669e-01 9.76809457e-02 4.17193162e-02
  0.00000000e+00 2.95867404e-01 4.56599654e-01 0.00000000e+00
  0.00000000e+00 0.00000000e+00 0.00000000e+00 5.44308541e-02
  0.00000000e+00 3.80884755e-02 0.00000000e+00]
 [9.02347857e-02 1.63815204e-01 8.94506726e-02 8.23254209e-02
  5.67278212e-03 2.45576808e-01 1.72872937e-01 1.08962558e-01
  0.00000000e+00 0.00000000e+00 0.00000000e+00 6.90706987e-02
  0.00000000e+00 1.91310850e-02 8.43808341e-02]
 [2.47195558e-01 6.64435092e-01 2.83052969e-01 6.89889218e-01
  1.53504355e-01 2.27472915e-01 4.79783975e-01 0.00000000e+00
  8.01501391e-02 0.00000000e+00 0.00000000e+00 0.00000000e+00
  0.00000000e+00 6.63111254e-01 5.99712323e-01]
 [1.36674207e-01 8.85959525e-02 6.20279146e-02 1.02962237e-01
  4.33247608e-02 2.93203618e-01 3.77101410e-01 0.00000000e+00
  7.43181733e-03 0.00000000e+00 0.00000000e+00 6.47353704e-02
  0.00000000e+00 1.63537639e-01 9.18894152e-02]
 [1.32166004e-01 2.50346950e-01 8.80067137e-02 6.94573473e-03
  5.61203118e-02 4.47567867e-01 3.40520152e+00 1.47188831e+00
  5.11556179e-02 0.00000000e+00 0.00000000e+00 0.00000000e+00
  0.00000000e+00 0.00000000e+00 0.00000000e+00]
 [8.31672350e-02 1.90695262e-01 7.83959860e-02 0.00000000e+00
  9.60790295e-02 5.96685443e-01 4.03639561e+00 2.06760265e+00
  1.24470892e-01 0.00000000e+00 0.00000000e+00 0.00000000e+00
  0.00000000e+00 0.00000000e+00 0.00000000e+00]
 [5.21780178e-01 6.14389544e-01 3.75121027e-01 7.94797752e-01
  4.19236401e-01 8.48393949e-01 2.88553110e-01 0.00000000e+00
  4.92750630e-02 3.48785395e-01 1.84261629e-01 1.13643834e+00
  2.90900623e-02 2.35348507e-02 7.34869772e-01]
 [1.54015460e-01 1.51151169e-01 2.52348028e-02 0.00000000e+00
  4.56944439e-02 4.79061531e-01 3.27175797e+00 3.46420114e+00
  0.00000000e+00 0.00000000e+00 0.00000000e+00 0.00000000e+00
  0.00000000e+00 0.00000000e+00 0.00000000e+00]
 [1.62032400e-01 4.37555340e-02 2.49479755e-01 6.50524576e-03
  0.00000000e+00 3.61908739e-01 9.58281243e-01 3.21398291e-01
  0.00000000e+00 0.00000000e+00 0.00000000e+00 7.67972059e-03
  0.00000000e+00 0.00000000e+00 9.64659841e-03]
 [1.21731021e-01 4.17605733e-02 1.95157649e-01 2.18911654e-01
  1.59066243e-01 3.98622902e-01 1.23199053e+00 3.41958358e+00
  0.00000000e+00 0.00000000e+00 0.00000000e+00 0.00000000e+00
  0.00000000e+00 0.00000000e+00 5.37347965e-02]
 [1.90985775e-01 3.29287379e-01 4.05570232e-02 3.18884752e-01
  2.41658949e-01 2.06860934e-01 7.87109424e-02 4.27710316e-01
  3.55186213e-01 0.00000000e+00 3.95602122e-03 2.66354383e-02
  0.00000000e+00 5.62903925e-01 0.00000000e+00]
 [3.19861238e-01 2.43883740e-01 1.44758504e-01 2.38627368e-01
  1.96946461e-01 2.52646490e-01 1.93573485e-01 0.00000000e+00
  1.12797902e-01 2.69309241e-02 0.00000000e+00 0.00000000e+00
  0.00000000e+00 0.00000000e+00 0.00000000e+00]
 [1.96319330e-01 2.44604764e-01 1.47123732e-01 5.83654054e-01
  1.35115100e-01 6.57436083e-02 1.35434890e-01 0.00000000e+00
  0.00000000e+00 0.00000000e+00 8.22865295e-01 8.90543831e-02
  0.00000000e+00 1.08794776e-01 5.25173226e-01]
 [2.79978949e-01 3.07062426e-01 1.62158714e-01 9.16670165e-02
  7.25166807e-02 2.01160878e-01 1.72327814e-01 0.00000000e+00
  1.45608298e-01 0.00000000e+00 0.00000000e+00 0.00000000e+00
  0.00000000e+00 0.00000000e+00 0.00000000e+00]
 [3.90979930e-01 6.20502594e-01 4.48539462e-01 2.33318708e-01
  3.89348282e-01 6.43044797e-01 1.08167142e+00 1.66097516e+00
  2.53172491e+00 2.31847125e+00 1.68446067e+00 1.30622271e+00
  1.04608550e+00 6.30783209e-01 6.32320829e-01]]

20
----------------------------------------------------------------------------------
[[0.00000000e+00 3.50199530e-02 0.00000000e+00 0.00000000e+00
  2.76438527e-02 1.85511009e-03 9.61677901e-02 7.60269017e-02
  0.00000000e+00]
 [8.77924474e-02 1.53804303e-01 1.20651261e-02 2.92078463e-02
  2.80768031e-01 1.00499433e-01 0.00000000e+00 5.24781976e-02
  0.00000000e+00]
 [3.79304092e-01 3.50449026e-01 1.62063287e-01 2.76089644e-01
  4.56740301e-01 2.61616152e-01 1.89930053e-01 3.25435733e-01
  8.53628553e-02]
 [5.01600184e-02 0.00000000e+00 0.00000000e+00 0.00000000e+00
  3.29866717e-02 7.36018553e-02 4.28579320e-02 6.39479736e-02
  0.00000000e+00]
 [7.86774263e-02 0.00000000e+00 0.00000000e+00 1.85354421e-02
  1.13080712e-01 5.28350066e-02 0.00000000e+00 8.99506709e-02
  0.00000000e+00]
 [1.91452158e-01 3.59692166e-01 1.23243580e-01 4.48361705e-01
  3.77823920e-01 1.85557692e-01 2.20693602e-01 1.17807781e-02
  0.00000000e+00]
 [1.04242796e-02 1.19503621e-01 0.00000000e+00 8.49738519e-02
  9.73254327e-02 2.79717371e-03 0.00000000e+00 1.27620319e-01
  0.00000000e+00]
 [0.00000000e+00 0.00000000e+00 0.00000000e+00 0.00000000e+00
  0.00000000e+00 1.78860933e-01 1.00527640e-01 7.70478016e-03
  0.00000000e+00]
 [3.71910805e-02 0.00000000e+00 0.00000000e+00 0.00000000e+00
  0.00000000e+00 7.86885076e-02 0.00000000e+00 1.09961461e-02
  0.00000000e+00]
 [8.05727413e-01 7.68360180e-01 1.54613324e-01 4.64407262e-01
  1.01033072e+00 8.75687722e-01 9.72145278e-01 3.62137892e-01
  0.00000000e+00]
 [4.86745355e-04 6.32222572e-02 0.00000000e+00 0.00000000e+00
  1.30190051e-01 0.00000000e+00 0.00000000e+00 6.11578601e-02
  0.00000000e+00]
 [0.00000000e+00 0.00000000e+00 0.00000000e+00 0.00000000e+00
  0.00000000e+00 4.10138557e-02 1.30042048e-01 0.00000000e+00
  0.00000000e+00]
 [1.51209524e-01 9.93476976e-02 0.00000000e+00 1.23701824e-01
  2.41457944e-01 0.00000000e+00 1.40841753e-01 1.08047526e-01
  0.00000000e+00]
 [7.81002212e-02 1.07818305e-01 5.79156232e-02 6.65294869e-02
  4.34147187e-01 1.23099063e+00 1.84478627e+00 1.02120030e+00
  1.43921140e+00]
 [1.58108104e-01 3.26780672e-01 7.32573906e-02 1.08443279e-01
  5.50438333e-01 1.56700335e+00 2.33594548e+00 4.74074703e-01
  1.65471036e+00]
 [4.28788552e-01 5.44054413e-01 5.80051266e-02 7.16718383e-01
  1.31084236e+00 1.70179277e+00 1.48402637e+00 8.52139835e-01
  7.64140474e-01]
 [9.34719813e-02 4.80146999e-02 1.22721772e-01 1.77906586e-01
  8.22287241e-02 1.24504267e+00 1.97012337e+00 2.14339920e-01
  3.16263404e-01]
 [2.92182726e-01 2.19548350e-01 4.01780728e-01 3.47964900e-01
  2.06132916e-01 3.31361948e-01 2.39772871e-01 5.45588042e-01
  8.02997524e-01]]