

1
----------------------------------------------------------------------------------
[[0.00000000e+00 5.51526141e-02 0.00000000e+00 0.00000000e+00
  0.00000000e+00 0.00000000e+00 0.00000000e+00 0.00000000e+00
  0.00000000e+00 1.86061025e-01 0.00000000e+00 0.00000000e+00
  4.71273746e-02 3.55539420e-03 0.00000000e+00]
 [6.53022277e-02 4.87252106e-02 8.89225587e-03 0.00000000e+00
  0.00000000e+00 0.00000000e+00 1.22776157e-01 0.00000000e+00
  0.00000000e+00 1.91466007e-01 0.00000000e+00 0.00000000e+00
  1.17436283e-02 2.76387212e-02 4.12963567e-02]
 [0.00000000e+00 1.75633304e-01 6.87089302e-02 4.91743773e-02
  0.00000000e+00 4.07858614e-02 1.80410107e-01 0.00000000e+00
  8.16957636e-02 2.37168820e-01 0.00000000e+00 3.31970455e-01
  2.07131005e-01 2.51541058e-01 1.11904639e-01]
 [0.00000000e+00 4.97571930e-02 0.00000000e+00 3.67157771e-02
  0.00000000e+00 0.00000000e+00 0.00000000e+00 0.00000000e+00
  0.00000000e+00 1.09880032e-01 0.00000000e+00 5.76090957e-02
  3.65505304e-02 0.00000000e+00 0.00000000e+00]
 [0.00000000e+00 3.27699083e-02 0.00000000e+00 0.00000000e+00
  0.00000000e+00 0.00000000e+00 0.00000000e+00 0.00000000e+00
  0.00000000e+00 6.98258456e-04 0.00000000e+00 5.51685416e-02
  7.14976192e-02 0.00000000e+00 1.83544783e-02]
 [7.88363801e-02 5.78550975e-01 2.41338409e-01 2.95864734e-01
  0.00000000e+00 2.52874770e-01 6.78371462e-01 3.89115396e-01
  2.20460788e-01 1.02661413e-01 0.00000000e+00 0.00000000e+00
  1.96144234e-01 2.10181881e-01 1.90296501e-01]
 [2.34559316e-02 3.79771427e-02 0.00000000e+00 0.00000000e+00
  0.00000000e+00 0.00000000e+00 1.00195174e-01 0.00000000e+00
  0.00000000e+00 6.49478685e-02 0.00000000e+00 0.00000000e+00
  7.04886837e-02 0.00000000e+00 3.19630835e-02]
 [0.00000000e+00 0.00000000e+00 0.00000000e+00 0.00000000e+00
  0.00000000e+00 0.00000000e+00 0.00000000e+00 0.00000000e+00
  0.00000000e+00 1.23198967e-01 0.00000000e+00 0.00000000e+00
  2.40181524e-02 0.00000000e+00 2.11469057e-03]
 [0.00000000e+00 0.00000000e+00 0.00000000e+00 0.00000000e+00
  0.00000000e+00 0.00000000e+00 0.00000000e+00 0.00000000e+00
  0.00000000e+00 8.85624974e-02 0.00000000e+00 0.00000000e+00
  5.21587758e-02 0.00000000e+00 1.67768903e-02]
 [5.28097877e-02 4.10358120e-01 2.91573422e-01 3.32656135e-01
  1.87256041e-01 1.42874013e-01 1.95210433e-01 3.76975031e-01
  4.03141220e-01 2.72954401e-01 0.00000000e+00 6.24491395e-01
  3.64290002e-01 2.67515443e-01 1.69123921e-01]
 [2.69331593e-02 9.44373642e-02 0.00000000e+00 0.00000000e+00
  0.00000000e+00 0.00000000e+00 1.14875706e-03 0.00000000e+00
  5.91132295e-03 5.54179877e-02 0.00000000e+00 2.84840103e-02
  2.63393270e-02 0.00000000e+00 2.59802355e-02]
 [0.00000000e+00 0.00000000e+00 6.61035841e-04 0.00000000e+00
  0.00000000e+00 0.00000000e+00 5.89034590e-02 6.40832575e-03
  0.00000000e+00 9.68657182e-02 0.00000000e+00 0.00000000e+00
  5.55619265e-02 0.00000000e+00 3.92105628e-02]
 [3.98685660e-03 1.58345468e-01 9.83842395e-02 0.00000000e+00
  0.00000000e+00 1.00257653e-01 9.28888830e-02 3.65412515e-02
  0.00000000e+00 1.21352760e-01 0.00000000e+00 9.42062768e-03
  2.15642942e-01 1.79144825e-02 1.10131080e-01]
 [1.00772916e-01 0.00000000e+00 0.00000000e+00 1.11835628e-02
  0.00000000e+00 0.00000000e+00 1.19485210e-01 0.00000000e+00
  0.00000000e+00 0.00000000e+00 0.00000000e+00 0.00000000e+00
  2.75938036e-02 0.00000000e+00 0.00000000e+00]
 [6.96264254e-02 0.00000000e+00 0.00000000e+00 0.00000000e+00
  0.00000000e+00 0.00000000e+00 9.69780281e-02 0.00000000e+00
  4.97634800e-02 0.00000000e+00 0.00000000e+00 0.00000000e+00
  0.00000000e+00 0.00000000e+00 0.00000000e+00]
 [2.01366865e-01 7.40611880e-02 0.00000000e+00 9.35224865e-02
  0.00000000e+00 0.00000000e+00 7.81419481e-02 6.36457091e-02
  0.00000000e+00 6.76460083e-02 0.00000000e+00 0.00000000e+00
  9.35909483e-02 1.30746489e-02 1.77976037e-01]
 [0.00000000e+00 0.00000000e+00 0.00000000e+00 4.73656604e-02
  0.00000000e+00 0.00000000e+00 1.13699760e-01 0.00000000e+00
  6.54047158e-02 8.58464698e-02 0.00000000e+00 0.00000000e+00
  1.65221752e-01 0.00000000e+00 0.00000000e+00]
 [3.53094260e-01 1.78003729e-01 3.09531980e-01 1.71398322e-01
  3.44931858e-01 4.27599716e-01 1.31042397e-01 4.26856003e-01
  3.60310782e-01 1.56946346e-01 8.01002013e-01 6.58641307e-01
  1.49247563e-01 2.53176377e-01 2.61968652e-01]]

2
----------------------------------------------------------------------------------
[[0.00000000e+00 5.88625162e-02 0.00000000e+00 0.00000000e+00
  0.00000000e+00 2.98717499e-02 5.92984287e-02 0.00000000e+00
  0.00000000e+00 1.15946509e-01 0.00000000e+00 0.00000000e+00
  4.38139300e-02 0.00000000e+00 0.00000000e+00]
 [1.86997050e-01 1.50572062e-01 3.30330378e-02 3.22096507e-02
  1.73955905e-01 1.09456649e-01 0.00000000e+00 0.00000000e+00
  0.00000000e+00 8.76054459e-02 0.00000000e+00 7.66274280e-02
  8.11231236e-03 0.00000000e+00 0.00000000e+00]
 [7.53365849e-02 1.64847697e-01 5.50296502e-02 6.53237019e-02
  2.23153551e-01 1.94679824e-01 5.55869865e-02 0.00000000e+00
  1.44966410e-02 0.00000000e+00 9.07912319e-02 9.74098750e-02
  0.00000000e+00 3.51652938e-01 0.00000000e+00]
 [2.95479577e-03 1.35309669e-02 0.00000000e+00 0.00000000e+00
  0.00000000e+00 0.00000000e+00 2.70695788e-03 0.00000000e+00
  0.00000000e+00 3.57583997e-02 0.00000000e+00 0.00000000e+00
  0.00000000e+00 0.00000000e+00 0.00000000e+00]
 [0.00000000e+00 0.00000000e+00 0.00000000e+00 0.00000000e+00
  0.00000000e+00 0.00000000e+00 0.00000000e+00 0.00000000e+00
  0.00000000e+00 0.00000000e+00 0.00000000e+00 0.00000000e+00
  0.00000000e+00 0.00000000e+00 0.00000000e+00]
 [2.34230620e-01 3.41925153e-01 4.67543819e-01 7.74007621e-02
  3.50117174e-01 3.57847435e-01 3.42467399e-01 2.00802256e-01
  4.53744404e-02 1.72783046e-01 1.45706365e-01 0.00000000e+00
  2.01309277e-01 1.58402316e-01 0.00000000e+00]
 [0.00000000e+00 5.26231489e-02 0.00000000e+00 0.00000000e+00
  6.98877508e-02 0.00000000e+00 0.00000000e+00 0.00000000e+00
  0.00000000e+00 3.68005671e-02 0.00000000e+00 0.00000000e+00
  0.00000000e+00 0.00000000e+00 0.00000000e+00]
 [4.84750025e-03 8.43389317e-03 0.00000000e+00 0.00000000e+00
  0.00000000e+00 5.25441281e-03 1.70931701e-02 0.00000000e+00
  0.00000000e+00 0.00000000e+00 0.00000000e+00 0.00000000e+00
  0.00000000e+00 0.00000000e+00 0.00000000e+00]
 [0.00000000e+00 3.93769938e-03 0.00000000e+00 0.00000000e+00
  0.00000000e+00 0.00000000e+00 0.00000000e+00 0.00000000e+00
  0.00000000e+00 0.00000000e+00 0.00000000e+00 0.00000000e+00
  0.00000000e+00 0.00000000e+00 0.00000000e+00]
 [2.27665269e-01 5.24562816e-01 3.50397962e-01 2.06320240e-01
  1.96195378e-01 1.06423251e-01 0.00000000e+00 8.42532767e-02
  2.39973067e-01 3.37933195e-01 2.01291742e-01 4.31446887e-01
  0.00000000e+00 2.02330047e-01 1.19566198e-01]
 [0.00000000e+00 9.27071155e-02 0.00000000e+00 0.00000000e+00
  2.17786988e-02 0.00000000e+00 0.00000000e+00 0.00000000e+00
  0.00000000e+00 0.00000000e+00 0.00000000e+00 0.00000000e+00
  0.00000000e+00 0.00000000e+00 0.00000000e+00]
 [0.00000000e+00 1.53728226e-03 0.00000000e+00 0.00000000e+00
  0.00000000e+00 0.00000000e+00 5.32770721e-02 0.00000000e+00
  0.00000000e+00 0.00000000e+00 0.00000000e+00 0.00000000e+00
  0.00000000e+00 0.00000000e+00 0.00000000e+00]
 [0.00000000e+00 7.04740798e-02 0.00000000e+00 1.12642622e-01
  1.44163622e-01 0.00000000e+00 0.00000000e+00 0.00000000e+00
  2.96241758e-02 0.00000000e+00 0.00000000e+00 0.00000000e+00
  0.00000000e+00 5.89748529e-02 0.00000000e+00]
 [0.00000000e+00 4.26255750e-02 8.88199135e-02 2.29194552e-01
  4.34453375e-01 4.42663451e-01 1.48040364e+00 2.36240531e-01
  0.00000000e+00 0.00000000e+00 0.00000000e+00 0.00000000e+00
  0.00000000e+00 1.11568881e-01 3.13180056e-02]
 [0.00000000e+00 1.05217836e-01 1.69292921e-01 4.39484324e-01
  6.54210464e-01 6.74190546e-01 2.58062537e+00 2.47159102e+00
  8.17315079e-02 6.46808624e-02 0.00000000e+00 7.75978092e-02
  0.00000000e+00 4.98103437e-01 4.64441830e-01]
 [2.61224518e-02 1.93854081e-01 2.98267681e-01 3.23709462e-01
  3.63874803e-01 7.72712155e-01 3.52958506e-01 8.73677249e-01
  2.19921579e-01 6.91765949e-02 0.00000000e+00 1.01380641e-01
  1.15189893e-01 1.86035887e-01 1.13455060e-01]
 [8.91907163e-02 2.98640516e-02 1.49004519e-01 1.59344580e-01
  4.28964194e-01 3.35818960e-01 3.98455098e-01 4.92427714e-01
  0.00000000e+00 7.88931100e-03 0.00000000e+00 0.00000000e+00
  0.00000000e+00 1.70301405e-03 7.51799260e-04]
 [3.94894290e-01 1.56405923e-01 2.27648824e-01 1.99209047e-01
  2.20907516e-01 1.67689585e-01 4.43726713e-01 3.95467383e-01
  2.79275327e-01 3.25736908e-01 5.47556541e-01 5.01697093e-01
  5.56917452e-01 3.50146723e-01 5.78139227e-01]]

3
----------------------------------------------------------------------------------
[[1.00086976e-02 0.00000000e+00 1.54486964e-02 5.67690880e-03
  0.00000000e+00 0.00000000e+00 0.00000000e+00 0.00000000e+00
  1.04961483e-01 0.00000000e+00 9.82271240e-02 1.42760070e-01
  0.00000000e+00 0.00000000e+00 0.00000000e+00]
 [1.33514622e-01 3.08846234e-02 0.00000000e+00 5.08645226e-02
  0.00000000e+00 4.03456279e-02 0.00000000e+00 0.00000000e+00
  2.45275618e-01 0.00000000e+00 5.40302718e-02 3.04612406e-01
  1.11077472e-01 1.03859476e-01 0.00000000e+00]
 [1.70970594e-01 1.67848514e-01 1.13355286e-01 5.62634388e-02
  1.21965455e-01 2.22754291e-02 1.23222725e-01 1.63893749e-01
  4.32936194e-02 2.36985292e-01 1.93547051e-01 3.16374544e-01
  1.86369078e-02 4.59399600e-01 2.09903763e-01]
 [0.00000000e+00 0.00000000e+00 7.84985985e-02 8.30854890e-02
  0.00000000e+00 6.53193023e-02 0.00000000e+00 0.00000000e+00
  4.69287869e-02 2.34063300e-02 2.11064930e-02 9.68377076e-02
  0.00000000e+00 0.00000000e+00 0.00000000e+00]
 [8.40870311e-02 0.00000000e+00 0.00000000e+00 7.57299201e-02
  0.00000000e+00 5.43300972e-02 0.00000000e+00 0.00000000e+00
  1.18128644e-03 6.32197845e-02 0.00000000e+00 1.50962017e-01
  6.17018271e-02 0.00000000e+00 0.00000000e+00]
 [4.16768848e-01 2.59600530e-01 2.19758607e-01 5.75307439e-01
  2.17041447e-01 0.00000000e+00 0.00000000e+00 5.90586023e-02
  1.40289323e-01 6.92829808e-02 0.00000000e+00 2.45376595e-01
  4.46199527e-01 5.77514315e-01 0.00000000e+00]
 [1.92115669e-01 0.00000000e+00 0.00000000e+00 9.10348515e-02
  0.00000000e+00 0.00000000e+00 0.00000000e+00 0.00000000e+00
  2.31939857e-02 4.64663831e-02 0.00000000e+00 1.89074760e-01
  6.57703216e-02 0.00000000e+00 5.36091574e-02]
 [0.00000000e+00 0.00000000e+00 2.45142975e+00 2.93824238e+00
  4.01234785e-01 6.74401189e-01 2.80831278e-01 3.05768542e-01
  3.62338031e-01 1.00466518e-01 1.59729208e-01 7.51397630e-02
  0.00000000e+00 0.00000000e+00 0.00000000e+00]
 [0.00000000e+00 0.00000000e+00 2.83706019e+00 4.55438056e+00
  1.50604541e-02 1.11071002e+00 7.64811654e-01 5.80102642e-01
  5.25492306e-01 2.54503083e-01 9.86280885e-02 5.34160414e-02
  1.50693345e-01 0.00000000e+00 0.00000000e+00]
 [2.93804499e-01 4.86937267e-01 1.16669983e+00 2.69827416e+00
  2.57941217e-01 6.47823649e-01 2.08358814e-01 8.50584130e-02
  4.60999485e-01 3.24638784e-01 3.70412448e-01 2.68292295e-01
  3.61514860e-01 1.09153612e-01 0.00000000e+00]
 [6.77839728e-02 2.20426188e-02 1.59904665e+00 3.27621533e+00
  3.93408439e-01 7.67704900e-01 5.43095258e-01 3.73471313e-01
  4.56648815e-01 3.57057442e-01 2.08179105e-01 1.14738897e-01
  1.13534341e-01 1.13736312e-02 1.25914282e-01]
 [2.29458110e-02 1.05556313e-02 1.28740368e+00 3.08432611e+00
  7.56345258e-02 8.18674411e-01 4.01511693e-01 3.12880196e-01
  2.82816615e-01 1.08899589e-01 0.00000000e+00 5.96252002e-02
  7.01327943e-02 0.00000000e+00 0.00000000e+00]
 [1.97821490e-01 1.12143879e-01 5.82957924e-01 2.63036762e+00
  2.79032192e-01 7.77794799e-01 7.90307164e-02 1.52058661e-01
  1.88288242e-01 3.35767823e-01 2.37301717e-01 6.63952082e-02
  5.67779085e-02 8.89040375e-02 5.64743649e-02]
 [3.03954055e-01 4.26088194e-01 4.34276896e-01 3.41120186e-01
  0.00000000e+00 4.70004109e-01 5.08716155e+00 1.13704279e+00
  1.79440539e-01 3.14482456e-03 0.00000000e+00 0.00000000e+00
  0.00000000e+00 0.00000000e+00 0.00000000e+00]
 [1.15894065e+00 1.48178558e+00 1.40763702e+00 5.78915631e-01
  4.60335404e-02 9.83870506e-01 4.34831863e+00 1.45867043e+00
  7.49204442e-02 0.00000000e+00 0.00000000e+00 0.00000000e+00
  1.73510207e-02 0.00000000e+00 0.00000000e+00]
 [5.81763718e-01 1.18927031e+00 9.29650311e-01 5.92986675e-01
  2.83050183e-02 4.52645467e-01 9.89715261e-01 5.28773158e-01
  0.00000000e+00 6.49490478e-03 0.00000000e+00 4.26339901e-02
  0.00000000e+00 0.00000000e+00 0.00000000e+00]
 [2.77850967e-01 4.68852287e-01 1.62108344e-01 3.97563421e-01
  1.07124358e-01 1.97518106e-01 4.39266476e-01 2.06514400e-01
  0.00000000e+00 0.00000000e+00 3.98439824e-02 1.36654450e-01
  2.00839924e-02 8.21417238e-02 0.00000000e+00]
 [1.45600094e-01 1.86988915e-01 3.52172288e-01 2.34306013e-01
  2.80095537e-01 4.96551099e-01 7.31750593e-01 4.05891881e-01
  3.81822419e-01 3.85532727e-01 4.60139074e-01 3.80143066e-01
  6.27682440e-01 8.87850064e-01 7.85975079e-01]]

4
----------------------------------------------------------------------------------
[[0.00000000e+00 0.00000000e+00 0.00000000e+00 1.05727706e-01
  1.65669693e-02 2.05278937e-01 2.29220068e-02 8.88342865e-02
  1.86267914e-01 2.55741002e-01 1.19923968e-01 7.47836928e-02
  0.00000000e+00 2.30687756e-01 0.00000000e+00]
 [2.12547648e-02 2.88727126e-02 1.58941286e-01 1.11282630e-01
  1.64192389e-01 3.44494651e-01 3.74588711e-02 3.03905360e-01
  1.85406592e-01 2.70557116e-01 1.70223990e-01 6.71314475e-03
  1.07647405e-01 1.40207934e-01 0.00000000e+00]
 [2.06459518e-01 2.15924327e-01 1.63061856e-01 3.08183262e-01
  2.93891392e-01 3.82359270e-01 1.28763927e-01 2.79482664e-01
  3.84413422e-01 2.32766668e-01 2.63354594e-01 3.53134233e-01
  7.95087803e-02 5.27431899e-01 2.91776322e-01]
 [0.00000000e+00 0.00000000e+00 0.00000000e+00 1.66951914e-01
  0.00000000e+00 8.64669960e-02 0.00000000e+00 0.00000000e+00
  1.33928916e-01 1.48236055e-01 1.36859770e-01 3.18991607e-02
  0.00000000e+00 1.90499225e-01 0.00000000e+00]
 [0.00000000e+00 0.00000000e+00 0.00000000e+00 1.65660895e-01
  0.00000000e+00 1.53364083e-01 1.54463238e-02 0.00000000e+00
  1.22179873e-01 1.35362451e-01 1.00606471e-01 2.32883166e-02
  0.00000000e+00 8.28596001e-02 0.00000000e+00]
 [2.31070817e-01 4.92399114e-01 1.40664270e-01 1.68008117e-01
  4.26459955e-01 8.23301265e-04 3.81513645e-01 3.15017913e-01
  3.87257383e-01 4.59850324e-01 5.55675616e-01 2.38302915e-01
  2.70852551e-01 5.35222385e-01 5.43435594e-01]
 [8.90407786e-05 8.67805069e-02 3.03496083e-02 1.37722609e-01
  2.92833233e-02 1.74566624e-01 1.03173022e-01 7.93956360e-02
  2.11605842e-01 1.48230952e-01 3.32136462e-02 3.42892135e-02
  0.00000000e+00 1.25501650e-01 0.00000000e+00]
 [0.00000000e+00 0.00000000e+00 0.00000000e+00 7.78532988e-02
  8.17456808e-03 6.31046243e-02 0.00000000e+00 1.14357056e-03
  1.50788670e-01 3.29996962e-02 2.01840957e-01 0.00000000e+00
  0.00000000e+00 1.28955495e-01 0.00000000e+00]
 [0.00000000e+00 0.00000000e+00 0.00000000e+00 6.98232994e-02
  3.13967987e-02 0.00000000e+00 0.00000000e+00 0.00000000e+00
  9.92579745e-02 1.13073487e-01 1.23085789e-01 0.00000000e+00
  0.00000000e+00 6.03034858e-02 0.00000000e+00]
 [1.00021620e+00 0.00000000e+00 1.00269564e-02 1.45060150e-01
  0.00000000e+00 4.66950069e-01 4.53477363e-01 7.67662441e-02
  6.60444517e-01 7.02027417e-02 4.99500169e-01 2.38262645e-01
  3.32722711e-02 8.20140072e-01 0.00000000e+00]
 [1.53223724e-01 0.00000000e+00 5.05670028e-02 0.00000000e+00
  7.87532851e-02 2.67961932e-01 6.41228835e-02 0.00000000e+00
  2.52563637e-01 1.57875718e-02 6.00036697e-02 0.00000000e+00
  0.00000000e+00 4.48592695e-02 0.00000000e+00]
 [7.10405973e-03 0.00000000e+00 0.00000000e+00 7.59217850e-02
  1.49031805e-02 5.00074690e-02 0.00000000e+00 0.00000000e+00
  1.34313926e-01 7.01763630e-02 1.21452753e-01 0.00000000e+00
  1.08401342e-02 9.75193415e-02 0.00000000e+00]
 [0.00000000e+00 0.00000000e+00 1.19439065e-01 9.70349170e-02
  0.00000000e+00 1.63387253e-01 0.00000000e+00 3.02011183e-03
  1.99307352e-01 1.35493038e-01 1.49691235e-01 0.00000000e+00
  8.05349036e-03 8.83941313e-02 0.00000000e+00]
 [0.00000000e+00 0.00000000e+00 0.00000000e+00 1.21837981e-02
  0.00000000e+00 5.76411942e-02 0.00000000e+00 0.00000000e+00
  5.21006690e-02 0.00000000e+00 0.00000000e+00 0.00000000e+00
  0.00000000e+00 0.00000000e+00 0.00000000e+00]
 [0.00000000e+00 0.00000000e+00 0.00000000e+00 1.71467138e-02
  5.46234162e-02 2.23628574e-01 1.86863101e-02 0.00000000e+00
  2.40714237e-01 2.07548538e-02 4.58737953e-02 0.00000000e+00
  0.00000000e+00 0.00000000e+00 0.00000000e+00]
 [0.00000000e+00 0.00000000e+00 0.00000000e+00 4.06898429e-02
  0.00000000e+00 1.14532839e-01 1.88470251e-01 1.52619104e-01
  1.29860386e-01 0.00000000e+00 7.25156699e-02 1.72129496e-01
  3.71964127e-02 0.00000000e+00 0.00000000e+00]
 [5.10249956e-02 0.00000000e+00 0.00000000e+00 0.00000000e+00
  0.00000000e+00 1.21517023e-01 0.00000000e+00 0.00000000e+00
  6.81830347e-02 0.00000000e+00 2.19448367e-01 0.00000000e+00
  0.00000000e+00 3.18525917e-02 0.00000000e+00]
 [9.36484337e-01 9.30607769e-01 1.02230880e+00 7.15110273e-01
  6.67185339e-01 6.97237844e-01 6.09918820e-01 4.79204861e-01
  2.87378273e-01 2.33495416e-01 2.93675955e-01 5.05272968e-01
  2.39688001e-01 2.32352615e-01 5.78552531e-01]]

5
----------------------------------------------------------------------------------
[[0.00000000e+00 0.00000000e+00 0.00000000e+00 0.00000000e+00
  2.33992557e-01 0.00000000e+00 0.00000000e+00 1.41994526e-01
  2.01650856e-02 5.57316634e-02 0.00000000e+00 1.92384863e-01
  1.88850377e-01 1.84926066e-02 3.98978434e-01]
 [0.00000000e+00 0.00000000e+00 0.00000000e+00 6.08154317e-02
  1.04100821e-01 7.29231943e-02 1.21861116e-02 4.53625569e-02
  7.66217463e-02 2.07878287e-01 0.00000000e+00 2.45462215e-01
  1.43649547e-01 1.33373233e-02 8.15886551e-02]
 [0.00000000e+00 0.00000000e+00 0.00000000e+00 1.09216243e-01
  4.75903073e-03 1.54774684e-01 5.90882186e-02 8.84068951e-03
  2.39640045e-01 2.70263258e-01 5.74193713e-02 6.65815012e-02
  1.44086988e-01 1.53218333e-01 2.51865645e-01]
 [0.00000000e+00 0.00000000e+00 0.00000000e+00 0.00000000e+00
  1.22486491e-01 0.00000000e+00 0.00000000e+00 4.65023183e-02
  0.00000000e+00 9.47616446e-02 0.00000000e+00 1.90251798e-01
  2.79700423e-01 1.32662561e-01 2.04884753e-01]
 [0.00000000e+00 0.00000000e+00 0.00000000e+00 0.00000000e+00
  9.75344853e-02 0.00000000e+00 0.00000000e+00 2.39736915e-02
  1.85509325e-02 0.00000000e+00 0.00000000e+00 1.44537164e-02
  7.93350170e-02 1.24918810e-01 1.33055802e-01]
 [4.62132276e-01 1.21157313e-01 2.24447804e-02 2.78174522e-01
  1.37055678e-01 6.21425448e-02 0.00000000e+00 7.09188565e-02
  1.82285853e-01 2.82905135e-02 1.70928280e-01 1.14783763e-01
  1.14430810e-01 3.88988273e-01 2.17175532e-01]
 [0.00000000e+00 0.00000000e+00 0.00000000e+00 8.26644218e-02
  0.00000000e+00 3.99069440e-02 0.00000000e+00 3.56367909e-02
  0.00000000e+00 0.00000000e+00 5.83426201e-03 3.22324390e-02
  0.00000000e+00 1.07926418e-01 4.87735101e-02]
 [0.00000000e+00 0.00000000e+00 0.00000000e+00 0.00000000e+00
  1.59881321e-01 0.00000000e+00 0.00000000e+00 8.70569406e-02
  0.00000000e+00 8.57791063e-02 0.00000000e+00 2.49296405e-01
  2.60019558e-01 6.86506729e-02 2.49401307e-02]
 [0.00000000e+00 0.00000000e+00 0.00000000e+00 0.00000000e+00
  1.23151005e-01 0.00000000e+00 0.00000000e+00 0.00000000e+00
  2.02195126e-02 4.66426236e-02 0.00000000e+00 3.05775770e-02
  1.61033061e-01 4.70865149e-02 7.29664464e-03]
 [3.22854464e-02 1.34694351e-04 2.71655572e-01 7.49521855e-02
  4.17428062e-01 9.67601943e-04 2.42239876e-01 0.00000000e+00
  1.52622381e-01 3.39444621e-02 6.57498875e-01 7.11922467e-02
  2.29721833e-01 2.30090921e-01 2.05560734e-01]
 [0.00000000e+00 0.00000000e+00 0.00000000e+00 0.00000000e+00
  0.00000000e+00 0.00000000e+00 0.00000000e+00 4.22013178e-03
  0.00000000e+00 1.05768499e-01 0.00000000e+00 0.00000000e+00
  0.00000000e+00 0.00000000e+00 7.30435287e-02]
 [0.00000000e+00 0.00000000e+00 0.00000000e+00 0.00000000e+00
  1.66246126e-01 0.00000000e+00 0.00000000e+00 3.94081214e-03
  2.43288850e-03 1.55897394e-02 0.00000000e+00 0.00000000e+00
  1.66315115e-01 6.02499922e-02 1.29729273e-02]
 [1.50984807e-02 0.00000000e+00 0.00000000e+00 0.00000000e+00
  2.38972123e-01 9.78685028e-02 0.00000000e+00 1.20251922e-01
  0.00000000e+00 1.56730109e-01 0.00000000e+00 1.23538037e-01
  8.62411420e-03 2.41758261e-02 0.00000000e+00]
 [1.13799161e-01 0.00000000e+00 0.00000000e+00 1.86976229e-02
  0.00000000e+00 0.00000000e+00 0.00000000e+00 0.00000000e+00
  0.00000000e+00 0.00000000e+00 0.00000000e+00 1.13455070e-01
  4.35156842e-01 0.00000000e+00 0.00000000e+00]
 [2.18188926e-02 0.00000000e+00 0.00000000e+00 0.00000000e+00
  6.04968984e-02 0.00000000e+00 0.00000000e+00 0.00000000e+00
  0.00000000e+00 0.00000000e+00 0.00000000e+00 4.63124816e-01
  6.88800946e-01 2.73829401e-03 0.00000000e+00]
 [8.96158702e-02 0.00000000e+00 0.00000000e+00 3.83046677e-02
  1.89110134e-02 0.00000000e+00 0.00000000e+00 0.00000000e+00
  0.00000000e+00 0.00000000e+00 1.86523445e-01 9.08016881e-01
  9.30389466e-01 0.00000000e+00 0.00000000e+00]
 [1.42058467e-01 0.00000000e+00 0.00000000e+00 3.62719626e-02
  6.12348609e-02 6.61786337e-02 1.18302892e-03 7.13316970e-02
  0.00000000e+00 2.31449776e-01 0.00000000e+00 2.53631574e-01
  4.62094934e-01 0.00000000e+00 0.00000000e+00]
 [3.38118815e-01 3.27591575e-01 4.53743337e-01 3.46372171e-01
  2.32206111e-01 2.49919847e-01 4.28356951e-01 4.06991854e-01
  4.71370572e-01 5.76602956e-01 6.65294857e-01 4.62134717e-01
  2.56780298e-01 6.22231617e-01 4.99568734e-01]]

6
----------------------------------------------------------------------------------
[[0.         0.03203899 0.         0.         0.         0.00180322
  0.13234517 0.14523617 0.08714568 0.         0.         0.
  0.         0.         0.        ]
 [0.         0.         0.         0.         0.         0.17261281
  0.06676112 0.11311879 0.         0.12146565 0.         0.
  0.06661608 0.1503287  0.        ]
 [0.         0.18896847 0.         0.         0.14852727 0.15735485
  0.25173636 0.13227825 0.         0.10045187 0.         0.
  0.03866603 0.17295707 0.        ]
 [0.         0.12603158 0.         0.         0.         0.0158597
  0.25319606 0.16488438 0.12452642 0.00643311 0.         0.
  0.         0.         0.        ]
 [0.         0.05094118 0.         0.         0.         0.04431921
  0.09014114 0.1617279  0.12654059 0.05290474 0.         0.
  0.         0.06773444 0.        ]
 [0.042372   0.25311577 0.         0.28325292 0.11119846 0.25246715
  0.18758891 0.35151484 0.09787171 0.20464118 0.26484182 0.24007595
  0.         0.         0.        ]
 [0.         0.         0.         0.         0.10020996 0.04276519
  0.08580203 0.21874068 0.05412487 0.04944369 0.         0.
  0.01933664 0.12878106 0.        ]
 [0.         0.         0.         0.         0.         0.04054239
  0.15591021 0.20353203 0.1546076  0.05351809 0.         0.
  0.         0.         0.        ]
 [0.         0.         0.         0.         0.         0.02379963
  0.09389958 0.1781002  0.12097319 0.03068129 0.         0.
  0.         0.         0.        ]
 [0.         0.         0.         0.         0.1564757  0.11181194
  0.57952163 0.27265631 0.         0.2067743  0.02828468 0.
  0.         0.         0.        ]
 [0.         0.         0.         0.00398435 0.         0.02534031
  0.08423338 0.05217382 0.03469399 0.01266986 0.         0.
  0.00692724 0.         0.        ]
 [0.         0.01644365 0.         0.         0.         0.06284288
  0.1036     0.16604955 0.14713227 0.07924506 0.         0.
  0.         0.         0.        ]
 [0.         0.         0.         0.         0.         0.14108168
  0.07319469 0.11323524 0.         0.05675162 0.         0.
  0.         0.14629592 0.        ]
 [0.         0.08244423 0.         0.         0.0288588  0.0977564
  0.29851554 0.31075416 0.21171197 0.38080758 0.13049352 0.
  0.         0.05034034 0.        ]
 [0.         0.06715246 0.         0.         0.39459518 0.45536095
  0.51783961 0.36870096 0.27454368 0.40999015 0.17394683 0.03058829
  0.02412872 0.05592712 0.        ]
 [0.21776638 0.11902088 0.         0.         0.29049433 0.41076328
  0.63329211 0.66239065 0.67844831 0.75961781 0.22236349 0.3980147
  0.05432751 0.06888666 0.        ]
 [0.         0.         0.         0.         0.16633069 0.26589038
  0.1762879  0.42853429 0.42529985 0.4405633  0.23424477 0.0296162
  0.         0.         0.06026091]
 [0.65345474 0.67509801 0.79854326 0.63191598 0.29295996 0.26482196
  0.16981831 0.18014621 0.49998269 0.25625299 0.39586222 0.70125858
  0.65905769 0.88241177 0.75276456]]

7
----------------------------------------------------------------------------------
[[0.00000000e+00 2.21651601e-01 7.69303804e-02 9.02671653e-02
  3.10768147e-02 0.00000000e+00 0.00000000e+00 0.00000000e+00
  0.00000000e+00 0.00000000e+00 0.00000000e+00 0.00000000e+00
  1.43949077e-01 1.76352694e-01 6.35628306e-02]
 [0.00000000e+00 2.20130550e-01 1.29302424e-01 6.69508984e-02
  1.80337134e-03 0.00000000e+00 0.00000000e+00 0.00000000e+00
  1.05477938e-01 0.00000000e+00 0.00000000e+00 0.00000000e+00
  2.44227390e-01 1.97200474e-01 7.57044722e-02]
 [1.30339422e-01 3.77551012e-01 2.91683049e-01 1.85924406e-01
  0.00000000e+00 0.00000000e+00 0.00000000e+00 0.00000000e+00
  1.22314039e-01 0.00000000e+00 3.23091468e-02 0.00000000e+00
  4.68363340e-01 1.42527050e-01 2.50280821e-01]
 [0.00000000e+00 8.50545953e-02 1.46693516e-01 1.63134721e-01
  0.00000000e+00 0.00000000e+00 0.00000000e+00 0.00000000e+00
  0.00000000e+00 0.00000000e+00 0.00000000e+00 0.00000000e+00
  1.15952289e-01 2.29124910e-01 6.77853511e-02]
 [0.00000000e+00 1.45166059e-01 1.94917924e-01 1.10235391e-01
  0.00000000e+00 0.00000000e+00 0.00000000e+00 9.84824113e-03
  3.97227131e-02 0.00000000e+00 0.00000000e+00 0.00000000e+00
  2.15567320e-01 1.54806578e-01 2.96561106e-02]
 [1.33121217e-01 1.89769159e-01 3.48924357e-01 3.83031539e-01
  0.00000000e+00 0.00000000e+00 0.00000000e+00 1.93878226e-01
  1.58622144e-01 6.22331215e-02 0.00000000e+00 1.44421680e-01
  3.25850159e-01 3.00285498e-01 2.30176698e-01]
 [0.00000000e+00 1.97169544e-01 2.49902653e-01 9.77082582e-02
  0.00000000e+00 0.00000000e+00 0.00000000e+00 0.00000000e+00
  1.68613144e-01 0.00000000e+00 0.00000000e+00 0.00000000e+00
  1.67926139e-01 2.24543599e-01 0.00000000e+00]
 [0.00000000e+00 6.24674425e-02 0.00000000e+00 2.76643016e-02
  0.00000000e+00 1.13510863e-02 0.00000000e+00 0.00000000e+00
  0.00000000e+00 0.00000000e+00 0.00000000e+00 0.00000000e+00
  7.46246172e-02 1.28484036e-01 1.04627800e-01]
 [0.00000000e+00 1.09480993e-01 1.84015970e-02 3.33999391e-02
  0.00000000e+00 0.00000000e+00 0.00000000e+00 0.00000000e+00
  0.00000000e+00 0.00000000e+00 0.00000000e+00 0.00000000e+00
  1.27298243e-01 7.11876530e-02 4.30215416e-02]
 [8.22739855e-01 3.92368417e-01 4.09718939e-01 3.90170791e-01
  2.30191112e-02 9.22206112e-03 0.00000000e+00 1.11282351e-01
  3.65785897e-02 5.47030367e-04 0.00000000e+00 0.00000000e+00
  8.48271497e-01 2.39913433e-01 3.31286447e-01]
 [0.00000000e+00 1.65667214e-01 2.77379062e-01 5.28941003e-02
  0.00000000e+00 0.00000000e+00 0.00000000e+00 0.00000000e+00
  3.09980496e-02 0.00000000e+00 0.00000000e+00 0.00000000e+00
  1.39328598e-01 1.21213745e-01 6.43848628e-02]
 [0.00000000e+00 1.88106683e-01 0.00000000e+00 2.37562708e-02
  0.00000000e+00 0.00000000e+00 0.00000000e+00 0.00000000e+00
  0.00000000e+00 0.00000000e+00 0.00000000e+00 0.00000000e+00
  1.02710079e-01 1.57597652e-01 2.07078640e-02]
 [0.00000000e+00 2.27501711e-01 2.86628728e-01 8.61280490e-02
  0.00000000e+00 0.00000000e+00 0.00000000e+00 5.69364309e-02
  1.34761243e-01 0.00000000e+00 0.00000000e+00 0.00000000e+00
  3.23443717e-01 2.41502442e-02 2.40523043e-02]
 [0.00000000e+00 3.26518612e-02 4.09497792e-03 1.71099275e-01
  0.00000000e+00 6.84421832e-02 0.00000000e+00 1.51099677e-01
  1.21291840e-01 0.00000000e+00 0.00000000e+00 5.44773364e-02
  3.72264575e-01 9.30259714e-01 1.16814055e+00]
 [0.00000000e+00 6.04532307e-02 1.03094243e-02 2.17859880e-01
  0.00000000e+00 7.74317031e-02 0.00000000e+00 3.40539406e-02
  1.04194613e-01 0.00000000e+00 0.00000000e+00 9.48223984e-01
  4.10808992e-01 2.13276898e+00 2.15163705e+00]
 [0.00000000e+00 1.02852394e-01 2.48315141e-01 2.01722522e-01
  0.00000000e+00 0.00000000e+00 0.00000000e+00 0.00000000e+00
  2.29857581e-01 0.00000000e+00 5.35207600e-02 9.61632176e-01
  1.08348218e+00 1.26818535e+00 7.83492614e-01]
 [0.00000000e+00 1.69355151e-01 4.30378983e-02 2.11301662e-01
  0.00000000e+00 0.00000000e+00 0.00000000e+00 1.39699677e-01
  1.97617940e-02 0.00000000e+00 0.00000000e+00 0.00000000e+00
  1.25999342e-01 2.56815448e-01 2.91604806e-01]
 [5.21459486e-01 3.36046185e-01 2.88810220e-01 2.10958436e-01
  4.64650656e-01 5.53677641e-01 6.81815428e-01 6.96436865e-01
  5.57041681e-01 7.27957954e-01 7.10163436e-01 8.20681470e-01
  2.64492492e-01 4.57477471e-01 2.86909634e-01]]

8
----------------------------------------------------------------------------------
[[1.02089252e-03 1.14471837e-02 0.00000000e+00 1.39389166e-01
  0.00000000e+00 1.04622351e-01 9.69488301e-02 9.91065002e-02
  0.00000000e+00 0.00000000e+00 0.00000000e+00 0.00000000e+00
  0.00000000e+00 0.00000000e+00 0.00000000e+00]
 [0.00000000e+00 3.88767306e-02 1.38357229e-02 3.74035214e-02
  7.75597069e-02 2.39678648e-01 7.46762271e-02 1.19455258e-01
  2.23942710e-02 0.00000000e+00 0.00000000e+00 1.34493724e-02
  0.00000000e+00 0.00000000e+00 0.00000000e+00]
 [6.10529997e-02 0.00000000e+00 5.35855112e-02 4.66041507e-01
  2.32349829e-01 1.06025796e-01 1.62749348e-01 2.98616079e-01
  8.01611402e-02 0.00000000e+00 0.00000000e+00 0.00000000e+00
  0.00000000e+00 0.00000000e+00 0.00000000e+00]
 [0.00000000e+00 0.00000000e+00 0.00000000e+00 8.41996656e-02
  0.00000000e+00 1.31633115e-01 1.25171613e-01 3.42585178e-03
  0.00000000e+00 0.00000000e+00 0.00000000e+00 0.00000000e+00
  0.00000000e+00 0.00000000e+00 0.00000000e+00]
 [0.00000000e+00 0.00000000e+00 1.41618551e-03 2.15938129e-02
  0.00000000e+00 5.09257763e-02 4.73640750e-02 1.05913858e-01
  0.00000000e+00 0.00000000e+00 0.00000000e+00 1.36898928e-01
  0.00000000e+00 0.00000000e+00 0.00000000e+00]
 [2.50114918e-01 1.18307976e-01 2.15318665e-01 3.51207390e-01
  1.91853821e-01 1.16028727e-01 2.89829922e-01 3.20487362e-01
  2.49426121e-01 0.00000000e+00 0.00000000e+00 5.59179887e-02
  0.00000000e+00 0.00000000e+00 0.00000000e+00]
 [7.35361237e-03 0.00000000e+00 3.47839966e-02 0.00000000e+00
  0.00000000e+00 7.12559204e-02 3.96331360e-02 7.89724445e-02
  1.35371056e-02 0.00000000e+00 0.00000000e+00 1.91125367e-01
  0.00000000e+00 0.00000000e+00 0.00000000e+00]
 [0.00000000e+00 0.00000000e+00 0.00000000e+00 0.00000000e+00
  0.00000000e+00 1.17245928e-01 4.19535446e-02 7.10633174e-02
  0.00000000e+00 0.00000000e+00 0.00000000e+00 0.00000000e+00
  0.00000000e+00 0.00000000e+00 0.00000000e+00]
 [0.00000000e+00 0.00000000e+00 0.00000000e+00 3.46751100e-02
  0.00000000e+00 1.17929688e-01 1.21496676e-02 2.76105492e-02
  0.00000000e+00 0.00000000e+00 0.00000000e+00 0.00000000e+00
  0.00000000e+00 0.00000000e+00 0.00000000e+00]
 [8.90410801e-02 1.30822773e-01 4.19416612e-02 5.38683382e-01
  2.23050636e-01 1.96718937e-01 2.83882720e-01 7.87521419e-01
  7.87323543e-01 0.00000000e+00 0.00000000e+00 2.07837211e-02
  0.00000000e+00 6.22058190e-03 0.00000000e+00]
 [0.00000000e+00 0.00000000e+00 0.00000000e+00 7.01737403e-03
  0.00000000e+00 5.15348519e-02 7.81082434e-02 1.45441540e-02
  7.10386555e-02 0.00000000e+00 0.00000000e+00 4.22908342e-02
  0.00000000e+00 0.00000000e+00 0.00000000e+00]
 [0.00000000e+00 0.00000000e+00 0.00000000e+00 1.07260242e-01
  0.00000000e+00 1.48096640e-01 4.07859180e-02 1.95509428e-02
  0.00000000e+00 0.00000000e+00 0.00000000e+00 0.00000000e+00
  0.00000000e+00 0.00000000e+00 0.00000000e+00]
 [0.00000000e+00 0.00000000e+00 0.00000000e+00 1.22843206e-01
  1.39109444e-01 1.51193576e-01 7.62051062e-03 5.96647121e-02
  2.31681751e-01 0.00000000e+00 0.00000000e+00 1.09948802e-01
  0.00000000e+00 0.00000000e+00 0.00000000e+00]
 [0.00000000e+00 4.25565984e-02 0.00000000e+00 9.76553508e-02
  5.78434534e-01 7.50976486e-01 1.50014988e-01 1.66727389e-02
  6.60583960e-02 0.00000000e+00 0.00000000e+00 2.54531908e-01
  1.39383460e-01 3.74384983e-02 0.00000000e+00]
 [1.14671092e-01 5.71220001e-03 0.00000000e+00 2.30117871e-01
  6.03249514e-01 1.87715885e-01 1.34564580e-01 2.59010006e-01
  4.09741206e-02 0.00000000e+00 0.00000000e+00 3.93541273e-01
  7.88332809e-01 3.82915909e-01 0.00000000e+00]
 [0.00000000e+00 5.56524174e-02 7.02414194e-03 0.00000000e+00
  2.75500943e-01 6.59863135e-01 1.66900437e-01 1.09954694e-01
  2.08238348e-01 2.56343642e-01 0.00000000e+00 2.41786597e-01
  9.47215327e-02 0.00000000e+00 0.00000000e+00]
 [1.90979821e-01 2.10508895e-01 0.00000000e+00 4.28290252e-01
  5.76433014e-01 3.16641393e-01 3.42711452e-01 2.15580459e-01
  1.92417312e-01 0.00000000e+00 0.00000000e+00 1.90943776e-01
  0.00000000e+00 0.00000000e+00 0.00000000e+00]
 [3.89937754e-01 3.15799883e-01 5.04374885e-01 4.67347462e-01
  1.98546646e-01 3.90073726e-01 2.26812662e-01 2.11225284e-01
  1.68460394e-01 6.86113096e-01 8.50005976e-01 8.44693346e-01
  1.47976838e+00 1.34685418e+00 1.60582413e+00]]

9
----------------------------------------------------------------------------------
[[0.00000000e+00 0.00000000e+00 1.83488743e-02 0.00000000e+00
  5.80593145e-03 0.00000000e+00 0.00000000e+00 0.00000000e+00
  2.69754687e-02 8.81114209e-02 1.57989593e-02 0.00000000e+00
  2.91667425e-01 6.01508889e-02 1.04935769e-01]
 [2.84519722e-02 2.50074697e-02 2.53659506e-02 0.00000000e+00
  0.00000000e+00 0.00000000e+00 0.00000000e+00 3.47194655e-02
  1.33307944e-02 1.89512784e-01 0.00000000e+00 0.00000000e+00
  2.59797369e-01 1.17779541e-01 1.45355183e-01]
 [8.49621397e-02 2.96630529e-01 0.00000000e+00 3.55465555e-02
  1.94080722e-01 5.17253883e-02 0.00000000e+00 1.62413989e-01
  6.33573940e-02 0.00000000e+00 1.27676442e-01 0.00000000e+00
  4.04643264e-01 1.15839647e-01 2.20779885e-01]
 [0.00000000e+00 0.00000000e+00 0.00000000e+00 0.00000000e+00
  4.44514751e-02 2.31576893e-02 0.00000000e+00 6.53581698e-03
  3.22963034e-02 0.00000000e+00 2.56999536e-02 0.00000000e+00
  2.34014123e-01 7.13691274e-02 0.00000000e+00]
 [0.00000000e+00 0.00000000e+00 0.00000000e+00 0.00000000e+00
  0.00000000e+00 6.87041932e-02 0.00000000e+00 2.38990373e-02
  0.00000000e+00 7.00240630e-02 1.75462629e-01 0.00000000e+00
  2.40370521e-01 0.00000000e+00 1.35474725e-02]
 [2.25510618e-01 4.66288370e-01 2.64213306e-01 0.00000000e+00
  2.25055970e-01 2.12412961e-01 0.00000000e+00 1.79038555e-01
  0.00000000e+00 2.64800973e-01 1.22698650e-01 0.00000000e+00
  7.72505347e-01 2.84240682e-01 5.40477368e-01]
 [0.00000000e+00 2.95689644e-02 2.22093044e-02 0.00000000e+00
  0.00000000e+00 5.15615079e-02 0.00000000e+00 0.00000000e+00
  2.13523572e-02 1.95665936e-02 1.29602479e-01 0.00000000e+00
  1.89785535e-01 8.70211683e-02 2.19808350e-02]
 [0.00000000e+00 0.00000000e+00 0.00000000e+00 0.00000000e+00
  0.00000000e+00 0.00000000e+00 0.00000000e+00 0.00000000e+00
  0.00000000e+00 1.16798718e-02 0.00000000e+00 0.00000000e+00
  2.50973202e-01 5.03849570e-02 2.64629320e-02]
 [0.00000000e+00 0.00000000e+00 0.00000000e+00 0.00000000e+00
  0.00000000e+00 0.00000000e+00 0.00000000e+00 0.00000000e+00
  0.00000000e+00 0.00000000e+00 0.00000000e+00 0.00000000e+00
  1.89108457e-01 5.44419974e-02 0.00000000e+00]
 [4.46542250e-01 2.75611120e-01 3.30504971e-01 1.19149922e-01
  0.00000000e+00 9.22863121e-02 3.19886916e-01 3.06275729e-01
  2.29270904e-02 0.00000000e+00 5.34645198e-01 0.00000000e+00
  6.80988428e-01 1.05913950e+00 5.87569572e-01]
 [0.00000000e+00 0.00000000e+00 0.00000000e+00 0.00000000e+00
  8.11671294e-02 0.00000000e+00 0.00000000e+00 4.90430603e-02
  2.59238803e-03 0.00000000e+00 0.00000000e+00 0.00000000e+00
  9.40194838e-02 1.61132702e-02 6.51767241e-02]
 [0.00000000e+00 0.00000000e+00 1.06731375e-01 0.00000000e+00
  0.00000000e+00 0.00000000e+00 0.00000000e+00 1.06836159e-02
  3.68112684e-03 2.33101901e-02 0.00000000e+00 0.00000000e+00
  2.04261292e-01 1.97659529e-02 0.00000000e+00]
 [0.00000000e+00 1.54986569e-01 0.00000000e+00 0.00000000e+00
  1.76129980e-01 6.80832130e-02 0.00000000e+00 1.59837019e-01
  0.00000000e+00 0.00000000e+00 1.33433540e-01 0.00000000e+00
  7.70900196e-02 1.68420696e-01 0.00000000e+00]
 [0.00000000e+00 0.00000000e+00 9.16447762e-02 0.00000000e+00
  0.00000000e+00 1.33170028e-01 0.00000000e+00 0.00000000e+00
  1.78363118e-01 4.15253670e-01 2.90529707e-01 0.00000000e+00
  1.36292431e+00 3.68025032e+00 7.27562831e-01]
 [0.00000000e+00 0.00000000e+00 7.75430263e-02 0.00000000e+00
  2.17301997e-01 4.08191522e-01 0.00000000e+00 1.91181054e-01
  2.40737306e-01 0.00000000e+00 0.00000000e+00 0.00000000e+00
  2.10328207e+00 5.89497870e+00 7.84747962e-01]
 [7.72777688e-02 0.00000000e+00 0.00000000e+00 0.00000000e+00
  1.39615139e-01 5.73185416e-03 0.00000000e+00 6.39301158e-02
  1.39814958e-01 9.92752960e-02 8.22305570e-01 1.87162060e-01
  1.38906273e+00 1.78625904e+00 7.37885213e-01]
 [0.00000000e+00 0.00000000e+00 1.98572708e-01 0.00000000e+00
  0.00000000e+00 1.73371352e-01 2.25865858e-02 0.00000000e+00
  5.69611389e-01 4.51115168e-01 8.58652061e-01 0.00000000e+00
  6.07725315e-01 1.13691411e+00 2.25683402e-01]
 [6.30460923e-01 3.76300313e-01 4.95355299e-01 4.64749095e-01
  4.61146899e-01 4.09711989e-01 7.66484814e-01 5.07106341e-01
  5.00271624e-01 8.39983683e-01 8.15346490e-01 1.01100880e+00
  2.19356513e-01 2.02431219e-01 3.12838455e-01]]

10
----------------------------------------------------------------------------------
[[2.33191915e-03 0.00000000e+00 0.00000000e+00 0.00000000e+00
  0.00000000e+00 0.00000000e+00 0.00000000e+00 0.00000000e+00
  0.00000000e+00 0.00000000e+00 0.00000000e+00 0.00000000e+00
  0.00000000e+00 0.00000000e+00 1.41504331e-01]
 [0.00000000e+00 6.93381998e-02 0.00000000e+00 0.00000000e+00
  0.00000000e+00 0.00000000e+00 0.00000000e+00 0.00000000e+00
  0.00000000e+00 0.00000000e+00 5.64882218e-02 0.00000000e+00
  0.00000000e+00 0.00000000e+00 1.80856988e-01]
 [1.08481975e-01 1.91571803e-01 0.00000000e+00 0.00000000e+00
  0.00000000e+00 0.00000000e+00 0.00000000e+00 0.00000000e+00
  0.00000000e+00 0.00000000e+00 1.34807982e-01 0.00000000e+00
  0.00000000e+00 0.00000000e+00 1.75893502e-01]
 [5.03616504e-02 0.00000000e+00 0.00000000e+00 0.00000000e+00
  0.00000000e+00 0.00000000e+00 0.00000000e+00 0.00000000e+00
  0.00000000e+00 0.00000000e+00 0.00000000e+00 0.00000000e+00
  0.00000000e+00 0.00000000e+00 1.05435804e-01]
 [8.83805483e-03 0.00000000e+00 0.00000000e+00 3.39680590e-02
  0.00000000e+00 0.00000000e+00 0.00000000e+00 0.00000000e+00
  0.00000000e+00 0.00000000e+00 1.52826040e-03 0.00000000e+00
  0.00000000e+00 0.00000000e+00 2.34198630e-01]
 [2.98357523e-01 3.02323985e-01 2.56783263e-01 1.97700244e-01
  0.00000000e+00 0.00000000e+00 0.00000000e+00 0.00000000e+00
  0.00000000e+00 0.00000000e+00 1.43934849e-01 0.00000000e+00
  0.00000000e+00 0.00000000e+00 4.40656502e-01]
 [0.00000000e+00 4.29430745e-02 0.00000000e+00 3.41620820e-02
  0.00000000e+00 0.00000000e+00 0.00000000e+00 0.00000000e+00
  0.00000000e+00 0.00000000e+00 5.85319527e-02 0.00000000e+00
  0.00000000e+00 0.00000000e+00 2.82537778e-01]
 [7.10411146e-02 5.57326006e-02 0.00000000e+00 0.00000000e+00
  9.70407353e-02 0.00000000e+00 0.00000000e+00 0.00000000e+00
  0.00000000e+00 4.56950755e-02 4.39569264e-01 0.00000000e+00
  4.76664644e-02 0.00000000e+00 5.74829153e-02]
 [3.14528668e-03 0.00000000e+00 0.00000000e+00 6.29479084e-02
  8.53067758e-01 2.53183047e-01 0.00000000e+00 0.00000000e+00
  3.58148260e-02 2.59686060e-01 6.99750722e-01 0.00000000e+00
  2.13550762e-01 0.00000000e+00 1.47515724e-01]
 [2.19969432e-01 3.58629940e-01 0.00000000e+00 0.00000000e+00
  7.25037418e-01 0.00000000e+00 0.00000000e+00 0.00000000e+00
  6.88055735e-02 1.94150210e-01 8.29853873e-01 0.00000000e+00
  1.54312753e-01 0.00000000e+00 2.00140087e-01]
 [0.00000000e+00 2.81139005e-02 0.00000000e+00 6.80600102e-02
  9.20663306e-01 8.58121397e-01 0.00000000e+00 0.00000000e+00
  0.00000000e+00 0.00000000e+00 8.95783049e-01 2.95970120e-02
  2.42853748e-01 0.00000000e+00 2.47680849e-01]
 [9.46620144e-03 0.00000000e+00 0.00000000e+00 0.00000000e+00
  0.00000000e+00 0.00000000e+00 0.00000000e+00 0.00000000e+00
  0.00000000e+00 9.63343707e-02 3.36634370e-01 0.00000000e+00
  0.00000000e+00 0.00000000e+00 9.89936957e-02]
 [1.85937357e-02 1.01384355e-01 0.00000000e+00 0.00000000e+00
  0.00000000e+00 1.03177108e-01 0.00000000e+00 0.00000000e+00
  0.00000000e+00 0.00000000e+00 1.17878527e-01 0.00000000e+00
  0.00000000e+00 0.00000000e+00 2.30992242e-01]
 [5.28732551e-01 4.08814261e-01 3.45326051e-02 4.39237704e-02
  0.00000000e+00 6.74916002e-02 0.00000000e+00 0.00000000e+00
  1.39562039e-02 5.66654827e-01 2.86059242e+00 0.00000000e+00
  2.98085279e-01 0.00000000e+00 3.13966359e-01]
 [1.05847451e+00 1.36953123e+00 9.72723829e-01 0.00000000e+00
  0.00000000e+00 0.00000000e+00 0.00000000e+00 0.00000000e+00
  0.00000000e+00 1.15497383e+00 3.32441419e+00 0.00000000e+00
  4.37900326e-01 0.00000000e+00 2.86857007e-01]
 [4.21623901e-01 5.57171520e-01 9.64200248e-01 3.16095058e-01
  0.00000000e+00 0.00000000e+00 0.00000000e+00 2.75298994e-01
  1.21013283e-02 5.36653793e-01 1.10830022e+00 0.00000000e+00
  1.16172559e-01 0.00000000e+00 1.61548245e-01]
 [6.83994122e-01 6.20561015e-01 2.30530710e-01 0.00000000e+00
  0.00000000e+00 0.00000000e+00 0.00000000e+00 0.00000000e+00
  0.00000000e+00 1.77174167e-02 5.70962951e-01 0.00000000e+00
  0.00000000e+00 0.00000000e+00 5.11031221e-02]
 [2.08407665e-01 1.75898740e-01 5.19115123e-01 9.22199541e-01
  2.27650165e+00 3.10822215e+00 2.97837132e+00 2.24786775e+00
  1.10929746e+00 7.99514410e-01 3.02581222e-01 8.31397434e-01
  6.92842776e-01 1.21706324e+00 4.50976600e-01]]

11
----------------------------------------------------------------------------------
[[0.00000000e+00 0.00000000e+00 0.00000000e+00 0.00000000e+00
  0.00000000e+00 0.00000000e+00 8.77850887e-03 0.00000000e+00
  9.45965697e-03 0.00000000e+00 3.71251075e-01 0.00000000e+00
  7.23195912e-02 0.00000000e+00 0.00000000e+00]
 [0.00000000e+00 0.00000000e+00 0.00000000e+00 0.00000000e+00
  6.95440251e-02 0.00000000e+00 6.26393917e-02 1.39581558e-02
  0.00000000e+00 0.00000000e+00 3.46506354e-01 0.00000000e+00
  7.66875790e-03 0.00000000e+00 4.39152432e-02]
 [0.00000000e+00 0.00000000e+00 0.00000000e+00 0.00000000e+00
  0.00000000e+00 0.00000000e+00 0.00000000e+00 0.00000000e+00
  0.00000000e+00 0.00000000e+00 2.74846832e-01 0.00000000e+00
  1.46904333e-01 0.00000000e+00 2.74287410e-01]
 [0.00000000e+00 0.00000000e+00 0.00000000e+00 0.00000000e+00
  3.14387708e-02 0.00000000e+00 1.06137800e-01 7.07665001e-04
  1.27349220e-02 0.00000000e+00 1.78765521e-01 0.00000000e+00
  1.46618270e-02 9.38123808e-03 0.00000000e+00]
 [0.00000000e+00 0.00000000e+00 0.00000000e+00 0.00000000e+00
  2.81839109e-01 0.00000000e+00 1.38186141e-01 0.00000000e+00
  0.00000000e+00 0.00000000e+00 2.73216566e-01 0.00000000e+00
  4.88290538e-02 5.82296790e-02 0.00000000e+00]
 [6.60794670e-02 0.00000000e+00 0.00000000e+00 0.00000000e+00
  0.00000000e+00 0.00000000e+00 2.00309688e-01 2.39890694e-01
  0.00000000e+00 0.00000000e+00 4.19666497e-01 0.00000000e+00
  2.33100778e-01 1.92789056e-01 1.78946675e-01]
 [0.00000000e+00 0.00000000e+00 0.00000000e+00 0.00000000e+00
  9.09729429e-02 0.00000000e+00 7.96669403e-02 1.35521081e-02
  0.00000000e+00 0.00000000e+00 4.27337601e-01 0.00000000e+00
  3.76799048e-02 1.25343697e-02 5.63317287e-02]
 [0.00000000e+00 0.00000000e+00 0.00000000e+00 0.00000000e+00
  0.00000000e+00 0.00000000e+00 0.00000000e+00 2.32523626e-02
  0.00000000e+00 0.00000000e+00 0.00000000e+00 0.00000000e+00
  0.00000000e+00 0.00000000e+00 0.00000000e+00]
 [0.00000000e+00 0.00000000e+00 0.00000000e+00 0.00000000e+00
  0.00000000e+00 0.00000000e+00 0.00000000e+00 3.10893783e-02
  0.00000000e+00 0.00000000e+00 8.43903402e-02 0.00000000e+00
  0.00000000e+00 0.00000000e+00 0.00000000e+00]
 [2.36494608e-01 0.00000000e+00 0.00000000e+00 0.00000000e+00
  0.00000000e+00 0.00000000e+00 2.15644642e-01 3.90262131e-01
  0.00000000e+00 0.00000000e+00 2.93277396e-01 1.36959920e-01
  5.48643800e-01 3.94776177e-01 4.09832218e-01]
 [0.00000000e+00 0.00000000e+00 0.00000000e+00 0.00000000e+00
  0.00000000e+00 0.00000000e+00 0.00000000e+00 0.00000000e+00
  0.00000000e+00 0.00000000e+00 1.52887520e-01 0.00000000e+00
  1.16426276e-01 0.00000000e+00 0.00000000e+00]
 [0.00000000e+00 0.00000000e+00 0.00000000e+00 0.00000000e+00
  0.00000000e+00 0.00000000e+00 0.00000000e+00 0.00000000e+00
  0.00000000e+00 0.00000000e+00 6.16574618e-02 0.00000000e+00
  7.40452367e-02 2.19020154e-02 0.00000000e+00]
 [0.00000000e+00 0.00000000e+00 0.00000000e+00 0.00000000e+00
  0.00000000e+00 0.00000000e+00 0.00000000e+00 0.00000000e+00
  0.00000000e+00 0.00000000e+00 2.13827644e-01 0.00000000e+00
  1.35879909e-01 3.54985912e-01 4.01584181e-04]
 [0.00000000e+00 0.00000000e+00 0.00000000e+00 0.00000000e+00
  4.08933268e-02 0.00000000e+00 1.20554020e-01 0.00000000e+00
  0.00000000e+00 0.00000000e+00 8.19128151e-02 0.00000000e+00
  0.00000000e+00 0.00000000e+00 0.00000000e+00]
 [4.44911693e-01 0.00000000e+00 0.00000000e+00 0.00000000e+00
  0.00000000e+00 0.00000000e+00 0.00000000e+00 0.00000000e+00
  0.00000000e+00 0.00000000e+00 0.00000000e+00 0.00000000e+00
  4.82082539e-02 6.71473280e-02 0.00000000e+00]
 [0.00000000e+00 0.00000000e+00 0.00000000e+00 0.00000000e+00
  0.00000000e+00 0.00000000e+00 1.93493895e-01 4.31514033e-02
  0.00000000e+00 0.00000000e+00 1.90282464e-01 0.00000000e+00
  2.63610648e-01 5.23832630e-02 2.13999796e-01]
 [2.29483727e-02 0.00000000e+00 0.00000000e+00 0.00000000e+00
  0.00000000e+00 0.00000000e+00 0.00000000e+00 0.00000000e+00
  0.00000000e+00 0.00000000e+00 2.22953533e-02 0.00000000e+00
  6.49148819e-02 1.79940021e-01 0.00000000e+00]
 [5.03832063e-01 1.48390760e+00 1.68945104e+00 2.10662661e+00
  1.72202897e+00 1.24343572e+00 3.94410107e-01 3.76192105e-01
  6.91049291e-01 1.38609935e+00 5.63250995e-01 8.14931611e-01
  2.12727042e-01 9.65075944e-01 9.39169743e-01]]

12
----------------------------------------------------------------------------------
[[0.00000000e+00 0.00000000e+00 0.00000000e+00 1.07159112e-01
  0.00000000e+00 6.36203990e-02 0.00000000e+00 1.54434445e-01
  5.76572277e-01 0.00000000e+00 0.00000000e+00 0.00000000e+00
  4.84145604e-02 0.00000000e+00 1.53096119e-02]
 [8.82898015e-02 0.00000000e+00 1.40940110e-03 2.05496288e-01
  0.00000000e+00 1.50567841e-01 2.41901836e-02 1.83168229e-01
  2.74170023e-01 0.00000000e+00 0.00000000e+00 0.00000000e+00
  8.75053649e-02 0.00000000e+00 1.68676152e-01]
 [1.03418754e-01 0.00000000e+00 8.76583791e-02 1.94493838e-01
  0.00000000e+00 1.98411402e-01 7.74796856e-03 2.67762427e-01
  2.96074277e-01 0.00000000e+00 0.00000000e+00 0.00000000e+00
  3.53218066e-02 0.00000000e+00 7.47660352e-02]
 [0.00000000e+00 0.00000000e+00 0.00000000e+00 7.76393887e-02
  0.00000000e+00 0.00000000e+00 0.00000000e+00 4.69463802e-02
  4.92503759e-01 7.62123090e-02 0.00000000e+00 0.00000000e+00
  8.79165397e-02 0.00000000e+00 0.00000000e+00]
 [1.84656067e-02 0.00000000e+00 0.00000000e+00 1.04946283e-01
  0.00000000e+00 4.57620415e-02 0.00000000e+00 3.96540485e-02
  3.73436498e-01 0.00000000e+00 0.00000000e+00 0.00000000e+00
  9.47878626e-02 0.00000000e+00 0.00000000e+00]
 [3.74062418e-01 5.83218224e-02 2.45325780e-01 3.51116894e-01
  0.00000000e+00 1.79005787e-01 0.00000000e+00 0.00000000e+00
  1.60212536e-01 0.00000000e+00 0.00000000e+00 0.00000000e+00
  0.00000000e+00 0.00000000e+00 1.17333040e-02]
 [1.10832301e-01 0.00000000e+00 0.00000000e+00 8.00600361e-02
  0.00000000e+00 9.58215390e-02 0.00000000e+00 0.00000000e+00
  2.19048579e-01 0.00000000e+00 0.00000000e+00 0.00000000e+00
  5.83724825e-02 0.00000000e+00 5.61479322e-03]
 [0.00000000e+00 0.00000000e+00 3.55032724e-02 0.00000000e+00
  0.00000000e+00 0.00000000e+00 0.00000000e+00 1.05977576e-01
  6.29138791e-01 0.00000000e+00 0.00000000e+00 0.00000000e+00
  0.00000000e+00 0.00000000e+00 0.00000000e+00]
 [0.00000000e+00 0.00000000e+00 1.69203335e-02 0.00000000e+00
  0.00000000e+00 0.00000000e+00 0.00000000e+00 0.00000000e+00
  4.62177096e-01 0.00000000e+00 0.00000000e+00 0.00000000e+00
  0.00000000e+00 0.00000000e+00 0.00000000e+00]
 [1.37393754e-01 9.23645957e-01 2.88546690e-01 1.12981738e-01
  3.31372452e-01 1.35620407e-01 0.00000000e+00 0.00000000e+00
  8.91387589e-02 0.00000000e+00 0.00000000e+00 0.00000000e+00
  0.00000000e+00 7.50539503e-02 3.75132427e-01]
 [1.24373654e-01 0.00000000e+00 0.00000000e+00 0.00000000e+00
  0.00000000e+00 2.23251752e-02 0.00000000e+00 4.19435088e-02
  4.22913591e-02 0.00000000e+00 0.00000000e+00 0.00000000e+00
  0.00000000e+00 0.00000000e+00 0.00000000e+00]
 [0.00000000e+00 0.00000000e+00 1.20305412e-01 5.43510736e-02
  0.00000000e+00 0.00000000e+00 0.00000000e+00 0.00000000e+00
  4.32745190e-01 0.00000000e+00 0.00000000e+00 0.00000000e+00
  6.75418806e-02 0.00000000e+00 0.00000000e+00]
 [3.29174346e-01 3.19801622e-01 7.05322581e-02 0.00000000e+00
  0.00000000e+00 1.20711355e-02 0.00000000e+00 0.00000000e+00
  1.49123086e-01 0.00000000e+00 0.00000000e+00 0.00000000e+00
  0.00000000e+00 0.00000000e+00 0.00000000e+00]
 [7.80313229e-02 0.00000000e+00 0.00000000e+00 0.00000000e+00
  0.00000000e+00 0.00000000e+00 0.00000000e+00 3.57135583e-01
  1.14037688e+00 3.43280418e-01 5.19870823e-01 0.00000000e+00
  8.31595752e-02 0.00000000e+00 3.35150803e-03]
 [8.01206629e-02 0.00000000e+00 1.58999531e-01 2.47128143e-01
  0.00000000e+00 0.00000000e+00 0.00000000e+00 1.43200961e+00
  2.26794336e+00 6.24048776e-02 5.41029702e-01 1.34723174e-02
  0.00000000e+00 0.00000000e+00 0.00000000e+00]
 [2.89385474e-01 9.51632714e-02 5.20823911e-01 3.82170430e-01
  2.43825809e-01 0.00000000e+00 0.00000000e+00 4.00337382e-01
  9.22034304e-01 0.00000000e+00 0.00000000e+00 1.88636907e-02
  2.55846946e-01 6.38262939e-02 1.96102931e-01]
 [5.88147946e-02 0.00000000e+00 0.00000000e+00 1.14037839e-01
  0.00000000e+00 0.00000000e+00 0.00000000e+00 3.46560167e-01
  1.04502896e+00 3.41824080e-01 0.00000000e+00 0.00000000e+00
  0.00000000e+00 0.00000000e+00 0.00000000e+00]
 [3.84303118e-01 5.89291271e-01 3.46487347e-01 7.34357005e-01
  1.18469727e+00 1.13531791e+00 1.06140740e+00 7.93418002e-01
  6.08060539e-01 1.25055385e+00 1.64567251e+00 9.47394438e-01
  8.47831408e-01 1.31234083e+00 7.84839663e-01]]

13
----------------------------------------------------------------------------------
[[0.31453459 0.2169189  0.         0.         0.         0.01618137
  0.22566415 0.         0.         0.         0.         0.
  0.         0.         0.        ]
 [0.51340195 0.00493066 0.         0.         0.         0.25254838
  0.48154115 0.40856753 0.         0.         0.         0.33177538
  0.         0.         0.        ]
 [0.56031674 0.61868697 0.         0.         0.         0.30797739
  0.28061707 0.44058674 0.11148029 0.         0.         0.58907401
  0.         0.07475927 0.        ]
 [0.21028945 0.07106931 0.         0.         0.         0.
  0.         0.         0.         0.         0.         0.
  0.         0.         0.        ]
 [0.23185718 0.         0.         0.         0.         0.22205736
  0.55549027 0.48487733 0.         0.         0.         0.
  0.         0.         0.        ]
 [0.54222809 0.1382496  0.         0.20815031 0.         0.24279053
  0.1152771  0.15389543 0.         0.         0.         0.32486112
  0.         0.         0.        ]
 [0.48416434 0.02572368 0.         0.         0.         0.14040227
  0.42765905 0.14080923 0.         0.         0.         0.1145664
  0.         0.         0.        ]
 [0.17818304 0.         0.         0.         0.         0.
  0.         0.         0.         0.         0.         0.
  0.         0.         0.        ]
 [0.1230053  0.07775311 0.         0.         0.         0.
  0.         0.         0.         0.         0.         0.
  0.         0.         0.        ]
 [0.51934192 0.47855023 0.05616384 0.         0.         0.31548185
  0.         0.24528842 0.         0.         0.         0.4660876
  0.         0.         0.        ]
 [0.3343006  0.16043938 0.         0.01873334 0.         0.2177824
  0.         0.05218799 0.         0.         0.         0.
  0.         0.         0.        ]
 [0.29393715 0.         0.         0.         0.         0.
  0.         0.         0.         0.         0.         0.
  0.         0.         0.        ]
 [0.17226504 0.3406222  0.         0.02544632 0.07592311 0.132591
  0.24457703 0.23091514 0.06823873 0.         0.         0.18509264
  0.         0.30208775 0.        ]
 [0.         0.         0.         0.26721579 0.         0.
  0.66866951 0.39216564 0.         0.         0.00760222 0.
  0.         0.         0.        ]
 [0.04107678 0.00565208 0.         0.         0.         0.1012837
  1.46386793 1.03196264 0.         0.         0.         0.
  0.         0.27886018 1.11327009]
 [0.46651073 0.25745431 0.         0.         0.         0.4194596
  0.38493468 0.24967628 0.         0.04244233 0.         0.
  0.         0.         0.31363706]
 [0.03818246 0.19963417 0.         0.         0.         0.
  0.         0.         0.         0.         0.00315044 0.
  0.         0.         0.        ]
 [0.5313009  0.83742801 1.9009968  1.6511941  1.91258081 1.4244677
  1.48762497 1.95887682 2.01645776 1.74081843 1.35200821 1.75913399
  2.46984217 1.75635294 1.5830817 ]]

14
----------------------------------------------------------------------------------
[[0.         0.         0.         0.         0.         0.
  0.         0.         0.         0.         0.         0.
  0.         0.         0.        ]
 [0.         0.         0.         0.         0.         0.
  0.         0.         0.         0.         0.         0.
  0.         0.         0.        ]
 [0.         0.         0.         0.         0.         0.
  0.         0.         0.         0.         0.         0.
  0.         0.         0.        ]
 [0.         0.         0.         0.         0.         0.
  0.         0.         0.         0.         0.         0.
  0.         0.         0.        ]
 [0.         0.         0.         0.         0.         0.
  0.         0.         0.         0.         0.         0.
  0.         0.         0.        ]
 [0.         0.         0.         0.         0.         0.
  0.         0.         0.         0.         0.         0.
  0.         0.         0.        ]
 [0.         0.         0.         0.         0.         0.
  0.         0.         0.         0.         0.         0.
  0.         0.         0.        ]
 [0.         0.         0.         0.         0.         0.
  0.         0.         0.         0.         0.         0.
  0.         0.         0.        ]
 [0.         0.         0.         0.         0.         0.
  0.         0.         0.         0.         0.         0.
  0.         0.         0.        ]
 [0.         0.         0.         0.         0.         0.
  0.         0.         0.         0.         0.         0.
  0.         0.         0.        ]
 [0.         0.         0.         0.         0.         0.
  0.         0.         0.         0.         0.         0.
  0.         0.         0.        ]
 [0.         0.         0.         0.         0.         0.
  0.         0.         0.         0.         0.         0.
  0.         0.         0.        ]
 [0.         0.         0.         0.         0.         0.
  0.         0.         0.         0.         0.         0.
  0.         0.         0.        ]
 [0.         0.         0.         0.         0.         0.49139591
  0.33886573 0.12191302 0.20763257 0.67529923 0.47759666 0.35778588
  0.4063179  0.5233283  0.        ]
 [0.32279354 0.         0.         0.         0.         0.92931849
  0.7510307  0.30081813 0.40669919 0.78121177 0.54438551 0.40425347
  0.38212713 0.48364326 0.        ]
 [0.14160686 0.         0.         0.         0.         0.07148665
  0.         0.         0.         0.37237277 0.41316116 0.18277242
  0.35668861 0.01246348 0.00778702]
 [0.         0.         0.         0.         0.         0.33651918
  0.10564981 0.05188645 0.21182475 0.55101281 0.20185605 0.17875477
  0.18007062 0.53591686 0.06744762]
 [1.19326352 3.07113833 5.68854595 7.13621867 7.55038637 5.87482724
  5.02402677 3.83736185 3.45627084 2.67206923 2.62433802 2.55427655
  1.90749646 1.28967224 0.99509322]]

16
----------------------------------------------------------------------------------
[[2.33075020e-01 0.00000000e+00 0.00000000e+00 0.00000000e+00
  0.00000000e+00 0.00000000e+00 0.00000000e+00 0.00000000e+00
  0.00000000e+00 0.00000000e+00 0.00000000e+00 0.00000000e+00
  0.00000000e+00 0.00000000e+00 0.00000000e+00]
 [2.28191180e-02 0.00000000e+00 0.00000000e+00 0.00000000e+00
  0.00000000e+00 0.00000000e+00 0.00000000e+00 0.00000000e+00
  0.00000000e+00 0.00000000e+00 0.00000000e+00 0.00000000e+00
  0.00000000e+00 0.00000000e+00 0.00000000e+00]
 [0.00000000e+00 0.00000000e+00 0.00000000e+00 0.00000000e+00
  0.00000000e+00 0.00000000e+00 0.00000000e+00 0.00000000e+00
  0.00000000e+00 0.00000000e+00 0.00000000e+00 0.00000000e+00
  0.00000000e+00 0.00000000e+00 0.00000000e+00]
 [6.34536262e-02 0.00000000e+00 0.00000000e+00 0.00000000e+00
  0.00000000e+00 0.00000000e+00 0.00000000e+00 0.00000000e+00
  0.00000000e+00 0.00000000e+00 0.00000000e+00 0.00000000e+00
  0.00000000e+00 0.00000000e+00 0.00000000e+00]
 [9.90441629e-02 2.55536377e-02 0.00000000e+00 0.00000000e+00
  0.00000000e+00 0.00000000e+00 0.00000000e+00 0.00000000e+00
  0.00000000e+00 0.00000000e+00 0.00000000e+00 0.00000000e+00
  0.00000000e+00 0.00000000e+00 0.00000000e+00]
 [0.00000000e+00 0.00000000e+00 0.00000000e+00 0.00000000e+00
  0.00000000e+00 0.00000000e+00 0.00000000e+00 0.00000000e+00
  0.00000000e+00 0.00000000e+00 0.00000000e+00 0.00000000e+00
  0.00000000e+00 0.00000000e+00 0.00000000e+00]
 [6.51847755e-03 0.00000000e+00 0.00000000e+00 0.00000000e+00
  0.00000000e+00 0.00000000e+00 0.00000000e+00 0.00000000e+00
  0.00000000e+00 0.00000000e+00 0.00000000e+00 0.00000000e+00
  0.00000000e+00 0.00000000e+00 0.00000000e+00]
 [0.00000000e+00 0.00000000e+00 0.00000000e+00 0.00000000e+00
  0.00000000e+00 0.00000000e+00 0.00000000e+00 0.00000000e+00
  0.00000000e+00 0.00000000e+00 0.00000000e+00 0.00000000e+00
  0.00000000e+00 0.00000000e+00 0.00000000e+00]
 [0.00000000e+00 0.00000000e+00 0.00000000e+00 0.00000000e+00
  0.00000000e+00 0.00000000e+00 0.00000000e+00 0.00000000e+00
  0.00000000e+00 0.00000000e+00 0.00000000e+00 0.00000000e+00
  0.00000000e+00 0.00000000e+00 0.00000000e+00]
 [2.52772415e-02 8.01973477e-01 0.00000000e+00 0.00000000e+00
  0.00000000e+00 0.00000000e+00 0.00000000e+00 0.00000000e+00
  0.00000000e+00 0.00000000e+00 0.00000000e+00 0.00000000e+00
  0.00000000e+00 0.00000000e+00 0.00000000e+00]
 [0.00000000e+00 0.00000000e+00 0.00000000e+00 0.00000000e+00
  0.00000000e+00 0.00000000e+00 0.00000000e+00 0.00000000e+00
  0.00000000e+00 0.00000000e+00 0.00000000e+00 0.00000000e+00
  0.00000000e+00 0.00000000e+00 0.00000000e+00]
 [0.00000000e+00 0.00000000e+00 0.00000000e+00 0.00000000e+00
  0.00000000e+00 0.00000000e+00 0.00000000e+00 0.00000000e+00
  0.00000000e+00 0.00000000e+00 0.00000000e+00 0.00000000e+00
  0.00000000e+00 0.00000000e+00 0.00000000e+00]
 [0.00000000e+00 0.00000000e+00 0.00000000e+00 0.00000000e+00
  0.00000000e+00 0.00000000e+00 0.00000000e+00 0.00000000e+00
  0.00000000e+00 0.00000000e+00 0.00000000e+00 0.00000000e+00
  0.00000000e+00 0.00000000e+00 0.00000000e+00]
 [0.00000000e+00 0.00000000e+00 2.94448002e-01 5.93664115e-01
  2.39108274e-01 1.13747852e-01 0.00000000e+00 0.00000000e+00
  0.00000000e+00 0.00000000e+00 0.00000000e+00 0.00000000e+00
  0.00000000e+00 0.00000000e+00 0.00000000e+00]
 [0.00000000e+00 3.88100039e-02 7.32428338e-01 7.43776828e-01
  2.52083023e-01 1.04785058e-01 0.00000000e+00 0.00000000e+00
  0.00000000e+00 0.00000000e+00 0.00000000e+00 0.00000000e+00
  0.00000000e+00 0.00000000e+00 0.00000000e+00]
 [2.86745499e-02 6.11322614e-01 7.77983637e-01 4.56159898e-01
  1.13260525e-03 0.00000000e+00 0.00000000e+00 0.00000000e+00
  0.00000000e+00 0.00000000e+00 0.00000000e+00 0.00000000e+00
  0.00000000e+00 0.00000000e+00 0.00000000e+00]
 [0.00000000e+00 0.00000000e+00 1.76330311e-01 4.14834968e-01
  1.90929560e-02 0.00000000e+00 0.00000000e+00 0.00000000e+00
  0.00000000e+00 0.00000000e+00 0.00000000e+00 0.00000000e+00
  0.00000000e+00 0.00000000e+00 0.00000000e+00]
 [1.01710778e+00 1.26050917e+00 1.25327079e+00 1.89312423e+00
  2.84576477e+00 3.37369371e+00 3.76733312e+00 4.19857463e+00
  5.04574084e+00 4.62251391e+00 4.15557359e+00 3.99404354e+00
  3.88718787e+00 4.22459464e+00 3.81497605e+00]]

17
----------------------------------------------------------------------------------
[[0.95750951 0.8479191  0.60080617 0.19795682 0.         0.
  0.         0.         0.         0.04756236 0.15032592 0.13145051
  0.         0.         0.        ]
 [0.62631813 0.69225358 0.56034866 0.14032902 0.         0.
  0.         0.         0.         0.24594438 0.31541835 0.
  0.09773662 0.         0.        ]
 [0.36491433 0.71317708 0.74975439 0.25473837 0.27884679 0.01249797
  0.         0.01807839 0.0938621  0.15488122 0.431491   0.40759571
  0.04403952 0.16540202 0.08313664]
 [0.83273014 0.66200739 0.45381768 0.         0.         0.
  0.         0.         0.         0.02789574 0.04954862 0.0992805
  0.         0.         0.        ]
 [0.45882292 0.51501537 0.4139502  0.03830887 0.02581271 0.
  0.         0.         0.         0.08715631 0.08025511 0.10517995
  0.         0.         0.        ]
 [0.03120932 0.45334679 1.22436653 0.0401652  0.35714143 0.03082548
  0.         0.         0.09680863 0.23678802 0.19709106 0.23888193
  0.22486333 0.01596846 0.2220705 ]
 [0.18117489 0.45133165 0.60944394 0.         0.09526092 0.
  0.         0.         0.01540689 0.07750099 0.24990812 0.03877345
  0.         0.         0.        ]
 [0.60832184 0.7090696  0.20057876 0.         0.         0.
  0.         0.         0.         0.00569208 0.         0.0852535
  0.         0.         0.        ]
 [0.40389936 0.46765512 0.21117751 0.         0.         0.
  0.         0.         0.         0.03941874 0.06467056 0.0829688
  0.         0.         0.        ]
 [0.         0.13573609 0.83816327 0.08670093 0.62095837 0.
  0.         0.53655878 0.         0.18574846 0.41538388 0.24211064
  0.71646791 0.14494288 0.        ]
 [0.         0.34408392 0.21556729 0.         0.13188819 0.
  0.         0.         0.         0.05402482 0.11904248 0.01498501
  0.         0.         0.        ]
 [0.3543365  0.50066881 0.1261741  0.         0.01314217 0.
  0.         0.         0.         0.12572731 0.1277556  0.07872795
  0.         0.         0.        ]
 [0.         0.13302352 0.21237649 0.04770043 0.29634098 0.0861653
  0.         0.         0.         0.04708622 0.17463393 0.00773013
  0.02704907 0.17929033 0.        ]
 [0.         0.         0.         0.         0.         0.03750485
  0.         0.         0.         0.02388786 0.         0.
  0.         0.         0.        ]
 [0.74020844 0.52786633 0.         0.         0.         0.11863458
  0.         0.         0.         0.09134282 0.         0.
  0.         0.         0.        ]
 [0.         0.         0.         0.         0.06133365 0.14503347
  0.         0.         0.01157745 0.1067774  0.01430986 0.12463121
  0.03488611 0.06443333 0.        ]
 [0.49063043 0.30212444 0.         0.         0.         0.
  0.         0.01624824 0.         0.10437981 0.         0.
  0.         0.         0.        ]
 [2.01642483 1.30489204 1.42812877 1.47414397 1.63280574 1.46997868
  1.39953543 1.12853296 0.81727895 0.64278957 0.36047046 0.40216777
  0.45319893 0.46427168 0.58050329]]

18
----------------------------------------------------------------------------------
[[0.00000000e+00 0.00000000e+00 0.00000000e+00 0.00000000e+00
  0.00000000e+00 0.00000000e+00 0.00000000e+00 9.00867211e-03
  0.00000000e+00 0.00000000e+00 0.00000000e+00 0.00000000e+00
  0.00000000e+00 0.00000000e+00 7.52869519e-03]
 [4.93085216e-02 0.00000000e+00 0.00000000e+00 0.00000000e+00
  0.00000000e+00 0.00000000e+00 1.57467053e-02 7.44233364e-02
  0.00000000e+00 1.32248374e-01 0.00000000e+00 0.00000000e+00
  0.00000000e+00 0.00000000e+00 0.00000000e+00]
 [0.00000000e+00 0.00000000e+00 0.00000000e+00 6.77690487e-03
  0.00000000e+00 0.00000000e+00 0.00000000e+00 2.44864452e-01
  0.00000000e+00 3.93387940e-02 3.70902851e-02 3.18313269e-01
  0.00000000e+00 0.00000000e+00 0.00000000e+00]
 [0.00000000e+00 0.00000000e+00 0.00000000e+00 0.00000000e+00
  0.00000000e+00 5.91695331e-02 0.00000000e+00 6.19148928e-02
  0.00000000e+00 0.00000000e+00 0.00000000e+00 0.00000000e+00
  0.00000000e+00 0.00000000e+00 0.00000000e+00]
 [0.00000000e+00 0.00000000e+00 0.00000000e+00 0.00000000e+00
  0.00000000e+00 6.37052579e-03 0.00000000e+00 5.85657612e-02
  0.00000000e+00 0.00000000e+00 0.00000000e+00 0.00000000e+00
  0.00000000e+00 1.63143997e-03 0.00000000e+00]
 [0.00000000e+00 3.01331629e-01 3.96167036e-01 1.28059493e-01
  0.00000000e+00 0.00000000e+00 1.22977590e-01 4.46717130e-01
  1.16538840e-01 0.00000000e+00 2.06506437e-01 1.24167694e-01
  0.00000000e+00 0.00000000e+00 0.00000000e+00]
 [0.00000000e+00 0.00000000e+00 0.00000000e+00 0.00000000e+00
  0.00000000e+00 0.00000000e+00 0.00000000e+00 6.69020308e-03
  0.00000000e+00 0.00000000e+00 0.00000000e+00 1.73728946e-01
  0.00000000e+00 0.00000000e+00 0.00000000e+00]
 [0.00000000e+00 0.00000000e+00 2.88092467e-02 0.00000000e+00
  0.00000000e+00 0.00000000e+00 0.00000000e+00 1.40264820e-03
  0.00000000e+00 0.00000000e+00 0.00000000e+00 1.34791222e-02
  0.00000000e+00 0.00000000e+00 0.00000000e+00]
 [0.00000000e+00 0.00000000e+00 0.00000000e+00 0.00000000e+00
  0.00000000e+00 3.52861525e-02 0.00000000e+00 2.84917289e-02
  0.00000000e+00 0.00000000e+00 0.00000000e+00 0.00000000e+00
  0.00000000e+00 0.00000000e+00 0.00000000e+00]
 [0.00000000e+00 1.00624938e-01 4.43536245e-01 1.52786296e-02
  3.83138351e-02 4.48915038e-01 3.02263218e-01 4.81700571e-01
  0.00000000e+00 1.80458081e-01 0.00000000e+00 0.00000000e+00
  0.00000000e+00 0.00000000e+00 0.00000000e+00]
 [0.00000000e+00 0.00000000e+00 0.00000000e+00 0.00000000e+00
  0.00000000e+00 4.31416544e-02 0.00000000e+00 5.94116863e-02
  0.00000000e+00 4.00433629e-02 0.00000000e+00 0.00000000e+00
  0.00000000e+00 0.00000000e+00 0.00000000e+00]
 [0.00000000e+00 0.00000000e+00 5.85448218e-02 0.00000000e+00
  0.00000000e+00 1.55427295e-02 0.00000000e+00 0.00000000e+00
  0.00000000e+00 0.00000000e+00 0.00000000e+00 3.89921969e-02
  0.00000000e+00 0.00000000e+00 0.00000000e+00]
 [0.00000000e+00 0.00000000e+00 1.41783557e-03 0.00000000e+00
  0.00000000e+00 1.47758043e-01 0.00000000e+00 0.00000000e+00
  0.00000000e+00 4.68826113e-03 0.00000000e+00 5.26771822e-03
  0.00000000e+00 0.00000000e+00 0.00000000e+00]
 [0.00000000e+00 0.00000000e+00 0.00000000e+00 0.00000000e+00
  0.00000000e+00 5.71875074e-02 0.00000000e+00 8.34214759e-02
  0.00000000e+00 0.00000000e+00 0.00000000e+00 0.00000000e+00
  0.00000000e+00 0.00000000e+00 0.00000000e+00]
 [0.00000000e+00 0.00000000e+00 0.00000000e+00 2.12490476e-02
  0.00000000e+00 4.56546083e-02 0.00000000e+00 1.16387051e-01
  0.00000000e+00 1.52232443e-02 0.00000000e+00 0.00000000e+00
  0.00000000e+00 2.33789488e-02 2.21259927e-01]
 [0.00000000e+00 5.59113602e-02 1.58101560e-01 1.62001071e-01
  6.47145613e-02 7.23440120e-03 1.87759835e-01 1.40287237e-01
  2.47759175e-01 3.13363651e-01 0.00000000e+00 0.00000000e+00
  0.00000000e+00 0.00000000e+00 0.00000000e+00]
 [0.00000000e+00 0.00000000e+00 0.00000000e+00 0.00000000e+00
  0.00000000e+00 3.77646532e-02 0.00000000e+00 2.02394281e-01
  0.00000000e+00 1.67350387e-01 0.00000000e+00 0.00000000e+00
  0.00000000e+00 2.31367226e-02 3.08975717e-01]
 [7.47414670e-01 6.07326337e-01 3.83586462e-01 6.15087037e-01
  9.48355064e-01 6.02796400e-01 9.00761514e-01 7.09766773e-01
  1.01869920e+00 9.91390347e-01 1.00689372e+00 1.08785589e+00
  1.32047771e+00 1.41199499e+00 1.63416834e+00]]

19
----------------------------------------------------------------------------------
[[1.20475596e-01 3.94215812e-01 6.84022342e-01 5.84116214e-01
  7.15213446e-01 4.52979498e-01 4.03924338e-01 0.00000000e+00
  0.00000000e+00 7.18978691e-02 2.54803522e-01 3.20106669e-01
  5.42730851e-01 3.62746731e-01 5.96712704e-01]
 [0.00000000e+00 4.63245858e-01 4.85647864e-01 2.83165717e-01
  5.17081581e-01 4.05052311e-02 0.00000000e+00 0.00000000e+00
  0.00000000e+00 1.53228299e-01 3.88088641e-01 2.93752458e-01
  6.52768245e-01 4.20765233e-01 5.95824572e-01]
 [0.00000000e+00 4.99884701e-01 4.84333647e-01 2.64689080e-01
  5.31859186e-01 2.45589375e-01 0.00000000e+00 0.00000000e+00
  0.00000000e+00 3.13627268e-01 4.78689563e-01 5.02848006e-01
  6.07983992e-01 5.22067688e-01 8.80531277e-01]
 [1.56087778e-01 5.46047253e-01 4.54831790e-01 4.31391768e-01
  4.95722296e-01 5.03916078e-01 4.16996070e-01 0.00000000e+00
  0.00000000e+00 6.52149942e-02 2.24219318e-01 1.62144086e-01
  3.80311678e-01 2.55093012e-01 3.97510980e-01]
 [2.08078987e-01 4.64296447e-01 3.76651147e-01 2.36861752e-01
  3.53817519e-01 1.44605032e-01 2.39148401e-01 0.00000000e+00
  0.00000000e+00 3.42771877e-02 2.00264325e-01 1.40995111e-01
  3.49118169e-01 2.44867822e-01 4.00251571e-01]
 [2.72764915e-03 1.83335924e-01 3.68604630e-01 4.94550862e-01
  1.87847172e-01 1.98753038e-01 1.25737983e-02 0.00000000e+00
  0.00000000e+00 2.82729499e-01 2.53663564e-01 6.02134137e-01
  6.87148826e-01 3.87681263e-01 3.02243336e-01]
 [0.00000000e+00 2.22037246e-01 4.43317762e-01 1.78071136e-01
  3.29335473e-01 0.00000000e+00 0.00000000e+00 0.00000000e+00
  0.00000000e+00 1.28762419e-01 2.53503309e-01 3.33910477e-01
  4.45617546e-01 3.16704772e-01 4.48905122e-01]
 [3.30796893e+00 2.44324386e+00 1.22322430e-01 6.33009649e-01
  9.20709068e-01 8.92354674e-01 6.41039667e-01 0.00000000e+00
  0.00000000e+00 1.01962522e-01 2.90425155e-01 1.76783083e-01
  3.51696733e-01 1.79200322e-01 1.69714193e-01]
 [2.97670151e+00 3.90015592e+00 1.80923554e-01 7.56207969e-01
  9.25286731e-01 1.10493504e+00 8.29982411e-01 5.07703362e-02
  0.00000000e+00 9.31046664e-02 1.90333384e-01 9.43583219e-02
  2.68651187e-01 1.61410943e-01 1.83230155e-01]
 [0.00000000e+00 6.81310346e-01 1.72380702e-02 3.96142817e-02
  7.19129489e-01 2.52557615e-01 0.00000000e+00 0.00000000e+00
  0.00000000e+00 2.56714522e-01 5.22822692e-01 3.10318301e-01
  7.57143889e-02 0.00000000e+00 2.26386838e-01]
 [4.06733934e-01 2.36410187e+00 7.05959576e-01 1.33578686e-01
  3.85608093e-01 3.29834347e-01 2.06986793e-01 0.00000000e+00
  0.00000000e+00 1.34768142e-01 3.58510219e-01 2.25607766e-01
  4.23377658e-01 3.02216969e-01 2.37725880e-01]
 [1.05249627e+00 1.61373888e+00 5.79784144e-02 5.38349025e-01
  4.84968540e-01 5.86018488e-01 4.20348784e-01 0.00000000e+00
  0.00000000e+00 2.56715025e-01 5.35078843e-02 7.97362280e-02
  2.51798727e-01 9.35530725e-02 1.24916991e-01]
 [0.00000000e+00 1.66455032e+00 2.22521731e-01 2.25657948e-01
  2.81573267e-01 0.00000000e+00 0.00000000e+00 0.00000000e+00
  0.00000000e+00 0.00000000e+00 5.39263120e-02 0.00000000e+00
  3.92574447e-01 7.47008342e-02 4.25049930e-01]
 [0.00000000e+00 0.00000000e+00 1.11058844e-01 0.00000000e+00
  3.24774823e+00 1.32355490e+00 3.69771419e-01 0.00000000e+00
  1.62577516e+00 2.42486541e+00 2.31390611e-02 3.94380742e-01
  7.07935779e-01 0.00000000e+00 0.00000000e+00]
 [0.00000000e+00 6.23917098e-02 4.97355407e-01 1.38914139e-01
  1.98812659e+00 1.97648321e+00 6.24165962e-01 0.00000000e+00
  6.96632882e-01 9.51351279e-01 0.00000000e+00 5.99239177e-01
  5.55131220e-01 0.00000000e+00 0.00000000e+00]
 [0.00000000e+00 4.59445516e-01 8.31509140e-01 0.00000000e+00
  9.38001384e-01 1.43330799e+00 0.00000000e+00 0.00000000e+00
  0.00000000e+00 2.63448396e-01 1.32585538e-01 1.01828419e+00
  9.90757615e-01 4.56166975e-01 1.47840191e-02]
 [0.00000000e+00 0.00000000e+00 1.84301181e-01 0.00000000e+00
  4.55796932e-01 4.37255046e-01 3.31228873e-01 4.79758521e-02
  6.60898971e-02 6.21658423e-01 0.00000000e+00 2.75954238e-01
  1.56780474e-01 0.00000000e+00 0.00000000e+00]
 [1.66308101e+00 8.73850659e-01 8.13246216e-01 9.51700460e-01
  4.83811875e-01 4.81461662e-01 9.30206296e-01 1.45895654e+00
  1.20971124e+00 3.33699890e-01 5.41756925e-01 6.49152670e-01
  7.55174305e-01 1.08148288e+00 9.40008550e-01]]

20
----------------------------------------------------------------------------------
[[0.         0.         0.         0.         0.         0.
  0.         0.         0.         0.         0.         0.
  0.10542843]
 [0.         0.         0.         0.         0.         0.
  0.02046397 0.         0.23997471 0.         0.         0.
  0.21339867]
 [0.         0.         0.         0.         0.         0.
  0.03989342 0.03699141 0.05630575 0.         0.         0.15159881
  0.28011792]
 [0.04421616 0.         0.         0.         0.         0.
  0.         0.         0.         0.         0.         0.
  0.00646551]
 [0.         0.         0.         0.         0.         0.
  0.         0.         0.15737537 0.         0.         0.
  0.        ]
 [0.         0.         0.         0.         0.00482311 0.07900347
  0.13544441 0.         0.32590272 0.25506808 0.36223509 0.02946638
  0.37353614]
 [0.         0.         0.         0.         0.         0.
  0.11517293 0.         0.21650697 0.         0.         0.
  0.19431492]
 [0.         0.         0.         0.         0.         0.
  0.         0.         0.         0.         0.         0.
  0.        ]
 [0.         0.         0.         0.         0.         0.
  0.         0.         0.         0.         0.         0.
  0.        ]
 [0.         0.         0.         0.         0.28278203 0.
  0.         0.12791157 0.26185997 0.48475868 0.30439986 0.
  0.35377156]
 [0.         0.         0.         0.         0.         0.
  0.         0.         0.06813013 0.         0.12493717 0.
  0.1726742 ]
 [0.         0.         0.         0.         0.         0.
  0.         0.         0.0158986  0.         0.         0.
  0.        ]
 [0.         0.         0.         0.         0.         0.
  0.         0.0563216  0.19349311 0.00562651 0.04232752 0.
  0.1908933 ]
 [0.         0.         0.         0.         0.18245195 0.01240948
  0.         0.         0.04728937 0.24060647 0.38041386 0.
  0.30377555]
 [0.         0.         0.         0.16535441 0.19118482 0.
  0.01589288 0.         0.         0.24731113 0.50141508 0.
  0.46557213]
 [0.         0.         0.         0.35412844 0.61045405 0.11328547
  0.37075762 0.         0.00342848 0.13061278 0.52728887 0.05147176
  0.6268233 ]
 [0.         0.         0.         0.         0.         0.
  0.         0.         0.         0.         0.24705148 0.
  0.06814211]
 [1.99357482 2.40286058 2.35645102 1.81405596 0.64095713 0.76720545
  0.99210733 0.83167749 0.44758901 0.31029044 0.47608545 0.87412199
  0.38163993]]