

1
----------------------------------------------------------------------------------
[[0.00000000e+00 1.54166694e-02 8.93874741e-02 4.56415689e-01
  0.00000000e+00 0.00000000e+00 3.56797802e-02 1.14309692e-01
  0.00000000e+00 0.00000000e+00 2.40508742e-01 0.00000000e+00
  0.00000000e+00 0.00000000e+00 3.49233554e-01]
 [0.00000000e+00 0.00000000e+00 0.00000000e+00 3.13082403e-01
  6.26884162e-02 9.44138112e-03 2.39187224e-01 0.00000000e+00
  3.62676026e-01 0.00000000e+00 1.69992617e-01 0.00000000e+00
  2.29624450e-01 0.00000000e+00 3.60720364e-01]
 [0.00000000e+00 1.09764461e-01 0.00000000e+00 3.53001034e-02
  0.00000000e+00 0.00000000e+00 0.00000000e+00 0.00000000e+00
  3.43383757e-01 0.00000000e+00 0.00000000e+00 0.00000000e+00
  7.07604536e-02 0.00000000e+00 5.38681378e-01]
 [0.00000000e+00 9.12194786e-02 7.20158580e-02 2.74036719e-01
  0.00000000e+00 0.00000000e+00 0.00000000e+00 7.63627514e-03
  6.86306661e-02 0.00000000e+00 8.89589026e-02 0.00000000e+00
  0.00000000e+00 0.00000000e+00 7.28977243e-02]
 [0.00000000e+00 1.30767185e-01 8.29491373e-02 1.71749579e-01
  1.09646315e-01 0.00000000e+00 5.96948109e-02 4.17067029e-03
  1.14104708e-01 5.22376409e-03 1.17229591e-02 0.00000000e+00
  0.00000000e+00 0.00000000e+00 1.81094709e-01]
 [0.00000000e+00 1.09798004e-01 0.00000000e+00 1.70081381e-01
  0.00000000e+00 0.00000000e+00 1.50216310e-01 0.00000000e+00
  2.92614983e-01 0.00000000e+00 0.00000000e+00 0.00000000e+00
  0.00000000e+00 3.51095228e-02 2.88137413e-01]
 [0.00000000e+00 0.00000000e+00 8.96956057e-03 1.16253383e-01
  0.00000000e+00 0.00000000e+00 0.00000000e+00 0.00000000e+00
  2.89445097e-01 0.00000000e+00 0.00000000e+00 0.00000000e+00
  0.00000000e+00 0.00000000e+00 3.79504805e-01]
 [0.00000000e+00 0.00000000e+00 1.89276294e-01 2.85715006e-01
  0.00000000e+00 0.00000000e+00 0.00000000e+00 0.00000000e+00
  0.00000000e+00 2.26539733e-02 1.95815196e-02 0.00000000e+00
  0.00000000e+00 0.00000000e+00 2.50533669e-01]
 [0.00000000e+00 6.08606522e-02 5.62050178e-02 1.29122988e-01
  0.00000000e+00 0.00000000e+00 0.00000000e+00 0.00000000e+00
  0.00000000e+00 0.00000000e+00 1.15824708e-01 0.00000000e+00
  0.00000000e+00 0.00000000e+00 1.10481784e-01]
 [0.00000000e+00 1.25101446e-01 0.00000000e+00 0.00000000e+00
  0.00000000e+00 0.00000000e+00 1.56371826e-01 1.44903050e-01
  3.71657940e-01 0.00000000e+00 0.00000000e+00 0.00000000e+00
  0.00000000e+00 0.00000000e+00 3.06381465e-01]
 [0.00000000e+00 5.95014971e-02 0.00000000e+00 0.00000000e+00
  0.00000000e+00 0.00000000e+00 1.00958484e-01 0.00000000e+00
  2.21639324e-01 0.00000000e+00 0.00000000e+00 0.00000000e+00
  0.00000000e+00 0.00000000e+00 3.62063582e-01]
 [0.00000000e+00 7.00365508e-02 7.71520033e-02 1.65513294e-01
  0.00000000e+00 0.00000000e+00 0.00000000e+00 0.00000000e+00
  0.00000000e+00 0.00000000e+00 8.11597625e-02 0.00000000e+00
  0.00000000e+00 0.00000000e+00 9.96832396e-02]
 [0.00000000e+00 3.14168618e-02 0.00000000e+00 0.00000000e+00
  0.00000000e+00 0.00000000e+00 9.37446967e-02 6.40098559e-02
  3.29449060e-01 0.00000000e+00 0.00000000e+00 0.00000000e+00
  0.00000000e+00 0.00000000e+00 3.77364262e-01]
 [0.00000000e+00 1.25938869e-01 1.91141729e-01 0.00000000e+00
  0.00000000e+00 0.00000000e+00 8.09896356e-02 2.04686749e-01
  6.43897040e-03 0.00000000e+00 0.00000000e+00 0.00000000e+00
  0.00000000e+00 0.00000000e+00 1.37671277e-01]
 [0.00000000e+00 6.87248994e-02 3.15127783e-01 0.00000000e+00
  0.00000000e+00 0.00000000e+00 9.90029979e-02 4.07256974e-01
  1.63140159e-01 0.00000000e+00 0.00000000e+00 2.37525378e-01
  9.33822110e-02 0.00000000e+00 3.64073056e-01]
 [0.00000000e+00 1.19730892e-01 6.64357876e-02 0.00000000e+00
  1.26478703e-02 0.00000000e+00 3.85397512e-01 3.94734867e-01
  2.09589456e-01 0.00000000e+00 0.00000000e+00 0.00000000e+00
  0.00000000e+00 0.00000000e+00 4.58004636e-01]
 [0.00000000e+00 1.26221937e-01 1.49342055e-01 1.20139408e-01
  0.00000000e+00 0.00000000e+00 0.00000000e+00 1.74159560e-01
  0.00000000e+00 1.21121558e-03 0.00000000e+00 0.00000000e+00
  0.00000000e+00 0.00000000e+00 7.33822657e-02]
 [7.04072148e-01 3.32752334e-01 6.44160129e-01 9.82141165e-01
  8.89532583e-01 2.14801177e+00 1.72881497e+00 1.09310234e+00
  1.05741123e+00 1.61025487e+00 1.56193522e+00 2.03432718e+00
  1.73394209e+00 1.94325053e+00 6.70996629e-01]]

2
----------------------------------------------------------------------------------
[[0.00000000e+00 0.00000000e+00 0.00000000e+00 0.00000000e+00
  2.83158148e-02 0.00000000e+00 0.00000000e+00 1.69966727e-01
  2.23494446e-01 4.56888535e-01 7.58088934e-01 1.69709709e-01
  1.99075259e-01 1.44054719e-01 0.00000000e+00]
 [0.00000000e+00 0.00000000e+00 0.00000000e+00 3.97447765e-02
  0.00000000e+00 1.06302609e-01 0.00000000e+00 1.89067347e-01
  2.85121267e-01 2.31489828e-01 7.74131957e-01 0.00000000e+00
  2.51689112e-01 7.20564387e-01 0.00000000e+00]
 [0.00000000e+00 0.00000000e+00 1.02177917e-01 1.24436529e-01
  0.00000000e+00 1.45019803e-01 0.00000000e+00 1.44088976e-01
  4.08308004e-01 7.27164550e-01 1.18488636e+00 4.60735302e-01
  1.43734170e-01 5.22480093e-01 0.00000000e+00]
 [0.00000000e+00 0.00000000e+00 1.99841997e-01 2.09061543e-01
  6.83491809e-02 0.00000000e+00 0.00000000e+00 5.90041299e-02
  2.40081578e-01 2.16144027e-01 5.79964813e-01 8.50745538e-02
  1.14993024e-01 2.28572637e-01 0.00000000e+00]
 [0.00000000e+00 0.00000000e+00 2.58626015e-01 0.00000000e+00
  1.14930091e-01 1.71147158e-02 3.00304583e-02 2.35804327e-01
  6.65266786e-02 1.31075367e-01 4.99210609e-01 0.00000000e+00
  2.98399758e-01 5.56751370e-01 0.00000000e+00]
 [0.00000000e+00 0.00000000e+00 1.08626984e-01 1.03491109e-01
  0.00000000e+00 1.11245003e-01 0.00000000e+00 0.00000000e+00
  9.59647406e-02 1.48660989e-01 4.98238146e-01 3.35128569e-01
  1.99722090e-01 5.33336248e-01 0.00000000e+00]
 [0.00000000e+00 0.00000000e+00 1.09999483e-01 7.54059888e-03
  0.00000000e+00 2.37767414e-01 0.00000000e+00 1.14167637e-02
  0.00000000e+00 1.52326667e-01 3.61593490e-01 0.00000000e+00
  2.54584485e-01 4.60749979e-01 0.00000000e+00]
 [0.00000000e+00 0.00000000e+00 2.15465157e+00 1.80706703e+00
  0.00000000e+00 6.71761981e-02 0.00000000e+00 0.00000000e+00
  1.52291633e-01 1.38223779e-01 6.65416786e-01 3.05619416e-01
  7.81489633e-02 2.40455157e-01 0.00000000e+00]
 [0.00000000e+00 0.00000000e+00 2.09806384e+00 4.21105121e+00
  6.57941062e-02 1.96446298e-01 9.83383176e-01 0.00000000e+00
  4.27067995e-02 1.28687922e-01 5.48468991e-01 3.54347040e-01
  1.41669630e-01 2.78201716e-01 0.00000000e+00]
 [0.00000000e+00 0.00000000e+00 8.68006727e-01 7.27632065e-01
  0.00000000e+00 5.54403568e-01 0.00000000e+00 5.14356001e-01
  2.19380670e-01 2.92276760e-02 9.20285506e-01 4.08670087e-01
  1.44662258e-01 7.96175446e-01 0.00000000e+00]
 [0.00000000e+00 0.00000000e+00 2.70895662e+00 3.60907998e+00
  0.00000000e+00 6.02512011e-01 5.57614038e-02 0.00000000e+00
  0.00000000e+00 0.00000000e+00 3.50234489e-01 3.79642882e-01
  1.24031721e-01 3.71390370e-01 0.00000000e+00]
 [0.00000000e+00 0.00000000e+00 1.86136919e+00 4.92223615e+00
  6.06383108e-02 8.04314506e-02 7.52953311e-01 0.00000000e+00
  2.54364289e-01 1.63335960e-01 5.60102902e-01 3.66991688e-01
  1.52794944e-01 1.75787254e-01 0.00000000e+00]
 [0.00000000e+00 0.00000000e+00 1.35953849e+00 8.90063228e+00
  0.00000000e+00 3.62799041e-01 0.00000000e+00 0.00000000e+00
  5.37520380e-02 1.00241978e-01 3.27978641e-01 3.28255067e-01
  1.79024103e-01 4.25343837e-01 0.00000000e+00]
 [1.47077467e-01 1.79937756e-01 0.00000000e+00 0.00000000e+00
  0.00000000e+00 0.00000000e+00 1.35875024e+00 0.00000000e+00
  3.02032309e+00 5.02444634e-01 4.32609128e-01 0.00000000e+00
  0.00000000e+00 2.90863534e-01 2.32660617e-01]
 [2.36028381e-01 3.24725155e-01 4.55882603e-01 0.00000000e+00
  0.00000000e+00 2.19175579e+00 2.07733318e+00 0.00000000e+00
  2.53404459e+00 2.13202404e+00 1.55006201e+00 0.00000000e+00
  0.00000000e+00 0.00000000e+00 2.25173826e-01]
 [7.98144081e-01 5.29880574e-01 2.59516030e-01 0.00000000e+00
  0.00000000e+00 0.00000000e+00 0.00000000e+00 4.99361572e-02
  7.30773818e-01 5.96167333e-01 2.97421430e-01 0.00000000e+00
  0.00000000e+00 2.31991700e-01 2.34290197e-01]
 [0.00000000e+00 0.00000000e+00 0.00000000e+00 0.00000000e+00
  0.00000000e+00 0.00000000e+00 0.00000000e+00 1.23895683e-01
  5.96233626e-01 5.10972671e-01 5.65202320e-01 1.69451069e-01
  0.00000000e+00 0.00000000e+00 0.00000000e+00]
 [7.93579826e-01 8.85517619e-01 1.55590955e+00 9.81504992e-01
  1.35051764e+00 1.62743810e+00 1.40157743e+00 1.23097179e+00
  5.13393779e-01 8.51429384e-01 5.46238466e-01 8.37673914e-01
  1.53017679e+00 1.44554775e+00 1.86287675e+00]]

3
----------------------------------------------------------------------------------
[[0.00000000e+00 0.00000000e+00 0.00000000e+00 0.00000000e+00
  0.00000000e+00 1.70904083e-01 0.00000000e+00 0.00000000e+00
  0.00000000e+00 0.00000000e+00 0.00000000e+00 0.00000000e+00
  0.00000000e+00 0.00000000e+00 2.78207084e-02]
 [0.00000000e+00 0.00000000e+00 0.00000000e+00 0.00000000e+00
  0.00000000e+00 0.00000000e+00 2.08597354e-01 3.09529038e-04
  0.00000000e+00 0.00000000e+00 1.60781181e-01 0.00000000e+00
  0.00000000e+00 0.00000000e+00 0.00000000e+00]
 [0.00000000e+00 0.00000000e+00 0.00000000e+00 0.00000000e+00
  0.00000000e+00 0.00000000e+00 0.00000000e+00 2.80231844e-02
  0.00000000e+00 0.00000000e+00 6.09857670e-02 0.00000000e+00
  0.00000000e+00 0.00000000e+00 0.00000000e+00]
 [0.00000000e+00 0.00000000e+00 0.00000000e+00 0.00000000e+00
  0.00000000e+00 0.00000000e+00 0.00000000e+00 0.00000000e+00
  0.00000000e+00 0.00000000e+00 0.00000000e+00 0.00000000e+00
  0.00000000e+00 0.00000000e+00 7.52630899e-02]
 [0.00000000e+00 5.18801344e-02 0.00000000e+00 0.00000000e+00
  0.00000000e+00 0.00000000e+00 0.00000000e+00 0.00000000e+00
  0.00000000e+00 0.00000000e+00 8.60239309e-03 0.00000000e+00
  0.00000000e+00 0.00000000e+00 0.00000000e+00]
 [0.00000000e+00 0.00000000e+00 0.00000000e+00 0.00000000e+00
  0.00000000e+00 0.00000000e+00 0.00000000e+00 1.10872338e-01
  0.00000000e+00 0.00000000e+00 2.25781279e-02 0.00000000e+00
  0.00000000e+00 0.00000000e+00 0.00000000e+00]
 [0.00000000e+00 0.00000000e+00 0.00000000e+00 0.00000000e+00
  1.39445685e-01 0.00000000e+00 1.65064733e-01 1.91942364e-01
  0.00000000e+00 0.00000000e+00 1.34026071e-01 0.00000000e+00
  0.00000000e+00 0.00000000e+00 0.00000000e+00]
 [0.00000000e+00 0.00000000e+00 0.00000000e+00 0.00000000e+00
  0.00000000e+00 0.00000000e+00 0.00000000e+00 0.00000000e+00
  0.00000000e+00 0.00000000e+00 0.00000000e+00 0.00000000e+00
  0.00000000e+00 0.00000000e+00 7.72109589e-02]
 [0.00000000e+00 0.00000000e+00 0.00000000e+00 0.00000000e+00
  0.00000000e+00 0.00000000e+00 0.00000000e+00 0.00000000e+00
  0.00000000e+00 0.00000000e+00 0.00000000e+00 0.00000000e+00
  0.00000000e+00 0.00000000e+00 0.00000000e+00]
 [0.00000000e+00 0.00000000e+00 0.00000000e+00 0.00000000e+00
  0.00000000e+00 0.00000000e+00 0.00000000e+00 0.00000000e+00
  0.00000000e+00 0.00000000e+00 0.00000000e+00 0.00000000e+00
  0.00000000e+00 0.00000000e+00 0.00000000e+00]
 [0.00000000e+00 0.00000000e+00 0.00000000e+00 0.00000000e+00
  0.00000000e+00 0.00000000e+00 0.00000000e+00 0.00000000e+00
  0.00000000e+00 0.00000000e+00 0.00000000e+00 0.00000000e+00
  0.00000000e+00 0.00000000e+00 0.00000000e+00]
 [0.00000000e+00 0.00000000e+00 0.00000000e+00 0.00000000e+00
  0.00000000e+00 0.00000000e+00 0.00000000e+00 0.00000000e+00
  0.00000000e+00 0.00000000e+00 0.00000000e+00 0.00000000e+00
  0.00000000e+00 0.00000000e+00 0.00000000e+00]
 [0.00000000e+00 0.00000000e+00 0.00000000e+00 0.00000000e+00
  0.00000000e+00 0.00000000e+00 0.00000000e+00 2.91725650e-02
  0.00000000e+00 0.00000000e+00 0.00000000e+00 0.00000000e+00
  0.00000000e+00 0.00000000e+00 0.00000000e+00]
 [1.62592827e-01 1.42384578e-01 0.00000000e+00 1.83766266e-02
  0.00000000e+00 7.08408551e-01 2.87858009e-02 7.80649994e-02
  8.81495545e-02 2.81164350e+00 0.00000000e+00 1.18665197e+00
  0.00000000e+00 0.00000000e+00 1.98492062e-01]
 [1.32517192e-01 1.44488297e-01 1.83743240e-01 2.47569263e-01
  0.00000000e+00 2.36824132e-01 3.32614570e-01 0.00000000e+00
  3.69460898e-01 2.54846718e+00 0.00000000e+00 1.83592658e+00
  4.65752568e-01 7.81706856e-02 4.05385120e-01]
 [3.51710800e-01 1.99865573e-01 1.28068647e-01 0.00000000e+00
  6.58202539e-02 6.32634886e-01 5.85122127e-01 4.89008119e-01
  0.00000000e+00 0.00000000e+00 0.00000000e+00 0.00000000e+00
  0.00000000e+00 0.00000000e+00 0.00000000e+00]
 [4.72410521e-02 6.08783839e-02 0.00000000e+00 3.83938629e-01
  0.00000000e+00 0.00000000e+00 0.00000000e+00 0.00000000e+00
  0.00000000e+00 1.69379301e-01 0.00000000e+00 0.00000000e+00
  2.17057865e-01 0.00000000e+00 6.22592490e-02]
 [2.33431594e+00 2.06972080e+00 2.01797364e+00 1.64910190e+00
  1.44389293e+00 1.63920200e+00 1.95459767e+00 1.00099213e+00
  9.63538192e-01 7.71544132e-01 1.24498998e+00 1.55137027e+00
  1.72035469e+00 2.00234928e+00 1.07779331e+00]]

4
----------------------------------------------------------------------------------
[[0.32047404 0.07948518 0.         0.         0.28905589 0.
  0.26371875 0.         0.         0.         0.         0.
  0.         0.20567488 0.        ]
 [0.26724485 0.         0.         0.         0.16032708 0.
  0.16550558 0.         0.         0.         0.         2.12142183
  0.         0.         0.32529623]
 [0.45437837 0.         0.         0.         0.         0.
  0.10114844 0.         0.         0.         0.         0.3677791
  0.         0.         0.02810039]
 [0.18736373 0.01415947 0.         0.         0.09196861 0.
  0.00468564 0.         0.         0.         0.         0.
  0.         0.34484196 0.        ]
 [0.0408737  0.         0.         0.         0.00855384 0.
  0.05704801 0.         0.         0.         0.         0.
  0.         0.0904576  0.        ]
 [0.22261374 0.         0.         0.         0.         0.
  0.03480326 0.         0.         0.         0.         0.
  0.         0.22600076 0.12416196]
 [0.24700107 0.         0.         0.         0.         0.
  0.01802198 0.         0.         0.         0.         0.
  0.         0.09117985 0.09854235]
 [0.33447553 0.         0.         0.11583486 0.         0.02772634
  0.         0.         0.         0.         0.         0.
  0.         0.15175094 0.        ]
 [0.12063543 0.         0.         0.         0.         0.
  0.02244933 0.         0.         0.         0.         0.
  0.05168712 0.         0.        ]
 [0.16356797 0.         0.         0.         0.         0.
  0.0388089  0.         0.         0.         0.         0.
  0.         0.04144687 0.        ]
 [0.18878966 0.         0.         0.         0.         0.
  0.06269464 0.         0.         0.         0.         0.
  0.         0.02623439 0.        ]
 [0.15372935 0.         0.         0.         0.         0.04301383
  0.         0.         0.         0.         0.         0.
  0.04009454 0.         0.        ]
 [0.22968723 0.         0.         0.         0.         0.
  0.00469741 0.         0.         0.         0.         0.
  0.         0.0554667  0.        ]
 [0.21087802 0.06859247 0.01366804 0.         0.         0.0514864
  0.         0.08776596 0.         0.31944081 0.         2.28312035
  1.19400702 0.96016999 1.34396066]
 [0.31173625 0.         0.02700031 0.         0.         0.
  0.05058672 0.         0.         0.31565701 0.         0.48301152
  1.03557128 1.59641036 1.25670359]
 [0.25761753 0.         0.         0.         0.         0.
  0.         0.         0.         0.00660637 0.         0.
  0.54452568 0.39222278 0.16085005]
 [0.05514476 0.09555153 0.54260548 0.         0.11790645 0.
  0.         0.05111853 0.         0.35128497 0.         0.19333465
  1.60850314 0.86528408 0.05627569]
 [0.42427348 1.10567236 1.34651223 1.21765528 0.57388122 0.43487489
  0.70786013 0.81861551 1.39227564 0.95042671 1.68741941 2.93222281
  1.53737496 1.35570563 1.46603992]]

5
----------------------------------------------------------------------------------
[[1.25208718e+00 5.11372249e-01 0.00000000e+00 0.00000000e+00
  0.00000000e+00 0.00000000e+00 0.00000000e+00 1.88421061e-01
  0.00000000e+00 0.00000000e+00 0.00000000e+00 0.00000000e+00
  1.59129380e-01 3.26661123e-01 3.37606950e-02]
 [1.15794671e+00 4.93083133e-01 0.00000000e+00 0.00000000e+00
  0.00000000e+00 0.00000000e+00 0.00000000e+00 2.83730037e-01
  0.00000000e+00 0.00000000e+00 9.33425392e-03 9.69024734e-01
  4.56808401e-01 5.08714195e-01 1.63389883e-01]
 [1.17088688e+00 4.18024398e-01 0.00000000e+00 0.00000000e+00
  0.00000000e+00 0.00000000e+00 0.00000000e+00 0.00000000e+00
  0.00000000e+00 0.00000000e+00 0.00000000e+00 1.34114262e-01
  5.82640400e-02 2.16320823e-01 0.00000000e+00]
 [8.92571740e-01 3.46174900e-01 0.00000000e+00 0.00000000e+00
  0.00000000e+00 0.00000000e+00 0.00000000e+00 0.00000000e+00
  0.00000000e+00 0.00000000e+00 0.00000000e+00 0.00000000e+00
  1.56227312e-01 1.92328264e-01 4.36440110e-01]
 [7.24460821e-01 2.95792531e-01 0.00000000e+00 0.00000000e+00
  0.00000000e+00 0.00000000e+00 0.00000000e+00 2.15461292e-01
  0.00000000e+00 6.85104630e-02 8.56661031e-03 0.00000000e+00
  1.65604992e-01 4.23927484e-01 3.55413383e-01]
 [8.68050871e-01 4.14953393e-01 0.00000000e+00 0.00000000e+00
  0.00000000e+00 0.00000000e+00 0.00000000e+00 0.00000000e+00
  0.00000000e+00 1.15948567e-02 2.60737956e-01 4.60888192e-02
  0.00000000e+00 6.51343534e-02 0.00000000e+00]
 [9.74054454e-01 2.71852816e-01 0.00000000e+00 0.00000000e+00
  0.00000000e+00 0.00000000e+00 0.00000000e+00 9.64610200e-02
  0.00000000e+00 2.53664786e-01 1.23408595e-02 7.56518683e-02
  1.85811525e-01 3.61813240e-01 3.58958876e-01]
 [1.04126934e+00 1.85007136e-01 0.00000000e+00 0.00000000e+00
  0.00000000e+00 0.00000000e+00 0.00000000e+00 0.00000000e+00
  0.00000000e+00 0.00000000e+00 0.00000000e+00 0.00000000e+00
  0.00000000e+00 1.72674235e-01 1.30451016e-02]
 [8.61492854e-01 1.49055294e-01 0.00000000e+00 0.00000000e+00
  0.00000000e+00 0.00000000e+00 0.00000000e+00 0.00000000e+00
  0.00000000e+00 0.00000000e+00 0.00000000e+00 0.00000000e+00
  0.00000000e+00 1.83028701e-01 7.60920198e-02]
 [9.34201013e-01 4.64787763e-01 0.00000000e+00 0.00000000e+00
  0.00000000e+00 0.00000000e+00 0.00000000e+00 0.00000000e+00
  0.00000000e+00 0.00000000e+00 0.00000000e+00 0.00000000e+00
  0.00000000e+00 0.00000000e+00 0.00000000e+00]
 [6.87060613e-01 2.72241286e-01 0.00000000e+00 0.00000000e+00
  0.00000000e+00 0.00000000e+00 0.00000000e+00 0.00000000e+00
  0.00000000e+00 0.00000000e+00 5.31813075e-02 0.00000000e+00
  0.00000000e+00 0.00000000e+00 0.00000000e+00]
 [6.92855029e-01 9.31053585e-02 0.00000000e+00 0.00000000e+00
  0.00000000e+00 0.00000000e+00 0.00000000e+00 0.00000000e+00
  0.00000000e+00 0.00000000e+00 0.00000000e+00 0.00000000e+00
  0.00000000e+00 1.06942592e-01 1.55449395e-01]
 [7.43537711e-01 2.31780716e-01 0.00000000e+00 0.00000000e+00
  0.00000000e+00 0.00000000e+00 0.00000000e+00 0.00000000e+00
  0.00000000e+00 0.00000000e+00 3.87947047e-02 8.69577006e-04
  0.00000000e+00 0.00000000e+00 0.00000000e+00]
 [5.78245686e-01 7.01029924e-02 2.04124316e-01 1.89472928e-01
  6.10717862e-01 2.27620262e-01 0.00000000e+00 0.00000000e+00
  0.00000000e+00 4.19520185e-02 1.70377387e-01 0.00000000e+00
  0.00000000e+00 0.00000000e+00 2.24413610e-02]
 [1.36112120e+00 2.50175285e-01 1.05849496e-01 1.56507343e-01
  4.03499265e-01 0.00000000e+00 0.00000000e+00 1.95745216e-01
  1.19692852e-01 0.00000000e+00 2.05594388e-01 0.00000000e+00
  0.00000000e+00 0.00000000e+00 1.18671265e-01]
 [1.76752642e-01 2.09079049e-01 6.14543128e-01 5.54712057e-01
  9.06105177e-01 4.82804441e-01 0.00000000e+00 0.00000000e+00
  0.00000000e+00 5.01930974e-02 4.59330858e-01 0.00000000e+00
  0.00000000e+00 0.00000000e+00 0.00000000e+00]
 [1.11450669e+00 1.98566118e-01 0.00000000e+00 0.00000000e+00
  0.00000000e+00 0.00000000e+00 0.00000000e+00 9.21718551e-02
  0.00000000e+00 0.00000000e+00 1.07391337e-01 0.00000000e+00
  0.00000000e+00 2.25778033e-01 3.63844846e-01]
 [2.17075747e-01 9.35337695e-01 1.36539180e+00 1.52144322e+00
  8.65512652e-01 1.02854179e+00 9.00153175e-01 1.07557352e+00
  1.20207291e+00 1.22732514e+00 1.07531624e+00 7.73415123e-01
  9.26406028e-01 1.00100301e+00 1.13231439e+00]]

6
----------------------------------------------------------------------------------
[[6.05851713e-03 0.00000000e+00 0.00000000e+00 0.00000000e+00
  0.00000000e+00 0.00000000e+00 1.24214170e-01 0.00000000e+00
  0.00000000e+00 0.00000000e+00 0.00000000e+00 1.85132802e-01
  0.00000000e+00 2.54973062e-02 0.00000000e+00]
 [0.00000000e+00 0.00000000e+00 1.47503266e-02 0.00000000e+00
  0.00000000e+00 0.00000000e+00 1.32076845e-01 0.00000000e+00
  0.00000000e+00 0.00000000e+00 0.00000000e+00 0.00000000e+00
  0.00000000e+00 0.00000000e+00 0.00000000e+00]
 [0.00000000e+00 0.00000000e+00 6.70202026e-02 0.00000000e+00
  0.00000000e+00 0.00000000e+00 0.00000000e+00 0.00000000e+00
  0.00000000e+00 0.00000000e+00 0.00000000e+00 0.00000000e+00
  0.00000000e+00 0.00000000e+00 0.00000000e+00]
 [4.34968029e-02 0.00000000e+00 0.00000000e+00 0.00000000e+00
  0.00000000e+00 0.00000000e+00 1.26389313e-02 0.00000000e+00
  0.00000000e+00 0.00000000e+00 0.00000000e+00 1.16093625e-01
  0.00000000e+00 0.00000000e+00 0.00000000e+00]
 [0.00000000e+00 0.00000000e+00 0.00000000e+00 0.00000000e+00
  0.00000000e+00 0.00000000e+00 4.08060682e-02 0.00000000e+00
  0.00000000e+00 1.07890207e-01 0.00000000e+00 0.00000000e+00
  0.00000000e+00 0.00000000e+00 0.00000000e+00]
 [0.00000000e+00 0.00000000e+00 3.12905929e-02 0.00000000e+00
  0.00000000e+00 0.00000000e+00 0.00000000e+00 0.00000000e+00
  0.00000000e+00 0.00000000e+00 0.00000000e+00 0.00000000e+00
  0.00000000e+00 0.00000000e+00 0.00000000e+00]
 [0.00000000e+00 7.10114872e-03 0.00000000e+00 0.00000000e+00
  0.00000000e+00 0.00000000e+00 0.00000000e+00 0.00000000e+00
  0.00000000e+00 0.00000000e+00 0.00000000e+00 0.00000000e+00
  0.00000000e+00 0.00000000e+00 0.00000000e+00]
 [0.00000000e+00 0.00000000e+00 0.00000000e+00 0.00000000e+00
  0.00000000e+00 0.00000000e+00 0.00000000e+00 0.00000000e+00
  0.00000000e+00 0.00000000e+00 0.00000000e+00 1.41501298e-01
  0.00000000e+00 0.00000000e+00 0.00000000e+00]
 [0.00000000e+00 0.00000000e+00 0.00000000e+00 0.00000000e+00
  0.00000000e+00 0.00000000e+00 0.00000000e+00 0.00000000e+00
  0.00000000e+00 0.00000000e+00 0.00000000e+00 0.00000000e+00
  0.00000000e+00 0.00000000e+00 0.00000000e+00]
 [0.00000000e+00 0.00000000e+00 0.00000000e+00 0.00000000e+00
  0.00000000e+00 0.00000000e+00 0.00000000e+00 0.00000000e+00
  0.00000000e+00 0.00000000e+00 0.00000000e+00 0.00000000e+00
  0.00000000e+00 0.00000000e+00 0.00000000e+00]
 [0.00000000e+00 0.00000000e+00 0.00000000e+00 0.00000000e+00
  0.00000000e+00 0.00000000e+00 0.00000000e+00 0.00000000e+00
  0.00000000e+00 0.00000000e+00 0.00000000e+00 0.00000000e+00
  0.00000000e+00 0.00000000e+00 0.00000000e+00]
 [0.00000000e+00 0.00000000e+00 0.00000000e+00 0.00000000e+00
  0.00000000e+00 0.00000000e+00 0.00000000e+00 0.00000000e+00
  1.70545679e-03 0.00000000e+00 0.00000000e+00 0.00000000e+00
  0.00000000e+00 0.00000000e+00 0.00000000e+00]
 [0.00000000e+00 0.00000000e+00 0.00000000e+00 0.00000000e+00
  0.00000000e+00 0.00000000e+00 0.00000000e+00 0.00000000e+00
  0.00000000e+00 0.00000000e+00 0.00000000e+00 0.00000000e+00
  0.00000000e+00 0.00000000e+00 0.00000000e+00]
 [4.72714650e-02 0.00000000e+00 4.99332005e-01 0.00000000e+00
  4.87334609e-01 0.00000000e+00 0.00000000e+00 0.00000000e+00
  0.00000000e+00 7.43907380e-01 8.91100479e-01 7.30594995e-02
  4.55930301e-01 3.00671065e-01 0.00000000e+00]
 [2.25922964e-01 0.00000000e+00 4.76521421e-01 3.10390657e-01
  4.62055573e-01 0.00000000e+00 0.00000000e+00 0.00000000e+00
  0.00000000e+00 1.55296452e+00 1.57508994e+00 1.03226745e-01
  6.36382727e-01 5.21457369e-01 0.00000000e+00]
 [0.00000000e+00 0.00000000e+00 1.00554865e-02 8.98612361e-02
  4.02182227e-01 0.00000000e+00 0.00000000e+00 0.00000000e+00
  0.00000000e+00 2.28119993e-03 1.70271416e-01 0.00000000e+00
  3.82314457e-02 0.00000000e+00 0.00000000e+00]
 [3.78744428e-01 1.32313604e-02 7.00443678e-01 3.51084144e-01
  0.00000000e+00 0.00000000e+00 0.00000000e+00 0.00000000e+00
  0.00000000e+00 7.20728408e-01 3.88100334e-01 5.15683142e-01
  6.54140431e-01 7.13298999e-01 2.65947689e-01]
 [1.41099787e+00 1.30299137e+00 4.69334530e-01 1.48248298e+00
  1.58660670e+00 1.88057694e+00 1.77894814e+00 1.94444257e+00
  1.17030521e+00 9.04955712e-01 9.92298104e-01 1.30891779e+00
  1.19629115e+00 1.55492064e+00 1.74715597e+00]]

7
----------------------------------------------------------------------------------
[[3.95187179e-01 1.92400115e-01 2.25039005e-01 0.00000000e+00
  0.00000000e+00 0.00000000e+00 0.00000000e+00 0.00000000e+00
  0.00000000e+00 7.63528251e-02 0.00000000e+00 0.00000000e+00
  0.00000000e+00 0.00000000e+00 0.00000000e+00]
 [3.14411092e-01 3.65150006e-01 8.22692574e-02 0.00000000e+00
  0.00000000e+00 0.00000000e+00 0.00000000e+00 0.00000000e+00
  0.00000000e+00 0.00000000e+00 0.00000000e+00 0.00000000e+00
  0.00000000e+00 0.00000000e+00 0.00000000e+00]
 [0.00000000e+00 1.35864181e-01 0.00000000e+00 0.00000000e+00
  0.00000000e+00 0.00000000e+00 0.00000000e+00 0.00000000e+00
  0.00000000e+00 0.00000000e+00 0.00000000e+00 0.00000000e+00
  0.00000000e+00 0.00000000e+00 0.00000000e+00]
 [2.78293767e-01 4.33623103e-01 2.67995020e-01 0.00000000e+00
  0.00000000e+00 0.00000000e+00 0.00000000e+00 0.00000000e+00
  0.00000000e+00 0.00000000e+00 0.00000000e+00 0.00000000e+00
  0.00000000e+00 0.00000000e+00 0.00000000e+00]
 [5.38449102e-01 3.63502248e-01 1.18260413e-01 0.00000000e+00
  0.00000000e+00 0.00000000e+00 0.00000000e+00 0.00000000e+00
  0.00000000e+00 0.00000000e+00 0.00000000e+00 0.00000000e+00
  0.00000000e+00 0.00000000e+00 0.00000000e+00]
 [2.04177213e-01 1.86806684e-01 0.00000000e+00 0.00000000e+00
  0.00000000e+00 0.00000000e+00 0.00000000e+00 0.00000000e+00
  0.00000000e+00 0.00000000e+00 0.00000000e+00 0.00000000e+00
  0.00000000e+00 0.00000000e+00 0.00000000e+00]
 [4.84227266e-01 3.10861507e-01 3.75902503e-02 0.00000000e+00
  0.00000000e+00 0.00000000e+00 0.00000000e+00 0.00000000e+00
  0.00000000e+00 0.00000000e+00 0.00000000e+00 0.00000000e+00
  0.00000000e+00 0.00000000e+00 1.79319607e-02]
 [5.27390079e-01 1.89032299e-01 2.07722801e-01 0.00000000e+00
  0.00000000e+00 0.00000000e+00 0.00000000e+00 0.00000000e+00
  0.00000000e+00 0.00000000e+00 0.00000000e+00 0.00000000e+00
  0.00000000e+00 0.00000000e+00 3.65336692e-01]
 [3.17362014e-01 3.12009335e-01 4.05895963e-03 0.00000000e+00
  0.00000000e+00 0.00000000e+00 0.00000000e+00 0.00000000e+00
  0.00000000e+00 0.00000000e+00 0.00000000e+00 0.00000000e+00
  0.00000000e+00 0.00000000e+00 2.42061563e+00]
 [0.00000000e+00 0.00000000e+00 0.00000000e+00 0.00000000e+00
  0.00000000e+00 0.00000000e+00 0.00000000e+00 0.00000000e+00
  0.00000000e+00 6.97888855e-02 0.00000000e+00 0.00000000e+00
  0.00000000e+00 0.00000000e+00 1.53001805e+00]
 [7.38686144e-02 2.24805137e-01 0.00000000e+00 0.00000000e+00
  0.00000000e+00 0.00000000e+00 0.00000000e+00 0.00000000e+00
  0.00000000e+00 0.00000000e+00 0.00000000e+00 0.00000000e+00
  0.00000000e+00 0.00000000e+00 2.67192792e+00]
 [3.67790809e-01 4.00093033e-01 0.00000000e+00 0.00000000e+00
  0.00000000e+00 0.00000000e+00 0.00000000e+00 0.00000000e+00
  0.00000000e+00 0.00000000e+00 0.00000000e+00 0.00000000e+00
  0.00000000e+00 0.00000000e+00 1.67932835e+00]
 [9.68286396e-02 2.19335590e-01 0.00000000e+00 0.00000000e+00
  0.00000000e+00 0.00000000e+00 0.00000000e+00 0.00000000e+00
  0.00000000e+00 0.00000000e+00 0.00000000e+00 0.00000000e+00
  0.00000000e+00 0.00000000e+00 2.26860817e+00]
 [7.09382043e-02 1.52930269e-03 0.00000000e+00 0.00000000e+00
  0.00000000e+00 8.42940755e-02 0.00000000e+00 0.00000000e+00
  0.00000000e+00 8.14498267e-02 0.00000000e+00 0.00000000e+00
  0.00000000e+00 8.07217072e-01 0.00000000e+00]
 [1.07607281e-01 0.00000000e+00 0.00000000e+00 0.00000000e+00
  0.00000000e+00 6.36908557e-02 0.00000000e+00 0.00000000e+00
  0.00000000e+00 0.00000000e+00 0.00000000e+00 0.00000000e+00
  9.26957702e-03 7.51356072e-01 0.00000000e+00]
 [1.39776928e-02 0.00000000e+00 0.00000000e+00 0.00000000e+00
  0.00000000e+00 0.00000000e+00 0.00000000e+00 0.00000000e+00
  0.00000000e+00 0.00000000e+00 0.00000000e+00 0.00000000e+00
  4.91111841e-01 8.75986967e-01 3.50551456e-01]
 [4.19660717e-01 4.23482379e-02 0.00000000e+00 0.00000000e+00
  2.46519104e-02 0.00000000e+00 0.00000000e+00 0.00000000e+00
  0.00000000e+00 3.83806674e-03 0.00000000e+00 0.00000000e+00
  0.00000000e+00 0.00000000e+00 0.00000000e+00]
 [7.19610980e-01 7.47679770e-01 1.04462750e+00 1.08757076e+00
  1.20580495e+00 1.66685262e+00 2.65040299e+00 2.16484735e+00
  2.14596399e+00 1.34363890e+00 1.69730830e+00 2.18617349e+00
  2.10571522e+00 2.28076591e+00 2.28444631e+00]]

8
----------------------------------------------------------------------------------
[[0.00000000e+00 0.00000000e+00 0.00000000e+00 0.00000000e+00
  1.90228184e-01 0.00000000e+00 6.10415874e-01 4.11678191e-01
  7.52655665e-02 2.16134570e-01 7.74347234e-02 0.00000000e+00
  0.00000000e+00 0.00000000e+00 0.00000000e+00]
 [0.00000000e+00 0.00000000e+00 0.00000000e+00 0.00000000e+00
  2.54175002e+00 0.00000000e+00 3.53052714e-01 2.04476998e+01
  7.75028591e-02 2.88013018e-01 2.49542933e-01 0.00000000e+00
  0.00000000e+00 0.00000000e+00 0.00000000e+00]
 [0.00000000e+00 0.00000000e+00 0.00000000e+00 0.00000000e+00
  4.00948595e-01 1.62060594e-01 2.38384909e-01 0.00000000e+00
  9.39612296e-02 3.68837129e-01 2.37572670e-01 0.00000000e+00
  0.00000000e+00 0.00000000e+00 0.00000000e+00]
 [0.00000000e+00 0.00000000e+00 0.00000000e+00 0.00000000e+00
  1.35947451e-01 0.00000000e+00 3.61002630e-01 0.00000000e+00
  1.67836660e-01 2.83772642e-01 0.00000000e+00 0.00000000e+00
  0.00000000e+00 0.00000000e+00 0.00000000e+00]
 [0.00000000e+00 0.00000000e+00 0.00000000e+00 0.00000000e+00
  1.27303671e-01 0.00000000e+00 3.55875597e-01 0.00000000e+00
  1.38376131e-01 3.02504321e-01 0.00000000e+00 0.00000000e+00
  0.00000000e+00 0.00000000e+00 0.00000000e+00]
 [0.00000000e+00 0.00000000e+00 0.00000000e+00 0.00000000e+00
  2.40869842e-01 0.00000000e+00 4.05307172e-01 0.00000000e+00
  1.51819499e-01 2.20890062e-01 8.95787055e-02 0.00000000e+00
  0.00000000e+00 0.00000000e+00 0.00000000e+00]
 [0.00000000e+00 0.00000000e+00 0.00000000e+00 0.00000000e+00
  1.09878932e-01 0.00000000e+00 3.64971677e-01 0.00000000e+00
  2.63472963e-01 2.89048831e-01 1.86026999e-01 0.00000000e+00
  0.00000000e+00 0.00000000e+00 0.00000000e+00]
 [5.59127151e-01 5.25751909e-02 0.00000000e+00 1.85127513e-01
  0.00000000e+00 0.00000000e+00 2.36408470e-01 0.00000000e+00
  0.00000000e+00 1.50490080e-01 0.00000000e+00 0.00000000e+00
  0.00000000e+00 0.00000000e+00 0.00000000e+00]
 [1.28614555e+00 7.47859980e-01 2.03063407e-01 3.08361258e-01
  0.00000000e+00 0.00000000e+00 2.99872681e-01 0.00000000e+00
  6.48452763e-02 2.42432044e-01 0.00000000e+00 0.00000000e+00
  0.00000000e+00 0.00000000e+00 0.00000000e+00]
 [0.00000000e+00 0.00000000e+00 0.00000000e+00 0.00000000e+00
  1.80775197e-01 0.00000000e+00 3.76533407e-01 0.00000000e+00
  1.33623187e-01 0.00000000e+00 0.00000000e+00 0.00000000e+00
  0.00000000e+00 0.00000000e+00 0.00000000e+00]
 [0.00000000e+00 1.70813221e-01 3.64775948e-01 5.37258568e-01
  2.48601698e-01 0.00000000e+00 1.35386886e-02 0.00000000e+00
  0.00000000e+00 1.77418233e-01 0.00000000e+00 0.00000000e+00
  0.00000000e+00 0.00000000e+00 0.00000000e+00]
 [8.72204583e-01 4.73767111e-01 3.55602406e-01 4.20878255e-01
  1.16543501e-01 0.00000000e+00 3.68382081e-01 0.00000000e+00
  0.00000000e+00 3.29753443e-01 0.00000000e+00 0.00000000e+00
  0.00000000e+00 0.00000000e+00 0.00000000e+00]
 [0.00000000e+00 0.00000000e+00 2.12954424e-01 2.59023834e-01
  1.84437768e-01 0.00000000e+00 2.58517834e-01 0.00000000e+00
  0.00000000e+00 1.06954853e-01 0.00000000e+00 0.00000000e+00
  0.00000000e+00 0.00000000e+00 0.00000000e+00]
 [9.80620719e-02 0.00000000e+00 0.00000000e+00 1.08286625e-01
  7.18744665e-01 1.75782733e-01 5.79668980e+00 0.00000000e+00
  0.00000000e+00 1.25310443e-01 0.00000000e+00 0.00000000e+00
  0.00000000e+00 0.00000000e+00 0.00000000e+00]
 [1.20020357e-01 0.00000000e+00 0.00000000e+00 9.23940599e-02
  8.48295581e-01 1.02778436e+00 5.95129239e+00 5.47180254e-01
  2.85397235e-02 6.14654011e-02 0.00000000e+00 0.00000000e+00
  0.00000000e+00 0.00000000e+00 6.85009548e-02]
 [3.56877214e-01 0.00000000e+00 0.00000000e+00 0.00000000e+00
  7.88449615e-01 7.17031502e-01 6.77146290e-01 0.00000000e+00
  0.00000000e+00 6.66793769e-02 0.00000000e+00 0.00000000e+00
  0.00000000e+00 0.00000000e+00 0.00000000e+00]
 [0.00000000e+00 0.00000000e+00 0.00000000e+00 4.30827893e-01
  4.86990774e-01 0.00000000e+00 2.73541982e-01 0.00000000e+00
  0.00000000e+00 7.88891683e-02 0.00000000e+00 0.00000000e+00
  0.00000000e+00 0.00000000e+00 0.00000000e+00]
 [2.09252592e+00 1.96628088e+00 1.09690568e+00 3.53301706e-01
  2.83540606e-01 6.58226846e-01 4.75331194e-01 1.39675885e+00
  1.09571007e+00 1.08758761e+00 1.29781803e+00 1.93392823e+00
  1.86665297e+00 2.41046217e+00 1.42257794e+00]]

9
----------------------------------------------------------------------------------
[[0.         0.         0.         0.         0.         0.
  0.43302236 0.         0.21518597 0.         0.         0.11990157
  0.12332336 0.24583262 0.        ]
 [0.29266184 0.         0.         0.         0.         0.19042089
  0.19956197 0.         0.         0.         0.         0.
  0.         0.27643825 0.15992808]
 [0.         0.         0.         0.         0.         0.
  0.         0.         0.         0.         0.         0.
  0.         0.90962078 0.08365063]
 [0.         0.         0.         0.         0.         0.02578633
  0.35469432 0.02929207 0.0952549  0.         0.         0.2208326
  0.19404939 0.12029362 0.        ]
 [0.         0.06237531 0.         0.         0.         0.19782493
  0.29452574 0.         0.         0.         0.         0.
  0.10325841 0.0283967  0.        ]
 [0.         0.         0.         0.         0.01944727 0.22826311
  0.06679766 0.         0.         0.         0.         0.
  0.         0.55723818 0.31798132]
 [0.         0.         0.         0.         0.         0.17716197
  0.24852659 0.         0.         0.         0.         0.
  0.         0.30433458 0.1577274 ]
 [0.         0.         0.         0.         0.         0.
  0.37583356 0.         0.09505823 0.         0.         0.14555799
  0.         0.         0.        ]
 [0.         0.         0.         0.         0.         0.02306769
  0.22466721 0.         0.03554135 0.         0.         0.
  0.         0.         0.        ]
 [0.         0.         0.         0.         0.36979896 0.1679806
  0.03913238 0.         0.         0.         0.         0.
  0.07535193 0.69217038 0.50602749]
 [0.         0.         0.         0.         0.13227825 0.18079277
  0.11695918 0.         0.         0.         0.         0.
  0.         0.5465421  0.        ]
 [0.         0.         0.         0.         0.         0.
  0.18976533 0.         0.02092987 0.         0.         0.
  0.         0.         0.        ]
 [0.         0.         0.         0.         0.23130786 0.17729103
  0.157802   0.         0.         0.         0.         0.
  0.         0.39646329 0.16616943]
 [0.0289287  0.         0.00691578 0.         0.         0.
  0.12170465 0.01493889 0.         0.         0.         0.37109066
  0.29621027 0.31790428 0.        ]
 [0.31930492 0.         0.03267608 0.         0.         0.
  0.17008215 0.         0.         0.         0.         0.37661466
  0.37931751 0.31171601 0.        ]
 [0.         0.         0.         0.         0.         0.
  0.         0.         0.         0.         0.03175611 0.61275468
  0.40312284 0.55173164 0.        ]
 [0.         0.         0.0173024  0.0053899  0.         0.
  0.22055724 0.01281694 0.01491516 0.         0.         0.21925761
  0.31538305 0.         0.        ]
 [0.95780433 0.7020005  0.36068268 0.68385065 0.47964408 0.49233572
  0.35398295 1.00726954 1.05774776 1.25769501 1.01212094 0.60363309
  0.55599668 0.30217611 1.18904907]]

10
----------------------------------------------------------------------------------
[[0.05338955 0.37828699 1.29858384 0.63922084 0.53698511 0.23207147
  0.156139   0.         0.1653345  0.60492896 0.59069848 0.22736385
  0.41554881 0.21556919 0.27876856]
 [0.23204881 0.49740082 1.14653877 0.83998007 1.0289398  0.17806591
  0.37653312 0.         0.28407086 1.00657321 0.94306672 0.38704208
  0.75602664 0.47886629 0.32846839]
 [0.27794222 0.48019573 0.91991156 1.25126243 0.60273726 0.3430445
  0.11062702 0.         0.19842315 0.6762949  0.78940529 0.65917033
  0.2598339  0.69613637 0.53881195]
 [0.04231082 0.42191815 1.00093855 0.27047106 0.27463077 0.17617552
  0.15898978 0.16585004 0.10416671 0.15064674 0.11083813 0.08557068
  0.         0.26412659 0.        ]
 [0.10290238 0.10123412 0.8499249  0.16763253 0.34058576 0.18320314
  0.25714384 0.         0.11261427 0.56160514 0.21797218 0.13920984
  0.12978849 0.28982877 0.24808119]
 [0.05114071 0.12682281 0.7712928  0.31075723 0.45061815 0.03055946
  0.14446625 0.14385899 0.1034013  0.37395736 0.5113194  0.35814693
  0.55953635 0.24408537 0.23150239]
 [0.11970295 0.         0.92709678 0.07968791 0.28442152 0.13753339
  0.15039109 0.         0.03747409 0.66668006 0.42398706 0.08677495
  0.68179425 0.29932919 0.33921623]
 [0.11446847 0.40564896 0.86748496 0.42074291 0.1622925  0.34051327
  0.13765367 0.71633523 0.04178468 0.1768191  0.         0.
  0.         0.         0.        ]
 [0.08318321 0.24562532 0.82244709 0.54974266 0.99835658 1.92159095
  0.72551754 1.29819268 1.78044808 0.53945296 0.         0.
  0.         0.         0.        ]
 [0.32792008 0.10334888 0.52033377 0.32715105 0.79688984 0.87463867
  0.33532826 0.33411212 0.54481741 0.41689333 0.18997326 0.03104345
  0.23680322 0.18848851 0.33419805]
 [0.03708987 0.01362823 0.63436256 0.23242461 0.65649069 2.7972437
  0.77344452 0.5627845  1.19665861 0.92299322 0.         0.
  0.18145118 0.07440882 0.        ]
 [0.06077726 0.00667112 0.79050064 0.         0.27104765 1.31614413
  0.2359467  1.15750298 1.12938231 0.38308777 0.         0.
  0.         0.         0.        ]
 [0.05103804 0.         0.50105579 0.07976781 0.15548101 1.79570962
  0.27076054 0.3449607  0.68942632 0.66067639 0.10619459 0.
  0.30069871 0.00717518 0.        ]
 [1.16291351 0.         0.45454917 0.         0.08818104 0.
  0.56134767 0.72163735 0.46923357 0.78617193 0.         0.
  0.         0.         2.50559046]
 [2.19519185 0.48429031 0.72487043 0.         1.34707558 0.32110825
  0.46565177 0.62258046 0.95632428 1.36289669 0.         0.
  0.         0.         3.7359567 ]
 [0.45008359 0.         0.04786452 0.         0.05965772 0.22393367
  0.40789117 0.43425046 0.2893264  0.40785199 0.         0.
  0.         0.         0.89364645]
 [0.52717975 0.2097782  1.06826007 0.         0.         0.
  0.         0.27353588 0.         0.53464718 0.         0.
  0.         0.         0.52813578]
 [0.7087691  0.9554859  0.8244321  1.20987709 1.34288343 1.6420699
  1.00953662 0.39423334 0.66083717 0.70260254 1.34435822 1.84063089
  1.63667932 1.36924529 0.99676886]]

11
----------------------------------------------------------------------------------
[[0.80680256 0.77774938 0.79879382 0.         0.00989302 0.
  0.         0.78439314 0.7927746  0.         0.66951404 0.
  0.14221724 0.12097934 0.        ]
 [0.54951064 0.66049713 0.72930626 0.         0.06628217 0.
  0.21580553 0.9686868  0.76842478 0.6231309  0.48125745 0.33639655
  0.54451355 0.23908649 0.        ]
 [0.16005582 0.2468164  0.         0.         0.         0.
  0.         0.62810586 0.32208806 0.         0.         0.
  0.         0.         0.        ]
 [0.53128711 0.25466457 0.68494961 0.01632048 0.         0.
  0.         0.46639217 0.52898746 0.         0.59405479 0.14520828
  0.         0.03164893 0.        ]
 [0.41115316 0.256197   0.35128414 0.         0.00500078 0.
  0.         0.78426114 0.43682697 0.08977735 0.50225995 0.05761398
  0.15639683 0.09939496 0.        ]
 [0.         0.         0.         0.         0.         0.
  0.01321632 0.08543554 0.         0.         0.         0.
  0.         0.33380797 0.        ]
 [0.17200307 0.02565697 0.         0.         0.         0.
  0.0859838  0.62918555 0.33014497 0.07141009 0.21514795 0.
  0.29110721 0.33121388 0.        ]
 [0.25656345 0.52979507 0.59512027 0.         0.         0.
  0.         0.         0.03443312 0.         0.34392159 0.09161205
  0.         0.         0.        ]
 [0.28982037 0.22445632 0.20369068 0.         0.         0.
  0.         0.         0.04156636 0.         0.05918325 0.
  0.         0.         0.        ]
 [0.         0.         0.         0.         0.         0.
  0.         0.         0.         0.         0.         0.
  0.         0.         0.        ]
 [0.         0.         0.         0.         0.         0.
  0.         0.         0.         0.         0.         0.
  0.         0.         0.        ]
 [0.28757461 0.25846832 0.25877234 0.         0.         0.
  0.         0.         0.03071014 0.         0.16758161 0.02781263
  0.         0.         0.        ]
 [0.         0.         0.         0.         0.         0.
  0.         0.         0.         0.         0.         0.
  0.         0.         0.        ]
 [0.3478353  0.         0.72567519 0.17639712 0.         0.
  0.         0.         0.         0.         0.         0.
  0.         0.         0.13258453]
 [0.6860166  0.         2.04562237 0.56894212 0.18814033 0.
  0.         0.         0.         0.         0.         0.
  0.         0.         0.20819006]
 [0.49948536 0.         0.         0.         0.         0.
  0.         0.         0.         0.         0.         0.
  0.         0.         0.05555328]
 [0.86417117 0.         0.78913322 0.         0.         0.
  0.         0.         0.         0.         0.         0.
  0.         0.         0.0264893 ]
 [0.79646814 1.47764434 1.98696647 2.49913238 2.20552518 1.59550502
  1.97534292 2.50408104 3.17998297 3.48288507 3.46371394 3.25683382
  2.89475672 2.60757444 2.06006871]]

12
----------------------------------------------------------------------------------
[[1.48385774e+00 1.06619505e+00 3.55016939e-01 3.15986973e-01
  2.43741809e-01 5.71845484e-01 2.22297659e-01 1.39933587e-01
  0.00000000e+00 0.00000000e+00 0.00000000e+00 1.68700295e-01
  0.00000000e+00 0.00000000e+00 0.00000000e+00]
 [1.60874616e+00 1.48573554e+00 4.58185373e-01 1.05805150e+00
  3.02743706e-01 8.69228712e-01 4.12566301e-01 1.67058112e-01
  0.00000000e+00 0.00000000e+00 0.00000000e+00 0.00000000e+00
  0.00000000e+00 0.00000000e+00 0.00000000e+00]
 [1.68535756e+00 1.36877094e+00 6.91391753e-01 2.47719809e-01
  0.00000000e+00 1.78467783e-01 6.32328317e-02 0.00000000e+00
  0.00000000e+00 0.00000000e+00 0.00000000e+00 0.00000000e+00
  0.00000000e+00 0.00000000e+00 0.00000000e+00]
 [1.12943725e+00 5.38665369e-01 4.97488709e-02 0.00000000e+00
  5.34300205e-02 3.84367802e-01 3.44960688e-01 2.95487573e-01
  0.00000000e+00 0.00000000e+00 0.00000000e+00 2.41700632e-01
  4.37840133e-03 0.00000000e+00 0.00000000e+00]
 [8.49575502e-01 6.73695034e-01 2.36366379e-01 3.20876516e-01
  0.00000000e+00 3.07502313e-01 5.07024379e-01 0.00000000e+00
  0.00000000e+00 0.00000000e+00 0.00000000e+00 0.00000000e+00
  0.00000000e+00 0.00000000e+00 0.00000000e+00]
 [1.01645649e+00 7.78042538e-01 3.91868003e-01 0.00000000e+00
  0.00000000e+00 1.17696713e-01 3.18522287e-02 0.00000000e+00
  0.00000000e+00 0.00000000e+00 0.00000000e+00 0.00000000e+00
  0.00000000e+00 0.00000000e+00 0.00000000e+00]
 [7.17164737e-01 9.74057169e-01 2.54421419e-01 7.79956698e-03
  0.00000000e+00 3.46570777e-01 2.66567452e-01 5.25614233e-02
  0.00000000e+00 0.00000000e+00 0.00000000e+00 0.00000000e+00
  0.00000000e+00 0.00000000e+00 0.00000000e+00]
 [1.07370751e+00 1.67150842e-01 0.00000000e+00 0.00000000e+00
  0.00000000e+00 5.97641351e-02 6.01214874e-01 6.48669955e-02
  0.00000000e+00 0.00000000e+00 0.00000000e+00 6.71505519e-02
  0.00000000e+00 0.00000000e+00 0.00000000e+00]
 [8.10137400e-01 2.23832342e-01 0.00000000e+00 0.00000000e+00
  0.00000000e+00 1.02996139e-01 3.86362479e-01 0.00000000e+00
  0.00000000e+00 0.00000000e+00 0.00000000e+00 0.00000000e+00
  0.00000000e+00 0.00000000e+00 0.00000000e+00]
 [8.92888371e-01 5.63812966e-01 6.36991430e-02 0.00000000e+00
  0.00000000e+00 0.00000000e+00 0.00000000e+00 0.00000000e+00
  0.00000000e+00 0.00000000e+00 0.00000000e+00 0.00000000e+00
  0.00000000e+00 0.00000000e+00 0.00000000e+00]
 [4.25437432e-01 5.99907699e-01 7.81723830e-02 0.00000000e+00
  0.00000000e+00 5.85612297e-03 0.00000000e+00 0.00000000e+00
  0.00000000e+00 0.00000000e+00 0.00000000e+00 0.00000000e+00
  0.00000000e+00 0.00000000e+00 0.00000000e+00]
 [8.88851337e-01 1.81060691e-01 0.00000000e+00 0.00000000e+00
  0.00000000e+00 3.04180755e-01 3.94337544e-01 0.00000000e+00
  0.00000000e+00 0.00000000e+00 0.00000000e+00 0.00000000e+00
  0.00000000e+00 0.00000000e+00 0.00000000e+00]
 [3.71828615e-01 5.51932285e-01 1.49030830e-01 0.00000000e+00
  0.00000000e+00 6.29729512e-02 0.00000000e+00 0.00000000e+00
  0.00000000e+00 0.00000000e+00 0.00000000e+00 0.00000000e+00
  0.00000000e+00 0.00000000e+00 0.00000000e+00]
 [3.02322989e-01 0.00000000e+00 0.00000000e+00 0.00000000e+00
  0.00000000e+00 3.10845794e-01 0.00000000e+00 0.00000000e+00
  8.58501463e-01 4.70620138e-01 2.49213100e-01 2.95187659e-02
  0.00000000e+00 3.51855413e+00 1.28576102e+00]
 [4.67215056e-01 0.00000000e+00 0.00000000e+00 0.00000000e+00
  0.00000000e+00 6.15994337e-01 9.98432364e-02 0.00000000e+00
  2.21379596e+00 1.14734206e+00 4.96055009e-01 3.33118284e-03
  7.25073723e+00 2.97288349e+00 2.48310771e+00]
 [3.11436474e-01 0.00000000e+00 0.00000000e+00 0.00000000e+00
  0.00000000e+00 0.00000000e+00 0.00000000e+00 0.00000000e+00
  2.88873003e-01 2.52065395e-01 1.14600619e+00 3.27719455e-01
  0.00000000e+00 0.00000000e+00 0.00000000e+00]
 [5.10399047e-01 0.00000000e+00 0.00000000e+00 0.00000000e+00
  5.68748747e-01 1.40696359e+00 6.94412312e-01 0.00000000e+00
  0.00000000e+00 0.00000000e+00 0.00000000e+00 0.00000000e+00
  0.00000000e+00 3.18624035e-01 1.11930552e+00]
 [2.47684201e-01 1.47055999e+00 2.07902098e+00 2.72360340e+00
  2.61810704e+00 2.08054637e+00 2.02159087e+00 2.29190009e+00
  2.56905201e+00 1.76968072e+00 1.21008382e+00 1.13320203e+00
  1.82067534e+00 1.77236853e+00 1.52753208e+00]]

13
----------------------------------------------------------------------------------
[[0.00000000e+00 0.00000000e+00 0.00000000e+00 3.51848417e-01
  3.16166710e-01 0.00000000e+00 0.00000000e+00 0.00000000e+00
  1.06689515e-01 4.90850535e-01 2.59435541e-01 8.42766260e-01
  1.17371322e-01 0.00000000e+00 0.00000000e+00]
 [0.00000000e+00 0.00000000e+00 0.00000000e+00 3.59794823e-01
  7.19710115e-01 0.00000000e+00 0.00000000e+00 0.00000000e+00
  0.00000000e+00 6.87296666e-01 6.57937078e-01 1.09186018e+00
  1.08614551e-02 0.00000000e+00 0.00000000e+00]
 [0.00000000e+00 0.00000000e+00 0.00000000e+00 1.08684985e-01
  4.28255666e-01 0.00000000e+00 4.83641408e-02 0.00000000e+00
  0.00000000e+00 3.10653789e-01 8.17468516e-01 7.74192043e-01
  4.35316927e-01 2.55734774e-01 0.00000000e+00]
 [0.00000000e+00 0.00000000e+00 0.00000000e+00 1.10044286e-01
  0.00000000e+00 0.00000000e+00 0.00000000e+00 0.00000000e+00
  7.32474595e-02 4.79134690e-01 2.23502367e-01 4.33914641e-01
  1.24923433e-03 0.00000000e+00 0.00000000e+00]
 [0.00000000e+00 0.00000000e+00 0.00000000e+00 2.28420792e-01
  4.05083375e-01 0.00000000e+00 0.00000000e+00 0.00000000e+00
  0.00000000e+00 1.82368899e-01 1.47609442e-01 7.40874365e-01
  8.19850870e-02 0.00000000e+00 0.00000000e+00]
 [0.00000000e+00 0.00000000e+00 0.00000000e+00 6.68882213e-03
  2.34629845e-01 0.00000000e+00 3.34630407e-01 0.00000000e+00
  0.00000000e+00 7.09599294e-02 3.97024314e-01 4.59723058e-01
  5.15478832e-01 2.29005511e-01 0.00000000e+00]
 [0.00000000e+00 0.00000000e+00 0.00000000e+00 2.17872606e-02
  7.87131730e-01 0.00000000e+00 2.37928748e-01 0.00000000e+00
  0.00000000e+00 0.00000000e+00 1.95912094e-01 6.33879975e-01
  4.33710111e-01 1.06835211e-01 0.00000000e+00]
 [0.00000000e+00 0.00000000e+00 0.00000000e+00 0.00000000e+00
  0.00000000e+00 0.00000000e+00 0.00000000e+00 0.00000000e+00
  2.16234861e-01 1.88651970e+00 1.01879687e+00 0.00000000e+00
  3.85932132e-01 2.01591151e-01 4.31607019e-01]
 [0.00000000e+00 0.00000000e+00 0.00000000e+00 0.00000000e+00
  0.00000000e+00 0.00000000e+00 0.00000000e+00 0.00000000e+00
  1.43299167e-01 3.83997814e+00 3.10887767e+00 0.00000000e+00
  6.82214425e-01 1.44960532e+00 1.13686528e+00]
 [0.00000000e+00 0.00000000e+00 0.00000000e+00 0.00000000e+00
  0.00000000e+00 0.00000000e+00 0.00000000e+00 0.00000000e+00
  1.60323534e-01 5.04159754e-01 1.30887967e+00 3.96635027e-01
  1.80666976e-01 6.70546383e-02 0.00000000e+00]
 [0.00000000e+00 0.00000000e+00 0.00000000e+00 0.00000000e+00
  0.00000000e+00 0.00000000e+00 0.00000000e+00 0.00000000e+00
  2.74669262e-02 1.56827907e+00 2.27431610e+00 0.00000000e+00
  5.59827108e-01 1.63643595e+00 5.98614559e-01]
 [0.00000000e+00 0.00000000e+00 0.00000000e+00 0.00000000e+00
  0.00000000e+00 0.00000000e+00 0.00000000e+00 0.00000000e+00
  1.03837674e-01 2.45300310e+00 1.16716503e+00 0.00000000e+00
  4.01892677e-01 8.59538499e-01 3.34346470e-01]
 [0.00000000e+00 0.00000000e+00 0.00000000e+00 0.00000000e+00
  0.00000000e+00 0.00000000e+00 0.00000000e+00 0.00000000e+00
  0.00000000e+00 1.16378203e+00 1.85406069e+00 0.00000000e+00
  4.63785760e-01 1.04973319e+00 0.00000000e+00]
 [0.00000000e+00 1.05415098e+00 2.66087766e-01 0.00000000e+00
  0.00000000e+00 0.00000000e+00 1.47105878e-01 3.75593092e-01
  6.61509457e-01 5.06399880e-01 3.52176957e-01 0.00000000e+00
  0.00000000e+00 0.00000000e+00 0.00000000e+00]
 [0.00000000e+00 2.46704843e+00 5.41077603e-01 4.40374892e-02
  0.00000000e+00 1.09692232e-01 2.71824294e+00 1.25764063e+00
  1.23164825e+00 4.07425845e-01 4.69590916e-01 4.32980128e-02
  0.00000000e+00 0.00000000e+00 0.00000000e+00]
 [0.00000000e+00 1.52115823e-01 6.73471964e-02 0.00000000e+00
  0.00000000e+00 0.00000000e+00 7.70999478e-01 9.21975781e-01
  1.25197430e+00 6.08921120e-01 3.73952483e-01 0.00000000e+00
  0.00000000e+00 0.00000000e+00 0.00000000e+00]
 [0.00000000e+00 0.00000000e+00 0.00000000e+00 0.00000000e+00
  0.00000000e+00 0.00000000e+00 0.00000000e+00 0.00000000e+00
  9.46755096e-01 6.19983184e-01 5.51201771e-01 0.00000000e+00
  0.00000000e+00 0.00000000e+00 0.00000000e+00]
 [1.52275240e+00 1.69946192e+00 8.35376406e-01 1.57120323e+00
  1.88656710e+00 2.02611091e+00 1.44446501e+00 1.12111456e+00
  5.72133534e-01 4.72023183e-01 6.63778400e-01 1.03593839e+00
  1.53988379e+00 1.45016409e+00 2.17946815e+00]]

14
----------------------------------------------------------------------------------
[[7.32138885e-01 9.67741101e-01 1.02475669e+00 1.00424069e+00
  1.16175030e-01 0.00000000e+00 3.00956868e-02 6.91561893e-01
  1.20918344e+00 3.87446247e-01 0.00000000e+00 0.00000000e+00
  0.00000000e+00 0.00000000e+00 0.00000000e+00]
 [1.58283812e+00 7.95899837e-01 1.94863058e+00 1.63968513e+00
  9.08079431e-01 3.70394540e-01 4.04239958e-02 5.38424763e-01
  1.16361031e+00 5.29222387e-01 0.00000000e+00 1.67269874e-04
  0.00000000e+00 0.00000000e+00 0.00000000e+00]
 [1.79867539e-01 2.72175038e-01 8.64581038e-01 1.24064563e+00
  5.11149631e-01 5.81886269e-01 0.00000000e+00 5.45095034e-01
  1.59094153e+00 5.45366778e-01 0.00000000e+00 0.00000000e+00
  0.00000000e+00 0.00000000e+00 0.00000000e+00]
 [1.42870843e-01 9.99593419e-01 6.71266181e-01 5.08267405e-01
  0.00000000e+00 0.00000000e+00 0.00000000e+00 1.87341078e-01
  5.23847981e-01 0.00000000e+00 0.00000000e+00 0.00000000e+00
  0.00000000e+00 1.08498533e-02 0.00000000e+00]
 [1.10664918e-01 7.78295039e-01 1.06514964e+00 8.56009394e-01
  8.27514911e-02 0.00000000e+00 0.00000000e+00 2.54067356e-01
  6.07833746e-01 9.25750425e-03 0.00000000e+00 0.00000000e+00
  0.00000000e+00 2.85805183e-01 0.00000000e+00]
 [0.00000000e+00 4.10787662e-01 4.77031808e-01 6.84524870e-01
  5.41378088e-01 4.27150229e-01 0.00000000e+00 2.26966274e-01
  9.29990530e-01 4.16102925e-01 9.64237820e-02 0.00000000e+00
  0.00000000e+00 0.00000000e+00 0.00000000e+00]
 [3.99783000e-03 7.65571588e-01 1.28061559e+00 9.46152224e-01
  5.30736060e-01 2.34048799e-01 0.00000000e+00 3.55240697e-01
  7.31331196e-01 1.97146768e-01 0.00000000e+00 0.00000000e+00
  0.00000000e+00 0.00000000e+00 0.00000000e+00]
 [1.10265832e-01 8.04972186e-01 2.94462540e-01 0.00000000e+00
  0.00000000e+00 0.00000000e+00 0.00000000e+00 3.33512231e-01
  1.29470007e-01 0.00000000e+00 0.00000000e+00 0.00000000e+00
  0.00000000e+00 0.00000000e+00 0.00000000e+00]
 [3.71913404e-02 4.28544621e-01 3.34535227e-02 0.00000000e+00
  0.00000000e+00 0.00000000e+00 0.00000000e+00 8.74142122e-03
  3.31722957e-01 0.00000000e+00 0.00000000e+00 0.00000000e+00
  0.00000000e+00 0.00000000e+00 0.00000000e+00]
 [0.00000000e+00 0.00000000e+00 0.00000000e+00 6.79425888e-01
  4.31497606e-01 1.31550538e-01 0.00000000e+00 4.42397623e-01
  7.61683009e-01 0.00000000e+00 0.00000000e+00 0.00000000e+00
  0.00000000e+00 0.00000000e+00 0.00000000e+00]
 [0.00000000e+00 0.00000000e+00 0.00000000e+00 2.57895831e-01
  4.57328087e-02 1.40225576e-01 0.00000000e+00 1.04211914e-01
  7.37903050e-01 0.00000000e+00 0.00000000e+00 0.00000000e+00
  0.00000000e+00 0.00000000e+00 0.00000000e+00]
 [2.67031505e-02 5.69408445e-01 1.10834254e-01 0.00000000e+00
  0.00000000e+00 0.00000000e+00 0.00000000e+00 1.14172613e-02
  3.86413978e-01 0.00000000e+00 0.00000000e+00 0.00000000e+00
  0.00000000e+00 0.00000000e+00 0.00000000e+00]
 [0.00000000e+00 0.00000000e+00 0.00000000e+00 3.43013939e-01
  9.01253218e-02 1.01335059e-01 0.00000000e+00 0.00000000e+00
  6.99227724e-01 0.00000000e+00 0.00000000e+00 0.00000000e+00
  0.00000000e+00 0.00000000e+00 0.00000000e+00]
 [0.00000000e+00 0.00000000e+00 0.00000000e+00 0.00000000e+00
  3.25510923e-01 1.16066688e+00 0.00000000e+00 0.00000000e+00
  0.00000000e+00 0.00000000e+00 0.00000000e+00 0.00000000e+00
  2.94280739e+00 5.01970735e-02 0.00000000e+00]
 [0.00000000e+00 0.00000000e+00 0.00000000e+00 0.00000000e+00
  0.00000000e+00 4.43187099e-01 0.00000000e+00 0.00000000e+00
  0.00000000e+00 0.00000000e+00 0.00000000e+00 8.87629311e-01
  6.05445429e+00 0.00000000e+00 0.00000000e+00]
 [0.00000000e+00 0.00000000e+00 0.00000000e+00 0.00000000e+00
  0.00000000e+00 8.43570924e-03 0.00000000e+00 1.90951633e-03
  0.00000000e+00 0.00000000e+00 0.00000000e+00 0.00000000e+00
  0.00000000e+00 0.00000000e+00 0.00000000e+00]
 [0.00000000e+00 0.00000000e+00 0.00000000e+00 0.00000000e+00
  0.00000000e+00 0.00000000e+00 0.00000000e+00 0.00000000e+00
  0.00000000e+00 0.00000000e+00 0.00000000e+00 0.00000000e+00
  2.19571583e+00 7.57760692e-01 4.89269764e-02]
 [3.86026555e+00 4.33141601e+00 4.59052946e+00 3.63027794e+00
  3.22221102e+00 3.28282953e+00 3.83685417e+00 2.44192019e+00
  1.90156237e+00 2.93073732e+00 3.74501929e+00 3.37742573e+00
  3.14395630e+00 1.98476228e+00 2.37975536e+00]]

16
----------------------------------------------------------------------------------
[[0.         0.         0.         0.2225201  0.42361747 0.
  0.         0.         0.         0.         0.         0.
  0.         0.         0.        ]
 [0.         0.         0.         0.80176507 0.20224364 0.
  0.         0.         0.         0.         0.         0.
  0.         0.         0.        ]
 [0.         0.         0.         0.24167188 0.12530299 0.
  0.         0.         0.         0.         0.         0.
  0.         0.         0.        ]
 [0.         0.         0.         0.11103528 0.14796254 0.
  0.         0.         0.         0.         0.         0.
  0.         0.         0.        ]
 [0.         0.         0.         0.16923073 0.         0.
  0.         0.         0.         0.         0.         0.
  0.         0.         0.        ]
 [0.         0.         0.         0.         0.28958116 0.
  0.         0.         0.         0.         0.         0.
  0.         0.         0.        ]
 [0.         0.         0.         0.12928075 0.         0.
  0.         0.         0.         0.         0.         0.
  0.         0.         0.        ]
 [0.         0.         0.         0.13359311 0.         0.
  0.         0.         0.         0.         0.35446126 0.
  0.         0.         0.        ]
 [0.         0.         0.         0.12885564 0.         0.
  0.         0.         0.         0.         0.16924636 0.
  0.         0.         0.        ]
 [0.         0.         0.         0.21373978 0.29258357 0.
  0.         0.         0.         0.         0.         0.
  0.         0.         0.        ]
 [0.         0.         0.         0.02472616 0.07986029 0.
  0.         0.         0.         0.         0.         0.
  0.         0.         0.        ]
 [0.         0.         0.         0.08344779 0.         0.
  0.         0.         0.         0.         0.25637177 0.
  0.         0.         0.        ]
 [0.         0.         0.         0.06119076 0.         0.
  0.         0.         0.         0.         0.         0.
  0.         0.         0.        ]
 [0.         0.07616019 0.         0.         0.         0.05217396
  0.         0.08578767 0.19487816 0.21145412 0.37930374 0.
  0.         0.         0.40277486]
 [0.         0.         0.         0.         0.         0.0172164
  0.         0.         0.0508624  0.11088062 0.56628487 0.
  0.05120766 0.         0.32980654]
 [0.         0.         0.         0.         0.         0.
  0.         0.         0.18083198 0.83669937 0.63721906 0.
  0.07671832 0.13399982 0.89877493]
 [0.         0.         0.         0.         0.         0.
  0.         0.         0.         0.         0.21083432 0.
  0.         0.         0.        ]
 [3.44579217 2.54174194 1.66345104 0.64817711 1.16322361 1.28751329
  1.91302949 2.45886542 3.51708612 3.10952134 1.78855733 3.7095017
  3.26747967 2.83620806 1.75173712]]

17
----------------------------------------------------------------------------------
[[0.67250263 0.9907737  1.01095292 0.86833872 0.33621774 0.
  0.         0.         0.1450498  0.         0.         0.
  0.         0.         0.38976848]
 [0.70620177 0.98454664 1.44500874 1.10031232 0.85988743 0.17206049
  0.         0.         0.         0.         0.         0.
  0.         0.         0.19515743]
 [1.55308657 1.16041063 1.84129922 1.22090482 1.18096999 0.57201498
  0.         0.         0.         0.         0.         0.
  0.         0.         0.01362261]
 [0.54466189 0.90947294 0.52634778 0.44915246 0.28855915 0.
  0.         0.         0.14790765 0.         0.         0.
  0.         0.         0.        ]
 [0.36774284 0.3296438  0.37031739 0.53528288 0.29205658 0.06259405
  0.         0.         0.         0.         0.         0.
  0.         0.         0.        ]
 [0.45084477 0.78543019 0.91084878 0.81962531 0.52688468 0.43788245
  0.         0.         0.         0.         0.         0.
  0.         0.         0.        ]
 [0.14603661 0.38179999 0.39747673 0.52011934 0.30761165 0.27912079
  0.         0.         0.         0.         0.         0.
  0.         0.         0.        ]
 [0.75798995 0.8621222  0.66868178 0.33984587 0.24671083 0.
  0.         0.         0.2129942  0.         0.         0.
  0.         0.         0.        ]
 [0.42349811 0.31337038 0.49866233 0.41601232 0.26372739 0.
  0.         0.         0.         0.         0.         0.
  0.         0.         0.        ]
 [1.04727529 1.05856644 0.84591263 1.09311288 0.56572213 0.68123659
  0.         0.         0.         0.         0.         0.
  0.         0.         0.        ]
 [0.36519115 0.52722746 0.36207569 0.67918214 0.45766332 0.13777546
  0.         0.         0.         0.         0.         0.
  0.         0.         0.        ]
 [0.39579707 0.34172507 0.38450628 0.33102914 0.05609037 0.
  0.         0.         0.         0.         0.         0.
  0.         0.         0.        ]
 [0.40992064 0.46504896 0.31379979 0.51653962 0.38983181 0.08873759
  0.         0.         0.         0.         0.         0.
  0.         0.         0.        ]
 [1.33827305 0.         0.         0.         0.         0.06731899
  0.         0.         0.19387448 0.23635146 0.10171442 0.
  0.67273723 0.7060435  0.08107625]
 [2.41435561 0.12099736 0.         0.57406033 0.21720405 0.52540513
  0.17942562 0.21140081 0.31965755 0.54752934 0.32611857 0.53917177
  2.41676994 1.3023602  0.39236319]
 [0.88822322 0.05106076 0.         0.         0.         0.
  0.         0.09306658 0.40664994 0.28609912 0.28751579 0.
  0.53221672 0.85668802 0.14394986]
 [0.88691213 0.18149459 0.         0.         0.         0.
  0.         0.         0.12646064 0.94865034 0.30462916 0.
  0.09106879 0.76414621 0.        ]
 [0.16586266 0.50320179 0.97163492 1.03211053 1.31958651 1.54057716
  2.38867747 2.28600971 1.29864404 0.75731636 0.54758449 1.70182432
  2.12313029 1.63417468 0.90358804]]

18
----------------------------------------------------------------------------------
[[0.         0.         0.         0.         0.         0.
  0.         0.         0.0730938  0.         0.         0.16218841
  0.04901156 0.         0.        ]
 [0.         0.         0.         0.0969324  0.         0.
  0.32094901 0.22995151 0.05777748 0.         0.         0.08110362
  0.10915723 0.         0.        ]
 [0.         0.         0.         0.         0.         0.
  0.         0.47746436 0.06802773 0.         0.12444252 0.00983614
  0.19266902 0.         0.        ]
 [0.         0.         0.         0.         0.         0.
  0.         0.         0.04284236 0.         0.         0.1688886
  0.00493091 0.         0.        ]
 [0.         0.         0.         0.07627558 0.02477681 0.
  0.         0.         0.09003489 0.         0.         0.09678699
  0.12584329 0.         0.        ]
 [0.         0.         0.         0.         0.01186342 0.
  0.         0.07873007 0.01017041 0.         0.04416221 0.16595538
  0.09770045 0.         0.        ]
 [0.01061351 0.         0.         0.08444043 0.06115686 0.
  0.03038796 0.         0.04755062 0.         0.         0.15849069
  0.19522146 0.         0.        ]
 [0.         0.         0.         0.         0.         0.
  0.         0.         0.2373827  0.         0.         0.
  0.         0.25567336 0.        ]
 [0.         0.         0.         0.         0.         0.
  0.         0.         0.02082523 0.         0.         0.
  0.         0.         0.        ]
 [0.         0.         0.         0.         0.         0.
  0.         0.1632711  0.11703663 0.         0.00183618 0.13100811
  0.05601145 0.         0.        ]
 [0.         0.         0.         0.         0.         0.
  0.         0.         0.07955535 0.         0.         0.
  0.06979791 0.         0.        ]
 [0.         0.         0.         0.         0.03533418 0.
  0.         0.         0.07693982 0.         0.         0.
  0.04389783 0.07832694 0.        ]
 [0.         0.         0.         0.         0.01249456 0.0732425
  0.         0.         0.10482785 0.         0.         0.
  0.08833732 0.         0.        ]
 [0.12846257 0.00386456 0.         0.         0.0166074  0.
  0.         0.         0.         0.         0.         0.
  0.14899487 0.19254679 0.        ]
 [0.65455068 0.22706291 0.         0.         0.00244723 0.
  0.         0.         0.         0.         0.         0.
  0.34361342 0.60572116 0.        ]
 [0.45340145 0.         0.         0.20713176 0.08782483 0.
  0.04357339 0.         0.         0.         0.         0.
  0.13775176 0.32351401 0.        ]
 [0.45498782 0.07750386 0.         0.         0.06325231 0.
  0.         0.02837427 0.04835733 0.         0.         0.
  0.         0.22606656 0.        ]
 [0.82343082 1.32718102 1.77936446 1.44745972 1.02634924 0.82356971
  0.76886895 0.43495421 0.23237779 0.69364622 0.74998859 0.68001477
  0.6261397  0.34619628 1.04470646]]

19
----------------------------------------------------------------------------------
[[0.00000000e+00 1.26101112e-01 0.00000000e+00 1.42193693e-01
  0.00000000e+00 0.00000000e+00 3.68121690e-01 0.00000000e+00
  0.00000000e+00 0.00000000e+00 1.90804253e-01 2.23087921e-01
  0.00000000e+00 9.27351542e-02 0.00000000e+00]
 [0.00000000e+00 1.93783897e-01 0.00000000e+00 3.13179034e-01
  9.73948489e-02 0.00000000e+00 1.16077707e+00 0.00000000e+00
  7.21156036e-02 6.84622507e-02 0.00000000e+00 5.35807550e-01
  7.53464124e-02 1.23243610e-01 0.00000000e+00]
 [0.00000000e+00 1.07396024e-01 1.86442601e-01 2.30860663e-01
  3.82036600e-02 0.00000000e+00 2.80281362e-01 0.00000000e+00
  0.00000000e+00 1.06598322e-01 0.00000000e+00 0.00000000e+00
  0.00000000e+00 5.46843955e-01 0.00000000e+00]
 [0.00000000e+00 9.09655635e-02 0.00000000e+00 2.42332285e-01
  0.00000000e+00 0.00000000e+00 1.77021727e-01 0.00000000e+00
  0.00000000e+00 5.17969178e-02 6.67961084e-04 1.90265544e-01
  0.00000000e+00 7.79743078e-02 0.00000000e+00]
 [0.00000000e+00 1.22703500e-01 0.00000000e+00 2.09661238e-01
  4.94786901e-02 0.00000000e+00 2.05204796e-01 0.00000000e+00
  0.00000000e+00 0.00000000e+00 0.00000000e+00 3.08078450e-01
  0.00000000e+00 4.85746369e-02 6.28988086e-03]
 [0.00000000e+00 0.00000000e+00 0.00000000e+00 1.48504046e-01
  0.00000000e+00 0.00000000e+00 4.15427175e-01 1.05357707e-01
  0.00000000e+00 2.23708076e-01 0.00000000e+00 2.52811275e-01
  0.00000000e+00 1.63973692e-01 0.00000000e+00]
 [0.00000000e+00 0.00000000e+00 0.00000000e+00 5.14646208e-02
  1.14464692e-01 0.00000000e+00 4.25346869e-01 0.00000000e+00
  0.00000000e+00 1.08793651e-01 0.00000000e+00 2.57559115e-01
  0.00000000e+00 7.32740470e-02 3.67131148e-02]
 [0.00000000e+00 5.64662904e-02 0.00000000e+00 9.01538517e-02
  0.00000000e+00 0.00000000e+00 9.56824885e-02 0.00000000e+00
  0.00000000e+00 1.05838747e-01 0.00000000e+00 7.08502292e-02
  0.00000000e+00 0.00000000e+00 2.14185140e-01]
 [0.00000000e+00 4.79967632e-03 0.00000000e+00 9.95556236e-02
  0.00000000e+00 0.00000000e+00 1.86571741e-01 0.00000000e+00
  0.00000000e+00 4.02181581e-02 6.79263816e-02 1.08564239e-01
  0.00000000e+00 0.00000000e+00 0.00000000e+00]
 [0.00000000e+00 0.00000000e+00 1.43236717e-01 0.00000000e+00
  0.00000000e+00 0.00000000e+00 3.47539666e-01 5.91208527e-02
  0.00000000e+00 1.15670079e-01 0.00000000e+00 2.63806361e-01
  0.00000000e+00 5.64309342e-02 0.00000000e+00]
 [0.00000000e+00 0.00000000e+00 0.00000000e+00 1.82703253e-01
  0.00000000e+00 0.00000000e+00 3.60020660e-01 0.00000000e+00
  0.00000000e+00 1.30683375e-01 0.00000000e+00 2.01261078e-01
  0.00000000e+00 8.46609649e-02 0.00000000e+00]
 [0.00000000e+00 0.00000000e+00 0.00000000e+00 9.10049920e-02
  0.00000000e+00 0.00000000e+00 1.77465656e-01 0.00000000e+00
  0.00000000e+00 1.49651999e-03 8.30122085e-02 3.00717311e-01
  0.00000000e+00 0.00000000e+00 4.23813559e-02]
 [0.00000000e+00 0.00000000e+00 2.94355227e-02 3.57118526e-01
  0.00000000e+00 1.99184417e-02 3.19617377e-01 8.21344108e-03
  5.83621720e-02 1.35095007e-01 0.00000000e+00 1.34510493e-01
  0.00000000e+00 2.18951360e-02 0.00000000e+00]
 [0.00000000e+00 0.00000000e+00 1.15631718e-01 9.88690088e-01
  1.84150402e+00 0.00000000e+00 2.86721420e-01 8.80168205e-02
  3.91363789e-01 8.07387186e-01 1.44492617e+00 9.95634217e-01
  0.00000000e+00 0.00000000e+00 1.30703972e-01]
 [0.00000000e+00 0.00000000e+00 0.00000000e+00 2.16543782e+00
  5.23748514e+00 9.36118306e-01 1.89366029e-01 1.56750735e-01
  5.23422471e-01 1.94953769e+00 4.97405990e+00 2.01746886e+00
  0.00000000e+00 0.00000000e+00 7.02378913e-01]
 [0.00000000e+00 0.00000000e+00 3.97822723e-01 1.01768985e+00
  1.49361558e+00 4.75928640e-01 6.25207437e-01 1.73104198e-01
  6.60606118e-01 4.67926794e-01 8.37518383e-01 1.40851750e+00
  3.91042748e-01 1.87774668e-02 4.52853921e-02]
 [0.00000000e+00 0.00000000e+00 0.00000000e+00 9.73625846e-01
  1.84755637e+00 2.06834949e-02 2.63944752e-01 0.00000000e+00
  1.10420471e-02 6.93981094e-01 1.76378221e+00 1.48170185e+00
  0.00000000e+00 0.00000000e+00 6.82365921e-01]
 [8.07383310e-01 6.31807791e-01 5.11862227e-01 4.55823038e-01
  1.03027963e+00 1.10510104e+00 1.77159680e-01 3.05347148e-01
  1.83388976e-01 1.52871873e-01 2.42333530e-01 4.39594661e-01
  8.28002916e-01 6.48467393e-01 4.84209826e-01]]

20
----------------------------------------------------------------------------------
[[0.00000000e+00 0.00000000e+00 2.82903700e-01 2.19486131e-01
  0.00000000e+00 0.00000000e+00 0.00000000e+00 0.00000000e+00
  0.00000000e+00 0.00000000e+00 0.00000000e+00 0.00000000e+00
  0.00000000e+00 2.36649633e-02 0.00000000e+00]
 [0.00000000e+00 0.00000000e+00 2.22718585e-01 0.00000000e+00
  0.00000000e+00 0.00000000e+00 1.66990414e-01 0.00000000e+00
  0.00000000e+00 0.00000000e+00 0.00000000e+00 2.03206942e+00
  4.04688811e-03 0.00000000e+00 0.00000000e+00]
 [0.00000000e+00 0.00000000e+00 2.13144670e-01 0.00000000e+00
  0.00000000e+00 0.00000000e+00 0.00000000e+00 0.00000000e+00
  0.00000000e+00 0.00000000e+00 0.00000000e+00 1.84367813e+00
  0.00000000e+00 0.00000000e+00 0.00000000e+00]
 [0.00000000e+00 0.00000000e+00 9.98804810e-02 1.24819844e-01
  0.00000000e+00 0.00000000e+00 0.00000000e+00 0.00000000e+00
  0.00000000e+00 0.00000000e+00 0.00000000e+00 0.00000000e+00
  0.00000000e+00 0.00000000e+00 0.00000000e+00]
 [0.00000000e+00 0.00000000e+00 1.40443786e-01 0.00000000e+00
  0.00000000e+00 0.00000000e+00 0.00000000e+00 0.00000000e+00
  0.00000000e+00 0.00000000e+00 0.00000000e+00 1.36537347e-01
  0.00000000e+00 0.00000000e+00 2.12020403e-03]
 [0.00000000e+00 0.00000000e+00 3.05237115e-01 0.00000000e+00
  0.00000000e+00 0.00000000e+00 0.00000000e+00 4.90794715e-02
  0.00000000e+00 0.00000000e+00 0.00000000e+00 0.00000000e+00
  0.00000000e+00 0.00000000e+00 0.00000000e+00]
 [0.00000000e+00 0.00000000e+00 2.72382797e-01 0.00000000e+00
  0.00000000e+00 0.00000000e+00 0.00000000e+00 0.00000000e+00
  0.00000000e+00 0.00000000e+00 0.00000000e+00 0.00000000e+00
  0.00000000e+00 7.73399589e-02 1.00278532e-02]
 [0.00000000e+00 0.00000000e+00 5.73308845e-02 7.10586715e-02
  0.00000000e+00 0.00000000e+00 0.00000000e+00 0.00000000e+00
  0.00000000e+00 0.00000000e+00 0.00000000e+00 0.00000000e+00
  0.00000000e+00 0.00000000e+00 0.00000000e+00]
 [0.00000000e+00 0.00000000e+00 1.61112074e-01 9.57735290e-03
  0.00000000e+00 0.00000000e+00 0.00000000e+00 0.00000000e+00
  0.00000000e+00 0.00000000e+00 0.00000000e+00 0.00000000e+00
  0.00000000e+00 0.00000000e+00 0.00000000e+00]
 [0.00000000e+00 0.00000000e+00 2.48729142e-01 0.00000000e+00
  0.00000000e+00 0.00000000e+00 0.00000000e+00 1.01518701e-01
  0.00000000e+00 0.00000000e+00 0.00000000e+00 0.00000000e+00
  0.00000000e+00 0.00000000e+00 0.00000000e+00]
 [0.00000000e+00 0.00000000e+00 1.56767524e-01 0.00000000e+00
  0.00000000e+00 0.00000000e+00 0.00000000e+00 0.00000000e+00
  0.00000000e+00 0.00000000e+00 0.00000000e+00 0.00000000e+00
  0.00000000e+00 0.00000000e+00 0.00000000e+00]
 [0.00000000e+00 0.00000000e+00 4.09527570e-02 5.31288308e-02
  0.00000000e+00 0.00000000e+00 0.00000000e+00 0.00000000e+00
  0.00000000e+00 0.00000000e+00 0.00000000e+00 0.00000000e+00
  0.00000000e+00 0.00000000e+00 0.00000000e+00]
 [0.00000000e+00 0.00000000e+00 8.03871901e-02 0.00000000e+00
  0.00000000e+00 0.00000000e+00 0.00000000e+00 0.00000000e+00
  0.00000000e+00 0.00000000e+00 0.00000000e+00 0.00000000e+00
  0.00000000e+00 0.00000000e+00 1.85717414e-02]
 [0.00000000e+00 0.00000000e+00 2.14809175e-01 2.66411614e-01
  0.00000000e+00 4.57010585e-02 1.00137012e+00 2.38726547e+00
  1.01562464e+00 6.56124319e-01 2.26691593e-01 0.00000000e+00
  4.40423048e-03 0.00000000e+00 1.21998617e-01]
 [0.00000000e+00 0.00000000e+00 3.24910194e-01 6.37245550e-01
  0.00000000e+00 1.42513310e+00 1.60592378e+00 3.18833719e+00
  2.60291932e+00 1.51339858e+00 4.39541195e-02 0.00000000e+00
  0.00000000e+00 1.42373742e-02 1.57053878e-01]
 [3.75340315e-01 0.00000000e+00 1.48101536e-01 3.39993113e-01
  0.00000000e+00 0.00000000e+00 0.00000000e+00 3.68341283e-01
  4.11274709e-01 1.00175223e+00 2.77024630e-01 0.00000000e+00
  0.00000000e+00 0.00000000e+00 2.54180374e-02]
 [0.00000000e+00 0.00000000e+00 3.08844951e-01 3.97985218e-01
  0.00000000e+00 3.25980289e-02 2.15178473e-01 9.91204948e-01
  9.10877902e-01 7.14558418e-01 0.00000000e+00 1.56266936e-01
  3.59279000e-02 1.96099044e-02 2.06538261e-01]
 [6.14239879e-01 3.52550382e-01 1.39292268e-01 2.67813842e-01
  6.92890050e-01 9.53728519e-01 7.83075595e-01 3.91143096e-01
  7.37593800e-01 2.30317379e-01 9.41303761e-01 7.91199128e-01
  9.20111650e-01 7.40483952e-01 7.84702587e-01]]

21
----------------------------------------------------------------------------------
[[0.00000000e+00 8.99404793e-02 0.00000000e+00 4.94220543e-02
  4.09672257e-01 0.00000000e+00 3.43645266e-01 1.32179340e-01
  2.63954970e-01 2.33728045e-01 1.67534553e-01 0.00000000e+00
  0.00000000e+00 3.97316724e-02 0.00000000e+00]
 [0.00000000e+00 0.00000000e+00 0.00000000e+00 7.92144340e-02
  3.48611665e-01 0.00000000e+00 1.65296648e-02 6.81550594e-01
  2.03269836e-01 2.10769021e-01 1.46527902e-01 1.03556747e-01
  0.00000000e+00 0.00000000e+00 1.99635237e-01]
 [0.00000000e+00 0.00000000e+00 0.00000000e+00 0.00000000e+00
  4.80356962e-01 0.00000000e+00 0.00000000e+00 8.74404278e-02
  7.32713079e-02 3.27180842e-01 5.60548310e-01 1.08565781e-02
  0.00000000e+00 0.00000000e+00 0.00000000e+00]
 [0.00000000e+00 2.12538299e-02 0.00000000e+00 1.45561779e-01
  3.21629500e-01 0.00000000e+00 2.37226878e-01 1.97410389e-01
  0.00000000e+00 2.97558851e-01 0.00000000e+00 0.00000000e+00
  0.00000000e+00 0.00000000e+00 0.00000000e+00]
 [0.00000000e+00 0.00000000e+00 0.00000000e+00 0.00000000e+00
  2.90912252e-01 0.00000000e+00 1.56491663e-01 2.98769978e-01
  1.49386174e-01 2.46606054e-01 0.00000000e+00 5.22143730e-02
  0.00000000e+00 0.00000000e+00 8.63118688e-02]
 [0.00000000e+00 0.00000000e+00 0.00000000e+00 0.00000000e+00
  3.13597518e-01 0.00000000e+00 0.00000000e+00 6.10755051e-02
  1.47918708e-01 1.87215444e-01 2.96657965e-01 1.26608181e-01
  0.00000000e+00 4.04056593e-03 0.00000000e+00]
 [0.00000000e+00 0.00000000e+00 0.00000000e+00 0.00000000e+00
  2.78558255e-01 0.00000000e+00 1.85896597e-02 1.59204319e-01
  2.29459395e-01 1.50137789e-01 1.72979593e-01 1.71128738e-01
  0.00000000e+00 5.56856241e-02 0.00000000e+00]
 [0.00000000e+00 0.00000000e+00 0.00000000e+00 1.38176138e-01
  1.25793352e-01 0.00000000e+00 0.00000000e+00 1.77774974e-01
  0.00000000e+00 1.53526849e-01 0.00000000e+00 0.00000000e+00
  0.00000000e+00 0.00000000e+00 0.00000000e+00]
 [0.00000000e+00 0.00000000e+00 0.00000000e+00 0.00000000e+00
  3.17243503e-02 0.00000000e+00 0.00000000e+00 1.89887829e-01
  4.60151418e-02 0.00000000e+00 0.00000000e+00 0.00000000e+00
  0.00000000e+00 0.00000000e+00 0.00000000e+00]
 [0.00000000e+00 0.00000000e+00 0.00000000e+00 0.00000000e+00
  3.29765977e-01 0.00000000e+00 0.00000000e+00 4.66903320e-03
  0.00000000e+00 2.16573367e-01 1.24616182e-01 0.00000000e+00
  0.00000000e+00 0.00000000e+00 0.00000000e+00]
 [0.00000000e+00 0.00000000e+00 0.00000000e+00 0.00000000e+00
  2.05732097e-01 0.00000000e+00 0.00000000e+00 4.65978502e-02
  0.00000000e+00 1.44558837e-01 0.00000000e+00 0.00000000e+00
  0.00000000e+00 0.00000000e+00 0.00000000e+00]
 [0.00000000e+00 8.04905466e-02 0.00000000e+00 5.01343333e-02
  4.05307745e-02 0.00000000e+00 0.00000000e+00 1.23507197e-01
  2.71486658e-02 0.00000000e+00 0.00000000e+00 0.00000000e+00
  0.00000000e+00 0.00000000e+00 0.00000000e+00]
 [0.00000000e+00 0.00000000e+00 0.00000000e+00 0.00000000e+00
  1.27883444e-01 0.00000000e+00 0.00000000e+00 9.08083541e-02
  1.30457104e-02 6.59368682e-02 0.00000000e+00 0.00000000e+00
  0.00000000e+00 0.00000000e+00 0.00000000e+00]
 [0.00000000e+00 1.18262815e-01 0.00000000e+00 0.00000000e+00
  3.91767472e-01 0.00000000e+00 1.45939910e+00 2.31284174e+00
  2.48218165e-01 8.77347186e-01 2.73362740e+00 3.19111258e-01
  1.22801723e-01 0.00000000e+00 0.00000000e+00]
 [0.00000000e+00 1.38486466e-01 0.00000000e+00 4.00649052e-01
  4.60849682e-01 5.47219243e-01 3.01761563e+00 4.97712080e+00
  4.30681054e-02 1.46743734e+00 4.32210622e+00 3.11436237e+00
  1.12844575e+00 0.00000000e+00 0.00000000e+00]
 [0.00000000e+00 0.00000000e+00 0.00000000e+00 1.37989136e-01
  2.02604107e-01 0.00000000e+00 5.14685472e-01 8.77070567e-01
  0.00000000e+00 3.19204662e-01 5.62767310e-01 7.05270334e-01
  9.63118834e-01 2.52577721e-01 0.00000000e+00]
 [0.00000000e+00 5.96113348e-02 0.00000000e+00 2.74771653e-01
  5.36875001e-01 2.22176612e-01 4.68746451e+00 3.11872006e+00
  4.44045421e-01 8.37253809e-01 2.31497708e+00 2.76947109e+00
  2.28300332e-01 0.00000000e+00 0.00000000e+00]
 [1.12598456e+00 1.15110176e+00 1.03150191e+00 5.02897027e-01
  2.85527839e-02 5.98995579e-01 7.50172062e-01 6.25435543e-01
  6.39061942e-01 5.25688933e-01 7.86670608e-01 1.01921037e+00
  1.59303014e+00 1.09442474e+00 7.17570151e-01]]

22
----------------------------------------------------------------------------------
[[0.00000000e+00 0.00000000e+00 0.00000000e+00 1.26467583e-01
  0.00000000e+00 0.00000000e+00 0.00000000e+00 0.00000000e+00
  0.00000000e+00 0.00000000e+00 0.00000000e+00 0.00000000e+00
  0.00000000e+00 0.00000000e+00 0.00000000e+00]
 [0.00000000e+00 0.00000000e+00 0.00000000e+00 0.00000000e+00
  3.08690696e-02 0.00000000e+00 2.21784782e-01 0.00000000e+00
  0.00000000e+00 0.00000000e+00 0.00000000e+00 3.00722411e-02
  0.00000000e+00 0.00000000e+00 0.00000000e+00]
 [0.00000000e+00 0.00000000e+00 0.00000000e+00 0.00000000e+00
  3.59501146e-02 0.00000000e+00 0.00000000e+00 0.00000000e+00
  0.00000000e+00 0.00000000e+00 0.00000000e+00 0.00000000e+00
  0.00000000e+00 0.00000000e+00 0.00000000e+00]
 [0.00000000e+00 0.00000000e+00 0.00000000e+00 1.04611989e-01
  1.69855103e-02 0.00000000e+00 0.00000000e+00 0.00000000e+00
  0.00000000e+00 0.00000000e+00 0.00000000e+00 1.65229934e-01
  0.00000000e+00 0.00000000e+00 0.00000000e+00]
 [0.00000000e+00 0.00000000e+00 0.00000000e+00 0.00000000e+00
  5.37778335e-03 0.00000000e+00 0.00000000e+00 0.00000000e+00
  0.00000000e+00 0.00000000e+00 0.00000000e+00 1.37684227e-01
  0.00000000e+00 0.00000000e+00 0.00000000e+00]
 [0.00000000e+00 3.98370106e-02 0.00000000e+00 0.00000000e+00
  1.33054286e-01 0.00000000e+00 0.00000000e+00 0.00000000e+00
  0.00000000e+00 0.00000000e+00 0.00000000e+00 0.00000000e+00
  0.00000000e+00 0.00000000e+00 0.00000000e+00]
 [0.00000000e+00 1.14784683e-01 0.00000000e+00 0.00000000e+00
  9.97317641e-03 0.00000000e+00 0.00000000e+00 0.00000000e+00
  0.00000000e+00 0.00000000e+00 0.00000000e+00 3.39307640e-03
  0.00000000e+00 0.00000000e+00 0.00000000e+00]
 [0.00000000e+00 0.00000000e+00 0.00000000e+00 9.54866597e-02
  1.12469829e-02 0.00000000e+00 0.00000000e+00 0.00000000e+00
  0.00000000e+00 3.56508539e-02 0.00000000e+00 3.22350443e-01
  0.00000000e+00 0.00000000e+00 0.00000000e+00]
 [0.00000000e+00 0.00000000e+00 0.00000000e+00 0.00000000e+00
  8.09597967e-02 0.00000000e+00 0.00000000e+00 0.00000000e+00
  0.00000000e+00 5.63971603e-02 0.00000000e+00 3.20379843e-01
  0.00000000e+00 0.00000000e+00 0.00000000e+00]
 [0.00000000e+00 0.00000000e+00 0.00000000e+00 0.00000000e+00
  3.14584617e-01 0.00000000e+00 0.00000000e+00 0.00000000e+00
  0.00000000e+00 0.00000000e+00 0.00000000e+00 6.89489147e-02
  0.00000000e+00 0.00000000e+00 0.00000000e+00]
 [0.00000000e+00 0.00000000e+00 0.00000000e+00 0.00000000e+00
  1.49534985e-01 0.00000000e+00 0.00000000e+00 0.00000000e+00
  0.00000000e+00 0.00000000e+00 0.00000000e+00 6.73243393e-02
  0.00000000e+00 0.00000000e+00 0.00000000e+00]
 [0.00000000e+00 0.00000000e+00 0.00000000e+00 0.00000000e+00
  5.06733901e-02 0.00000000e+00 0.00000000e+00 0.00000000e+00
  0.00000000e+00 0.00000000e+00 0.00000000e+00 2.94972539e-01
  0.00000000e+00 0.00000000e+00 0.00000000e+00]
 [0.00000000e+00 0.00000000e+00 0.00000000e+00 0.00000000e+00
  7.79944017e-02 0.00000000e+00 0.00000000e+00 0.00000000e+00
  0.00000000e+00 0.00000000e+00 0.00000000e+00 1.58720736e-01
  0.00000000e+00 0.00000000e+00 0.00000000e+00]
 [0.00000000e+00 2.91848483e-03 4.30200687e-01 1.13762876e-01
  3.51345935e-01 0.00000000e+00 2.98592615e-01 1.87299320e+00
  2.10621565e+00 3.07168852e-01 0.00000000e+00 1.79161807e-01
  0.00000000e+00 1.18121366e+00 8.18207702e-01]
 [0.00000000e+00 9.75921446e-02 7.85865305e-01 5.82966754e-01
  3.85738598e-01 0.00000000e+00 0.00000000e+00 3.15885955e+00
  3.13639319e+00 8.89974562e-01 3.00674749e-01 1.08985395e-01
  1.23777273e+00 4.24933626e+00 1.91863787e+00]
 [0.00000000e+00 0.00000000e+00 5.65269025e-01 6.21855047e-01
  3.83995400e-01 0.00000000e+00 0.00000000e+00 3.13489282e-01
  1.24155878e-01 3.78100913e-01 0.00000000e+00 3.22976901e-01
  0.00000000e+00 0.00000000e+00 0.00000000e+00]
 [0.00000000e+00 1.03676653e-01 3.09100344e-01 1.35410124e-01
  3.15581087e-01 0.00000000e+00 0.00000000e+00 8.93752505e-01
  2.33916336e+00 5.78771098e-01 0.00000000e+00 3.29906820e-01
  9.33423603e-01 2.09893928e+00 7.59912386e-01]
 [7.61167257e-01 9.20574219e-01 3.11854108e-01 5.38940077e-01
  5.58815270e-02 7.14791998e-01 7.11916240e-01 7.97156397e-01
  7.06556020e-01 2.76807866e-01 5.86522274e-01 2.92824847e-01
  1.43509917e+00 1.51665699e+00 1.32809717e+00]]

23
----------------------------------------------------------------------------------
[[0.24801845 0.         0.         0.         0.         0.
  0.         0.         0.         0.         0.         0.01966384
  0.01575796 0.         0.38600882]
 [0.43609358 0.33887609 0.         0.         0.         0.
  0.         0.         0.04022083 0.         0.         0.15230124
  0.         0.         0.05913998]
 [0.30070067 0.15648023 0.         0.         0.         0.
  0.         0.         0.10960346 0.         0.         0.10828096
  0.         0.02692186 0.23277914]
 [0.12410058 0.         0.         0.         0.         0.
  0.         0.         0.07805328 0.         0.         0.
  0.         0.         0.41170388]
 [0.12001945 0.12837397 0.         0.         0.         0.
  0.         0.         0.33371896 0.         0.         0.12291711
  0.         0.00697651 0.21259335]
 [0.20110765 0.17486751 0.         0.         0.         0.
  0.         0.02785477 0.14141763 0.         0.         0.13303062
  0.         0.03307408 0.21952549]
 [0.07683797 0.22740529 0.         0.         0.         0.
  0.         0.         0.30806499 0.         0.         0.12144857
  0.         0.         0.18954559]
 [0.0415836  0.         0.         0.         0.         0.
  0.         0.         0.06351576 0.         0.         0.
  0.         0.         0.40911182]
 [0.         0.11057008 0.         0.         0.         0.
  0.         0.         0.04725757 0.         0.         0.
  0.         0.047604   0.38905428]
 [0.         0.         0.         0.         0.         0.
  0.         0.05457164 0.02017788 0.         0.         0.04108834
  0.         0.09631503 0.08320554]
 [0.02027952 0.18798921 0.         0.         0.         0.
  0.         0.         0.06424278 0.         0.         0.
  0.         0.04908162 0.10281016]
 [0.06242266 0.16873427 0.         0.         0.         0.
  0.         0.         0.04396951 0.         0.         0.
  0.         0.         0.29036831]
 [0.         0.13654798 0.         0.         0.         0.
  0.         0.         0.14320258 0.         0.         0.
  0.         0.         0.10730672]
 [0.24326028 0.         0.         0.14018567 1.15627793 0.35727551
  0.80334147 0.19585959 1.03420783 0.41884401 0.47970543 0.47409744
  0.03430978 0.16900835 0.77130672]
 [0.26880862 0.         0.         0.         0.61723461 1.88124299
  2.60589254 0.4953085  2.24509679 2.17738101 1.31055875 0.36631538
  0.42881665 1.05908713 1.82260358]
 [0.12804796 0.         0.         0.         1.05595599 0.49162882
  0.43309088 0.58174612 0.40052181 0.16154547 0.57745861 0.14416078
  0.         0.73340227 0.87879258]
 [0.56329256 0.03798519 0.         0.16611957 0.64488797 0.82193753
  1.58030207 0.         2.44431959 3.24243364 1.26228449 0.68300546
  0.35263802 0.5786356  3.19485332]
 [0.66064938 0.50965752 0.80630662 1.12791088 0.81874791 1.11484515
  0.34746578 0.39032791 0.11971941 0.64305414 0.77604251 0.56050006
  0.79167456 0.1795866  0.02150216]]

24
----------------------------------------------------------------------------------
[[0.00000000e+00 0.00000000e+00 1.28944414e-01 5.49074816e-01
  8.85054188e-02 3.77962888e-01 5.75620615e-01 4.29279518e-01
  4.52412641e-01 4.06151252e-01 3.97684505e-01 0.00000000e+00
  0.00000000e+00 0.00000000e+00 0.00000000e+00]
 [2.31167237e-01 5.18906438e-02 5.27751733e-01 4.13135110e-01
  1.06250148e-01 0.00000000e+00 2.95822219e-01 1.13107498e+00
  4.16659734e-01 6.43592857e-01 3.96666176e-01 0.00000000e+00
  0.00000000e+00 0.00000000e+00 0.00000000e+00]
 [2.34308577e-01 0.00000000e+00 2.34477771e-01 7.11828685e-01
  9.27886714e-02 1.03023250e-01 5.14366096e-01 7.78810266e-01
  4.28113116e-01 0.00000000e+00 7.53760717e-03 0.00000000e+00
  0.00000000e+00 0.00000000e+00 0.00000000e+00]
 [0.00000000e+00 0.00000000e+00 0.00000000e+00 2.03584423e-01
  0.00000000e+00 3.05829690e-01 4.17297533e-01 0.00000000e+00
  1.39071541e-01 2.13020476e-01 3.90468643e-01 0.00000000e+00
  0.00000000e+00 0.00000000e+00 0.00000000e+00]
 [8.30317818e-02 3.37241305e-02 0.00000000e+00 3.26362058e-01
  0.00000000e+00 8.13508197e-02 2.53569398e-01 0.00000000e+00
  1.52184901e-01 3.56825217e-01 5.01535854e-01 0.00000000e+00
  0.00000000e+00 0.00000000e+00 0.00000000e+00]
 [1.93019363e-01 1.85598891e-01 9.00313331e-02 6.38397295e-01
  3.80245603e-02 1.20675579e-01 1.64040321e-01 0.00000000e+00
  1.32066061e-01 9.84975161e-02 1.13235875e-01 0.00000000e+00
  0.00000000e+00 0.00000000e+00 0.00000000e+00]
 [2.31218556e-01 3.55512193e-02 0.00000000e+00 5.79895431e-01
  0.00000000e+00 1.08529698e-01 2.14183903e-01 0.00000000e+00
  8.91904735e-02 3.10088481e-01 3.70312025e-01 0.00000000e+00
  0.00000000e+00 0.00000000e+00 0.00000000e+00]
 [0.00000000e+00 0.00000000e+00 0.00000000e+00 4.87801968e-02
  1.28001824e-01 4.12521152e-01 1.42589657e-01 0.00000000e+00
  2.03564401e-02 1.64474243e-02 9.28946797e-02 0.00000000e+00
  0.00000000e+00 0.00000000e+00 0.00000000e+00]
 [0.00000000e+00 0.00000000e+00 0.00000000e+00 2.10573161e-01
  2.20163944e-02 2.80202725e-01 1.50899845e-01 0.00000000e+00
  7.15181117e-02 6.91166823e-02 2.60773600e-01 0.00000000e+00
  0.00000000e+00 0.00000000e+00 0.00000000e+00]
 [1.77350424e-02 1.16597066e-03 2.44886419e-01 4.82023376e-01
  0.00000000e+00 2.81065293e-01 0.00000000e+00 0.00000000e+00
  8.59698957e-02 0.00000000e+00 0.00000000e+00 0.00000000e+00
  0.00000000e+00 0.00000000e+00 0.00000000e+00]
 [1.07647317e-01 6.20079617e-02 2.61500605e-03 5.76237069e-01
  1.83549940e-02 2.32358367e-01 0.00000000e+00 0.00000000e+00
  0.00000000e+00 0.00000000e+00 0.00000000e+00 0.00000000e+00
  0.00000000e+00 0.00000000e+00 0.00000000e+00]
 [0.00000000e+00 0.00000000e+00 0.00000000e+00 1.50320679e-01
  1.54881330e-01 3.23939401e-01 2.06296524e-01 0.00000000e+00
  7.75132244e-02 1.20215829e-01 3.47698728e-01 0.00000000e+00
  0.00000000e+00 0.00000000e+00 0.00000000e+00]
 [4.77294527e-02 0.00000000e+00 9.49172783e-02 5.21157993e-01
  0.00000000e+00 1.19820596e-01 1.52126917e-01 2.53635431e-02
  0.00000000e+00 4.37236796e-03 0.00000000e+00 0.00000000e+00
  0.00000000e+00 0.00000000e+00 0.00000000e+00]
 [0.00000000e+00 0.00000000e+00 0.00000000e+00 2.98932784e-01
  2.55898607e-01 5.26500062e-01 1.93205307e-01 0.00000000e+00
  8.55981936e-01 3.35753242e-01 3.52339279e-02 0.00000000e+00
  0.00000000e+00 0.00000000e+00 0.00000000e+00]
 [0.00000000e+00 0.00000000e+00 0.00000000e+00 2.41397759e-01
  2.19612983e-01 4.57731778e-01 2.30520984e-02 2.87948285e-01
  7.93551686e-01 3.75168971e-01 2.34520304e-01 0.00000000e+00
  0.00000000e+00 0.00000000e+00 0.00000000e+00]
 [0.00000000e+00 7.34506758e-02 0.00000000e+00 1.97442203e-02
  1.70799014e-01 6.15808831e-01 0.00000000e+00 0.00000000e+00
  0.00000000e+00 0.00000000e+00 0.00000000e+00 0.00000000e+00
  0.00000000e+00 0.00000000e+00 0.00000000e+00]
 [0.00000000e+00 0.00000000e+00 0.00000000e+00 6.40945509e-01
  3.52322199e-01 6.07662491e-01 2.95512381e-02 3.26056244e-01
  1.10750751e+00 1.20349895e+00 8.95812758e-01 0.00000000e+00
  0.00000000e+00 0.00000000e+00 0.00000000e+00]
 [7.09751706e-01 4.64537258e-01 9.59246869e-01 2.86851184e-02
  1.74767323e-01 3.97933349e-02 8.37155140e-01 1.47759457e+00
  1.34135505e+00 1.08527455e+00 1.29554804e+00 2.28928864e+00
  2.49803539e+00 2.94048381e+00 1.99374880e+00]]