
2
----------------------------------------------------------------------------------
[[0.         0.         0.         0.         0.15073766 0.
  0.         0.         0.04052369 0.         0.10539111 0.
  0.         0.         0.        ]
 [0.2194598  0.         0.         0.         0.13895639 0.
  0.         0.23649833 0.36784081 0.         0.         0.
  0.         0.         0.        ]
 [0.         0.         0.         0.         0.         0.
  0.         0.66504086 0.10468055 0.16353463 0.06624992 0.
  0.         0.         0.        ]
 [0.         0.         0.         0.         0.24031244 0.
  0.         0.13795988 0.         0.         0.         0.
  0.         0.         0.        ]
 [0.02298332 0.         0.         0.         0.25926941 0.
  0.         0.05843943 0.28294745 0.         0.19411329 0.06288987
  0.         0.         0.        ]
 [0.         0.         0.27865715 0.         0.         0.
  0.         0.24091363 0.14504039 0.10353844 0.         0.39871588
  0.         0.         0.        ]
 [0.19779509 0.         0.         0.         0.         0.
  0.         0.30961402 0.26205008 0.         0.         0.32421269
  0.         0.         0.        ]
 [0.         0.         0.         0.         0.14559923 0.
  0.28089407 0.07866107 0.         0.         0.         0.
  0.         0.         0.        ]
 [0.         0.         0.         0.13454156 0.         0.
  0.         0.0903922  0.00652974 0.         0.         0.
  0.         0.         0.        ]
 [0.         0.41646274 0.         0.         0.         0.25405841
  0.         0.20834459 0.01877591 0.137295   0.         0.0145865
  0.         0.         0.        ]
 [0.0929888  0.         0.12732209 0.         0.         0.
  0.         0.39725171 0.04109109 0.07127728 0.         0.
  0.         0.         0.        ]
 [0.         0.         0.         0.         0.36937925 0.04081439
  0.         0.         0.         0.9062282  0.         0.
  0.         0.         0.        ]
 [0.22087128 0.         0.         0.         0.         0.
  0.         0.14550645 0.28885853 0.         0.13906867 0.
  0.         0.         0.        ]
 [0.27561787 0.         0.56884682 0.35321042 0.23220443 0.
  0.17320385 0.         0.06707759 0.21942884 0.         0.
  0.         0.         0.        ]
 [0.28983533 0.         0.31266621 1.01506366 0.33762649 0.
  0.         0.26515723 0.20559941 0.11198931 0.         0.
  0.         0.         0.        ]
 [0.         0.         0.         0.03639709 0.31744712 0.04622853
  0.         0.15897357 0.24167634 0.         0.20220008 0.
  0.         0.         0.        ]
 [0.         0.         0.03150293 0.         0.76579639 0.47497801
  0.         0.01750895 0.21061665 0.06478359 0.         0.
  0.         0.         0.        ]
 [0.96799988 1.09791291 1.45784511 1.54407703 0.83380352 0.67854804
  0.56720332 0.47985891 0.46970388 0.57677987 0.68429545 1.03895644
  2.50796682 3.50789508 3.43088941]]

3
----------------------------------------------------------------------------------
[[0.00000000e+00 0.00000000e+00 0.00000000e+00 0.00000000e+00
  0.00000000e+00 0.00000000e+00 2.72533532e-01 2.67741081e-01
  0.00000000e+00 0.00000000e+00 1.87618562e-01 8.46876703e-02
  5.58423361e-02 0.00000000e+00 0.00000000e+00]
 [0.00000000e+00 0.00000000e+00 9.51047155e-02 0.00000000e+00
  0.00000000e+00 0.00000000e+00 1.54224166e-01 0.00000000e+00
  1.54578484e-01 0.00000000e+00 3.42121421e-01 8.63265410e-02
  3.18386877e-02 0.00000000e+00 0.00000000e+00]
 [0.00000000e+00 0.00000000e+00 0.00000000e+00 0.00000000e+00
  0.00000000e+00 0.00000000e+00 4.29572549e-01 6.53384447e-02
  2.47623880e-03 0.00000000e+00 5.03745217e-01 9.37076842e-02
  5.69022991e-02 2.36839828e-02 0.00000000e+00]
 [0.00000000e+00 0.00000000e+00 0.00000000e+00 0.00000000e+00
  0.00000000e+00 0.00000000e+00 3.20251608e-02 0.00000000e+00
  0.00000000e+00 0.00000000e+00 8.37935496e-02 6.80911174e-02
  5.13076205e-02 0.00000000e+00 0.00000000e+00]
 [0.00000000e+00 1.03731011e-01 0.00000000e+00 0.00000000e+00
  0.00000000e+00 0.00000000e+00 0.00000000e+00 0.00000000e+00
  0.00000000e+00 0.00000000e+00 4.48528005e-01 7.97785067e-03
  1.22795674e-02 3.78847427e-04 0.00000000e+00]
 [0.00000000e+00 0.00000000e+00 0.00000000e+00 0.00000000e+00
  0.00000000e+00 1.08531237e-01 1.80735057e-01 3.60083775e-02
  0.00000000e+00 0.00000000e+00 3.69567316e-01 1.38051391e-01
  4.99844090e-02 3.80394521e-02 7.08225754e-02]
 [0.00000000e+00 0.00000000e+00 0.00000000e+00 0.00000000e+00
  0.00000000e+00 0.00000000e+00 0.00000000e+00 0.00000000e+00
  1.29794150e-01 0.00000000e+00 4.24500307e-01 2.17881477e-02
  7.14486795e-02 0.00000000e+00 0.00000000e+00]
 [0.00000000e+00 0.00000000e+00 0.00000000e+00 0.00000000e+00
  0.00000000e+00 0.00000000e+00 2.49371898e-02 0.00000000e+00
  0.00000000e+00 0.00000000e+00 1.21584724e-01 0.00000000e+00
  0.00000000e+00 0.00000000e+00 0.00000000e+00]
 [0.00000000e+00 0.00000000e+00 0.00000000e+00 0.00000000e+00
  0.00000000e+00 0.00000000e+00 0.00000000e+00 0.00000000e+00
  2.72536765e-03 0.00000000e+00 1.79370788e-01 2.16152584e-02
  0.00000000e+00 0.00000000e+00 0.00000000e+00]
 [0.00000000e+00 0.00000000e+00 0.00000000e+00 0.00000000e+00
  0.00000000e+00 0.00000000e+00 3.32637613e-01 1.87831271e-02
  1.16493200e-01 0.00000000e+00 1.10309112e+00 0.00000000e+00
  1.22683024e-02 1.06666084e-02 5.11439019e-03]
 [0.00000000e+00 0.00000000e+00 0.00000000e+00 0.00000000e+00
  0.00000000e+00 0.00000000e+00 3.04553846e-02 0.00000000e+00
  1.38174505e-01 0.00000000e+00 2.64348184e-03 0.00000000e+00
  0.00000000e+00 1.65253284e-03 0.00000000e+00]
 [0.00000000e+00 3.97642505e-01 0.00000000e+00 0.00000000e+00
  0.00000000e+00 0.00000000e+00 1.11209313e-01 0.00000000e+00
  0.00000000e+00 0.00000000e+00 6.30980588e-02 9.49627327e-03
  1.90234388e-02 4.83671162e-03 0.00000000e+00]
 [1.67470209e-01 0.00000000e+00 8.17788841e-02 0.00000000e+00
  4.44973524e-01 0.00000000e+00 0.00000000e+00 0.00000000e+00
  0.00000000e+00 0.00000000e+00 4.29477831e-01 0.00000000e+00
  7.03105766e-02 5.34984169e-02 0.00000000e+00]
 [0.00000000e+00 7.36215830e-02 3.29292665e-01 0.00000000e+00
  0.00000000e+00 0.00000000e+00 0.00000000e+00 0.00000000e+00
  0.00000000e+00 0.00000000e+00 5.39286257e-02 0.00000000e+00
  0.00000000e+00 0.00000000e+00 1.05211758e-02]
 [0.00000000e+00 2.59322217e-01 7.57446567e-02 0.00000000e+00
  6.24468105e-03 0.00000000e+00 7.13088488e-02 0.00000000e+00
  0.00000000e+00 0.00000000e+00 2.47917782e-01 2.27768012e-02
  0.00000000e+00 0.00000000e+00 0.00000000e+00]
 [0.00000000e+00 0.00000000e+00 7.32312933e-02 0.00000000e+00
  0.00000000e+00 0.00000000e+00 0.00000000e+00 0.00000000e+00
  0.00000000e+00 0.00000000e+00 2.60809184e-01 2.42345005e-01
  1.56396172e-05 4.62482829e-03 1.33102478e-01]
 [0.00000000e+00 0.00000000e+00 0.00000000e+00 0.00000000e+00
  0.00000000e+00 0.00000000e+00 0.00000000e+00 0.00000000e+00
  0.00000000e+00 1.57591049e-02 1.05248156e-01 2.59794231e-01
  1.88993067e-02 6.49390174e-02 0.00000000e+00]
 [2.16153351e+00 1.48324872e+00 1.10741231e+00 1.18243167e+00
  8.61510061e-01 9.31914379e-01 8.85744360e-01 9.60708688e-01
  4.65870147e-01 6.09380568e-01 1.39704641e-01 7.65848027e-02
  5.43412704e-02 3.52114978e-02 9.66057531e-02]]

4
----------------------------------------------------------------------------------
[[2.41960492e-01 2.28417276e-02 1.56571441e-01 3.05014156e-01
  0.00000000e+00 7.54500337e-02 0.00000000e+00 4.49137478e-01
  0.00000000e+00 3.44864717e-01 1.14140110e-01 0.00000000e+00
  9.16199839e-03 0.00000000e+00 3.76780529e-02]
 [5.63061334e-01 1.89803518e-01 3.50708536e-01 5.61670928e-01
  0.00000000e+00 0.00000000e+00 0.00000000e+00 6.81777966e-01
  0.00000000e+00 0.00000000e+00 4.82090248e-02 0.00000000e+00
  4.15018235e-01 0.00000000e+00 0.00000000e+00]
 [1.03640879e+00 5.48489897e-02 1.01555857e-01 8.35013593e-02
  0.00000000e+00 6.16732226e-02 0.00000000e+00 3.68225174e-01
  0.00000000e+00 0.00000000e+00 1.25680424e-02 0.00000000e+00
  1.31318227e-01 0.00000000e+00 0.00000000e+00]
 [3.31372802e-02 1.84492587e-02 8.24315651e-02 2.34756902e-01
  0.00000000e+00 1.32287081e-02 0.00000000e+00 4.24536606e-01
  0.00000000e+00 3.88522868e-02 0.00000000e+00 9.45643598e-02
  2.41965636e-01 0.00000000e+00 0.00000000e+00]
 [0.00000000e+00 1.51107899e-02 3.99042568e-01 1.21212713e-01
  0.00000000e+00 0.00000000e+00 0.00000000e+00 4.87462668e-01
  0.00000000e+00 4.25408939e-02 0.00000000e+00 0.00000000e+00
  3.20339805e-01 0.00000000e+00 0.00000000e+00]
 [4.65552621e-01 0.00000000e+00 6.33410077e-02 1.31688542e-01
  0.00000000e+00 0.00000000e+00 0.00000000e+00 4.51298589e-01
  0.00000000e+00 0.00000000e+00 0.00000000e+00 0.00000000e+00
  1.53509675e-01 0.00000000e+00 0.00000000e+00]
 [0.00000000e+00 2.74467895e-03 2.74345389e-01 3.18262017e-01
  0.00000000e+00 0.00000000e+00 0.00000000e+00 6.32072697e-01
  0.00000000e+00 0.00000000e+00 0.00000000e+00 0.00000000e+00
  3.57468062e-01 0.00000000e+00 0.00000000e+00]
 [1.00164039e-02 0.00000000e+00 6.50742659e-02 4.57852081e-01
  0.00000000e+00 0.00000000e+00 1.62010172e-01 1.59785400e-01
  0.00000000e+00 0.00000000e+00 0.00000000e+00 0.00000000e+00
  1.22162210e-01 0.00000000e+00 0.00000000e+00]
 [0.00000000e+00 0.00000000e+00 6.81494879e-02 5.73601730e-01
  0.00000000e+00 0.00000000e+00 0.00000000e+00 4.66284083e-01
  0.00000000e+00 0.00000000e+00 0.00000000e+00 0.00000000e+00
  2.00537670e-01 0.00000000e+00 0.00000000e+00]
 [5.14767878e-01 4.78050787e-02 1.43257329e-01 0.00000000e+00
  0.00000000e+00 0.00000000e+00 0.00000000e+00 2.17912791e-01
  0.00000000e+00 0.00000000e+00 0.00000000e+00 0.00000000e+00
  0.00000000e+00 0.00000000e+00 0.00000000e+00]
 [3.43926906e-01 0.00000000e+00 0.00000000e+00 3.06018507e-01
  0.00000000e+00 0.00000000e+00 0.00000000e+00 3.22762746e-01
  0.00000000e+00 0.00000000e+00 1.57339285e-02 0.00000000e+00
  0.00000000e+00 0.00000000e+00 0.00000000e+00]
 [5.17867013e-02 1.53439760e-02 0.00000000e+00 5.20195659e-01
  0.00000000e+00 0.00000000e+00 0.00000000e+00 7.61788344e-02
  0.00000000e+00 3.88054731e-02 7.27071934e-02 0.00000000e+00
  7.63003507e-02 0.00000000e+00 0.00000000e+00]
 [8.23739451e-02 0.00000000e+00 2.86603911e-01 2.65886093e-01
  0.00000000e+00 0.00000000e+00 0.00000000e+00 4.03491724e-01
  0.00000000e+00 0.00000000e+00 0.00000000e+00 2.12160977e-01
  0.00000000e+00 0.00000000e+00 0.00000000e+00]
 [0.00000000e+00 3.06021976e-03 1.65053296e-01 1.93144141e-01
  0.00000000e+00 0.00000000e+00 2.29429967e-01 1.91787621e-01
  1.02520280e-01 1.86438607e-01 0.00000000e+00 0.00000000e+00
  0.00000000e+00 0.00000000e+00 0.00000000e+00]
 [0.00000000e+00 1.62032539e-01 4.67646752e-01 7.99224095e-01
  7.28462614e-02 0.00000000e+00 8.25575501e-01 5.28765433e-01
  0.00000000e+00 5.93707754e-01 1.96729075e-01 4.18301109e-02
  3.55057818e-01 2.57393562e-01 3.76615915e-02]
 [0.00000000e+00 9.44757527e-04 4.06304467e-01 1.56362000e-01
  0.00000000e+00 0.00000000e+00 3.92551785e-01 4.63049347e-01
  0.00000000e+00 6.72696415e-01 2.06368465e-01 0.00000000e+00
  0.00000000e+00 0.00000000e+00 0.00000000e+00]
 [0.00000000e+00 0.00000000e+00 1.20518932e-01 5.47140728e-01
  0.00000000e+00 6.84173460e-02 7.32511924e-01 2.89817777e-01
  2.78221080e-02 6.88482475e-02 1.13287715e-01 0.00000000e+00
  4.02735002e-01 1.68957689e-02 0.00000000e+00]
 [9.32324709e-01 2.03694990e-01 1.23194995e-01 9.91053914e-03
  5.85244195e-01 6.99688511e-01 4.32324859e-01 6.12653449e-02
  3.07247111e-01 2.13227986e-01 1.58733569e-01 7.38944834e-01
  2.01617146e-01 8.16629898e-01 6.83613113e-01]]

5
----------------------------------------------------------------------------------
[[0.00000000e+00 0.00000000e+00 0.00000000e+00 0.00000000e+00
  6.56302063e-02 0.00000000e+00 0.00000000e+00 0.00000000e+00
  0.00000000e+00 0.00000000e+00 0.00000000e+00 2.44478315e-02
  8.15028325e-02 1.00250902e-01 2.94836435e-02]
 [0.00000000e+00 0.00000000e+00 0.00000000e+00 0.00000000e+00
  0.00000000e+00 0.00000000e+00 0.00000000e+00 0.00000000e+00
  0.00000000e+00 0.00000000e+00 0.00000000e+00 0.00000000e+00
  4.03568702e-01 5.63887677e-01 1.31621696e-01]
 [0.00000000e+00 0.00000000e+00 0.00000000e+00 0.00000000e+00
  3.98035950e-01 0.00000000e+00 0.00000000e+00 0.00000000e+00
  0.00000000e+00 0.00000000e+00 0.00000000e+00 1.67957426e-01
  1.62848989e-01 7.72651554e-01 3.51682262e-01]
 [0.00000000e+00 0.00000000e+00 0.00000000e+00 0.00000000e+00
  1.28783233e-01 0.00000000e+00 0.00000000e+00 0.00000000e+00
  0.00000000e+00 0.00000000e+00 0.00000000e+00 0.00000000e+00
  0.00000000e+00 0.00000000e+00 4.37847027e-02]
 [0.00000000e+00 0.00000000e+00 0.00000000e+00 0.00000000e+00
  0.00000000e+00 0.00000000e+00 0.00000000e+00 0.00000000e+00
  0.00000000e+00 0.00000000e+00 0.00000000e+00 0.00000000e+00
  2.50325662e-02 3.04933441e-01 0.00000000e+00]
 [0.00000000e+00 0.00000000e+00 0.00000000e+00 0.00000000e+00
  2.17078119e-02 0.00000000e+00 0.00000000e+00 0.00000000e+00
  0.00000000e+00 0.00000000e+00 0.00000000e+00 2.63719316e-01
  2.88872178e-01 2.85013656e-01 1.94048173e-01]
 [0.00000000e+00 0.00000000e+00 0.00000000e+00 0.00000000e+00
  0.00000000e+00 0.00000000e+00 0.00000000e+00 0.00000000e+00
  0.00000000e+00 0.00000000e+00 3.16119769e-01 1.74350845e-01
  2.36265161e-01 3.25513574e-01 1.39982799e-01]
 [0.00000000e+00 0.00000000e+00 0.00000000e+00 0.00000000e+00
  3.03413869e-01 0.00000000e+00 0.00000000e+00 0.00000000e+00
  6.91765019e+00 1.66992338e+00 0.00000000e+00 0.00000000e+00
  1.36569411e-01 5.82947343e-01 7.12519654e-01]
 [0.00000000e+00 0.00000000e+00 0.00000000e+00 0.00000000e+00
  5.05246464e-02 0.00000000e+00 0.00000000e+00 0.00000000e+00
  8.06108325e+00 5.74189926e+00 0.00000000e+00 5.41638888e-01
  8.09277372e-01 1.13806275e+00 1.56099350e+00]
 [0.00000000e+00 0.00000000e+00 0.00000000e+00 1.65631574e-05
  1.52864768e-01 0.00000000e+00 0.00000000e+00 0.00000000e+00
  1.36911899e+00 0.00000000e+00 0.00000000e+00 3.16347321e-01
  3.14026817e-01 4.72074655e-01 2.25914068e-01]
 [0.00000000e+00 0.00000000e+00 0.00000000e+00 0.00000000e+00
  1.91488832e-05 0.00000000e+00 0.00000000e+00 0.00000000e+00
  1.13233233e+01 2.70629999e+00 1.02554541e+00 1.83388838e+00
  1.84151334e+00 1.83868638e+00 1.63476327e+00]
 [0.00000000e+00 0.00000000e+00 0.00000000e+00 0.00000000e+00
  4.81564130e-03 0.00000000e+00 0.00000000e+00 0.00000000e+00
  5.20576631e+00 0.00000000e+00 0.00000000e+00 9.52128592e-02
  5.07188586e-02 6.39126321e-01 2.82211867e-01]
 [0.00000000e+00 0.00000000e+00 0.00000000e+00 0.00000000e+00
  5.89380002e-04 0.00000000e+00 0.00000000e+00 0.00000000e+00
  4.26182094e+00 0.00000000e+00 4.99292446e-01 3.92634093e-01
  7.20045122e-01 1.59043614e-01 9.65433925e-02]
 [0.00000000e+00 0.00000000e+00 3.57791694e-01 4.21534553e-01
  1.12696139e+00 0.00000000e+00 3.78568861e+00 2.06663690e+00
  1.88759964e+00 7.08768473e+00 5.47891204e+00 4.41685635e-01
  8.85302483e-01 8.91586419e-01 4.68224014e-01]
 [0.00000000e+00 1.68819267e+00 1.43699695e+00 1.82431065e+01
  1.02175921e+00 0.00000000e+00 0.00000000e+00 8.88063203e-02
  1.43187069e+00 8.49818149e+00 2.13529967e+00 4.94703819e-01
  1.86454394e+00 1.98943709e+00 1.29604823e+00]
 [0.00000000e+00 0.00000000e+00 1.42931042e+00 2.97010922e+00
  1.63023605e-01 0.00000000e+00 0.00000000e+00 0.00000000e+00
  0.00000000e+00 0.00000000e+00 1.21335119e+00 1.43513375e-01
  2.39907862e-01 7.49130956e-01 3.70063527e-01]
 [0.00000000e+00 0.00000000e+00 1.14527624e+01 6.30132773e-01
  1.32202663e+00 0.00000000e+00 7.71495418e+00 1.98783003e+00
  1.57983145e+00 0.00000000e+00 4.69094570e-01 9.77713870e-02
  1.56924630e+00 1.41998318e+00 1.06158283e+00]
 [1.17581055e+00 2.98561517e+00 3.70378572e+00 3.13744248e+00
  0.00000000e+00 1.88573814e+00 2.21401089e+00 1.99196298e+00
  1.77840796e+00 1.77556499e+00 1.47248487e+00 5.39660644e-01
  4.28358667e-01 3.41165390e-01 3.24157080e-01]]

6
----------------------------------------------------------------------------------
[[ 0.          0.          0.          0.          0.1781466   0.53531486
   0.04773428  0.          0.2804137   0.          0.          0.11214174
   0.          0.61957271  0.        ]
 [ 0.          0.53186097  0.          0.          0.16344791  0.09830155
   0.34189974  0.30857823  0.61734897  0.          0.          0.
   0.          0.6376975   0.42971862]
 [ 0.          0.          0.          0.          0.34331271  0.
   0.05912486  0.4658748   0.27066088  0.          0.          0.
   0.17780607  0.          0.02744011]
 [ 0.          0.31586637  0.          0.          0.          0.
   0.08327669  0.17798538  0.31831353  0.          0.          0.
   0.          0.52440427  0.        ]
 [ 0.          0.04802994  0.          0.          0.28534456  0.
   0.          0.28221494  0.35038159  0.          0.          0.13737156
   0.          0.65071125  0.31088676]
 [ 0.          0.14253854  0.          0.          0.17795456  0.
   0.38232817  0.16822075  0.10630235  0.          0.          0.
   0.14328704  0.          0.        ]
 [ 0.          0.04192283  0.          0.          0.16724842  0.06793734
   0.          0.19853334  0.23196444  0.          0.          0.13024561
   0.          0.39980405  0.22101845]
 [ 0.          0.01291879  0.          0.1772792   0.41467115  0.
   0.          0.          0.17701055  0.          0.          0.
   0.03449417  0.29697328  0.        ]
 [ 0.          0.          0.          0.          0.43919257  0.
   0.          0.          0.2671513   0.          0.          0.
   0.          0.4620886   0.        ]
 [ 0.29108517  0.          0.28883364  0.          0.02228194  0.
   0.07151665  0.          0.28873158  0.          0.          0.
   0.          0.          0.        ]
 [ 0.          0.          0.          0.21341232  0.34011243  0.
   0.          0.26404239  0.09877226  0.          0.          0.
   0.          0.          0.        ]
 [ 0.          0.          0.          0.          0.63565     0.
   0.          0.          0.34497508  0.          0.          0.
   0.          0.31147267  0.        ]
 [ 0.          0.          0.          0.          0.72689294  0.
   0.          0.11588036  0.18075627  0.          0.          0.
   0.          0.36180339  0.        ]
 [ 0.69394928  1.05083416  4.3469871   3.89570984  1.58993107  0.41321109
   0.2117448   1.46219599  4.99001851  4.11364582  0.          0.88706688
   1.2507386   2.21445434  0.        ]
 [ 0.56396542  1.28821932  5.45898601  8.63221667  2.37596178  0.
   0.35415404  3.02044892  7.21029435  5.27352679  0.          0.52033423
  10.06588883  4.40128449  0.91507518]
 [ 0.          0.42670265  2.74419676  2.02641618  1.25108977  0.
   0.          0.82938297  1.04562736  0.          0.          0.
   0.          0.45308514  0.06849164]
 [ 0.          1.35699442  2.2462872   2.68140953  1.65047392  0.7854377
   0.          1.31909543  0.56004784  0.          0.          0.18507325
   0.9665553   0.84162651  0.2471244 ]
 [ 1.02718893  0.83388602  0.71881624  0.46493511  0.11221691  0.77378668
   0.70889396  0.93576163  0.55434483  1.78347982  1.6460745   1.58703102
   1.34081083  0.95521211  1.63360268]]

7
----------------------------------------------------------------------------------
[[3.63084462e-02 0.00000000e+00 2.63693249e-01 0.00000000e+00
  0.00000000e+00 4.11974634e-01 0.00000000e+00 2.21579460e-01
  2.55179664e-02 0.00000000e+00 0.00000000e+00 0.00000000e+00
  1.97462921e-01 0.00000000e+00 0.00000000e+00]
 [4.74424171e-02 1.68126329e-01 3.17818837e-01 0.00000000e+00
  0.00000000e+00 3.74330254e-01 3.17651993e-01 1.87010070e-01
  1.59760726e-01 1.88080226e-01 0.00000000e+00 0.00000000e+00
  0.00000000e+00 0.00000000e+00 0.00000000e+00]
 [3.76939511e-01 0.00000000e+00 7.81970994e-02 0.00000000e+00
  2.08685473e-01 0.00000000e+00 2.98326038e-01 0.00000000e+00
  1.16554508e-02 0.00000000e+00 0.00000000e+00 0.00000000e+00
  0.00000000e+00 0.00000000e+00 0.00000000e+00]
 [1.35691964e-01 0.00000000e+00 1.03608666e-01 0.00000000e+00
  0.00000000e+00 9.04354818e-01 0.00000000e+00 0.00000000e+00
  9.46747809e-02 0.00000000e+00 8.82774193e-02 0.00000000e+00
  0.00000000e+00 0.00000000e+00 0.00000000e+00]
 [0.00000000e+00 0.00000000e+00 5.68270828e-02 0.00000000e+00
  0.00000000e+00 4.79420236e-01 1.37892146e-01 1.34473104e-01
  1.02520487e-01 0.00000000e+00 0.00000000e+00 0.00000000e+00
  0.00000000e+00 0.00000000e+00 0.00000000e+00]
 [2.75378466e-02 0.00000000e+00 0.00000000e+00 0.00000000e+00
  3.14977867e-01 0.00000000e+00 0.00000000e+00 0.00000000e+00
  0.00000000e+00 0.00000000e+00 0.00000000e+00 0.00000000e+00
  0.00000000e+00 0.00000000e+00 0.00000000e+00]
 [0.00000000e+00 0.00000000e+00 2.94348153e-02 0.00000000e+00
  2.28082393e-01 9.76422999e-02 0.00000000e+00 0.00000000e+00
  0.00000000e+00 3.51767914e-02 0.00000000e+00 0.00000000e+00
  0.00000000e+00 0.00000000e+00 0.00000000e+00]
 [0.00000000e+00 3.21972267e-01 0.00000000e+00 0.00000000e+00
  0.00000000e+00 0.00000000e+00 2.19966320e-01 0.00000000e+00
  6.68466045e-01 0.00000000e+00 4.46724403e-02 0.00000000e+00
  0.00000000e+00 0.00000000e+00 0.00000000e+00]
 [0.00000000e+00 0.00000000e+00 0.00000000e+00 0.00000000e+00
  0.00000000e+00 2.32579376e-02 0.00000000e+00 5.64264876e-02
  0.00000000e+00 0.00000000e+00 0.00000000e+00 0.00000000e+00
  0.00000000e+00 0.00000000e+00 0.00000000e+00]
 [2.47958525e-01 0.00000000e+00 2.46268721e-01 0.00000000e+00
  2.15993905e-01 4.38707777e-02 0.00000000e+00 0.00000000e+00
  0.00000000e+00 0.00000000e+00 0.00000000e+00 0.00000000e+00
  8.59531054e-02 0.00000000e+00 0.00000000e+00]
 [0.00000000e+00 0.00000000e+00 0.00000000e+00 0.00000000e+00
  0.00000000e+00 5.14152037e-02 0.00000000e+00 0.00000000e+00
  0.00000000e+00 0.00000000e+00 0.00000000e+00 0.00000000e+00
  0.00000000e+00 0.00000000e+00 0.00000000e+00]
 [0.00000000e+00 9.65476605e-02 0.00000000e+00 1.61984517e-01
  0.00000000e+00 2.27087924e-01 0.00000000e+00 0.00000000e+00
  0.00000000e+00 2.32199971e-02 1.83255164e-01 0.00000000e+00
  0.00000000e+00 0.00000000e+00 0.00000000e+00]
 [0.00000000e+00 0.00000000e+00 3.86723767e-01 0.00000000e+00
  3.72653331e-01 0.00000000e+00 0.00000000e+00 3.12250637e-01
  0.00000000e+00 0.00000000e+00 0.00000000e+00 0.00000000e+00
  1.19521684e-02 0.00000000e+00 0.00000000e+00]
 [0.00000000e+00 5.91848080e-03 2.74757847e-01 0.00000000e+00
  2.47835508e-01 2.13253196e-01 0.00000000e+00 0.00000000e+00
  0.00000000e+00 0.00000000e+00 8.18016302e+00 2.55290825e+00
  3.01224407e+00 0.00000000e+00 0.00000000e+00]
 [0.00000000e+00 0.00000000e+00 9.98866692e-01 3.04111825e+00
  1.04140237e+00 6.52553946e-01 0.00000000e+00 0.00000000e+00
  0.00000000e+00 1.20736344e-01 7.11029492e+00 2.90621049e+00
  1.35927187e+00 3.83510059e-02 7.61570021e-02]
 [0.00000000e+00 0.00000000e+00 3.80981387e-01 1.65969231e-01
  8.10382022e-01 0.00000000e+00 0.00000000e+00 0.00000000e+00
  0.00000000e+00 0.00000000e+00 4.75654995e-01 8.02341505e-01
  9.29291881e-01 4.53893463e-01 3.57821922e-01]
 [0.00000000e+00 0.00000000e+00 9.26102862e-02 5.25717219e+00
  1.95652387e+00 5.96461307e-01 2.13040063e-01 5.51527942e-01
  3.12126250e-01 7.02566197e-01 3.03013695e+00 2.25666905e+00
  3.21375905e+00 1.95324561e-02 4.63612386e-02]
 [1.13389710e+00 7.65281017e-01 1.50546971e-01 3.71726275e-01
  5.85471969e-01 5.82423434e-01 9.87634999e-01 9.66715243e-01
  7.89428009e-01 7.93471855e-01 5.71269156e-01 6.02111728e-01
  8.38310640e-01 5.45310426e-01 9.28077528e-01]]

8
----------------------------------------------------------------------------------
[[1.96819292e-01 6.34827358e-02 9.99249981e-02 0.00000000e+00
  2.84274329e-01 4.25837623e-02 7.76934717e-02 2.49536434e-01
  0.00000000e+00 0.00000000e+00 0.00000000e+00 4.13627774e-02
  1.45463167e+00 1.20807663e+00 6.40218257e-01]
 [8.87068524e-02 2.75527527e-01 2.52598901e-01 2.54185540e-01
  4.99048348e-01 1.89944717e-01 0.00000000e+00 1.05621417e-01
  9.04430361e-02 3.11401818e-01 8.38015046e-02 7.39532459e-01
  1.48964626e+00 1.21344491e+00 1.42581279e+00]
 [0.00000000e+00 5.75790294e-01 0.00000000e+00 3.89054170e-01
  2.44633958e-01 2.40155544e-01 1.20505624e-01 3.31685837e-01
  1.41168518e-01 7.88410891e-02 9.10918245e-02 0.00000000e+00
  9.33441774e-01 8.40056293e-01 8.39169678e-01]
 [2.76870785e-01 0.00000000e+00 0.00000000e+00 0.00000000e+00
  2.87286257e-01 5.75657797e-02 1.70959449e-01 3.66733142e-01
  0.00000000e+00 0.00000000e+00 0.00000000e+00 1.20505709e-01
  8.08982603e-01 5.70661525e-01 9.24039745e-01]
 [1.99315761e-01 1.30920698e-01 1.60157178e-01 7.81955347e-02
  3.22379001e-01 1.14110013e-01 1.05496464e-01 2.37564873e-01
  4.54919008e-01 0.00000000e+00 0.00000000e+00 8.87882618e-01
  7.85334974e-01 6.97155606e-01 1.01060090e+00]
 [1.68170447e-03 4.30763923e-01 0.00000000e+00 1.27695050e-02
  3.17354195e-01 8.27500578e-02 1.27239324e-01 4.08436934e-01
  0.00000000e+00 0.00000000e+00 0.00000000e+00 0.00000000e+00
  8.09084359e-01 7.35778294e-01 3.15481854e-01]
 [0.00000000e+00 1.80656939e-01 4.90956500e-02 3.44128372e-01
  2.62727454e-01 7.31006228e-02 0.00000000e+00 6.69691351e-02
  2.26137255e-01 1.11934715e-01 0.00000000e+00 1.39496976e-01
  7.23371339e-01 8.88904806e-01 7.98753194e-01]
 [2.49897484e-02 0.00000000e+00 2.53436185e-01 4.83472420e-02
  1.77598611e-01 7.48440505e-02 0.00000000e+00 5.60283819e-03
  0.00000000e+00 0.00000000e+00 0.00000000e+00 0.00000000e+00
  5.65981653e-01 2.62891660e-01 5.42393117e-01]
 [9.20990516e-02 0.00000000e+00 1.19371860e-01 0.00000000e+00
  7.64924680e-02 0.00000000e+00 1.10309072e-01 3.02842720e-01
  0.00000000e+00 0.00000000e+00 0.00000000e+00 0.00000000e+00
  1.12431208e-01 3.46102522e-01 3.54156590e-01]
 [0.00000000e+00 0.00000000e+00 1.40935891e-01 2.90269181e-03
  1.89381670e-01 0.00000000e+00 3.38436506e-01 2.97871118e-01
  0.00000000e+00 0.00000000e+00 0.00000000e+00 0.00000000e+00
  9.51262173e-01 1.67384847e-01 9.03530340e-01]
 [0.00000000e+00 3.74689494e-02 1.06834184e-01 0.00000000e+00
  3.29655187e-01 0.00000000e+00 5.36988854e-03 1.99406656e-02
  0.00000000e+00 0.00000000e+00 0.00000000e+00 0.00000000e+00
  5.26221455e-01 4.87458383e-01 3.92859730e-01]
 [2.62247138e-02 0.00000000e+00 2.01813860e-01 0.00000000e+00
  8.73195401e-02 0.00000000e+00 9.99057018e-02 2.73525223e-01
  0.00000000e+00 0.00000000e+00 0.00000000e+00 0.00000000e+00
  1.55286580e-01 4.91933549e-01 3.69728222e-01]
 [0.00000000e+00 0.00000000e+00 1.41824484e-01 0.00000000e+00
  1.51928009e-01 1.03515951e-02 0.00000000e+00 0.00000000e+00
  1.58647715e-02 3.04890685e-01 0.00000000e+00 0.00000000e+00
  9.85743016e-01 5.62660165e-02 1.56397409e-01]
 [1.15162012e+00 3.25313771e+00 1.10043846e-01 0.00000000e+00
  4.64841547e-01 1.51672708e+00 4.72455771e-01 4.28068867e-01
  0.00000000e+00 4.53526127e+00 2.58726574e-01 0.00000000e+00
  3.63004144e-01 1.44427676e+00 1.65078353e+00]
 [2.98117329e+00 2.49643421e+00 1.56318582e+01 8.04720825e-01
  1.16343991e+00 2.69802580e+00 7.84477537e-01 1.01146448e+00
  7.91684199e-02 3.03262974e+00 5.52268988e-01 0.00000000e+00
  0.00000000e+00 0.00000000e+00 9.49364054e-01]
 [3.03739940e-01 1.74364175e-01 3.84576055e-01 3.05347829e-01
  5.19100664e-01 2.51790177e-01 5.86692639e-01 1.01007017e+00
  0.00000000e+00 0.00000000e+00 0.00000000e+00 0.00000000e+00
  4.79440301e-01 4.76665153e-01 1.97915954e-01]
 [3.53361268e+00 3.19694610e+00 1.79734511e+00 2.72591574e-01
  9.85834100e-01 6.33969616e-01 2.67934122e-01 3.17085856e-01
  1.29942919e+00 2.59852527e+00 1.12250552e+01 0.00000000e+00
  0.00000000e+00 0.00000000e+00 2.59780058e-01]
 [7.68183465e-01 9.56569863e-01 6.41875048e-01 8.76237289e-01
  2.60298024e-01 4.64503973e-01 5.26159586e-01 4.29049497e-01
  2.00449335e+00 2.09421296e+00 2.61229538e+00 2.04073356e+00
  1.53020186e+00 1.44274418e+00 1.57280659e+00]]

9
----------------------------------------------------------------------------------
[[5.17780398e-01 1.44126424e+00 0.00000000e+00 7.72632038e-01
  0.00000000e+00 0.00000000e+00 0.00000000e+00 5.88000832e-01
  3.31995922e-01 0.00000000e+00 0.00000000e+00 0.00000000e+00
  2.26364739e-01 1.42213557e-01 0.00000000e+00]
 [9.41846483e-01 9.06576743e-01 0.00000000e+00 3.96352693e-01
  0.00000000e+00 2.92599190e-01 0.00000000e+00 8.97830750e-01
  7.28105811e-01 0.00000000e+00 0.00000000e+00 1.97783444e-01
  2.31952028e-01 1.63687943e-01 0.00000000e+00]
 [8.63931331e-01 1.18359536e+00 0.00000000e+00 3.12753802e-01
  0.00000000e+00 4.75113443e-02 0.00000000e+00 8.71699454e-01
  1.99495517e-01 0.00000000e+00 0.00000000e+00 0.00000000e+00
  0.00000000e+00 0.00000000e+00 0.00000000e+00]
 [6.43825143e-02 1.21903968e+00 0.00000000e+00 3.50649871e-01
  0.00000000e+00 0.00000000e+00 0.00000000e+00 2.93754860e-01
  2.07167632e-01 8.26178255e-02 0.00000000e+00 0.00000000e+00
  2.52685311e-01 0.00000000e+00 0.00000000e+00]
 [5.38964174e-01 1.00615598e+00 0.00000000e+00 7.93407054e-01
  0.00000000e+00 1.00758102e-01 0.00000000e+00 5.97150384e-01
  4.71212914e-01 9.40527879e-02 1.59045246e-01 0.00000000e+00
  4.78284788e-01 0.00000000e+00 0.00000000e+00]
 [1.39283190e-01 4.78681298e-01 0.00000000e+00 4.82507419e-01
  0.00000000e+00 0.00000000e+00 0.00000000e+00 4.94684787e-01
  1.15450820e-01 0.00000000e+00 0.00000000e+00 5.87098518e-02
  0.00000000e+00 0.00000000e+00 0.00000000e+00]
 [3.99953426e-01 5.95916455e-01 0.00000000e+00 9.37198772e-01
  0.00000000e+00 3.18516234e-01 0.00000000e+00 7.54046193e-01
  4.07939945e-01 0.00000000e+00 4.92946180e-02 0.00000000e+00
  1.82376292e-01 0.00000000e+00 0.00000000e+00]
 [1.13626784e-01 1.41529997e+00 0.00000000e+00 6.84631862e-01
  0.00000000e+00 0.00000000e+00 0.00000000e+00 0.00000000e+00
  0.00000000e+00 0.00000000e+00 8.73568594e-02 1.56577380e-01
  0.00000000e+00 0.00000000e+00 0.00000000e+00]
 [0.00000000e+00 1.19596213e+00 0.00000000e+00 4.37270940e-01
  0.00000000e+00 0.00000000e+00 0.00000000e+00 0.00000000e+00
  0.00000000e+00 0.00000000e+00 3.77530396e-02 0.00000000e+00
  0.00000000e+00 5.60884350e-02 0.00000000e+00]
 [0.00000000e+00 6.79922297e-01 0.00000000e+00 4.94229399e-01
  0.00000000e+00 0.00000000e+00 4.43589281e-02 0.00000000e+00
  0.00000000e+00 0.00000000e+00 0.00000000e+00 0.00000000e+00
  0.00000000e+00 0.00000000e+00 0.00000000e+00]
 [0.00000000e+00 4.00964057e-01 0.00000000e+00 5.95046517e-01
  0.00000000e+00 0.00000000e+00 0.00000000e+00 1.46796237e-01
  1.12213488e-01 0.00000000e+00 0.00000000e+00 0.00000000e+00
  0.00000000e+00 0.00000000e+00 0.00000000e+00]
 [4.14928128e-01 1.10717506e+00 0.00000000e+00 6.38538975e-01
  0.00000000e+00 0.00000000e+00 0.00000000e+00 1.90112544e-01
  0.00000000e+00 1.31610304e-03 2.28740567e-01 0.00000000e+00
  0.00000000e+00 0.00000000e+00 0.00000000e+00]
 [8.62525107e-02 4.56255612e-01 0.00000000e+00 5.58537143e-01
  0.00000000e+00 9.72447712e-02 0.00000000e+00 3.50916461e-01
  1.20988969e-01 0.00000000e+00 0.00000000e+00 0.00000000e+00
  0.00000000e+00 0.00000000e+00 0.00000000e+00]
 [0.00000000e+00 4.93207476e-01 0.00000000e+00 2.90172966e-01
  2.86635497e-01 0.00000000e+00 1.62793771e-01 0.00000000e+00
  0.00000000e+00 0.00000000e+00 0.00000000e+00 0.00000000e+00
  2.14353563e-01 6.19476131e-02 0.00000000e+00]
 [2.35788411e-01 5.92341113e-02 0.00000000e+00 1.29597029e-01
  8.28215331e-01 0.00000000e+00 0.00000000e+00 0.00000000e+00
  8.43988726e-02 0.00000000e+00 0.00000000e+00 0.00000000e+00
  2.93355581e-01 0.00000000e+00 0.00000000e+00]
 [0.00000000e+00 1.82764468e-01 0.00000000e+00 3.41829536e-01
  0.00000000e+00 0.00000000e+00 1.97172992e-01 0.00000000e+00
  0.00000000e+00 0.00000000e+00 0.00000000e+00 0.00000000e+00
  3.21464662e-02 0.00000000e+00 0.00000000e+00]
 [4.72296620e-01 6.05451155e-01 1.25497773e-01 9.50264562e-04
  0.00000000e+00 0.00000000e+00 3.33314975e-01 0.00000000e+00
  0.00000000e+00 0.00000000e+00 0.00000000e+00 0.00000000e+00
  3.17458315e-01 0.00000000e+00 0.00000000e+00]
 [1.82437693e+00 1.05826444e+00 2.04940646e+00 2.02285661e-03
  1.63519517e+00 1.38047018e+00 5.36671735e-01 3.47223845e+00
  1.81660414e+00 1.95801319e+00 1.47194657e+00 1.52695884e+00
  1.23978507e+00 1.27731475e+00 1.43206267e+00]]

10
----------------------------------------------------------------------------------
[[9.44180791e-02 2.91771581e-01 1.81342474e-01 2.32901703e-02
  6.03561897e-02 0.00000000e+00 2.39303628e-01 9.31244351e-02
  3.17405734e-01 0.00000000e+00 0.00000000e+00 2.12565605e-02
  9.93623973e-02 0.00000000e+00 0.00000000e+00]
 [2.21736504e-01 1.63299466e-01 5.18995896e-02 1.92348338e-02
  4.13925791e-03 7.60771935e-02 0.00000000e+00 4.45967654e-02
  2.10033126e-01 1.14686176e-01 0.00000000e+00 0.00000000e+00
  0.00000000e+00 0.00000000e+00 0.00000000e+00]
 [1.26934580e-01 0.00000000e+00 0.00000000e+00 1.83550495e-01
  7.40315554e-02 3.78308060e-01 0.00000000e+00 1.50152891e-01
  1.31255526e-01 0.00000000e+00 0.00000000e+00 0.00000000e+00
  2.38892360e-01 0.00000000e+00 0.00000000e+00]
 [1.41895681e-01 1.99215368e-01 3.00149876e-02 3.93984621e-02
  3.60056851e-02 1.73789047e-01 1.56690887e-01 9.65483969e-02
  9.80281598e-02 0.00000000e+00 0.00000000e+00 1.01286065e-01
  1.12091356e-01 1.11891063e-01 0.00000000e+00]
 [6.86182823e-02 9.83263655e-02 2.58075359e-01 1.26634807e-02
  5.17677911e-02 2.74767536e-01 0.00000000e+00 0.00000000e+00
  1.60385404e-01 0.00000000e+00 4.00477883e-02 1.50129844e-01
  0.00000000e+00 0.00000000e+00 0.00000000e+00]
 [4.50285355e-02 2.45093277e-01 1.98166034e-01 2.11288909e-02
  5.16516178e-02 0.00000000e+00 0.00000000e+00 0.00000000e+00
  2.07816703e-01 0.00000000e+00 0.00000000e+00 1.22030594e-01
  0.00000000e+00 0.00000000e+00 0.00000000e+00]
 [0.00000000e+00 2.41704637e-01 2.60343781e-01 0.00000000e+00
  0.00000000e+00 1.71528652e-01 0.00000000e+00 0.00000000e+00
  1.49763269e-01 2.67309888e-01 0.00000000e+00 0.00000000e+00
  0.00000000e+00 1.47651305e-01 0.00000000e+00]
 [0.00000000e+00 5.86960547e-02 1.49722171e-01 1.16355025e-01
  1.08992621e-01 0.00000000e+00 2.88795924e-01 0.00000000e+00
  1.87225186e-01 0.00000000e+00 0.00000000e+00 0.00000000e+00
  0.00000000e+00 0.00000000e+00 0.00000000e+00]
 [0.00000000e+00 3.14700193e-01 0.00000000e+00 0.00000000e+00
  1.55041395e-02 6.36445329e-02 1.67479334e-01 0.00000000e+00
  2.08385351e-01 0.00000000e+00 0.00000000e+00 1.12584084e-01
  0.00000000e+00 0.00000000e+00 0.00000000e+00]
 [2.25548984e-01 2.23846740e-01 1.97755819e-01 1.04569934e-01
  4.13433159e-01 9.83101740e-01 1.98732309e-01 1.31777365e-01
  3.53384603e-01 0.00000000e+00 0.00000000e+00 0.00000000e+00
  2.07150672e-02 0.00000000e+00 0.00000000e+00]
 [1.55344420e-01 1.77761336e-01 2.06541155e-01 0.00000000e+00
  1.50670827e-03 0.00000000e+00 8.22127698e-02 0.00000000e+00
  3.85468832e-02 0.00000000e+00 0.00000000e+00 0.00000000e+00
  4.02440517e-02 2.45438229e-02 0.00000000e+00]
 [0.00000000e+00 2.04260870e-01 0.00000000e+00 0.00000000e+00
  0.00000000e+00 9.73418291e-02 2.70037618e-01 6.48116634e-02
  2.37083179e-01 0.00000000e+00 0.00000000e+00 2.30301898e-01
  0.00000000e+00 1.48314949e-01 0.00000000e+00]
 [5.99177456e-01 1.04854250e-01 1.92930947e-01 1.47879514e-01
  0.00000000e+00 0.00000000e+00 2.82858495e-01 0.00000000e+00
  1.61920839e-01 0.00000000e+00 0.00000000e+00 0.00000000e+00
  1.26537031e-01 2.92114878e-01 0.00000000e+00]
 [2.96125236e-01 2.22810680e-04 4.17060639e-02 0.00000000e+00
  4.03128310e-02 0.00000000e+00 8.39032790e-02 0.00000000e+00
  2.03423843e-01 3.08502379e-02 0.00000000e+00 0.00000000e+00
  0.00000000e+00 2.29495807e-01 0.00000000e+00]
 [9.22099987e-02 1.41433883e-01 2.08912932e-01 0.00000000e+00
  3.11786271e-03 0.00000000e+00 3.09740982e-01 0.00000000e+00
  1.32797562e-01 0.00000000e+00 0.00000000e+00 0.00000000e+00
  5.83353873e-03 0.00000000e+00 0.00000000e+00]
 [1.31170966e-01 9.98715118e-02 0.00000000e+00 2.21243296e-01
  4.39480691e-02 0.00000000e+00 2.91462066e-01 1.03304813e-01
  3.54888844e-01 4.26710143e-01 0.00000000e+00 0.00000000e+00
  0.00000000e+00 4.13766027e-01 0.00000000e+00]
 [3.64060445e-01 0.00000000e+00 1.16058763e-01 0.00000000e+00
  3.22879679e-02 0.00000000e+00 1.98781787e-01 0.00000000e+00
  0.00000000e+00 0.00000000e+00 0.00000000e+00 1.77408820e-01
  0.00000000e+00 0.00000000e+00 2.19812186e-01]
 [1.61149174e-01 2.53157876e-01 1.20529820e-01 1.86731476e-01
  9.87996845e-02 9.98237086e-01 8.38468818e-01 4.81255268e-01
  2.11607252e-01 7.99632780e-01 9.91309741e-01 1.09417779e+00
  1.10200731e+00 1.70305724e+00 1.50559878e+00]]

11
----------------------------------------------------------------------------------
[[0.         0.         0.         0.         0.48906354 0.
  0.         0.         0.42469943 0.03077478 0.         0.
  0.         0.         0.12994867]
 [0.         0.         0.         0.         0.41960056 0.
  0.05663713 0.01436797 0.30328578 0.         0.23758903 0.
  0.18654994 0.24042197 0.28350768]
 [0.         0.         0.         0.         0.04478906 0.
  0.38829676 0.13760734 0.02563744 0.07329031 0.26924076 0.
  0.02990359 0.         0.23428098]
 [0.         0.         0.         0.         0.54282507 0.
  0.         0.02149188 0.47159736 0.13482971 0.16463664 0.
  0.         0.         0.21227607]
 [0.         0.         0.         0.         0.41743629 0.
  0.         0.09248131 0.62768906 0.         0.1415051  0.
  0.15855672 0.25471217 0.16711104]
 [0.         0.         0.         0.         0.31021261 0.
  0.         0.         0.32744828 0.         0.2552291  0.
  0.16683378 0.         0.08554944]
 [0.         0.         0.         0.         0.49328491 0.
  0.         0.         0.54899141 0.         0.3239118  0.
  0.26600617 0.17593593 0.19725903]
 [0.14223241 0.         0.         0.         0.52231495 0.
  0.03715199 0.17709272 0.16776684 0.39788005 0.         0.09317643
  0.         0.         0.17063111]
 [0.         0.         0.         0.         0.31520967 0.
  0.         0.         0.36078278 0.22631234 0.         0.03931196
  0.04609999 0.02990493 0.06841902]
 [0.0309138  0.         0.         0.         0.         0.
  0.         0.         0.13323433 0.22176473 0.         0.
  0.         0.         0.        ]
 [0.         0.         0.         0.         0.08170411 0.
  0.         0.         0.30508781 0.07230383 0.05870071 0.
  0.         0.01212112 0.20020526]
 [0.         0.         0.         0.         0.53993567 0.
  0.         0.084448   0.20635684 0.         0.         0.
  0.06809863 0.00180879 0.        ]
 [0.         0.         0.         0.         0.24194511 0.
  0.         0.         0.43919089 0.         0.13194428 0.
  0.         0.06734821 0.        ]
 [0.         0.19854903 0.         0.         0.43018089 0.
  0.         0.         0.29407494 0.11426644 0.         0.
  0.         0.         0.        ]
 [0.         0.21692269 0.         0.         0.27513688 0.
  0.         0.03278349 0.11142559 0.23752617 0.         0.
  0.         0.         0.01928742]
 [0.         0.3837017  0.         0.         0.06894436 0.
  0.         0.         0.56038103 0.54165397 0.         0.
  0.         0.         0.        ]
 [0.         0.16223442 0.         0.         0.61172139 0.
  0.         0.04542623 0.03955283 0.         0.         0.
  0.29558943 0.         0.14761329]
 [0.65278006 0.48879605 1.11171576 0.63865228 0.13425255 0.61772981
  0.71290007 0.53602308 0.01329439 0.15696176 0.26323255 0.37947548
  0.48719431 0.57193174 0.54348828]]

12
----------------------------------------------------------------------------------
[[0.00000000e+00 2.72675982e-01 2.97376661e-01 0.00000000e+00
  3.73712414e-02 4.06853220e-01 0.00000000e+00 0.00000000e+00
  0.00000000e+00 0.00000000e+00 3.03861457e-01 0.00000000e+00
  5.71373294e-01 0.00000000e+00 2.10883336e-01]
 [0.00000000e+00 1.35432380e-01 0.00000000e+00 0.00000000e+00
  2.11951386e-01 0.00000000e+00 0.00000000e+00 0.00000000e+00
  0.00000000e+00 0.00000000e+00 0.00000000e+00 0.00000000e+00
  2.46166679e-01 0.00000000e+00 1.31557617e-01]
 [0.00000000e+00 1.90443120e-01 0.00000000e+00 0.00000000e+00
  1.16732824e-01 0.00000000e+00 0.00000000e+00 0.00000000e+00
  0.00000000e+00 0.00000000e+00 1.53518816e-01 0.00000000e+00
  9.12351708e-02 0.00000000e+00 7.66848252e-01]
 [0.00000000e+00 6.72251350e-02 3.29952617e-01 0.00000000e+00
  0.00000000e+00 4.01930583e-02 0.00000000e+00 0.00000000e+00
  0.00000000e+00 0.00000000e+00 0.00000000e+00 2.81431697e-01
  6.77253250e-02 0.00000000e+00 3.43317611e-01]
 [0.00000000e+00 2.15075623e-01 0.00000000e+00 3.67970090e-02
  1.12195900e-01 0.00000000e+00 0.00000000e+00 0.00000000e+00
  0.00000000e+00 0.00000000e+00 4.18650897e-01 2.73052631e-01
  0.00000000e+00 0.00000000e+00 1.72303908e-01]
 [0.00000000e+00 7.53758410e-02 0.00000000e+00 0.00000000e+00
  1.59941146e-01 0.00000000e+00 0.00000000e+00 0.00000000e+00
  0.00000000e+00 0.00000000e+00 1.20830822e-01 0.00000000e+00
  6.42846802e-03 0.00000000e+00 2.58720398e-01]
 [0.00000000e+00 7.51559702e-02 0.00000000e+00 3.78243522e-02
  1.60999725e-01 0.00000000e+00 0.00000000e+00 0.00000000e+00
  0.00000000e+00 0.00000000e+00 1.97715044e-01 0.00000000e+00
  0.00000000e+00 0.00000000e+00 3.93532151e-01]
 [0.00000000e+00 2.17472362e-02 0.00000000e+00 0.00000000e+00
  2.43027548e-02 0.00000000e+00 0.00000000e+00 3.15344938e-02
  0.00000000e+00 0.00000000e+00 0.00000000e+00 8.77375531e-02
  0.00000000e+00 0.00000000e+00 2.62152317e-02]
 [0.00000000e+00 5.45659113e-02 0.00000000e+00 0.00000000e+00
  0.00000000e+00 2.30584215e-02 0.00000000e+00 0.00000000e+00
  0.00000000e+00 0.00000000e+00 0.00000000e+00 3.97904938e-02
  0.00000000e+00 0.00000000e+00 0.00000000e+00]
 [0.00000000e+00 1.46804119e+00 9.14282461e-01 0.00000000e+00
  3.68227569e-01 0.00000000e+00 0.00000000e+00 0.00000000e+00
  0.00000000e+00 4.25891371e-01 0.00000000e+00 0.00000000e+00
  0.00000000e+00 0.00000000e+00 2.84129942e-01]
 [0.00000000e+00 1.15996496e-02 0.00000000e+00 0.00000000e+00
  1.35806378e-01 0.00000000e+00 0.00000000e+00 0.00000000e+00
  0.00000000e+00 0.00000000e+00 0.00000000e+00 0.00000000e+00
  0.00000000e+00 0.00000000e+00 1.75639249e-01]
 [0.00000000e+00 4.23507803e-01 0.00000000e+00 0.00000000e+00
  0.00000000e+00 2.63533621e-02 0.00000000e+00 0.00000000e+00
  0.00000000e+00 0.00000000e+00 0.00000000e+00 0.00000000e+00
  1.77334752e-02 0.00000000e+00 1.64789971e-01]
 [0.00000000e+00 1.46888880e-01 0.00000000e+00 0.00000000e+00
  7.98516772e-02 0.00000000e+00 0.00000000e+00 0.00000000e+00
  0.00000000e+00 0.00000000e+00 0.00000000e+00 0.00000000e+00
  0.00000000e+00 0.00000000e+00 4.48136715e-01]
 [0.00000000e+00 5.14087560e-01 1.77804705e-01 0.00000000e+00
  6.80931904e-02 0.00000000e+00 0.00000000e+00 0.00000000e+00
  0.00000000e+00 0.00000000e+00 2.42962480e-01 0.00000000e+00
  0.00000000e+00 0.00000000e+00 0.00000000e+00]
 [0.00000000e+00 2.07603803e-01 0.00000000e+00 0.00000000e+00
  0.00000000e+00 7.70961920e-02 0.00000000e+00 0.00000000e+00
  0.00000000e+00 0.00000000e+00 0.00000000e+00 5.02346062e-03
  0.00000000e+00 0.00000000e+00 0.00000000e+00]
 [0.00000000e+00 1.93589524e-01 0.00000000e+00 0.00000000e+00
  0.00000000e+00 1.80359107e-02 0.00000000e+00 0.00000000e+00
  0.00000000e+00 5.06393447e-02 0.00000000e+00 0.00000000e+00
  0.00000000e+00 0.00000000e+00 1.41293086e-02]
 [0.00000000e+00 2.89519620e-01 0.00000000e+00 0.00000000e+00
  0.00000000e+00 4.20165894e-04 0.00000000e+00 0.00000000e+00
  0.00000000e+00 0.00000000e+00 4.54460815e-02 0.00000000e+00
  0.00000000e+00 0.00000000e+00 0.00000000e+00]
 [1.10364787e+00 5.83939334e-01 7.31158447e-01 7.99805391e-01
  4.96325811e-01 5.87471559e-01 6.87580868e-01 1.25374109e+00
  1.47155612e+00 6.17706097e-01 5.97932809e-01 7.75936109e-01
  8.99912675e-01 2.68016327e+00 1.05866309e+00]]

13
----------------------------------------------------------------------------------
[[0.00000000e+00 0.00000000e+00 1.36998025e-01 0.00000000e+00
  1.28588405e+00 4.03211994e-01 1.13565385e-01 0.00000000e+00
  1.26547557e-01 0.00000000e+00 0.00000000e+00 0.00000000e+00
  0.00000000e+00 0.00000000e+00 0.00000000e+00]
 [0.00000000e+00 0.00000000e+00 1.83239207e-02 0.00000000e+00
  1.29962134e+00 6.52171899e-01 1.12656562e+00 2.30122457e-01
  5.29584178e-01 0.00000000e+00 0.00000000e+00 1.93668509e-02
  0.00000000e+00 4.65941352e-02 0.00000000e+00]
 [0.00000000e+00 0.00000000e+00 4.64130806e-01 0.00000000e+00
  2.47109669e-01 3.79977095e-01 1.65511353e-01 9.67874059e-01
  0.00000000e+00 0.00000000e+00 4.03848695e-01 3.20988937e-01
  0.00000000e+00 0.00000000e+00 0.00000000e+00]
 [0.00000000e+00 0.00000000e+00 4.02868843e-02 0.00000000e+00
  9.33857728e-01 0.00000000e+00 2.39581148e-01 0.00000000e+00
  0.00000000e+00 0.00000000e+00 0.00000000e+00 0.00000000e+00
  0.00000000e+00 0.00000000e+00 0.00000000e+00]
 [0.00000000e+00 0.00000000e+00 0.00000000e+00 0.00000000e+00
  1.07487079e+00 0.00000000e+00 8.13879280e-01 0.00000000e+00
  3.17130459e-01 0.00000000e+00 2.48168492e-01 0.00000000e+00
  0.00000000e+00 0.00000000e+00 0.00000000e+00]
 [0.00000000e+00 0.00000000e+00 2.80758553e-01 0.00000000e+00
  0.00000000e+00 0.00000000e+00 4.47752147e-02 1.19929057e+00
  0.00000000e+00 2.30557523e-01 1.00925332e-01 5.82830058e-01
  0.00000000e+00 0.00000000e+00 1.91641836e-01]
 [0.00000000e+00 0.00000000e+00 1.32068379e-01 0.00000000e+00
  5.35873159e-01 1.28507787e-01 7.83035093e-01 4.69026444e-01
  0.00000000e+00 5.70368014e-02 0.00000000e+00 2.08903869e-01
  0.00000000e+00 0.00000000e+00 3.73655619e-01]
 [0.00000000e+00 0.00000000e+00 1.08957983e-03 0.00000000e+00
  6.03220113e-01 3.90427858e-01 2.85519286e-01 0.00000000e+00
  0.00000000e+00 0.00000000e+00 7.11270911e-02 0.00000000e+00
  0.00000000e+00 0.00000000e+00 0.00000000e+00]
 [0.00000000e+00 0.00000000e+00 0.00000000e+00 0.00000000e+00
  5.58760361e-01 0.00000000e+00 3.42852895e-01 0.00000000e+00
  0.00000000e+00 0.00000000e+00 1.14931484e-01 0.00000000e+00
  0.00000000e+00 0.00000000e+00 0.00000000e+00]
 [0.00000000e+00 0.00000000e+00 6.31462707e-01 0.00000000e+00
  0.00000000e+00 0.00000000e+00 0.00000000e+00 1.18704965e-01
  0.00000000e+00 0.00000000e+00 2.26801783e-01 0.00000000e+00
  0.00000000e+00 0.00000000e+00 0.00000000e+00]
 [0.00000000e+00 0.00000000e+00 3.46088108e-04 0.00000000e+00
  0.00000000e+00 0.00000000e+00 1.06743236e-01 0.00000000e+00
  0.00000000e+00 0.00000000e+00 5.10589486e-01 1.07186474e-01
  0.00000000e+00 0.00000000e+00 0.00000000e+00]
 [0.00000000e+00 0.00000000e+00 3.78276595e-03 0.00000000e+00
  9.30567263e-01 0.00000000e+00 6.23677555e-01 0.00000000e+00
  1.50881373e-01 0.00000000e+00 1.25515378e-01 0.00000000e+00
  0.00000000e+00 0.00000000e+00 0.00000000e+00]
 [0.00000000e+00 0.00000000e+00 2.43401301e-01 0.00000000e+00
  3.11835260e-01 0.00000000e+00 1.50805958e-01 3.26911654e-01
  0.00000000e+00 1.59900437e-02 7.12989144e-01 6.84969566e-03
  0.00000000e+00 0.00000000e+00 0.00000000e+00]
 [1.03428123e+00 4.67370263e-01 2.60772601e-04 7.31682821e-01
  7.96837918e-01 0.00000000e+00 7.19333947e-01 0.00000000e+00
  0.00000000e+00 0.00000000e+00 2.44238014e-01 7.37738263e-02
  0.00000000e+00 0.00000000e+00 0.00000000e+00]
 [5.89100740e-02 0.00000000e+00 3.37623671e-01 2.73345849e+00
  2.90709443e-01 0.00000000e+00 0.00000000e+00 0.00000000e+00
  0.00000000e+00 0.00000000e+00 5.90613306e-01 0.00000000e+00
  0.00000000e+00 0.00000000e+00 0.00000000e+00]
 [0.00000000e+00 0.00000000e+00 5.52603161e-01 0.00000000e+00
  3.78226085e-02 0.00000000e+00 0.00000000e+00 0.00000000e+00
  0.00000000e+00 0.00000000e+00 1.28290764e+00 0.00000000e+00
  0.00000000e+00 0.00000000e+00 0.00000000e+00]
 [0.00000000e+00 0.00000000e+00 3.78003622e-01 0.00000000e+00
  0.00000000e+00 0.00000000e+00 0.00000000e+00 0.00000000e+00
  0.00000000e+00 0.00000000e+00 0.00000000e+00 0.00000000e+00
  0.00000000e+00 0.00000000e+00 0.00000000e+00]
 [3.74529626e+00 2.81871219e+00 0.00000000e+00 2.47423188e+00
  2.19645953e+00 1.90174295e+00 1.51262501e+00 1.52230219e+00
  1.80531774e+00 1.85070631e+00 1.56700353e+00 2.22481606e+00
  2.54572068e+00 2.71588372e+00 2.44526659e+00]]

14
----------------------------------------------------------------------------------
[[0.15702117 0.         0.         0.         0.         0.2817145
  0.34282561 0.         0.04004178 0.         0.         0.
  0.09212229 0.         0.        ]
 [0.         0.         0.         0.         0.         0.14557045
  0.09979145 0.         0.15060672 0.         0.         0.
  0.         0.         0.06286495]
 [1.03250747 0.         0.         0.         0.         0.
  0.08851177 0.26851851 0.43661404 0.         0.         0.
  0.         0.         0.        ]
 [0.         0.         0.         0.         0.         0.12004067
  0.03789318 0.         0.15810541 0.         0.         0.
  0.         0.         0.02002257]
 [0.80915904 0.         0.         0.         0.         0.
  0.         0.         0.03405045 0.         0.         0.
  0.03258642 0.         0.31733662]
 [0.79318732 0.1257938  0.         0.         0.         0.
  0.         0.         0.36753514 0.         0.         0.
  0.         0.         0.        ]
 [0.87153197 0.         0.         0.         0.         0.
  0.         0.         0.21115261 0.         0.05741371 0.
  0.23274823 0.         0.02991345]
 [0.         0.         0.         0.         0.         0.37575915
  0.44936633 0.         0.11178626 0.         0.         0.
  0.05259386 0.         0.01441359]
 [0.         0.         0.         0.         0.         0.13996505
  0.05755765 0.         0.26578023 0.03788411 0.15046719 0.
  0.         0.         0.        ]
 [0.         0.         0.         0.         0.         0.
  0.         0.03083653 0.39086422 0.         0.04067183 0.
  0.         0.         0.        ]
 [0.11752355 0.         0.         0.         0.         0.
  0.         0.07010534 0.41193468 0.         0.         0.
  0.         0.         0.        ]
 [0.         0.         0.         0.         0.         0.07113183
  0.10540069 0.0810969  0.09082727 0.         0.         0.
  0.01854049 0.         0.        ]
 [0.19415937 0.04838306 0.         0.         0.         0.
  0.         0.         0.55173725 0.         0.         0.
  0.         0.         0.        ]
 [0.19948297 0.05490282 0.         0.         0.         0.
  0.         0.07854509 0.22751626 0.         0.08746581 0.
  0.         0.         0.        ]
 [0.13531758 0.         0.         0.         0.         0.13665669
  0.10229893 0.19755861 0.27923724 0.19870652 0.1291414  0.
  0.23007228 0.         0.        ]
 [0.09360652 0.         0.         0.         0.         0.12518827
  0.01443215 0.30305927 0.35811251 0.         0.         0.
  0.         0.         0.        ]
 [0.         0.03332289 0.         0.         0.         0.06516547
  0.19010084 0.32475839 0.12983884 0.14332282 0.26919197 0.
  0.         0.         0.        ]
 [1.93085033 2.01198929 2.04180952 1.37065632 1.49515174 0.50089658
  0.52845447 0.32318932 0.14644841 0.82556982 0.69888653 1.46858701
  1.11803763 1.4074377  1.1432308 ]]

16
----------------------------------------------------------------------------------
[[0.00000000e+00 2.73904507e-01 1.07541708e-01 0.00000000e+00
  8.61878115e-02 0.00000000e+00 2.83724381e-01 1.58795553e-01
  0.00000000e+00 0.00000000e+00 0.00000000e+00 0.00000000e+00
  0.00000000e+00 3.17005751e-01 2.47213914e-01]
 [0.00000000e+00 0.00000000e+00 2.72421032e-01 0.00000000e+00
  4.72310580e-01 0.00000000e+00 1.28751509e-02 0.00000000e+00
  0.00000000e+00 6.48410770e-02 8.55067899e-03 3.56714781e-01
  9.29314096e-01 7.37752636e-01 3.55077387e-01]
 [0.00000000e+00 0.00000000e+00 1.89997128e-02 0.00000000e+00
  8.77943513e-02 0.00000000e+00 0.00000000e+00 2.47562975e-01
  0.00000000e+00 0.00000000e+00 0.00000000e+00 1.01591531e+00
  3.83603208e-01 0.00000000e+00 0.00000000e+00]
 [0.00000000e+00 2.56290414e-01 0.00000000e+00 2.72413845e-02
  0.00000000e+00 0.00000000e+00 2.67668917e-01 1.48727110e-01
  0.00000000e+00 0.00000000e+00 0.00000000e+00 0.00000000e+00
  0.00000000e+00 4.35449504e-02 0.00000000e+00]
 [0.00000000e+00 0.00000000e+00 6.10616307e-01 0.00000000e+00
  1.89221103e-01 0.00000000e+00 3.76054606e-01 1.87074455e-02
  0.00000000e+00 1.12056981e-01 0.00000000e+00 3.56317319e-02
  0.00000000e+00 2.29364248e-01 2.10461939e-01]
 [0.00000000e+00 0.00000000e+00 1.89973245e-02 0.00000000e+00
  2.10289788e-01 0.00000000e+00 7.91379590e-02 9.36349860e-02
  0.00000000e+00 3.09363276e-01 0.00000000e+00 4.78615500e-01
  4.97035448e-01 0.00000000e+00 0.00000000e+00]
 [0.00000000e+00 0.00000000e+00 4.09067862e-01 0.00000000e+00
  5.78107502e-01 0.00000000e+00 1.43854553e-01 1.30903092e-01
  0.00000000e+00 3.50408201e-02 0.00000000e+00 2.62131481e-01
  1.49780721e-01 2.34969971e-01 0.00000000e+00]
 [0.00000000e+00 4.53808421e-02 0.00000000e+00 0.00000000e+00
  4.06451368e-02 1.54096420e-02 1.85108516e-01 1.87154835e-01
  0.00000000e+00 0.00000000e+00 0.00000000e+00 0.00000000e+00
  0.00000000e+00 0.00000000e+00 0.00000000e+00]
 [0.00000000e+00 1.50455968e-01 0.00000000e+00 9.92184973e-02
  1.04974542e-01 0.00000000e+00 3.10035487e-01 1.46645375e-01
  0.00000000e+00 0.00000000e+00 0.00000000e+00 0.00000000e+00
  0.00000000e+00 0.00000000e+00 2.64542431e-01]
 [0.00000000e+00 0.00000000e+00 1.78483430e-01 1.22993051e-01
  0.00000000e+00 0.00000000e+00 1.53260856e-01 2.42075743e-01
  0.00000000e+00 0.00000000e+00 0.00000000e+00 5.25181876e-02
  7.79301452e-02 0.00000000e+00 8.85799147e-02]
 [0.00000000e+00 0.00000000e+00 0.00000000e+00 0.00000000e+00
  0.00000000e+00 0.00000000e+00 0.00000000e+00 0.00000000e+00
  0.00000000e+00 0.00000000e+00 0.00000000e+00 3.41948452e-01
  0.00000000e+00 0.00000000e+00 4.94394156e-01]
 [0.00000000e+00 0.00000000e+00 1.46316271e-01 2.47699295e-01
  1.52364141e-01 1.29551017e-02 4.86286894e-01 0.00000000e+00
  0.00000000e+00 0.00000000e+00 0.00000000e+00 0.00000000e+00
  0.00000000e+00 2.03608191e-01 0.00000000e+00]
 [0.00000000e+00 0.00000000e+00 0.00000000e+00 2.43777630e-02
  5.87854637e-01 0.00000000e+00 8.70142632e-02 0.00000000e+00
  0.00000000e+00 0.00000000e+00 0.00000000e+00 5.88197959e-01
  3.22590074e-01 2.64592442e-01 2.40411134e-01]
 [0.00000000e+00 0.00000000e+00 1.34442067e-02 1.08525736e+00
  2.03456920e+01 6.45235597e+00 2.59134939e+00 2.09675598e+00
  0.00000000e+00 0.00000000e+00 0.00000000e+00 1.39564099e+00
  3.36364346e-01 1.81699292e+00 8.84996039e-01]
 [0.00000000e+00 0.00000000e+00 2.20392883e-01 4.23560589e+00
  5.47849975e+00 3.86826498e+00 1.03859138e+00 5.98255324e-01
  0.00000000e+00 0.00000000e+00 9.22418151e-01 0.00000000e+00
  0.00000000e+00 1.47242016e+00 1.73340282e-01]
 [0.00000000e+00 0.00000000e+00 2.37656474e-01 1.41160982e+00
  1.80575783e+01 5.42876158e+00 9.49794310e-01 1.64300426e+00
  0.00000000e+00 0.00000000e+00 0.00000000e+00 1.78135336e-01
  0.00000000e+00 2.38123391e-01 0.00000000e+00]
 [0.00000000e+00 0.00000000e+00 3.17532630e-01 3.20136907e-01
  4.83352882e+00 2.12066731e+00 4.08990729e-01 5.17628170e-01
  0.00000000e+00 0.00000000e+00 0.00000000e+00 4.68172970e-01
  0.00000000e+00 4.06473365e-01 3.16950193e-01]
 [6.17374461e-01 1.29237024e+00 1.64588869e-01 5.63621799e-01
  9.37776628e-01 1.05737534e+00 4.99796477e-01 6.42649090e-01
  1.66616722e+00 2.56215841e+00 3.28065753e+00 2.03040240e+00
  2.83085696e+00 2.19080125e+00 2.22138472e+00]]

17
----------------------------------------------------------------------------------
[[nan nan nan nan nan nan nan nan nan nan nan nan nan nan nan]
 [nan nan nan nan nan nan nan nan nan nan nan nan nan nan nan]
 [nan nan nan nan nan nan nan nan nan nan nan nan nan nan nan]
 [nan nan nan nan nan nan nan nan nan nan nan nan nan nan nan]
 [nan nan nan nan nan nan nan nan nan nan nan nan nan nan nan]
 [nan nan nan nan nan nan nan nan nan nan nan nan nan nan nan]
 [nan nan nan nan nan nan nan nan nan nan nan nan nan nan nan]
 [nan nan nan nan nan nan nan nan nan nan nan nan nan nan nan]
 [nan nan nan nan nan nan nan nan nan nan nan nan nan nan nan]
 [nan nan nan nan nan nan nan nan nan nan nan nan nan nan nan]
 [nan nan nan nan nan nan nan nan nan nan nan nan nan nan nan]
 [nan nan nan nan nan nan nan nan nan nan nan nan nan nan nan]
 [nan nan nan nan nan nan nan nan nan nan nan nan nan nan nan]
 [nan nan nan nan nan nan nan nan nan nan nan nan nan nan nan]
 [nan nan nan nan nan nan nan nan nan nan nan nan nan nan nan]
 [nan nan nan nan nan nan nan nan nan nan nan nan nan nan nan]
 [nan nan nan nan nan nan nan nan nan nan nan nan nan nan nan]
 [nan nan nan nan nan nan nan nan nan nan nan nan nan nan nan]]

18
----------------------------------------------------------------------------------
[[nan nan nan nan nan nan nan nan nan nan nan nan nan nan nan]
 [nan nan nan nan nan nan nan nan nan nan nan nan nan nan nan]
 [nan nan nan nan nan nan nan nan nan nan nan nan nan nan nan]
 [nan nan nan nan nan nan nan nan nan nan nan nan nan nan nan]
 [nan nan nan nan nan nan nan nan nan nan nan nan nan nan nan]
 [nan nan nan nan nan nan nan nan nan nan nan nan nan nan nan]
 [nan nan nan nan nan nan nan nan nan nan nan nan nan nan nan]
 [nan nan nan nan nan nan nan nan nan nan nan nan nan nan nan]
 [nan nan nan nan nan nan nan nan nan nan nan nan nan nan nan]
 [nan nan nan nan nan nan nan nan nan nan nan nan nan nan nan]
 [nan nan nan nan nan nan nan nan nan nan nan nan nan nan nan]
 [nan nan nan nan nan nan nan nan nan nan nan nan nan nan nan]
 [nan nan nan nan nan nan nan nan nan nan nan nan nan nan nan]
 [nan nan nan nan nan nan nan nan nan nan nan nan nan nan nan]
 [nan nan nan nan nan nan nan nan nan nan nan nan nan nan nan]
 [nan nan nan nan nan nan nan nan nan nan nan nan nan nan nan]
 [nan nan nan nan nan nan nan nan nan nan nan nan nan nan nan]
 [nan nan nan nan nan nan nan nan nan nan nan nan nan nan nan]]

19
----------------------------------------------------------------------------------
[[1.51700561e+00 1.58842586e-01 0.00000000e+00 0.00000000e+00
  0.00000000e+00 0.00000000e+00 3.40648183e+00 4.67172320e+00
  1.04771653e+00 1.25736459e+00 0.00000000e+00 4.12361731e-01
  0.00000000e+00 6.12015833e+00 5.55311880e+00]
 [3.98217576e+00 1.98433743e+00 0.00000000e+00 6.47124111e-03
  1.79219646e+00 1.49301841e+00 2.65412568e+00 1.19194678e+00
  4.59129524e-02 1.53342933e+00 0.00000000e+00 0.00000000e+00
  0.00000000e+00 3.03878528e+00 5.40681347e+00]
 [3.52267652e+00 2.65836935e+00 6.52816947e-01 0.00000000e+00
  0.00000000e+00 0.00000000e+00 0.00000000e+00 0.00000000e+00
  0.00000000e+00 0.00000000e+00 0.00000000e+00 1.61774229e+00
  2.64112486e+00 4.43534135e+00 3.93730343e+00]
 [1.10794511e+00 6.58024096e-02 0.00000000e+00 0.00000000e+00
  0.00000000e+00 0.00000000e+00 1.88675198e+00 1.76759281e+00
  0.00000000e+00 0.00000000e+00 0.00000000e+00 0.00000000e+00
  0.00000000e+00 3.49889605e+00 4.68308314e+00]
 [3.59298295e+00 5.87891320e-01 0.00000000e+00 0.00000000e+00
  0.00000000e+00 0.00000000e+00 1.89767153e+00 1.48101794e+00
  0.00000000e+00 0.00000000e+00 0.00000000e+00 7.34590856e-01
  0.00000000e+00 6.81814122e-01 3.19213448e+00]
 [3.30748315e+00 1.78654903e+00 0.00000000e+00 0.00000000e+00
  0.00000000e+00 0.00000000e+00 0.00000000e+00 0.00000000e+00
  0.00000000e+00 0.00000000e+00 0.00000000e+00 0.00000000e+00
  8.99767803e-02 3.49406234e+00 2.64608319e+00]
 [2.27929927e+00 1.98624226e+00 0.00000000e+00 0.00000000e+00
  0.00000000e+00 0.00000000e+00 3.97102664e-01 3.00712536e-01
  0.00000000e+00 0.00000000e+00 0.00000000e+00 7.09426015e-01
  0.00000000e+00 1.76543955e+00 2.22133728e+00]
 [8.47246075e-01 0.00000000e+00 0.00000000e+00 0.00000000e+00
  0.00000000e+00 0.00000000e+00 8.62987352e-01 2.05361348e+00
  1.68428378e+00 0.00000000e+00 0.00000000e+00 0.00000000e+00
  0.00000000e+00 3.81147727e+00 5.30379071e+00]
 [5.56199128e-01 6.82750223e-02 0.00000000e+00 0.00000000e+00
  0.00000000e+00 0.00000000e+00 5.66176742e-01 1.34473546e+00
  9.79799036e-01 0.00000000e+00 0.00000000e+00 0.00000000e+00
  0.00000000e+00 2.37793838e+00 3.37182433e+00]
 [4.38540821e+00 3.32186908e+00 0.00000000e+00 0.00000000e+00
  0.00000000e+00 0.00000000e+00 0.00000000e+00 0.00000000e+00
  0.00000000e+00 0.00000000e+00 0.00000000e+00 0.00000000e+00
  0.00000000e+00 2.36564490e+00 3.33196343e+00]
 [9.67641090e-01 1.89095352e+00 0.00000000e+00 0.00000000e+00
  0.00000000e+00 0.00000000e+00 0.00000000e+00 0.00000000e+00
  0.00000000e+00 0.00000000e+00 0.00000000e+00 0.00000000e+00
  0.00000000e+00 3.08878948e+00 1.59494264e+00]
 [3.71497661e-01 0.00000000e+00 0.00000000e+00 0.00000000e+00
  2.21481866e-01 1.06561531e+00 3.33514493e+00 3.63250060e+00
  5.83357278e-01 0.00000000e+00 0.00000000e+00 0.00000000e+00
  0.00000000e+00 1.06963200e+00 3.90422721e+00]
 [1.33368567e+00 2.07008227e+00 0.00000000e+00 0.00000000e+00
  0.00000000e+00 0.00000000e+00 0.00000000e+00 0.00000000e+00
  0.00000000e+00 1.17005160e-01 0.00000000e+00 0.00000000e+00
  0.00000000e+00 3.25453486e+00 1.00116762e+00]
 [0.00000000e+00 1.32694712e-01 0.00000000e+00 0.00000000e+00
  0.00000000e+00 0.00000000e+00 0.00000000e+00 0.00000000e+00
  0.00000000e+00 0.00000000e+00 0.00000000e+00 0.00000000e+00
  0.00000000e+00 6.56870341e-01 0.00000000e+00]
 [0.00000000e+00 1.57381596e-01 0.00000000e+00 0.00000000e+00
  0.00000000e+00 0.00000000e+00 0.00000000e+00 0.00000000e+00
  0.00000000e+00 0.00000000e+00 0.00000000e+00 0.00000000e+00
  0.00000000e+00 2.47390125e-01 3.16140322e-01]
 [0.00000000e+00 1.24024066e+00 0.00000000e+00 0.00000000e+00
  0.00000000e+00 0.00000000e+00 0.00000000e+00 0.00000000e+00
  0.00000000e+00 0.00000000e+00 0.00000000e+00 0.00000000e+00
  0.00000000e+00 2.10318063e+00 5.22778637e-01]
 [0.00000000e+00 0.00000000e+00 0.00000000e+00 0.00000000e+00
  0.00000000e+00 4.99640584e+00 0.00000000e+00 0.00000000e+00
  0.00000000e+00 0.00000000e+00 0.00000000e+00 0.00000000e+00
  0.00000000e+00 4.48595097e-01 6.07070172e-01]
 [3.30051644e+00 2.38673528e+00 5.75209507e+00 9.85187133e+00
  1.36287868e+01 1.49037245e+01 1.13103055e+01 7.67986121e+00
  5.57741358e+00 4.79834205e+00 7.34479319e+00 7.03246609e+00
  7.07601535e+00 2.56304372e+00 4.74224385e+00]]

20
----------------------------------------------------------------------------------
[[nan nan nan nan nan nan nan nan nan nan nan nan nan nan nan]
 [nan nan nan nan nan nan nan nan nan nan nan nan nan nan nan]
 [nan nan nan nan nan nan nan nan nan nan nan nan nan nan nan]
 [nan nan nan nan nan nan nan nan nan nan nan nan nan nan nan]
 [nan nan nan nan nan nan nan nan nan nan nan nan nan nan nan]
 [nan nan nan nan nan nan nan nan nan nan nan nan nan nan nan]
 [nan nan nan nan nan nan nan nan nan nan nan nan nan nan nan]
 [nan nan nan nan nan nan nan nan nan nan nan nan nan nan nan]
 [nan nan nan nan nan nan nan nan nan nan nan nan nan nan nan]
 [nan nan nan nan nan nan nan nan nan nan nan nan nan nan nan]
 [nan nan nan nan nan nan nan nan nan nan nan nan nan nan nan]
 [nan nan nan nan nan nan nan nan nan nan nan nan nan nan nan]
 [nan nan nan nan nan nan nan nan nan nan nan nan nan nan nan]
 [nan nan nan nan nan nan nan nan nan nan nan nan nan nan nan]
 [nan nan nan nan nan nan nan nan nan nan nan nan nan nan nan]
 [nan nan nan nan nan nan nan nan nan nan nan nan nan nan nan]
 [nan nan nan nan nan nan nan nan nan nan nan nan nan nan nan]
 [nan nan nan nan nan nan nan nan nan nan nan nan nan nan nan]]

21
----------------------------------------------------------------------------------
[[0.00000000e+00 0.00000000e+00 0.00000000e+00 0.00000000e+00
  0.00000000e+00 0.00000000e+00 0.00000000e+00 0.00000000e+00
  0.00000000e+00 1.17855959e-01 6.12065871e-02 0.00000000e+00
  0.00000000e+00 0.00000000e+00 0.00000000e+00]
 [0.00000000e+00 0.00000000e+00 0.00000000e+00 0.00000000e+00
  0.00000000e+00 2.00698209e+00 0.00000000e+00 1.22977339e+00
  1.01531821e+00 0.00000000e+00 0.00000000e+00 0.00000000e+00
  0.00000000e+00 0.00000000e+00 0.00000000e+00]
 [0.00000000e+00 0.00000000e+00 0.00000000e+00 0.00000000e+00
  0.00000000e+00 0.00000000e+00 0.00000000e+00 0.00000000e+00
  9.78018231e-01 0.00000000e+00 0.00000000e+00 0.00000000e+00
  0.00000000e+00 0.00000000e+00 0.00000000e+00]
 [0.00000000e+00 0.00000000e+00 0.00000000e+00 0.00000000e+00
  0.00000000e+00 0.00000000e+00 0.00000000e+00 0.00000000e+00
  0.00000000e+00 0.00000000e+00 0.00000000e+00 0.00000000e+00
  0.00000000e+00 0.00000000e+00 0.00000000e+00]
 [0.00000000e+00 0.00000000e+00 0.00000000e+00 0.00000000e+00
  0.00000000e+00 0.00000000e+00 0.00000000e+00 0.00000000e+00
  4.80096162e-01 5.37435459e-01 0.00000000e+00 0.00000000e+00
  0.00000000e+00 0.00000000e+00 0.00000000e+00]
 [0.00000000e+00 0.00000000e+00 0.00000000e+00 0.00000000e+00
  8.36659233e-02 0.00000000e+00 0.00000000e+00 5.48212712e-01
  4.79626964e-01 0.00000000e+00 0.00000000e+00 0.00000000e+00
  0.00000000e+00 0.00000000e+00 0.00000000e+00]
 [0.00000000e+00 0.00000000e+00 0.00000000e+00 0.00000000e+00
  0.00000000e+00 0.00000000e+00 0.00000000e+00 5.94756786e-01
  5.58048426e-01 3.06839502e-01 0.00000000e+00 0.00000000e+00
  0.00000000e+00 0.00000000e+00 0.00000000e+00]
 [0.00000000e+00 0.00000000e+00 0.00000000e+00 0.00000000e+00
  0.00000000e+00 0.00000000e+00 0.00000000e+00 0.00000000e+00
  0.00000000e+00 0.00000000e+00 0.00000000e+00 0.00000000e+00
  0.00000000e+00 0.00000000e+00 0.00000000e+00]
 [0.00000000e+00 0.00000000e+00 0.00000000e+00 0.00000000e+00
  0.00000000e+00 8.74450543e+00 0.00000000e+00 0.00000000e+00
  0.00000000e+00 0.00000000e+00 0.00000000e+00 0.00000000e+00
  0.00000000e+00 0.00000000e+00 0.00000000e+00]
 [0.00000000e+00 0.00000000e+00 0.00000000e+00 0.00000000e+00
  2.59203037e-01 0.00000000e+00 0.00000000e+00 0.00000000e+00
  0.00000000e+00 2.75021491e-01 0.00000000e+00 0.00000000e+00
  0.00000000e+00 0.00000000e+00 0.00000000e+00]
 [0.00000000e+00 0.00000000e+00 0.00000000e+00 0.00000000e+00
  0.00000000e+00 0.00000000e+00 0.00000000e+00 1.75075744e-01
  1.61916967e-01 0.00000000e+00 0.00000000e+00 0.00000000e+00
  0.00000000e+00 0.00000000e+00 0.00000000e+00]
 [0.00000000e+00 0.00000000e+00 0.00000000e+00 0.00000000e+00
  0.00000000e+00 0.00000000e+00 0.00000000e+00 0.00000000e+00
  0.00000000e+00 0.00000000e+00 0.00000000e+00 0.00000000e+00
  0.00000000e+00 0.00000000e+00 0.00000000e+00]
 [0.00000000e+00 0.00000000e+00 0.00000000e+00 0.00000000e+00
  8.15792035e-02 0.00000000e+00 0.00000000e+00 9.26023472e-01
  0.00000000e+00 0.00000000e+00 0.00000000e+00 0.00000000e+00
  0.00000000e+00 0.00000000e+00 8.70777307e-02]
 [0.00000000e+00 0.00000000e+00 0.00000000e+00 2.63592774e-01
  1.12452294e-01 0.00000000e+00 0.00000000e+00 0.00000000e+00
  0.00000000e+00 2.00302958e-01 0.00000000e+00 0.00000000e+00
  1.70380105e+00 3.64134927e-02 6.60195567e-01]
 [0.00000000e+00 0.00000000e+00 0.00000000e+00 0.00000000e+00
  0.00000000e+00 0.00000000e+00 0.00000000e+00 0.00000000e+00
  0.00000000e+00 7.44830148e-01 0.00000000e+00 6.46333417e-01
  3.72551885e-01 0.00000000e+00 7.95823728e-01]
 [0.00000000e+00 0.00000000e+00 0.00000000e+00 0.00000000e+00
  8.41151020e-02 5.05466423e+01 0.00000000e+00 0.00000000e+00
  0.00000000e+00 0.00000000e+00 0.00000000e+00 0.00000000e+00
  0.00000000e+00 0.00000000e+00 0.00000000e+00]
 [0.00000000e+00 0.00000000e+00 0.00000000e+00 0.00000000e+00
  0.00000000e+00 0.00000000e+00 0.00000000e+00 0.00000000e+00
  0.00000000e+00 1.93278177e-01 0.00000000e+00 0.00000000e+00
  0.00000000e+00 0.00000000e+00 0.00000000e+00]
 [1.07973105e+01 1.01579768e+01 1.19716980e+01 1.09138963e+01
  1.95773045e-01 2.32930004e+01 9.98859882e+00 8.09754919e+00
  5.77417834e+00 7.05692912e-01 7.54321628e+00 6.62127078e-01
  7.59950311e+00 4.14982885e+00 3.10305897e+00]]

22
----------------------------------------------------------------------------------
[[3.12926677e-04 8.38139715e-02 7.71428471e-01 8.09364782e-01
  1.24425353e+00 0.00000000e+00 3.51260924e-01 9.77484120e-02
  0.00000000e+00 8.00652924e-01 0.00000000e+00 5.05982119e-01
  0.00000000e+00 0.00000000e+00 0.00000000e+00]
 [0.00000000e+00 2.52406543e-01 2.58586368e+00 1.25118642e+00
  1.65129085e+00 5.03391857e-01 6.34847800e-04 1.32106894e+00
  1.22554542e-01 1.00897722e+00 0.00000000e+00 0.00000000e+00
  0.00000000e+00 0.00000000e+00 0.00000000e+00]
 [0.00000000e+00 3.78683154e-01 2.10479678e-01 9.86393229e-01
  2.03506113e+00 0.00000000e+00 3.21667878e-01 3.57425438e-01
  5.77614205e-01 7.34092952e-01 0.00000000e+00 0.00000000e+00
  0.00000000e+00 0.00000000e+00 0.00000000e+00]
 [0.00000000e+00 2.41411459e-01 0.00000000e+00 4.55567410e-02
  1.63293728e+00 0.00000000e+00 2.99674356e-01 1.58031180e-01
  0.00000000e+00 3.96840614e-01 0.00000000e+00 3.89469731e-01
  0.00000000e+00 0.00000000e+00 0.00000000e+00]
 [0.00000000e+00 2.10476993e-01 5.49383725e-02 3.80690856e-01
  1.56146841e+00 1.14887415e-02 3.72509835e-01 2.72144293e-01
  2.50557665e-03 2.23543696e-01 0.00000000e+00 9.06376279e-02
  0.00000000e+00 0.00000000e+00 0.00000000e+00]
 [0.00000000e+00 1.47520241e-02 1.23414187e+00 0.00000000e+00
  1.12946034e+00 1.54294728e+00 4.22810546e-01 1.96473175e-01
  0.00000000e+00 1.71107647e+00 0.00000000e+00 0.00000000e+00
  0.00000000e+00 0.00000000e+00 0.00000000e+00]
 [0.00000000e+00 1.42559625e-01 5.80088448e-01 9.05877009e-01
  1.38188198e+00 3.50961044e-01 2.97784638e-01 3.00052946e-01
  0.00000000e+00 1.16821527e+00 0.00000000e+00 0.00000000e+00
  0.00000000e+00 0.00000000e+00 0.00000000e+00]
 [0.00000000e+00 0.00000000e+00 0.00000000e+00 0.00000000e+00
  1.21299301e+00 0.00000000e+00 1.29468231e-01 4.04117240e-02
  0.00000000e+00 0.00000000e+00 0.00000000e+00 7.37377162e-01
  0.00000000e+00 1.84822183e-01 0.00000000e+00]
 [0.00000000e+00 0.00000000e+00 0.00000000e+00 0.00000000e+00
  7.53817640e-01 0.00000000e+00 1.10745686e-01 0.00000000e+00
  0.00000000e+00 0.00000000e+00 0.00000000e+00 3.80343466e-01
  0.00000000e+00 5.43189211e-02 0.00000000e+00]
 [0.00000000e+00 9.14507503e-01 1.58057596e-01 0.00000000e+00
  1.38882432e+00 1.35008563e+00 3.92991186e-01 4.52014435e-01
  0.00000000e+00 1.56392552e+00 0.00000000e+00 0.00000000e+00
  0.00000000e+00 0.00000000e+00 0.00000000e+00]
 [0.00000000e+00 0.00000000e+00 6.03116155e-02 1.54371283e-01
  6.66563972e-01 4.02533181e-01 5.18316345e-01 9.50472283e-02
  0.00000000e+00 1.31175827e+00 0.00000000e+00 0.00000000e+00
  0.00000000e+00 0.00000000e+00 0.00000000e+00]
 [0.00000000e+00 0.00000000e+00 0.00000000e+00 0.00000000e+00
  4.85544846e-01 0.00000000e+00 2.26592072e-02 0.00000000e+00
  0.00000000e+00 0.00000000e+00 0.00000000e+00 4.26038099e-01
  0.00000000e+00 0.00000000e+00 0.00000000e+00]
 [0.00000000e+00 0.00000000e+00 6.27841192e-01 1.42546867e-03
  8.44648596e-01 2.88883772e-01 6.01254083e-01 1.53657726e-01
  0.00000000e+00 8.85490502e-01 0.00000000e+00 4.09043408e-02
  0.00000000e+00 0.00000000e+00 0.00000000e+00]
 [0.00000000e+00 1.49187434e-01 0.00000000e+00 0.00000000e+00
  3.11523437e-01 1.65886992e+00 9.86663227e-01 3.33793868e-03
  0.00000000e+00 1.20939814e+00 0.00000000e+00 4.91952821e-01
  0.00000000e+00 1.46966542e-01 0.00000000e+00]
 [0.00000000e+00 2.14229730e-01 0.00000000e+00 0.00000000e+00
  1.85622047e-01 2.81091820e+00 3.71710227e+00 6.60928624e-01
  0.00000000e+00 2.30485221e+00 0.00000000e+00 8.04015756e-01
  0.00000000e+00 4.05281267e-01 0.00000000e+00]
 [8.16563769e-04 2.58898982e-02 0.00000000e+00 0.00000000e+00
  2.23927129e-01 1.89981980e+00 9.12141010e-01 6.85498799e-01
  3.25794183e-01 1.65129790e+00 0.00000000e+00 5.08191721e-01
  0.00000000e+00 0.00000000e+00 0.00000000e+00]
 [0.00000000e+00 2.49795692e-01 0.00000000e+00 0.00000000e+00
  5.61188876e-02 1.00062972e-01 8.86958242e-03 8.17019722e-03
  6.95906195e-01 4.06743098e-01 5.73205198e-01 1.16411979e+00
  0.00000000e+00 2.15885282e-01 0.00000000e+00]
 [0.00000000e+00 4.56406853e-01 5.96814668e+00 2.14358294e+00
  6.10230623e-01 6.89874088e-01 8.16083821e-01 8.89515915e-01
  5.05590449e-01 1.15087577e+00 1.66156536e+00 1.00573428e+00
  2.24603145e+00 1.99853735e+00 2.36751850e+00]]

23
----------------------------------------------------------------------------------
[[5.32188179e-01 4.04857023e-01 6.71912508e-01 0.00000000e+00
  0.00000000e+00 0.00000000e+00 0.00000000e+00 0.00000000e+00
  0.00000000e+00 4.99301122e-01 6.15344070e-02 0.00000000e+00
  0.00000000e+00 0.00000000e+00 1.37947288e-01]
 [4.91278893e-01 9.64986154e-01 5.65523912e-01 4.20152945e-01
  0.00000000e+00 0.00000000e+00 2.15462906e-02 0.00000000e+00
  6.36810154e-01 6.47189467e-02 2.83618296e-01 0.00000000e+00
  1.54847930e-01 0.00000000e+00 3.81193295e-01]
 [1.26210200e+00 9.87296748e-01 6.51336988e-01 2.69764244e-01
  0.00000000e+00 0.00000000e+00 0.00000000e+00 1.63100362e-01
  6.25122240e-02 0.00000000e+00 2.55925912e-01 0.00000000e+00
  0.00000000e+00 0.00000000e+00 1.82814012e-01]
 [6.44479604e-01 6.20710952e-01 2.89045780e-01 0.00000000e+00
  0.00000000e+00 0.00000000e+00 8.43685822e-02 2.08894440e-01
  0.00000000e+00 4.48005163e-01 4.67686053e-02 0.00000000e+00
  7.26439639e-02 0.00000000e+00 2.16779470e-01]
 [8.92980417e-01 4.41249651e-01 9.62376518e-02 0.00000000e+00
  0.00000000e+00 0.00000000e+00 0.00000000e+00 2.54474382e-01
  4.69468367e-02 5.15519724e-01 5.94372729e-02 0.00000000e+00
  0.00000000e+00 0.00000000e+00 2.65736654e-01]
 [9.61063708e-01 7.46280517e-01 5.25495211e-01 2.37131879e-01
  0.00000000e+00 0.00000000e+00 2.09752297e-01 3.29725274e-02
  0.00000000e+00 0.00000000e+00 2.82088595e-01 0.00000000e+00
  8.88377628e-02 0.00000000e+00 4.31611907e-01]
 [5.22784121e-01 5.48958414e-01 3.42385805e-01 3.95808412e-02
  5.30148460e-02 0.00000000e+00 8.99923689e-02 0.00000000e+00
  6.05279616e-01 1.98606839e-01 3.38444673e-02 5.70779589e-03
  2.33832488e-01 0.00000000e+00 2.23482764e-01]
 [6.39063930e-01 4.97660219e-01 4.57369249e-01 0.00000000e+00
  1.69062409e-01 9.55850166e-02 0.00000000e+00 0.00000000e+00
  3.47598768e-01 0.00000000e+00 0.00000000e+00 9.11764817e-02
  0.00000000e+00 0.00000000e+00 1.87786661e-01]
 [3.96777922e-01 3.90062340e-01 2.89086978e-01 0.00000000e+00
  0.00000000e+00 0.00000000e+00 1.76710154e-02 0.00000000e+00
  4.06480251e-01 0.00000000e+00 4.79882083e-02 0.00000000e+00
  0.00000000e+00 0.00000000e+00 2.82220091e-01]
 [6.49111751e-01 3.25086260e-01 5.79015633e-01 2.28876989e-03
  6.90892076e-02 5.56727932e-01 1.66837230e-01 9.39883438e-02
  1.57287035e-01 0.00000000e+00 7.18383793e-01 0.00000000e+00
  0.00000000e+00 0.00000000e+00 2.85580565e-01]
 [5.86442007e-01 9.94705915e-02 5.23282101e-01 1.20480089e-01
  0.00000000e+00 2.46525776e-02 0.00000000e+00 0.00000000e+00
  7.11970297e-02 0.00000000e+00 5.26666998e-02 0.00000000e+00
  2.73891384e-02 1.00641525e-01 3.58929907e-01]
 [5.16265853e-01 4.18203695e-01 1.59132618e-01 0.00000000e+00
  0.00000000e+00 0.00000000e+00 0.00000000e+00 0.00000000e+00
  3.75680601e-01 0.00000000e+00 3.89938417e-02 0.00000000e+00
  0.00000000e+00 0.00000000e+00 1.37360530e-01]
 [6.34718071e-01 1.52145807e-01 3.42191594e-01 0.00000000e+00
  1.52818775e-01 1.42808084e-01 0.00000000e+00 0.00000000e+00
  5.30294103e-01 0.00000000e+00 0.00000000e+00 0.00000000e+00
  4.00202430e-01 0.00000000e+00 3.91635888e-01]
 [4.78509042e-01 0.00000000e+00 1.53920970e-01 0.00000000e+00
  4.62984321e-01 4.72815467e-01 2.57237958e-01 0.00000000e+00
  0.00000000e+00 0.00000000e+00 0.00000000e+00 0.00000000e+00
  2.34029074e-02 1.42913492e-01 2.89919783e-01]
 [0.00000000e+00 0.00000000e+00 2.27162221e-01 0.00000000e+00
  1.52913095e+00 1.43514073e+00 3.43271957e-01 1.46523668e-01
  2.07312952e-01 0.00000000e+00 0.00000000e+00 0.00000000e+00
  0.00000000e+00 8.06255192e-02 2.95127348e-01]
 [0.00000000e+00 0.00000000e+00 7.56982255e-02 1.21306697e-01
  5.95464741e-03 0.00000000e+00 0.00000000e+00 0.00000000e+00
  0.00000000e+00 0.00000000e+00 2.05126492e-01 0.00000000e+00
  1.68038502e-01 0.00000000e+00 4.21416051e-01]
 [3.82987300e-01 0.00000000e+00 1.50543401e-01 7.64446700e-03
  2.42436600e+00 1.88395878e+00 6.41386169e-01 5.91790376e-01
  5.34342429e-01 5.79626708e-02 0.00000000e+00 0.00000000e+00
  8.76832235e-02 3.71895761e-02 0.00000000e+00]
 [5.94527539e-01 5.35352452e-01 1.40335766e-01 5.01988762e-01
  9.84873938e-01 1.13838999e+00 1.00123515e+00 1.16606038e+00
  1.43110274e+00 1.93842944e+00 1.91103867e+00 2.25973771e+00
  2.03470826e+00 2.89880859e-01 9.50802157e-01]]

24
----------------------------------------------------------------------------------
[[0.00000000e+00 0.00000000e+00 0.00000000e+00 0.00000000e+00
  0.00000000e+00 0.00000000e+00 1.38694911e-01 0.00000000e+00
  0.00000000e+00 0.00000000e+00 0.00000000e+00 0.00000000e+00
  1.73456429e-01 0.00000000e+00 1.93878407e-01]
 [0.00000000e+00 0.00000000e+00 0.00000000e+00 0.00000000e+00
  0.00000000e+00 0.00000000e+00 0.00000000e+00 0.00000000e+00
  0.00000000e+00 0.00000000e+00 0.00000000e+00 9.32437514e-02
  4.48348846e-01 0.00000000e+00 0.00000000e+00]
 [0.00000000e+00 0.00000000e+00 0.00000000e+00 0.00000000e+00
  0.00000000e+00 0.00000000e+00 3.51195533e-02 0.00000000e+00
  0.00000000e+00 0.00000000e+00 0.00000000e+00 2.16387815e-01
  0.00000000e+00 6.74632234e-01 0.00000000e+00]
 [0.00000000e+00 0.00000000e+00 0.00000000e+00 0.00000000e+00
  0.00000000e+00 0.00000000e+00 2.73187667e-01 0.00000000e+00
  0.00000000e+00 0.00000000e+00 0.00000000e+00 0.00000000e+00
  1.00073513e-01 6.59352386e-02 3.74007912e-01]
 [0.00000000e+00 1.90505509e-02 0.00000000e+00 0.00000000e+00
  0.00000000e+00 0.00000000e+00 0.00000000e+00 0.00000000e+00
  0.00000000e+00 0.00000000e+00 0.00000000e+00 0.00000000e+00
  5.44215159e-01 0.00000000e+00 8.22614751e-01]
 [0.00000000e+00 0.00000000e+00 0.00000000e+00 2.42387786e-02
  4.71900260e-02 0.00000000e+00 0.00000000e+00 0.00000000e+00
  0.00000000e+00 0.00000000e+00 0.00000000e+00 6.59051852e-02
  0.00000000e+00 3.14482800e-01 8.50230805e-01]
 [0.00000000e+00 0.00000000e+00 0.00000000e+00 0.00000000e+00
  2.29489907e-01 0.00000000e+00 0.00000000e+00 0.00000000e+00
  0.00000000e+00 0.00000000e+00 0.00000000e+00 1.15206885e-02
  3.54727325e-01 0.00000000e+00 3.03214341e-01]
 [0.00000000e+00 0.00000000e+00 0.00000000e+00 0.00000000e+00
  0.00000000e+00 0.00000000e+00 2.05121649e-01 0.00000000e+00
  0.00000000e+00 0.00000000e+00 0.00000000e+00 1.40680425e-01
  4.04600732e-01 0.00000000e+00 2.58707592e+00]
 [0.00000000e+00 0.00000000e+00 0.00000000e+00 0.00000000e+00
  0.00000000e+00 0.00000000e+00 0.00000000e+00 0.00000000e+00
  0.00000000e+00 0.00000000e+00 0.00000000e+00 1.58345930e-01
  7.82623049e-01 0.00000000e+00 1.14435484e+01]
 [0.00000000e+00 0.00000000e+00 1.96251698e-01 4.28829956e-02
  0.00000000e+00 0.00000000e+00 0.00000000e+00 0.00000000e+00
  0.00000000e+00 1.58949993e-01 0.00000000e+00 6.65065636e-02
  2.82078466e-01 7.60074388e-01 1.62114394e+00]
 [0.00000000e+00 0.00000000e+00 2.66723185e-01 1.87970747e-01
  0.00000000e+00 0.00000000e+00 0.00000000e+00 0.00000000e+00
  0.00000000e+00 0.00000000e+00 0.00000000e+00 1.22884270e-01
  1.90799950e-01 0.00000000e+00 4.38312527e+00]
 [0.00000000e+00 0.00000000e+00 0.00000000e+00 0.00000000e+00
  0.00000000e+00 0.00000000e+00 2.54666257e-02 0.00000000e+00
  0.00000000e+00 2.59385045e-02 0.00000000e+00 2.94024320e-01
  7.77218373e-01 1.85733905e-01 1.67380583e+00]
 [0.00000000e+00 0.00000000e+00 0.00000000e+00 2.09560814e-01
  0.00000000e+00 0.00000000e+00 1.07441063e-01 0.00000000e+00
  2.06974853e-01 1.56486872e-01 1.09518250e-01 0.00000000e+00
  5.20081772e-01 0.00000000e+00 6.04123288e-01]
 [0.00000000e+00 0.00000000e+00 8.42216022e-02 1.54699942e-01
  0.00000000e+00 0.00000000e+00 5.77937667e-01 3.59292129e-01
  1.20358183e+00 1.61804516e+00 9.26545696e-01 1.12770226e+00
  9.32754819e-01 4.62618572e-01 6.05605476e-01]
 [0.00000000e+00 0.00000000e+00 4.00129765e-02 4.54166276e-02
  0.00000000e+00 1.33702776e-01 1.63094380e+00 1.58476206e+00
  1.77365239e+00 3.23032057e+00 2.49407700e+00 2.25070886e+00
  2.01542439e+00 7.73084513e-01 4.23595303e-01]
 [0.00000000e+00 0.00000000e+00 9.89703036e-02 3.65046680e-01
  0.00000000e+00 0.00000000e+00 3.87288696e-01 9.80620372e-01
  1.59508037e+00 2.66495542e+00 1.09837026e+00 1.34053793e+00
  1.06021860e+00 7.30709176e-01 4.95657701e-01]
 [0.00000000e+00 0.00000000e+00 8.44133500e-03 1.56398129e-01
  0.00000000e+00 0.00000000e+00 6.63167371e-01 3.59370976e-01
  1.63110074e+00 2.73825802e+00 2.09168438e+00 2.05056792e+00
  1.38839709e+00 6.46931698e-01 4.61213293e-01]
 [1.29660233e+00 8.91994565e-01 8.98675360e-01 9.37869949e-01
  8.45333984e-01 8.37145239e-01 4.33609390e-01 6.52425389e-01
  5.91156667e-01 6.32129457e-01 1.69491406e+00 1.10862645e+00
  1.00425687e+00 1.52739209e+00 1.74330201e+00]]

25
----------------------------------------------------------------------------------
[[0.00000000e+00 0.00000000e+00 1.89291882e-01 0.00000000e+00
  0.00000000e+00 5.37697441e-01 0.00000000e+00 0.00000000e+00
  0.00000000e+00 0.00000000e+00 1.79817584e-01]
 [3.85057655e-01 8.87282780e-01 0.00000000e+00 0.00000000e+00
  0.00000000e+00 8.51344461e-01 0.00000000e+00 0.00000000e+00
  0.00000000e+00 4.94261019e-02 1.16527987e-01]
 [0.00000000e+00 1.40749902e-01 0.00000000e+00 1.41759645e-01
  0.00000000e+00 0.00000000e+00 0.00000000e+00 0.00000000e+00
  0.00000000e+00 1.87292129e-01 5.61339987e-02]
 [0.00000000e+00 0.00000000e+00 1.31950154e-01 0.00000000e+00
  1.15870898e-01 4.36098990e-01 0.00000000e+00 0.00000000e+00
  0.00000000e+00 0.00000000e+00 2.41213848e-01]
 [5.19483890e-01 0.00000000e+00 5.12884674e-01 0.00000000e+00
  3.61474946e-02 4.19511652e-01 0.00000000e+00 0.00000000e+00
  0.00000000e+00 0.00000000e+00 3.20172338e-01]
 [0.00000000e+00 0.00000000e+00 0.00000000e+00 0.00000000e+00
  6.19925721e-02 0.00000000e+00 2.34286569e-02 5.96167089e-02
  0.00000000e+00 0.00000000e+00 1.30093171e-01]
 [2.14630413e-01 1.15190634e-02 0.00000000e+00 2.53006739e-01
  6.41359356e-01 0.00000000e+00 0.00000000e+00 0.00000000e+00
  0.00000000e+00 0.00000000e+00 2.28605866e-01]
 [2.28954842e-01 5.49288513e-01 0.00000000e+00 0.00000000e+00
  4.66346984e-01 4.09880513e-01 0.00000000e+00 0.00000000e+00
  4.02360953e-02 0.00000000e+00 1.33123401e-01]
 [2.25789726e-01 3.28919908e-01 8.30308703e-01 2.05978871e-02
  2.18596352e+00 7.70871545e-01 1.01320843e-01 5.13371380e-01
  6.40354009e-01 0.00000000e+00 2.21020594e-01]
 [0.00000000e+00 0.00000000e+00 0.00000000e+00 0.00000000e+00
  0.00000000e+00 0.00000000e+00 0.00000000e+00 0.00000000e+00
  0.00000000e+00 8.67621904e-02 0.00000000e+00]
 [6.34312129e-01 0.00000000e+00 0.00000000e+00 1.08501247e-01
  2.03516682e+00 9.69328136e-01 6.46721482e-01 1.03714560e-01
  9.59934704e-01 0.00000000e+00 9.42594643e-02]
 [4.29700138e-01 3.73334311e-01 1.45910886e-01 0.00000000e+00
  1.29430002e-01 5.47639056e-01 0.00000000e+00 6.23369857e-02
  2.55313387e-01 0.00000000e+00 5.54776334e-02]
 [3.98812045e-01 0.00000000e+00 0.00000000e+00 0.00000000e+00
  4.08498977e-01 0.00000000e+00 3.13202712e-01 0.00000000e+00
  2.37092452e-02 0.00000000e+00 3.21580034e-01]
 [2.15226313e-01 2.67951854e-01 4.73734778e-01 4.41324331e-01
  1.56231605e+00 4.84086598e-01 4.81695130e-01 2.86837596e-01
  2.09155988e+00 0.00000000e+00 1.73535916e-01]
 [1.20696520e-01 2.65744647e-01 6.15010384e-03 1.59663375e-02
  2.85820347e+01 9.31475496e-01 4.02423145e-01 3.08234368e-01
  3.45283854e+00 0.00000000e+00 6.56624839e-01]
 [7.36895490e-01 6.19186910e-01 0.00000000e+00 3.55110538e-01
  3.04696945e+00 3.14881741e-01 2.28485389e-01 0.00000000e+00
  1.01183924e+00 5.54334177e-01 4.32206436e-01]
 [0.00000000e+00 0.00000000e+00 2.49218792e-01 0.00000000e+00
  1.22520481e+00 2.04203405e+00 2.52811184e-01 4.98208809e-01
  2.89440240e+00 0.00000000e+00 2.82992188e-01]
 [2.23455559e+00 1.95065724e+00 2.20404006e+00 1.80268618e+00
  1.75886324e+00 1.62770178e+00 1.73718383e+00 1.76805923e+00
  1.01439573e+00 3.60802302e-01 9.50455422e-02]]