

1
----------------------------------------------------------------------------------
[[0.00000000e+00 9.56174625e-01 9.62457231e-02 2.92219540e-01
  5.14597124e-01 0.00000000e+00 1.34269139e-01 0.00000000e+00
  5.61765755e-01 2.36595471e-01 0.00000000e+00 1.35052614e-01
  2.95051511e-01 1.62476525e-01 1.89977886e-01]
 [0.00000000e+00 1.49113574e-01 1.51918816e-01 3.61774572e-01
  4.58221632e-01 0.00000000e+00 1.22737710e-01 0.00000000e+00
  0.00000000e+00 1.14496267e-01 0.00000000e+00 3.51859229e-02
  0.00000000e+00 2.76696635e-01 2.49016126e-01]
 [6.15286243e-03 0.00000000e+00 0.00000000e+00 4.47206455e-01
  4.01726917e-01 0.00000000e+00 0.00000000e+00 1.99121472e-02
  0.00000000e+00 2.77896314e-02 0.00000000e+00 0.00000000e+00
  2.10823403e-02 2.57881044e-01 0.00000000e+00]
 [4.60488854e-02 1.45191248e-01 2.03256696e-01 1.05677186e-01
  2.04420926e-01 7.92565301e-02 0.00000000e+00 0.00000000e+00
  1.62498187e-01 3.30021900e-01 0.00000000e+00 5.60336873e-01
  0.00000000e+00 6.75946503e-03 1.59484900e-01]
 [0.00000000e+00 0.00000000e+00 0.00000000e+00 1.80057210e-01
  0.00000000e+00 0.00000000e+00 0.00000000e+00 0.00000000e+00
  0.00000000e+00 1.80610806e-01 0.00000000e+00 0.00000000e+00
  0.00000000e+00 1.64159594e-01 5.20542146e-03]
 [1.75427518e-01 4.70930354e-02 0.00000000e+00 2.94884925e-01
  2.29720658e-01 1.41766606e-01 0.00000000e+00 0.00000000e+00
  0.00000000e+00 1.90269476e-03 0.00000000e+00 9.61146924e-02
  0.00000000e+00 1.07847728e-01 0.00000000e+00]
 [4.22831444e-02 1.07915986e-01 0.00000000e+00 2.20349761e-01
  2.33508580e-01 2.45815620e-02 0.00000000e+00 0.00000000e+00
  0.00000000e+00 5.28528445e-02 0.00000000e+00 0.00000000e+00
  0.00000000e+00 8.07149852e-02 3.47507787e-02]
 [0.00000000e+00 3.76067841e-01 5.83999889e-02 1.85339916e-01
  1.79030223e-01 2.36105761e-01 0.00000000e+00 0.00000000e+00
  9.39017591e-02 3.60355147e-02 0.00000000e+00 4.75364803e-01
  0.00000000e+00 0.00000000e+00 1.62590933e-02]
 [0.00000000e+00 0.00000000e+00 0.00000000e+00 3.19704853e-01
  0.00000000e+00 1.48452289e-01 0.00000000e+00 0.00000000e+00
  1.62838830e-01 7.59770808e-02 0.00000000e+00 1.79243942e-01
  0.00000000e+00 9.79877524e-02 0.00000000e+00]
 [1.74092212e-01 1.92480629e-01 0.00000000e+00 1.35154209e-01
  3.99936425e-01 4.31870241e-02 0.00000000e+00 0.00000000e+00
  0.00000000e+00 0.00000000e+00 0.00000000e+00 0.00000000e+00
  5.49090768e-02 0.00000000e+00 0.00000000e+00]
 [2.70134329e-01 4.04753228e-01 0.00000000e+00 4.15127356e-02
  2.33193724e-01 2.68570436e-01 0.00000000e+00 0.00000000e+00
  0.00000000e+00 0.00000000e+00 0.00000000e+00 0.00000000e+00
  0.00000000e+00 0.00000000e+00 0.00000000e+00]
 [3.38257883e-01 0.00000000e+00 6.01909628e-02 2.12854079e-01
  2.89943573e-01 8.45050576e-02 0.00000000e+00 0.00000000e+00
  2.00505275e-01 5.66338059e-01 0.00000000e+00 0.00000000e+00
  0.00000000e+00 5.51483973e-01 1.10242041e-01]
 [2.92787855e-01 3.03750920e-01 0.00000000e+00 2.17268314e-02
  3.03549587e-01 1.12016215e-01 0.00000000e+00 0.00000000e+00
  0.00000000e+00 0.00000000e+00 0.00000000e+00 0.00000000e+00
  0.00000000e+00 5.66482749e-02 0.00000000e+00]
 [1.11047617e-01 0.00000000e+00 2.74645352e-02 1.02434636e-04
  0.00000000e+00 5.29325670e-02 1.01780422e-02 0.00000000e+00
  0.00000000e+00 0.00000000e+00 0.00000000e+00 0.00000000e+00
  0.00000000e+00 2.55809443e-01 0.00000000e+00]
 [2.18588202e-01 0.00000000e+00 8.43496554e-02 7.92341880e-03
  0.00000000e+00 6.20037704e-02 0.00000000e+00 0.00000000e+00
  0.00000000e+00 1.57170326e-02 0.00000000e+00 0.00000000e+00
  0.00000000e+00 2.17684658e-01 0.00000000e+00]
 [7.86612106e-02 3.69312959e-01 5.11978683e-02 5.14565135e-02
  0.00000000e+00 1.52374919e-01 0.00000000e+00 0.00000000e+00
  0.00000000e+00 0.00000000e+00 0.00000000e+00 0.00000000e+00
  0.00000000e+00 5.69626825e-02 5.54758448e-02]
 [0.00000000e+00 0.00000000e+00 1.06665769e-01 0.00000000e+00
  0.00000000e+00 2.78921759e-01 0.00000000e+00 0.00000000e+00
  0.00000000e+00 4.22529874e-01 0.00000000e+00 1.95939094e-01
  0.00000000e+00 2.25648091e-03 0.00000000e+00]
 [1.83885859e-01 1.88241683e-01 4.11942958e-01 6.92386463e-01
  1.43931671e+00 6.23413299e-01 1.51879242e+00 1.81791855e-01
  1.76764318e-01 6.78486599e-01 7.39336185e-01 5.39942783e-01
  5.23738920e-01 7.08686906e-01 8.73885085e-01]]

2
----------------------------------------------------------------------------------
[[6.63705657e-02 0.00000000e+00 3.10332589e-02 0.00000000e+00
  1.38468196e-01 0.00000000e+00 4.61846588e-02 1.52631754e-01
  0.00000000e+00 2.79582281e-02 0.00000000e+00 3.04620798e-01
  0.00000000e+00 0.00000000e+00 2.48184944e-01]
 [4.94477141e-04 0.00000000e+00 0.00000000e+00 3.92554696e-01
  0.00000000e+00 0.00000000e+00 0.00000000e+00 1.05856213e-01
  0.00000000e+00 8.86211839e-02 0.00000000e+00 1.63870710e-01
  0.00000000e+00 0.00000000e+00 3.11653409e-01]
 [0.00000000e+00 0.00000000e+00 2.06634541e-02 0.00000000e+00
  0.00000000e+00 0.00000000e+00 0.00000000e+00 3.06636955e-01
  0.00000000e+00 1.15525428e-01 0.00000000e+00 2.82731671e-01
  0.00000000e+00 0.00000000e+00 2.29668034e-01]
 [0.00000000e+00 0.00000000e+00 0.00000000e+00 0.00000000e+00
  3.38886074e-01 0.00000000e+00 1.16555624e-01 8.64090151e-02
  0.00000000e+00 0.00000000e+00 0.00000000e+00 0.00000000e+00
  0.00000000e+00 0.00000000e+00 2.40662883e-01]
 [0.00000000e+00 0.00000000e+00 0.00000000e+00 0.00000000e+00
  0.00000000e+00 0.00000000e+00 7.61644429e-02 1.99476424e-01
  0.00000000e+00 1.06014191e-02 0.00000000e+00 0.00000000e+00
  0.00000000e+00 0.00000000e+00 3.01077108e-01]
 [2.08355460e-01 0.00000000e+00 6.25307814e-03 0.00000000e+00
  1.65767895e-01 0.00000000e+00 0.00000000e+00 1.17482438e-01
  0.00000000e+00 2.26731808e-01 0.00000000e+00 1.65815876e-01
  0.00000000e+00 0.00000000e+00 4.20574773e-02]
 [0.00000000e+00 0.00000000e+00 0.00000000e+00 0.00000000e+00
  0.00000000e+00 0.00000000e+00 0.00000000e+00 2.48250999e-01
  0.00000000e+00 1.68778312e-01 0.00000000e+00 2.15601307e-02
  0.00000000e+00 0.00000000e+00 1.96371375e-01]
 [1.31970185e-01 0.00000000e+00 0.00000000e+00 0.00000000e+00
  4.87135902e-02 2.55248961e-01 1.64908545e-01 0.00000000e+00
  1.20476749e-02 0.00000000e+00 2.80486648e-02 0.00000000e+00
  0.00000000e+00 0.00000000e+00 1.16080318e-02]
 [0.00000000e+00 1.25474284e-01 0.00000000e+00 6.50568351e-02
  3.22395091e-02 0.00000000e+00 9.06950991e-02 5.21275935e-02
  0.00000000e+00 2.88509147e-03 0.00000000e+00 0.00000000e+00
  0.00000000e+00 0.00000000e+00 2.96448553e-01]
 [3.80193392e-01 0.00000000e+00 4.10652695e-03 0.00000000e+00
  2.26577503e-01 8.79750688e-02 1.03678032e-01 0.00000000e+00
  0.00000000e+00 4.80609604e-01 0.00000000e+00 2.63387083e-01
  6.87544938e-02 0.00000000e+00 1.08376344e-01]
 [1.42507301e-01 0.00000000e+00 0.00000000e+00 0.00000000e+00
  1.26780950e-01 0.00000000e+00 0.00000000e+00 1.85250914e-01
  0.00000000e+00 1.87837459e-01 0.00000000e+00 7.00723623e-02
  0.00000000e+00 0.00000000e+00 9.50168701e-02]
 [1.34822015e-01 1.49054393e-02 0.00000000e+00 1.81683392e-01
  2.78488565e-02 0.00000000e+00 1.15777664e-01 2.01732986e-02
  0.00000000e+00 3.64071612e-01 0.00000000e+00 0.00000000e+00
  0.00000000e+00 1.13403242e-02 1.41668668e-01]
 [0.00000000e+00 1.82717961e-01 0.00000000e+00 0.00000000e+00
  3.42131719e-02 8.76771123e-02 0.00000000e+00 2.18327441e-01
  0.00000000e+00 1.59444502e-01 0.00000000e+00 1.65657392e-01
  2.73865655e-02 0.00000000e+00 6.68288010e-02]
 [4.10670034e-01 5.60384445e-01 3.17268325e-02 0.00000000e+00
  0.00000000e+00 0.00000000e+00 0.00000000e+00 0.00000000e+00
  0.00000000e+00 0.00000000e+00 8.61599875e-02 0.00000000e+00
  9.58911158e-02 0.00000000e+00 9.15995890e-02]
 [6.30533903e-01 8.20956163e-01 3.47991847e-01 0.00000000e+00
  0.00000000e+00 0.00000000e+00 0.00000000e+00 0.00000000e+00
  0.00000000e+00 0.00000000e+00 1.25967772e-01 1.11845548e-01
  1.11660703e-01 1.08314639e-01 2.08691094e-01]
 [0.00000000e+00 1.75812817e-01 0.00000000e+00 1.52688756e-01
  2.46980968e-01 1.02721901e-01 8.63763978e-03 0.00000000e+00
  0.00000000e+00 1.97485657e-01 0.00000000e+00 0.00000000e+00
  3.32220924e-01 0.00000000e+00 3.12943449e-01]
 [4.59410332e-01 1.94399793e-01 7.15492400e-01 4.81794330e-02
  3.06989498e-02 0.00000000e+00 1.37506227e-01 1.35887899e-01
  2.01171312e-01 0.00000000e+00 0.00000000e+00 0.00000000e+00
  3.16060777e-01 0.00000000e+00 0.00000000e+00]
 [1.71342976e-01 1.62368047e-01 4.87228153e-01 3.20842664e-01
  1.62755737e-01 3.97420648e-01 5.62004487e-01 4.71586739e-01
  3.87174641e-01 1.07688032e-01 3.60433616e-01 5.96040292e-01
  3.57426702e-01 4.19489345e-01 3.42336376e-01]]

3
----------------------------------------------------------------------------------
[[0.00000000e+00 0.00000000e+00 6.47639986e-02 2.83078748e-01
  6.86454009e+00 3.84046253e-01 9.43140007e-01 0.00000000e+00
  1.54166094e-01 5.12037875e-02 3.37420656e-01 1.73185548e+00
  0.00000000e+00 0.00000000e+00 3.23290048e-01]
 [0.00000000e+00 0.00000000e+00 3.69976693e-01 0.00000000e+00
  2.02654438e+00 1.46618395e+00 6.63032181e-01 0.00000000e+00
  0.00000000e+00 4.45283006e-01 0.00000000e+00 0.00000000e+00
  3.53596044e-01 0.00000000e+00 0.00000000e+00]
 [1.50748142e-02 4.53747747e-01 0.00000000e+00 5.10337121e-04
  2.30887848e-01 4.81864579e-02 0.00000000e+00 9.39050498e-01
  0.00000000e+00 1.95613356e-01 0.00000000e+00 0.00000000e+00
  0.00000000e+00 0.00000000e+00 7.47865163e-02]
 [0.00000000e+00 0.00000000e+00 2.02032977e-01 2.87614922e-01
  1.22374586e+00 0.00000000e+00 1.44764131e+00 7.52701165e-01
  5.37529944e-02 9.16296157e-02 0.00000000e+00 1.82660177e-02
  8.79702234e-02 0.00000000e+00 2.12326435e-01]
 [0.00000000e+00 0.00000000e+00 3.19885415e-01 5.09605239e-01
  6.67432669e-01 0.00000000e+00 3.61592771e-01 0.00000000e+00
  7.01291842e-02 1.39743818e-01 0.00000000e+00 0.00000000e+00
  3.70174912e-01 0.00000000e+00 3.28017245e-01]
 [0.00000000e+00 3.38675017e-01 0.00000000e+00 0.00000000e+00
  1.19892694e+00 0.00000000e+00 0.00000000e+00 3.12107014e-01
  0.00000000e+00 0.00000000e+00 0.00000000e+00 0.00000000e+00
  6.46738783e-02 2.34726569e-02 0.00000000e+00]
 [0.00000000e+00 0.00000000e+00 3.11236719e-01 0.00000000e+00
  9.82214917e-01 1.01662157e-01 3.87266169e-03 5.89927520e-01
  2.98624309e-01 3.19533245e-01 0.00000000e+00 0.00000000e+00
  0.00000000e+00 0.00000000e+00 0.00000000e+00]
 [3.33666811e-02 0.00000000e+00 3.08683613e-01 4.60161418e-01
  5.57508991e+00 0.00000000e+00 1.92805212e+00 1.36455035e+00
  0.00000000e+00 0.00000000e+00 0.00000000e+00 0.00000000e+00
  6.78386253e-02 0.00000000e+00 0.00000000e+00]
 [0.00000000e+00 3.82298101e-01 0.00000000e+00 2.70001157e-02
  3.51895599e+00 0.00000000e+00 1.43523850e+00 1.29028403e+00
  1.00696145e-01 3.54477930e-02 0.00000000e+00 0.00000000e+00
  5.68165380e-01 0.00000000e+00 0.00000000e+00]
 [1.65561233e-01 1.99490967e-01 0.00000000e+00 0.00000000e+00
  0.00000000e+00 0.00000000e+00 0.00000000e+00 0.00000000e+00
  0.00000000e+00 0.00000000e+00 0.00000000e+00 0.00000000e+00
  0.00000000e+00 0.00000000e+00 0.00000000e+00]
 [0.00000000e+00 1.87984985e-01 0.00000000e+00 1.25041460e-01
  3.33219597e+00 0.00000000e+00 1.07191812e+00 1.26019576e+00
  9.23664357e-01 5.34591729e-01 0.00000000e+00 0.00000000e+00
  9.34855989e-02 9.49745545e-02 0.00000000e+00]
 [1.56140409e-02 0.00000000e+00 0.00000000e+00 7.50210722e-02
  2.82945396e+00 0.00000000e+00 4.15596817e-01 3.58836920e-01
  3.65101052e-02 0.00000000e+00 0.00000000e+00 5.54418133e-01
  4.91976445e-01 0.00000000e+00 0.00000000e+00]
 [2.13587633e-02 0.00000000e+00 0.00000000e+00 0.00000000e+00
  1.28935732e+00 0.00000000e+00 3.21894857e-01 5.08000727e-01
  7.93465453e-02 8.86412228e-03 0.00000000e+00 0.00000000e+00
  1.22762674e-01 0.00000000e+00 0.00000000e+00]
 [2.98810151e-01 2.53046392e-02 0.00000000e+00 4.59472107e-01
  1.64373763e-01 0.00000000e+00 0.00000000e+00 3.28590812e-01
  0.00000000e+00 0.00000000e+00 4.47556861e-01 3.51843357e-01
  4.47195526e-01 2.54010270e-01 4.25905673e-01]
 [1.19156149e-01 0.00000000e+00 0.00000000e+00 2.40085498e-01
  2.13738801e-02 0.00000000e+00 3.39409059e-01 5.96000241e-01
  2.01368764e-01 0.00000000e+00 0.00000000e+00 8.52390616e-03
  3.35582008e-01 8.47030886e-01 4.01786809e-01]
 [0.00000000e+00 0.00000000e+00 0.00000000e+00 1.22675983e-02
  0.00000000e+00 0.00000000e+00 0.00000000e+00 1.03788258e-02
  1.88010484e-01 0.00000000e+00 0.00000000e+00 0.00000000e+00
  0.00000000e+00 5.88908038e-02 0.00000000e+00]
 [3.68759252e-01 0.00000000e+00 9.23636491e-03 7.49784036e-01
  8.46706752e-01 0.00000000e+00 0.00000000e+00 3.54046770e-01
  2.08748840e+00 0.00000000e+00 0.00000000e+00 4.10509005e-01
  6.49868404e-01 1.97584374e-01 3.90889063e-01]
 [3.64744354e-01 2.82166562e-01 7.21947546e-01 3.23755465e-01
  3.62203298e-01 1.03624919e+00 1.10242116e+00 4.95316774e-01
  9.43878089e-01 1.02024850e+00 6.83668545e-01 4.93293259e-01
  2.78699143e-01 4.32617216e-01 3.55763363e-01]]

4
----------------------------------------------------------------------------------
[[0.00000000e+00 0.00000000e+00 3.24718930e-03 0.00000000e+00
  0.00000000e+00 8.15035507e-02 3.16810281e-01 5.02506879e-01
  6.86931139e-02 0.00000000e+00 0.00000000e+00 1.35102138e+00
  2.06400208e-01 0.00000000e+00 1.40753678e-01]
 [0.00000000e+00 0.00000000e+00 0.00000000e+00 0.00000000e+00
  1.50107043e-02 1.93412851e-01 1.07994231e-01 1.00620283e-01
  1.62692136e-01 0.00000000e+00 0.00000000e+00 1.03729698e+00
  5.64820759e-01 0.00000000e+00 0.00000000e+00]
 [0.00000000e+00 3.37263319e-01 0.00000000e+00 0.00000000e+00
  0.00000000e+00 0.00000000e+00 2.95411808e-02 1.32988025e-02
  4.88146636e-02 0.00000000e+00 0.00000000e+00 5.39385929e-01
  4.56239516e-01 0.00000000e+00 1.49513997e-01]
 [1.13033972e-01 0.00000000e+00 0.00000000e+00 1.12212258e-01
  0.00000000e+00 9.74492915e-02 4.37978073e-02 7.05455334e-02
  9.33339433e-02 0.00000000e+00 0.00000000e+00 1.06578632e+00
  0.00000000e+00 0.00000000e+00 2.46338984e-01]
 [0.00000000e+00 0.00000000e+00 0.00000000e+00 6.37184219e-03
  0.00000000e+00 1.00866289e-01 4.98709690e-02 1.98042276e-02
  9.81512667e-02 0.00000000e+00 1.77323229e-01 9.67372674e-01
  0.00000000e+00 0.00000000e+00 6.37987867e-03]
 [0.00000000e+00 5.10365152e-02 0.00000000e+00 8.08340539e-02
  0.00000000e+00 4.09889845e-02 5.28607186e-02 2.72697835e-03
  8.17971215e-02 0.00000000e+00 0.00000000e+00 2.68592365e-01
  3.37920214e-01 0.00000000e+00 1.00512062e-02]
 [1.83043882e-01 5.02694121e-02 0.00000000e+00 0.00000000e+00
  0.00000000e+00 1.87418579e-01 3.36593015e-02 0.00000000e+00
  1.68911119e-01 0.00000000e+00 0.00000000e+00 4.91006495e-01
  1.65685507e-01 0.00000000e+00 1.24531452e-01]
 [1.48229718e-01 0.00000000e+00 0.00000000e+00 1.65192977e-01
  0.00000000e+00 6.89658161e-02 0.00000000e+00 1.36398578e-01
  1.30956399e-01 0.00000000e+00 0.00000000e+00 3.63241727e-01
  0.00000000e+00 0.00000000e+00 1.68074933e-01]
 [5.04732005e-02 0.00000000e+00 0.00000000e+00 0.00000000e+00
  0.00000000e+00 6.09876891e-02 3.23149884e-02 4.51311626e-02
  1.77896522e-01 0.00000000e+00 0.00000000e+00 1.51277611e-01
  0.00000000e+00 0.00000000e+00 1.36891121e-01]
 [1.29205729e-01 0.00000000e+00 0.00000000e+00 0.00000000e+00
  0.00000000e+00 8.06037579e-02 4.01468936e-03 0.00000000e+00
  3.05886122e-01 0.00000000e+00 0.00000000e+00 0.00000000e+00
  2.24221609e-01 0.00000000e+00 0.00000000e+00]
 [0.00000000e+00 0.00000000e+00 0.00000000e+00 1.83741216e-02
  0.00000000e+00 4.34012341e-02 4.16362182e-02 1.70763355e-02
  1.48956864e-01 0.00000000e+00 0.00000000e+00 3.35551306e-02
  3.46553273e-01 0.00000000e+00 0.00000000e+00]
 [0.00000000e+00 0.00000000e+00 0.00000000e+00 2.11829707e-01
  1.25946342e-01 2.09846123e-01 6.23688639e-05 9.37702668e-04
  2.56199427e-01 0.00000000e+00 0.00000000e+00 1.84979683e+00
  5.02675446e-01 6.22437892e-02 2.27282202e-01]
 [0.00000000e+00 0.00000000e+00 0.00000000e+00 0.00000000e+00
  0.00000000e+00 1.04511921e-01 4.23990668e-03 6.09317830e-02
  8.90302593e-02 0.00000000e+00 0.00000000e+00 0.00000000e+00
  1.51296525e-01 0.00000000e+00 0.00000000e+00]
 [0.00000000e+00 0.00000000e+00 0.00000000e+00 3.67754202e-01
  2.35929111e-01 1.30395859e-01 4.83160664e-01 2.96143673e-01
  5.21461337e-02 0.00000000e+00 0.00000000e+00 0.00000000e+00
  5.27706396e-02 0.00000000e+00 0.00000000e+00]
 [0.00000000e+00 0.00000000e+00 0.00000000e+00 6.41435977e-01
  5.10473367e-01 2.87099865e-01 7.68068151e-01 3.34607786e-01
  1.39156774e-01 0.00000000e+00 5.12063639e-02 2.63586211e-01
  0.00000000e+00 0.00000000e+00 0.00000000e+00]
 [0.00000000e+00 0.00000000e+00 0.00000000e+00 2.30390737e-01
  2.90462376e-02 1.70293199e-01 5.88595109e-01 3.27304274e-01
  2.74127417e-02 0.00000000e+00 0.00000000e+00 0.00000000e+00
  0.00000000e+00 0.00000000e+00 0.00000000e+00]
 [0.00000000e+00 0.00000000e+00 0.00000000e+00 1.57611880e+00
  7.88180365e-01 0.00000000e+00 4.93630214e-01 1.62704628e-02
  1.68294337e-01 0.00000000e+00 1.77702792e-01 2.90562825e-01
  0.00000000e+00 0.00000000e+00 0.00000000e+00]
 [2.01615773e-01 3.35215458e-01 3.83223557e-01 1.31252124e-01
  1.42667700e-01 2.78150565e-01 4.26278687e-03 2.32916471e-03
  2.74794383e-02 2.06864435e-01 3.65675256e-01 3.18659744e-01
  1.25561980e-01 4.20172037e-01 2.03010479e-01]]

5
----------------------------------------------------------------------------------
[[0.24948648 0.61015134 0.         0.         0.32946718 0.67636879
  0.0765195  0.23902347 0.16960375 0.         0.01795263 0.
  0.04518264 0.47911486 0.        ]
 [0.36773977 0.58999506 0.         0.         0.         0.63757157
  0.13881822 0.20704472 0.00913775 0.         0.04166435 0.03565002
  0.30651386 0.20470692 0.        ]
 [0.         0.         0.         0.07225562 0.         0.07747482
  0.20987916 0.22212672 0.01650476 0.         0.         0.21331601
  0.04928902 0.         0.34999945]
 [0.32668988 0.16256328 0.         0.001919   0.         0.45732463
  0.12185171 0.2770632  0.13070787 0.         0.25040389 0.06918278
  0.12411007 0.04356752 0.05892661]
 [0.18360746 0.07794401 0.         0.         0.         0.46116184
  0.         0.03977576 0.21939896 0.         0.07214737 0.
  0.1929195  0.         0.22635313]
 [0.         0.         0.         0.         0.         0.10241349
  0.13246927 0.09822359 0.32080711 0.         0.03534854 0.08708766
  0.         0.         0.36937083]
 [0.14586789 0.02171425 0.         0.         0.07315304 0.22557193
  0.         0.1529639  0.2048016  0.         0.05840479 0.
  0.00778957 0.         0.22415792]
 [0.         0.02549722 0.         0.         0.         0.1735795
  0.         0.00839532 0.04970447 0.         0.16736837 0.21708091
  0.         0.         0.        ]
 [0.         0.         0.         0.03168611 0.         0.
  0.04356319 0.09827987 0.1580917  0.         0.32793935 0.06652517
  0.         0.         0.        ]
 [0.         0.         0.01547586 0.         0.         0.00944436
  0.3261919  0.         0.06739329 0.         0.34837183 0.13241606
  0.         0.         0.12238418]
 [0.         0.         0.         0.         0.07733279 0.01055667
  0.19033222 0.0134622  0.13334849 0.         0.33695589 0.14713911
  0.         0.         0.36915131]
 [0.         0.         0.         0.0623786  0.         0.07772088
  0.         0.         0.04390758 0.         0.37380592 0.07751035
  0.         0.         0.08806817]
 [0.02709837 0.         0.         0.         0.         0.01767133
  0.17484379 0.         0.03767151 0.         0.21516364 0.19100251
  0.         0.         0.3412224 ]
 [0.         0.         0.         0.03301037 0.         0.
  0.01525505 0.         0.         0.         0.40507358 0.
  0.         0.32554055 0.37429497]
 [0.         0.         0.         0.         0.         0.
  0.         0.         0.         0.09824254 0.6463316  0.
  0.         0.22496517 0.41258331]
 [0.         0.         0.         0.         0.         0.
  0.         0.09266626 0.         0.06022457 0.3326739  0.24773145
  0.01804616 0.40403164 0.71244619]
 [0.         0.         0.         0.         0.03031356 0.
  0.         0.         0.06481193 0.         0.43445187 0.1618027
  0.         0.37389553 0.53598056]
 [0.34060913 0.56572635 0.34881522 0.3191147  0.73043137 0.42733647
  0.04392342 0.35809379 0.1841416  0.24858464 0.05222527 0.32572974
  0.46645922 0.10790366 0.26071768]]

6
----------------------------------------------------------------------------------
[[8.42015647e-02 0.00000000e+00 0.00000000e+00 3.54761030e-01
  0.00000000e+00 0.00000000e+00 3.15784159e-01 9.49235918e-01
  0.00000000e+00 2.58036759e-01 0.00000000e+00 2.89591286e-01
  0.00000000e+00 0.00000000e+00 0.00000000e+00]
 [2.13314646e-01 0.00000000e+00 0.00000000e+00 4.88824414e-02
  7.23113985e-02 0.00000000e+00 6.31669634e-02 3.36789600e-01
  2.67731378e-01 7.00715896e-01 0.00000000e+00 3.24887783e-01
  0.00000000e+00 0.00000000e+00 0.00000000e+00]
 [4.28313919e-01 0.00000000e+00 2.22275320e-01 1.26466367e-01
  1.07977902e-01 0.00000000e+00 7.13195413e-02 3.14665620e-01
  1.57634763e-01 4.45438255e-01 0.00000000e+00 3.69790830e-03
  0.00000000e+00 0.00000000e+00 1.24349130e-01]
 [2.90140607e+00 0.00000000e+00 3.00974903e-01 4.46556958e-01
  8.02475230e-01 1.60106172e-01 5.07467579e-01 4.83278005e-01
  3.66390228e-02 1.25861474e-01 0.00000000e+00 2.11620015e-01
  0.00000000e+00 1.93477433e-02 0.00000000e+00]
 [1.56749059e-01 0.00000000e+00 0.00000000e+00 2.29165345e-01
  0.00000000e+00 0.00000000e+00 6.55828406e-01 4.10857996e-01
  0.00000000e+00 0.00000000e+00 0.00000000e+00 2.62106308e-01
  0.00000000e+00 0.00000000e+00 0.00000000e+00]
 [1.00232392e+00 0.00000000e+00 0.00000000e+00 5.59517848e-02
  3.08258022e-01 2.80095906e-01 3.73486550e-01 2.65105895e-01
  6.52179581e-02 5.72855373e-01 0.00000000e+00 2.87236705e-02
  0.00000000e+00 0.00000000e+00 7.40567529e-02]
 [2.26464443e+00 0.00000000e+00 3.25753993e-02 1.28289469e-01
  1.05019403e-01 0.00000000e+00 3.79673182e-01 2.79694090e-01
  2.96538133e-03 3.13480922e-01 0.00000000e+00 1.49184960e-01
  0.00000000e+00 0.00000000e+00 5.73193854e-02]
 [4.14970448e+00 0.00000000e+00 2.04573749e+00 1.41145528e+00
  6.78578668e-01 1.75913821e-02 3.56035848e-01 4.58498213e-02
  4.07647970e-01 3.64297994e-01 0.00000000e+00 3.74960973e-01
  0.00000000e+00 0.00000000e+00 0.00000000e+00]
 [5.82238474e+00 0.00000000e+00 1.37805900e+00 2.12813462e+00
  1.66106392e+00 2.67079957e-01 2.67116673e-01 1.43532609e-01
  1.45774493e-01 0.00000000e+00 0.00000000e+00 0.00000000e+00
  4.10987138e-02 0.00000000e+00 0.00000000e+00]
 [5.54806129e-01 5.69795850e-02 0.00000000e+00 1.67069011e-01
  2.83334583e-01 0.00000000e+00 6.80430825e-02 1.26492912e-01
  2.20963524e-01 2.81800485e-01 0.00000000e+00 0.00000000e+00
  5.14088397e-02 0.00000000e+00 5.97876143e-02]
 [4.42127031e+00 6.22101800e-01 9.64112146e-01 7.92667569e-01
  1.16635900e+00 3.65121494e-01 5.50962799e-01 0.00000000e+00
  3.49124345e-01 2.55061523e-01 0.00000000e+00 0.00000000e+00
  4.12191723e-02 0.00000000e+00 7.45501448e-02]
 [1.88680056e+00 0.00000000e+00 1.17243854e+00 9.86691245e-01
  9.01890724e-01 0.00000000e+00 2.06842184e-01 3.27035322e-01
  1.14289352e-01 8.31755592e-02 0.00000000e+00 8.44182465e-02
  0.00000000e+00 1.78885492e-01 0.00000000e+00]
 [1.48360521e+00 1.76549105e-01 5.69143269e-01 6.28702250e-01
  3.42549345e-01 1.54667498e-01 3.13969603e-01 1.72921678e-01
  1.89163120e-01 1.50349993e-01 0.00000000e+00 0.00000000e+00
  0.00000000e+00 0.00000000e+00 7.72410404e-02]
 [0.00000000e+00 0.00000000e+00 1.43107227e-01 3.09013632e-01
  1.80615185e-01 2.14281946e-01 4.96813747e-01 3.73819289e-01
  3.18017033e-01 0.00000000e+00 0.00000000e+00 0.00000000e+00
  0.00000000e+00 0.00000000e+00 2.28321088e-01]
 [0.00000000e+00 8.90589114e-02 3.80564740e-01 3.04621059e-01
  3.99177573e-01 7.08295290e-02 5.26194408e-01 4.99015366e-01
  4.28101758e-01 0.00000000e+00 0.00000000e+00 0.00000000e+00
  0.00000000e+00 0.00000000e+00 2.85077533e-01]
 [2.58033715e-01 3.99648095e-01 3.32521143e-01 0.00000000e+00
  0.00000000e+00 4.14321809e-02 5.82503590e-01 5.90933991e-01
  6.42437632e-01 4.08950114e-01 1.30253445e-01 0.00000000e+00
  2.09599368e-01 0.00000000e+00 4.44113106e-02]
 [0.00000000e+00 1.58893798e-01 1.11456676e-01 5.77651896e-01
  6.73349565e-01 0.00000000e+00 9.38383205e-01 6.29385115e-01
  3.00320752e-01 0.00000000e+00 0.00000000e+00 0.00000000e+00
  0.00000000e+00 0.00000000e+00 3.58116628e-01]
 [5.44552797e-01 4.58648529e-01 2.72160518e-01 7.81156811e-02
  9.49393276e-02 2.21623031e-01 1.54405459e-02 2.68360583e-01
  1.81489511e-01 3.29635135e-01 5.75380941e-01 7.44649066e-01
  3.24236454e-01 4.38412018e-01 3.71428300e-01]]

7
----------------------------------------------------------------------------------
[[8.76197953e-02 2.24153781e-01 0.00000000e+00 2.24732811e-01
  3.42939720e-02 0.00000000e+00 1.24446940e+00 0.00000000e+00
  0.00000000e+00 1.84262183e-01 3.32282379e-01 0.00000000e+00
  0.00000000e+00 3.63671840e-01 3.93917656e-01]
 [8.25118059e-01 0.00000000e+00 0.00000000e+00 0.00000000e+00
  4.92283858e-01 0.00000000e+00 6.24654344e-01 9.66724877e-02
  0.00000000e+00 0.00000000e+00 1.17903224e-01 0.00000000e+00
  0.00000000e+00 1.72326032e-01 3.99243913e-01]
 [1.04547595e-01 0.00000000e+00 9.44552022e-02 0.00000000e+00
  1.91996825e-01 6.51735651e-02 1.79344272e-01 0.00000000e+00
  5.40801182e-02 0.00000000e+00 1.63402407e-01 0.00000000e+00
  1.09895412e-01 0.00000000e+00 2.71561031e-01]
 [0.00000000e+00 1.09240026e-01 5.76026730e-02 3.26759412e-01
  0.00000000e+00 0.00000000e+00 1.54200247e-01 0.00000000e+00
  0.00000000e+00 9.68671992e-02 2.99393903e-02 0.00000000e+00
  0.00000000e+00 2.29942402e-01 0.00000000e+00]
 [0.00000000e+00 0.00000000e+00 4.59575280e-02 2.98414133e-01
  0.00000000e+00 0.00000000e+00 2.41042052e-01 0.00000000e+00
  1.08879754e-01 0.00000000e+00 0.00000000e+00 0.00000000e+00
  0.00000000e+00 0.00000000e+00 0.00000000e+00]
 [0.00000000e+00 0.00000000e+00 3.31596834e-01 0.00000000e+00
  1.37420124e-01 8.74478281e-03 1.25192849e-02 0.00000000e+00
  0.00000000e+00 1.46195729e-01 0.00000000e+00 0.00000000e+00
  0.00000000e+00 2.78354961e-02 9.17732375e-02]
 [0.00000000e+00 0.00000000e+00 0.00000000e+00 2.83857434e-01
  0.00000000e+00 0.00000000e+00 4.73382711e-02 0.00000000e+00
  9.54865174e-02 0.00000000e+00 0.00000000e+00 2.78932369e-02
  0.00000000e+00 2.18812384e-01 0.00000000e+00]
 [1.45567059e-02 1.65683575e-01 3.74090976e-02 1.18797417e-03
  0.00000000e+00 6.73022977e-02 0.00000000e+00 0.00000000e+00
  0.00000000e+00 0.00000000e+00 0.00000000e+00 0.00000000e+00
  0.00000000e+00 2.74602286e-01 0.00000000e+00]
 [0.00000000e+00 4.49700336e-02 0.00000000e+00 1.53045921e-01
  0.00000000e+00 0.00000000e+00 0.00000000e+00 0.00000000e+00
  7.16066941e-03 4.26579948e-02 0.00000000e+00 0.00000000e+00
  0.00000000e+00 1.23572299e-01 0.00000000e+00]
 [0.00000000e+00 0.00000000e+00 1.03146188e-01 1.18107062e-01
  0.00000000e+00 0.00000000e+00 9.05839520e-03 0.00000000e+00
  0.00000000e+00 0.00000000e+00 0.00000000e+00 0.00000000e+00
  0.00000000e+00 0.00000000e+00 1.62980280e-01]
 [0.00000000e+00 0.00000000e+00 1.72692023e-01 0.00000000e+00
  5.55559126e-03 0.00000000e+00 4.38544505e-02 0.00000000e+00
  0.00000000e+00 0.00000000e+00 0.00000000e+00 0.00000000e+00
  0.00000000e+00 2.08316394e-02 2.55820327e-01]
 [2.94914448e-02 3.97977253e-02 0.00000000e+00 0.00000000e+00
  0.00000000e+00 0.00000000e+00 0.00000000e+00 2.42936240e-01
  2.68851259e-02 0.00000000e+00 1.46818415e-02 0.00000000e+00
  0.00000000e+00 4.46513590e-02 0.00000000e+00]
 [0.00000000e+00 0.00000000e+00 8.72787160e-02 0.00000000e+00
  6.21917989e-02 0.00000000e+00 4.97407754e-02 0.00000000e+00
  1.23450519e-02 0.00000000e+00 2.32517898e-03 0.00000000e+00
  0.00000000e+00 8.45625650e-02 1.58715586e-01]
 [0.00000000e+00 0.00000000e+00 0.00000000e+00 0.00000000e+00
  0.00000000e+00 0.00000000e+00 4.25114732e-03 2.01322141e-01
  1.31184624e-01 1.31590759e-01 2.61924740e-01 0.00000000e+00
  1.27755507e-01 7.67085436e-02 1.90277009e-01]
 [0.00000000e+00 9.25634370e-02 4.14925229e-02 0.00000000e+00
  0.00000000e+00 0.00000000e+00 4.31605767e-02 2.84528170e-01
  9.58138574e-02 1.98250762e-01 3.46785840e-01 0.00000000e+00
  1.19783993e-01 1.82295677e-01 2.45284019e-01]
 [0.00000000e+00 0.00000000e+00 3.74174892e-02 5.92256186e-03
  2.43759288e-02 0.00000000e+00 5.93130523e-02 0.00000000e+00
  0.00000000e+00 2.56059502e-02 9.81950877e-02 0.00000000e+00
  0.00000000e+00 3.57336134e-02 2.13161074e-01]
 [0.00000000e+00 6.00200593e-02 2.03083135e-02 0.00000000e+00
  0.00000000e+00 3.46016199e-01 0.00000000e+00 0.00000000e+00
  3.96943819e-01 0.00000000e+00 7.72457579e-01 3.65445590e-02
  0.00000000e+00 7.81462227e-02 2.01926433e-01]
 [6.91245560e-01 4.42371764e-01 3.42697630e-01 5.24919206e-01
  4.49203854e-01 8.51733718e-01 6.62874160e-01 3.49256414e-01
  4.88319134e-01 6.99977586e-02 6.70273162e-02 9.43704901e-02
  3.52853439e-01 3.27228027e-01 1.98304308e-01]]

8
----------------------------------------------------------------------------------
[[0.33583688 0.42336119 0.41204643 0.18239485 0.13699973 0.38547934
  0.40637932 1.5185721  0.39349612 0.         0.15138884 0.08459067
  0.1875061  0.34713771 0.        ]
 [0.2392147  0.52514564 0.2362253  0.         0.83704034 0.
  0.50099866 0.64952609 0.32382193 0.         0.         0.08174413
  0.36077056 0.02416274 0.20090717]
 [0.1249748  0.44142236 0.         0.14523678 0.28869001 0.
  0.36932406 0.18659217 0.48095466 0.         0.         0.
  0.01527326 0.12018123 0.11927662]
 [0.29545843 0.22891114 0.09337111 0.18264092 0.00349341 0.01723314
  0.07315389 0.54482111 0.41437663 0.11835782 0.20047268 0.
  0.02506507 0.06246165 0.        ]
 [0.         0.3626567  0.12045963 0.         0.38831878 0.21320919
  0.24755042 0.84551891 0.22985331 0.         0.         0.02488731
  0.23478977 0.04366204 0.0372529 ]
 [0.14289792 0.18412355 0.         0.         0.34463973 0.
  0.38968917 0.         0.06395175 0.         0.         0.
  0.06904291 0.11261262 0.        ]
 [0.05802043 0.19241996 0.         0.07997429 0.11901238 0.
  0.5199281  1.16834411 0.11234807 0.0163582  0.         0.
  0.10293859 0.03409312 0.        ]
 [0.4176476  0.         0.         0.         0.37639138 0.
  0.16903863 0.         0.         0.         0.37849706 0.
  0.         0.01412733 0.06317642]
 [0.14360067 0.         0.         0.         0.18140987 0.
  0.06131368 0.         0.         0.17156202 0.         0.
  0.         0.28955404 0.05457134]
 [0.13870034 0.         0.         0.         0.35517722 0.0685849
  0.25021251 0.         0.         0.         0.         0.
  0.         0.30160852 0.        ]
 [0.12321483 0.         0.         0.06366144 0.12294306 0.
  0.17138759 0.         0.         0.         0.         0.
  0.         0.29777337 0.        ]
 [0.         0.08228907 0.05012465 0.         0.32230661 0.
  0.02977126 0.22654685 0.         0.04292111 0.         0.04016935
  0.         0.30831689 0.14760203]
 [0.         0.07180106 0.         0.         0.23817172 0.
  0.0968383  0.         0.         0.         0.         0.
  0.         0.16389396 0.        ]
 [0.         0.09153378 0.         0.         0.18767966 0.
  0.01381099 0.         0.         0.1266544  0.         0.
  0.         0.         0.03505352]
 [0.         0.0273459  0.         0.01275793 0.14876874 0.
  0.         0.         0.         0.08098953 0.         0.
  0.         0.         0.02153514]
 [0.         0.18459341 0.         0.         0.17479112 0.
  0.18960672 0.         0.         0.         0.         0.
  0.         0.10023623 0.        ]
 [0.         0.         0.         0.3309144  0.         0.
  0.03094948 0.         0.         0.15429365 0.         0.
  0.         0.04618981 0.        ]
 [0.20392463 0.15087349 0.4431728  0.39510537 0.17864803 0.67922995
  0.40525862 1.07513253 0.3990679  0.56378615 0.71463827 0.74643617
  0.28532246 0.044995   0.58286129]]

9
----------------------------------------------------------------------------------
[[0.35337937 0.22512888 0.         0.         0.         0.69021492
  0.15724888 0.         0.43930804 0.40718381 0.1394587  0.78525859
  0.         0.02642816 0.14347942]
 [0.5988232  0.377573   0.         0.         0.         1.04741067
  0.07044815 0.         0.45791511 0.         0.78363442 0.05609219
  0.20999348 0.32164152 0.        ]
 [0.24481316 0.16627318 0.         0.34157682 0.         0.37922684
  0.08570848 0.         0.32824841 0.44268516 0.30087927 0.21456169
  0.16551377 0.40534628 0.        ]
 [0.16764031 0.09599953 0.         0.         0.         0.66554036
  0.2017599  0.15557896 0.48699207 0.50527466 0.13723949 0.05928845
  0.         0.         0.14209479]
 [0.3991436  0.10825071 0.         0.         0.         0.89154654
  0.11958016 0.         0.47495726 0.00963898 0.30154431 0.
  0.06801848 0.08327773 0.        ]
 [0.         0.         0.         0.         0.         0.23848609
  0.1486698  0.         0.2121603  0.23789937 0.43843336 0.
  0.         0.28343392 0.        ]
 [0.17175355 0.03486729 0.         0.         0.         0.29281012
  0.02235103 0.         0.48482154 0.         0.29727678 0.
  0.07513733 0.39009663 0.        ]
 [0.0713454  0.12347287 0.         0.         0.         0.53781534
  0.01341233 0.         0.27272443 0.5048434  0.         0.06129916
  0.         0.05350592 0.08374521]
 [0.         0.18715179 0.         0.         0.         0.36405816
  0.12041553 0.07083946 0.07028498 0.05084876 0.14535585 0.
  0.         0.         0.        ]
 [0.         0.         0.         0.03481703 0.         0.
  0.05446096 0.         0.10727047 0.04184164 0.19001194 0.
  0.         0.         0.        ]
 [0.11964899 0.         0.         0.         0.         0.
  0.01169165 0.         0.26245683 0.         0.19194104 0.07513486
  0.04948794 0.         0.        ]
 [0.09203996 0.17778145 0.         0.         0.         0.138608
  0.08209719 0.2403921  0.43728483 0.23263112 0.12268746 0.
  0.         0.         0.        ]
 [0.         0.         0.         0.         0.         0.
  0.00833681 0.         0.12277763 0.         0.20817935 0.
  0.         0.         0.        ]
 [0.         0.         0.         0.         0.         0.00491494
  0.08627523 0.         0.         0.         0.54661219 0.
  0.         0.         0.        ]
 [0.         0.         0.         0.         0.         0.
  0.11728632 0.         0.         0.         0.56864091 0.
  0.         0.         0.        ]
 [0.         0.         0.         0.         0.         0.0325845
  0.03398327 0.         0.         0.06689844 0.12806626 0.
  0.         0.         0.        ]
 [0.         0.         0.         0.         0.         0.
  0.17017124 0.         0.06943783 0.         0.68759703 0.
  0.         0.         0.        ]
 [0.70705792 0.5351389  0.71333177 0.29450107 0.46986476 0.04801248
  0.00571901 0.46983271 0.28901546 0.25494712 0.29131288 0.65301237
  0.70847953 0.50965635 0.65324002]]

10
----------------------------------------------------------------------------------
[[0.00000000e+00 0.00000000e+00 8.66615852e-02 0.00000000e+00
  4.77730177e-01 4.80360415e-01 0.00000000e+00 0.00000000e+00
  5.19154948e-01 0.00000000e+00 7.17381127e-01 0.00000000e+00
  0.00000000e+00 0.00000000e+00 2.17376999e+00]
 [0.00000000e+00 0.00000000e+00 0.00000000e+00 0.00000000e+00
  4.43193801e-01 0.00000000e+00 0.00000000e+00 1.81788052e-02
  3.30960739e-01 0.00000000e+00 5.20047914e-01 0.00000000e+00
  7.30042428e-01 0.00000000e+00 5.21071124e-01]
 [2.72848695e-03 1.93958831e-01 6.95986350e-01 3.30475609e-01
  5.30287533e-01 2.96939000e-02 0.00000000e+00 2.89008742e-01
  3.44212143e-01 5.00411608e-01 3.30447186e-01 0.00000000e+00
  5.95384003e-01 1.72081396e-01 1.93343522e-01]
 [3.42573762e+00 2.76700240e-02 2.74896536e-01 7.26245229e-01
  6.56493431e-01 2.36008007e-01 0.00000000e+00 6.28266914e-02
  3.45335004e-02 8.25212769e-01 4.99509558e-01 0.00000000e+00
  8.15055594e-01 6.14420271e-02 4.17706806e-01]
 [4.62937760e-02 1.66555604e-02 4.09519708e-01 0.00000000e+00
  7.72376550e-01 2.84302490e-02 0.00000000e+00 2.80301364e-01
  2.83453661e-01 1.64664648e-01 6.00621180e-01 0.00000000e+00
  2.38849636e-01 6.89409817e-04 3.95296613e-01]
 [2.95896832e-01 3.84893789e-01 1.22676676e+00 3.05321192e-01
  7.95529648e-01 7.60273337e-01 0.00000000e+00 2.35597816e-01
  1.21812869e-01 0.00000000e+00 1.17719951e-01 0.00000000e+00
  1.95694099e-01 0.00000000e+00 2.51812557e-01]
 [7.44984580e-01 1.01528590e-01 7.80596667e-01 1.31830761e-01
  5.01637316e-01 1.21614893e+00 0.00000000e+00 5.89141418e-01
  1.77511592e-01 0.00000000e+00 3.71994584e-01 0.00000000e+00
  2.91694839e-01 1.01389384e-01 4.20000507e-01]
 [5.46534922e+00 0.00000000e+00 1.79522097e+00 1.57130418e+00
  9.50895931e-01 4.01350974e-01 0.00000000e+00 1.18972852e-01
  0.00000000e+00 4.29497659e-02 6.53684615e-01 0.00000000e+00
  3.75768316e-01 0.00000000e+00 0.00000000e+00]
 [6.74706208e+00 0.00000000e+00 1.45792461e+00 1.70258375e+00
  1.18238919e+00 4.61614787e-01 0.00000000e+00 4.80791550e-02
  1.57435246e-01 3.37755781e-03 2.03697198e-01 0.00000000e+00
  0.00000000e+00 0.00000000e+00 0.00000000e+00]
 [3.70967158e-01 1.53636547e-01 3.99052405e-01 5.00374729e-01
  2.65173510e-01 4.32605542e-01 0.00000000e+00 1.69119163e-01
  0.00000000e+00 0.00000000e+00 0.00000000e+00 0.00000000e+00
  0.00000000e+00 0.00000000e+00 0.00000000e+00]
 [4.41491162e+00 0.00000000e+00 1.51801158e+00 1.06920810e+00
  1.61968307e+00 8.05716821e-01 9.93128156e-02 2.77282554e-01
  0.00000000e+00 0.00000000e+00 0.00000000e+00 0.00000000e+00
  0.00000000e+00 0.00000000e+00 0.00000000e+00]
 [2.09013283e+00 0.00000000e+00 7.95989847e-01 1.56860637e+00
  4.80915670e-01 1.04021970e-01 0.00000000e+00 0.00000000e+00
  7.67002840e-02 0.00000000e+00 2.71733352e-01 0.00000000e+00
  0.00000000e+00 0.00000000e+00 0.00000000e+00]
 [1.78288620e+00 0.00000000e+00 1.59748652e+00 5.70363974e-01
  6.68894180e-01 4.42794225e-01 0.00000000e+00 2.55743188e-01
  0.00000000e+00 0.00000000e+00 0.00000000e+00 0.00000000e+00
  0.00000000e+00 0.00000000e+00 0.00000000e+00]
 [0.00000000e+00 3.50259207e-02 0.00000000e+00 0.00000000e+00
  2.31593475e-01 0.00000000e+00 0.00000000e+00 4.35458609e-01
  1.94821721e-01 0.00000000e+00 0.00000000e+00 0.00000000e+00
  0.00000000e+00 0.00000000e+00 0.00000000e+00]
 [0.00000000e+00 3.49462626e-02 0.00000000e+00 0.00000000e+00
  1.78723569e-01 0.00000000e+00 0.00000000e+00 5.56443014e-01
  2.43440882e-01 0.00000000e+00 0.00000000e+00 0.00000000e+00
  0.00000000e+00 0.00000000e+00 0.00000000e+00]
 [2.43696983e-01 2.00546117e-02 1.22756956e-01 0.00000000e+00
  4.86214927e-02 0.00000000e+00 0.00000000e+00 1.95381553e-01
  0.00000000e+00 0.00000000e+00 0.00000000e+00 0.00000000e+00
  0.00000000e+00 0.00000000e+00 0.00000000e+00]
 [0.00000000e+00 0.00000000e+00 0.00000000e+00 0.00000000e+00
  5.45322995e-01 0.00000000e+00 0.00000000e+00 4.13550811e-01
  3.04871019e-01 6.92531949e-03 0.00000000e+00 0.00000000e+00
  0.00000000e+00 0.00000000e+00 0.00000000e+00]
 [3.10750085e-01 1.45809671e-01 3.15278759e-01 2.03722019e-01
  2.91302605e-01 4.45511324e-01 5.77002519e-01 1.86638300e-01
  6.93056992e-01 5.67840018e-01 1.29036553e+00 1.22154334e+00
  1.00388893e+00 5.67639105e-01 5.65608511e-01]]

11
----------------------------------------------------------------------------------
[[0.         0.         0.         1.13710092 0.41284281 0.23347483
  0.         0.         0.         0.         1.77730315 0.06116754
  0.         0.         0.        ]
 [0.         0.         0.48914164 0.         0.63946615 0.30839236
  0.         0.         0.         0.         0.13313587 0.48918468
  0.62292383 0.         0.        ]
 [0.         0.         0.30230747 0.         0.21517489 0.
  0.         0.         0.         0.         0.05662749 0.17623788
  0.36175453 0.         0.        ]
 [0.64669665 0.         0.         0.32351231 0.3227727  0.17524168
  0.         0.         0.0404028  0.10170206 0.         0.
  0.         0.         0.        ]
 [0.09054263 0.13291507 0.23303481 0.23982587 0.44030208 0.
  0.         0.         0.02617756 0.         0.2272218  0.39965089
  0.         0.         0.        ]
 [0.         0.         0.         0.         0.09475697 0.
  0.         0.         0.         0.         0.08643468 0.00805827
  0.28419947 0.         0.        ]
 [0.         0.         0.78357827 0.         0.37179744 0.
  0.         0.         0.         0.         0.32767408 0.03343426
  0.42460777 0.         0.        ]
 [0.         0.         0.26632381 0.60101374 0.13237646 0.
  0.         0.         0.46424187 0.         0.15922756 0.
  0.         0.         0.        ]
 [0.         0.         0.0958378  0.06266693 0.4130321  0.
  0.         0.         0.         0.         0.         0.
  0.32934853 0.         0.        ]
 [0.         0.         0.         0.02663454 0.         0.
  0.         0.         0.         0.         0.         0.
  0.09410023 0.         0.        ]
 [0.         0.         0.05133649 0.         0.03906564 0.
  0.         0.         0.         0.         0.         0.
  0.32329093 0.         0.        ]
 [0.         0.         0.         0.18534609 0.10213463 0.
  0.24038129 0.         0.28745803 0.         0.14310082 0.
  0.04909397 0.         0.        ]
 [0.         0.         0.01335503 0.         0.06150359 0.
  0.1161376  0.         0.         0.         0.         0.
  0.04129536 0.         0.        ]
 [0.         0.         0.05699357 0.         0.29009219 0.
  0.         0.016374   0.15581307 0.09193662 0.29050442 0.
  0.30170577 0.         0.        ]
 [0.         0.         0.09352266 0.04112811 0.30368661 0.
  0.         0.         0.09026603 0.24320234 0.29781595 0.
  0.22511933 0.         0.        ]
 [0.         0.         0.         0.         0.08959877 0.04959278
  0.11170205 0.4408242  0.12363382 0.         0.         0.
  0.34385304 0.         0.        ]
 [0.16448074 0.         0.15110079 0.16007129 0.61596036 0.
  0.00506177 0.         0.13018526 0.1439515  0.69382851 0.11105346
  0.21187874 0.         0.        ]
 [1.16194607 1.05509614 0.69121921 0.41013339 0.26855285 0.56773763
  0.42166708 0.60226518 0.92125927 0.63685282 0.75463652 0.8419591
  0.18237205 0.72299413 0.40474443]]

12
----------------------------------------------------------------------------------
[[2.57595497e-02 3.21542392e-01 1.31529998e-01 2.69501415e+00
  2.31589756e-02 0.00000000e+00 0.00000000e+00 0.00000000e+00
  7.74703367e-01 0.00000000e+00 0.00000000e+00 0.00000000e+00
  4.04059244e-02 0.00000000e+00 9.85275959e-02]
 [0.00000000e+00 3.71379010e-01 0.00000000e+00 9.84291651e-01
  0.00000000e+00 2.08436629e-01 0.00000000e+00 0.00000000e+00
  7.59315388e-01 0.00000000e+00 2.62938402e-01 0.00000000e+00
  2.41329182e-01 0.00000000e+00 1.59502665e-02]
 [0.00000000e+00 0.00000000e+00 0.00000000e+00 6.04654463e-01
  0.00000000e+00 0.00000000e+00 0.00000000e+00 1.77194837e-01
  6.78481914e-01 0.00000000e+00 1.63810128e-01 0.00000000e+00
  1.64839974e-02 0.00000000e+00 0.00000000e+00]
 [0.00000000e+00 1.89771028e-01 1.12965329e-03 0.00000000e+00
  0.00000000e+00 0.00000000e+00 4.09194290e-01 1.06775038e+00
  6.16764137e-01 0.00000000e+00 6.72614963e-02 2.70442794e-01
  2.26276205e-01 0.00000000e+00 4.00223122e-01]
 [2.15526488e-01 1.93636444e-01 0.00000000e+00 2.43445251e-01
  0.00000000e+00 0.00000000e+00 0.00000000e+00 0.00000000e+00
  6.00568564e-01 0.00000000e+00 6.33373826e-02 6.51134975e-02
  1.24121429e-01 3.35384067e-01 1.81236264e-01]
 [0.00000000e+00 0.00000000e+00 0.00000000e+00 0.00000000e+00
  0.00000000e+00 0.00000000e+00 0.00000000e+00 3.36185983e-01
  5.53886259e-01 0.00000000e+00 1.35673929e-01 0.00000000e+00
  0.00000000e+00 0.00000000e+00 0.00000000e+00]
 [0.00000000e+00 6.95930886e-02 0.00000000e+00 0.00000000e+00
  0.00000000e+00 0.00000000e+00 0.00000000e+00 8.63247266e-01
  6.19092304e-01 0.00000000e+00 3.36039967e-01 0.00000000e+00
  3.53026017e-02 0.00000000e+00 1.77481238e-01]
 [3.22767846e-02 2.73418995e-01 3.51656824e-01 0.00000000e+00
  7.81394408e-02 0.00000000e+00 1.49834960e+00 6.01720950e+00
  0.00000000e+00 2.33654716e+00 1.14231512e+00 4.76723017e-01
  4.68038020e-01 0.00000000e+00 8.16637090e-02]
 [0.00000000e+00 1.20368527e-02 1.18367919e-01 0.00000000e+00
  5.20483833e-02 0.00000000e+00 1.00326651e+00 6.50595667e+00
  0.00000000e+00 1.92026789e+00 6.72413919e-01 3.82314507e-01
  0.00000000e+00 0.00000000e+00 0.00000000e+00]
 [0.00000000e+00 4.37467539e-03 1.25771685e-01 0.00000000e+00
  0.00000000e+00 5.41360463e-02 1.08182853e-01 7.87884197e-01
  0.00000000e+00 0.00000000e+00 1.10321442e-01 0.00000000e+00
  0.00000000e+00 0.00000000e+00 0.00000000e+00]
 [0.00000000e+00 0.00000000e+00 0.00000000e+00 0.00000000e+00
  0.00000000e+00 0.00000000e+00 1.86756417e-01 3.18957388e+00
  0.00000000e+00 5.42824031e-01 5.91283563e-01 5.23740513e-01
  0.00000000e+00 0.00000000e+00 0.00000000e+00]
 [0.00000000e+00 1.42482679e-01 2.74001321e-01 5.21466746e-01
  0.00000000e+00 0.00000000e+00 6.87183119e-01 2.83309678e+00
  0.00000000e+00 1.21928155e+00 3.80177281e-01 1.40629027e-01
  9.93196509e-02 0.00000000e+00 3.22093028e-01]
 [0.00000000e+00 1.92224831e-02 7.50683542e-02 0.00000000e+00
  0.00000000e+00 0.00000000e+00 0.00000000e+00 9.64407664e-01
  0.00000000e+00 4.96826105e-01 4.65530840e-01 8.72264217e-02
  0.00000000e+00 0.00000000e+00 0.00000000e+00]
 [0.00000000e+00 2.41171914e-02 5.24578626e-01 0.00000000e+00
  8.01486317e-02 1.99583299e+00 6.60512008e-01 0.00000000e+00
  3.37261213e-01 0.00000000e+00 1.84488026e-01 0.00000000e+00
  0.00000000e+00 2.63208893e-01 0.00000000e+00]
 [7.07424601e-02 0.00000000e+00 5.95219527e-01 0.00000000e+00
  1.26865236e-01 6.88782829e-01 5.42320390e-01 1.54243307e-01
  1.54819778e-01 0.00000000e+00 1.21702224e-01 1.00324615e-02
  0.00000000e+00 1.75656691e-01 0.00000000e+00]
 [3.30605388e-02 0.00000000e+00 1.20271529e-01 0.00000000e+00
  1.58768089e-01 2.62385674e-01 9.71059429e-02 1.52840081e-01
  5.62378778e-02 0.00000000e+00 5.35292446e-02 0.00000000e+00
  0.00000000e+00 2.25343139e-01 0.00000000e+00]
 [4.48272228e-02 9.54727552e-02 8.13321136e-01 4.73864722e-02
  0.00000000e+00 2.08583401e-01 4.04628412e-01 2.21267213e-02
  1.91291360e-02 0.00000000e+00 1.11689436e-01 7.61654121e-02
  0.00000000e+00 3.49350562e-01 0.00000000e+00]
 [4.04255069e-01 3.79880839e-01 2.01689611e-01 9.32571790e-01
  1.84845412e-01 3.58776671e-01 3.14781959e-01 3.07772383e-01
  2.95641428e-01 5.66021072e-01 2.60064976e-01 4.31285658e-01
  5.35800443e-01 5.32842904e-01 5.72475797e-01]]

13
----------------------------------------------------------------------------------
[[0.09074166 0.05474273 0.         0.46377629 0.         0.16627119
  0.         0.05781288 0.004377   0.15876923 0.3168382  0.49021945
  0.81780273 0.00209053 0.08566188]
 [0.         0.         0.11031679 0.70172851 0.         0.49848874
  0.         0.35894954 0.         0.24018352 0.55978969 0.20848703
  0.48476431 0.         0.07792433]
 [0.         0.11875009 0.         0.71534297 0.12254635 0.07662212
  0.         0.32401518 0.         0.         0.15326155 0.12351959
  0.23339869 0.         0.06786829]
 [0.         0.28072673 0.01801167 0.24634158 0.         0.
  0.         0.12919606 0.02758507 0.2917208  0.         0.4626266
  0.06993651 0.         0.40837355]
 [0.         0.         0.22974277 0.28871589 0.         0.26480505
  0.         0.38797912 0.         0.18100512 0.11921761 0.16100024
  0.10165088 0.         0.        ]
 [0.         0.         0.         0.42384051 0.18849469 0.11084403
  0.         0.21849899 0.         0.00465935 0.         0.08865506
  0.18517857 0.         0.        ]
 [0.07924812 0.         0.07346012 0.42125365 0.07146734 0.31280444
  0.         0.38983257 0.         0.10774761 0.         0.02628052
  0.17761394 0.         0.        ]
 [0.         0.25674282 0.26238629 0.14870282 0.         0.
  0.         0.         0.15496127 0.         0.         0.22373051
  0.05733867 0.         0.58974382]
 [0.0569108  0.00805784 0.48792016 0.12296337 0.         0.
  0.         0.08525578 0.         0.         0.         0.
  0.08100496 0.         0.00235181]
 [0.12516336 0.         0.         0.16393204 0.00958011 0.
  0.         0.05620363 0.         0.         0.         0.
  0.10887301 0.         0.        ]
 [0.         0.08434804 0.27749101 0.1169587  0.         0.07379951
  0.         0.19593203 0.         0.         0.         0.1249055
  0.05389644 0.         0.        ]
 [0.         0.11915496 0.49634671 0.         0.         0.
  0.         0.07936187 0.         0.         0.         0.
  0.04797874 0.         0.        ]
 [0.1575207  0.00409668 0.         0.         0.11658631 0.
  0.         0.1398199  0.         0.         0.         0.03890182
  0.09184039 0.         0.        ]
 [0.42174191 0.53931773 0.32288939 0.         0.         0.
  0.         0.         0.         0.         0.         0.
  0.27791743 0.         0.        ]
 [0.3634323  0.49244656 0.46745547 0.18097739 0.         0.
  0.         0.         0.         0.         0.         0.
  0.1637307  0.         0.        ]
 [0.5419809  0.22086019 0.00684552 0.         0.         0.
  0.         0.         0.         0.         0.         0.
  0.         0.         0.        ]
 [0.31588798 0.31926126 0.34093299 0.25679895 0.         0.
  0.         0.00615747 0.         0.         0.15127526 0.
  0.16555615 0.08682387 0.        ]
 [0.21332109 0.19668957 0.48897707 0.44947625 0.34993301 0.93399932
  0.43852486 0.23286438 0.58525241 0.76008033 0.81865714 0.65024158
  0.58134255 0.9407483  0.50552015]]

14
----------------------------------------------------------------------------------
[[0.00000000e+00 1.22833463e-01 0.00000000e+00 4.32247063e-01
  2.90071274e-01 5.50857797e-01 2.04558901e-01 3.82074479e-01
  3.61581459e-03 3.34585402e-01 1.42509154e-01 0.00000000e+00
  3.14246673e-01 0.00000000e+00 0.00000000e+00]
 [0.00000000e+00 7.93032590e-02 0.00000000e+00 2.41512581e-01
  2.01217677e-01 4.77354020e-01 3.68784594e-01 4.93236056e-01
  0.00000000e+00 1.39274778e-01 2.19791058e-01 0.00000000e+00
  8.38138704e-01 9.31070801e-02 0.00000000e+00]
 [0.00000000e+00 0.00000000e+00 1.28568006e-02 0.00000000e+00
  1.46467166e-01 1.78412031e-01 7.41116161e-03 2.72198854e-02
  0.00000000e+00 1.71103835e-01 1.08048181e-01 5.98395720e-02
  4.85125476e-01 0.00000000e+00 0.00000000e+00]
 [1.26606762e-02 4.62874801e-02 0.00000000e+00 1.27423293e-01
  2.03993978e-01 3.83925464e-02 0.00000000e+00 1.14465264e-01
  1.28248720e-01 2.54500666e-01 8.81016599e-02 0.00000000e+00
  0.00000000e+00 0.00000000e+00 2.48593275e+00]
 [0.00000000e+00 7.97455347e-02 2.66206429e-03 4.48770627e-01
  3.49609438e-01 9.60113997e-02 3.77965071e-01 4.97854758e-02
  2.43985866e-02 2.67456980e-01 1.24127790e-01 0.00000000e+00
  3.03100250e-01 1.98645982e-01 5.01261909e-01]
 [0.00000000e+00 0.00000000e+00 5.88644023e-02 0.00000000e+00
  1.41410158e-02 8.37390677e-02 1.62692548e-02 8.14498077e-02
  1.44321397e-01 3.06357323e-01 0.00000000e+00 0.00000000e+00
  8.61586866e-02 1.06923487e-01 1.24658714e+00]
 [0.00000000e+00 0.00000000e+00 5.12630890e-02 1.85078962e-01
  6.02576891e-02 1.97177688e-01 2.74818346e-01 8.91650420e-02
  1.30686367e-01 2.00861347e-01 0.00000000e+00 8.91149515e-02
  1.93169543e-01 2.79107595e-01 6.33194789e-01]
 [3.79083753e-02 1.78460483e-01 8.95961918e-02 2.48152650e-01
  1.09583200e-01 1.37133823e-03 0.00000000e+00 2.48349228e-01
  3.76177200e-01 1.00697238e-01 7.69364529e-02 0.00000000e+00
  0.00000000e+00 0.00000000e+00 6.47538709e+00]
 [3.01655671e-02 0.00000000e+00 2.81856292e-01 2.59702562e-01
  1.08912144e-01 9.94168877e-02 0.00000000e+00 3.73993935e-01
  5.84389909e-01 6.33701510e-02 1.41401778e-01 0.00000000e+00
  0.00000000e+00 0.00000000e+00 9.23005361e+00]
 [3.53685318e-02 4.67826236e-02 0.00000000e+00 0.00000000e+00
  5.23227662e-02 2.55611236e-02 0.00000000e+00 2.76565549e-02
  0.00000000e+00 8.87319717e-02 0.00000000e+00 0.00000000e+00
  1.29878347e-02 4.88449035e-02 7.78185217e-01]
 [0.00000000e+00 0.00000000e+00 1.49101867e-01 2.68940651e-01
  0.00000000e+00 6.16730806e-02 0.00000000e+00 2.48157534e-01
  4.04931972e-01 9.16055099e-02 0.00000000e+00 0.00000000e+00
  5.23083078e-02 1.53017450e-01 7.57809460e+00]
 [2.21580338e-01 5.58121876e-02 0.00000000e+00 2.30557601e-01
  1.33240152e-02 3.52702174e-02 0.00000000e+00 1.08650863e-01
  6.88849204e-02 7.89871898e-01 0.00000000e+00 0.00000000e+00
  0.00000000e+00 0.00000000e+00 3.85772255e+00]
 [0.00000000e+00 0.00000000e+00 0.00000000e+00 7.80408129e-02
  0.00000000e+00 2.99523325e-02 0.00000000e+00 7.13839013e-02
  5.85870048e-02 8.96186339e-02 0.00000000e+00 3.21826720e-02
  3.85339222e-02 0.00000000e+00 2.41687866e+00]
 [7.25211669e-02 2.46927388e-02 1.64614532e-01 2.23848194e-01
  0.00000000e+00 7.84440383e-01 7.32755024e-01 1.57269788e-01
  6.34220875e-01 7.68309961e-01 1.63833595e-01 3.74989138e-01
  0.00000000e+00 2.33226183e-01 3.00787457e-01]
 [5.43724502e-02 3.81982734e-02 4.64387812e-01 3.26351248e-01
  0.00000000e+00 9.68029006e-01 1.02047845e+00 1.23140574e-01
  6.05227124e-01 5.63842503e-01 4.26106791e-02 2.73446068e-01
  0.00000000e+00 1.68041001e-02 2.75594268e-01]
 [1.70487390e-02 0.00000000e+00 3.21146935e-02 1.21279274e-01
  0.00000000e+00 3.52496407e-01 3.07279762e-01 2.17272724e-01
  2.04694985e-01 2.52547543e-01 1.68117794e-01 1.30480261e-01
  0.00000000e+00 1.13264701e-01 7.44641618e-02]
 [1.00315577e-01 0.00000000e+00 1.00275305e-01 2.42687754e-01
  3.18134596e-02 8.21024482e-01 5.77581750e-01 1.03352026e-01
  5.24465723e-01 8.01582258e-01 0.00000000e+00 0.00000000e+00
  0.00000000e+00 7.72688956e-02 3.57929669e-01]
 [2.89605243e-01 2.16580782e-01 1.25053924e-01 3.95222585e-01
  4.83918754e-01 2.01845758e-03 4.36393073e-01 5.98380017e-03
  9.45266466e-02 8.71334872e-02 1.68553744e-01 3.32522820e-01
  6.74186229e-01 1.59195314e-01 3.01147019e-01]]

16
----------------------------------------------------------------------------------
[[2.11207899e-01 1.96055627e-01 3.49098804e-01 0.00000000e+00
  0.00000000e+00 0.00000000e+00 0.00000000e+00 1.13255722e+00
  1.72792824e-02 4.56829493e-02 0.00000000e+00 0.00000000e+00
  3.59286331e-01 1.85955310e-01 1.53690929e-01]
 [0.00000000e+00 3.39868927e-01 2.35276141e-01 2.02700438e-02
  3.35390989e-01 0.00000000e+00 0.00000000e+00 5.79869685e-01
  0.00000000e+00 6.78508038e-02 0.00000000e+00 0.00000000e+00
  3.96335108e-02 9.11585661e-03 2.71467842e-01]
 [0.00000000e+00 2.69953233e-01 4.09246349e-01 2.24465297e-02
  2.27012412e-01 4.40108869e-01 1.38999677e-01 2.43513305e-02
  0.00000000e+00 8.15680671e-02 0.00000000e+00 0.00000000e+00
  1.28443979e-01 1.57106989e-02 2.78126791e-01]
 [0.00000000e+00 2.20042932e-01 4.81734577e-01 0.00000000e+00
  0.00000000e+00 0.00000000e+00 3.36213054e-01 2.86029595e-01
  0.00000000e+00 6.35032392e-02 0.00000000e+00 0.00000000e+00
  3.01756188e-01 5.59680067e-02 3.20636613e-01]
 [0.00000000e+00 4.65860677e-01 2.26220703e-01 0.00000000e+00
  0.00000000e+00 0.00000000e+00 3.36059179e-01 0.00000000e+00
  0.00000000e+00 1.18188329e-01 0.00000000e+00 0.00000000e+00
  3.70996682e-01 0.00000000e+00 8.70477196e-02]
 [8.46746485e-02 1.52801329e-01 1.89019064e-01 0.00000000e+00
  7.13947138e-02 1.97431662e-01 0.00000000e+00 1.09861417e-01
  3.16149041e-02 2.13428524e-02 0.00000000e+00 0.00000000e+00
  1.40695972e-01 5.23381107e-03 1.71941044e-01]
 [0.00000000e+00 1.07445333e+00 2.39429146e-01 0.00000000e+00
  0.00000000e+00 2.91169041e-01 0.00000000e+00 1.07114888e-01
  0.00000000e+00 1.21054795e-01 0.00000000e+00 0.00000000e+00
  1.84424206e-01 0.00000000e+00 1.32924334e-01]
 [1.45900851e+00 2.67247038e-01 6.75178576e-01 1.47331083e-01
  0.00000000e+00 0.00000000e+00 2.11990663e-02 0.00000000e+00
  0.00000000e+00 1.95648657e-01 0.00000000e+00 0.00000000e+00
  9.19825478e-03 1.18785213e-01 5.97358142e-02]
 [8.03250581e-01 9.27377976e-01 9.43109592e-01 3.41362317e-01
  0.00000000e+00 0.00000000e+00 0.00000000e+00 6.71593751e-02
  0.00000000e+00 3.79347118e-01 0.00000000e+00 0.00000000e+00
  1.58697558e-01 2.45391944e-02 1.84932625e-01]
 [0.00000000e+00 0.00000000e+00 2.48308806e-01 0.00000000e+00
  3.53464818e-02 0.00000000e+00 0.00000000e+00 0.00000000e+00
  8.68904076e-02 6.87125057e-02 0.00000000e+00 0.00000000e+00
  4.87669227e-02 2.20778401e-02 1.80748778e-01]
 [5.31439997e-01 2.38755659e-01 9.07147663e-01 3.59687780e-01
  5.01391491e-02 1.73906566e-01 1.44765487e-03 0.00000000e+00
  1.15484884e-02 1.50761161e-01 0.00000000e+00 0.00000000e+00
  1.87185895e-02 0.00000000e+00 9.98414807e-02]
 [5.39332479e-02 1.96527018e-01 4.01017797e-01 0.00000000e+00
  0.00000000e+00 0.00000000e+00 0.00000000e+00 0.00000000e+00
  0.00000000e+00 1.49222148e-01 0.00000000e+00 0.00000000e+00
  0.00000000e+00 0.00000000e+00 1.99610894e-01]
 [4.55749282e-01 2.49563204e-02 3.36593039e-01 0.00000000e+00
  5.58259964e-02 0.00000000e+00 0.00000000e+00 0.00000000e+00
  0.00000000e+00 6.58278838e-02 0.00000000e+00 0.00000000e+00
  9.18708192e-03 0.00000000e+00 6.79766139e-02]
 [0.00000000e+00 0.00000000e+00 0.00000000e+00 0.00000000e+00
  0.00000000e+00 0.00000000e+00 1.11295216e-01 0.00000000e+00
  0.00000000e+00 4.16480687e-03 3.29060562e-01 1.79197859e-01
  8.53623650e-02 0.00000000e+00 9.53805905e-02]
 [0.00000000e+00 0.00000000e+00 0.00000000e+00 0.00000000e+00
  0.00000000e+00 0.00000000e+00 3.32102054e-03 0.00000000e+00
  0.00000000e+00 6.03082496e-02 2.10385968e-01 2.54852524e-01
  1.01985077e-01 0.00000000e+00 1.43198892e-01]
 [0.00000000e+00 0.00000000e+00 0.00000000e+00 0.00000000e+00
  1.54141234e-01 0.00000000e+00 0.00000000e+00 4.39055448e-02
  0.00000000e+00 8.60447540e-02 0.00000000e+00 2.23180385e-01
  1.37012432e-01 3.80324492e-02 5.28773847e-02]
 [0.00000000e+00 0.00000000e+00 4.99845749e-02 1.44890402e-01
  0.00000000e+00 0.00000000e+00 0.00000000e+00 0.00000000e+00
  5.06400843e-02 8.07334932e-02 3.43034325e-01 7.35204779e-02
  0.00000000e+00 4.15376547e-02 1.87253356e-01]
 [3.95775518e-01 5.66502808e-01 3.49959387e-01 5.30425940e-01
  6.28960582e-01 6.64092610e-01 5.04639236e-01 4.10795215e-01
  6.35876295e-02 1.86255842e-02 2.76980406e-01 4.14882686e-01
  2.17630933e-01 4.92663692e-02 6.41325306e-02]]

17
----------------------------------------------------------------------------------
[[0.         0.1016948  0.         0.00398804 0.07850857 0.50728546
  0.         0.         0.12341634 0.         0.         0.08374419
  0.         0.         0.        ]
 [0.06688265 0.23085346 0.         0.00161302 0.         0.15065407
  0.         0.         0.2892343  0.         0.         0.01746597
  0.41726739 0.         0.        ]
 [0.11798242 0.35679936 0.         0.18836451 0.07934376 0.02865902
  0.07267235 0.16199915 0.         0.         0.         0.29905294
  0.         0.00070045 0.        ]
 [0.02210682 0.66598477 0.         0.02145035 0.         0.
  0.         0.         0.         0.         0.         0.1096379
  0.         0.00539261 0.        ]
 [0.00541394 0.47435674 0.         0.06878417 0.         0.
  0.         0.         0.         0.01403451 0.         0.06978779
  0.         0.         0.        ]
 [0.         0.1958189  0.         0.27595639 0.         0.
  0.3080642  0.         0.         0.         0.0363382  0.12970203
  0.         0.01403539 0.        ]
 [0.         0.26971331 0.         0.51341587 0.         0.
  0.28386276 0.         0.         0.         0.         0.3338856
  0.16023819 0.00376504 0.        ]
 [0.         0.22508159 0.         0.22934567 0.         0.03311643
  0.         0.         0.10024519 0.         0.         0.30065117
  0.         0.01067636 0.        ]
 [0.27445507 0.         0.         0.37349583 0.         0.
  0.19604138 0.         0.         0.         0.01098914 0.16592207
  0.         0.11001458 0.        ]
 [0.         0.16275119 0.         0.09994289 0.         0.00672238
  0.08755265 0.         0.         0.06575328 0.         0.
  0.         0.1525637  0.        ]
 [0.         0.07771725 0.         0.36689831 0.01888648 0.
  0.19564087 0.         0.         0.         0.         0.09308994
  0.         0.02687719 0.        ]
 [0.         0.17459611 0.         0.07834763 0.         0.
  0.         0.         0.         0.         0.         0.05679581
  0.         0.01044265 0.        ]
 [0.         0.03936199 0.         0.21821231 0.03738515 0.
  0.10749844 0.         0.         0.04163395 0.         0.00868844
  0.         0.00947381 0.        ]
 [0.00923397 0.28329117 0.         0.11016959 0.02152088 0.
  0.         0.         0.13519354 0.15522834 0.02185499 0.06508472
  0.         0.11234892 0.        ]
 [0.01866668 0.31924969 0.         0.09859693 0.         0.
  0.         0.         0.23847691 0.27177179 0.10174641 0.18094108
  0.         0.12223351 0.        ]
 [0.09598247 0.23660227 0.         0.03929652 0.04454715 0.
  0.         0.         0.07601679 0.         0.04861471 0.2019986
  0.         0.12879424 0.        ]
 [0.         0.28092284 0.         0.0154707  0.         0.
  0.         0.         0.31544221 0.         0.13237736 0.01102424
  0.         0.11740792 0.        ]
 [0.20795065 0.36032527 0.66472233 0.00268338 0.07497704 0.13699279
  0.37093878 0.55496721 0.38132625 0.24947257 0.42171663 0.02134144
  0.39377941 0.00506065 0.25862027]]

18
----------------------------------------------------------------------------------
[[0.148817   0.17183109 0.         0.09268954 0.02473896 0.61690641
  0.34304237 0.24623681 0.00365431 0.         0.82146865 0.
  0.45688696 0.02840096 0.        ]
 [0.14260849 0.63564327 0.         0.         0.0097681  0.4567389
  0.13692677 0.19345733 0.40398477 0.         0.03978638 0.09296251
  0.10518028 0.21702599 0.        ]
 [0.16061732 0.24531244 0.         0.         0.08670823 0.37692376
  0.06897615 0.         0.         0.         0.         0.
  0.         0.12503956 0.        ]
 [0.09268183 0.38296257 0.         0.         0.         0.49355995
  0.         0.11916208 0.         0.         0.44749856 0.
  0.00733719 0.04945444 0.        ]
 [0.00596037 0.26183114 0.         0.         0.         0.56392422
  0.         0.28485186 0.         0.         0.18325241 0.
  0.         0.08918336 0.        ]
 [0.         0.23244658 0.02667243 0.         0.         0.12996698
  0.         0.05220881 0.         0.         0.         0.
  0.         0.08408311 0.        ]
 [0.05167003 0.65284082 0.         0.         0.         0.30276841
  0.         0.37117764 0.         0.         0.03782011 0.
  0.         0.18360403 0.        ]
 [0.26979528 0.64043245 0.24631151 0.         0.         0.09989107
  0.         0.16620753 0.         0.         0.08630426 0.10887939
  0.         0.03187631 0.        ]
 [0.15160477 0.79211599 0.16544531 0.         0.01968438 0.22327298
  0.         0.59924426 0.         0.         0.         0.29552098
  0.         0.         0.        ]
 [0.         0.         0.08953044 0.         0.         0.10920125
  0.         0.         0.0130615  0.         0.02740245 0.
  0.         0.1181249  0.        ]
 [0.         0.76304284 0.11317256 0.         0.         0.1091364
  0.         0.42271056 0.         0.         0.         0.
  0.         0.         0.        ]
 [0.07279294 0.60042284 0.         0.         0.         0.29302177
  0.         0.         0.         0.         0.         0.
  0.29569296 0.13348166 0.        ]
 [0.         0.38094063 0.         0.         0.         0.12371779
  0.         0.19451725 0.         0.         0.         0.
  0.         0.         0.        ]
 [0.11115749 0.00896413 0.00444291 0.         0.         0.
  0.09495746 0.         0.         0.         0.         0.
  0.         0.         0.        ]
 [0.08263587 0.         0.01866904 0.         0.         0.
  0.12990546 0.         0.         0.01525217 0.         0.
  0.         0.         0.        ]
 [0.         0.         0.         0.         0.         0.
  0.01388835 0.         0.         0.         0.         0.
  0.         0.00499158 0.        ]
 [0.37570736 0.15534766 0.         0.08540118 0.         0.12624357
  0.         0.         0.         0.         0.16160424 0.
  0.         0.         0.        ]
 [0.42294697 0.58854075 0.28354036 0.63251021 0.35725545 0.45438825
  0.46829419 0.28555883 0.22683075 0.22448753 0.44111208 0.2887389
  0.72138272 0.46450595 0.34983035]]

19
----------------------------------------------------------------------------------
[[2.28227594e-01 0.00000000e+00 0.00000000e+00 0.00000000e+00
  3.19912581e-02 8.59844120e-02 0.00000000e+00 0.00000000e+00
  6.44472763e-01 0.00000000e+00 7.67399815e-01 7.96758655e-03
  0.00000000e+00 7.81284883e-01 3.77252762e-01]
 [4.26645246e-01 0.00000000e+00 0.00000000e+00 0.00000000e+00
  0.00000000e+00 0.00000000e+00 3.85085627e-02 1.71678088e-01
  3.56017883e-01 0.00000000e+00 4.97776500e-01 1.19922566e-01
  0.00000000e+00 1.13189229e-01 3.95263106e-01]
 [1.39126840e-01 0.00000000e+00 8.08379863e-03 0.00000000e+00
  0.00000000e+00 0.00000000e+00 0.00000000e+00 0.00000000e+00
  3.27155116e-01 0.00000000e+00 1.83068033e-01 4.75601324e-02
  0.00000000e+00 5.35164097e-02 2.45937092e-01]
 [1.06705178e-01 0.00000000e+00 0.00000000e+00 0.00000000e+00
  5.74180787e-02 2.92948644e-01 0.00000000e+00 0.00000000e+00
  3.17453278e-01 0.00000000e+00 2.56475800e-01 1.42385123e-01
  0.00000000e+00 2.25314140e-01 1.91412000e-01]
 [3.48794503e-02 2.87282883e-03 0.00000000e+00 1.04160990e-01
  1.68847838e-01 1.79801111e-01 0.00000000e+00 3.19980146e-01
  4.57585151e-01 0.00000000e+00 9.74967024e-03 5.63929466e-02
  0.00000000e+00 2.16834980e-01 1.82526393e-02]
 [0.00000000e+00 0.00000000e+00 0.00000000e+00 0.00000000e+00
  4.94494367e-02 0.00000000e+00 0.00000000e+00 1.33939867e-02
  1.80782678e-01 0.00000000e+00 0.00000000e+00 2.55249305e-01
  0.00000000e+00 2.55213281e-02 3.07416751e-01]
 [1.53918030e-01 0.00000000e+00 0.00000000e+00 4.37528582e-02
  1.59925494e-01 4.08036948e-02 0.00000000e+00 4.81142931e-02
  1.65040042e-01 0.00000000e+00 2.63755623e-01 9.13718442e-02
  0.00000000e+00 1.96085484e-01 1.22883303e-01]
 [1.62058439e-01 0.00000000e+00 0.00000000e+00 1.29273789e-01
  1.66223208e-02 0.00000000e+00 0.00000000e+00 0.00000000e+00
  1.90688468e-02 1.75983102e-01 4.46520084e-02 1.27098016e-01
  1.18827277e-01 5.55832895e-02 1.61409421e-01]
 [8.14951510e-02 0.00000000e+00 0.00000000e+00 5.85206947e-01
  7.84717845e-01 2.92420449e-01 0.00000000e+00 4.82809199e-02
  2.48546306e-01 0.00000000e+00 4.26440886e-02 3.74882882e-01
  0.00000000e+00 7.43081866e-02 2.42893410e-01]
 [0.00000000e+00 0.00000000e+00 0.00000000e+00 0.00000000e+00
  0.00000000e+00 0.00000000e+00 0.00000000e+00 6.09094800e-02
  2.02831137e-02 0.00000000e+00 0.00000000e+00 1.10309729e-01
  0.00000000e+00 1.46111607e-01 4.78137719e-01]
 [0.00000000e+00 0.00000000e+00 0.00000000e+00 3.88588249e-01
  4.57039387e-01 0.00000000e+00 0.00000000e+00 2.53655610e-02
  5.53657301e-02 0.00000000e+00 0.00000000e+00 3.46310797e-01
  0.00000000e+00 1.11987882e-01 2.54835391e-01]
 [0.00000000e+00 8.37667846e-02 0.00000000e+00 0.00000000e+00
  3.80627976e-02 0.00000000e+00 0.00000000e+00 1.47011268e-01
  0.00000000e+00 0.00000000e+00 1.07775530e-04 3.09392970e-02
  0.00000000e+00 2.88271501e-02 1.77776038e-01]
 [0.00000000e+00 0.00000000e+00 0.00000000e+00 1.05551644e-01
  1.67367779e-01 0.00000000e+00 0.00000000e+00 3.93490246e-02
  6.18300061e-02 0.00000000e+00 0.00000000e+00 1.68419203e-01
  1.83042458e-02 8.32230523e-02 1.43508724e-01]
 [3.72537201e-02 0.00000000e+00 0.00000000e+00 0.00000000e+00
  0.00000000e+00 0.00000000e+00 0.00000000e+00 1.52344295e-01
  0.00000000e+00 0.00000000e+00 0.00000000e+00 9.14485747e-03
  4.19932652e-02 8.42630736e-02 1.28296036e-01]
 [4.62614994e-03 0.00000000e+00 0.00000000e+00 0.00000000e+00
  0.00000000e+00 0.00000000e+00 0.00000000e+00 1.88946154e-01
  3.76053920e-02 0.00000000e+00 0.00000000e+00 8.88823512e-03
  2.60275524e-01 8.19827884e-02 1.24486506e-01]
 [0.00000000e+00 0.00000000e+00 0.00000000e+00 1.06500087e-01
  0.00000000e+00 0.00000000e+00 0.00000000e+00 0.00000000e+00
  0.00000000e+00 0.00000000e+00 0.00000000e+00 9.41161829e-03
  9.85834075e-02 1.37115180e-01 6.36689543e-02]
 [0.00000000e+00 0.00000000e+00 0.00000000e+00 0.00000000e+00
  0.00000000e+00 0.00000000e+00 0.00000000e+00 4.52355330e-01
  0.00000000e+00 0.00000000e+00 2.87895433e-01 3.14888834e-04
  3.18747784e-01 7.46824298e-02 1.23991684e-03]
 [9.96986958e-02 8.03433102e-01 2.36088936e-01 4.05261816e-01
  2.48539022e-01 3.25193770e-01 3.49038018e-01 4.64653300e-01
  4.22941007e-01 2.69236131e-01 3.31037595e-01 5.86176709e-04
  1.64140501e-01 5.54332214e-03 1.36037381e-03]]

20
----------------------------------------------------------------------------------
[[1.98236806e-01 2.35252965e-01 0.00000000e+00 0.00000000e+00
  0.00000000e+00 3.65944565e-03 1.02720403e+00 8.62439684e-01
  0.00000000e+00 7.96878526e-01 2.64833326e+00 1.71125164e+00
  3.51487552e-01 2.16027326e-01 2.82454999e-01]
 [2.26461367e-01 7.77833571e-02 0.00000000e+00 0.00000000e+00
  2.43030899e-02 9.02417566e-01 1.28766255e+00 1.89963814e+00
  1.37550061e+00 4.46606734e-01 9.66140840e-01 3.03753648e-01
  8.24509326e-01 1.05994859e+00 1.85080298e-01]
 [5.63831552e-02 1.87550278e-01 5.68462852e-02 7.48328261e-02
  9.74411352e-02 8.89898489e-01 1.56750141e+00 1.53904846e+00
  1.44943441e+00 1.15527045e+00 1.19170723e+00 2.06692073e+00
  9.22422897e-01 8.36364120e-01 2.37082616e-01]
 [6.49387617e-02 1.97151126e-01 0.00000000e+00 0.00000000e+00
  0.00000000e+00 0.00000000e+00 2.36066645e-01 0.00000000e+00
  5.68566260e-01 5.24328062e-01 7.03384012e-01 1.14474440e+00
  9.19942528e-01 4.15264588e-01 4.21448152e-01]
 [4.13046334e-02 4.58539593e-02 0.00000000e+00 0.00000000e+00
  2.19049878e-01 5.43628444e-01 5.94131584e-01 4.69439755e-01
  9.89174171e-01 3.01847115e-01 4.42809502e-01 0.00000000e+00
  7.46830033e-01 5.57801530e-01 1.53033954e-01]
 [1.30124590e-01 1.94418200e-01 8.55274704e-02 2.12267141e-01
  2.91718618e-01 7.58251586e-01 6.22969338e-01 6.68449292e-01
  1.54123063e+00 5.72967783e-01 4.04321238e-01 2.39093876e-01
  4.80433192e-01 3.16307140e-01 1.55870421e-01]
 [1.17012559e-01 2.07343593e-01 0.00000000e+00 0.00000000e+00
  1.87925288e-01 6.70330869e-01 5.56080920e-01 3.36318870e-01
  1.03617640e+00 5.81255296e-01 3.80053956e-01 0.00000000e+00
  5.00132202e-01 2.10249618e-01 4.53426788e-02]
 [3.26830400e-01 1.55656270e-01 0.00000000e+00 0.00000000e+00
  0.00000000e+00 0.00000000e+00 0.00000000e+00 0.00000000e+00
  2.20823414e+00 3.38065893e-02 4.28639979e-01 1.07454209e+00
  1.27547602e+00 2.48822534e-01 2.21006121e-01]
 [2.41815895e-02 1.86960150e-01 0.00000000e+00 7.40308241e-02
  0.00000000e+00 0.00000000e+00 0.00000000e+00 0.00000000e+00
  6.55842605e+00 3.70759510e-01 0.00000000e+00 0.00000000e+00
  1.61280621e+00 1.03493775e+00 5.55747258e-01]
 [1.31116130e-01 3.41376562e-01 1.92781970e-02 1.42494820e-01
  0.00000000e+00 4.17226423e-01 4.90619882e-01 2.49217869e-01
  1.99923369e-01 0.00000000e+00 0.00000000e+00 1.25995591e-02
  2.41782734e-01 0.00000000e+00 4.48585155e-02]
 [0.00000000e+00 2.14030677e-01 0.00000000e+00 0.00000000e+00
  2.22236408e-01 5.56864074e-01 2.18462467e-01 2.16108679e-02
  1.72160531e+00 3.25526081e-01 3.94635771e-01 3.05090548e-01
  6.67720060e-01 1.54464898e-01 2.30027402e-01]
 [2.04544606e-01 9.43470077e-02 0.00000000e+00 0.00000000e+00
  0.00000000e+00 0.00000000e+00 0.00000000e+00 0.00000000e+00
  9.98825712e-01 4.36105679e-01 0.00000000e+00 0.00000000e+00
  4.42788109e-01 4.10058375e-02 0.00000000e+00]
 [1.08354905e-01 1.58093471e-01 0.00000000e+00 2.59134608e-02
  1.69544512e-01 5.64007733e-01 1.03017599e-01 0.00000000e+00
  0.00000000e+00 4.18758855e-02 1.31922458e-01 2.64400151e-01
  6.85839769e-01 1.49755457e-01 2.39363797e-01]
 [5.99979616e-02 5.69504530e-02 2.19928773e-02 1.38848561e-01
  0.00000000e+00 0.00000000e+00 7.46377816e-02 0.00000000e+00
  0.00000000e+00 0.00000000e+00 0.00000000e+00 0.00000000e+00
  0.00000000e+00 2.83768734e-02 7.25097456e-02]
 [1.31045909e-02 2.65495176e-02 2.43329833e-02 1.45412031e-01
  4.34498958e-02 0.00000000e+00 2.21760886e-01 0.00000000e+00
  0.00000000e+00 0.00000000e+00 0.00000000e+00 0.00000000e+00
  0.00000000e+00 0.00000000e+00 0.00000000e+00]
 [2.02040554e-01 1.46025300e-01 7.71090682e-02 9.36565426e-02
  2.89606751e-03 2.94185852e-02 3.51078631e-01 0.00000000e+00
  0.00000000e+00 0.00000000e+00 0.00000000e+00 0.00000000e+00
  0.00000000e+00 0.00000000e+00 0.00000000e+00]
 [4.27394385e-02 0.00000000e+00 0.00000000e+00 0.00000000e+00
  0.00000000e+00 0.00000000e+00 0.00000000e+00 0.00000000e+00
  0.00000000e+00 0.00000000e+00 0.00000000e+00 0.00000000e+00
  0.00000000e+00 0.00000000e+00 0.00000000e+00]
 [3.70846433e-02 2.73904792e-01 1.75615720e-02 1.89752749e-01
  9.39717890e-01 1.44668246e+00 1.72621961e+00 2.27629284e+00
  2.69701688e+00 2.63038582e+00 2.39905963e+00 2.19132200e+00
  1.71922678e+00 1.50787596e+00 1.05811853e+00]]

21
----------------------------------------------------------------------------------
[[0.21436657 0.         0.         0.         0.34831864 1.81885258
  0.9194145  0.76194699 0.38302587 0.95242841 0.94252527 0.
  0.551453   0.16862426 0.        ]
 [0.         0.         0.         0.10920063 0.03702054 0.19955702
  0.82574145 1.46065486 0.95851619 0.80243696 0.76297379 0.
  0.         0.38344957 0.        ]
 [0.         0.         0.         0.03058051 0.         0.51824064
  1.17763698 0.99077801 1.0026731  0.97074454 0.73736067 0.25532597
  0.34430258 0.16904728 0.        ]
 [0.09269051 0.         0.         0.         0.22667054 1.00050524
  0.65307803 0.32005591 0.14211624 0.58322466 0.52087015 0.
  0.31819573 0.09458965 0.        ]
 [0.         0.         0.         0.08266595 0.2628602  0.34623275
  0.51320723 0.34499584 0.07083703 1.1128498  0.43368149 0.
  0.         0.22336823 0.        ]
 [0.         0.         0.         0.         0.         0.02644209
  0.50880399 0.31152411 0.46695816 0.81980656 0.36762637 0.12807251
  0.15639321 0.19519174 0.        ]
 [0.         0.         0.         0.         0.39254226 0.04874006
  0.47418341 0.51816185 0.20939452 0.7472014  0.14787599 0.30035013
  0.17244227 0.26183062 0.0635416 ]
 [0.         0.         0.         0.         0.16280334 0.69492393
  0.70839492 0.12248834 0.         0.15838257 0.32609834 0.
  0.26179091 0.31702929 0.        ]
 [0.         0.         0.         0.         0.10100667 0.40314402
  0.45092619 0.04328999 0.19390919 0.         0.13974665 0.05023116
  0.17400833 0.         0.        ]
 [0.         0.04866398 0.         0.         0.         0.
  0.         0.10109181 0.08760576 0.47145455 0.3620434  0.40380679
  0.08234678 0.05156381 0.05365111]
 [0.         0.         0.         0.         0.         0.12538161
  0.         0.29473148 0.         0.29076243 0.42651799 0.08031448
  0.06751175 0.09357431 0.10305625]
 [0.14727017 0.         0.         0.         0.         0.40729081
  0.         0.0218155  0.14503115 0.01422357 0.17351478 0.
  0.19854672 0.         0.        ]
 [0.         0.         0.         0.         0.         0.
  0.         0.         0.         0.36680812 0.26591489 0.12445053
  0.15026228 0.00810749 0.        ]
 [0.         0.         0.21656493 0.23686942 0.0400961  0.06548922
  0.         0.         0.         0.         0.24096273 0.06025616
  0.         0.         0.17406264]
 [0.         0.         0.06105626 0.         0.         0.1104675
  0.22927095 0.0155074  0.         0.         0.2810772  0.
  0.         0.01572566 0.14175329]
 [0.         0.         0.         0.         0.         0.
  0.         0.         0.         0.20402403 0.06347214 0.24499914
  0.         0.         0.        ]
 [0.07774575 0.         0.         0.         0.11801831 0.41348246
  0.10014667 0.         0.         0.         0.         0.03105205
  0.05619468 0.         1.17631041]
 [0.77528821 0.76121588 0.87550603 0.91411166 0.98815976 1.47138772
  1.5898884  1.76376578 1.67494564 1.06163388 1.12238408 0.91018342
  0.87180468 1.01207721 0.75065665]]

21
----------------------------------------------------------------------------------
[[0.00000000e+00 4.31187334e-02 3.12327247e-01 6.14672600e-01
  0.00000000e+00]
 [0.00000000e+00 3.05105722e-01 0.00000000e+00 9.00542704e-01
  0.00000000e+00]
 [1.17431568e-01 1.80977260e-01 2.20391755e-01 4.11484397e-01
  7.67234022e-02]
 [0.00000000e+00 3.35514099e-02 1.66419941e-01 4.85327819e-01
  0.00000000e+00]
 [0.00000000e+00 7.81140874e-02 0.00000000e+00 5.21426872e-01
  0.00000000e+00]
 [1.16186453e-01 6.61149790e-02 1.10400311e-01 2.66363676e-01
  9.41953300e-02]
 [0.00000000e+00 4.04239010e-02 1.02437760e-01 4.08587495e-01
  0.00000000e+00]
 [0.00000000e+00 1.19349835e-01 3.67987993e-02 0.00000000e+00
  0.00000000e+00]
 [0.00000000e+00 8.97123676e-03 6.76115516e-02 0.00000000e+00
  0.00000000e+00]
 [0.00000000e+00 0.00000000e+00 2.04165517e-01 0.00000000e+00
  1.01246412e-01]
 [2.81832737e-02 0.00000000e+00 8.87711781e-02 2.76123130e-01
  1.35952643e-01]
 [0.00000000e+00 7.45450657e-02 3.42669196e-03 1.04630006e-01
  0.00000000e+00]
 [0.00000000e+00 0.00000000e+00 5.36716139e-02 1.31284910e-01
  0.00000000e+00]
 [1.80097974e-02 4.95240652e-01 0.00000000e+00 0.00000000e+00
  1.72493882e-01]
 [2.31997275e-01 3.94513786e-01 0.00000000e+00 0.00000000e+00
  1.37015292e-01]
 [0.00000000e+00 6.29397221e-01 2.93216522e-01 1.59012404e-01
  2.23218642e-01]
 [0.00000000e+00 6.55477911e-04 0.00000000e+00 0.00000000e+00
  1.55513543e-01]
 [7.13814464e-01 7.09478204e-01 6.70171595e-01 3.25773433e-01
  1.88136903e-01]]