

1
----------------------------------------------------------------------------------
[[nan nan nan nan nan nan nan nan nan nan nan nan nan nan nan]
 [nan nan nan nan nan nan nan nan nan nan nan nan nan nan nan]
 [nan nan nan nan nan nan nan nan nan nan nan nan nan nan nan]
 [nan nan nan nan nan nan nan nan nan nan nan nan nan nan nan]
 [nan nan nan nan nan nan nan nan nan nan nan nan nan nan nan]
 [nan nan nan nan nan nan nan nan nan nan nan nan nan nan nan]
 [nan nan nan nan nan nan nan nan nan nan nan nan nan nan nan]
 [nan nan nan nan nan nan nan nan nan nan nan nan nan nan nan]
 [nan nan nan nan nan nan nan nan nan nan nan nan nan nan nan]
 [nan nan nan nan nan nan nan nan nan nan nan nan nan nan nan]
 [nan nan nan nan nan nan nan nan nan nan nan nan nan nan nan]
 [nan nan nan nan nan nan nan nan nan nan nan nan nan nan nan]
 [nan nan nan nan nan nan nan nan nan nan nan nan nan nan nan]
 [nan nan nan nan nan nan nan nan nan nan nan nan nan nan nan]
 [nan nan nan nan nan nan nan nan nan nan nan nan nan nan nan]
 [nan nan nan nan nan nan nan nan nan nan nan nan nan nan nan]
 [nan nan nan nan nan nan nan nan nan nan nan nan nan nan nan]
 [nan nan nan nan nan nan nan nan nan nan nan nan nan nan nan]]

2
----------------------------------------------------------------------------------
[[0.19416683 0.21209704 0.01509058 0.         0.         0.45082197
  0.         0.07074267 0.         0.         0.         0.
  0.         0.         0.10317445]
 [0.5650649  0.01991957 0.43340344 0.         0.         0.
  0.16308967 0.         0.         0.         0.0391699  0.
  0.03718798 0.14428335 0.10108844]
 [0.92623171 0.         0.30145842 0.24463283 0.         0.57650826
  0.         0.04302669 0.         0.024976   0.09107481 0.
  0.388793   0.         0.36603157]
 [0.51385131 0.         0.21061701 0.         0.         0.2160547
  0.         0.07228285 0.         0.         0.         0.
  0.         0.         0.        ]
 [0.64191257 0.         0.0823943  0.         0.05650751 0.
  0.26024612 0.03631197 0.47497356 0.         0.34431021 0.
  0.24286744 0.         0.0488955 ]
 [0.61685644 0.         0.14724726 0.03666175 0.         0.
  0.06963798 0.04384009 0.         0.         0.24720589 0.
  0.15958421 0.         0.        ]
 [0.72808012 0.         0.03733039 0.         0.12677551 0.0062627
  0.31171944 0.         0.34460409 0.         0.27214445 0.0339278
  0.41399634 0.01492253 0.09590754]
 [0.41332575 0.12210902 0.67864406 0.         0.         0.54140651
  0.         0.16993533 0.         0.         0.         0.
  0.         0.         0.        ]
 [0.91063826 0.         0.80821722 0.04361542 0.         0.34751908
  0.         0.0463187  0.         0.         0.0454385  0.
  0.         0.         0.        ]
 [0.6242771  0.26650107 0.33670742 0.58042796 0.         0.82935384
  0.         0.15703908 0.         0.04071484 0.         0.
  0.         0.07568578 0.        ]
 [0.99002828 0.05635102 0.36346633 0.43551459 0.         0.
  0.01963969 0.0476455  0.         0.02154347 0.02558664 0.
  0.02235663 0.09537601 0.06522942]
 [0.66402218 0.0407121  0.17622256 0.21952155 0.         0.45122717
  0.         0.01070191 0.         0.         0.         0.
  0.         0.         0.        ]
 [0.4258455  0.49716037 0.01054688 0.23036352 0.00587991 0.2734971
  0.         0.         0.         0.         0.31007529 0.
  0.84085583 0.11562385 0.30746861]
 [0.         0.03946457 0.07777191 0.         0.         0.
  0.08596998 0.0327603  0.         0.         0.09506722 0.18468876
  0.07204358 0.20058566 0.22613595]
 [0.         0.         0.00737654 0.         0.         0.
  0.         0.1793228  0.21475109 0.         0.         0.12492096
  0.22136921 0.09239245 0.44811624]
 [0.         0.07032798 0.         0.         0.         0.
  0.         0.         0.         0.         0.         0.
  0.31201161 0.         0.35308771]
 [0.         0.         0.24395376 0.         0.         0.
  0.         0.         0.         0.         0.         0.
  0.03224735 0.         0.00397539]
 [1.51295895 0.46603988 0.31747166 1.63937277 1.38193796 1.02345736
  1.51965185 1.28147716 1.83512902 1.25624517 1.11002985 1.01157764
  0.993963   0.65296317 0.54787842]]

3
----------------------------------------------------------------------------------
[[0.00000000e+00 0.00000000e+00 0.00000000e+00 1.53706712e-01
  0.00000000e+00 0.00000000e+00 1.26445460e-01 0.00000000e+00
  0.00000000e+00 2.22750496e-01 0.00000000e+00 3.73867791e-02
  3.44730093e-01 3.29428549e-01 0.00000000e+00]
 [0.00000000e+00 0.00000000e+00 0.00000000e+00 0.00000000e+00
  1.83580277e-02 5.94092097e-01 1.14640212e-01 5.45095634e-01
  3.90328025e-02 0.00000000e+00 0.00000000e+00 2.39048758e-02
  6.02649728e-01 0.00000000e+00 0.00000000e+00]
 [5.36520907e-02 0.00000000e+00 0.00000000e+00 0.00000000e+00
  1.22241883e-01 0.00000000e+00 0.00000000e+00 5.28397119e-02
  0.00000000e+00 0.00000000e+00 0.00000000e+00 5.57742981e-01
  0.00000000e+00 3.98096010e-01 0.00000000e+00]
 [0.00000000e+00 0.00000000e+00 0.00000000e+00 2.06353710e-01
  0.00000000e+00 0.00000000e+00 3.56412664e-01 6.13849847e-02
  0.00000000e+00 2.60431388e-01 0.00000000e+00 8.59318705e-02
  3.43289985e-01 8.47100711e-01 0.00000000e+00]
 [0.00000000e+00 0.00000000e+00 0.00000000e+00 1.26525326e-01
  4.31097858e-01 0.00000000e+00 1.24175392e-01 4.17589718e-01
  0.00000000e+00 2.69758587e-01 0.00000000e+00 9.60148807e-02
  2.77439254e-01 5.98323240e-01 8.79210462e-02]
 [1.18188329e-01 3.56178855e-02 0.00000000e+00 0.00000000e+00
  9.96334695e-02 1.31699244e-01 2.32045346e-02 2.37350734e-01
  0.00000000e+00 0.00000000e+00 0.00000000e+00 1.19758662e-01
  5.34385264e-02 2.70453001e-01 0.00000000e+00]
 [3.03071202e-02 4.38149356e-02 0.00000000e+00 0.00000000e+00
  2.41461430e-01 0.00000000e+00 1.28819469e-03 4.19406194e-01
  0.00000000e+00 0.00000000e+00 0.00000000e+00 1.55542145e-01
  1.08250262e-01 3.82106935e-02 4.38092709e-01]
 [0.00000000e+00 3.60887773e-02 0.00000000e+00 3.00016177e-02
  0.00000000e+00 0.00000000e+00 1.19163118e-01 9.95927730e-02
  0.00000000e+00 2.07386381e-01 0.00000000e+00 1.89695014e-01
  3.66788163e+00 7.99152446e+00 9.56319948e-01]
 [0.00000000e+00 0.00000000e+00 0.00000000e+00 1.78145979e-01
  0.00000000e+00 0.00000000e+00 2.19589253e-01 2.02337163e-01
  5.94457968e-02 9.22612191e-02 0.00000000e+00 0.00000000e+00
  8.20006148e+00 1.46170902e+01 2.14371183e+00]
 [0.00000000e+00 5.40651589e-01 0.00000000e+00 0.00000000e+00
  0.00000000e+00 7.46328560e-01 0.00000000e+00 1.36570000e+00
  0.00000000e+00 0.00000000e+00 4.90625124e-01 5.16212841e-02
  9.56425928e-01 1.84090810e+00 0.00000000e+00]
 [0.00000000e+00 2.94071790e-03 0.00000000e+00 0.00000000e+00
  0.00000000e+00 0.00000000e+00 0.00000000e+00 2.07285672e-01
  0.00000000e+00 0.00000000e+00 0.00000000e+00 0.00000000e+00
  2.01556320e+00 2.09247775e+01 1.42467685e+00]
 [0.00000000e+00 3.24572948e-02 0.00000000e+00 2.65824269e-01
  3.94171672e-02 9.95941687e-02 9.27521550e-02 0.00000000e+00
  7.64074008e-02 1.82993910e-01 8.37820678e-03 0.00000000e+00
  4.46507915e+00 5.36991538e+00 2.21144356e+00]
 [0.00000000e+00 2.27769406e-01 0.00000000e+00 0.00000000e+00
  9.68807546e-02 4.69108488e-02 0.00000000e+00 7.78834278e-02
  0.00000000e+00 2.73035906e-02 0.00000000e+00 0.00000000e+00
  1.02327836e-01 7.08359817e+00 7.40127973e-01]
 [7.64585718e-02 2.92025945e-01 8.75847690e-05 2.60794823e-01
  2.15231465e-01 2.65438958e-01 1.59117995e-01 1.04761605e-01
  3.02020228e-01 7.24684867e-02 0.00000000e+00 0.00000000e+00
  0.00000000e+00 0.00000000e+00 0.00000000e+00]
 [3.41635596e-01 5.79608878e-01 3.28630929e-01 8.70117562e-01
  4.88829297e-01 2.43789005e-01 0.00000000e+00 2.63835562e-01
  1.48227261e-01 6.26469682e-02 4.23835150e-02 0.00000000e+00
  1.20775651e-01 0.00000000e+00 0.00000000e+00]
 [3.50729258e-02 3.33176567e-01 7.82881256e-02 0.00000000e+00
  3.23784473e-01 3.97625254e-01 0.00000000e+00 2.05328653e-01
  4.40940446e-02 7.17075945e-02 0.00000000e+00 0.00000000e+00
  0.00000000e+00 3.88998040e-01 0.00000000e+00]
 [0.00000000e+00 4.84988746e-05 0.00000000e+00 2.52509252e-01
  3.81385561e-01 2.80666544e-01 0.00000000e+00 2.05942471e-01
  0.00000000e+00 0.00000000e+00 1.28934979e-01 6.84266381e-02
  3.62737286e-01 0.00000000e+00 0.00000000e+00]
 [6.75047019e-01 3.69678978e-01 5.91330694e-01 5.21716990e-01
  5.64979817e-01 2.36700172e-01 2.50171029e-01 2.32562425e-01
  1.77387168e-01 1.62687821e-01 2.45589684e-01 4.25749629e-01
  3.42859413e-01 1.28128682e+00 1.84197616e+00]]

4
----------------------------------------------------------------------------------
[[3.19476160e+00 4.22373982e+00 4.18529637e-02 3.16140165e+00
  4.34944930e-01 0.00000000e+00 0.00000000e+00 7.91873449e-01
  4.64717906e-01 6.05843580e-01 7.41414424e-02 4.58854609e-02
  1.16839096e-01 1.76403300e-01 0.00000000e+00]
 [1.29924171e+00 2.37713263e+00 8.35587700e-02 3.80482477e+00
  2.57650633e-01 0.00000000e+00 0.00000000e+00 3.05781698e+00
  3.27097683e+00 9.41945889e-01 4.10194197e-01 0.00000000e+00
  0.00000000e+00 2.00990985e-01 0.00000000e+00]
 [1.08797897e+00 1.15064911e+00 2.13315341e-01 1.90237813e+00
  3.38373928e-01 0.00000000e+00 0.00000000e+00 9.21046108e-02
  7.92039281e-01 6.89208730e-01 4.60285625e-01 3.42353259e-01
  0.00000000e+00 3.26179844e-01 0.00000000e+00]
 [3.84558376e+00 3.04668147e+01 6.56388927e-02 3.93994936e+00
  8.00579552e-01 0.00000000e+00 0.00000000e+00 7.36594133e-01
  6.92883059e-01 6.37726432e-01 4.12010228e-01 0.00000000e+00
  0.00000000e+00 5.82527205e-01 0.00000000e+00]
 [1.76124269e+00 2.64682465e+01 1.41745409e-03 6.14360431e+00
  0.00000000e+00 0.00000000e+00 0.00000000e+00 1.50649352e+00
  9.53580599e-01 4.79034773e-01 5.39639979e-01 1.74446540e-01
  0.00000000e+00 8.61860014e-01 0.00000000e+00]
 [2.50699672e+00 5.41073599e+00 6.66672463e-02 5.50733190e+00
  5.94421137e-01 0.00000000e+00 0.00000000e+00 7.40084516e-01
  5.93628499e-01 2.74877965e-01 2.13775492e-01 1.21466789e-01
  0.00000000e+00 6.48624256e-02 0.00000000e+00]
 [1.93851207e+00 3.91675320e+00 1.82602431e-05 5.79619918e+00
  0.00000000e+00 0.00000000e+00 0.00000000e+00 7.90034022e-01
  5.90120381e-01 2.43488862e-01 2.66167679e-01 2.97247353e-01
  0.00000000e+00 3.47239823e-01 0.00000000e+00]
 [8.32360842e-01 1.26065199e+00 2.71794632e-04 6.44714153e-01
  4.71983566e-01 0.00000000e+00 0.00000000e+00 4.61769468e-01
  2.34041686e-01 9.08215286e-02 2.10023113e-01 0.00000000e+00
  0.00000000e+00 7.01744984e-01 0.00000000e+00]
 [2.37554577e+00 2.69819453e+00 0.00000000e+00 1.74190869e+00
  4.08887753e-01 0.00000000e+00 0.00000000e+00 2.59342871e-01
  9.98388822e-02 1.97650413e-01 3.58067439e-02 1.18743093e-01
  0.00000000e+00 3.69854527e-01 0.00000000e+00]
 [8.09371914e-01 9.50083667e-01 2.35372128e-01 1.64942743e-01
  0.00000000e+00 0.00000000e+00 0.00000000e+00 0.00000000e+00
  3.40715765e-02 0.00000000e+00 8.50795663e-02 0.00000000e+00
  0.00000000e+00 0.00000000e+00 0.00000000e+00]
 [8.35752384e+00 1.92764733e+00 0.00000000e+00 2.08081848e+00
  0.00000000e+00 0.00000000e+00 0.00000000e+00 2.36611755e-02
  0.00000000e+00 4.01240005e-01 3.29746161e-01 9.86682947e-02
  7.57814212e-02 0.00000000e+00 0.00000000e+00]
 [8.30329295e-01 1.36889462e+00 0.00000000e+00 6.14944730e-01
  4.88081027e-01 0.00000000e+00 0.00000000e+00 3.95560275e-01
  1.08927254e-01 2.85565994e-02 7.80840281e-02 3.99421565e-01
  4.51193901e-02 5.06668566e-01 0.00000000e+00]
 [4.57439411e+00 1.75428706e+00 2.23032572e-03 6.75544557e-01
  0.00000000e+00 0.00000000e+00 0.00000000e+00 3.61220029e-01
  0.00000000e+00 2.44695354e-01 1.89317022e-01 1.60800562e-01
  0.00000000e+00 0.00000000e+00 0.00000000e+00]
 [0.00000000e+00 0.00000000e+00 8.29514654e-02 2.24188929e-01
  1.94883611e-01 1.77169966e-01 0.00000000e+00 2.15653379e-02
  6.56325473e-02 5.87489981e-01 8.56201024e-01 2.15966587e-01
  0.00000000e+00 2.49296968e-01 0.00000000e+00]
 [0.00000000e+00 0.00000000e+00 3.61992497e-01 6.06692251e-01
  6.42578110e-01 2.36718742e-01 4.91313790e-02 1.62943640e-01
  1.66485262e-01 1.15421835e+00 1.11247586e+00 1.14362440e+00
  0.00000000e+00 7.08892342e-02 0.00000000e+00]
 [0.00000000e+00 0.00000000e+00 6.11510400e-01 4.95368066e-02
  1.12320383e-01 1.94171161e-01 1.29156368e-01 2.14490602e-01
  4.72589146e-01 4.79824699e-01 8.09677136e-01 2.69431580e-01
  2.18750902e-01 5.29348453e-01 0.00000000e+00]
 [0.00000000e+00 2.45323835e-01 1.62802666e-01 2.93309972e-01
  1.00879515e-01 0.00000000e+00 0.00000000e+00 4.01643178e-01
  5.73317068e-01 4.65945594e-01 8.01725490e-01 1.52682861e+00
  2.84054521e-01 3.76812055e-01 0.00000000e+00]
 [3.08861491e+00 1.15445316e+00 0.00000000e+00 5.79786545e-01
  5.33125365e-01 7.42088202e-01 7.70305289e-01 2.17197795e-01
  2.42228785e-01 2.70736321e-01 3.05017454e-01 4.36290367e-01
  4.12017143e-01 1.47711772e-01 4.16492833e+00]]

5
----------------------------------------------------------------------------------
[[0.00000000e+00 2.09785279e+00 2.18716186e+00 4.57828263e+00
  3.88029075e+00 5.12645133e+00 3.55169406e+00 2.21075815e+00
  3.36174469e-01 0.00000000e+00 0.00000000e+00 0.00000000e+00
  0.00000000e+00 0.00000000e+00 0.00000000e+00]
 [0.00000000e+00 4.45282834e+00 3.10462174e+00 4.80525962e+00
  2.84019026e+00 3.04726948e+00 2.20445634e+00 2.01650084e+00
  0.00000000e+00 0.00000000e+00 0.00000000e+00 5.20345355e-01
  4.10311872e-01 0.00000000e+00 0.00000000e+00]
 [0.00000000e+00 1.49780025e+00 1.66842472e-01 2.51615292e+00
  2.54867204e+00 4.11449464e+00 6.66824813e-01 1.74761658e+00
  0.00000000e+00 0.00000000e+00 0.00000000e+00 0.00000000e+00
  0.00000000e+00 0.00000000e+00 0.00000000e+00]
 [0.00000000e+00 1.70265935e+00 2.34275303e+00 3.11716870e+00
  3.47237578e+00 3.26299545e+00 2.20814475e+00 2.00878890e+00
  5.06613863e-01 0.00000000e+00 0.00000000e+00 0.00000000e+00
  0.00000000e+00 0.00000000e+00 0.00000000e+00]
 [7.58113475e-02 2.58922858e+00 2.13049192e+00 2.93376755e+00
  1.70505405e+00 3.11390867e+00 1.55533622e+00 1.60848711e+00
  0.00000000e+00 0.00000000e+00 0.00000000e+00 0.00000000e+00
  0.00000000e+00 1.03347655e+00 0.00000000e+00]
 [0.00000000e+00 4.38886372e-02 0.00000000e+00 6.26692259e-01
  4.50828417e-01 6.40546809e+00 1.32268565e+00 2.85134904e+00
  2.94942813e-01 0.00000000e+00 0.00000000e+00 0.00000000e+00
  0.00000000e+00 0.00000000e+00 0.00000000e+00]
 [3.56139317e-01 2.28408614e+00 4.06141891e-01 2.99030350e+00
  3.29472538e-01 2.04591100e+00 1.10963474e+00 1.52595748e+00
  0.00000000e+00 0.00000000e+00 0.00000000e+00 1.35119518e-02
  0.00000000e+00 0.00000000e+00 0.00000000e+00]
 [0.00000000e+00 1.82596111e+00 2.84435913e+00 3.07677581e+00
  2.55074829e+00 1.63382881e+00 1.29171555e+00 8.65784175e-01
  1.92152024e-01 0.00000000e+00 0.00000000e+00 0.00000000e+00
  0.00000000e+00 0.00000000e+00 0.00000000e+00]
 [0.00000000e+00 9.54205186e-01 5.08109658e-01 1.52068016e+00
  1.53379223e+00 1.76918873e+00 5.60349800e-01 6.03717019e-01
  0.00000000e+00 0.00000000e+00 0.00000000e+00 0.00000000e+00
  0.00000000e+00 0.00000000e+00 0.00000000e+00]
 [0.00000000e+00 0.00000000e+00 0.00000000e+00 0.00000000e+00
  0.00000000e+00 5.21218893e+01 0.00000000e+00 1.22211861e+00
  5.42019100e-01 0.00000000e+00 0.00000000e+00 0.00000000e+00
  0.00000000e+00 0.00000000e+00 0.00000000e+00]
 [0.00000000e+00 0.00000000e+00 0.00000000e+00 0.00000000e+00
  0.00000000e+00 5.39898615e-01 0.00000000e+00 9.81453343e-02
  1.00328065e+00 0.00000000e+00 0.00000000e+00 0.00000000e+00
  0.00000000e+00 0.00000000e+00 0.00000000e+00]
 [0.00000000e+00 1.42158616e+00 9.71108874e-01 1.18766665e+00
  1.49068727e+00 1.19711739e+00 1.06326270e+00 7.02302614e-01
  0.00000000e+00 0.00000000e+00 0.00000000e+00 0.00000000e+00
  0.00000000e+00 0.00000000e+00 0.00000000e+00]
 [0.00000000e+00 0.00000000e+00 0.00000000e+00 0.00000000e+00
  4.14907856e-01 5.67696906e+00 2.12873879e+00 0.00000000e+00
  5.84483075e-01 0.00000000e+00 1.98739472e-01 0.00000000e+00
  0.00000000e+00 0.00000000e+00 0.00000000e+00]
 [0.00000000e+00 0.00000000e+00 0.00000000e+00 0.00000000e+00
  0.00000000e+00 0.00000000e+00 0.00000000e+00 1.99784795e-01
  1.18026760e+00 4.99892978e-01 1.00209608e+00 2.50128206e+00
  0.00000000e+00 0.00000000e+00 2.90011539e-01]
 [0.00000000e+00 1.18772496e+01 0.00000000e+00 0.00000000e+00
  0.00000000e+00 0.00000000e+00 0.00000000e+00 3.28170265e-01
  2.89242439e+00 1.12962203e+00 1.19756861e+00 0.00000000e+00
  0.00000000e+00 1.75957976e-01 3.24618801e-01]
 [0.00000000e+00 0.00000000e+00 0.00000000e+00 0.00000000e+00
  0.00000000e+00 0.00000000e+00 0.00000000e+00 0.00000000e+00
  1.77430577e+00 4.06784139e-01 6.04477993e-01 0.00000000e+00
  0.00000000e+00 0.00000000e+00 0.00000000e+00]
 [0.00000000e+00 0.00000000e+00 0.00000000e+00 0.00000000e+00
  0.00000000e+00 0.00000000e+00 0.00000000e+00 6.26510242e-01
  1.84402716e+00 1.03532091e-01 6.65926955e-01 0.00000000e+00
  0.00000000e+00 3.46684853e-01 0.00000000e+00]
 [8.14466096e+00 9.40387172e+00 1.19368603e+01 1.13719911e+01
  1.06645296e+01 8.83523434e+00 7.35552676e+00 5.14780925e+00
  2.52538190e+00 2.75777164e+00 1.93984682e+00 1.65871827e+00
  1.71273095e+00 3.27205409e+00 4.59619838e+00]]

6
----------------------------------------------------------------------------------
[[0.         0.         1.46912669 0.         0.         0.
  0.         0.         0.         1.69090432 1.15715794 2.00555626
  1.89906774 1.980629   1.57864134]
 [0.         1.29059446 1.47883733 3.88814638 0.         0.
  0.         0.         0.         1.74706385 2.17318782 1.06240723
  3.12437593 2.69315864 1.67785487]
 [0.         1.62841292 4.26267553 3.17867197 0.33710118 0.
  0.         0.         0.         0.52408633 1.21707393 0.48861101
  2.74764506 0.3564693  1.23836381]
 [0.         0.         1.21480585 0.         0.         0.
  0.         0.         0.         2.0022754  0.75016613 1.13507391
  1.8054404  1.74089666 1.31794929]
 [0.         0.50768828 1.28542634 0.47695024 0.         0.
  0.         0.         0.         0.40572729 0.48838578 0.11993307
  1.76718944 1.94482216 0.60384035]
 [0.         1.25736585 3.45211921 2.91006803 1.77660718 1.30161864
  0.64924958 1.11396511 0.         0.73230139 0.52158438 0.49405243
  2.39825485 1.114674   0.01554249]
 [0.         0.29127193 1.64367706 0.         0.03227753 0.
  0.         0.         0.         0.         0.64665168 0.
  1.56478739 0.68981297 0.23249925]
 [0.         0.         0.         0.         0.         0.
  0.         0.         0.         0.62750486 0.89118143 0.16334612
  1.70322794 1.57972837 1.05576826]
 [0.         0.         0.         0.         0.         0.
  0.         0.         0.         0.35479433 0.26601979 0.20845895
  0.97043194 1.18034333 0.        ]
 [0.         0.         0.55087042 0.         0.59858787 0.
  0.         0.         0.         0.         0.         0.
  0.         0.         0.        ]
 [0.         0.69679287 1.72985757 0.55541686 1.08216433 0.
  0.         0.         0.         0.         0.         0.
  0.62748777 0.         0.        ]
 [0.         0.         0.         0.         0.         0.
  0.         0.         0.         0.61075905 0.3672111  0.96700038
  4.16146409 0.65018015 0.        ]
 [0.         0.78688541 1.77109108 0.4466626  1.11460861 0.
  0.         0.         0.         0.         0.         0.
  0.         0.         0.        ]
 [0.         1.3422655  1.21966257 1.05274938 1.85551406 0.50912105
  0.28476952 0.21872383 0.         0.35691973 0.         0.
  0.01479533 0.10573499 0.        ]
 [1.11959685 1.61361298 1.98715024 0.92960015 2.40015641 1.97036167
  0.28366334 0.47628608 0.11916105 0.50103909 0.         0.
  0.24376837 0.         3.05696547]
 [1.19471224 0.39969661 2.80527494 2.03643905 3.0874533  1.17268015
  1.2945951  0.         0.         0.         0.         0.
  0.         0.         0.        ]
 [0.         1.93940118 0.98127943 0.25975318 1.11618641 1.02614661
  0.         1.58475239 0.         0.62643878 0.         0.43451055
  0.08103628 0.         2.42336409]
 [4.22941748 3.86845759 3.59143822 5.13788375 4.52758685 5.6715094
  5.74937108 4.46539785 4.64486296 3.45252665 3.51132257 3.88237589
  2.48738886 3.47696869 3.77669232]]

7
----------------------------------------------------------------------------------
[[1.19509856e+00 1.60227790e+00 2.38603387e+00 2.88513922e+00
  0.00000000e+00 2.86135249e+00 1.43860664e+00 6.74154880e+00
  2.13368749e+00 1.89897013e+00 3.52342422e+00 1.98380165e+00
  1.90993140e+00 1.51134551e+00 1.59416715e+00]
 [3.98129248e-01 1.17173084e+00 1.85617940e+00 2.21208788e+00
  4.48667301e-02 2.81403257e+00 2.00407183e+00 5.91958450e+00
  2.27082214e+00 2.19798134e+00 3.35721152e+00 2.76088254e+00
  1.67502596e+00 1.81240617e+00 8.29164936e-01]
 [0.00000000e+00 1.00184926e-01 1.42650084e+00 5.97292516e+00
  7.72544116e-04 1.72657137e+00 1.53784217e+00 2.55291992e+00
  1.83890514e+00 1.20280903e+00 3.64076736e+00 1.76452050e+00
  5.44749747e-01 5.42839401e-01 2.30798560e+00]
 [0.00000000e+00 1.87560188e+00 1.76565416e+00 2.36089749e+00
  0.00000000e+00 1.15972593e+00 1.29901386e+00 4.13269246e+00
  1.49976787e+00 1.57742569e+00 3.24049772e+00 1.62191295e+00
  1.52736275e+00 1.41234904e+00 9.51680029e-01]
 [1.46032545e-01 1.53710731e+00 1.60550552e+00 1.49944510e+00
  0.00000000e+00 2.07162744e+00 1.37826937e+00 4.47901040e+00
  1.51899911e+00 1.58832273e+00 2.72767029e+00 1.85636791e+00
  9.62011448e-01 1.16376972e+00 2.59293696e-01]
 [4.83061181e-01 0.00000000e+00 1.23829230e+00 1.04585573e+00
  2.07435892e-01 1.40330755e+00 6.76501143e-01 2.31161555e+00
  1.13586049e+00 1.78949001e+00 2.78193298e+00 1.15317168e+00
  6.10881790e-02 9.47465645e-01 2.09635136e+00]
 [7.12420258e-02 5.19460023e-01 1.78269570e+00 1.43395057e+00
  5.64176122e-01 1.72797935e+00 1.41032083e+00 3.84451191e+00
  8.72147963e-01 9.51068999e-01 2.78277433e+00 9.76005048e-01
  1.74471215e-01 1.82206443e-01 8.59778942e-01]
 [3.93077048e-01 3.18193113e-01 1.69469607e+00 2.25343326e+00
  0.00000000e+00 3.77280215e-01 1.02120369e+00 3.35426622e+00
  1.36625692e+00 1.48859255e+00 2.67385789e+00 1.81485982e+00
  9.73388677e-01 4.02701233e-01 1.48147985e+00]
 [2.47021245e-01 3.42472044e-01 1.03363718e+00 1.32392871e+00
  0.00000000e+00 3.36212964e-01 4.71536875e-01 2.42317866e+00
  1.05851321e+00 9.47050714e-01 2.17265322e+00 1.10183711e+00
  4.52257450e-01 1.47712163e-01 8.99130136e-01]
 [3.23048111e+00 2.38231378e+00 1.07266758e+00 6.64345080e-01
  0.00000000e+00 2.02915444e+00 0.00000000e+00 1.95439697e+00
  2.63628492e+00 1.35587755e+00 2.94629846e+00 1.18005546e+00
  8.01680543e-01 1.26880506e+00 1.33705599e+00]
 [0.00000000e+00 0.00000000e+00 2.16079989e-01 6.45176979e-01
  3.01519515e-04 6.57625572e-01 3.99620429e-01 1.70911706e+00
  1.06312346e+00 9.09685202e-01 1.51765801e+00 6.87568758e-01
  0.00000000e+00 0.00000000e+00 1.03097884e+00]
 [0.00000000e+00 0.00000000e+00 3.67891649e-01 6.88118790e-01
  0.00000000e+00 4.20202126e-01 3.72513709e-01 1.87522187e+00
  6.81739041e-01 2.36234768e-01 1.86481559e+00 9.72396431e-02
  4.52891128e-01 4.68128610e-01 4.55346467e-01]
 [0.00000000e+00 0.00000000e+00 6.89208363e-01 1.50811676e+00
  0.00000000e+00 2.84849369e-01 0.00000000e+00 1.17557551e+00
  1.41378878e+00 1.09989319e+00 1.40072226e+00 7.62005193e-01
  0.00000000e+00 0.00000000e+00 5.56362111e-01]
 [0.00000000e+00 0.00000000e+00 0.00000000e+00 0.00000000e+00
  0.00000000e+00 0.00000000e+00 0.00000000e+00 0.00000000e+00
  0.00000000e+00 0.00000000e+00 4.13164010e-01 1.68490285e-01
  0.00000000e+00 3.05961773e-01 2.59360624e-01]
 [0.00000000e+00 0.00000000e+00 1.44089440e-01 1.37304079e+00
  0.00000000e+00 2.15758168e+00 3.91804495e-01 0.00000000e+00
  0.00000000e+00 0.00000000e+00 1.00364963e+00 2.44377785e+00
  9.63062671e-01 1.83549753e+01 1.25495699e+00]
 [0.00000000e+00 0.00000000e+00 0.00000000e+00 6.63113580e-01
  0.00000000e+00 4.21873401e-02 0.00000000e+00 0.00000000e+00
  0.00000000e+00 0.00000000e+00 8.76730511e-01 1.36514251e-01
  0.00000000e+00 7.06574825e-01 1.00457046e+00]
 [0.00000000e+00 0.00000000e+00 9.33315112e-01 1.98043923e+00
  0.00000000e+00 3.74132008e+00 2.28530556e+00 0.00000000e+00
  0.00000000e+00 0.00000000e+00 1.14167364e+00 1.39805815e+01
  4.72507202e+00 1.04735893e+01 1.92137877e+00]
 [3.78935197e+00 3.49044575e+00 3.02978608e+00 3.58492577e+00
  0.00000000e+00 3.48102716e+00 4.38882737e+00 5.09115156e+00
  2.05055358e+00 1.92865781e+00 4.38350402e-01 1.32215854e+00
  1.79173612e+00 9.26043208e-01 5.04619951e-01]]

8
----------------------------------------------------------------------------------
[[2.43075231e+00 7.70754612e-01 4.79831892e-01 1.21352713e-01
  1.90742911e-01 0.00000000e+00 2.56288236e-02 0.00000000e+00
  0.00000000e+00 0.00000000e+00 1.29206246e-02 0.00000000e+00
  0.00000000e+00 0.00000000e+00 0.00000000e+00]
 [2.85665894e+00 9.23638233e-01 5.49312269e-01 6.10872798e-01
  3.39662221e-01 1.34739713e-01 0.00000000e+00 7.18035466e-02
  0.00000000e+00 0.00000000e+00 9.82390841e-02 0.00000000e+00
  1.39913764e-01 0.00000000e+00 0.00000000e+00]
 [1.28553003e+00 6.05292330e-01 9.07812274e-01 3.44668063e-01
  5.24421842e-01 0.00000000e+00 2.57498170e-01 4.47666129e-01
  0.00000000e+00 0.00000000e+00 3.28112573e-01 0.00000000e+00
  0.00000000e+00 0.00000000e+00 0.00000000e+00]
 [1.90545776e+00 7.11995488e-01 5.04152446e-01 4.22869672e-01
  1.54282187e-01 0.00000000e+00 0.00000000e+00 0.00000000e+00
  0.00000000e+00 0.00000000e+00 1.24949812e-01 0.00000000e+00
  0.00000000e+00 0.00000000e+00 0.00000000e+00]
 [1.55583165e+00 1.04425566e+00 6.77376329e-01 6.12747378e-01
  2.53155766e-01 4.23362012e-01 0.00000000e+00 0.00000000e+00
  0.00000000e+00 0.00000000e+00 1.81937025e-01 0.00000000e+00
  0.00000000e+00 0.00000000e+00 0.00000000e+00]
 [1.55747895e+00 7.20988017e-01 1.04850499e+00 3.41873969e-01
  5.34804096e-01 0.00000000e+00 1.34330859e-01 1.38806187e-01
  0.00000000e+00 0.00000000e+00 9.33292661e+00 0.00000000e+00
  0.00000000e+00 0.00000000e+00 0.00000000e+00]
 [9.78708824e-01 8.19323996e-01 9.71591419e-01 5.19675224e-01
  4.17446362e-01 3.27624309e-01 1.53644772e-01 0.00000000e+00
  0.00000000e+00 0.00000000e+00 3.03235803e+00 0.00000000e+00
  0.00000000e+00 0.00000000e+00 0.00000000e+00]
 [1.45274083e+00 6.25079635e-01 4.19900369e-01 5.85870430e-02
  6.66970921e-02 0.00000000e+00 0.00000000e+00 0.00000000e+00
  0.00000000e+00 1.58815004e-02 7.20562097e+00 0.00000000e+00
  0.00000000e+00 0.00000000e+00 0.00000000e+00]
 [6.54911585e-01 6.73282723e-01 4.22788409e-01 0.00000000e+00
  0.00000000e+00 0.00000000e+00 0.00000000e+00 0.00000000e+00
  0.00000000e+00 0.00000000e+00 1.41602135e+01 0.00000000e+00
  0.00000000e+00 0.00000000e+00 0.00000000e+00]
 [2.05001295e+00 1.03163942e+00 3.43608457e-01 3.85771907e-01
  3.41222765e-01 0.00000000e+00 0.00000000e+00 5.00255472e-01
  0.00000000e+00 0.00000000e+00 2.96618349e+00 0.00000000e+00
  0.00000000e+00 0.00000000e+00 0.00000000e+00]
 [1.17235805e+00 6.17392828e-01 5.01592683e-01 2.72405877e-01
  3.42512934e-01 0.00000000e+00 0.00000000e+00 0.00000000e+00
  0.00000000e+00 0.00000000e+00 1.95200209e+01 1.28546273e+01
  0.00000000e+00 0.00000000e+00 0.00000000e+00]
 [4.41647839e-01 3.02629588e-01 2.22747137e-01 1.33788333e-01
  0.00000000e+00 0.00000000e+00 1.74737805e-01 0.00000000e+00
  0.00000000e+00 0.00000000e+00 4.35745980e-01 0.00000000e+00
  0.00000000e+00 2.47623318e-01 0.00000000e+00]
 [7.60882176e-01 8.10163402e-01 3.55095421e-01 6.95859923e-01
  2.56555054e-01 0.00000000e+00 0.00000000e+00 2.27320335e-01
  0.00000000e+00 0.00000000e+00 1.31295859e+01 0.00000000e+00
  0.00000000e+00 0.00000000e+00 0.00000000e+00]
 [7.43925203e-01 6.88743052e-01 5.11437266e-01 5.42758395e-01
  0.00000000e+00 0.00000000e+00 8.07622681e-02 2.56022769e-01
  2.25252111e-01 2.91387858e-01 1.78167891e+00 0.00000000e+00
  0.00000000e+00 0.00000000e+00 0.00000000e+00]
 [9.03352382e-01 1.96941750e+00 2.48793113e+00 3.04510694e+00
  1.38448699e+00 1.26995589e+00 1.23281252e+00 1.89257209e+00
  1.98742018e-02 5.80010449e-01 3.16743766e+00 0.00000000e+00
  0.00000000e+00 0.00000000e+00 0.00000000e+00]
 [1.14517694e+00 4.19076795e-01 4.52376354e-02 6.56906690e-01
  2.94577144e-01 8.01550197e-02 3.83307659e-02 3.31714026e-01
  0.00000000e+00 0.00000000e+00 1.42928971e+00 0.00000000e+00
  0.00000000e+00 0.00000000e+00 0.00000000e+00]
 [7.30456430e-01 2.45128679e-01 4.57756937e-01 3.79261071e+00
  4.71595433e-01 7.81123115e-01 2.87098088e-01 7.47312689e-01
  3.07732279e-02 0.00000000e+00 1.67653089e+00 0.00000000e+00
  0.00000000e+00 0.00000000e+00 0.00000000e+00]
 [2.48754830e-01 6.62235742e-01 8.86591342e-01 3.03716894e-01
  2.70887882e-01 4.63120227e-01 5.06352727e-01 5.09218823e-01
  6.30628895e-01 1.79175558e+00 1.10333933e+00 5.45786097e+00
  5.81502296e+00 7.78963163e+00 8.60359549e+00]]

9
----------------------------------------------------------------------------------
[[0.         1.14168973 1.5368713  0.         0.         0.
  0.06883421 0.         0.         0.97247796 0.         0.
  0.45155699 0.         0.        ]
 [0.         1.44796044 1.38525776 0.         0.         0.2051567
  0.3086161  0.10906837 0.         0.85626346 0.         0.
  0.         0.         0.        ]
 [0.         1.809869   1.15258718 0.         0.         0.39908739
  0.28117115 0.         0.         0.         0.         0.
  0.         0.         0.        ]
 [0.         0.58572809 0.96874917 0.         0.         0.
  0.03218712 0.         0.01704596 0.91456655 0.12982323 0.
  0.27041336 0.         0.        ]
 [0.         1.12995558 0.61665658 0.         0.         0.
  0.09102201 0.         0.         0.68970089 0.         0.
  0.29729322 0.         0.        ]
 [0.         1.24633885 0.57258639 0.         0.         0.
  0.07304624 0.13745834 0.08514331 0.         0.         0.
  0.         0.         0.        ]
 [0.         0.83654343 1.00428928 0.         0.         0.09121764
  0.14428612 0.         0.         0.12111933 0.         0.
  0.         0.         0.        ]
 [0.         0.55069944 1.07401995 0.         0.         0.
  0.06564132 0.04994857 0.         0.87634921 0.23898194 0.
  0.21897387 0.         0.        ]
 [0.         0.25295865 0.45555961 0.         0.         0.08428901
  0.29174707 0.00953677 0.         0.74746874 0.         0.
  0.14977659 0.         0.        ]
 [0.         1.0761249  1.20575411 0.         0.         0.
  0.47152263 0.31765415 0.         0.         0.         0.
  0.         0.         0.        ]
 [0.         0.48190774 0.         0.         0.         0.08938324
  0.81187775 0.09241063 0.         0.         0.         0.
  0.         0.         0.        ]
 [0.         0.11586763 0.19524646 0.         0.         0.02650202
  0.38404145 0.         0.         0.7006495  0.18861739 0.
  0.19277658 0.         0.        ]
 [0.         0.64431965 1.22197056 0.         0.         0.
  0.25556292 0.         0.         0.         0.         0.
  0.         0.         0.        ]
 [0.         0.0591925  1.06826072 0.00773509 0.         0.7226952
  1.76986165 1.61081057 0.         5.71787023 0.05313012 0.
  0.04470112 0.         0.        ]
 [0.         0.98564785 2.00955132 0.         0.         1.53066496
  2.45092583 2.7547846  0.         5.6709106  0.         0.
  0.21208125 0.         0.        ]
 [0.         0.53401134 2.00186293 0.         0.         0.21824417
  0.88628842 0.7495522  0.         0.         0.         0.
  0.         0.0211262  0.        ]
 [0.         0.17559544 0.48001783 0.         0.         1.26105872
  1.35397838 1.62204519 0.24519889 0.75027261 0.         0.
  0.20090282 0.         0.        ]
 [3.08832449 0.48205267 0.71793496 1.83574596 2.61958245 0.40207623
  0.27557505 0.4687276  0.38723267 1.32316482 1.4987992  2.16145999
  1.56821874 2.14534212 2.06698848]]

10
----------------------------------------------------------------------------------
[[0.         0.26024376 0.42642109 0.13653117 0.09956448 0.11769147
  0.         0.         0.         0.         0.         0.
  0.         0.         0.        ]
 [0.26131937 0.43019919 1.01056075 0.14079566 0.         0.
  0.         0.         0.         0.         0.         0.
  0.         0.         0.        ]
 [0.         0.98742921 0.56231585 0.         0.         0.
  0.         0.         0.         0.         0.         0.10122762
  1.46881594 0.         0.        ]
 [0.         0.32735557 0.42408939 0.3768525  0.         0.1801754
  0.         0.         0.         0.         0.         0.
  0.         0.         0.10781676]
 [0.         0.34776381 0.5338779  0.         0.         0.
  0.         0.         0.         0.         0.         0.08471605
  0.         0.         0.19674661]
 [0.04678674 0.66578539 0.51505145 0.         0.         0.
  0.         0.         0.         0.         0.         0.
  1.28437125 0.         0.        ]
 [0.01615877 0.33682481 0.40713049 0.         0.         0.
  0.         0.         0.         0.         0.29225767 0.
  0.         0.         0.        ]
 [0.         0.19660775 0.4627822  0.05715424 0.         0.
  0.         0.         0.         0.         0.         0.
  0.         0.         0.40319638]
 [0.         0.         0.0764834  0.12348628 0.         0.
  0.         0.         0.         0.         0.         0.
  0.         0.         0.18633516]
 [0.         0.22594827 0.6230974  0.         0.         0.
  0.         0.         0.         0.         0.         0.
  1.53390741 0.73439699 0.        ]
 [0.         0.51703643 0.28519803 0.19352463 0.         0.
  0.         0.         0.         0.         0.         0.
  0.         0.         0.        ]
 [0.         0.03217291 0.58517506 0.18986585 0.         0.
  0.         0.         0.         0.         0.         0.
  0.04031676 0.         0.        ]
 [0.03328134 0.30196115 0.43639699 0.13930265 0.         0.00342204
  0.         0.         0.         0.         0.75988192 0.01993806
  0.         0.         0.        ]
 [0.31452665 0.19390694 0.16443593 0.30801612 0.47290914 0.32005814
  0.         0.25241839 0.19509535 0.14824854 0.         0.
  0.         0.25897436 0.16989887]
 [0.68003666 0.30887644 0.38020468 0.12695245 0.         0.16347339
  0.34345636 0.09577414 0.         0.         0.         0.
  0.01884788 0.53817376 0.33687221]
 [1.44795683 0.48025126 0.16297653 0.14575714 0.         0.
  0.         0.07648345 0.         0.         0.         0.20930866
  2.1343302  0.06761852 0.        ]
 [0.         0.         0.         0.3004094  0.21141822 0.38213024
  0.         0.         0.         0.06699134 0.         0.
  1.0187551  0.12272548 0.3084783 ]
 [0.9586698  0.60837935 0.44851113 0.30414601 1.36343215 1.41243931
  2.28619564 1.77063354 0.87562942 0.95364236 0.68185965 0.52489892
  2.40179721 1.86408717 1.18735311]]

11
----------------------------------------------------------------------------------
[[2.64443124e-01 9.89583593e-01 0.00000000e+00 9.93983692e-01
  5.25215798e-01 1.87380608e-01 0.00000000e+00 2.13932249e+00
  7.87912459e-01 0.00000000e+00 0.00000000e+00 4.44816124e-01
  0.00000000e+00 0.00000000e+00 1.38675030e-01]
 [4.42683845e-01 8.61390791e-01 1.00376249e+00 1.18341804e+00
  1.71400919e+00 0.00000000e+00 0.00000000e+00 2.51943228e+00
  1.00729326e+00 4.23085109e-01 1.55865879e-01 3.06884547e-01
  2.66774091e-01 4.63273805e-01 5.35742254e-01]
 [0.00000000e+00 8.06050244e-01 3.99100346e-01 1.06853412e+00
  1.72217331e-01 0.00000000e+00 0.00000000e+00 1.50963175e+00
  1.56530042e-01 0.00000000e+00 0.00000000e+00 2.64679203e-02
  1.06487420e-01 0.00000000e+00 3.37493888e-03]
 [1.25351944e-01 6.13383220e-01 0.00000000e+00 1.23379311e+00
  2.69738630e-01 2.70222841e-01 0.00000000e+00 1.68753557e+00
  5.07102547e-01 0.00000000e+00 0.00000000e+00 3.88263957e-01
  2.44263789e-01 0.00000000e+00 1.33776724e-01]
 [3.00994197e-01 1.10456373e+00 5.83999891e-01 1.69772969e+00
  2.97654381e-01 1.32584667e-01 0.00000000e+00 1.65260283e+00
  2.84332505e-01 1.09897810e-01 0.00000000e+00 7.51969111e-01
  2.50179992e-01 0.00000000e+00 2.11398303e-04]
 [0.00000000e+00 1.69331530e+00 5.28876819e-01 2.30492907e+00
  4.50496810e-01 0.00000000e+00 0.00000000e+00 7.86315907e-01
  3.98573696e-01 1.91995604e-01 5.46304979e-01 4.64828254e-01
  1.15401032e+00 0.00000000e+00 0.00000000e+00]
 [0.00000000e+00 1.00659165e+00 9.75028611e-01 1.61861642e+00
  6.22381976e-02 0.00000000e+00 0.00000000e+00 1.38043399e+00
  1.16743276e-01 0.00000000e+00 0.00000000e+00 5.29990334e-01
  6.09288510e-01 0.00000000e+00 0.00000000e+00]
 [1.36657725e-01 2.96420218e-01 0.00000000e+00 3.52361732e+00
  3.01954358e+00 0.00000000e+00 1.67271353e-01 2.60399441e+00
  5.27628658e-01 0.00000000e+00 0.00000000e+00 0.00000000e+00
  0.00000000e+00 0.00000000e+00 1.80263422e-01]
 [3.73767171e-02 1.47792599e-01 0.00000000e+00 7.77196145e+00
  4.72099146e+00 0.00000000e+00 1.69811380e-01 2.21075889e+00
  2.73829809e-01 1.18194175e-01 6.75657500e-01 0.00000000e+00
  0.00000000e+00 0.00000000e+00 3.74064554e-01]
 [0.00000000e+00 6.57946503e-01 0.00000000e+00 2.10027319e+00
  6.24820660e-01 0.00000000e+00 0.00000000e+00 6.48157537e-01
  1.02345008e+00 8.18423446e-01 4.83816147e-01 0.00000000e+00
  0.00000000e+00 0.00000000e+00 0.00000000e+00]
 [0.00000000e+00 6.80528683e-01 0.00000000e+00 1.32315172e+01
  5.36992446e+00 0.00000000e+00 0.00000000e+00 1.47620896e+00
  1.11892228e+00 7.57261378e-01 3.60527523e-01 0.00000000e+00
  0.00000000e+00 0.00000000e+00 0.00000000e+00]
 [0.00000000e+00 1.94542911e-01 0.00000000e+00 3.86811550e+00
  5.62279796e-01 0.00000000e+00 6.02084511e-03 2.92416116e+00
  4.39679398e-01 1.44339736e-01 0.00000000e+00 2.17972376e-01
  0.00000000e+00 0.00000000e+00 1.04057651e-03]
 [0.00000000e+00 7.11654607e-01 0.00000000e+00 9.82893251e+00
  2.09576022e+00 0.00000000e+00 0.00000000e+00 0.00000000e+00
  8.43953367e-01 2.45897177e-01 0.00000000e+00 0.00000000e+00
  0.00000000e+00 0.00000000e+00 0.00000000e+00]
 [0.00000000e+00 0.00000000e+00 0.00000000e+00 0.00000000e+00
  0.00000000e+00 0.00000000e+00 0.00000000e+00 2.52139701e-01
  3.69796192e+00 0.00000000e+00 0.00000000e+00 0.00000000e+00
  0.00000000e+00 0.00000000e+00 0.00000000e+00]
 [0.00000000e+00 3.05939894e-01 2.12423433e-01 3.31057902e-02
  0.00000000e+00 0.00000000e+00 0.00000000e+00 1.93009865e+01
  5.75904499e+00 0.00000000e+00 0.00000000e+00 2.24608485e-01
  3.81311505e-01 0.00000000e+00 1.40679084e-04]
 [0.00000000e+00 0.00000000e+00 0.00000000e+00 0.00000000e+00
  0.00000000e+00 0.00000000e+00 0.00000000e+00 3.85715128e-01
  2.41339262e+00 1.54986109e-01 0.00000000e+00 0.00000000e+00
  0.00000000e+00 0.00000000e+00 1.31251156e-03]
 [0.00000000e+00 8.00269585e-02 1.92553406e-01 7.27499265e-01
  1.59161445e-01 0.00000000e+00 0.00000000e+00 3.02957938e+00
  7.02487997e-01 8.51559910e-01 0.00000000e+00 0.00000000e+00
  1.19932816e-01 0.00000000e+00 0.00000000e+00]
 [1.07937300e+00 8.85415243e-01 2.02717634e+00 1.42133720e+00
  1.93820363e+00 3.18583360e+00 0.00000000e+00 4.19993351e+00
  1.81889330e+00 3.05485685e+00 3.62577171e+00 2.45140467e+00
  2.57498441e+00 0.00000000e+00 0.00000000e+00]]

12
----------------------------------------------------------------------------------
[[0.00000000e+00 0.00000000e+00 0.00000000e+00 0.00000000e+00
  3.77528295e-01 1.85414399e-01 9.75046988e-01 5.57271821e-01
  0.00000000e+00 2.16688309e-02 3.33795626e-03 1.94398024e-02
  0.00000000e+00 0.00000000e+00 0.00000000e+00]
 [0.00000000e+00 0.00000000e+00 0.00000000e+00 0.00000000e+00
  4.44733836e-01 0.00000000e+00 8.54162412e-01 1.17302707e+00
  0.00000000e+00 0.00000000e+00 0.00000000e+00 7.95956235e-02
  0.00000000e+00 0.00000000e+00 0.00000000e+00]
 [2.46690226e-01 0.00000000e+00 0.00000000e+00 0.00000000e+00
  3.09276222e-01 7.47936621e-01 1.60653071e+00 2.94670242e-01
  7.43751902e-02 7.08279669e-02 4.60263716e-02 5.46015188e-03
  0.00000000e+00 0.00000000e+00 0.00000000e+00]
 [0.00000000e+00 0.00000000e+00 0.00000000e+00 0.00000000e+00
  3.90100646e-01 0.00000000e+00 1.01892184e+00 3.87753546e-01
  0.00000000e+00 2.82909533e-02 6.96668746e-03 4.06907028e-02
  0.00000000e+00 0.00000000e+00 0.00000000e+00]
 [0.00000000e+00 0.00000000e+00 0.00000000e+00 0.00000000e+00
  4.56872842e-01 0.00000000e+00 7.01363426e-01 6.68303753e-01
  1.51288670e-02 3.59579725e-02 9.58594429e-03 1.05501840e-01
  0.00000000e+00 0.00000000e+00 0.00000000e+00]
 [3.74247647e-01 0.00000000e+00 0.00000000e+00 0.00000000e+00
  3.98510570e-02 5.22674016e-01 6.62287598e-01 3.61486364e-02
  0.00000000e+00 0.00000000e+00 0.00000000e+00 0.00000000e+00
  0.00000000e+00 0.00000000e+00 0.00000000e+00]
 [0.00000000e+00 0.00000000e+00 0.00000000e+00 0.00000000e+00
  0.00000000e+00 2.89790883e-01 6.37632954e-01 4.46545424e-01
  9.17385569e-02 1.58056078e-02 7.52946232e-02 1.23940564e-02
  0.00000000e+00 0.00000000e+00 0.00000000e+00]
 [2.05905472e-01 0.00000000e+00 0.00000000e+00 0.00000000e+00
  1.79740562e-01 0.00000000e+00 6.55085989e-01 2.81533038e-01
  0.00000000e+00 1.23742298e-02 4.07075471e-02 0.00000000e+00
  0.00000000e+00 0.00000000e+00 0.00000000e+00]
 [4.16202312e-02 0.00000000e+00 0.00000000e+00 0.00000000e+00
  0.00000000e+00 0.00000000e+00 5.34756038e-01 2.12792409e-01
  0.00000000e+00 1.61271470e-02 5.86038586e-02 0.00000000e+00
  0.00000000e+00 0.00000000e+00 0.00000000e+00]
 [3.64323029e-01 0.00000000e+00 0.00000000e+00 0.00000000e+00
  4.02158872e-01 1.35223547e-01 5.39608703e-01 2.38138093e-01
  0.00000000e+00 0.00000000e+00 5.78349065e-03 2.59349546e-02
  0.00000000e+00 0.00000000e+00 0.00000000e+00]
 [1.09074669e-02 0.00000000e+00 0.00000000e+00 0.00000000e+00
  1.34225636e-01 1.49525484e-01 5.78939679e-01 1.45390571e-01
  0.00000000e+00 3.33690563e-02 0.00000000e+00 0.00000000e+00
  0.00000000e+00 0.00000000e+00 0.00000000e+00]
 [3.14909167e-03 0.00000000e+00 0.00000000e+00 0.00000000e+00
  1.89335067e-01 0.00000000e+00 5.82565894e-01 6.85870441e-02
  3.03526865e-02 2.58123883e-02 7.00540002e-02 7.64371133e-02
  0.00000000e+00 0.00000000e+00 0.00000000e+00]
 [1.11462750e-01 0.00000000e+00 0.00000000e+00 0.00000000e+00
  3.11998868e-02 2.15175245e-02 6.10417397e-01 1.90764768e-01
  6.75930267e-02 2.23423838e-02 1.47383480e-01 0.00000000e+00
  0.00000000e+00 0.00000000e+00 0.00000000e+00]
 [3.65320406e-01 0.00000000e+00 1.56897990e-01 0.00000000e+00
  0.00000000e+00 0.00000000e+00 1.09223351e+00 1.85393626e+00
  0.00000000e+00 0.00000000e+00 3.14741428e-02 0.00000000e+00
  0.00000000e+00 0.00000000e+00 0.00000000e+00]
 [4.73541129e-03 4.62953391e-01 1.26425605e-01 0.00000000e+00
  0.00000000e+00 0.00000000e+00 1.46308601e+00 3.17592745e+00
  5.64519920e-02 2.85600684e-02 5.59853576e-02 3.43978229e-02
  0.00000000e+00 0.00000000e+00 0.00000000e+00]
 [4.64346038e-01 1.36213487e+00 5.55802589e-01 4.63623039e-01
  6.16637963e-01 2.67157363e-01 0.00000000e+00 0.00000000e+00
  0.00000000e+00 0.00000000e+00 0.00000000e+00 0.00000000e+00
  0.00000000e+00 0.00000000e+00 0.00000000e+00]
 [0.00000000e+00 4.89193315e-01 1.55834031e-01 0.00000000e+00
  3.78419977e-01 1.29957971e-02 6.77266913e-01 1.01191000e+01
  8.97302704e-02 1.92247272e-02 7.19492213e-02 6.96461036e-03
  0.00000000e+00 0.00000000e+00 0.00000000e+00]
 [0.00000000e+00 8.01410785e+00 2.18584721e+00 2.22469099e+00
  1.64233684e+00 1.88063844e+00 1.97575936e+00 2.98710912e+00
  1.32854110e-01 5.42757044e-02 3.82189115e-02 8.63092317e-02
  0.00000000e+00 0.00000000e+00 0.00000000e+00]]

13
----------------------------------------------------------------------------------
[[0.32881165 0.94212028 0.17741056 0.         0.         0.
  0.20470899 0.         0.         0.12906777 0.         0.
  0.         0.         0.        ]
 [1.51253566 0.47919579 0.53708101 0.         0.         0.
  0.55295773 0.         0.         0.37750861 0.         0.
  0.         0.         0.        ]
 [1.03818245 0.         0.         0.         0.         0.
  0.55949639 0.         1.0039546  0.83694724 0.         0.
  0.         0.         0.        ]
 [0.         0.21655089 0.         0.         0.         0.
  0.25576778 0.         0.         0.39937617 0.         0.
  0.         0.         0.        ]
 [0.         0.29562997 0.15830348 0.         0.         0.
  0.2278418  0.         0.         0.82641095 0.15700649 0.
  0.         0.         0.        ]
 [0.19351708 0.         0.         0.         0.         0.
  0.63992485 0.         0.         0.85184055 0.         0.
  0.         0.         0.        ]
 [0.12625325 0.18890787 0.         0.         0.         0.
  0.45823161 0.         0.         0.63037644 0.11938836 0.
  0.         0.         0.        ]
 [0.26468966 0.         0.         0.32080186 0.         0.
  0.         0.         0.         0.         0.         0.
  0.         0.         0.        ]
 [0.56919096 0.46845725 0.18845833 0.08963967 0.         0.
  0.         0.         0.         0.15849125 0.         0.
  0.         0.         0.        ]
 [0.3805868  0.53119466 0.70265006 0.         0.00616791 0.31690654
  0.26220228 0.         0.         0.         0.         0.
  0.         0.01128306 0.        ]
 [0.20932137 0.10870619 0.         0.         0.         0.
  0.06062315 0.         0.         0.18203895 0.         0.
  0.         0.         0.        ]
 [0.22379651 0.         0.41571991 0.         0.         0.
  0.06020855 0.         0.         0.50326622 0.         0.
  0.         0.         0.        ]
 [0.74826344 0.         0.         0.         0.         0.
  0.24162728 0.         0.49177237 0.61931507 0.         0.
  0.         0.         0.        ]
 [0.         0.         0.68390054 0.         0.02878463 0.
  0.20400997 0.         0.66117693 0.22659168 0.30252488 0.03296206
  0.12695684 0.12509648 0.07430819]
 [0.         0.         1.07290315 0.17086322 0.26796845 0.32834401
  0.13052195 0.         0.         0.26614669 0.         0.
  0.         0.         0.04674577]
 [0.         0.         0.         0.         0.         0.
  0.00870165 0.         0.         0.         0.         0.
  0.         0.         0.        ]
 [1.16642918 0.98270744 1.32444498 0.79719818 0.74769101 1.57710812
  0.         0.         0.         0.24468657 0.04897189 0.
  0.         0.         0.        ]
 [2.52422925 3.28117992 2.29649713 1.83031519 1.07829023 1.10445405
  0.76231838 1.91610634 2.21592765 1.13894333 1.67739917 1.94586957
  1.8551979  2.13524321 2.34162378]]

15
----------------------------------------------------------------------------------
[[0.         0.         0.         0.26968657 0.         0.12602741
  0.13398069 0.         0.         0.         0.         0.
  0.         0.         0.        ]
 [0.         0.         0.         0.25853258 0.         0.
  0.14127771 0.         0.         0.         0.         0.
  0.         0.         0.        ]
 [0.         0.         0.         0.20918291 0.         0.
  0.04656985 0.         0.         0.         0.         0.
  0.         0.         0.        ]
 [0.         0.         0.         0.82048983 0.         0.02343097
  0.         0.         0.         0.25025958 0.         0.
  0.         0.23234747 0.        ]
 [0.03330433 0.         0.         0.44159133 0.         0.
  0.20894142 0.         0.         0.46811209 0.         0.
  0.         0.16970598 0.        ]
 [0.         0.         0.         0.48323689 0.         0.
  0.04098677 0.         0.         0.         0.         0.12250439
  0.         0.         0.        ]
 [0.00641002 0.         0.         0.00358116 0.         0.
  0.13930026 0.         0.         0.11928891 0.         0.
  0.         0.         0.        ]
 [0.         0.         0.         0.56363628 0.         0.
  0.         0.         0.         0.06251069 0.         0.
  0.         0.         0.        ]
 [0.         0.         0.         0.47815514 0.         0.
  0.         0.         0.         0.03986949 0.         0.
  0.         0.         0.        ]
 [0.         0.         0.         0.9064599  0.         0.
  0.         0.         0.         0.1163389  0.         0.
  0.         0.         0.        ]
 [0.         0.         0.         0.         0.         0.
  0.         0.         0.         0.         0.         0.
  0.         0.         0.        ]
 [0.         0.         0.         0.         0.         0.06226373
  0.11316711 0.         0.         0.24574    0.         0.
  0.         0.         0.        ]
 [0.28420946 0.         0.         0.18724306 0.         0.
  0.         0.         0.         0.03936763 0.         0.
  0.         0.         0.00406659]
 [0.15982728 0.         0.         0.53023649 0.         0.
  0.         0.88772963 0.         0.09339483 0.         0.
  0.         0.         0.        ]
 [0.         0.         0.         0.31048626 0.         0.
  0.         0.19645211 0.15619599 0.         0.         0.
  0.         0.         0.17999195]
 [0.05757966 0.         0.01769431 0.40839934 0.24182229 0.
  0.43897046 0.         0.         0.         0.07512335 0.
  0.         0.         0.        ]
 [0.         0.         0.         0.43701314 0.         0.
  0.         0.17427394 0.         0.12746173 0.13450482 0.
  0.         0.         0.03669625]
 [1.31470304 1.41677668 0.8391895  0.82926573 1.06485602 0.9594472
  0.4058902  0.99875985 2.85267195 1.12657617 1.00126445 0.90621925
  0.97162759 0.74609139 0.63414182]]

16
----------------------------------------------------------------------------------
[[0.29107557 0.         0.16792597 0.12566974 0.16748986 0.17783802
  0.13807059 0.43952217 0.03895924 0.74303143 0.         0.
  0.36251647 0.26196246 0.5504214 ]
 [0.05516954 0.         0.16885229 0.18710136 0.10013446 0.43532324
  0.17043098 0.31088834 0.1715698  0.         0.         0.09002806
  0.1530311  0.10140315 0.        ]
 [0.32483076 0.         0.41413338 0.31534289 0.         0.44876579
  0.74165086 0.0227765  0.22025049 0.63258739 0.         0.
  0.26686374 0.85665855 0.        ]
 [0.11676069 0.         0.19987931 0.15542291 0.25598877 0.14410007
  0.         0.22411455 0.         0.13076781 0.         0.
  0.49669169 0.35692573 0.24026939]
 [0.         0.         0.29043817 0.38338672 0.         0.2996368
  0.         0.32365633 0.02840349 0.97889429 0.57394981 0.
  0.31345683 0.11517824 0.12919318]
 [0.51512145 0.         0.17921822 0.15276163 0.01755684 0.24672877
  0.26862541 0.17641085 0.         0.49304079 0.         0.
  0.3492187  0.43207528 0.        ]
 [0.30169121 0.         0.22490578 0.23940483 0.         0.41992311
  0.31638223 0.16643091 0.02845304 0.80008018 0.15158326 0.
  0.1773249  0.20425383 0.16483637]
 [0.3190866  0.         0.26380561 0.145148   0.23593166 0.11637629
  0.00432806 0.2209335  0.         0.         0.         0.
  0.32378327 0.44864635 0.08700753]
 [0.21463231 0.         0.40885821 0.         0.08393781 0.
  0.         0.2730538  0.         0.         0.         0.
  0.16109026 0.12055856 0.16580936]
 [0.17658862 0.         0.39113143 0.29282535 0.2797189  0.20476324
  0.34824432 0.0343285  0.05908593 0.53612253 0.         0.
  0.04882085 0.45299838 0.        ]
 [0.20428551 0.         0.12647287 0.09661976 0.         0.01720623
  0.09769531 0.0282775  0.02860195 0.         0.         0.
  0.1921457  0.16907987 0.06322691]
 [0.03708863 0.05158678 0.00367748 0.07704569 0.04347612 0.
  0.0711336  0.1563405  0.         1.63434237 0.         0.
  0.07692368 0.18016766 0.        ]
 [0.37100861 0.         0.15467953 0.         0.         0.
  0.         0.09648207 0.         0.         0.00648625 0.
  0.14631313 0.29081212 0.3334222 ]
 [0.47787807 0.         0.25867497 0.31983692 0.         0.
  0.         0.32482826 0.         0.47804808 0.21475011 0.
  0.         0.         0.29248772]
 [0.90614222 0.         0.27336904 0.21469111 0.         0.
  0.         0.37577474 0.         0.35659015 0.20623264 0.
  0.01814792 0.         0.22244496]
 [0.36555779 0.         0.57447261 0.19989293 0.         0.
  0.         0.         0.         1.26900431 0.         0.
  0.06796666 0.13254096 0.00684149]
 [0.72072956 0.         0.32170794 0.00456937 0.         0.
  0.         0.34248414 0.         0.37963855 0.29387592 0.
  0.11797816 0.         0.3011867 ]
 [0.13546965 0.72205709 0.05265126 0.20657416 0.25160558 0.40859482
  0.52798109 0.32833594 0.79737554 1.36464392 0.93878784 1.04195851
  0.40484759 0.44176676 0.34238041]]

17
----------------------------------------------------------------------------------
[[5.27377026e-01 1.23446427e-01 2.54349574e-01 2.74571124e-01
  1.32331957e-01 1.43641709e-01 1.87284992e-01 4.88819218e-02
  2.70638516e-01 0.00000000e+00 1.39184068e-02 2.33105644e-01
  3.71778694e-02 2.24681244e-01 1.46795658e-01]
 [2.78211709e-01 2.31756568e-01 2.57912547e-01 1.88907116e-01
  2.16501134e-01 1.63414274e-01 2.49282852e-01 1.19085653e-01
  4.19477156e-01 0.00000000e+00 3.74638537e-01 0.00000000e+00
  4.93653794e-01 0.00000000e+00 3.90395280e-01]
 [1.42916542e-01 1.17802366e-01 1.36365783e-01 2.95711537e-01
  1.43086035e-01 5.94147254e-01 1.11247882e+00 2.93427649e-01
  2.27599376e-01 0.00000000e+00 5.22681917e-01 6.39842186e-01
  0.00000000e+00 0.00000000e+00 5.42341358e-02]
 [7.10701561e-01 0.00000000e+00 1.55234299e-01 6.32218158e-02
  1.46011081e-01 3.50799780e-02 5.09408782e-02 1.54959461e-01
  1.47523167e-01 5.04739338e-02 0.00000000e+00 3.15676814e-01
  6.27777050e-02 0.00000000e+00 1.52555609e-01]
 [2.13663335e-01 1.46614054e-01 1.80287144e-01 0.00000000e+00
  1.93125542e-01 0.00000000e+00 0.00000000e+00 2.23798607e-01
  3.74970516e-02 1.20156502e-01 0.00000000e+00 1.99458242e-01
  0.00000000e+00 4.09999873e-02 0.00000000e+00]
 [0.00000000e+00 5.14178227e-02 5.93865716e-02 1.52859409e-01
  1.66211208e-01 3.09029126e-01 2.13245622e-01 1.59778651e-02
  4.32074041e-01 0.00000000e+00 1.48576694e-01 1.87025535e-01
  0.00000000e+00 7.55927004e-02 1.57080050e-01]
 [8.66263503e-02 0.00000000e+00 9.47486075e-02 4.39306198e-02
  1.64870242e-01 5.51326368e-02 3.62307833e-02 2.12395496e-01
  1.03250307e-01 1.65933333e-02 0.00000000e+00 8.51208478e-02
  0.00000000e+00 7.51331009e-02 0.00000000e+00]
 [1.94222666e-01 0.00000000e+00 6.14552335e-02 3.10709762e-01
  2.54188857e-01 1.59567327e-01 7.71676471e-02 0.00000000e+00
  4.09080713e-02 0.00000000e+00 5.11969088e-02 1.53307647e-01
  0.00000000e+00 0.00000000e+00 6.32198704e-02]
 [8.38041026e-02 0.00000000e+00 1.25513721e-01 1.54037249e-01
  1.91620641e-01 1.66354437e-01 1.02900906e-01 1.83337779e-02
  4.03811192e-02 0.00000000e+00 4.41338839e-01 1.81261348e-01
  3.13822732e-02 0.00000000e+00 1.03069969e-01]
 [0.00000000e+00 0.00000000e+00 5.56664153e-01 5.92897481e-02
  1.91030802e-01 1.43067417e-01 0.00000000e+00 1.74410362e-03
  3.31963511e-01 0.00000000e+00 0.00000000e+00 0.00000000e+00
  2.44833900e-01 0.00000000e+00 4.95685270e-02]
 [0.00000000e+00 0.00000000e+00 0.00000000e+00 0.00000000e+00
  5.71955036e-02 2.01421865e-01 1.04775725e-01 1.16500098e-01
  3.54952733e-01 0.00000000e+00 0.00000000e+00 0.00000000e+00
  0.00000000e+00 0.00000000e+00 1.22190860e-01]
 [1.52330280e-01 0.00000000e+00 2.54939362e-01 1.98274304e-01
  5.30332807e-02 4.90607936e-02 2.95978340e-01 6.93489518e-02
  2.44518228e-01 0.00000000e+00 0.00000000e+00 7.94441989e-02
  1.26527492e-01 0.00000000e+00 3.39873282e-01]
 [0.00000000e+00 1.42312230e-01 2.14532721e-01 1.53025511e-01
  1.64323077e-01 2.36184863e-01 2.67285087e-01 4.07791048e-02
  3.87907148e-01 1.38455719e-01 4.99061324e-02 0.00000000e+00
  2.02219862e-02 0.00000000e+00 1.12094258e-01]
 [0.00000000e+00 1.17140693e-01 0.00000000e+00 0.00000000e+00
  0.00000000e+00 0.00000000e+00 1.83548022e-01 0.00000000e+00
  1.97009536e-02 0.00000000e+00 0.00000000e+00 9.94053993e-02
  1.71113119e-01 2.43122750e-01 5.62670398e-01]
 [0.00000000e+00 1.59350412e-01 5.48417959e-02 9.69980568e-02
  2.49270344e-03 0.00000000e+00 1.75593221e-01 0.00000000e+00
  0.00000000e+00 0.00000000e+00 0.00000000e+00 4.04784836e-02
  6.39348543e-02 2.29551251e-01 2.30103289e-01]
 [0.00000000e+00 1.20467866e-01 9.86729064e-02 0.00000000e+00
  4.83424072e-02 0.00000000e+00 6.50996700e-01 1.44441816e-01
  1.06159337e-01 0.00000000e+00 0.00000000e+00 0.00000000e+00
  0.00000000e+00 0.00000000e+00 0.00000000e+00]
 [0.00000000e+00 1.47855718e-01 1.15963678e-02 0.00000000e+00
  3.09638936e-02 0.00000000e+00 2.40385581e-01 0.00000000e+00
  0.00000000e+00 2.69732138e-01 2.04481474e-01 3.64333266e-04
  0.00000000e+00 3.76516449e-01 4.34559065e-02]
 [3.93457646e-01 2.01794680e-01 7.71245821e-02 9.81306564e-02
  3.36318367e-02 1.11805269e-01 2.53671220e-01 1.77749168e-01
  2.94756642e-01 5.75668448e-01 6.89286537e-01 4.46053053e-01
  6.43892860e-01 6.29599199e-01 4.07868267e-01]]

18
----------------------------------------------------------------------------------
[[1.22732440e-01 0.00000000e+00 0.00000000e+00 2.35873261e-02
  1.56041297e-01 0.00000000e+00 0.00000000e+00 0.00000000e+00
  6.77713052e-01 2.15935848e-01 0.00000000e+00 3.28437472e-01
  3.37447052e-01 4.12017706e-01 2.56181948e-01]
 [1.67591736e-01 0.00000000e+00 0.00000000e+00 0.00000000e+00
  4.28497520e-01 0.00000000e+00 0.00000000e+00 0.00000000e+00
  1.87528307e-01 2.57183378e-02 0.00000000e+00 1.20853355e-01
  2.76441040e-01 3.11360167e-01 3.08517930e-01]
 [4.56665247e-01 0.00000000e+00 0.00000000e+00 5.09034256e-05
  6.04271309e-01 0.00000000e+00 0.00000000e+00 0.00000000e+00
  2.47172075e-01 2.33767639e-01 0.00000000e+00 1.56262966e-01
  2.28222715e-01 4.93521979e-01 3.01694768e-01]
 [1.84035560e-01 0.00000000e+00 0.00000000e+00 0.00000000e+00
  5.04020086e-01 0.00000000e+00 0.00000000e+00 0.00000000e+00
  3.63625591e-01 9.50638671e-02 0.00000000e+00 1.91295789e-01
  4.32275638e-01 3.68705688e-01 2.01969732e-01]
 [3.16588174e-01 0.00000000e+00 1.57310703e-01 0.00000000e+00
  5.28664404e-01 0.00000000e+00 0.00000000e+00 0.00000000e+00
  0.00000000e+00 4.33240068e-02 0.00000000e+00 7.37381348e-02
  7.22054196e-01 1.56150632e-01 1.72074711e-01]
 [4.05050983e-01 3.15597557e-02 0.00000000e+00 6.00114943e-03
  8.25332549e-02 0.00000000e+00 9.57113948e-02 1.94446536e-01
  0.00000000e+00 2.64219377e-01 1.03488394e-01 1.88289061e-01
  1.44636243e-01 2.75908785e-01 2.28339213e-01]
 [4.14567628e-01 0.00000000e+00 4.34119381e-01 1.20830315e-02
  2.36768066e-01 0.00000000e+00 0.00000000e+00 0.00000000e+00
  8.60087228e-03 1.19372984e-01 0.00000000e+00 1.89167700e-01
  3.08404655e-01 1.95936958e-01 1.59704007e-01]
 [6.21013025e-02 0.00000000e+00 0.00000000e+00 0.00000000e+00
  2.29738179e-01 0.00000000e+00 0.00000000e+00 0.00000000e+00
  8.43140111e-02 2.84125428e-02 8.30857183e-03 2.04146227e-01
  3.92509953e-01 4.18085801e-01 2.57052462e-01]
 [1.16598946e-01 0.00000000e+00 0.00000000e+00 0.00000000e+00
  4.77952917e-01 0.00000000e+00 0.00000000e+00 0.00000000e+00
  0.00000000e+00 0.00000000e+00 0.00000000e+00 1.27381609e-01
  2.42015723e-01 1.93733806e-01 1.37522762e-01]
 [7.27867888e-01 0.00000000e+00 2.08635649e-01 0.00000000e+00
  1.13901847e-01 0.00000000e+00 0.00000000e+00 1.87620977e-02
  0.00000000e+00 1.95101420e-01 0.00000000e+00 4.32300030e-02
  5.52532851e-02 4.78825991e-02 2.50069662e-01]
 [1.66274490e-01 2.20463081e-02 0.00000000e+00 0.00000000e+00
  9.24017958e-03 0.00000000e+00 0.00000000e+00 0.00000000e+00
  4.72779006e-02 1.66465724e-01 0.00000000e+00 6.72098513e-02
  3.89552856e-02 2.96328659e-02 2.38298572e-01]
 [5.59783724e-04 0.00000000e+00 0.00000000e+00 0.00000000e+00
  0.00000000e+00 0.00000000e+00 1.69765160e-01 1.13321169e-02
  2.27526642e-01 2.82425224e-01 0.00000000e+00 3.07408231e-01
  2.32453131e-01 3.04364371e-01 1.16990584e-01]
 [3.03525870e-01 4.32062760e-01 0.00000000e+00 0.00000000e+00
  3.63431933e-01 0.00000000e+00 4.84405998e-02 0.00000000e+00
  0.00000000e+00 1.89319038e-01 0.00000000e+00 1.18681296e-02
  0.00000000e+00 1.02105147e-02 3.21539012e-01]
 [4.14393255e-03 0.00000000e+00 5.50019797e-01 2.13744057e-01
  0.00000000e+00 0.00000000e+00 1.30142923e-01 3.99110093e-03
  0.00000000e+00 3.70567508e-01 0.00000000e+00 0.00000000e+00
  1.22501484e-01 0.00000000e+00 4.47726754e-01]
 [4.64019501e-02 6.95384798e-02 0.00000000e+00 0.00000000e+00
  3.01818469e-02 0.00000000e+00 1.13660495e-01 5.11288096e-02
  0.00000000e+00 1.48183964e-01 0.00000000e+00 0.00000000e+00
  2.72829946e-02 2.06723117e-02 4.00044501e-01]
 [1.56182715e-01 5.36251160e-01 0.00000000e+00 0.00000000e+00
  0.00000000e+00 0.00000000e+00 3.77761158e-01 1.41163123e-02
  0.00000000e+00 4.24100211e-01 0.00000000e+00 0.00000000e+00
  1.19306997e-01 0.00000000e+00 3.33479077e-01]
 [0.00000000e+00 2.68745873e-01 0.00000000e+00 0.00000000e+00
  2.24881113e-01 0.00000000e+00 1.09999519e-01 0.00000000e+00
  1.58981936e-01 0.00000000e+00 0.00000000e+00 0.00000000e+00
  7.72615606e-02 0.00000000e+00 7.44002655e-01]
 [0.00000000e+00 6.94289984e-01 6.45885982e-01 5.26113695e-01
  7.75055515e-01 0.00000000e+00 1.19104158e-01 7.71641098e-02
  2.44369684e+00 2.17152028e-01 3.55735082e-01 1.57351474e-01
  1.85312928e-01 2.34486019e-01 1.08402276e-02]]

19
----------------------------------------------------------------------------------
[[0.00000000e+00 0.00000000e+00 0.00000000e+00 0.00000000e+00
  1.94376074e-01 2.16959618e-01 1.71796474e-01 0.00000000e+00
  0.00000000e+00 0.00000000e+00 4.77529971e-01 5.22071312e-02
  0.00000000e+00 0.00000000e+00 0.00000000e+00]
 [0.00000000e+00 1.72007983e-01 0.00000000e+00 2.46034115e-03
  5.95159079e-01 1.24163050e-01 1.46936687e-01 0.00000000e+00
  0.00000000e+00 0.00000000e+00 2.84763745e-01 1.02045077e-01
  0.00000000e+00 0.00000000e+00 0.00000000e+00]
 [0.00000000e+00 0.00000000e+00 0.00000000e+00 0.00000000e+00
  1.64342501e-01 3.51514421e-02 3.34090981e-01 0.00000000e+00
  6.37905826e-01 0.00000000e+00 0.00000000e+00 2.10996357e-01
  0.00000000e+00 0.00000000e+00 0.00000000e+00]
 [2.11953590e-01 4.30596382e-01 0.00000000e+00 0.00000000e+00
  2.72229423e-01 1.75942278e-01 1.06440592e-01 0.00000000e+00
  0.00000000e+00 0.00000000e+00 2.58728873e-01 1.63223594e-01
  0.00000000e+00 0.00000000e+00 0.00000000e+00]
 [0.00000000e+00 6.40570605e-01 1.60305894e-02 2.09972637e-02
  2.88474097e-01 6.12863864e-02 2.02028811e-01 0.00000000e+00
  0.00000000e+00 0.00000000e+00 4.76812046e-01 0.00000000e+00
  3.14521778e+00 0.00000000e+00 0.00000000e+00]
 [0.00000000e+00 8.33292395e-02 0.00000000e+00 3.00810628e-02
  1.77243116e-01 0.00000000e+00 4.64223347e-01 0.00000000e+00
  2.85875472e-01 1.30536858e-01 0.00000000e+00 0.00000000e+00
  4.95400116e+00 0.00000000e+00 0.00000000e+00]
 [0.00000000e+00 3.91052279e-02 0.00000000e+00 5.55177142e-02
  1.30924105e-01 0.00000000e+00 6.18093497e-02 0.00000000e+00
  0.00000000e+00 0.00000000e+00 0.00000000e+00 2.94343486e-02
  0.00000000e+00 0.00000000e+00 0.00000000e+00]
 [0.00000000e+00 0.00000000e+00 0.00000000e+00 0.00000000e+00
  4.76478234e-03 0.00000000e+00 1.68488180e-01 0.00000000e+00
  1.38479349e-01 0.00000000e+00 0.00000000e+00 3.29570692e-01
  5.90236566e+00 6.13217484e+00 2.69308103e+00]
 [1.02807841e-01 8.74217746e-02 2.06825020e-03 0.00000000e+00
  0.00000000e+00 0.00000000e+00 3.17085330e-01 0.00000000e+00
  0.00000000e+00 0.00000000e+00 2.45787568e-02 4.89788030e-01
  9.06328580e+00 1.92546983e+01 3.12060414e+00]
 [0.00000000e+00 6.49273951e-01 0.00000000e+00 2.96144689e-02
  1.44396383e-01 0.00000000e+00 4.19116036e-01 0.00000000e+00
  1.31706784e-01 0.00000000e+00 0.00000000e+00 8.10399537e-02
  1.85046106e+00 0.00000000e+00 2.70088003e-01]
 [0.00000000e+00 5.14249918e-02 0.00000000e+00 1.28638875e-01
  1.21910794e-01 0.00000000e+00 1.52716201e-01 0.00000000e+00
  0.00000000e+00 0.00000000e+00 0.00000000e+00 3.58746776e-02
  4.65194773e+00 6.14031685e+00 1.52551034e+00]
 [3.19414715e-01 1.55780245e-01 0.00000000e+00 6.85145501e-02
  1.07474887e-01 1.77214568e-01 1.79259655e-01 0.00000000e+00
  2.12312624e-01 0.00000000e+00 0.00000000e+00 4.44423141e-02
  2.07769433e+00 0.00000000e+00 1.11214939e+00]
 [0.00000000e+00 6.08498234e-01 0.00000000e+00 0.00000000e+00
  7.00109342e-01 0.00000000e+00 1.86300332e-01 0.00000000e+00
  0.00000000e+00 0.00000000e+00 0.00000000e+00 0.00000000e+00
  2.73819425e+00 6.24750714e+00 0.00000000e+00]
 [7.13576166e-02 1.06937529e-02 0.00000000e+00 0.00000000e+00
  2.63150202e-01 8.12808396e-02 7.29842185e-02 0.00000000e+00
  0.00000000e+00 0.00000000e+00 5.72187323e-01 1.19655802e+01
  1.43582990e-01 0.00000000e+00 2.60320185e-01]
 [0.00000000e+00 4.09031811e-04 0.00000000e+00 2.08085777e-01
  2.27293004e-01 4.50414986e-03 1.44790399e-01 0.00000000e+00
  0.00000000e+00 0.00000000e+00 1.65388903e+00 9.34710924e+00
  1.80361311e+00 1.36041079e-01 3.61514297e+00]
 [0.00000000e+00 0.00000000e+00 0.00000000e+00 1.95780979e-01
  1.40285009e-01 0.00000000e+00 0.00000000e+00 0.00000000e+00
  0.00000000e+00 0.00000000e+00 1.02106919e-01 4.81940797e-01
  0.00000000e+00 0.00000000e+00 0.00000000e+00]
 [0.00000000e+00 0.00000000e+00 7.34319501e-03 0.00000000e+00
  4.14427152e-01 0.00000000e+00 1.97551904e-01 0.00000000e+00
  5.63287828e-01 0.00000000e+00 1.50660353e+00 1.75086173e+00
  0.00000000e+00 1.16204934e+00 4.32335166e+00]
 [4.11108226e-01 3.39861241e-01 6.99866115e-01 4.41720739e-01
  3.93425745e-01 5.15640766e-01 2.87059986e-01 1.24060002e+00
  8.26099698e-01 8.60149639e-01 7.48280087e-01 3.84790289e-01
  2.28940633e+00 2.08485283e+00 2.12133477e+00]]

20
----------------------------------------------------------------------------------
[[0.00000000e+00 2.00153628e+00 8.38824364e-03 0.00000000e+00
  0.00000000e+00 0.00000000e+00 0.00000000e+00 0.00000000e+00
  0.00000000e+00 0.00000000e+00 0.00000000e+00 0.00000000e+00
  0.00000000e+00 0.00000000e+00 0.00000000e+00]
 [0.00000000e+00 1.12710755e+00 8.33864600e-01 0.00000000e+00
  0.00000000e+00 2.36908353e-01 1.48640530e+00 0.00000000e+00
  0.00000000e+00 0.00000000e+00 0.00000000e+00 0.00000000e+00
  0.00000000e+00 0.00000000e+00 7.34664493e-02]
 [0.00000000e+00 1.52405264e+00 3.23377725e-01 0.00000000e+00
  0.00000000e+00 0.00000000e+00 0.00000000e+00 0.00000000e+00
  0.00000000e+00 0.00000000e+00 0.00000000e+00 0.00000000e+00
  0.00000000e+00 0.00000000e+00 1.53239690e-01]
 [0.00000000e+00 9.61073775e-01 0.00000000e+00 0.00000000e+00
  0.00000000e+00 0.00000000e+00 0.00000000e+00 0.00000000e+00
  0.00000000e+00 0.00000000e+00 0.00000000e+00 0.00000000e+00
  0.00000000e+00 0.00000000e+00 3.19762991e-01]
 [0.00000000e+00 8.71168643e-01 0.00000000e+00 1.08001567e-01
  0.00000000e+00 0.00000000e+00 5.96968768e-02 1.98870802e-01
  0.00000000e+00 0.00000000e+00 0.00000000e+00 0.00000000e+00
  0.00000000e+00 0.00000000e+00 0.00000000e+00]
 [0.00000000e+00 5.89282633e-01 0.00000000e+00 0.00000000e+00
  0.00000000e+00 0.00000000e+00 0.00000000e+00 0.00000000e+00
  0.00000000e+00 0.00000000e+00 0.00000000e+00 0.00000000e+00
  0.00000000e+00 0.00000000e+00 2.36950266e-01]
 [0.00000000e+00 6.60114367e-01 6.08777476e-01 0.00000000e+00
  0.00000000e+00 0.00000000e+00 0.00000000e+00 0.00000000e+00
  0.00000000e+00 0.00000000e+00 0.00000000e+00 0.00000000e+00
  0.00000000e+00 0.00000000e+00 0.00000000e+00]
 [0.00000000e+00 7.35269204e-01 0.00000000e+00 0.00000000e+00
  0.00000000e+00 0.00000000e+00 1.13391440e+00 0.00000000e+00
  0.00000000e+00 0.00000000e+00 0.00000000e+00 0.00000000e+00
  0.00000000e+00 1.10375356e-01 2.82868632e-01]
 [0.00000000e+00 2.29471811e-01 0.00000000e+00 0.00000000e+00
  0.00000000e+00 0.00000000e+00 1.30900328e+00 1.91414023e+00
  0.00000000e+00 0.00000000e+00 0.00000000e+00 0.00000000e+00
  0.00000000e+00 0.00000000e+00 1.27127933e-02]
 [0.00000000e+00 4.51497924e-01 0.00000000e+00 0.00000000e+00
  0.00000000e+00 0.00000000e+00 0.00000000e+00 0.00000000e+00
  0.00000000e+00 0.00000000e+00 0.00000000e+00 0.00000000e+00
  0.00000000e+00 4.23138304e-01 2.04144153e-01]
 [0.00000000e+00 0.00000000e+00 0.00000000e+00 0.00000000e+00
  0.00000000e+00 0.00000000e+00 0.00000000e+00 2.59899208e+00
  7.95708409e-01 2.43752912e-01 0.00000000e+00 0.00000000e+00
  0.00000000e+00 0.00000000e+00 5.00506823e-02]
 [0.00000000e+00 0.00000000e+00 1.55659508e+00 0.00000000e+00
  0.00000000e+00 0.00000000e+00 1.10248552e+00 0.00000000e+00
  0.00000000e+00 0.00000000e+00 0.00000000e+00 0.00000000e+00
  0.00000000e+00 1.49790627e-01 5.24346074e-02]
 [0.00000000e+00 0.00000000e+00 0.00000000e+00 0.00000000e+00
  0.00000000e+00 0.00000000e+00 5.08301082e-01 1.57626693e+00
  5.36970670e-01 6.83909845e-01 0.00000000e+00 0.00000000e+00
  0.00000000e+00 0.00000000e+00 1.29403638e+00]
 [2.08567212e+00 1.16598399e+00 8.62248802e-02 0.00000000e+00
  0.00000000e+00 0.00000000e+00 0.00000000e+00 7.08236087e-02
  0.00000000e+00 0.00000000e+00 0.00000000e+00 0.00000000e+00
  0.00000000e+00 1.41633022e-01 3.61173831e-01]
 [6.94877901e-01 1.51304382e+00 0.00000000e+00 0.00000000e+00
  0.00000000e+00 0.00000000e+00 3.64637515e-01 6.68137141e-01
  0.00000000e+00 1.40890411e-01 0.00000000e+00 0.00000000e+00
  0.00000000e+00 3.57468556e-01 7.37136388e-01]
 [0.00000000e+00 1.89238856e+00 0.00000000e+00 0.00000000e+00
  0.00000000e+00 0.00000000e+00 0.00000000e+00 0.00000000e+00
  0.00000000e+00 3.67719945e+00 0.00000000e+00 0.00000000e+00
  0.00000000e+00 0.00000000e+00 1.07147069e-02]
 [0.00000000e+00 2.84508957e+00 6.30066210e+00 0.00000000e+00
  0.00000000e+00 0.00000000e+00 1.85673776e-01 0.00000000e+00
  0.00000000e+00 0.00000000e+00 0.00000000e+00 2.84454454e-02
  6.08225009e-01 0.00000000e+00 2.93885950e-01]
 [2.50159328e+00 1.35191445e+00 5.00724140e+00 9.57988024e+00
  1.17960930e+01 9.10007549e+00 3.35684075e+00 1.68250394e+00
  5.84356893e+00 7.21888509e+00 8.65053318e+00 6.11377160e+00
  2.49532238e+00 6.28553410e-01 5.49916770e-01]]

21
----------------------------------------------------------------------------------
[[0.00000000e+00 0.00000000e+00 1.92535155e-01 1.37959675e-01
  0.00000000e+00 0.00000000e+00 1.50658445e-01 0.00000000e+00
  0.00000000e+00 0.00000000e+00 1.39953307e-01 2.09412684e-01
  3.05649299e-01 2.66719777e-01 1.61638086e-01]
 [0.00000000e+00 0.00000000e+00 1.64609722e-01 3.26140893e-01
  1.94033305e-01 5.16544578e-01 0.00000000e+00 9.77991383e-02
  0.00000000e+00 0.00000000e+00 2.45267529e-01 2.97273084e-01
  1.79791143e-01 2.70639805e-01 2.12957290e-01]
 [0.00000000e+00 0.00000000e+00 7.15646937e-01 3.90450280e-01
  3.79451308e-01 3.85833376e-01 0.00000000e+00 5.56463743e-02
  0.00000000e+00 0.00000000e+00 2.04812619e-01 8.26088898e-02
  3.97881445e-01 1.34239693e-01 3.98094571e-01]
 [0.00000000e+00 0.00000000e+00 0.00000000e+00 0.00000000e+00
  0.00000000e+00 0.00000000e+00 0.00000000e+00 0.00000000e+00
  0.00000000e+00 0.00000000e+00 0.00000000e+00 1.74606194e-01
  2.81398685e-01 2.26391140e-01 2.14924721e-01]
 [0.00000000e+00 0.00000000e+00 0.00000000e+00 0.00000000e+00
  0.00000000e+00 5.74136356e-02 0.00000000e+00 1.89438885e-01
  0.00000000e+00 5.45213316e-03 1.65024143e-01 1.83306745e-01
  2.44452498e-01 9.29907438e-02 3.28984763e-01]
 [0.00000000e+00 0.00000000e+00 3.62207528e-01 4.59853777e-01
  1.64364185e-01 6.08139584e-03 0.00000000e+00 0.00000000e+00
  5.82951079e-02 0.00000000e+00 2.82402626e-02 3.27969866e-01
  2.85105207e-01 1.66564551e-01 1.19132549e-01]
 [0.00000000e+00 0.00000000e+00 2.91468642e-01 3.52653583e-01
  1.08884462e-02 1.29598555e-02 0.00000000e+00 0.00000000e+00
  0.00000000e+00 0.00000000e+00 3.79118073e-02 1.33452123e-01
  4.75526167e-01 1.51704638e-01 3.07720566e-01]
 [0.00000000e+00 0.00000000e+00 0.00000000e+00 0.00000000e+00
  0.00000000e+00 0.00000000e+00 0.00000000e+00 0.00000000e+00
  0.00000000e+00 0.00000000e+00 1.20104571e-01 1.59780945e-01
  2.22024146e-01 1.56543099e-01 3.15708036e-02]
 [0.00000000e+00 0.00000000e+00 0.00000000e+00 0.00000000e+00
  0.00000000e+00 8.99347376e-02 0.00000000e+00 0.00000000e+00
  0.00000000e+00 0.00000000e+00 1.80649768e-01 2.37065822e-01
  1.31799262e-01 1.50057995e-01 0.00000000e+00]
 [0.00000000e+00 0.00000000e+00 2.24140899e-01 2.87861562e-01
  1.67637066e-01 3.55283738e-01 0.00000000e+00 0.00000000e+00
  0.00000000e+00 0.00000000e+00 1.91518874e-01 2.73455865e-01
  4.56675507e-02 1.16068893e-01 0.00000000e+00]
 [0.00000000e+00 0.00000000e+00 0.00000000e+00 3.44731837e-01
  6.55689519e-02 1.64102896e-01 0.00000000e+00 0.00000000e+00
  0.00000000e+00 0.00000000e+00 9.59088289e-02 1.48466232e-01
  2.18038327e-01 1.39495616e-01 0.00000000e+00]
 [0.00000000e+00 0.00000000e+00 0.00000000e+00 0.00000000e+00
  0.00000000e+00 0.00000000e+00 0.00000000e+00 0.00000000e+00
  0.00000000e+00 0.00000000e+00 4.03967925e-02 7.87308107e-02
  4.71973697e-02 1.15829873e-01 2.44882181e-01]
 [0.00000000e+00 0.00000000e+00 3.90666340e-01 5.47434496e-01
  0.00000000e+00 2.65723382e-01 0.00000000e+00 0.00000000e+00
  0.00000000e+00 0.00000000e+00 9.08325092e-02 6.49505577e-02
  4.64433501e-02 1.32866403e-01 3.57241072e-03]
 [4.19414393e-01 0.00000000e+00 5.04790589e-02 3.76245613e-02
  0.00000000e+00 0.00000000e+00 0.00000000e+00 0.00000000e+00
  0.00000000e+00 0.00000000e+00 0.00000000e+00 2.55614289e-01
  9.20151008e-02 7.92038271e-02 0.00000000e+00]
 [5.86973331e-01 0.00000000e+00 1.40040608e-01 4.25907319e-02
  5.05655586e-02 0.00000000e+00 0.00000000e+00 0.00000000e+00
  0.00000000e+00 0.00000000e+00 6.42469360e-04 1.82812289e-01
  2.84841045e-02 0.00000000e+00 4.79273219e-02]
 [0.00000000e+00 0.00000000e+00 3.00683279e-01 4.77074859e-02
  0.00000000e+00 0.00000000e+00 0.00000000e+00 0.00000000e+00
  0.00000000e+00 0.00000000e+00 3.28730532e-01 1.26152534e-01
  2.31550994e-01 8.38651732e-02 1.71307806e-01]
 [2.35925998e-01 0.00000000e+00 2.65150810e-01 0.00000000e+00
  0.00000000e+00 0.00000000e+00 0.00000000e+00 0.00000000e+00
  0.00000000e+00 0.00000000e+00 0.00000000e+00 0.00000000e+00
  0.00000000e+00 1.79788692e-02 1.14891626e-01]
 [2.22116869e+00 2.35514733e+00 6.72148598e-01 7.90105695e-01
  1.28031500e+00 1.08094157e+00 1.48589999e+00 1.43758961e+00
  8.61744570e-01 7.18224833e-01 3.72618953e-01 3.48594511e-02
  7.33124364e-02 9.11208050e-02 4.14149164e-01]]

22
----------------------------------------------------------------------------------
[[0.07893344 0.2401775  0.1632301  0.28101254 0.33793196 0.06183588
  0.02788703 0.04683068 0.03523387 0.         0.         0.
  0.         0.15229598 0.21543385]
 [0.33611668 0.32356479 0.         0.45967351 0.50186635 0.
  0.         0.         0.         0.         0.         0.
  0.         0.10024944 0.0400503 ]
 [0.43520524 0.14803166 0.08587399 0.62732441 1.55020215 0.17880971
  0.23771174 0.09410586 0.39629102 0.4391753  0.07100107 0.
  0.         0.29746315 0.4154618 ]
 [0.11425117 0.05521315 0.         0.44669612 0.1749207  0.04107687
  0.08813222 0.02785343 0.03136854 0.         0.         0.
  0.         0.16509506 0.24727549]
 [0.01870691 0.13781874 0.24987499 0.11887612 0.         0.
  0.         0.         0.         0.         0.         0.
  0.         0.10123331 0.01901188]
 [0.34377647 0.13883122 0.         0.32361287 0.25659506 0.
  0.04332131 0.         0.         0.14863257 0.         0.
  0.         0.08648762 0.06760153]
 [0.12710383 0.01014322 0.00462048 0.41392497 0.05570778 0.
  0.         0.         0.         0.         0.         0.
  0.         0.08445054 0.12830994]
 [0.09181106 0.0049811  0.         0.38408981 0.26325134 0.
  0.06685626 0.         0.         0.         0.         0.04426676
  0.09510129 0.         0.04160913]
 [0.05682098 0.         0.05135707 0.         0.25241315 0.01967825
  0.19527008 0.         0.         0.         0.         0.03547133
  0.06650853 0.         0.01533285]
 [0.24960521 0.67446995 0.01781292 0.15791806 0.62077129 0.02673129
  0.         0.         0.12576417 0.62758246 1.19129086 0.
  0.         0.         0.        ]
 [0.2254701  0.06805147 0.         0.34960088 0.25699009 0.
  0.11130175 0.         0.         0.12267358 0.         0.08171987
  0.         0.03660081 0.06425736]
 [0.04201832 0.11329332 0.11065236 0.0696872  0.41440141 0.05910468
  0.09776571 0.03371002 0.32125826 0.10380545 0.         0.1936936
  0.60043434 0.23681488 0.14138944]
 [0.07628519 0.19525814 0.         0.14877589 0.26960219 0.03703435
  0.08246678 0.02394132 0.29151313 0.         0.         0.
  0.01498235 0.0401076  0.08071225]
 [0.00223499 0.         0.14062698 0.20461692 0.07091777 0.30717421
  0.50635323 0.04090109 0.         0.         0.01951829 0.19474472
  0.         0.         0.03020863]
 [0.         0.         0.14410978 0.36702133 0.28071182 0.22228124
  0.16917495 0.13355693 0.         0.         0.         0.12312518
  0.         0.04618125 0.14974379]
 [0.         0.07825036 0.21315197 0.15556499 0.79602196 0.37555361
  0.56455421 0.         0.         0.395749   0.26333569 0.
  0.         0.03014089 0.01791991]
 [0.         0.05139303 0.         0.05854379 0.         0.06863835
  0.11062881 0.03066212 0.         0.         0.         0.20289838
  0.         0.18255694 0.14359898]
 [0.20412418 0.20699093 0.44709215 0.3702377  0.54519583 0.26622767
  0.34354885 0.23965229 0.36756353 1.11087299 1.28042782 0.97886153
  0.94942432 0.08818383 0.02305483]]

23
----------------------------------------------------------------------------------
[[0.00000000e+00 2.76026473e-03 2.68028609e-02 0.00000000e+00
  0.00000000e+00 0.00000000e+00 1.59556665e-01 7.98786088e-02
  2.68655940e-02 7.08958460e-03 1.10255999e-01 2.73971838e-01
  3.01078221e-01 1.11551757e-01 1.79371975e-01]
 [0.00000000e+00 1.15107634e-01 0.00000000e+00 1.93735608e-01
  0.00000000e+00 0.00000000e+00 4.61485034e-02 0.00000000e+00
  1.02352069e-01 0.00000000e+00 0.00000000e+00 2.10697065e-01
  5.89237372e-01 0.00000000e+00 0.00000000e+00]
 [4.25451290e-01 0.00000000e+00 0.00000000e+00 6.19933510e-01
  5.04646992e-01 0.00000000e+00 8.43020337e-02 0.00000000e+00
  2.70087420e-01 5.65357017e-01 1.91878655e-01 0.00000000e+00
  7.31580598e-01 3.90331598e-02 4.35775087e-01]
 [0.00000000e+00 0.00000000e+00 6.34270831e-02 0.00000000e+00
  0.00000000e+00 9.81156453e-02 9.20148805e-02 2.84659241e-01
  2.60692765e-02 0.00000000e+00 0.00000000e+00 2.33653901e-01
  0.00000000e+00 4.42893675e-02 1.04222819e-01]
 [1.37786682e-02 3.84425589e-01 0.00000000e+00 3.23890771e-02
  0.00000000e+00 2.21776590e-01 8.50576212e-03 2.21986171e-01
  1.15598662e-02 0.00000000e+00 0.00000000e+00 0.00000000e+00
  1.29925075e-02 0.00000000e+00 3.08552538e-01]
 [5.19557595e-02 1.35342138e-02 0.00000000e+00 3.56091429e-01
  0.00000000e+00 0.00000000e+00 1.19092709e-01 0.00000000e+00
  1.20235430e-02 1.68121303e-01 1.92998802e-01 0.00000000e+00
  2.09670726e-01 3.20806084e-02 5.69084086e-02]
 [0.00000000e+00 2.58468229e-01 0.00000000e+00 1.46863094e-01
  0.00000000e+00 0.00000000e+00 0.00000000e+00 9.87677844e-02
  1.39839855e-01 8.04871740e-02 0.00000000e+00 0.00000000e+00
  3.54285360e-01 0.00000000e+00 2.02188721e-01]
 [1.06102431e-01 0.00000000e+00 3.27381947e-02 0.00000000e+00
  0.00000000e+00 0.00000000e+00 3.18126995e-01 2.47183587e-04
  3.49457514e-01 0.00000000e+00 0.00000000e+00 3.02694615e-01
  3.05912035e-02 1.27234297e-01 1.27004980e-01]
 [2.05189231e-01 0.00000000e+00 5.52460184e-03 0.00000000e+00
  0.00000000e+00 0.00000000e+00 2.22719913e-01 5.83683702e-02
  2.04989572e-01 0.00000000e+00 0.00000000e+00 2.39042029e-01
  0.00000000e+00 2.68246935e-02 0.00000000e+00]
 [6.21320968e-01 0.00000000e+00 0.00000000e+00 3.48636591e-01
  0.00000000e+00 0.00000000e+00 5.35276221e-02 7.45192429e-02
  2.71611783e-01 0.00000000e+00 9.94551956e-02 0.00000000e+00
  1.21749015e-01 3.03174370e-03 0.00000000e+00]
 [2.20463163e-01 0.00000000e+00 0.00000000e+00 5.18913347e-02
  0.00000000e+00 0.00000000e+00 5.59234667e-02 6.52044009e-02
  0.00000000e+00 1.83033142e-01 3.02331632e-02 6.32929960e-02
  2.85678963e-02 0.00000000e+00 0.00000000e+00]
 [1.89802319e-01 0.00000000e+00 4.36219358e-02 0.00000000e+00
  0.00000000e+00 0.00000000e+00 4.24413654e-02 1.65289418e-01
  0.00000000e+00 6.80248430e-02 0.00000000e+00 2.67979732e-01
  1.01996380e-01 0.00000000e+00 0.00000000e+00]
 [8.87924395e-02 9.71632678e-03 0.00000000e+00 6.19329626e-02
  0.00000000e+00 2.29631206e-01 0.00000000e+00 1.16137312e-01
  3.19978148e-01 9.10268613e-01 3.00675726e-02 0.00000000e+00
  0.00000000e+00 0.00000000e+00 0.00000000e+00]
 [2.62712577e-01 0.00000000e+00 0.00000000e+00 0.00000000e+00
  0.00000000e+00 2.65660401e-01 7.32130762e-01 1.72808304e-01
  0.00000000e+00 2.06109275e-01 0.00000000e+00 2.07211633e-01
  2.36068397e-01 2.03270170e-02 0.00000000e+00]
 [0.00000000e+00 7.11980476e-02 0.00000000e+00 2.21147101e-01
  0.00000000e+00 6.69239682e-01 1.03906803e+00 3.02499755e-01
  1.48968543e-01 0.00000000e+00 0.00000000e+00 0.00000000e+00
  3.24201869e-01 1.46671114e-01 1.81678785e-01]
 [0.00000000e+00 0.00000000e+00 0.00000000e+00 3.97620092e-02
  0.00000000e+00 0.00000000e+00 6.04859402e-02 2.79948596e-01
  3.62459296e-01 0.00000000e+00 4.61113501e-01 1.21636844e-01
  6.21215456e-02 3.22757842e-02 1.71919868e-01]
 [0.00000000e+00 0.00000000e+00 0.00000000e+00 3.65768015e-02
  0.00000000e+00 0.00000000e+00 8.09462566e-01 0.00000000e+00
  0.00000000e+00 3.40826607e-01 1.38210849e-01 0.00000000e+00
  0.00000000e+00 1.52668830e-01 6.08250765e-01]
 [6.72272696e-01 5.45387820e-01 5.58708882e-01 6.93684058e-01
  9.25474190e-01 6.94927279e-01 5.44251416e-01 3.46408422e-01
  4.09475277e-01 5.28651612e-01 2.88252918e-01 2.82092764e-01
  2.96325560e-01 1.56789803e-01 2.90833079e-01]]

24
----------------------------------------------------------------------------------
[[2.02436303e-01 1.13939581e-01 1.27958171e-01 8.51575016e-02
  0.00000000e+00 4.00037742e-01 5.71308872e-02 0.00000000e+00
  0.00000000e+00 3.67553608e-01 0.00000000e+00 0.00000000e+00]
 [1.33961778e-01 6.80735981e-02 0.00000000e+00 2.16339675e-01
  4.78269699e-02 2.30713978e-01 2.71510388e-02 0.00000000e+00
  0.00000000e+00 3.26241934e-01 0.00000000e+00 0.00000000e+00]
 [3.50968988e-01 0.00000000e+00 1.38029452e-01 7.31924065e-02
  0.00000000e+00 4.21018309e-01 0.00000000e+00 0.00000000e+00
  0.00000000e+00 2.57163376e-01 0.00000000e+00 0.00000000e+00]
 [0.00000000e+00 0.00000000e+00 1.39243274e-01 1.84786761e-01
  0.00000000e+00 1.55594421e-01 0.00000000e+00 0.00000000e+00
  0.00000000e+00 2.06465991e-01 0.00000000e+00 0.00000000e+00]
 [1.17541302e-02 5.18121768e-02 0.00000000e+00 2.71724487e-01
  0.00000000e+00 2.08509365e-01 0.00000000e+00 5.62537723e-02
  0.00000000e+00 4.83613515e-01 0.00000000e+00 0.00000000e+00]
 [9.23171557e-02 0.00000000e+00 1.87947988e-01 1.37418999e-01
  0.00000000e+00 2.74697173e-01 0.00000000e+00 0.00000000e+00
  0.00000000e+00 1.48421800e-01 0.00000000e+00 0.00000000e+00]
 [9.19637612e-02 0.00000000e+00 1.43155832e-01 3.08016497e-01
  0.00000000e+00 4.41228809e-01 0.00000000e+00 0.00000000e+00
  0.00000000e+00 2.95460212e-01 0.00000000e+00 0.00000000e+00]
 [2.98388306e-01 2.67898368e-01 9.59515884e-02 0.00000000e+00
  0.00000000e+00 4.61729275e-01 0.00000000e+00 0.00000000e+00
  6.18175054e-02 1.46703453e-01 0.00000000e+00 0.00000000e+00]
 [2.71850731e-01 5.32466725e-01 4.35028544e-02 7.71787336e-02
  0.00000000e+00 1.81345419e-01 0.00000000e+00 0.00000000e+00
  0.00000000e+00 2.03120528e-01 0.00000000e+00 0.00000000e+00]
 [0.00000000e+00 0.00000000e+00 0.00000000e+00 1.37617476e-01
  0.00000000e+00 1.26644742e-01 0.00000000e+00 0.00000000e+00
  1.96861966e-03 3.81317933e-01 0.00000000e+00 0.00000000e+00]
 [0.00000000e+00 0.00000000e+00 2.44544273e-01 1.52670560e-01
  0.00000000e+00 2.86399685e-01 0.00000000e+00 0.00000000e+00
  0.00000000e+00 7.33049082e-02 0.00000000e+00 0.00000000e+00]
 [8.40870743e-02 2.19375685e-01 1.53855615e-01 8.78230550e-02
  0.00000000e+00 1.26002202e-01 0.00000000e+00 0.00000000e+00
  0.00000000e+00 4.31550895e-02 0.00000000e+00 0.00000000e+00]
 [0.00000000e+00 0.00000000e+00 2.27755173e-02 0.00000000e+00
  1.08864880e-01 2.40940345e-01 0.00000000e+00 0.00000000e+00
  2.83583318e-02 1.88275235e-01 0.00000000e+00 0.00000000e+00]
 [1.55093994e-01 0.00000000e+00 1.51479701e-02 1.45284558e-01
  0.00000000e+00 0.00000000e+00 1.22727040e-01 0.00000000e+00
  0.00000000e+00 9.82184207e-02 0.00000000e+00 1.91814991e-05]
 [3.25456417e-01 0.00000000e+00 9.39712693e-02 1.24295538e-01
  8.75235687e-02 0.00000000e+00 1.48535512e-01 0.00000000e+00
  0.00000000e+00 3.27495112e-01 0.00000000e+00 0.00000000e+00]
 [1.59192605e-01 0.00000000e+00 0.00000000e+00 0.00000000e+00
  2.04348761e-02 3.27647649e-01 0.00000000e+00 2.04681416e-02
  0.00000000e+00 1.56968924e-01 0.00000000e+00 3.84939917e-04]
 [2.09308987e-01 0.00000000e+00 5.49936083e-02 1.12145563e-01
  0.00000000e+00 0.00000000e+00 6.06463991e-02 0.00000000e+00
  0.00000000e+00 4.23019362e-01 0.00000000e+00 0.00000000e+00]
 [2.00508939e-01 2.65603402e-01 3.07630025e-01 3.07999581e-01
  3.90134798e-01 4.04623110e-01 7.40380907e-01 1.61166264e-01
  2.08271507e-01 4.04295484e-02 0.00000000e+00 0.00000000e+00]]